header

title = "planar counterflow diffusion flame"
author = ""
date = "Wed Aug 14 12:11:30 2013"

fuel = "C3H8"
pressure = 1 [bar]
strainrate = 100 [1/s]
chiStoichAnal = 2.83298 [1/s]
chiStoichAnalKW = 4.43018 [1/s]
FlameLocZ = 0.0822417 [K]
FlameLocBilger = 0.0710701 [K]
Tmax = 1996.56 [K]
stoichScalarDissRate = 4.62758 [1/s]
stoichScalarDissRateBilger = 2.6723 [1/s]

OxidizerSide
begin
	Temperature = 300 [K]
	Massfraction-N2 = 0.76708
	Massfraction-O2 = 0.23292
	Molefraction-N2 = 0.79
	Molefraction-O2 = 0.21
end

FuelSide
begin
	Temperature = 300 [K]
	Massfraction-C3H8 = 1
	Molefraction-C3H8 = 1
end

numOfSpecies = 31
gridPoints = 141

body
eta
	0.000000e+00	1.629369e-01	3.241788e-01	4.817090e-01	6.340797e-01
	7.807668e-01	9.216264e-01	1.056605e+00	1.185731e+00	1.309099e+00
	1.426863e+00	1.539219e+00	1.646390e+00	1.748619e+00	1.846159e+00
	1.939262e+00	2.028175e+00	2.113141e+00	2.194389e+00	2.272135e+00
	2.346587e+00	2.417936e+00	2.486365e+00	2.552046e+00	2.615142e+00
	2.675817e+00	2.734236e+00	2.790584e+00	2.845090e+00	2.898027e+00
	2.949698e+00	3.000297e+00	3.049683e+00	3.097453e+00	3.143436e+00
	3.187960e+00	3.231458e+00	3.273984e+00	3.315274e+00	3.355203e+00
	3.393991e+00	3.432060e+00	3.469795e+00	3.507455e+00	3.545234e+00
	3.583356e+00	3.622051e+00	3.661443e+00	3.701517e+00	3.742176e+00
	3.783307e+00	3.824699e+00	3.865809e+00	3.905668e+00	3.943117e+00
	3.977245e+00	4.007650e+00	4.034407e+00	4.057895e+00	4.078608e+00
	4.097026e+00	4.113559e+00	4.128533e+00	4.142203e+00	4.154786e+00
	4.166481e+00	4.177492e+00	4.188033e+00	4.198297e+00	4.208387e+00
	4.218274e+00	4.227836e+00	4.236951e+00	4.245542e+00	4.253598e+00
	4.261177e+00	4.268379e+00	4.275302e+00	4.282011e+00	4.288525e+00
	4.294834e+00	4.300939e+00	4.306867e+00	4.312657e+00	4.318345e+00
	4.323952e+00	4.329496e+00	4.334995e+00	4.340467e+00	4.345926e+00
	4.351388e+00	4.356890e+00	4.362502e+00	4.368302e+00	4.374318e+00
	4.380522e+00	4.386890e+00	4.393493e+00	4.400558e+00	4.408486e+00
	4.417843e+00	4.429437e+00	4.444103e+00	4.462157e+00	4.483415e+00
	4.507338e+00	4.533049e+00	4.559689e+00	4.586687e+00	4.613800e+00
	4.641050e+00	4.668613e+00	4.696781e+00	4.726016e+00	4.757032e+00
	4.790849e+00	4.828756e+00	4.872023e+00	4.921320e+00	4.976258e+00
	5.035684e+00	5.098971e+00	5.167237e+00	5.243471e+00	5.331769e+00
	5.435627e+00	5.555776e+00	5.689244e+00	5.830689e+00	5.975463e+00
	6.121493e+00	6.268503e+00	6.416913e+00	6.567285e+00	6.720005e+00
	6.875222e+00	7.032868e+00	7.192736e+00	7.354459e+00	7.517204e+00
	7.680054e+00
y [m]
	-3.266960e-03	-3.224141e-03	-3.181706e-03	-3.140171e-03	-3.099900e-03
	-3.061011e-03	-3.023516e-03	-2.987401e-03	-2.952625e-03	-2.919124e-03
	-2.886818e-03	-2.855609e-03	-2.825393e-03	-2.796057e-03	-2.767489e-03
	-2.739576e-03	-2.712208e-03	-2.685283e-03	-2.658702e-03	-2.632377e-03
	-2.606225e-03	-2.580172e-03	-2.554150e-03	-2.528099e-03	-2.501963e-03
	-2.475688e-03	-2.449217e-03	-2.422482e-03	-2.395387e-03	-2.367801e-03
	-2.339556e-03	-2.310521e-03	-2.280757e-03	-2.250513e-03	-2.219938e-03
	-2.188859e-03	-2.156985e-03	-2.124274e-03	-2.090939e-03	-2.057122e-03
	-2.022680e-03	-1.987251e-03	-1.950439e-03	-1.911911e-03	-1.871352e-03
	-1.828364e-03	-1.782481e-03	-1.733302e-03	-1.680558e-03	-1.624081e-03
	-1.563735e-03	-1.499569e-03	-1.432256e-03	-1.363434e-03	-1.295459e-03
	-1.230635e-03	-1.170520e-03	-1.115747e-03	-1.066211e-03	-1.021391e-03
	-9.806413e-04	-9.433444e-04	-9.089788e-04	-8.771183e-04	-8.473845e-04
	-8.193969e-04	-7.927394e-04	-7.669399e-04	-7.415553e-04	-7.163502e-04
	-6.914088e-04	-6.670558e-04	-6.436335e-04	-6.213677e-04	-6.003222e-04
	-5.803767e-04	-5.612937e-04	-5.428287e-04	-5.248234e-04	-5.072418e-04
	-4.901173e-04	-4.734611e-04	-4.572137e-04	-4.412722e-04	-4.255492e-04
	-4.099911e-04	-3.945577e-04	-3.792054e-04	-3.638904e-04	-3.485793e-04
	-3.332361e-04	-3.177641e-04	-3.019710e-04	-2.856517e-04	-2.687357e-04
	-2.513177e-04	-2.334806e-04	-2.150395e-04	-1.953851e-04	-1.734342e-04
	-1.476888e-04	-1.160450e-04	-7.644298e-05	-2.837371e-05	2.723484e-05
	8.848622e-05	1.526664e-04	2.172722e-04	2.806845e-04	3.421841e-04
	4.017183e-04	4.595586e-04	5.161666e-04	5.722385e-04	6.287735e-04
	6.870317e-04	7.483022e-04	8.133169e-04	8.815023e-04	9.508366e-04
	1.018890e-03	1.084520e-03	1.148605e-03	1.213316e-03	1.280900e-03
	1.352369e-03	1.426721e-03	1.501505e-03	1.574234e-03	1.643715e-03
	1.710216e-03	1.774626e-03	1.837859e-03	1.900673e-03	1.963589e-03
	2.026930e-03	2.090852e-03	2.155401e-03	2.220520e-03	2.285938e-03
	2.351326e-03
f
	-3.450396e+00	-3.318566e+00	-3.188068e+00	-3.060514e+00	-2.937052e+00
	-2.818078e+00	-2.703676e+00	-2.593846e+00	-2.488520e+00	-2.387567e+00
	-2.290805e+00	-2.198014e+00	-2.108948e+00	-2.023345e+00	-1.940938e+00
	-1.861459e+00	-1.784651e+00	-1.710266e+00	-1.638071e+00	-1.567850e+00
	-1.499406e+00	-1.432556e+00	-1.367137e+00	-1.302998e+00	-1.240002e+00
	-1.178017e+00	-1.116908e+00	-1.056520e+00	-9.966441e-01	-9.370062e-01
	-8.772811e-01	-8.172464e-01	-7.570855e-01	-6.973459e-01	-6.383314e-01
	-5.797089e-01	-5.209621e-01	-4.620669e-01	-4.034547e-01	-3.454016e-01
	-2.876745e-01	-2.297080e-01	-1.709390e-01	-1.109633e-01	-4.945184e-02
	1.399671e-02	7.981672e-02	1.482851e-01	2.194296e-01	2.931136e-01
	3.691406e-01	4.470869e-01	5.258364e-01	6.033472e-01	6.771023e-01
	7.450061e-01	8.059834e-01	8.599674e-01	9.075673e-01	9.496820e-01
	9.872204e-01	1.020974e+00	1.051580e+00	1.079545e+00	1.105296e+00
	1.129235e+00	1.151772e+00	1.173342e+00	1.194337e+00	1.214962e+00
	1.235156e+00	1.254671e+00	1.273252e+00	1.290747e+00	1.307133e+00
	1.322530e+00	1.337141e+00	1.351170e+00	1.364746e+00	1.377907e+00
	1.390638e+00	1.402939e+00	1.414863e+00	1.426493e+00	1.437900e+00
	1.449127e+00	1.460208e+00	1.471180e+00	1.482079e+00	1.492932e+00
	1.503770e+00	1.514665e+00	1.525757e+00	1.537194e+00	1.549029e+00
	1.561203e+00	1.573664e+00	1.586549e+00	1.600292e+00	1.615660e+00
	1.633716e+00	1.655964e+00	1.683898e+00	1.717955e+00	1.757583e+00
	1.801562e+00	1.848092e+00	1.895496e+00	1.942699e+00	1.989251e+00
	2.035182e+00	2.080769e+00	2.126462e+00	2.172940e+00	2.221214e+00
	2.272662e+00	2.328909e+00	2.391358e+00	2.460400e+00	2.534944e+00
	2.613054e+00	2.693696e+00	2.778090e+00	2.869549e+00	2.972331e+00
	3.089665e+00	3.221641e+00	3.364703e+00	3.513363e+00	3.663279e+00
	3.812865e+00	3.962291e+00	4.112316e+00	4.263748e+00	4.417147e+00
	4.572785e+00	4.730680e+00	4.890685e+00	5.052476e+00	5.215246e+00
	5.378096e+00
df/deta
	8.089298e-01	8.090826e-01	8.093321e-01	8.097139e-01	8.102735e-01
	8.110695e-01	8.121760e-01	8.136812e-01	8.156869e-01	8.183060e-01
	8.216592e-01	8.258709e-01	8.310647e-01	8.373582e-01	8.448596e-01
	8.536635e-01	8.638482e-01	8.754742e-01	8.885826e-01	9.031957e-01
	9.193175e-01	9.369344e-01	9.560177e-01	9.765254e-01	9.984049e-01
	1.021598e+00	1.046044e+00	1.071695e+00	1.098530e+00	1.126571e+00
	1.155878e+00	1.186475e+00	1.218178e+00	1.250584e+00	1.283393e+00
	1.316655e+00	1.350538e+00	1.384944e+00	1.419505e+00	1.453934e+00
	1.488251e+00	1.522673e+00	1.557412e+00	1.592572e+00	1.628195e+00
	1.664331e+00	1.701007e+00	1.738109e+00	1.775338e+00	1.812264e+00
	1.848398e+00	1.883124e+00	1.915569e+00	1.944658e+00	1.969483e+00
	1.989679e+00	2.005489e+00	2.017536e+00	2.026560e+00	2.033241e+00
	2.038125e+00	2.041626e+00	2.044052e+00	2.045629e+00	2.046530e+00
	2.046882e+00	2.046780e+00	2.046279e+00	2.045409e+00	2.044179e+00
	2.042609e+00	2.040743e+00	2.038641e+00	2.036370e+00	2.033980e+00
	2.031500e+00	2.028935e+00	2.026274e+00	2.023513e+00	2.020660e+00
	2.017734e+00	2.014749e+00	2.011706e+00	2.008596e+00	2.005408e+00
	2.002137e+00	1.998778e+00	1.995325e+00	1.991768e+00	1.988102e+00
	1.984317e+00	1.980387e+00	1.976260e+00	1.971872e+00	1.967191e+00
	1.962229e+00	1.957000e+00	1.951436e+00	1.945331e+00	1.938299e+00
	1.929769e+00	1.918874e+00	1.904617e+00	1.886418e+00	1.864189e+00
	1.838315e+00	1.809712e+00	1.779449e+00	1.748376e+00	1.717001e+00
	1.685518e+00	1.653936e+00	1.622129e+00	1.589804e+00	1.556453e+00
	1.521369e+00	1.483800e+00	1.443349e+00	1.400521e+00	1.356887e+00
	1.314401e+00	1.274225e+00	1.236254e+00	1.199707e+00	1.164045e+00
	1.129753e+00	1.098430e+00	1.071881e+00	1.051020e+00	1.035519e+00
	1.024348e+00	1.016428e+00	1.010883e+00	1.007052e+00	1.004448e+00
	1.002712e+00	1.001580e+00	1.000861e+00	1.000416e+00	1.000151e+00
	1.000000e+00
Z
	1.000000e+00	9.999457e-01	9.998543e-01	9.997063e-01	9.994752e-01
	9.991263e-01	9.986157e-01	9.978908e-01	9.968910e-01	9.955488e-01
	9.937920e-01	9.915462e-01	9.887371e-01	9.852927e-01	9.811455e-01
	9.762343e-01	9.705058e-01	9.639150e-01	9.564262e-01	9.480131e-01
	9.386589e-01	9.283562e-01	9.171060e-01	9.049176e-01	8.918072e-01
	8.777957e-01	8.629061e-01	8.471564e-01	8.305484e-01	8.130595e-01
	7.946421e-01	7.752719e-01	7.550590e-01	7.342577e-01	7.130638e-01
	6.914512e-01	6.693133e-01	6.467192e-01	6.239170e-01	6.011024e-01
	5.782719e-01	5.552861e-01	5.320051e-01	5.083561e-01	4.843057e-01
	4.598048e-01	4.348146e-01	4.093879e-01	3.836871e-01	3.579364e-01
	3.323810e-01	3.073281e-01	2.832594e-01	2.608303e-01	2.406713e-01
	2.231387e-01	2.082314e-01	1.956882e-01	1.851306e-01	1.761749e-01
	1.684907e-01	1.618159e-01	1.559505e-01	1.507430e-01	1.460724e-01
	1.418346e-01	1.379342e-01	1.342796e-01	1.307941e-01	1.274365e-01
	1.242108e-01	1.211500e-01	1.182854e-01	1.156314e-01	1.131825e-01
	1.109132e-01	1.087875e-01	1.067715e-01	1.048435e-01	1.029956e-01
	1.012278e-01	9.953799e-02	9.791687e-02	9.635173e-02	9.483199e-02
	9.335093e-02	9.190340e-02	9.048420e-02	8.908836e-02	8.771207e-02
	8.635142e-02	8.499739e-02	8.363320e-02	8.224174e-02	8.081802e-02
	7.937091e-02	7.790790e-02	7.641460e-02	7.484375e-02	7.311372e-02
	7.111644e-02	6.870753e-02	6.576283e-02	6.229142e-02	5.841397e-02
	5.431160e-02	5.019841e-02	4.624484e-02	4.254207e-02	3.911500e-02
	3.594759e-02	3.300854e-02	3.026124e-02	2.766348e-02	2.516655e-02
	2.271999e-02	2.028364e-02	1.785020e-02	1.546549e-02	1.321809e-02
	1.118966e-02	9.403561e-03	7.824132e-03	6.396894e-03	5.087066e-03
	3.900967e-03	2.877847e-03	2.054112e-03	1.433883e-03	9.878970e-04
	6.739619e-04	4.548324e-04	3.027474e-04	1.979690e-04	1.265688e-04
	7.859905e-05	4.689962e-05	2.632087e-05	1.320691e-05	5.017989e-06
	0.000000e+00
temperature [K]
	3.000000e+02	3.000746e+02	3.001998e+02	3.004026e+02	3.007189e+02
	3.011961e+02	3.018936e+02	3.028823e+02	3.042438e+02	3.060673e+02
	3.084467e+02	3.114767e+02	3.152483e+02	3.198455e+02	3.253415e+02
	3.317962e+02	3.392553e+02	3.477489e+02	3.572932e+02	3.678904e+02
	3.795319e+02	3.921992e+02	4.058670e+02	4.205054e+02	4.360825e+02
	4.525673e+02	4.699343e+02	4.881710e+02	5.072910e+02	5.273433e+02
	5.484128e+02	5.705668e+02	5.937293e+02	6.176670e+02	6.422163e+02
	6.674736e+02	6.936380e+02	7.207117e+02	7.484822e+02	7.767892e+02
	8.057136e+02	8.355194e+02	8.664981e+02	8.988819e+02	9.328797e+02
	9.687562e+02	1.006816e+03	1.047304e+03	1.090309e+03	1.135781e+03
	1.183602e+03	1.233481e+03	1.284636e+03	1.335620e+03	1.384611e+03
	1.430045e+03	1.471062e+03	1.507529e+03	1.539815e+03	1.568516e+03
	1.594252e+03	1.617572e+03	1.638924e+03	1.658666e+03	1.677103e+03
	1.694525e+03	1.711232e+03	1.727554e+03	1.743806e+03	1.760169e+03
	1.776614e+03	1.792926e+03	1.808851e+03	1.824181e+03	1.838806e+03
	1.852737e+03	1.866073e+03	1.878919e+03	1.891322e+03	1.903239e+03
	1.914586e+03	1.925298e+03	1.935362e+03	1.944790e+03	1.953582e+03
	1.961707e+03	1.969127e+03	1.975797e+03	1.981665e+03	1.986665e+03
	1.990728e+03	1.993789e+03	1.995771e+03	1.996556e+03	1.995991e+03
	1.993970e+03	1.990475e+03	1.985508e+03	1.978930e+03	1.970339e+03
	1.959023e+03	1.943834e+03	1.923427e+03	1.896929e+03	1.863887e+03
	1.824226e+03	1.778603e+03	1.728130e+03	1.673925e+03	1.616849e+03
	1.557394e+03	1.495804e+03	1.432098e+03	1.365973e+03	1.296687e+03
	1.223126e+03	1.144197e+03	1.059789e+03	9.719295e+02	8.847467e+02
	8.025925e+02	7.276921e+02	6.595874e+02	5.966297e+02	5.377413e+02
	4.835530e+02	4.361863e+02	3.976469e+02	3.683961e+02	3.472398e+02
	3.322853e+02	3.218158e+02	3.145342e+02	3.095101e+02	3.060829e+02
	3.037786e+02	3.022552e+02	3.012658e+02	3.006352e+02	3.002414e+02
	3.000000e+02
massfraction-N2
	1.000000e-60	5.968841e-04	1.378549e-03	2.376464e-03	3.619450e-03
	5.136994e-03	6.957599e-03	9.106248e-03	1.160382e-02	1.446690e-02
	1.770786e-02	2.133530e-02	2.535450e-02	2.976803e-02	3.457636e-02
	3.977833e-02	4.537160e-02	5.135307e-02	5.771904e-02	6.446548e-02
	7.158811e-02	7.908254e-02	8.694431e-02	9.516915e-02	1.037532e-01
	1.126940e-01	1.219914e-01	1.316520e-01	1.416940e-01	1.521529e-01
	1.630804e-01	1.745169e-01	1.864273e-01	1.986948e-01	2.112378e-01
	2.241060e-01	2.373987e-01	2.511127e-01	2.651348e-01	2.793776e-01
	2.938744e-01	3.087475e-01	3.241285e-01	3.401144e-01	3.567847e-01
	3.742581e-01	3.925986e-01	4.118780e-01	4.320647e-01	4.530608e-01
	4.747282e-01	4.968405e-01	5.189583e-01	5.403879e-01	5.603488e-01
	5.782519e-01	5.938566e-01	6.072322e-01	6.186318e-01	6.283696e-01
	6.367418e-01	6.439965e-01	6.503300e-01	6.558958e-01	6.608199e-01
	6.652132e-01	6.691775e-01	6.728085e-01	6.761841e-01	6.793449e-01
	6.822895e-01	6.849954e-01	6.874480e-01	6.896518e-01	6.916286e-01
	6.934144e-01	6.950499e-01	6.965701e-01	6.979986e-01	6.993465e-01
	7.006183e-01	7.018194e-01	7.029590e-01	7.040483e-01	7.050958e-01
	7.061071e-01	7.070862e-01	7.080369e-01	7.089626e-01	7.098660e-01
	7.107498e-01	7.116199e-01	7.124875e-01	7.133639e-01	7.142529e-01
	7.151503e-01	7.160535e-01	7.169734e-01	7.179414e-01	7.190104e-01
	7.202513e-01	7.217616e-01	7.236323e-01	7.258744e-01	7.284205e-01
	7.311480e-01	7.338973e-01	7.365340e-01	7.389826e-01	7.412201e-01
	7.432569e-01	7.451170e-01	7.468293e-01	7.484265e-01	7.499455e-01
	7.514237e-01	7.528921e-01	7.543621e-01	7.558130e-01	7.571969e-01
	7.584674e-01	7.596114e-01	7.606518e-01	7.616249e-01	7.625567e-01
	7.634445e-01	7.642563e-01	7.649519e-01	7.655094e-01	7.659354e-01
	7.662534e-01	7.664887e-01	7.666621e-01	7.667894e-01	7.668820e-01
	7.669489e-01	7.669966e-01	7.670300e-01	7.670532e-01	7.670690e-01
	7.670796e-01
massfraction-O2
	1.000000e-60	3.695957e-07	8.558093e-07	1.479196e-06	2.258768e-06
	3.214011e-06	4.363812e-06	5.724811e-06	7.310965e-06	9.133370e-06
	1.120030e-05	1.351742e-05	1.608809e-05	1.891378e-05	2.199441e-05
	2.532871e-05	2.891455e-05	3.274919e-05	3.682944e-05	4.115184e-05
	4.571277e-05	5.050850e-05	5.553528e-05	6.078951e-05	6.626787e-05
	7.196792e-05	7.788892e-05	8.403411e-05	9.041454e-05	9.705184e-05
	1.039780e-04	1.112178e-04	1.187481e-04	1.264944e-04	1.344049e-04
	1.425107e-04	1.508739e-04	1.594922e-04	1.682943e-04	1.772255e-04
	1.863068e-04	1.956149e-04	2.052323e-04	2.152198e-04	2.256271e-04
	2.365290e-04	2.479659e-04	2.599848e-04	2.725697e-04	2.856665e-04
	2.992013e-04	3.130551e-04	3.269925e-04	3.406434e-04	3.536104e-04
	3.656352e-04	3.766813e-04	3.868943e-04	3.965182e-04	4.058237e-04
	4.150670e-04	4.244759e-04	4.342500e-04	4.445679e-04	4.556089e-04
	4.675853e-04	4.807864e-04	4.956400e-04	5.127326e-04	5.327297e-04
	5.562215e-04	5.836095e-04	6.151409e-04	6.509934e-04	6.913947e-04
	7.368482e-04	7.882745e-04	8.469692e-04	9.143916e-04	9.918893e-04
	1.080647e-03	1.181993e-03	1.297842e-03	1.430868e-03	1.584314e-03
	1.761848e-03	1.967750e-03	2.207209e-03	2.486466e-03	2.812755e-03
	3.194630e-03	3.643900e-03	4.178456e-03	4.821921e-03	5.597810e-03
	6.523383e-03	7.613363e-03	8.897116e-03	1.044207e-02	1.237786e-02
	1.491477e-02	1.838974e-02	2.321823e-02	2.966977e-02	3.777036e-02
	4.729187e-02	5.775885e-02	6.864474e-02	7.954096e-02	9.020111e-02
	1.005166e-01	1.104564e-01	1.200362e-01	1.293179e-01	1.384089e-01
	1.474419e-01	1.565245e-01	1.656517e-01	1.746286e-01	1.831125e-01
	1.907920e-01	1.975716e-01	2.035774e-01	2.090089e-01	2.139920e-01
	2.184968e-01	2.223688e-01	2.254679e-01	2.277819e-01	2.294280e-01
	2.305720e-01	2.313593e-01	2.318972e-01	2.322616e-01	2.325057e-01
	2.326668e-01	2.327713e-01	2.328379e-01	2.328795e-01	2.329050e-01
	2.329204e-01
massfraction-H
	1.000000e-60	1.840652e-18	3.875396e-18	6.070165e-18	8.357608e-18
	1.071959e-17	1.321344e-17	1.597355e-17	1.921700e-17	2.326609e-17
	2.859864e-17	3.594000e-17	4.642239e-17	6.185831e-17	8.521140e-17
	1.214113e-16	1.787684e-16	2.714316e-16	4.236447e-16	6.770704e-16
	1.103263e-15	1.824614e-15	3.048931e-15	5.125365e-15	8.632952e-15
	1.451808e-14	2.430504e-14	4.042026e-14	6.670610e-14	1.092540e-13
	1.777627e-13	2.874686e-13	4.609711e-13	7.296222e-13	1.137434e-12
	1.751479e-12	2.675357e-12	4.057517e-12	6.099348e-12	9.085996e-12
	1.345762e-11	1.992238e-11	2.962350e-11	4.441532e-11	6.738816e-11
	1.039100e-10	1.635438e-10	2.636165e-10	4.359908e-10	7.407971e-10
	1.295199e-09	2.331655e-09	4.304435e-09	8.054925e-09	1.501219e-08
	2.736285e-08	4.812651e-08	8.114785e-08	1.311354e-07	2.038516e-07
	3.064150e-07	4.476265e-07	6.381831e-07	8.907365e-07	1.220121e-06
	1.644200e-06	2.185837e-06	2.876613e-06	3.759275e-06	4.883043e-06
	6.290176e-06	8.001763e-06	1.001542e-05	1.231202e-05	1.486780e-05
	1.767200e-05	2.073471e-05	2.407969e-05	2.772732e-05	3.167816e-05
	3.591320e-05	4.041148e-05	4.516729e-05	5.018884e-05	5.548219e-05
	6.104147e-05	6.685187e-05	7.289323e-05	7.913675e-05	8.553793e-05
	9.203950e-05	9.859431e-05	1.051762e-04	1.117352e-04	1.181316e-04
	1.241426e-04	1.295601e-04	1.342718e-04	1.382320e-04	1.413431e-04
	1.432906e-04	1.433896e-04	1.404950e-04	1.335492e-04	1.224183e-04
	1.080961e-04	9.231165e-05	7.671852e-05	6.238809e-05	4.979872e-05
	3.903333e-05	2.999041e-05	2.249789e-05	1.636299e-05	1.140392e-05
	7.477644e-06	4.493581e-06	2.397270e-06	1.104751e-06	4.363440e-07
	1.501922e-07	4.632040e-08	1.323249e-08	3.711644e-09	1.102231e-09
	3.554919e-10	1.221416e-10	4.460781e-11	1.753336e-11	7.427003e-12
	3.341099e-12	1.563508e-12	7.457412e-13	3.557083e-13	1.665764e-13
	7.501544e-14	3.157600e-14	1.183187e-14	3.551039e-15	6.166211e-16
	1.000000e-60
massfraction-OH
	1.000000e-60	3.632438e-23	1.924957e-22	5.708726e-22	1.329682e-21
	2.713306e-21	5.102849e-21	9.101085e-21	1.568347e-20	2.646852e-20
	4.420584e-20	7.366356e-20	1.232538e-19	2.080279e-19	3.552164e-19
	6.144795e-19	1.076819e-18	1.909248e-18	3.417741e-18	6.160161e-18
	1.114603e-17	2.018482e-17	3.648466e-17	6.566970e-17	1.174961e-16
	2.087475e-16	3.681713e-16	6.451288e-16	1.125451e-15	1.961812e-15
	3.434174e-15	6.067430e-15	1.083969e-14	1.954489e-14	3.553060e-14
	6.534321e-14	1.220216e-13	2.307423e-13	4.381146e-13	8.294936e-13
	1.564754e-12	2.951130e-12	5.586686e-12	1.064472e-11	2.046677e-11
	3.986935e-11	7.904242e-11	1.599958e-10	3.308753e-10	6.982696e-10
	1.501214e-09	3.275847e-09	7.185510e-09	1.556674e-08	3.259690e-08
	6.480458e-08	1.212004e-07	2.131773e-07	3.547368e-07	5.634525e-07
	8.621124e-07	1.280891e-06	1.859825e-06	2.651648e-06	3.726134e-06
	5.177913e-06	7.140839e-06	9.814464e-06	1.349590e-05	1.859141e-05
	2.558084e-05	3.493988e-05	4.707519e-05	6.229142e-05	8.081208e-05
	1.028940e-04	1.289309e-04	1.594503e-04	1.949888e-04	2.359152e-04
	2.823872e-04	3.345228e-04	3.926330e-04	4.572806e-04	5.291400e-04
	6.088913e-04	6.972730e-04	7.951578e-04	9.035236e-04	1.023322e-03
	1.155465e-03	1.301264e-03	1.462840e-03	1.642262e-03	1.839326e-03
	2.050234e-03	2.269381e-03	2.492968e-03	2.720818e-03	2.954837e-03
	3.193950e-03	3.429343e-03	3.633367e-03	3.759207e-03	3.765684e-03
	3.635985e-03	3.383508e-03	3.043287e-03	2.655410e-03	2.253710e-03
	1.862213e-03	1.496802e-03	1.167285e-03	8.787904e-04	6.332891e-04
	4.314315e-04	2.737314e-04	1.600496e-04	8.683958e-05	4.526426e-05
	2.391720e-05	1.335347e-05	7.931043e-06	4.921993e-06	3.123619e-06
	2.002698e-06	1.296870e-06	8.535643e-07	5.744913e-07	3.956492e-07
	2.773015e-07	1.962394e-07	1.391006e-07	9.799072e-08	6.805973e-08
	4.616689e-08	3.017080e-08	1.854296e-08	1.016083e-08	4.193013e-09
	1.000000e-60
massfraction-O
	1.000000e-60	1.830843e-24	8.465814e-24	2.205057e-23	4.445606e-23
	7.734940e-23	1.226306e-22	1.830962e-22	2.633726e-22	3.712425e-22
	5.196853e-22	7.301932e-22	1.038358e-21	1.503474e-21	2.225193e-21
	3.372514e-21	5.234128e-21	8.305475e-21	1.343804e-20	2.209266e-20
	3.676342e-20	6.167558e-20	1.039133e-19	1.752055e-19	2.946971e-19
	4.931791e-19	8.194945e-19	1.350374e-18	2.206147e-18	3.576631e-18
	5.764468e-18	9.249710e-18	1.476073e-17	2.335379e-17	3.661670e-17
	5.717914e-17	8.955827e-17	1.412956e-16	2.248603e-16	3.618463e-16
	5.921788e-16	9.930647e-16	1.717858e-15	3.078507e-15	5.730368e-15
	1.110865e-14	2.247771e-14	4.749793e-14	1.046016e-13	2.393029e-13
	5.672008e-13	1.387310e-12	3.464489e-12	8.653675e-12	2.104687e-11
	4.864161e-11	1.052339e-10	2.122135e-10	4.005246e-10	7.136021e-10
	1.211933e-09	1.979664e-09	3.133342e-09	4.833479e-09	7.302962e-09
	1.086084e-08	1.598762e-08	2.345486e-08	3.453739e-08	5.128317e-08
	7.678658e-08	1.154349e-07	1.732152e-07	2.580796e-07	3.805192e-07
	5.550158e-07	8.025090e-07	1.153410e-06	1.650243e-06	2.349003e-06
	3.320809e-06	4.657774e-06	6.485669e-06	8.980353e-06	1.238298e-05
	1.701685e-05	2.331394e-05	3.185119e-05	4.338594e-05	5.887635e-05
	7.949852e-05	1.067397e-04	1.425709e-04	1.893828e-04	2.493056e-04
	3.232403e-04	4.107695e-04	5.114887e-04	6.266252e-04	7.596256e-04
	9.147632e-04	1.095599e-03	1.297093e-03	1.496378e-03	1.660258e-03
	1.758863e-03	1.777179e-03	1.719406e-03	1.602034e-03	1.444684e-03
	1.264643e-03	1.075542e-03	8.876365e-04	7.082779e-04	5.426286e-04
	3.948714e-04	2.694441e-04	1.711687e-04	1.025975e-04	6.047300e-05
	3.683159e-05	2.379558e-05	1.624023e-05	1.148776e-05	8.260005e-06
	5.962406e-06	4.304486e-06	3.114507e-06	2.266874e-06	1.661367e-06
	1.222152e-06	8.977258e-07	6.547264e-07	4.713082e-07	3.327115e-07
	2.284314e-07	1.506178e-07	9.317644e-08	5.130549e-08	2.125124e-08
	1.000000e-60
massfraction-H2
	1.000000e-60	2.119957e-05	4.387250e-05	6.773514e-05	9.250899e-05
	1.180136e-04	1.441149e-04	1.706893e-04	1.976277e-04	2.248378e-04
	2.522458e-04	2.797953e-04	3.074466e-04	3.351747e-04	3.629669e-04
	3.908205e-04	4.187408e-04	4.467389e-04	4.748301e-04	5.030325e-04
	5.313657e-04	5.598499e-04	5.885061e-04	6.173553e-04	6.464198e-04
	6.757249e-04	7.053032e-04	7.352041e-04	7.655103e-04	7.963476e-04
	8.278804e-04	8.602322e-04	8.933134e-04	9.268232e-04	9.605757e-04
	9.947416e-04	1.029613e-03	1.065209e-03	1.101265e-03	1.137598e-03
	1.174333e-03	1.211815e-03	1.250410e-03	1.290399e-03	1.332020e-03
	1.375645e-03	1.421449e-03	1.469722e-03	1.520494e-03	1.573652e-03
	1.629004e-03	1.686147e-03	1.744116e-03	1.801205e-03	1.855320e-03
	1.904686e-03	1.948328e-03	1.986067e-03	2.018255e-03	2.045471e-03
	2.068294e-03	2.087207e-03	2.102572e-03	2.114643e-03	2.123606e-03
	2.129585e-03	2.132632e-03	2.132677e-03	2.129476e-03	2.122635e-03
	2.111800e-03	2.096879e-03	2.078122e-03	2.056020e-03	2.031137e-03
	2.003888e-03	1.974449e-03	1.942842e-03	1.909110e-03	1.873459e-03
	1.836227e-03	1.797713e-03	1.758022e-03	1.717098e-03	1.674863e-03
	1.631280e-03	1.586320e-03	1.539925e-03	1.492024e-03	1.442582e-03
	1.391569e-03	1.338783e-03	1.283722e-03	1.225886e-03	1.165367e-03
	1.103029e-03	1.039864e-03	9.760434e-04	9.104947e-04	8.411381e-04
	7.657735e-04	6.824773e-04	5.921016e-04	5.001629e-04	4.128034e-04
	3.342463e-04	2.669695e-04	2.115230e-04	1.670297e-04	1.319663e-04
	1.047038e-04	8.380000e-05	6.802752e-05	5.632444e-05	4.777128e-05
	4.158967e-05	3.712654e-05	3.382731e-05	3.123217e-05	2.901965e-05
	2.702234e-05	2.515687e-05	2.335117e-05	2.152764e-05	1.962053e-05
	1.760913e-05	1.554074e-05	1.351209e-05	1.161924e-05	9.912293e-06
	8.392353e-06	7.039828e-06	5.833194e-06	4.754730e-06	3.791647e-06
	2.934613e-06	2.176241e-06	1.509805e-06	9.288392e-07	4.277293e-07
	1.000000e-60
massfraction-H2O
	1.000000e-60	1.024205e-04	2.366182e-04	4.080009e-04	6.214969e-04
	8.821100e-04	1.194617e-03	1.563113e-03	1.990886e-03	2.480363e-03
	3.033114e-03	3.649893e-03	4.330726e-03	5.075007e-03	5.881599e-03
	6.748939e-03	7.675138e-03	8.658063e-03	9.695419e-03	1.078482e-02
	1.192382e-02	1.311003e-02	1.434108e-02	1.561476e-02	1.692902e-02
	1.828213e-02	1.967292e-02	2.110122e-02	2.256874e-02	2.407959e-02
	2.564014e-02	2.725497e-02	2.891808e-02	3.061260e-02	3.232729e-02
	3.406908e-02	3.585135e-02	3.767357e-02	3.952084e-02	4.138224e-02
	4.326280e-02	4.517889e-02	4.714773e-02	4.918186e-02	5.129149e-02
	5.349215e-02	5.579145e-02	5.819937e-02	6.071296e-02	6.332167e-02
	6.601060e-02	6.875456e-02	7.150234e-02	7.417098e-02	7.666545e-02
	7.891250e-02	8.088055e-02	8.257580e-02	8.402752e-02	8.527307e-02
	8.634815e-02	8.728285e-02	8.810105e-02	8.882144e-02	8.945944e-02
	9.002862e-02	9.054153e-02	9.100992e-02	9.144310e-02	9.184540e-02
	9.221559e-02	9.254981e-02	9.284548e-02	9.310280e-02	9.332449e-02
	9.351500e-02	9.367919e-02	9.382097e-02	9.394279e-02	9.404581e-02
	9.413077e-02	9.419860e-02	9.425043e-02	9.428724e-02	9.430958e-02
	9.431759e-02	9.431111e-02	9.428961e-02	9.425216e-02	9.419736e-02
	9.412328e-02	9.402702e-02	9.390388e-02	9.374726e-02	9.355015e-02
	9.330705e-02	9.301328e-02	9.266035e-02	9.222900e-02	9.168185e-02
	9.095783e-02	8.995926e-02	8.856795e-02	8.671422e-02	8.440186e-02
	8.169559e-02	7.870877e-02	7.555578e-02	7.231941e-02	6.904604e-02
	6.575196e-02	6.243755e-02	5.909274e-02	5.569336e-02	5.219635e-02
	4.854303e-02	4.467660e-02	4.058436e-02	3.634714e-02	3.213928e-02
	2.814671e-02	2.445808e-02	2.103886e-02	1.779813e-02	1.467206e-02
	1.168814e-02	8.969313e-03	6.657460e-03	4.824057e-03	3.441544e-03
	2.425635e-03	1.688184e-03	1.157379e-03	7.788044e-04	5.120151e-04
	3.267300e-04	2.001606e-04	1.151973e-04	5.918387e-05	2.297809e-05
	1.000000e-60
massfraction-HO2
	1.000000e-60	4.512461e-10	1.046188e-09	1.810622e-09	2.768589e-09
	3.944853e-09	5.363588e-09	7.046360e-09	9.011582e-09	1.127428e-08
	1.384612e-08	1.673567e-08	1.994872e-08	2.348873e-08	2.735723e-08
	3.155420e-08	3.607839e-08	4.092751e-08	4.609841e-08	5.158713e-08
	5.738890e-08	6.349808e-08	6.990809e-08	7.661131e-08	8.359908e-08
	9.086196e-08	9.839054e-08	1.061776e-07	1.142222e-07	1.225318e-07
	1.311201e-07	1.399822e-07	1.490436e-07	1.581587e-07	1.672030e-07
	1.761358e-07	1.849286e-07	1.934585e-07	2.015239e-07	2.089471e-07
	2.156208e-07	2.214669e-07	2.263823e-07	2.302189e-07	2.327862e-07
	2.338571e-07	2.331025e-07	2.301863e-07	2.247702e-07	2.166039e-07
	2.056076e-07	1.920260e-07	1.767151e-07	1.613383e-07	1.480283e-07
	1.385157e-07	1.334717e-07	1.325732e-07	1.349900e-07	1.398193e-07
	1.462857e-07	1.537743e-07	1.617973e-07	1.699563e-07	1.779283e-07
	1.854643e-07	1.923892e-07	1.985940e-07	2.040017e-07	2.085434e-07
	2.122014e-07	2.150994e-07	2.175388e-07	2.199349e-07	2.227233e-07
	2.263115e-07	2.310857e-07	2.374378e-07	2.457679e-07	2.564496e-07
	2.698046e-07	2.861389e-07	3.058274e-07	3.293650e-07	3.573444e-07
	3.904258e-07	4.293615e-07	4.750431e-07	5.285154e-07	5.909472e-07
	6.636735e-07	7.485412e-07	8.483969e-07	9.669534e-07	1.107679e-06
	1.272784e-06	1.464077e-06	1.686041e-06	1.949688e-06	2.276254e-06
	2.699661e-06	3.272715e-06	4.055668e-06	5.076396e-06	6.319988e-06
	7.740151e-06	9.271695e-06	1.086132e-05	1.248456e-05	1.414380e-05
	1.586060e-05	1.766538e-05	1.959050e-05	2.166445e-05	2.390189e-05
	2.627470e-05	2.861623e-05	3.037675e-05	3.034772e-05	2.715366e-05
	2.099314e-05	1.408961e-05	8.484165e-06	4.757538e-06	2.568463e-06
	1.372056e-06	7.410354e-07	4.119563e-07	2.387171e-07	1.445084e-07
	9.065449e-08	5.821616e-08	3.778869e-08	2.449646e-08	1.567744e-08
	9.787087e-09	5.871312e-09	3.304152e-09	1.656203e-09	6.265047e-10
	1.000000e-60
massfraction-H2O2
	1.000000e-60	9.367498e-12	2.174042e-11	3.765101e-11	5.757319e-11
	8.196046e-11	1.112029e-10	1.455683e-10	1.851757e-10	2.299787e-10
	2.797607e-10	3.341403e-10	3.925878e-10	4.544491e-10	5.189762e-10
	5.853597e-10	6.527613e-10	7.203443e-10	7.872983e-10	8.528593e-10
	9.163226e-10	9.770515e-10	1.034480e-09	1.088115e-09	1.137528e-09
	1.182360e-09	1.222312e-09	1.257141e-09	1.286656e-09	1.310682e-09
	1.329009e-09	1.341330e-09	1.347263e-09	1.346567e-09	1.339245e-09
	1.325304e-09	1.304571e-09	1.276938e-09	1.242618e-09	1.201948e-09
	1.154986e-09	1.101400e-09	1.040648e-09	9.721860e-10	8.954884e-10
	8.100448e-10	7.154700e-10	6.126312e-10	5.045260e-10	3.971244e-10
	2.989747e-10	2.186371e-10	1.602366e-10	1.212429e-10	9.601421e-11
	7.997377e-11	7.019468e-11	6.468959e-11	6.205944e-11	6.137536e-11
	6.208420e-11	6.392669e-11	6.689522e-11	7.124279e-11	7.755398e-11
	8.690021e-11	1.011385e-10	1.234967e-10	1.595948e-10	2.188497e-10
	3.157931e-10	4.705407e-10	7.082545e-10	1.057790e-09	1.550733e-09
	2.223659e-09	3.122777e-09	4.307247e-09	5.847633e-09	7.819007e-09
	1.029661e-08	1.336305e-08	1.712544e-08	2.172923e-08	2.736091e-08
	3.425127e-08	4.269243e-08	5.306414e-08	6.585859e-08	8.169837e-08
	1.013732e-07	1.259691e-07	1.570825e-07	1.968823e-07	2.477610e-07
	3.117747e-07	3.906414e-07	4.868547e-07	6.054959e-07	7.560471e-07
	9.532345e-07	1.219100e-06	1.577489e-06	2.039877e-06	2.608854e-06
	3.288770e-06	4.090080e-06	5.037001e-06	6.171532e-06	7.554147e-06
	9.262787e-06	1.137454e-05	1.389625e-05	1.661149e-05	1.895138e-05
	2.015710e-05	1.976656e-05	1.799806e-05	1.557960e-05	1.316503e-05
	1.102949e-05	9.199809e-06	7.619348e-06	6.219525e-06	4.953934e-06
	3.816507e-06	2.834604e-06	2.037996e-06	1.431434e-06	9.902679e-07
	6.767645e-07	4.564777e-07	3.030427e-07	1.972735e-07	1.253589e-07
	7.727574e-08	4.572839e-08	2.543745e-08	1.264992e-08	4.765305e-09
	1.000000e-60
massfraction-CO
	1.000000e-60	4.648630e-05	1.074727e-04	1.854609e-04	2.827494e-04
	4.016893e-04	5.445527e-04	7.133313e-04	9.096868e-04	1.134933e-03
	1.390042e-03	1.675678e-03	1.992232e-03	2.339871e-03	2.718586e-03
	3.128236e-03	3.568579e-03	4.039310e-03	4.540075e-03	5.070492e-03
	5.630162e-03	6.218676e-03	6.835623e-03	7.480609e-03	8.153277e-03
	8.853372e-03	9.580848e-03	1.033615e-02	1.112067e-02	1.193711e-02
	1.278945e-02	1.368079e-02	1.460831e-02	1.556289e-02	1.653814e-02
	1.753790e-02	1.856987e-02	1.963377e-02	2.072078e-02	2.182415e-02
	2.294645e-02	2.409717e-02	2.528647e-02	2.652185e-02	2.780943e-02
	2.915841e-02	3.057368e-02	3.206086e-02	3.361757e-02	3.523638e-02
	3.690685e-02	3.861175e-02	4.031749e-02	4.197083e-02	4.351173e-02
	4.489470e-02	4.610098e-02	4.713563e-02	4.801794e-02	4.877189e-02
	4.942016e-02	4.998172e-02	5.047155e-02	5.090134e-02	5.128062e-02
	5.161775e-02	5.192032e-02	5.219534e-02	5.244826e-02	5.268142e-02
	5.289386e-02	5.308296e-02	5.324682e-02	5.338507e-02	5.349863e-02
	5.358919e-02	5.365818e-02	5.370591e-02	5.373124e-02	5.373181e-02
	5.370469e-02	5.364659e-02	5.355343e-02	5.341974e-02	5.323862e-02
	5.300193e-02	5.270023e-02	5.232252e-02	5.185623e-02	5.128771e-02
	5.060229e-02	4.978158e-02	4.879935e-02	4.762441e-02	4.623495e-02
	4.463214e-02	4.283321e-02	4.084289e-02	3.862716e-02	3.610620e-02
	3.317836e-02	2.973713e-02	2.579088e-02	2.159528e-02	1.750882e-02
	1.383678e-02	1.077085e-02	8.350811e-03	6.507351e-03	5.128733e-03
	4.103622e-03	3.339852e-03	2.765950e-03	2.327467e-03	1.983444e-03
	1.703776e-03	1.467112e-03	1.259646e-03	1.074351e-03	9.094311e-04
	7.651376e-04	6.401144e-04	5.305329e-04	4.320736e-04	3.421232e-04
	2.610274e-04	1.914132e-04	1.356802e-04	9.398872e-05	6.422890e-05
	4.344793e-05	2.906668e-05	1.917577e-05	1.242615e-05	7.872295e-06
	4.844372e-06	2.864852e-06	1.593976e-06	7.933142e-07	2.991826e-07
	1.000000e-60
massfraction-CO2
	1.000000e-60	3.488417e-05	8.516318e-05	1.555296e-04	2.511630e-04
	3.779179e-04	5.421651e-04	7.504726e-04	1.009384e-03	1.325210e-03
	1.703856e-03	2.150687e-03	2.670439e-03	3.267171e-03	3.944257e-03
	4.704400e-03	5.549669e-03	6.481549e-03	7.501000e-03	8.608509e-03
	9.804154e-03	1.108766e-02	1.245847e-02	1.391580e-02	1.545876e-02
	1.708654e-02	1.879869e-02	2.059585e-02	2.248095e-02	2.446013e-02
	2.654280e-02	2.873637e-02	3.103364e-02	3.341132e-02	3.585254e-02
	3.836587e-02	4.096979e-02	4.366279e-02	4.642158e-02	4.922788e-02
	5.208708e-02	5.502219e-02	5.805809e-02	6.121271e-02	6.450029e-02
	6.794224e-02	7.154967e-02	7.533376e-02	7.928514e-02	8.338102e-02
	8.759048e-02	9.186539e-02	9.611708e-02	1.002101e-01	1.039961e-01
	1.073673e-01	1.102847e-01	1.127680e-01	1.148708e-01	1.166562e-01
	1.181829e-01	1.194994e-01	1.206438e-01	1.216458e-01	1.225299e-01
	1.233170e-01	1.240268e-01	1.246772e-01	1.252832e-01	1.258534e-01
	1.263887e-01	1.268865e-01	1.273450e-01	1.277656e-01	1.281525e-01
	1.285122e-01	1.288526e-01	1.291807e-01	1.295016e-01	1.298178e-01
	1.301304e-01	1.304407e-01	1.307509e-01	1.310639e-01	1.313825e-01
	1.317084e-01	1.320431e-01	1.323877e-01	1.327427e-01	1.331077e-01
	1.334811e-01	1.338616e-01	1.342478e-01	1.346358e-01	1.350137e-01
	1.353606e-01	1.356522e-01	1.358644e-01	1.359673e-01	1.359072e-01
	1.355753e-01	1.347600e-01	1.331118e-01	1.302478e-01	1.259279e-01
	1.201795e-01	1.133309e-01	1.058478e-01	9.814418e-02	9.050218e-02
	8.307513e-02	7.593405e-02	6.909693e-02	6.253676e-02	5.618779e-02
	4.996585e-02	4.380653e-02	3.772636e-02	3.186918e-02	2.646638e-02
	2.170874e-02	1.763315e-02	1.413780e-02	1.108709e-02	8.398582e-03
	6.078777e-03	4.189530e-03	2.767192e-03	1.774545e-03	1.117751e-03
	6.948287e-04	4.261412e-04	2.571976e-04	1.522214e-04	8.798461e-05
	4.939455e-05	2.668442e-05	1.360515e-05	6.237262e-06	2.183160e-06
	1.000000e-60
massfraction-CH
	1.000000e-60	3.201563e-34	6.312412e-34	8.889026e-34	1.085896e-33
	1.237765e-33	1.375566e-33	1.539896e-33	1.782540e-33	2.180406e-33
	2.869582e-33	4.123193e-33	6.539985e-33	1.153330e-32	2.268212e-32
	4.969298e-32	1.206809e-31	3.221950e-31	9.356112e-31	2.933908e-30
	1.108464e-29	3.320099e-29	1.178641e-28	4.258368e-28	1.546931e-27
	5.594722e-27	1.997282e-26	6.998231e-26	2.399245e-25	8.045201e-25
	2.643892e-24	8.520965e-24	2.676885e-23	8.105085e-23	2.352946e-22
	6.594524e-22	1.802310e-21	4.813107e-21	1.250593e-20	3.159882e-20
	7.823577e-20	1.920940e-19	4.729601e-19	1.177652e-18	2.988142e-18
	7.796228e-18	2.110752e-17	5.970293e-17	1.770350e-16	5.514959e-16
	1.810017e-15	6.264039e-15	2.265866e-14	8.363803e-14	3.039761e-13
	1.049169e-12	3.350971e-12	9.787959e-12	2.616498e-11	6.455437e-11
	1.486513e-10	3.229409e-10	6.677086e-10	1.322410e-09	2.521596e-09
	4.652267e-09	8.352521e-09	1.469565e-08	2.550164e-08	4.373016e-08
	7.375369e-08	1.212606e-07	1.928352e-07	2.954021e-07	4.359238e-07
	6.220325e-07	8.630961e-07	1.170575e-06	1.556807e-06	2.032310e-06
	2.603745e-06	3.274435e-06	4.046287e-06	4.919528e-06	5.889036e-06
	6.940419e-06	8.048084e-06	9.173708e-06	1.026379e-05	1.124791e-05
	1.204151e-05	1.255326e-05	1.268871e-05	1.235458e-05	1.149038e-05
	1.012478e-05	8.393662e-06	6.486058e-06	4.582902e-06	2.849944e-06
	1.462082e-06	5.600678e-07	1.450491e-07	2.492191e-08	3.070650e-09
	3.207826e-10	3.594514e-11	5.125418e-12	9.220909e-13	1.912487e-13
	4.281878e-14	9.993492e-15	2.377354e-15	5.636559e-16	1.293760e-16
	2.766970e-17	5.262254e-18	8.501627e-19	1.143006e-19	1.315572e-20
	1.380472e-21	1.380179e-22	1.318161e-23	1.196523e-24	1.033435e-25
	8.266604e-27	6.115001e-28	4.643429e-29	4.199640e-30	4.922655e-31
	7.455448e-32	1.390561e-32	3.000396e-33	7.218261e-34	1.924874e-34
	3.755945e-35	7.547740e-36	1.000000e-60	5.187690e-37	1.000000e-60
	1.000000e-60
massfraction-CHO
	1.000000e-60	1.663607e-18	4.069092e-18	7.437685e-18	1.204660e-17
	1.831958e-17	2.696411e-17	3.918993e-17	5.706924e-17	8.412746e-17
	1.263330e-16	1.937727e-16	3.034928e-16	4.842875e-16	7.846977e-16
	1.286205e-15	2.124662e-15	3.524445e-15	5.851671e-15	9.694804e-15
	1.598259e-14	2.614911e-14	4.235128e-14	6.773202e-14	1.066969e-13
	1.651327e-13	2.504418e-13	3.712366e-13	5.365469e-13	7.543869e-13
	1.029575e-12	1.360342e-12	1.734145e-12	2.128697e-12	2.522932e-12
	2.908232e-12	3.289593e-12	3.681187e-12	4.103143e-12	4.580852e-12
	5.146538e-12	5.842199e-12	6.724006e-12	7.870181e-12	9.396785e-12
	1.148651e-11	1.442934e-11	1.869264e-11	2.504622e-11	3.480955e-11
	5.032968e-11	7.584996e-11	1.188633e-10	1.917538e-10	3.129694e-10
	5.067721e-10	8.014891e-10	1.227549e-09	1.817241e-09	2.606531e-09
	3.637589e-09	4.961019e-09	6.636972e-09	8.735504e-09	1.133921e-08
	1.455114e-08	1.851099e-08	2.342416e-08	2.958469e-08	3.735862e-08
	4.712107e-08	5.918825e-08	7.380867e-08	9.118828e-08	1.115430e-07
	1.352156e-07	1.627599e-07	1.949197e-07	2.324886e-07	2.761033e-07
	3.261481e-07	3.828693e-07	4.465604e-07	5.175516e-07	5.959467e-07
	6.813586e-07	7.727862e-07	8.684836e-07	9.656896e-07	1.060295e-06
	1.146734e-06	1.218215e-06	1.266614e-06	1.281970e-06	1.253829e-06
	1.175972e-06	1.050662e-06	8.874369e-07	6.989866e-07	5.005021e-07
	3.139798e-07	1.672087e-07	8.036355e-08	4.327826e-08	2.889343e-08
	2.122872e-08	1.575307e-08	1.164305e-08	8.627436e-09	6.453558e-09
	4.889178e-09	3.750377e-09	2.900682e-09	2.240539e-09	1.698144e-09
	1.225133e-09	8.002748e-10	4.404920e-10	1.903070e-10	6.318595e-11
	1.684113e-11	3.832434e-12	7.807671e-13	1.501678e-13	2.900178e-14
	5.714758e-15	1.133880e-15	2.316366e-16	5.093661e-17	1.234382e-17
	3.266272e-18	9.198278e-19	2.677527e-19	7.827380e-20	2.233999e-20
	6.032873e-21	1.477744e-21	3.055683e-22	4.564878e-23	3.046019e-24
	1.000000e-60
massfraction-CH2
	1.000000e-60	1.191167e-22	2.488212e-22	3.876975e-22	5.332920e-22
	6.876813e-22	8.596443e-22	1.065981e-21	1.334500e-21	1.710810e-21
	2.272432e-21	3.157248e-21	4.621551e-21	7.161458e-21	1.177363e-20
	2.052888e-20	3.785993e-20	7.349826e-20	1.492394e-19	3.145951e-19
	6.829380e-19	1.514319e-18	3.402644e-18	7.690858e-18	1.737084e-17
	3.898486e-17	8.654182e-17	1.894217e-16	4.081871e-16	8.661698e-16
	1.812597e-15	3.743166e-15	7.600470e-15	1.506962e-14	2.908441e-14
	5.487710e-14	1.018544e-13	1.861708e-13	3.341576e-13	5.886383e-13
	1.022180e-12	1.762206e-12	3.035699e-12	5.250740e-12	9.157139e-12
	1.618163e-11	2.911612e-11	5.353333e-11	1.007217e-10	1.940265e-10
	3.830220e-10	7.746234e-10	1.595870e-09	3.303116e-09	6.734415e-09
	1.326828e-08	2.493719e-08	4.448231e-08	7.542208e-08	1.222176e-07
	1.905309e-07	2.875251e-07	4.221007e-07	6.050172e-07	8.491187e-07
	1.170019e-06	1.587682e-06	2.129440e-06	2.832071e-06	3.737841e-06
	4.882551e-06	6.281933e-06	7.927816e-06	9.792924e-06	1.184133e-05
	1.404341e-05	1.638148e-05	1.884196e-05	2.140073e-05	2.401191e-05
	2.661165e-05	2.913304e-05	3.151577e-05	3.370127e-05	3.562205e-05
	3.719883e-05	3.834494e-05	3.897031e-05	3.898495e-05	3.830668e-05
	3.687362e-05	3.464971e-05	3.162197e-05	2.782673e-05	2.342336e-05
	1.873466e-05	1.415815e-05	1.001580e-05	6.497712e-06	3.714616e-06
	1.754351e-06	6.223082e-07	1.522249e-07	2.580858e-08	3.366402e-09
	4.078402e-10	5.805211e-11	1.116952e-11	2.794674e-12	8.236008e-13
	2.676303e-13	9.274529e-14	3.364076e-14	1.258519e-14	4.781817e-15
	1.814613e-15	6.763676e-16	2.448873e-16	8.665842e-17	3.092103e-17
	1.156738e-17	4.589820e-18	1.874940e-18	7.435330e-19	2.668099e-19
	8.204888e-20	2.178885e-20	5.477943e-21	1.476936e-21	4.625363e-22
	1.708443e-22	7.288189e-23	3.474462e-23	1.787778e-23	9.599894e-24
	5.197115e-24	2.722785e-24	1.298662e-24	5.000281e-25	1.091679e-25
	1.000000e-60
massfraction-CH2O
	1.000000e-60	5.312930e-08	1.304422e-07	2.396410e-07	3.893478e-07
	5.894021e-07	8.506142e-07	1.184244e-06	1.601616e-06	2.113737e-06
	2.730964e-06	3.462729e-06	4.317337e-06	5.301838e-06	6.421967e-06
	7.682140e-06	9.085489e-06	1.063394e-05	1.232833e-05	1.416847e-05
	1.615332e-05	1.828113e-05	2.054951e-05	2.295568e-05	2.549663e-05
	2.816947e-05	3.097196e-05	3.390365e-05	3.696788e-05	4.017316e-05
	4.353324e-05	4.705844e-05	5.073574e-05	5.452676e-05	5.840403e-05
	6.238076e-05	6.648567e-05	7.071581e-05	7.503439e-05	7.941295e-05
	8.386026e-05	8.841231e-05	9.310765e-05	9.797376e-05	1.030323e-04
	1.083159e-04	1.138405e-04	1.196224e-04	1.256455e-04	1.318717e-04
	1.382467e-04	1.446829e-04	1.510179e-04	1.569993e-04	1.623344e-04
	1.667804e-04	1.702042e-04	1.725827e-04	1.739689e-04	1.744510e-04
	1.741236e-04	1.730768e-04	1.713948e-04	1.691586e-04	1.664453e-04
	1.633231e-04	1.598430e-04	1.560334e-04	1.519140e-04	1.475403e-04
	1.430439e-04	1.386259e-04	1.344977e-04	1.308284e-04	1.277198e-04
	1.252072e-04	1.232863e-04	1.219430e-04	1.211627e-04	1.209204e-04
	1.211632e-04	1.218069e-04	1.227445e-04	1.238511e-04	1.249780e-04
	1.259451e-04	1.265381e-04	1.265082e-04	1.255736e-04	1.234299e-04
	1.197724e-04	1.143097e-04	1.067618e-04	9.692887e-05	8.490872e-05
	7.129782e-05	5.706993e-05	4.318565e-05	3.036230e-05	1.918093e-05
	1.031145e-05	4.348534e-06	1.333524e-06	2.970242e-07	5.205586e-08
	8.261723e-09	1.407194e-09	2.910721e-10	7.494510e-11	2.309644e-11
	8.147833e-12	3.196712e-12	1.371777e-12	6.367623e-13	3.170170e-13
	1.683394e-13	9.526485e-14	5.769757e-14	3.756012e-14	2.618465e-14
	1.927595e-14	1.469536e-14	1.137343e-14	8.767896e-15	6.612990e-15
	4.808451e-15	3.345672e-15	2.232855e-15	1.444085e-15	9.147656e-16
	5.703878e-16	3.501822e-16	2.112629e-16	1.248571e-16	7.201791e-17
	4.033051e-17	2.172905e-17	1.104810e-17	5.051384e-18	1.763680e-18
	1.000000e-60
massfraction-CH3
	1.000000e-60	5.183419e-10	1.182377e-09	2.013611e-09	3.032275e-09
	4.261145e-09	5.725243e-09	7.451012e-09	9.467081e-09	1.180526e-08
	1.450169e-08	1.759814e-08	2.114332e-08	2.519432e-08	2.981814e-08
	3.509329e-08	4.111163e-08	4.798046e-08	5.582490e-08	6.479077e-08
	7.504803e-08	8.679500e-08	1.002636e-07	1.157260e-07	1.335035e-07
	1.539788e-07	1.776148e-07	2.049854e-07	2.368308e-07	2.741339e-07
	3.182158e-07	3.707412e-07	4.334660e-07	5.080529e-07	5.966277e-07
	7.028024e-07	8.318537e-07	9.897424e-07	1.182551e-06	1.417731e-06
	1.706353e-06	2.064751e-06	2.515445e-06	3.088907e-06	3.828396e-06
	4.798973e-06	6.097170e-06	7.864102e-06	1.030328e-05	1.371311e-05
	1.854121e-05	2.545226e-05	3.536197e-05	4.936687e-05	6.853185e-05
	9.360842e-05	1.248411e-04	1.619700e-04	2.044209e-04	2.515189e-04
	3.025887e-04	3.569593e-04	4.139158e-04	4.726683e-04	5.324085e-04
	5.924161e-04	6.521482e-04	7.112715e-04	7.693786e-04	8.254444e-04
	8.775609e-04	9.233648e-04	9.608669e-04	9.889053e-04	1.007151e-03
	1.015841e-03	1.015348e-03	1.005916e-03	9.876906e-04	9.609731e-04
	9.263994e-04	8.848405e-04	8.371558e-04	7.841056e-04	7.264870e-04
	6.652460e-04	6.014365e-04	5.361533e-04	4.705393e-04	4.058228e-04
	3.432400e-04	2.837878e-04	2.281612e-04	1.771645e-04	1.320730e-04
	9.423077e-05	6.419296e-05	4.143128e-05	2.482912e-05	1.329412e-05
	5.992185e-06	2.088681e-06	5.231791e-07	9.461029e-08	1.337139e-08
	1.681128e-09	2.204407e-10	3.469595e-11	7.017019e-12	1.796205e-12
	5.522296e-13	1.946630e-13	7.629268e-14	3.256637e-14	1.490403e-14
	7.222022e-15	3.673508e-15	1.953543e-15	1.085122e-15	6.293612e-16
	3.802777e-16	2.371464e-16	1.498426e-16	9.371160e-17	5.673630e-17
	3.283867e-17	1.825233e-17	9.940568e-18	5.438711e-18	3.038186e-18
	1.738215e-18	1.014249e-18	5.998267e-19	3.572396e-19	2.128965e-19
	1.259498e-19	7.303350e-20	4.051094e-20	2.034885e-20	7.800328e-21
	1.000000e-60
massfraction-CH4
	1.000000e-60	1.224623e-05	2.795514e-05	4.761554e-05	7.164583e-05
	1.004644e-04	1.344603e-04	1.739494e-04	2.191697e-04	2.702820e-04
	3.273764e-04	3.904816e-04	4.595760e-04	5.345988e-04	6.154609e-04
	7.020537e-04	7.942569e-04	8.919443e-04	9.949882e-04	1.103262e-03
	1.216644e-03	1.335016e-03	1.458268e-03	1.586297e-03	1.719015e-03
	1.856361e-03	1.998318e-03	2.144968e-03	2.296578e-03	2.453667e-03
	2.616993e-03	2.787138e-03	2.963564e-03	3.144545e-03	3.328903e-03
	3.517398e-03	3.711505e-03	3.911197e-03	4.114854e-03	4.321248e-03
	4.530903e-03	4.745626e-03	4.967343e-03	5.197475e-03	5.437180e-03
	5.688187e-03	5.951356e-03	6.227667e-03	6.516483e-03	6.816006e-03
	7.123441e-03	7.433962e-03	7.738429e-03	8.022416e-03	8.268787e-03
	8.462720e-03	8.595354e-03	8.664151e-03	8.671072e-03	8.620208e-03
	8.516138e-03	8.363271e-03	8.165815e-03	7.927940e-03	7.653614e-03
	7.346011e-03	7.006754e-03	6.635147e-03	6.229239e-03	5.789651e-03
	5.323640e-03	4.845318e-03	4.371055e-03	3.914956e-03	3.486295e-03
	3.088468e-03	2.720768e-03	2.381340e-03	2.069349e-03	1.785463e-03
	1.530568e-03	1.304268e-03	1.104616e-03	9.290290e-04	7.752102e-04
	6.412840e-04	5.255090e-04	4.261549e-04	3.415701e-04	2.702459e-04
	2.107374e-04	1.615155e-04	1.210593e-04	8.818990e-05	6.217206e-05
	4.237411e-05	2.790315e-05	1.763337e-05	1.049541e-05	5.681199e-06
	2.654636e-06	9.958646e-07	2.824390e-07	6.108075e-08	1.078616e-08
	1.718571e-09	2.755624e-10	4.864919e-11	1.002632e-11	2.483623e-12
	7.446683e-13	2.686213e-13	1.150730e-13	5.761827e-14	3.318226e-14
	2.162686e-14	1.564492e-14	1.223783e-14	1.004086e-14	8.422920e-15
	7.119353e-15	6.018973e-15	5.055788e-15	4.181683e-15	3.370042e-15
	2.623147e-15	1.966705e-15	1.427548e-15	1.013386e-15	7.097484e-16
	4.920096e-16	3.372822e-16	2.280007e-16	1.513943e-16	9.827421e-17
	6.195011e-17	3.751049e-17	2.134997e-17	1.085566e-17	4.175021e-18
	1.000000e-60
massfraction-C2H6
	1.000000e-60	4.602667e-07	1.128517e-06	2.070352e-06	3.359015e-06
	5.077982e-06	7.318890e-06	1.017717e-05	1.374891e-05	1.812778e-05
	2.340245e-05	2.965444e-05	3.695671e-05	4.537271e-05	5.495608e-05
	6.575074e-05	7.779121e-05	9.110330e-05	1.057048e-04	1.216062e-04
	1.388118e-04	1.573200e-04	1.771249e-04	1.982169e-04	2.205842e-04
	2.442158e-04	2.691056e-04	2.952631e-04	3.227308e-04	3.515980e-04
	3.820014e-04	4.140482e-04	4.476320e-04	4.824094e-04	5.181295e-04
	5.549128e-04	5.930235e-04	6.324314e-04	6.727859e-04	7.138067e-04
	7.555568e-04	7.983519e-04	8.425253e-04	8.882962e-04	9.358116e-04
	9.852938e-04	1.036771e-03	1.090208e-03	1.145175e-03	1.200912e-03
	1.256331e-03	1.309792e-03	1.358720e-03	1.399614e-03	1.428826e-03
	1.443675e-03	1.443057e-03	1.427300e-03	1.397609e-03	1.355514e-03
	1.302576e-03	1.240307e-03	1.170216e-03	1.093854e-03	1.012738e-03
	9.281989e-04	8.412246e-04	7.523802e-04	6.621890e-04	5.719686e-04
	4.843264e-04	4.025906e-04	3.295151e-04	2.665265e-04	2.136912e-04
	1.700571e-04	1.342610e-04	1.050134e-04	8.129098e-05	6.229753e-05
	4.732268e-05	3.566313e-05	2.665068e-05	1.971575e-05	1.441153e-05
	1.039110e-05	7.376982e-06	5.144766e-06	3.515073e-06	2.345912e-06
	1.524042e-06	9.582715e-07	5.774907e-07	3.295816e-07	1.765304e-07
	8.844495e-08	4.133126e-08	1.776557e-08	6.774777e-09	2.146544e-09
	5.141006e-10	8.281246e-11	8.402933e-12	5.700503e-13	2.954240e-14
	1.353447e-15	6.262528e-17	3.236696e-18	1.994046e-19	1.519015e-20
	1.457056e-21	1.777231e-22	2.774058e-23	5.566962e-24	1.444805e-24
	4.907585e-25	2.219543e-25	1.333449e-25	9.982110e-26	8.343947e-26
	7.152372e-26	6.057017e-26	5.001902e-26	3.991054e-26	3.043078e-26
	2.196144e-26	1.497542e-26	9.732101e-27	6.119754e-27	3.772937e-27
	2.293326e-27	1.374399e-27	8.101791e-28	4.681352e-28	2.641038e-28
	1.447154e-28	7.633348e-29	3.803212e-29	1.706332e-29	5.857497e-30
	1.000000e-60
massfraction-C2H
	1.000000e-60	5.315151e-32	2.938170e-31	9.105376e-31	2.249777e-30
	4.905652e-30	9.991737e-30	1.960925e-29	3.795499e-29	7.375219e-29
	1.460313e-28	2.981890e-28	6.337683e-28	1.410938e-27	3.300833e-27
	8.115670e-27	2.091283e-26	5.618748e-26	1.562995e-25	4.464979e-25
	1.298571e-24	3.812321e-24	1.120850e-23	3.277368e-23	9.476454e-23
	2.698103e-22	7.544077e-22	2.069882e-21	5.581175e-21	1.484664e-20
	3.919357e-20	1.032296e-19	2.712074e-19	7.067015e-19	1.821618e-18
	4.671611e-18	1.200152e-17	3.081113e-17	7.823521e-17	1.949941e-16
	4.775185e-16	1.156402e-15	2.787390e-15	6.716010e-15	1.623311e-14
	3.956060e-14	9.773582e-14	2.456326e-13	6.279891e-13	1.629408e-12
	4.278327e-12	1.130959e-11	2.973012e-11	7.607270e-11	1.847625e-10
	4.176318e-10	8.709750e-10	1.678894e-09	3.017275e-09	5.114273e-09
	8.269005e-09	1.287762e-08	1.946368e-08	2.871173e-08	4.151641e-08
	5.906925e-08	8.301803e-08	1.157570e-07	1.607391e-07	2.224488e-07
	3.056826e-07	4.142734e-07	5.500840e-07	7.126022e-07	8.993357e-07
	1.107125e-06	1.332945e-06	1.573395e-06	1.823368e-06	2.075090e-06
	2.318906e-06	2.545261e-06	2.745956e-06	2.913840e-06	3.042050e-06
	3.124118e-06	3.154615e-06	3.129575e-06	3.046775e-06	2.906245e-06
	2.710723e-06	2.465075e-06	2.175343e-06	1.850570e-06	1.507135e-06
	1.168973e-06	8.598185e-07	5.947201e-07	3.793036e-07	2.147480e-07
	1.015826e-07	3.673280e-08	9.354359e-09	1.671019e-09	2.282792e-10
	2.825959e-11	3.929201e-12	6.941311e-13	1.515334e-13	3.802977e-14
	1.046781e-14	3.084756e-15	9.583376e-16	3.090897e-16	1.015526e-16
	3.322176e-17	1.054820e-17	3.173693e-18	8.946337e-19	2.398751e-19
	6.367222e-20	1.723646e-20	4.688157e-21	1.214867e-21	2.822512e-22
	5.713117e-23	1.047477e-23	1.931899e-24	4.039004e-25	1.027025e-25
	3.196247e-26	1.182505e-26	4.994379e-27	2.309449e-27	1.122818e-27
	5.507942e-28	2.599323e-28	1.103357e-28	3.719978e-29	7.000689e-30
	1.000000e-60
massfraction-C2H2
	1.000000e-60	1.003521e-05	2.403931e-05	4.303976e-05	6.811239e-05
	1.004316e-04	1.412279e-04	1.917139e-04	2.530425e-04	3.262723e-04
	4.123441e-04	5.120652e-04	6.261052e-04	7.549973e-04	8.991467e-04
	1.058841e-03	1.234264e-03	1.425509e-03	1.632592e-03	1.855464e-03
	2.094020e-03	2.348115e-03	2.617569e-03	2.902181e-03	3.201749e-03
	3.516098e-03	3.845142e-03	4.189007e-03	4.548262e-03	4.924089e-03
	5.318275e-03	5.732218e-03	6.164574e-03	6.611000e-03	7.068404e-03
	7.538465e-03	8.024705e-03	8.526904e-03	9.040802e-03	9.563079e-03
	1.009483e-02	1.064044e-02	1.120462e-02	1.179079e-02	1.240172e-02
	1.304156e-02	1.371250e-02	1.441687e-02	1.515318e-02	1.591750e-02
	1.670436e-02	1.750501e-02	1.830293e-02	1.907230e-02	1.978398e-02
	2.041535e-02	2.095565e-02	2.140460e-02	2.176801e-02	2.205358e-02
	2.226814e-02	2.241666e-02	2.250218e-02	2.252617e-02	2.248896e-02
	2.238951e-02	2.222464e-02	2.198751e-02	2.166689e-02	2.124955e-02
	2.072635e-02	2.009800e-02	1.937531e-02	1.857556e-02	1.771725e-02
	1.681382e-02	1.587190e-02	1.489473e-02	1.388777e-02	1.286233e-02
	1.183373e-02	1.081552e-02	9.815902e-03	8.839210e-03	7.889837e-03
	6.973680e-03	6.096967e-03	5.265359e-03	4.484275e-03	3.759423e-03
	3.095983e-03	2.496351e-03	1.960189e-03	1.488657e-03	1.087227e-03
	7.615681e-04	5.106037e-04	3.251641e-04	1.927420e-04	1.023343e-04
	4.588258e-05	1.597704e-05	4.022445e-06	7.389323e-07	1.090602e-07
	1.538789e-08	2.562761e-09	5.644958e-10	1.587613e-10	5.289700e-11
	1.992912e-11	8.308622e-12	3.792570e-12	1.882046e-12	1.009868e-12
	5.842613e-13	3.643863e-13	2.446589e-13	1.753734e-13	1.320572e-13
	1.026665e-13	8.119112e-14	6.439714e-14	5.046730e-14	3.848346e-14
	2.819739e-14	1.975358e-14	1.329394e-14	8.695595e-15	5.588485e-15
	3.544940e-15	2.218844e-15	1.367023e-15	8.260915e-16	4.876229e-16
	2.795674e-16	1.541950e-16	8.020740e-17	3.746914e-17	1.333980e-17
	1.000000e-60
massfraction-CHCO
	1.000000e-60	3.254825e-06	7.429102e-06	1.265201e-05	1.903370e-05
	2.668392e-05	3.570412e-05	4.617583e-05	5.815924e-05	7.169353e-05
	8.679849e-05	1.034770e-04	1.217182e-04	1.415003e-04	1.627935e-04
	1.855626e-04	2.097691e-04	2.353726e-04	2.623323e-04	2.906077e-04
	3.201592e-04	3.509488e-04	3.829402e-04	4.160997e-04	4.503974e-04
	4.858102e-04	5.223272e-04	5.599624e-04	5.987777e-04	6.388982e-04
	6.805087e-04	7.237477e-04	7.684689e-04	8.142273e-04	8.607212e-04
	9.081380e-04	9.568441e-04	1.006826e-03	1.057674e-03	1.109080e-03
	1.161176e-03	1.214409e-03	1.269254e-03	1.326059e-03	1.385108e-03
	1.446833e-03	1.511452e-03	1.579237e-03	1.650098e-03	1.723724e-03
	1.799671e-03	1.877195e-03	1.954800e-03	2.030073e-03	2.100242e-03
	2.163146e-03	2.217806e-03	2.264333e-03	2.303504e-03	2.336336e-03
	2.363797e-03	2.386691e-03	2.405633e-03	2.421079e-03	2.433363e-03
	2.442718e-03	2.449270e-03	2.452989e-03	2.453610e-03	2.450598e-03
	2.443262e-03	2.430982e-03	2.413370e-03	2.390296e-03	2.361789e-03
	2.327808e-03	2.288064e-03	2.242048e-03	2.189242e-03	2.129391e-03
	2.062570e-03	1.988933e-03	1.908417e-03	1.820714e-03	1.725531e-03
	1.622781e-03	1.512570e-03	1.395167e-03	1.271109e-03	1.141409e-03
	1.007575e-03	8.711960e-04	7.337506e-04	5.975937e-04	4.672961e-04
	3.490775e-04	2.480570e-04	1.661790e-04	1.027739e-04	5.637760e-05
	2.575777e-05	8.948771e-06	2.183943e-06	3.765265e-07	5.019495e-08
	6.058759e-09	8.151522e-10	1.436426e-10	3.351220e-11	9.551188e-12
	3.106261e-12	1.112050e-12	4.301823e-13	1.775406e-13	7.728312e-14
	3.511892e-14	1.653140e-14	8.038330e-15	4.064557e-15	2.184283e-15
	1.286243e-15	8.409308e-16	5.978406e-16	4.417637e-16	3.209720e-16
	2.173475e-16	1.332946e-16	7.523594e-17	4.089467e-17	2.226551e-17
	1.236069e-17	7.015113e-18	4.054308e-18	2.371937e-18	1.395926e-18
	8.202502e-19	4.755821e-19	2.657549e-19	1.354708e-19	5.299127e-20
	1.000000e-60
massfraction-C3H3
	1.000000e-60	1.216000e-23	3.183134e-23	6.446124e-23	1.210398e-22
	2.243669e-22	4.223955e-22	8.176735e-22	1.633951e-21	3.368987e-21
	7.149379e-21	1.556223e-20	3.461743e-20	7.839503e-20	1.800637e-19
	4.179616e-19	9.770723e-19	2.292997e-18	5.386248e-18	1.263044e-17
	2.949670e-17	6.846317e-17	1.576555e-16	3.596688e-16	8.119819e-16
	1.812576e-15	3.999301e-15	8.723539e-15	1.883161e-14	4.031438e-14
	8.582760e-14	1.820363e-13	3.836338e-13	7.981112e-13	1.632800e-12
	3.295623e-12	6.598715e-12	1.311193e-11	2.574209e-11	4.979217e-11
	9.512501e-11	1.805602e-10	3.425178e-10	6.520041e-10	1.249340e-09
	2.418604e-09	4.746658e-09	9.455362e-09	1.910482e-08	3.907545e-08
	8.070354e-08	1.675930e-07	3.465132e-07	7.011304e-07	1.359549e-06
	2.483148e-06	4.236254e-06	6.754702e-06	1.013399e-05	1.443739e-05
	1.970897e-05	2.598291e-05	3.328641e-05	4.164132e-05	5.107560e-05
	6.164643e-05	7.347121e-05	8.676532e-05	1.018239e-04	1.188917e-04
	1.379725e-04	1.587203e-04	1.805150e-04	2.026054e-04	2.242539e-04
	2.448665e-04	2.639732e-04	2.810980e-04	2.956453e-04	3.069075e-04
	3.142116e-04	3.170626e-04	3.151604e-04	3.083404e-04	2.965709e-04
	2.800165e-04	2.590786e-04	2.343947e-04	2.068364e-04	1.775061e-04
	1.476590e-04	1.185044e-04	9.108238e-05	6.639806e-05	4.551116e-05
	2.919722e-05	1.748871e-05	9.700482e-06	4.872331e-06	2.128682e-06
	7.695718e-07	2.206665e-07	5.054197e-08	9.688867e-09	1.591882e-09
	2.277857e-10	2.945669e-11	3.586025e-12	4.224659e-13	4.866141e-14
	5.448716e-15	5.833871e-16	5.816831e-17	5.181298e-18	3.864433e-19
	2.194946e-20	8.369546e-22	1.866110e-23	2.200962e-25	1.361093e-27
	4.779081e-30	1.118241e-32	9.005967e-35	5.359637e-36	3.437729e-37
	1.971607e-38	1.003384e-39	5.054754e-41	2.958550e-42	2.211918e-43
	2.114637e-44	2.462753e-45	3.278637e-46	4.450138e-47	7.259177e-48
	9.096707e-49	1.477541e-49	1.000000e-60	1.829500e-51	1.000000e-60
	1.000000e-60
massfraction-C2H3
	1.000000e-60	1.753338e-18	3.917021e-18	6.523570e-18	9.599359e-18
	1.324673e-17	1.772199e-17	2.351896e-17	3.151682e-17	4.327267e-17
	6.161817e-17	9.190063e-17	1.446370e-16	2.413602e-16	4.278700e-16
	8.050262e-16	1.601767e-15	3.350747e-15	7.314055e-15	1.651569e-14
	3.822892e-14	8.988653e-14	2.128378e-13	5.035148e-13	1.181717e-12
	2.734338e-12	6.203522e-12	1.373178e-11	2.952656e-11	6.143726e-11
	1.232973e-10	2.377256e-10	4.375036e-10	7.632396e-10	1.260442e-09
	1.981632e-09	2.986651e-09	4.330024e-09	6.046888e-09	8.159106e-09
	1.069462e-08	1.369415e-08	1.719768e-08	2.122255e-08	2.574971e-08
	3.072670e-08	3.607866e-08	4.178892e-08	4.808704e-08	5.575535e-08
	6.646477e-08	8.320011e-08	1.109695e-07	1.577798e-07	2.352784e-07
	3.581273e-07	5.419017e-07	8.007105e-07	1.146255e-06	1.588461e-06
	2.136369e-06	2.798346e-06	3.581117e-06	4.487952e-06	5.517392e-06
	6.663073e-06	7.914272e-06	9.256120e-06	1.066198e-05	1.207614e-05
	1.340287e-05	1.452250e-05	1.533039e-05	1.576702e-05	1.582463e-05
	1.553319e-05	1.493872e-05	1.409134e-05	1.304572e-05	1.186504e-05
	1.061720e-05	9.363210e-06	8.148579e-06	7.004233e-06	5.952015e-06
	5.007007e-06	4.176793e-06	3.461610e-06	2.855928e-06	2.350083e-06
	1.930991e-06	1.582559e-06	1.287781e-06	1.032451e-06	8.080308e-07
	6.118473e-07	4.445348e-07	3.066945e-07	1.975820e-07	1.158417e-07
	6.001714e-08	2.680741e-08	1.035371e-08	3.577699e-09	1.143505e-09
	3.487464e-10	1.055903e-10	3.296565e-11	1.090493e-11	3.879948e-12
	1.492026e-12	6.188499e-13	2.744055e-13	1.276817e-13	6.037060e-14
	2.766545e-14	1.165021e-14	4.376641e-15	1.497943e-15	4.925238e-16
	1.634942e-16	5.679541e-17	2.099961e-17	8.172988e-18	3.232492e-18
	1.256735e-18	4.762178e-19	1.782700e-19	6.724002e-20	2.582085e-20
	1.005479e-20	3.925764e-21	1.517156e-21	5.729416e-22	2.087558e-22
	7.230416e-23	2.328656e-23	6.687190e-24	1.550253e-24	2.089397e-25
	1.000000e-60
massfraction-C2H4
	1.000000e-60	5.559415e-06	1.346179e-05	2.437475e-05	3.901914e-05
	5.819742e-05	8.276862e-05	1.136013e-04	1.515432e-04	1.973944e-04
	2.518861e-04	3.156648e-04	3.892835e-04	4.731985e-04	5.677704e-04
	6.732692e-04	7.898805e-04	9.177144e-04	1.056814e-03	1.207165e-03
	1.368703e-03	1.541323e-03	1.724889e-03	1.919243e-03	2.124219e-03
	2.339666e-03	2.565490e-03	2.801745e-03	3.048787e-03	3.307392e-03
	3.578759e-03	3.863816e-03	4.161604e-03	4.469096e-03	4.784127e-03
	5.107823e-03	5.442579e-03	5.788210e-03	6.141755e-03	6.500903e-03
	6.866379e-03	7.241152e-03	7.628405e-03	8.030414e-03	8.448959e-03
	8.886702e-03	9.344872e-03	9.824593e-03	1.032406e-02	1.083925e-02
	1.136410e-02	1.188864e-02	1.239500e-02	1.285600e-02	1.324005e-02
	1.352033e-02	1.368127e-02	1.371909e-02	1.363832e-02	1.344743e-02
	1.315586e-02	1.277287e-02	1.230763e-02	1.176946e-02	1.116748e-02
	1.050937e-02	9.800065e-03	9.040519e-03	8.230509e-03	7.376543e-03
	6.499066e-03	5.630805e-03	4.805785e-03	4.049934e-03	3.377007e-03
	2.788574e-03	2.278898e-03	1.840553e-03	1.467533e-03	1.155349e-03
	8.991673e-04	6.925224e-04	5.278195e-04	3.977181e-04	2.959753e-04
	2.173949e-04	1.575205e-04	1.125202e-04	7.917972e-05	5.486201e-05
	3.741058e-05	2.505939e-05	1.641931e-05	1.047676e-05	6.509077e-06
	3.959412e-06	2.373115e-06	1.401149e-06	8.062121e-07	4.428339e-07
	2.262857e-07	1.042242e-07	4.227036e-08	1.514548e-08	4.897735e-09
	1.482500e-09	4.411025e-10	1.348226e-10	4.360488e-11	1.515823e-11
	5.694990e-12	2.313531e-12	1.013951e-12	4.772706e-13	2.398901e-13
	1.281773e-13	7.278019e-14	4.408266e-14	2.852284e-14	1.957259e-14
	1.405691e-14	1.040542e-14	7.805335e-15	5.827441e-15	4.255738e-15
	3.000037e-15	2.031475e-15	1.327726e-15	8.469870e-16	5.326632e-16
	3.314345e-16	2.038269e-16	1.235203e-16	7.347679e-17	4.271852e-17
	2.413548e-17	1.312596e-17	6.737360e-18	3.108779e-18	1.094615e-18
	1.000000e-60
massfraction-C2H5
	1.000000e-60	5.134545e-11	1.256534e-10	2.300608e-10	3.724983e-10
	5.619748e-10	8.083468e-10	1.121840e-09	1.512714e-09	1.990936e-09
	2.565912e-09	3.246269e-09	4.039712e-09	4.952946e-09	5.991656e-09
	7.160538e-09	8.463362e-09	9.903070e-09	1.148189e-08	1.320148e-08
	1.506305e-08	1.706758e-08	1.921593e-08	2.150914e-08	2.394868e-08
	2.653685e-08	2.927745e-08	3.217699e-08	3.524683e-08	3.850488e-08
	4.197584e-08	4.568207e-08	4.962058e-08	5.375614e-08	5.805585e-08
	6.251989e-08	6.714957e-08	7.188476e-08	7.659204e-08	8.110795e-08
	8.526316e-08	8.885236e-08	9.158910e-08	9.309486e-08	9.294588e-08
	9.078711e-08	8.651275e-08	8.061038e-08	7.438039e-08	6.976068e-08
	6.868449e-08	7.267374e-08	8.322629e-08	1.025070e-07	1.335797e-07
	1.800907e-07	2.456965e-07	3.335348e-07	4.460166e-07	5.848736e-07
	7.511529e-07	9.450022e-07	1.165197e-06	1.408590e-06	1.669902e-06
	1.941926e-06	2.215886e-06	2.481535e-06	2.725658e-06	2.929975e-06
	3.072820e-06	3.136488e-06	3.114962e-06	3.015353e-06	2.853465e-06
	2.647144e-06	2.411845e-06	2.159981e-06	1.902288e-06	1.648836e-06
	1.408301e-06	1.186541e-06	9.862590e-07	8.080952e-07	6.518832e-07
	5.170883e-07	4.027192e-07	3.073516e-07	2.293098e-07	1.668074e-07
	1.179400e-07	8.064455e-08	5.287988e-08	3.290795e-08	1.928926e-08
	1.063298e-08	5.517798e-09	2.683152e-09	1.204424e-09	4.902220e-10
	1.826762e-10	6.640166e-11	2.501674e-11	9.380660e-12	3.316256e-12
	1.114994e-12	3.734070e-13	1.304820e-13	4.909194e-14	2.019919e-14
	9.119989e-15	4.496787e-15	2.391269e-15	1.341488e-15	7.678067e-16
	4.292248e-16	2.238142e-16	1.053290e-16	4.446726e-17	1.715549e-17
	6.154722e-18	2.031081e-18	6.076335e-19	1.686355e-19	4.593326e-20
	1.282532e-20	3.718138e-21	1.127452e-21	3.604722e-22	1.212162e-22
	4.222874e-23	1.495402e-23	5.291330e-24	1.845101e-24	6.277094e-25
	2.069279e-25	6.582144e-26	2.013395e-26	5.851167e-27	1.465800e-27
	1.000000e-60
massfraction-C3H4
	1.000000e-60	1.802830e-08	4.580128e-08	8.724348e-08	1.471204e-07
	2.312241e-07	3.463453e-07	5.000854e-07	7.006714e-07	9.567338e-07
	1.277070e-06	1.670412e-06	2.145222e-06	2.709510e-06	3.370705e-06
	4.135553e-06	5.010054e-06	5.999430e-06	7.108122e-06	8.339796e-06
	9.697378e-06	1.118309e-05	1.279853e-05	1.454471e-05	1.642224e-05
	1.843151e-05	2.057316e-05	2.284897e-05	2.526354e-05	2.782562e-05
	3.054840e-05	3.344256e-05	3.649945e-05	3.968812e-05	4.298527e-05
	4.640158e-05	4.996154e-05	5.366246e-05	5.747135e-05	6.136143e-05
	6.533853e-05	6.943315e-05	7.367858e-05	7.809844e-05	8.271095e-05
	8.754358e-05	9.261005e-05	9.792197e-05	1.034615e-04	1.091910e-04
	1.150607e-04	1.209957e-04	1.268648e-04	1.324720e-04	1.376042e-04
	1.421042e-04	1.459118e-04	1.490535e-04	1.516116e-04	1.536910e-04
	1.553971e-04	1.568259e-04	1.580620e-04	1.591789e-04	1.602411e-04
	1.613071e-04	1.624321e-04	1.636726e-04	1.650868e-04	1.667236e-04
	1.686007e-04	1.706845e-04	1.728907e-04	1.750978e-04	1.771685e-04
	1.789688e-04	1.803670e-04	1.812175e-04	1.813508e-04	1.805869e-04
	1.787656e-04	1.757656e-04	1.714957e-04	1.658841e-04	1.588906e-04
	1.505283e-04	1.408715e-04	1.300531e-04	1.182683e-04	1.057818e-04
	9.291085e-05	7.996125e-05	6.718896e-05	5.487709e-05	4.343170e-05
	3.330521e-05	2.477732e-05	1.784386e-05	1.231506e-05	7.980959e-06
	4.715100e-06	2.439011e-06	1.068156e-06	3.971735e-07	1.293976e-07
	3.871748e-08	1.125136e-08	3.332181e-09	1.038474e-09	3.463953e-10
	1.244107e-10	4.813016e-11	2.000137e-11	8.881183e-12	4.183855e-12
	2.077306e-12	1.082998e-12	5.927501e-13	3.404299e-13	2.042078e-13
	1.270055e-13	8.107593e-14	5.229122e-14	3.338230e-14	2.066171e-14
	1.223174e-14	6.924557e-15	3.795480e-15	2.050310e-15	1.105526e-15
	5.966227e-16	3.211887e-16	1.715679e-16	9.041846e-17	4.675972e-17
	2.358725e-17	1.150222e-17	5.324060e-18	2.232797e-18	7.221151e-19
	1.000000e-60
massfraction-C3H5
	1.000000e-60	8.203986e-10	2.098935e-09	4.028119e-09	6.845309e-09
	1.084259e-08	1.636666e-08	2.381071e-08	3.360577e-08	4.620974e-08
	6.209523e-08	8.173722e-08	1.056015e-07	1.341347e-07	1.677560e-07
	2.068510e-07	2.517672e-07	3.028116e-07	3.602490e-07	4.243027e-07
	4.951547e-07	5.729481e-07	6.577894e-07	7.497532e-07	8.488883e-07
	9.552312e-07	1.068827e-06	1.189782e-06	1.318348e-06	1.455002e-06
	1.600454e-06	1.755286e-06	1.919041e-06	2.090062e-06	2.267091e-06
	2.450695e-06	2.642180e-06	2.841392e-06	3.046540e-06	3.256160e-06
	3.470539e-06	3.691288e-06	3.920156e-06	4.158349e-06	4.406744e-06
	4.666646e-06	4.938507e-06	5.222438e-06	5.516589e-06	5.817367e-06
	6.119321e-06	6.413677e-06	6.685943e-06	6.916216e-06	7.085376e-06
	7.184423e-06	7.218869e-06	7.204541e-06	7.159542e-06	7.098404e-06
	7.030189e-06	6.959000e-06	6.885244e-06	6.806854e-06	6.720255e-06
	6.621087e-06	6.504645e-06	6.366002e-06	6.200629e-06	6.006598e-06
	5.787777e-06	5.555078e-06	5.323391e-06	5.106708e-06	4.914409e-06
	4.749921e-06	4.612111e-06	4.497370e-06	4.400848e-06	4.316817e-06
	4.238786e-06	4.159910e-06	4.073523e-06	3.973551e-06	3.854878e-06
	3.713676e-06	3.547527e-06	3.355429e-06	3.137920e-06	2.897320e-06
	2.637559e-06	2.362990e-06	2.077452e-06	1.785872e-06	1.497063e-06
	1.223101e-06	9.742523e-07	7.547475e-07	5.635742e-07	3.984265e-07
	2.596669e-07	1.502982e-07	7.477975e-08	3.200500e-08	1.213741e-08
	4.267445e-09	1.464487e-09	5.110764e-10	1.858303e-10	7.117994e-11
	2.881346e-11	1.233407e-11	5.582855e-12	2.669705e-12	1.347433e-12
	7.191302e-13	4.092729e-13	2.519314e-13	1.689442e-13	1.216063e-13
	9.118921e-14	6.934735e-14	5.243140e-14	3.872733e-14	2.746398e-14
	1.844250e-14	1.167683e-14	7.024310e-15	4.077906e-15	2.316998e-15
	1.296179e-15	7.139639e-16	3.862662e-16	2.045586e-16	1.056609e-16
	5.299547e-17	2.561442e-17	1.172871e-17	4.862338e-18	1.555181e-18
	1.000000e-60
massfraction-C3H6
	1.000000e-60	3.919088e-08	1.011437e-07	1.959179e-07	3.361479e-07
	5.376198e-07	8.193580e-07	1.203280e-06	1.713790e-06	2.377211e-06
	3.221124e-06	4.273660e-06	5.562818e-06	7.115837e-06	8.958671e-06
	1.111555e-05	1.360866e-05	1.645793e-05	1.968087e-05	2.329255e-05
	2.730557e-05	3.173016e-05	3.657429e-05	4.184390e-05	4.754326e-05
	5.367570e-05	6.024495e-05	6.725795e-05	7.473018e-05	8.268997e-05
	9.117944e-05	1.002331e-04	1.098246e-04	1.198565e-04	1.302542e-04
	1.410496e-04	1.523184e-04	1.640501e-04	1.761374e-04	1.884923e-04
	2.011294e-04	2.141419e-04	2.276309e-04	2.416656e-04	2.562959e-04
	2.715970e-04	2.875953e-04	3.042979e-04	3.215994e-04	3.392933e-04
	3.570603e-04	3.743612e-04	3.902401e-04	4.032276e-04	4.115708e-04
	4.137900e-04	4.092238e-04	3.981934e-04	3.817381e-04	3.611852e-04
	3.378299e-04	3.127838e-04	2.869408e-04	2.609879e-04	2.354074e-04
	2.104820e-04	1.863176e-04	1.628809e-04	1.401386e-04	1.182667e-04
	9.774014e-05	7.917415e-05	6.303165e-05	4.947967e-05	3.840498e-05
	2.950209e-05	2.240642e-05	1.679105e-05	1.239760e-05	9.021010e-06
	6.479383e-06	4.600651e-06	3.229804e-06	2.239724e-06	1.532879e-06
	1.035279e-06	6.901562e-07	4.542310e-07	2.952200e-07	1.895394e-07
	1.201715e-07	7.499448e-08	4.568938e-08	2.685710e-08	1.506304e-08
	7.994355e-09	3.979928e-09	1.825986e-09	7.448608e-10	2.543918e-10
	6.708745e-11	1.244499e-11	1.551678e-12	1.377387e-13	9.792137e-15
	6.374674e-16	4.298958e-17	3.272813e-18	2.953492e-19	3.243323e-20
	4.405366e-21	7.507363e-22	1.622083e-22	4.441383e-23	1.515975e-23
	6.278703e-24	3.096806e-24	1.836184e-24	1.318252e-24	1.073473e-24
	9.019164e-25	7.462585e-25	6.003190e-25	4.659623e-25	3.451634e-25
	2.413145e-25	1.584907e-25	9.827990e-26	5.826872e-26	3.345698e-26
	1.873474e-26	1.025342e-26	5.483497e-27	2.861150e-27	1.453280e-27
	7.160749e-28	3.399196e-28	1.529267e-28	6.235629e-29	1.965143e-29
	1.000000e-60
massfraction-N-C3H7
	1.000000e-60	2.904937e-12	7.507391e-12	1.456343e-11	2.502535e-11
	4.008588e-11	6.118581e-11	8.998909e-11	1.283528e-10	1.782849e-10
	2.418940e-10	3.213354e-10	4.187592e-10	5.362617e-10	6.758443e-10
	8.393795e-10	1.028585e-09	1.245007e-09	1.490006e-09	1.764751e-09
	2.070218e-09	2.407186e-09	2.776234e-09	3.177731e-09	3.611797e-09
	4.078234e-09	4.576345e-09	5.104603e-09	5.659920e-09	6.235769e-09
	6.818062e-09	7.376377e-09	7.851109e-09	8.148769e-09	8.157573e-09
	7.779563e-09	6.986731e-09	5.901810e-09	4.787035e-09	3.860097e-09
	3.167053e-09	2.655253e-09	2.269410e-09	1.974580e-09	1.749232e-09
	1.579051e-09	1.453939e-09	1.367338e-09	1.315757e-09	1.298513e-09
	1.317341e-09	1.376566e-09	1.482752e-09	1.642904e-09	1.861161e-09
	2.135582e-09	2.457151e-09	2.811652e-09	3.183148e-09	3.556649e-09
	3.918836e-09	4.257512e-09	4.560630e-09	4.815721e-09	5.010118e-09
	5.131527e-09	5.168333e-09	5.109249e-09	4.943330e-09	4.664040e-09
	4.277962e-09	3.810607e-09	3.301021e-09	2.789673e-09	2.308051e-09
	1.873955e-09	1.493990e-09	1.168830e-09	8.969453e-10	6.756833e-10
	5.006474e-10	3.655181e-10	2.630749e-10	1.865303e-10	1.301948e-10
	8.943539e-11	6.046339e-11	4.022494e-11	2.633079e-11	1.696054e-11
	1.074818e-11	6.684237e-12	4.052624e-12	2.373879e-12	1.333180e-12
	7.142554e-13	3.626116e-13	1.715738e-13	7.311368e-14	2.651091e-14
	7.580825e-15	1.566857e-15	2.242341e-16	2.335321e-17	1.960905e-18
	1.491422e-19	1.147831e-20	9.721958e-22	9.561858e-23	1.126494e-23
	1.618891e-24	2.880200e-25	6.441279e-26	1.837763e-26	6.758496e-27
	3.212349e-27	1.978753e-27	1.608332e-27	1.736009e-27	2.318865e-27
	3.489289e-27	5.375997e-27	6.401093e-27	5.779946e-27	4.469761e-27
	3.116131e-27	1.999128e-27	1.202160e-27	6.922283e-28	3.883662e-28
	2.139555e-28	1.158578e-28	6.154504e-29	3.197282e-29	1.618994e-29
	7.957450e-30	3.769005e-30	1.692104e-30	6.886111e-31	2.166320e-31
	1.000000e-60
massfraction-I-C3H7
	1.000000e-60	6.983667e-11	1.804831e-10	3.501163e-10	6.016325e-10
	9.637091e-10	1.470992e-09	2.163497e-09	3.085895e-09	4.286493e-09
	5.816042e-09	7.726450e-09	1.006953e-08	1.289588e-08	1.625387e-08
	2.018893e-08	2.474290e-08	2.995376e-08	3.585537e-08	4.247750e-08
	4.984598e-08	5.798299e-08	6.690754e-08	7.663611e-08	8.718351e-08
	9.856440e-08	1.107955e-07	1.239001e-07	1.379160e-07	1.528992e-07
	1.689156e-07	1.859799e-07	2.039146e-07	2.222697e-07	2.404156e-07
	2.575573e-07	2.723907e-07	2.826873e-07	2.854144e-07	2.774986e-07
	2.568922e-07	2.239582e-07	1.829776e-07	1.418396e-07	1.079073e-07
	8.345345e-08	6.648584e-08	5.451081e-08	4.595918e-08	3.991820e-08
	3.580827e-08	3.326196e-08	3.206199e-08	3.207103e-08	3.315304e-08
	3.511937e-08	3.772468e-08	4.070187e-08	4.380477e-08	4.683113e-08
	4.962060e-08	5.204052e-08	5.397124e-08	5.529851e-08	5.591476e-08
	5.572353e-08	5.464117e-08	5.259278e-08	4.951943e-08	4.543053e-08
	4.048645e-08	3.502463e-08	2.946862e-08	2.419888e-08	1.946761e-08
	1.537925e-08	1.193499e-08	9.090696e-09	6.791649e-09	4.980696e-09
	3.592569e-09	2.553196e-09	1.788359e-09	1.233355e-09	8.365612e-10
	5.576920e-10	3.652061e-10	2.347306e-10	1.479268e-10	9.132117e-11
	5.515800e-11	3.248237e-11	1.851760e-11	1.013499e-11	5.303388e-12
	2.656955e-12	1.275223e-12	5.802775e-13	2.431578e-13	8.916638e-14
	2.668575e-14	6.000101e-15	9.665960e-16	1.151909e-16	1.102149e-17
	9.386046e-19	7.919741e-20	7.224365e-21	7.550252e-22	9.342092e-23
	1.390409e-23	2.508442e-24	5.506723e-25	1.474269e-25	4.837247e-26
	1.975066e-26	1.035539e-26	7.165596e-27	5.895210e-27	3.941172e-27
	1.918985e-27	8.688767e-28	4.149353e-28	2.115723e-28	1.125037e-28
	6.100229e-29	3.321678e-29	1.791569e-29	9.459808e-30	4.855789e-30
	2.411035e-30	1.152993e-30	5.289848e-31	2.319997e-31	9.697901e-32
	3.853449e-32	1.450424e-32	5.131714e-33	1.664426e-33	4.384643e-34
	1.000000e-60
massfraction-C3H8
	1.000000e+00	9.991661e-01	9.980732e-01	9.966750e-01	9.949283e-01
	9.927878e-01	9.902091e-01	9.871519e-01	9.835815e-01	9.794693e-01
	9.747925e-01	9.695343e-01	9.636827e-01	9.572308e-01	9.501751e-01
	9.425152e-01	9.342533e-01	9.253934e-01	9.159407e-01	9.059020e-01
	8.952845e-01	8.840960e-01	8.723448e-01	8.600391e-01	8.471864e-01
	8.337926e-01	8.198592e-01	8.053790e-01	7.903257e-01	7.746484e-01
	7.582712e-01	7.411353e-01	7.232949e-01	7.049267e-01	6.861539e-01
	6.669036e-01	6.470284e-01	6.265341e-01	6.055912e-01	5.843306e-01
	5.627037e-01	5.405286e-01	5.176101e-01	4.938051e-01	4.689971e-01
	4.430663e-01	4.158096e-01	3.871791e-01	3.572252e-01	3.260976e-01
	2.940066e-01	2.612955e-01	2.286265e-01	1.970409e-01	1.677105e-01
	1.415228e-01	1.188465e-01	9.958718e-02	8.337391e-02	6.974344e-02
	5.825752e-02	4.854802e-02	4.032217e-02	3.334880e-02	2.743707e-02
	2.242154e-02	1.815619e-02	1.451378e-02	1.139930e-02	8.762323e-03
	6.585355e-03	4.851449e-03	3.519125e-03	2.525001e-03	1.798060e-03
	1.271644e-03	8.915410e-04	6.178181e-04	4.222890e-04	2.847051e-04
	1.896322e-04	1.249460e-04	8.140195e-05	5.234176e-05	3.315553e-05
	2.066465e-05	1.265951e-05	7.612990e-06	4.487417e-06	2.589189e-06
	1.459991e-06	8.012577e-07	4.245079e-07	2.151109e-07	1.038039e-07
	4.781357e-08	2.106098e-08	8.781554e-09	3.361655e-09	1.119462e-09
	3.014306e-10	6.019318e-11	8.491247e-12	8.765390e-13	7.204966e-14
	5.224541e-15	3.712853e-16	2.814100e-17	2.403983e-18	2.384792e-19
	2.781466e-20	3.827777e-21	6.205871e-22	1.178439e-22	2.599963e-23
	6.633553e-24	1.968510e-24	6.917848e-25	2.924611e-25	1.472388e-25
	8.496923e-26	5.361954e-26	3.546187e-26	2.372898e-26	1.560832e-26
	9.885198e-27	5.974457e-27	3.459722e-27	1.944383e-27	1.073387e-27
	5.847318e-28	3.140520e-28	1.657920e-28	8.570642e-29	4.322462e-29
	2.117355e-29	9.999809e-30	4.478250e-30	1.818544e-30	5.710707e-31
	1.000000e-60
V [kg/(s*m^2)]
	1.601828e-01	1.540626e-01	1.480043e-01	1.420827e-01	1.363510e-01
	1.308278e-01	1.255167e-01	1.204179e-01	1.155282e-01	1.108415e-01
	1.063494e-01	1.020416e-01	9.790675e-02	9.393269e-02	9.010697e-02
	8.641724e-02	8.285146e-02	7.939816e-02	7.604655e-02	7.278660e-02
	6.960909e-02	6.650564e-02	6.346858e-02	6.049098e-02	5.756642e-02
	5.468879e-02	5.185186e-02	4.904837e-02	4.626866e-02	4.350000e-02
	4.072730e-02	3.794022e-02	3.514728e-02	3.237391e-02	2.963419e-02
	2.691267e-02	2.418538e-02	2.145120e-02	1.873016e-02	1.603508e-02
	1.335513e-02	1.066407e-02	7.935751e-03	5.151409e-03	2.295775e-03
	-6.497898e-04	-3.705448e-03	-6.884056e-03	-1.018690e-02	-1.360764e-02
	-1.713715e-02	-2.075577e-02	-2.441167e-02	-2.801007e-02	-3.143411e-02
	-3.458650e-02	-3.741734e-02	-3.992352e-02	-4.213332e-02	-4.408847e-02
	-4.583117e-02	-4.739815e-02	-4.881905e-02	-5.011729e-02	-5.131276e-02
	-5.242412e-02	-5.347038e-02	-5.447176e-02	-5.544643e-02	-5.640393e-02
	-5.734146e-02	-5.824743e-02	-5.911005e-02	-5.992223e-02	-6.068296e-02
	-6.139774e-02	-6.207606e-02	-6.272731e-02	-6.335759e-02	-6.396860e-02
	-6.455961e-02	-6.513067e-02	-6.568424e-02	-6.622417e-02	-6.675371e-02
	-6.727491e-02	-6.778937e-02	-6.829874e-02	-6.880471e-02	-6.930856e-02
	-6.981170e-02	-7.031751e-02	-7.083245e-02	-7.136339e-02	-7.191283e-02
	-7.247799e-02	-7.305650e-02	-7.365469e-02	-7.429270e-02	-7.500613e-02
	-7.584439e-02	-7.687722e-02	-7.817406e-02	-7.975513e-02	-8.159483e-02
	-8.363655e-02	-8.579667e-02	-8.799737e-02	-9.018875e-02	-9.234991e-02
	-9.448221e-02	-9.659859e-02	-9.871985e-02	-1.008775e-01	-1.031186e-01
	-1.055071e-01	-1.081183e-01	-1.110175e-01	-1.142227e-01	-1.176834e-01
	-1.213096e-01	-1.250534e-01	-1.289713e-01	-1.332173e-01	-1.379888e-01
	-1.434360e-01	-1.495629e-01	-1.562045e-01	-1.631060e-01	-1.700658e-01
	-1.770102e-01	-1.839472e-01	-1.909120e-01	-1.979422e-01	-2.050636e-01
	-2.122890e-01	-2.196193e-01	-2.270474e-01	-2.345585e-01	-2.421150e-01
	-2.496752e-01
density [kg/m^3]
	1.767629e+00	1.765438e+00	1.762600e+00	1.758920e+00	1.754161e+00
	1.748018e+00	1.740130e+00	1.730092e+00	1.717471e+00	1.701840e+00
	1.682804e+00	1.660039e+00	1.633331e+00	1.602596e+00	1.567903e+00
	1.529472e+00	1.487664e+00	1.442953e+00	1.395896e+00	1.347090e+00
	1.297140e+00	1.246625e+00	1.196076e+00	1.145956e+00	1.096654e+00
	1.048478e+00	1.001655e+00	9.563238e-01	9.125287e-01	8.702268e-01
	8.293180e-01	7.897604e-01	7.517502e-01	7.156468e-01	6.815901e-01
	6.493327e-01	6.185568e-01	5.892238e-01	5.614966e-01	5.354246e-01
	5.108223e-01	4.873962e-01	4.649008e-01	4.431898e-01	4.221700e-01
	4.017237e-01	3.818154e-01	3.624038e-01	3.435536e-01	3.253717e-01
	3.079592e-01	2.914413e-01	2.760378e-01	2.620554e-01	2.497676e-01
	2.392794e-01	2.304986e-01	2.232043e-01	2.171301e-01	2.120243e-01
	2.076777e-01	2.039278e-01	2.006521e-01	1.977583e-01	1.951737e-01
	1.928360e-01	1.906894e-01	1.886806e-01	1.867653e-01	1.849188e-01
	1.831418e-01	1.814516e-01	1.798659e-01	1.783944e-01	1.770365e-01
	1.757812e-01	1.746116e-01	1.735126e-01	1.724760e-01	1.715015e-01
	1.705928e-01	1.697521e-01	1.689778e-01	1.682670e-01	1.676182e-01
	1.670323e-01	1.665115e-01	1.660585e-01	1.656766e-01	1.653706e-01
	1.651457e-01	1.650074e-01	1.649630e-01	1.650238e-01	1.652031e-01
	1.655096e-01	1.659446e-01	1.665107e-01	1.672258e-01	1.681349e-01
	1.693142e-01	1.708856e-01	1.729947e-01	1.757467e-01	1.792205e-01
	1.834818e-01	1.885466e-01	1.943984e-01	2.010242e-01	2.084401e-01
	2.167101e-01	2.259439e-01	2.363086e-01	2.480709e-01	2.616663e-01
	2.777720e-01	2.973447e-01	3.214959e-01	3.510932e-01	3.862893e-01
	4.264820e-01	4.710742e-01	5.204595e-01	5.761983e-01	6.402166e-01
	7.129823e-01	7.914863e-01	8.692464e-01	9.391993e-01	9.971961e-01
	1.042689e+00	1.077083e+00	1.102376e+00	1.120537e+00	1.133280e+00
	1.142017e+00	1.147873e+00	1.151713e+00	1.154178e+00	1.155726e+00
	1.156679e+00
cp [J/m^3K]
	1.677129e+03	1.677333e+03	1.677663e+03	1.678216e+03	1.679133e+03
	1.680605e+03	1.682879e+03	1.686251e+03	1.691058e+03	1.697665e+03
	1.706446e+03	1.717757e+03	1.731917e+03	1.749184e+03	1.769737e+03
	1.793665e+03	1.820958e+03	1.851508e+03	1.885112e+03	1.921484e+03
	1.960267e+03	2.001048e+03	2.043373e+03	2.086762e+03	2.130725e+03
	2.174776e+03	2.218451e+03	2.261320e+03	2.303016e+03	2.343229e+03
	2.381683e+03	2.418017e+03	2.451644e+03	2.481868e+03	2.508269e+03
	2.530785e+03	2.549382e+03	2.563834e+03	2.573897e+03	2.579516e+03
	2.580759e+03	2.577639e+03	2.570039e+03	2.557746e+03	2.540476e+03
	2.517976e+03	2.488440e+03	2.448311e+03	2.402284e+03	2.350213e+03
	2.292161e+03	2.228577e+03	2.160777e+03	2.091254e+03	2.023258e+03
	1.959744e+03	1.902540e+03	1.852228e+03	1.808492e+03	1.770578e+03
	1.737636e+03	1.708895e+03	1.683713e+03	1.661572e+03	1.642029e+03
	1.624685e+03	1.609165e+03	1.595113e+03	1.582247e+03	1.570431e+03
	1.559684e+03	1.550085e+03	1.541659e+03	1.534346e+03	1.528014e+03
	1.522492e+03	1.517602e+03	1.513198e+03	1.509178e+03	1.505479e+03
	1.502063e+03	1.498892e+03	1.495922e+03	1.493110e+03	1.490423e+03
	1.487837e+03	1.485337e+03	1.482909e+03	1.480541e+03	1.478226e+03
	1.475958e+03	1.473720e+03	1.471483e+03	1.469218e+03	1.466910e+03
	1.464563e+03	1.462171e+03	1.459692e+03	1.457020e+03	1.453973e+03
	1.450292e+03	1.445585e+03	1.439399e+03	1.431464e+03	1.421738e+03
	1.410367e+03	1.397705e+03	1.384156e+03	1.370033e+03	1.355515e+03
	1.340661e+03	1.325454e+03	1.309824e+03	1.293619e+03	1.276579e+03
	1.258337e+03	1.238504e+03	1.216898e+03	1.193573e+03	1.166524e+03
	1.139083e+03	1.114333e+03	1.093089e+03	1.075025e+03	1.059685e+03
	1.046889e+03	1.036628e+03	1.028787e+03	1.023049e+03	1.018960e+03
	1.016074e+03	1.014041e+03	1.012612e+03	1.011614e+03	1.010922e+03
	1.010449e+03	1.010130e+03	1.009919e+03	1.009780e+03	1.009690e+03
	1.009633e+03
lambda [W/m]
	1.571348e-02	1.574754e-02	1.578968e-02	1.584242e-02	1.590912e-02
	1.599428e-02	1.610359e-02	1.624381e-02	1.642276e-02	1.664905e-02
	1.693192e-02	1.728089e-02	1.770547e-02	1.821485e-02	1.881757e-02
	1.952131e-02	2.033258e-02	2.125665e-02	2.229734e-02	2.345702e-02
	2.473655e-02	2.613530e-02	2.765128e-02	2.928124e-02	3.102084e-02
	3.286506e-02	3.480855e-02	3.684666e-02	3.897679e-02	4.119951e-02
	4.351837e-02	4.593397e-02	4.843043e-02	5.097507e-02	5.354370e-02
	5.613984e-02	5.877674e-02	6.144699e-02	6.412293e-02	6.678414e-02
	6.943401e-02	7.209169e-02	7.477627e-02	7.749898e-02	8.026620e-02
	8.308510e-02	8.593687e-02	8.874381e-02	9.161135e-02	9.451860e-02
	9.744215e-02	1.003510e-01	1.031926e-01	1.058902e-01	1.083639e-01
	1.105614e-01	1.124705e-01	1.141117e-01	1.155226e-01	1.167444e-01
	1.178146e-01	1.187636e-01	1.196152e-01	1.203876e-01	1.210961e-01
	1.217541e-01	1.223747e-01	1.229715e-01	1.235566e-01	1.241373e-01
	1.247126e-01	1.252758e-01	1.258188e-01	1.263354e-01	1.268225e-01
	1.272810e-01	1.277144e-01	1.281260e-01	1.285168e-01	1.288850e-01
	1.292274e-01	1.295412e-01	1.298256e-01	1.300801e-01	1.303037e-01
	1.304944e-01	1.306498e-01	1.307670e-01	1.308430e-01	1.308741e-01
	1.308562e-01	1.307848e-01	1.306534e-01	1.304530e-01	1.301751e-01
	1.298161e-01	1.293766e-01	1.288539e-01	1.282323e-01	1.274754e-01
	1.265251e-01	1.252927e-01	1.236807e-01	1.216416e-01	1.191746e-01
	1.163151e-01	1.131464e-01	1.097665e-01	1.062554e-01	1.026634e-01
	9.901206e-02	9.530543e-02	9.153477e-02	8.767326e-02	8.367021e-02
	7.945486e-02	7.495791e-02	7.016427e-02	6.516485e-02	6.006764e-02
	5.521197e-02	5.080519e-02	4.683386e-02	4.318763e-02	3.978066e-02
	3.662412e-02	3.382323e-02	3.149611e-02	2.968895e-02	2.835378e-02
	2.739302e-02	2.671083e-02	2.623113e-02	2.589733e-02	2.566810e-02
	2.551310e-02	2.541010e-02	2.534285e-02	2.529973e-02	2.527260e-02
	2.525581e-02
mu [kg/s^2m]
	8.255382e-06	8.263500e-06	8.274778e-06	8.290252e-06	8.311193e-06
	8.339197e-06	8.376202e-06	8.424449e-06	8.486451e-06	8.564923e-06
	8.662698e-06	8.782620e-06	8.927435e-06	9.099676e-06	9.301568e-06
	9.534950e-06	9.801224e-06	1.010133e-05	1.043577e-05	1.080461e-05
	1.120756e-05	1.164402e-05	1.211318e-05	1.261408e-05	1.314571e-05
	1.370712e-05	1.429758e-05	1.491681e-05	1.556546e-05	1.624542e-05
	1.695984e-05	1.771133e-05	1.849769e-05	1.931144e-05	2.014744e-05
	2.100944e-05	2.190475e-05	2.283402e-05	2.379051e-05	2.476922e-05
	2.577342e-05	2.681282e-05	2.789827e-05	2.903870e-05	3.024238e-05
	3.151967e-05	3.288244e-05	3.434027e-05	3.589717e-05	3.755214e-05
	3.930137e-05	4.113389e-05	4.301965e-05	4.490281e-05	4.671275e-05
	4.838825e-05	4.989501e-05	5.122673e-05	5.239654e-05	5.342641e-05
	5.433937e-05	5.515586e-05	5.589258e-05	5.656292e-05	5.717824e-05
	5.774914e-05	5.828623e-05	5.880066e-05	5.930247e-05	5.979726e-05
	6.028420e-05	6.075760e-05	6.121121e-05	6.164072e-05	6.204467e-05
	6.242493e-05	6.278542e-05	6.312995e-05	6.346050e-05	6.377666e-05
	6.407674e-05	6.435954e-05	6.462517e-05	6.487432e-05	6.510727e-05
	6.532360e-05	6.552255e-05	6.570325e-05	6.586465e-05	6.600541e-05
	6.612405e-05	6.621936e-05	6.629004e-05	6.633384e-05	6.634756e-05
	6.632881e-05	6.627721e-05	6.619309e-05	6.607418e-05	6.591272e-05
	6.569421e-05	6.539449e-05	6.498363e-05	6.443930e-05	6.374641e-05
	6.289743e-05	6.190117e-05	6.077796e-05	5.954993e-05	5.823444e-05
	5.684096e-05	5.537300e-05	5.382842e-05	5.219641e-05	5.045371e-05
	4.856491e-05	4.649092e-05	4.421385e-05	4.177173e-05	3.926643e-05
	3.681993e-05	3.450546e-05	3.231980e-05	3.021850e-05	2.816972e-05
	2.619944e-05	2.439698e-05	2.286442e-05	2.165478e-05	2.075132e-05
	2.009667e-05	1.962984e-05	1.930079e-05	1.907161e-05	1.891423e-05
	1.880796e-05	1.873749e-05	1.869165e-05	1.866240e-05	1.864412e-05
	1.863292e-05
mDot_C3H8 [kg/m^3s]
	0.000000e+00	-5.476371e-13	-1.173786e-12	-1.889355e-12	-2.707946e-12
	-3.676445e-12	-4.893498e-12	-6.528719e-12	-8.858606e-12	-1.233642e-11
	-1.772534e-11	-2.635071e-11	-4.058356e-11	-6.478532e-11	-1.071937e-10
	-1.837683e-10	-3.261903e-10	-5.988011e-10	-1.134966e-09	-2.215828e-09
	-4.441275e-09	-9.099383e-09	-1.895514e-08	-3.990271e-08	-8.434099e-08
	-1.778744e-07	-3.722228e-07	-7.694980e-07	-1.567325e-06	-3.142371e-06
	-6.204347e-06	-1.206179e-05	-2.299896e-05	-4.272669e-05	-7.710814e-05
	-1.357044e-04	-2.341871e-04	-3.966740e-04	-6.579357e-04	-1.068368e-03
	-1.705416e-03	-2.692748e-03	-4.228568e-03	-6.629907e-03	-1.041232e-02
	-1.644023e-02	-2.618909e-02	-4.217577e-02	-6.867985e-02	-1.130150e-01
	-1.878185e-01	-3.147000e-01	-5.285383e-01	-8.796044e-01	-1.429142e+00
	-2.236756e+00	-3.344500e+00	-4.766294e+00	-6.488472e+00	-8.477265e+00
	-1.068509e+01	-1.305275e+01	-1.550776e+01	-1.796258e+01	-2.031679e+01
	-2.246223e+01	-2.428731e+01	-2.567659e+01	-2.650229e+01	-2.662958e+01
	-2.596433e+01	-2.452148e+01	-2.244573e+01	-1.996420e+01	-1.731231e+01
	-1.467470e+01	-1.217123e+01	-9.875437e+00	-7.835916e+00	-6.084503e+00
	-4.631194e+00	-3.460776e+00	-2.539893e+00	-1.829198e+00	-1.291395e+00
	-8.931119e-01	-6.046710e-01	-4.003956e-01	-2.590039e-01	-1.634856e-01
	-1.005469e-01	-6.002954e-02	-3.453371e-02	-1.897579e-02	-9.911721e-03
	-4.926016e-03	-2.330582e-03	-1.038737e-03	-4.233348e-04	-1.496392e-04
	-4.264222e-05	-8.968006e-06	-1.318159e-06	-1.390022e-07	-1.135774e-08
	-7.938039e-10	-5.274338e-11	-3.636543e-12	-2.758595e-13	-2.377052e-14
	-2.356329e-15	-2.692855e-16	-3.531481e-17	-5.255242e-18	-8.726705e-19
	-1.589232e-19	-3.143741e-20	-6.805269e-21	-1.652079e-21	-4.622877e-22
	-1.509330e-22	-5.654147e-23	-2.323432e-23	-9.900736e-24	-4.162059e-24
	-1.675212e-24	-6.437874e-25	-2.405426e-25	-8.949654e-26	-3.361866e-26
	-1.272901e-26	-4.810528e-27	-1.793158e-27	-6.513383e-28	-2.277746e-28
	-7.560596e-29	-2.332074e-29	-6.416615e-30	-1.427599e-30	-1.849939e-31
	0.000000e+00
ScalarDissRate [1/s]
	1.709314e-05	3.122249e-05	8.779057e-05	2.342627e-04	5.900887e-04
	1.402737e-03	3.151258e-03	6.702006e-03	1.352359e-02	2.595650e-02
	4.751937e-02	8.322041e-02	1.398333e-01	2.260948e-01	3.527864e-01
	5.326749e-01	7.803002e-01	1.111615e+00	1.543490e+00	2.093113e+00
	2.777310e+00	3.611828e+00	4.610609e+00	5.785116e+00	7.143738e+00
	8.691393e+00	1.042940e+01	1.235595e+01	1.446738e+01	1.675927e+01
	1.922631e+01	2.185532e+01	2.460950e+01	2.742758e+01	3.025339e+01
	3.305788e+01	3.581833e+01	3.848665e+01	4.099563e+01	4.329076e+01
	4.534261e+01	4.713251e+01	4.863584e+01	4.981785e+01	5.064128e+01
	5.105517e+01	5.100809e+01	5.046510e+01	4.938964e+01	4.779282e+01
	4.569756e+01	4.316145e+01	4.029442e+01	3.726606e+01	3.427399e+01
	3.148467e+01	2.899353e+01	2.682621e+01	2.496216e+01	2.336040e+01
	2.197707e+01	2.077326e+01	1.971724e+01	1.878379e+01	1.795200e+01
	1.720344e+01	1.652108e+01	1.588868e+01	1.529268e+01	1.472583e+01
	1.418836e+01	1.368502e+01	1.321993e+01	1.279418e+01	1.240561e+01
	1.204909e+01	1.171803e+01	1.140648e+01	1.111049e+01	1.082841e+01
	1.055986e+01	1.030418e+01	1.005971e+01	9.824352e+00	9.596359e+00
	9.374614e+00	9.158265e+00	8.946473e+00	8.738451e+00	8.533599e+00
	8.331318e+00	8.130258e+00	7.927940e+00	7.721868e+00	7.511367e+00
	7.297845e+00	7.082543e+00	6.863573e+00	6.634413e+00	6.383918e+00
	6.097862e+00	5.758171e+00	5.351591e+00	4.885002e+00	4.380496e+00
	3.866382e+00	3.372006e+00	2.917892e+00	2.512736e+00	2.156625e+00
	1.845101e+00	1.572517e+00	1.333296e+00	1.122088e+00	9.338922e-01
	7.645845e-01	6.117042e-01	4.752967e-01	3.576939e-01	2.617064e-01
	1.875846e-01	1.324124e-01	9.169882e-02	6.150054e-02	3.924724e-02
	2.348784e-02	1.314132e-02	6.948078e-03	3.538503e-03	1.763769e-03
	8.652880e-04	4.171677e-04	1.968383e-04	9.049184e-05	4.039182e-05
	1.746566e-05	7.308700e-06	2.959311e-06	1.160142e-06	4.418074e-07
	2.549227e-07
ZBilger
	1.000000e+00	9.993210e-01	9.984183e-01	9.972502e-01	9.957772e-01
	9.939583e-01	9.917528e-01	9.891242e-01	9.860403e-01	9.824744e-01
	9.784051e-01	9.738164e-01	9.686970e-01	9.630398e-01	9.568415e-01
	9.501014e-01	9.428214e-01	9.350054e-01	9.266585e-01	9.177872e-01
	9.083985e-01	8.985003e-01	8.881007e-01	8.772078e-01	8.658293e-01
	8.539710e-01	8.416354e-01	8.288165e-01	8.154923e-01	8.016180e-01
	7.871274e-01	7.719692e-01	7.561920e-01	7.399527e-01	7.233606e-01
	7.063517e-01	6.887961e-01	6.706994e-01	6.522125e-01	6.334511e-01
	6.143723e-01	5.948160e-01	5.746102e-01	5.536292e-01	5.317708e-01
	5.089229e-01	4.849209e-01	4.597159e-01	4.333522e-01	4.059603e-01
	3.777228e-01	3.489362e-01	3.201731e-01	2.923339e-01	2.664284e-01
	2.432153e-01	2.229999e-01	2.056868e-01	1.909434e-01	1.783599e-01
	1.675510e-01	1.581941e-01	1.500345e-01	1.428731e-01	1.365467e-01
	1.309120e-01	1.258377e-01	1.212007e-01	1.169015e-01	1.128888e-01
	1.091641e-01	1.057555e-01	1.026796e-01	9.992813e-02	9.747082e-02
	9.526001e-02	9.324284e-02	9.137386e-02	8.962245e-02	8.797349e-02
	8.642024e-02	8.495520e-02	8.356625e-02	8.223956e-02	8.096441e-02
	7.973426e-02	7.854466e-02	7.739178e-02	7.627260e-02	7.518548e-02
	7.412902e-02	7.309808e-02	7.208194e-02	7.107010e-02	7.006050e-02
	6.905899e-02	6.806752e-02	6.707102e-02	6.603150e-02	6.488708e-02
	6.355482e-02	6.191995e-02	5.987056e-02	5.738102e-02	5.450881e-02
	5.136325e-02	4.809033e-02	4.481978e-02	4.163495e-02	3.857490e-02
	3.564693e-02	3.284390e-02	3.015116e-02	2.754529e-02	2.499294e-02
	2.245577e-02	1.990385e-02	1.734063e-02	1.482476e-02	1.245777e-02
	1.033147e-02	8.474818e-03	6.853880e-03	5.415662e-03	4.128762e-03
	3.002750e-03	2.074138e-03	1.367213e-03	8.691483e-04	5.372781e-04
	3.230342e-04	1.876338e-04	1.040074e-04	5.396188e-05	2.535286e-05
	1.005636e-05	2.684100e-06	-2.538800e-07	-9.274710e-07	-6.121995e-07
	0.000000e+00
ScalarDissRateBilger [1/s]
	2.669003e-03	3.672655e-03	6.538535e-03	1.129008e-02	1.886511e-02
	3.052432e-02	4.789878e-02	7.301217e-02	1.082935e-01	1.565725e-01
	2.210611e-01	3.053238e-01	4.132418e-01	5.489745e-01	7.169206e-01
	9.216814e-01	1.168026e+00	1.460862e+00	1.805199e+00	2.206125e+00
	2.668766e+00	3.198258e+00	3.799706e+00	4.478155e+00	5.238572e+00
	6.085884e+00	7.025102e+00	8.061720e+00	9.202539e+00	1.045649e+01
	1.183494e+01	1.334826e+01	1.499628e+01	1.676532e+01	1.864365e+01
	2.063706e+01	2.275840e+01	2.500330e+01	2.734694e+01	2.976566e+01
	3.225353e+01	3.481729e+01	3.746178e+01	4.018039e+01	4.292798e+01
	4.573112e+01	4.856190e+01	5.130988e+01	5.388388e+01	5.616187e+01
	5.800416e+01	5.925889e+01	5.978002e+01	5.947676e+01	5.836756e+01
	5.658346e+01	5.431280e+01	5.173678e+01	4.899329e+01	4.617259e+01
	4.333003e+01	4.050042e+01	3.770886e+01	3.497642e+01	3.231996e+01
	2.974980e+01	2.726819e+01	2.486923e+01	2.254963e+01	2.032691e+01
	1.824576e+01	1.636107e+01	1.471035e+01	1.330255e+01	1.212167e+01
	1.113544e+01	1.030732e+01	9.605343e+00	9.005261e+00	8.489472e+00
	8.043539e+00	7.653536e+00	7.305646e+00	6.987255e+00	6.687908e+00
	6.399231e+00	6.114348e+00	5.827640e+00	5.535038e+00	5.234584e+00
	4.926644e+00	4.613137e+00	4.297151e+00	3.985028e+00	3.688936e+00
	3.424658e+00	3.204443e+00	3.032065e+00	2.904294e+00	2.814742e+00
	2.755002e+00	2.711038e+00	2.661630e+00	2.586717e+00	2.481078e+00
	2.353619e+00	2.215692e+00	2.073211e+00	1.927371e+00	1.777886e+00
	1.624603e+00	1.468011e+00	1.309099e+00	1.148962e+00	9.886520e-01
	8.295762e-01	6.743959e-01	5.280665e-01	3.975423e-01	2.891077e-01
	2.046215e-01	1.415134e-01	9.511764e-02	6.118824e-02	3.688053e-02
	2.044556e-02	1.036506e-02	4.856630e-03	2.147627e-03	9.115559e-04
	3.725037e-04	1.453828e-04	5.340087e-05	1.808277e-05	5.483296e-06
	1.420403e-06	2.859998e-07	3.432061e-08	3.387563e-10	2.177310e-09
	3.794328e-09
ChiAnalytOverChiStoich
	1.000000e-10	1.000000e-10	1.000000e-10	3.680042e-03	1.310821e-02
	2.622570e-02	4.426343e-02	6.872698e-02	1.013924e-01	1.442783e-01
	1.995949e-01	2.696721e-01	3.568737e-01	4.635025e-01	5.917067e-01
	7.433910e-01	9.201398e-01	1.123155e+00	1.353210e+00	1.610626e+00
	1.895257e+00	2.206502e+00	2.543326e+00	2.904294e+00	3.287630e+00
	3.691289e+00	4.113068e+00	4.550794e+00	5.002616e+00	5.467156e+00
	5.943394e+00	6.429328e+00	6.919337e+00	7.404497e+00	7.877754e+00
	8.337112e+00	8.781631e+00	9.206148e+00	9.602301e+00	9.963449e+00
	1.028646e+01	1.056932e+01	1.080849e+01	1.099806e+01	1.113042e+01
	1.119660e+01	1.118607e+01	1.108685e+01	1.088756e+01	1.057952e+01
	1.015816e+01	9.625617e+00	8.996444e+00	8.302595e+00	7.589312e+00
	6.901248e+00	6.269583e+00	5.708519e+00	5.218991e+00	4.794701e+00
	4.426958e+00	4.107234e+00	3.828156e+00	3.583590e+00	3.368251e+00
	3.177339e+00	3.006373e+00	2.851131e+00	2.708204e+00	2.575809e+00
	2.453904e+00	2.343266e+00	2.244258e+00	2.156417e+00	2.078585e+00
	2.009089e+00	1.946140e+00	1.888225e+00	1.834326e+00	1.783924e+00
	1.736761e+00	1.692567e+00	1.650935e+00	1.611419e+00	1.573675e+00
	1.537488e+00	1.502709e+00	1.469212e+00	1.436892e+00	1.405691e+00
	1.375554e+00	1.346325e+00	1.317693e+00	1.289359e+00	1.261269e+00
	1.233584e+00	1.206358e+00	1.179179e+00	1.151027e+00	1.120276e+00
	1.084803e+00	1.041764e+00	9.885978e-01	9.252316e-01	8.538564e-01
	7.779194e-01	7.015114e-01	6.279529e-01	5.591478e-01	4.957973e-01
	4.378337e-01	3.848840e-01	3.364581e-01	2.919645e-01	2.507321e-01
	2.121343e-01	1.758044e-01	1.419224e-01	1.113012e-01	8.495906e-02
	6.340169e-02	4.625606e-02	3.259924e-02	2.152886e-02	1.247417e-02
	5.222194e-03	1.000000e-10	1.000000e-10	1.000000e-10	1.000000e-10
	1.000000e-10	1.000000e-10	1.000000e-10	1.000000e-10	1.000000e-10
	1.000000e-10	1.000000e-10	1.000000e-10	1.000000e-10	1.000000e-10
	1.000000e-10
ChiKWOverChiKWStoich
	5.994870e-11	5.995898e-11	5.997232e-11	2.207645e-03	7.866528e-03
	1.574629e-02	2.659311e-02	4.132393e-02	6.102730e-02	8.695150e-02
	1.204798e-01	1.630948e-01	2.163338e-01	2.817406e-01	3.608153e-01
	4.549654e-01	5.654620e-01	6.934005e-01	8.396690e-01	1.004924e+00
	1.189572e+00	1.393765e+00	1.617395e+00	1.860105e+00	2.121312e+00
	2.400239e+00	2.695984e+00	3.007645e+00	3.334537e+00	3.676332e+00
	4.033010e+00	4.403877e+00	4.785445e+00	5.171407e+00	5.556566e+00
	5.939650e+00	6.320373e+00	6.694913e+00	7.056354e+00	7.398836e+00
	7.719518e+00	8.016839e+00	8.288078e+00	8.528393e+00	8.731260e+00
	8.888975e+00	8.991823e+00	9.028406e+00	8.986463e+00	8.854745e+00
	8.624637e+00	8.292367e+00	7.863970e+00	7.360729e+00	6.817918e+00
	6.274308e+00	5.760292e+00	5.292876e+00	4.877297e+00	4.511551e+00
	4.190542e+00	3.908522e+00	3.660189e+00	3.440950e+00	3.246697e+00
	3.073560e+00	2.917805e+00	2.775823e+00	2.644664e+00	2.522818e+00
	2.410346e+00	2.308055e+00	2.216347e+00	2.134851e+00	2.062524e+00
	1.997837e+00	1.939137e+00	1.885019e+00	1.834530e+00	1.787183e+00
	1.742736e+00	1.700936e+00	1.661402e+00	1.623714e+00	1.587546e+00
	1.552693e+00	1.519015e+00	1.486388e+00	1.454711e+00	1.423925e+00
	1.393977e+00	1.364706e+00	1.335792e+00	1.306922e+00	1.278025e+00
	1.249266e+00	1.220717e+00	1.191976e+00	1.162001e+00	1.129093e+00
	1.091022e+00	1.044805e+00	9.878108e-01	9.201046e-01	8.441464e-01
	7.636885e-01	6.831260e-01	6.060005e-01	5.343249e-01	4.688221e-01
	4.093954e-01	3.556241e-01	3.069664e-01	2.627847e-01	2.223789e-01
	1.851178e-01	1.506497e-01	1.191536e-01	9.136245e-02	6.809793e-02
	4.961482e-02	3.536139e-02	2.436169e-02	1.573199e-02	8.913269e-03
	3.649991e-03	6.846773e-11	6.725812e-11	6.630665e-11	6.559853e-11
	6.508699e-11	6.472304e-11	6.446691e-11	6.428866e-11	6.416630e-11
	6.408365e-11	6.402881e-11	6.399309e-11	6.397027e-11	6.395597e-11
	6.394719e-11
ChiKWFact
	5.994870e-01	5.995898e-01	5.997232e-01	5.998967e-01	6.001221e-01
	6.004143e-01	6.007920e-01	6.012767e-01	6.018925e-01	6.026653e-01
	6.036220e-01	6.047891e-01	6.061915e-01	6.078514e-01	6.097875e-01
	6.120136e-01	6.145393e-01	6.173686e-01	6.205016e-01	6.239338e-01
	6.276576e-01	6.316626e-01	6.359369e-01	6.404672e-01	6.452404e-01
	6.502441e-01	6.554678e-01	6.609054e-01	6.665587e-01	6.724396e-01
	6.785702e-01	6.849668e-01	6.916046e-01	6.984144e-01	7.053491e-01
	7.124350e-01	7.197265e-01	7.272220e-01	7.348607e-01	7.425978e-01
	7.504546e-01	7.585010e-01	7.668121e-01	7.754454e-01	7.844503e-01
	7.938994e-01	8.038410e-01	8.143349e-01	8.253881e-01	8.369707e-01
	8.490353e-01	8.614893e-01	8.741198e-01	8.865577e-01	8.983579e-01
	9.091556e-01	9.187679e-01	9.271889e-01	9.345287e-01	9.409452e-01
	9.465964e-01	9.516190e-01	9.561231e-01	9.601962e-01	9.639120e-01
	9.673378e-01	9.705400e-01	9.735866e-01	9.765380e-01	9.794272e-01
	9.822496e-01	9.849731e-01	9.875636e-01	9.899989e-01	9.922734e-01
	9.943999e-01	9.964020e-01	9.983020e-01	1.000111e+00	1.001827e+00
	1.003440e+00	1.004945e+00	1.006340e+00	1.007630e+00	1.008814e+00
	1.009890e+00	1.010851e+00	1.011691e+00	1.012401e+00	1.012972e+00
	1.013393e+00	1.013652e+00	1.013736e+00	1.013621e+00	1.013286e+00
	1.012713e+00	1.011902e+00	1.010852e+00	1.009534e+00	1.007870e+00
	1.005733e+00	1.002919e+00	9.992038e-01	9.944586e-01	9.886280e-01
	9.817064e-01	9.737917e-01	9.650413e-01	9.556058e-01	9.455923e-01
	9.350478e-01	9.239774e-01	9.123466e-01	9.000573e-01	8.869183e-01
	8.726443e-01	8.569166e-01	8.395691e-01	8.208577e-01	8.015382e-01
	7.825473e-01	7.644702e-01	7.473084e-01	7.307393e-01	7.145379e-01
	6.989382e-01	6.846773e-01	6.725812e-01	6.630665e-01	6.559853e-01
	6.508699e-01	6.472304e-01	6.446691e-01	6.428866e-01	6.416630e-01
	6.408365e-01	6.402881e-01	6.399309e-01	6.397027e-01	6.395597e-01
	6.394719e-01
MolarMass [kg/kmole]
	4.409000e+01	4.404630e+01	4.399384e+01	4.393166e+01	4.385892e+01
	4.377469e+01	4.367806e+01	4.356832e+01	4.344492e+01	4.330753e+01
	4.315602e+01	4.299042e+01	4.281094e+01	4.261791e+01	4.241177e+01
	4.219303e+01	4.196228e+01	4.172015e+01	4.146728e+01	4.120433e+01
	4.093199e+01	4.065092e+01	4.036177e+01	4.006520e+01	3.976180e+01
	3.945212e+01	3.913660e+01	3.881546e+01	3.848855e+01	3.815520e+01
	3.781433e+01	3.746533e+01	3.710990e+01	3.675199e+01	3.639422e+01
	3.603539e+01	3.567305e+01	3.530772e+01	3.494269e+01	3.458034e+01
	3.421987e+01	3.385841e+01	3.349313e+01	3.312228e+01	3.274468e+01
	3.235711e+01	3.196180e+01	3.155682e+01	3.114383e+01	3.072572e+01
	3.030586e+01	2.988900e+01	2.948332e+01	2.910072e+01	2.875356e+01
	2.845003e+01	2.819207e+01	2.797667e+01	2.779819e+01	2.765047e+01
	2.752801e+01	2.742634e+01	2.734199e+01	2.727228e+01	2.721503e+01
	2.716839e+01	2.713084e+01	2.710110e+01	2.707835e+01	2.706222e+01
	2.705255e+01	2.704899e+01	2.705076e+01	2.705684e+01	2.706615e+01
	2.707783e+01	2.709127e+01	2.710610e+01	2.712201e+01	2.713869e+01
	2.715584e+01	2.717320e+01	2.719065e+01	2.720818e+01	2.722579e+01
	2.724348e+01	2.726126e+01	2.727917e+01	2.729727e+01	2.731560e+01
	2.733424e+01	2.735334e+01	2.737317e+01	2.739403e+01	2.741603e+01
	2.743907e+01	2.746298e+01	2.748790e+01	2.751449e+01	2.754397e+01
	2.757787e+01	2.761802e+01	2.766535e+01	2.771826e+01	2.777378e+01
	2.782912e+01	2.788210e+01	2.793166e+01	2.797771e+01	2.802066e+01
	2.806115e+01	2.809979e+01	2.813715e+01	2.817382e+01	2.821049e+01
	2.824798e+01	2.828713e+01	2.832843e+01	2.837167e+01	2.841577e+01
	2.845926e+01	2.850131e+01	2.854218e+01	2.858279e+01	2.862385e+01
	2.866491e+01	2.870405e+01	2.873877e+01	2.876740e+01	2.878975e+01
	2.880670e+01	2.881936e+01	2.882873e+01	2.883560e+01	2.884058e+01
	2.884414e+01	2.884666e+01	2.884842e+01	2.884964e+01	2.885048e+01
	2.885106e+01
TotalEnthalpy [J/kg]
	-2.352410e+06	-2.352138e+06	-2.351766e+06	-2.351257e+06	-2.350561e+06
	-2.349610e+06	-2.348318e+06	-2.346582e+06	-2.344278e+06	-2.341268e+06
	-2.337399e+06	-2.332509e+06	-2.326434e+06	-2.319006e+06	-2.310062e+06
	-2.299449e+06	-2.287022e+06	-2.272651e+06	-2.256222e+06	-2.237635e+06
	-2.216813e+06	-2.193694e+06	-2.168236e+06	-2.140414e+06	-2.110220e+06
	-2.077660e+06	-2.042745e+06	-2.005477e+06	-1.965822e+06	-1.923685e+06
	-1.878912e+06	-1.831405e+06	-1.781396e+06	-1.729493e+06	-1.676183e+06
	-1.621405e+06	-1.564897e+06	-1.506849e+06	-1.447927e+06	-1.388685e+06
	-1.329170e+06	-1.269086e+06	-1.208143e+06	-1.146245e+06	-1.083422e+06
	-1.019758e+06	-9.552238e+05	-8.903304e+05	-8.258293e+05	-7.626878e+05
	-7.019543e+05	-6.448125e+05	-5.927299e+05	-5.472508e+05	-5.093847e+05
	-4.791300e+05	-4.555814e+05	-4.374123e+05	-4.232990e+05	-4.121389e+05
	-4.031009e+05	-3.955885e+05	-3.891834e+05	-3.835934e+05	-3.786090e+05
	-3.740735e+05	-3.698623e+05	-3.658702e+05	-3.620185e+05	-3.582785e+05
	-3.546851e+05	-3.513180e+05	-3.482607e+05	-3.455733e+05	-3.432839e+05
	-3.413909e+05	-3.398793e+05	-3.387386e+05	-3.379696e+05	-3.375786e+05
	-3.375656e+05	-3.379192e+05	-3.386215e+05	-3.396538e+05	-3.409954e+05
	-3.426191e+05	-3.444887e+05	-3.465592e+05	-3.487750e+05	-3.510665e+05
	-3.533506e+05	-3.555389e+05	-3.575374e+05	-3.592240e+05	-3.604294e+05
	-3.609610e+05	-3.606471e+05	-3.593286e+05	-3.567670e+05	-3.524977e+05
	-3.456744e+05	-3.348396e+05	-3.180618e+05	-2.940932e+05	-2.633401e+05
	-2.280055e+05	-1.915046e+05	-1.569791e+05	-1.263751e+05	-1.004629e+05
	-7.924506e+04	-6.237678e+04	-4.938403e+04	-3.976101e+04	-3.303540e+04
	-2.881226e+04	-2.675877e+04	-2.649655e+04	-2.744007e+04	-2.872404e+04
	-2.952533e+04	-2.948310e+04	-2.854913e+04	-2.674872e+04	-2.409644e+04
	-2.068039e+04	-1.678888e+04	-1.288375e+04	-9.393430e+03	-6.527930e+03
	-4.287523e+03	-2.579654e+03	-1.296180e+03	-3.412756e+02	3.622463e+02
	8.749632e+02	1.244042e+03	1.506138e+03	1.689491e+03	1.815496e+03
	1.900584e+03
trailer
Lewis numbers evaluated at maximum consumption
N2	-1
O2	0.99909
@ Z = 0.0764146
H	0.169322
@ Z = 0.0979169
OH	0.666621
@ Z = 0.0863514
O	0.652205
@ Z = 0.080818
H2	0.276764
@ Z = 0.0711164
H2O	-1
HO2	1.00347
@ Z = 0.00782413
H2O2	0.985555
@ Z = 0.0330085
CO	1.00347
@ Z = 0.0657628
CO2	1.289
@ Z = 0.0919034
CH	0.605806
@ Z = 0.0731137
CHO	1.14622
@ Z = 0.0711164
CH2	0.875462
@ Z = 0.0748437
CH2O	1.15766
@ Z = 0.0731137
CH3	0.914481
@ Z = 0.080818
CH4	0.922258
@ Z = 0.0963517
C2H6	1.33045
@ Z = 0.110913
C2H	1.18284
@ Z = 0.0764146
C2H2	1.19937
@ Z = 0.0822417
CHCO	0.80602
@ Z = 0.0779079
C3H3	1.62605
@ Z = 0.080818
C2H3	1.21503
@ Z = 0.0904842
C2H4	1.21356
@ Z = 0.104843
C2H5	1.32458
@ Z = 0.0933509
C3H4	1.58748
@ Z = 0.0793709
C3H5	1.63126
@ Z = 0.0764146
C3H6	1.69945
@ Z = 0.110913
N-C3H7	1.71219
@ Z = 0.104843
I-C3H7	1.06867
@ Z = 0.484306
C3H8	1.68484
@ Z = 0.127437
Lewis numbers evaluated at maximum formation
N2	-1
O2	1.00674
@ Z = 0.0132181
H	0.166915
@ Z = 0.0748437
OH	0.657859
@ Z = 0.0687075
O	0.640079
@ Z = 0.058414
H2	0.278866
@ Z = 0.106772
H2O	0.743705
@ Z = 0.0764146
HO2	0.986257
@ Z = 0.0154655
H2O2	0.987113
@ Z = 0.02272
CO	1.01645
@ Z = 0.0822417
CO2	1.2719
@ Z = 0.0687075
CH	0.610213
@ Z = 0.0822417
CHO	1.15474
@ Z = 0.080818
CH2	0.882108
@ Z = 0.0863514
CH2O	1.16685
@ Z = 0.0849974
CH3	0.917941
@ Z = 0.101228
CH4	0.889716
@ Z = 0.13428
C2H6	1.25195
@ Z = 0.150743
C2H	1.19074
@ Z = 0.0890884
C2H2	1.19187
@ Z = 0.113183
CHCO	0.81154
@ Z = 0.094832
C3H3	1.63256
@ Z = 0.094832
C2H3	1.2109
@ Z = 0.110913
C2H4	1.15876
@ Z = 0.141835
C2H5	1.31193
@ Z = 0.118285
C3H4	1.59511
@ Z = 0.094832
C3H5	1.6423
@ Z = 0.0919034
C3H6	1.53924
@ Z = 0.168491
N-C3H7	1.67774
@ Z = 0.127437
I-C3H7	1.00983
@ Z = 0.601102
C3H8	-1
Lewis numbers evaluated at maximum mass fraction
N2	0.921314
@ Z = 5.01799e-06
O2	1.05235
@ Z = 5.01799e-06
H	0.165826
@ Z = 0.0687075
OH	0.65238
@ Z = 0.058414
O	0.636554
@ Z = 0.0501984
H2	0.270339
@ Z = 0.13428
H2O	0.750054
@ Z = 0.0933509
HO2	0.983678
@ Z = 0.0178502
H2O2	0.987113
@ Z = 0.02272
CO	1.01928
@ Z = 0.102996
CO2	1.27904
@ Z = 0.0748437
CH	0.610692
@ Z = 0.0836332
CHO	1.15571
@ Z = 0.0822417
CH2	0.882874
@ Z = 0.0890884
CH2O	1.04616
@ Z = 0.176175
CH3	0.914787
@ Z = 0.110913
CH4	0.798911
@ Z = 0.185131
C2H6	1.0846
@ Z = 0.223139
C2H	1.19135
@ Z = 0.0919034
C2H2	1.12196
@ Z = 0.150743
CHCO	0.791836
@ Z = 0.130794
C3H3	1.63233
@ Z = 0.099538
C2H3	1.2091
@ Z = 0.113183
C2H4	1.03719
@ Z = 0.195688
C2H5	1.30787
@ Z = 0.12115
C3H4	1.59294
@ Z = 0.104843
C3H5	1.36876
@ Z = 0.208231
C3H6	1.3844
@ Z = 0.223139
N-C3H7	0.971188
@ Z = 0.713064
I-C3H7	1.00084
@ Z = 0.623917
C3H8	0.822437
@ Z = 0.999946
