header

title = "planar counterflow diffusion flame"
author = ""
date = "Wed Aug 14 12:17:13 2013"

fuel = "C3H8"
pressure = 1 [bar]
strainrate = 100 [1/s]
chiStoichAnal = 2.83298 [1/s]
chiStoichAnalKW = 4.43019 [1/s]
FlameLocZ = 0.0813948 [K]
FlameLocBilger = 0.0704865 [K]
Tmax = 1996.42 [K]
stoichScalarDissRate = 4.62759 [1/s]
stoichScalarDissRateBilger = 2.6725 [1/s]

OxidizerSide
begin
	Temperature = 300 [K]
	Massfraction-N2 = 0.76708
	Massfraction-O2 = 0.23292
	Molefraction-N2 = 0.79
	Molefraction-O2 = 0.21
end

FuelSide
begin
	Temperature = 300 [K]
	Massfraction-C3H8 = 1
	Molefraction-C3H8 = 1
end

numOfSpecies = 31
gridPoints = 141

body
eta
	0.000000e+00	1.625218e-01	3.233668e-01	4.805402e-01	6.326127e-01
	7.790657e-01	9.197508e-01	1.054606e+00	1.183650e+00	1.306970e+00
	1.424713e+00	1.537069e+00	1.644262e+00	1.746531e+00	1.844127e+00
	1.937303e+00	2.026308e+00	2.111382e+00	2.192754e+00	2.270642e+00
	2.345251e+00	2.416774e+00	2.485392e+00	2.551274e+00	2.614584e+00
	2.675479e+00	2.734128e+00	2.790713e+00	2.845459e+00	2.898651e+00
	2.950649e+00	3.001687e+00	3.051534e+00	3.099656e+00	3.145884e+00
	3.190621e+00	3.234289e+00	3.276870e+00	3.318098e+00	3.357915e+00
	3.396608e+00	3.434632e+00	3.472391e+00	3.510135e+00	3.548041e+00
	3.586322e+00	3.625194e+00	3.664779e+00	3.705069e+00	3.745981e+00
	3.787427e+00	3.829233e+00	3.870892e+00	3.911368e+00	3.949340e+00
	3.983769e+00	4.014245e+00	4.040919e+00	4.064254e+00	4.084793e+00
	4.103032e+00	4.119379e+00	4.134160e+00	4.147644e+00	4.160058e+00
	4.171617e+00	4.182538e+00	4.193014e+00	4.203185e+00	4.213117e+00
	4.222799e+00	4.232159e+00	4.241096e+00	4.249534e+00	4.257464e+00
	4.264949e+00	4.272087e+00	4.278963e+00	4.285622e+00	4.292075e+00
	4.298319e+00	4.304370e+00	4.310261e+00	4.316028e+00	4.321689e+00
	4.327255e+00	4.332748e+00	4.338201e+00	4.343641e+00	4.349084e+00
	4.354549e+00	4.360080e+00	4.365749e+00	4.371616e+00	4.377682e+00
	4.383917e+00	4.390341e+00	4.397097e+00	4.404459e+00	4.412809e+00
	4.422594e+00	4.434264e+00	4.448220e+00	4.464811e+00	4.484291e+00
	4.506626e+00	4.531305e+00	4.557502e+00	4.584424e+00	4.611573e+00
	4.638852e+00	4.666428e+00	4.694598e+00	4.723802e+00	4.754751e+00
	4.788525e+00	4.826476e+00	4.869867e+00	4.919284e+00	4.974310e+00
	5.033878e+00	5.097379e+00	5.165927e+00	5.242648e+00	5.331911e+00
	5.437377e+00	5.559425e+00	5.694321e+00	5.836270e+00	5.980812e+00
	6.126302e+00	6.272743e+00	6.420643e+00	6.570563e+00	6.722856e+00
	6.877643e+00	7.034843e+00	7.194238e+00	7.355467e+00	7.517709e+00
	7.680054e+00
y [m]
	-3.266609e-03	-3.223898e-03	-3.181568e-03	-3.140128e-03	-3.099937e-03
	-3.061111e-03	-3.023665e-03	-2.987586e-03	-2.952836e-03	-2.919354e-03
	-2.887059e-03	-2.855858e-03	-2.825645e-03	-2.796309e-03	-2.767737e-03
	-2.739815e-03	-2.712435e-03	-2.685491e-03	-2.658887e-03	-2.632530e-03
	-2.606339e-03	-2.580238e-03	-2.554158e-03	-2.528039e-03	-2.501823e-03
	-2.475457e-03	-2.448882e-03	-2.422030e-03	-2.394805e-03	-2.367068e-03
	-2.338618e-03	-2.309293e-03	-2.279196e-03	-2.248658e-03	-2.217838e-03
	-2.186516e-03	-2.154413e-03	-2.121545e-03	-2.088141e-03	-2.054299e-03
	-2.019823e-03	-1.984314e-03	-1.947351e-03	-1.908598e-03	-1.867749e-03
	-1.824408e-03	-1.778118e-03	-1.728473e-03	-1.675188e-03	-1.618064e-03
	-1.556918e-03	-1.491719e-03	-1.423057e-03	-1.352658e-03	-1.283190e-03
	-1.217254e-03	-1.156499e-03	-1.101455e-03	-1.051859e-03	-1.007087e-03
	-9.664481e-04	-9.293231e-04	-8.951820e-04	-8.635670e-04	-8.340628e-04
	-8.062466e-04	-7.796665e-04	-7.538935e-04	-7.286105e-04	-7.036770e-04
	-6.791377e-04	-6.551947e-04	-6.321318e-04	-6.101751e-04	-5.893775e-04
	-5.696049e-04	-5.506227e-04	-5.322202e-04	-5.142882e-04	-4.968142e-04
	-4.798139e-04	-4.632590e-04	-4.470663e-04	-4.311489e-04	-4.154634e-04
	-3.999874e-04	-3.846673e-04	-3.694193e-04	-3.541730e-04	-3.388900e-04
	-3.235260e-04	-3.079649e-04	-2.920121e-04	-2.755106e-04	-2.584654e-04
	-2.409800e-04	-2.230132e-04	-2.041827e-04	-1.837490e-04	-1.607009e-04
	-1.338720e-04	-1.021460e-04	-6.460726e-05	-2.056772e-05	3.030284e-05
	8.747661e-05	1.491525e-04	2.128171e-04	2.762123e-04	3.379682e-04
	3.977403e-04	4.557860e-04	5.125816e-04	5.687861e-04	6.254058e-04
	6.838127e-04	7.453937e-04	8.108461e-04	8.794428e-04	9.491224e-04
	1.017549e-03	1.083578e-03	1.148069e-03	1.213295e-03	1.281663e-03
	1.354189e-03	1.429564e-03	1.504934e-03	1.577719e-03	1.646934e-03
	1.713086e-03	1.777180e-03	1.840155e-03	1.902754e-03	1.965479e-03
	2.028635e-03	2.092370e-03	2.156725e-03	2.221644e-03	2.286858e-03
	2.352044e-03
f
	-3.450371e+00	-3.318877e+00	-3.188700e+00	-3.061436e+00	-2.938216e+00
	-2.819434e+00	-2.705176e+00	-2.595450e+00	-2.490196e+00	-2.389289e+00
	-2.292552e+00	-2.199770e+00	-2.110698e+00	-2.025077e+00	-1.942637e+00
	-1.863114e+00	-1.786246e+00	-1.711787e+00	-1.639502e+00	-1.569175e+00
	-1.500605e+00	-1.433611e+00	-1.368028e+00	-1.303704e+00	-1.240504e+00
	-1.178297e+00	-1.116946e+00	-1.056295e+00	-9.961390e-01	-9.361904e-01
	-8.760524e-01	-8.154465e-01	-7.546566e-01	-6.943959e-01	-6.349782e-01
	-5.759776e-01	-5.168963e-01	-4.578170e-01	-3.991881e-01	-3.411950e-01
	-2.835130e-01	-2.255193e-01	-1.666163e-01	-1.064046e-01	-4.457864e-02
	1.924759e-02	8.549183e-02	1.544253e-01	2.260919e-01	3.003821e-01
	3.771433e-01	4.560308e-01	5.359967e-01	6.148745e-01	6.898114e-01
	7.584415e-01	8.196597e-01	8.735497e-01	9.208933e-01	9.626921e-01
	9.998925e-01	1.033285e+00	1.063511e+00	1.091100e+00	1.116509e+00
	1.140172e+00	1.162523e+00	1.183956e+00	1.204756e+00	1.225053e+00
	1.244822e+00	1.263915e+00	1.282124e+00	1.299298e+00	1.315419e+00
	1.330616e+00	1.345088e+00	1.359010e+00	1.372476e+00	1.385504e+00
	1.398093e+00	1.410274e+00	1.422115e+00	1.433688e+00	1.445030e+00
	1.456163e+00	1.467132e+00	1.478000e+00	1.488824e+00	1.499634e+00
	1.510467e+00	1.521407e+00	1.532597e+00	1.544150e+00	1.556068e+00
	1.568286e+00	1.580839e+00	1.594001e+00	1.608299e+00	1.624449e+00
	1.643289e+00	1.665629e+00	1.692153e+00	1.723405e+00	1.759702e+00
	1.800779e+00	1.845489e+00	1.892170e+00	1.939310e+00	1.985995e+00
	2.032043e+00	2.077721e+00	2.123486e+00	2.169985e+00	2.218232e+00
	2.269695e+00	2.326092e+00	2.388808e+00	2.458104e+00	2.532855e+00
	2.611229e+00	2.692212e+00	2.777009e+00	2.869089e+00	2.973000e+00
	3.092107e+00	3.226075e+00	3.370556e+00	3.519651e+00	3.669258e+00
	3.818244e+00	3.967061e+00	4.116553e+00	4.267519e+00	4.420482e+00
	4.575686e+00	4.733131e+00	4.892663e+00	5.053958e+00	5.216224e+00
	5.378569e+00
df/deta
	8.089298e-01	8.090819e-01	8.093302e-01	8.097100e-01	8.102663e-01
	8.110577e-01	8.121578e-01	8.136544e-01	8.156489e-01	8.182541e-01
	8.215904e-01	8.257822e-01	8.309532e-01	8.372217e-01	8.446966e-01
	8.534736e-01	8.636326e-01	8.752357e-01	8.883263e-01	9.029288e-01
	9.190493e-01	9.366769e-01	9.557849e-01	9.763333e-01	9.982707e-01
	1.021539e+00	1.046081e+00	1.071848e+00	1.098819e+00	1.127021e+00
	1.156550e+00	1.187464e+00	1.219530e+00	1.252254e+00	1.285324e+00
	1.318834e+00	1.352941e+00	1.387479e+00	1.422067e+00	1.456470e+00
	1.490761e+00	1.525191e+00	1.559992e+00	1.595262e+00	1.631025e+00
	1.667319e+00	1.704154e+00	1.741404e+00	1.778772e+00	1.815830e+00
	1.852095e+00	1.886965e+00	1.919564e+00	1.948743e+00	1.973481e+00
	1.993380e+00	2.008747e+00	2.020303e+00	2.028852e+00	2.035100e+00
	2.039597e+00	2.042753e+00	2.044871e+00	2.046176e+00	2.046836e+00
	2.046973e+00	2.046673e+00	2.045985e+00	2.044937e+00	2.043548e+00
	2.041841e+00	2.039855e+00	2.037647e+00	2.035281e+00	2.032805e+00
	2.030241e+00	2.027590e+00	2.024845e+00	2.022006e+00	2.019084e+00
	2.016097e+00	2.013052e+00	2.009944e+00	2.006766e+00	2.003514e+00
	2.000191e+00	1.996789e+00	1.993292e+00	1.989686e+00	1.985961e+00
	1.982105e+00	1.978086e+00	1.973848e+00	1.969337e+00	1.964543e+00
	1.959483e+00	1.954133e+00	1.948363e+00	1.941914e+00	1.934408e+00
	1.925364e+00	1.914255e+00	1.900543e+00	1.883701e+00	1.863268e+00
	1.839103e+00	1.811676e+00	1.781950e+00	1.750986e+00	1.719574e+00
	1.688048e+00	1.656427e+00	1.624581e+00	1.592239e+00	1.558892e+00
	1.523768e+00	1.486051e+00	1.445360e+00	1.402292e+00	1.358446e+00
	1.315720e+00	1.275282e+00	1.237049e+00	1.200190e+00	1.164107e+00
	1.129335e+00	1.097670e+00	1.071056e+00	1.050340e+00	1.035040e+00
	1.024035e+00	1.016230e+00	1.010759e+00	1.006976e+00	1.004402e+00
	1.002686e+00	1.001566e+00	1.000854e+00	1.000413e+00	1.000150e+00
	1.000000e+00
Z
	1.000000e+00	9.999459e-01	9.998551e-01	9.997079e-01	9.994782e-01
	9.991315e-01	9.986242e-01	9.979039e-01	9.969101e-01	9.955755e-01
	9.938282e-01	9.915937e-01	9.887976e-01	9.853677e-01	9.812360e-01
	9.763408e-01	9.706278e-01	9.640511e-01	9.565738e-01	9.481683e-01
	9.388164e-01	9.285090e-01	9.172458e-01	9.050347e-01	8.918908e-01
	8.778344e-01	8.628871e-01	8.470663e-01	8.303741e-01	8.127835e-01
	7.942242e-01	7.746502e-01	7.542011e-01	7.331895e-01	7.118209e-01
	6.900400e-01	6.677491e-01	6.450609e-01	6.222336e-01	5.994300e-01
	5.766109e-01	5.536139e-01	5.302858e-01	5.065568e-01	4.824045e-01
	4.577884e-01	4.326799e-01	4.071376e-01	3.813208e-01	3.554487e-01
	3.297573e-01	3.045360e-01	2.802553e-01	2.576135e-01	2.373270e-01
	2.197989e-01	2.050081e-01	1.926393e-01	1.822682e-01	1.734891e-01
	1.659666e-01	1.594418e-01	1.537165e-01	1.486367e-01	1.440783e-01
	1.399335e-01	1.361048e-01	1.325096e-01	1.290899e-01	1.258166e-01
	1.226869e-01	1.197174e-01	1.169322e-01	1.143465e-01	1.119545e-01
	1.097300e-01	1.076386e-01	1.056511e-01	1.037511e-01	1.019335e-01
	1.001964e-01	9.853338e-02	9.693336e-02	9.538545e-02	9.388351e-02
	9.242374e-02	9.099963e-02	8.960224e-02	8.822430e-02	8.686171e-02
	8.551003e-02	8.415878e-02	8.279128e-02	8.139484e-02	7.997081e-02
	7.852854e-02	7.706525e-02	7.555111e-02	7.392980e-02	7.212738e-02
	7.006358e-02	6.766972e-02	6.490160e-02	6.174179e-02	5.820790e-02
	5.438189e-02	5.042375e-02	4.651764e-02	4.280476e-02	3.935317e-02
	3.616400e-02	3.320636e-02	3.044257e-02	2.783180e-02	2.532454e-02
	2.286525e-02	2.041024e-02	1.795450e-02	1.555006e-02	1.328673e-02
	1.124318e-02	9.443114e-03	7.851430e-03	6.411511e-03	5.086632e-03
	3.885295e-03	2.852851e-03	2.028788e-03	1.413974e-03	9.743295e-04
	6.653131e-04	4.494469e-04	2.994218e-04	1.959367e-04	1.253511e-04
	7.789276e-05	4.650909e-05	2.611994e-05	1.311554e-05	4.986781e-06
	0.000000e+00
temperature [K]
	3.000000e+02	3.000742e+02	3.001988e+02	3.004004e+02	3.007148e+02
	3.011890e+02	3.018820e+02	3.028647e+02	3.042181e+02	3.060314e+02
	3.083983e+02	3.114135e+02	3.151683e+02	3.197470e+02	3.252236e+02
	3.316589e+02	3.390995e+02	3.475773e+02	3.571094e+02	3.677000e+02
	3.793416e+02	3.920176e+02	4.057040e+02	4.203722e+02	4.359911e+02
	4.525303e+02	4.699655e+02	4.882851e+02	5.075023e+02	5.276713e+02
	5.489037e+02	5.712924e+02	5.947293e+02	6.189161e+02	6.436795e+02
	6.691505e+02	6.955191e+02	7.227361e+02	7.505741e+02	7.789100e+02
	8.078679e+02	8.377426e+02	8.688469e+02	9.014148e+02	9.356461e+02
	9.718001e+02	1.010176e+03	1.051017e+03	1.094419e+03	1.140348e+03
	1.188716e+03	1.239280e+03	1.291304e+03	1.343256e+03	1.393090e+03
	1.439053e+03	1.480265e+03	1.516699e+03	1.548845e+03	1.577375e+03
	1.602937e+03	1.626082e+03	1.647260e+03	1.666845e+03	1.685162e+03
	1.702524e+03	1.719251e+03	1.735645e+03	1.751938e+03	1.768245e+03
	1.784548e+03	1.800704e+03	1.816485e+03	1.831678e+03	1.846174e+03
	1.859996e+03	1.873237e+03	1.885977e+03	1.898226e+03	1.909925e+03
	1.921004e+03	1.931425e+03	1.941190e+03	1.950298e+03	1.958720e+03
	1.966413e+03	1.973349e+03	1.979502e+03	1.984828e+03	1.989257e+03
	1.992715e+03	1.995129e+03	1.996409e+03	1.996424e+03	1.995045e+03
	1.992219e+03	1.987951e+03	1.982187e+03	1.974708e+03	1.965093e+03
	1.952763e+03	1.937071e+03	1.917328e+03	1.892712e+03	1.862256e+03
	1.825193e+03	1.781515e+03	1.732084e+03	1.678250e+03	1.621280e+03
	1.561902e+03	1.500375e+03	1.436706e+03	1.370639e+03	1.301432e+03
	1.227828e+03	1.148595e+03	1.063655e+03	9.752473e+02	8.875711e+02
	8.048859e+02	7.294466e+02	6.608370e+02	5.973277e+02	5.377579e+02
	4.828589e+02	4.350418e+02	3.964705e+02	3.674638e+02	3.466015e+02
	3.318773e+02	3.215614e+02	3.143770e+02	3.094140e+02	3.060253e+02
	3.037453e+02	3.022367e+02	3.012564e+02	3.006309e+02	3.002399e+02
	3.000000e+02
massfraction-N2
	1.000000e-60	5.949962e-04	1.373793e-03	2.367731e-03	3.605631e-03
	5.117046e-03	6.930567e-03	9.071286e-03	1.156019e-02	1.441399e-02
	1.764521e-02	2.126262e-02	2.527174e-02	2.967543e-02	3.447446e-02
	3.966806e-02	4.525437e-02	5.123073e-02	5.759398e-02	6.434067e-02
	7.146708e-02	7.896943e-02	8.684387e-02	9.508667e-02	1.036943e-01
	1.126645e-01	1.219980e-01	1.317015e-01	1.417934e-01	1.523118e-01
	1.633221e-01	1.748779e-01	1.869274e-01	1.993202e-01	2.119702e-01
	2.249445e-01	2.383379e-01	2.521209e-01	2.661731e-01	2.804262e-01
	2.949348e-01	3.098366e-01	3.252734e-01	3.413421e-01	3.581169e-01
	3.757127e-01	3.941882e-01	4.136126e-01	4.339569e-01	4.551284e-01
	4.769981e-01	4.993568e-01	5.217770e-01	5.435228e-01	5.637188e-01
	5.817111e-01	5.972656e-01	6.105036e-01	6.217295e-01	6.312857e-01
	6.394782e-01	6.465555e-01	6.527148e-01	6.581149e-01	6.628867e-01
	6.671458e-01	6.709964e-01	6.745250e-01	6.777917e-01	6.808275e-01
	6.836406e-01	6.862253e-01	6.885740e-01	6.906904e-01	6.925956e-01
	6.943247e-01	6.959158e-01	6.973996e-01	6.987945e-01	7.001096e-01
	7.013504e-01	7.025246e-01	7.036425e-01	7.047134e-01	7.057426e-01
	7.067336e-01	7.076912e-01	7.086216e-01	7.095298e-01	7.104185e-01
	7.112908e-01	7.121537e-01	7.130184e-01	7.138933e-01	7.147789e-01
	7.156708e-01	7.165728e-01	7.175054e-01	7.185056e-01	7.196220e-01
	7.209092e-01	7.224173e-01	7.241842e-01	7.262318e-01	7.285555e-01
	7.310996e-01	7.337452e-01	7.363513e-01	7.388085e-01	7.410644e-01
	7.431175e-01	7.449913e-01	7.467155e-01	7.483220e-01	7.498480e-01
	7.513342e-01	7.528138e-01	7.542970e-01	7.557595e-01	7.571525e-01
	7.584319e-01	7.595843e-01	7.606323e-01	7.616138e-01	7.625563e-01
	7.634562e-01	7.642766e-01	7.649740e-01	7.655280e-01	7.659488e-01
	7.662624e-01	7.664947e-01	7.666660e-01	7.667919e-01	7.668837e-01
	7.669499e-01	7.669971e-01	7.670304e-01	7.670534e-01	7.670691e-01
	7.670796e-01
massfraction-O2
	1.000000e-60	3.692902e-07	8.548516e-07	1.477200e-06	2.255386e-06
	3.208979e-06	4.356965e-06	5.716087e-06	7.300408e-06	9.121131e-06
	1.118665e-05	1.350276e-05	1.607299e-05	1.889898e-05	2.198088e-05
	2.531766e-05	2.890749e-05	3.274790e-05	3.683607e-05	4.116887e-05
	4.574305e-05	5.055524e-05	5.560207e-05	6.088025e-05	6.638666e-05
	7.211902e-05	7.807699e-05	8.426410e-05	9.069129e-05	9.738200e-05
	1.043770e-04	1.117094e-04	1.193452e-04	1.271888e-04	1.351850e-04
	1.433764e-04	1.518222e-04	1.605037e-04	1.693448e-04	1.783028e-04
	1.874123e-04	1.967598e-04	2.064343e-04	2.164967e-04	2.269934e-04
	2.379970e-04	2.495449e-04	2.616826e-04	2.743961e-04	2.876346e-04
	3.013307e-04	3.153781e-04	3.295527e-04	3.434657e-04	3.566718e-04
	3.688841e-04	3.800789e-04	3.904397e-04	4.002468e-04	4.097932e-04
	4.193445e-04	4.291294e-04	4.393485e-04	4.501905e-04	4.618537e-04
	4.745851e-04	4.887278e-04	5.047442e-04	5.231999e-04	5.447166e-04
	5.699080e-04	5.992862e-04	6.331828e-04	6.718031e-04	7.154391e-04
	7.647211e-04	8.207266e-04	8.848527e-04	9.585578e-04	1.043181e-03
	1.140039e-03	1.250809e-03	1.377847e-03	1.524111e-03	1.692806e-03
	1.887479e-03	2.112718e-03	2.374622e-03	2.680501e-03	3.038516e-03
	3.458420e-03	3.954027e-03	4.545458e-03	5.256679e-03	6.108305e-03
	7.115103e-03	8.297156e-03	9.699782e-03	1.140954e-02	1.356291e-02
	1.634759e-02	1.998511e-02	2.470400e-02	3.071676e-02	3.817663e-02
	4.707002e-02	5.711202e-02	6.781988e-02	7.870016e-02	8.939948e-02
	9.975733e-02	1.097384e-01	1.193601e-01	1.286773e-01	1.377989e-01
	1.468749e-01	1.560260e-01	1.652376e-01	1.742906e-01	1.828365e-01
	1.905750e-01	1.974092e-01	2.034634e-01	2.089448e-01	2.139868e-01
	2.185509e-01	2.224591e-01	2.255599e-01	2.278538e-01	2.294765e-01
	2.306025e-01	2.313779e-01	2.319085e-01	2.322684e-01	2.325097e-01
	2.326691e-01	2.327726e-01	2.328385e-01	2.328798e-01	2.329051e-01
	2.329204e-01
massfraction-H
	1.000000e-60	1.836114e-18	3.865398e-18	6.054436e-18	8.336446e-18
	1.069301e-17	1.318041e-17	1.593152e-17	1.916144e-17	2.318970e-17
	2.848994e-17	3.578095e-17	4.618430e-17	6.149515e-17	8.464883e-17
	1.205290e-16	1.773728e-16	2.692151e-16	4.201300e-16	6.715467e-16
	1.094740e-15	1.811876e-15	3.030861e-15	5.101912e-15	8.607351e-15
	1.450160e-14	2.432666e-14	4.054450e-14	6.706341e-14	1.101086e-13
	1.797196e-13	2.918672e-13	4.701224e-13	7.466851e-13	1.166879e-12
	1.800694e-12	2.755426e-12	4.182000e-12	6.284384e-12	9.354911e-12
	1.384907e-11	2.050362e-11	3.051462e-11	4.582717e-11	6.969074e-11
	1.077700e-10	1.701869e-10	2.753662e-10	4.574347e-10	7.813854e-10
	1.375372e-09	2.498151e-09	4.667313e-09	8.861299e-09	1.675511e-08
	3.089825e-08	5.477022e-08	9.277376e-08	1.503211e-07	2.340648e-07
	3.522024e-07	5.147230e-07	7.336026e-07	1.022968e-06	1.399408e-06
	1.883201e-06	2.500720e-06	3.286439e-06	4.282183e-06	5.532346e-06
	7.075574e-06	8.933890e-06	1.110462e-05	1.356535e-05	1.629193e-05
	1.927683e-05	2.253352e-05	2.608359e-05	2.993847e-05	3.409016e-05
	3.851892e-05	4.321106e-05	4.816739e-05	5.339141e-05	5.887207e-05
	6.458646e-05	7.051710e-05	7.665282e-05	8.296942e-05	8.941748e-05
	9.593490e-05	1.024729e-04	1.089931e-04	1.154101e-04	1.215461e-04
	1.271836e-04	1.321681e-04	1.364313e-04	1.399048e-04	1.424005e-04
	1.435195e-04	1.426379e-04	1.390362e-04	1.321347e-04	1.217540e-04
	1.083765e-04	9.322030e-05	7.781403e-05	6.340279e-05	5.065919e-05
	3.974773e-05	3.057454e-05	2.296634e-05	1.673366e-05	1.169050e-05
	7.684519e-06	4.625723e-06	2.469709e-06	1.139118e-06	4.503651e-07
	1.549284e-07	4.763936e-08	1.352989e-08	3.757399e-09	1.100853e-09
	3.498874e-10	1.187496e-10	4.310789e-11	1.695155e-11	7.208648e-12
	3.257279e-12	1.529876e-12	7.316911e-13	3.497110e-13	1.640250e-13
	7.396448e-14	3.117123e-14	1.169378e-14	3.513645e-15	6.108526e-16
	1.000000e-60
massfraction-OH
	1.000000e-60	3.619085e-23	1.916757e-22	5.681624e-22	1.322879e-21
	2.698684e-21	5.074224e-21	9.048118e-21	1.558851e-20	2.630078e-20
	4.391076e-20	7.314330e-20	1.223320e-19	2.063864e-19	3.522839e-19
	6.092416e-19	1.067509e-18	1.892873e-18	3.389451e-18	6.112596e-18
	1.106920e-17	2.006798e-17	3.632364e-17	6.548678e-17	1.173858e-16
	2.089768e-16	3.693944e-16	6.488247e-16	1.134785e-15	1.983714e-15
	3.485891e-15	6.192577e-15	1.113314e-14	2.018682e-14	3.687138e-14
	6.812321e-14	1.277459e-13	2.421583e-13	4.599756e-13	8.702977e-13
	1.640565e-12	3.093876e-12	5.862476e-12	1.119186e-11	2.157699e-11
	4.217219e-11	8.392625e-11	1.705995e-10	3.544928e-10	7.523102e-10
	1.628506e-09	3.585410e-09	7.957468e-09	1.747526e-08	3.705224e-08
	7.431121e-08	1.396304e-07	2.460590e-07	4.097719e-07	6.513199e-07
	9.975267e-07	1.483784e-06	2.156950e-06	3.079129e-06	4.333117e-06
	6.032758e-06	8.341170e-06	1.149415e-05	1.582040e-05	2.174728e-05
	2.977972e-05	4.043566e-05	5.414892e-05	7.121758e-05	9.186420e-05
	1.163731e-04	1.451795e-04	1.788130e-04	2.177395e-04	2.622400e-04
	3.124601e-04	3.686156e-04	4.311485e-04	5.006465e-04	5.776457e-04
	6.626613e-04	7.564601e-04	8.601474e-04	9.749059e-04	1.101732e-03
	1.241556e-03	1.395773e-03	1.566349e-03	1.754388e-03	1.957946e-03
	2.172092e-03	2.392000e-03	2.615720e-03	2.843468e-03	3.074215e-03
	3.301430e-03	3.509519e-03	3.674417e-03	3.767902e-03	3.762737e-03
	3.640275e-03	3.401519e-03	3.070872e-03	2.686137e-03	2.283874e-03
	1.890384e-03	1.522129e-03	1.189198e-03	8.971855e-04	6.481544e-04
	4.425097e-04	2.809838e-04	1.641467e-04	8.890902e-05	4.622985e-05
	2.433401e-05	1.352577e-05	8.000008e-06	4.943882e-06	3.121692e-06
	1.989944e-06	1.282218e-06	8.417514e-07	5.665231e-07	3.907084e-07
	2.743028e-07	1.943965e-07	1.379437e-07	9.725457e-08	6.759176e-08
	4.587500e-08	2.999573e-08	1.844494e-08	1.011242e-08	4.175193e-09
	1.000000e-60
massfraction-O
	1.000000e-60	1.824898e-24	8.434468e-24	2.196372e-23	4.428822e-23
	7.706702e-23	1.221996e-22	1.824749e-22	2.624730e-22	3.699148e-22
	5.176787e-22	7.271076e-22	1.033454e-21	1.495546e-21	2.212242e-21
	3.351304e-21	5.199298e-21	8.248748e-21	1.334681e-20	2.194927e-20
	3.654606e-20	6.136406e-20	1.035073e-19	1.747677e-19	2.944428e-19
	4.936547e-19	8.219224e-19	1.357268e-18	2.222341e-18	3.611548e-18
	5.838918e-18	9.408893e-18	1.508345e-17	2.395311e-17	3.766495e-17
	5.898410e-17	9.264389e-17	1.464610e-16	2.333464e-16	3.758250e-16
	6.157975e-16	1.034712e-15	1.795341e-15	3.230469e-15	6.042600e-15
	1.177845e-14	2.397406e-14	5.097603e-14	1.130195e-13	2.605455e-13
	6.232553e-13	1.542567e-12	3.912579e-12	9.952550e-12	2.462546e-11
	5.764056e-11	1.256198e-10	2.541649e-10	4.803223e-10	8.562820e-10
	1.454885e-09	2.377129e-09	3.762622e-09	5.804795e-09	8.775232e-09
	1.307029e-08	1.930001e-08	2.843530e-08	4.202588e-08	6.250376e-08
	9.357702e-08	1.406397e-07	2.110790e-07	3.146085e-07	4.641181e-07
	6.776112e-07	9.811991e-07	1.412228e-06	2.021599e-06	2.875470e-06
	4.058838e-06	5.684854e-06	7.910038e-06	1.094924e-05	1.508620e-05
	2.069170e-05	2.826545e-05	3.848759e-05	5.224622e-05	7.063631e-05
	9.497888e-05	1.269349e-04	1.686229e-04	2.223208e-04	2.895555e-04
	3.704439e-04	4.644043e-04	5.716971e-04	6.940848e-04	8.340139e-04
	9.926634e-04	1.167137e-03	1.348557e-03	1.521718e-03	1.665680e-03
	1.756873e-03	1.777646e-03	1.725317e-03	1.612037e-03	1.456880e-03
	1.277813e-03	1.088787e-03	9.002387e-04	7.198180e-04	5.527759e-04
	4.031038e-04	2.753155e-04	1.747730e-04	1.045664e-04	6.146932e-05
	3.730477e-05	2.401358e-05	1.633749e-05	1.152106e-05	8.253373e-06
	5.931494e-06	4.264743e-06	3.078139e-06	2.239229e-06	1.642296e-06
	1.209459e-06	8.892967e-07	6.490900e-07	4.675355e-07	3.302146e-07
	2.268224e-07	1.496262e-07	9.260760e-08	5.101794e-08	2.114281e-08
	1.000000e-60
massfraction-H2
	1.000000e-60	2.114023e-05	4.374751e-05	6.754189e-05	9.224922e-05
	1.176919e-04	1.437370e-04	1.702613e-04	1.971552e-04	2.243262e-04
	2.516998e-04	2.792195e-04	3.068456e-04	3.345533e-04	3.623302e-04
	3.901744e-04	4.180919e-04	4.460946e-04	4.741988e-04	5.024235e-04
	5.307892e-04	5.593175e-04	5.880299e-04	6.169485e-04	6.460954e-04
	6.754963e-04	7.051850e-04	7.352115e-04	7.656576e-04	7.966564e-04
	8.284112e-04	8.610789e-04	8.945199e-04	9.283427e-04	9.623518e-04
	9.967680e-04	1.031872e-03	1.067617e-03	1.103723e-03	1.140057e-03
	1.176800e-03	1.214336e-03	1.253056e-03	1.293238e-03	1.335110e-03
	1.379035e-03	1.425176e-03	1.473820e-03	1.525006e-03	1.578640e-03
	1.634558e-03	1.692411e-03	1.751275e-03	1.809337e-03	1.864239e-03
	1.913994e-03	1.957598e-03	1.994982e-03	2.026621e-03	2.053161e-03
	2.075204e-03	2.093227e-03	2.107594e-03	2.118572e-03	2.126351e-03
	2.131052e-03	2.132698e-03	2.131172e-03	2.126214e-03	2.117493e-03
	2.104743e-03	2.087917e-03	2.067296e-03	2.043417e-03	2.016850e-03
	1.987973e-03	1.956927e-03	1.923754e-03	1.888575e-03	1.851652e-03
	1.813302e-03	1.773725e-03	1.732946e-03	1.690920e-03	1.647667e-03
	1.603239e-03	1.557577e-03	1.510506e-03	1.461873e-03	1.411628e-03
	1.359728e-03	1.305921e-03	1.249727e-03	1.190873e-03	1.129814e-03
	1.067528e-03	1.004619e-03	9.406458e-04	8.742931e-04	8.040643e-04
	7.290916e-04	6.499240e-04	5.685066e-04	4.873414e-04	4.088928e-04
	3.357539e-04	2.705964e-04	2.152392e-04	1.700798e-04	1.343051e-04
	1.064724e-04	8.511602e-05	6.898229e-05	5.700272e-05	4.824074e-05
	4.189749e-05	3.731556e-05	3.394135e-05	3.130698e-05	2.907488e-05
	2.706448e-05	2.518790e-05	2.337178e-05	2.153498e-05	1.960717e-05
	1.756762e-05	1.547311e-05	1.343202e-05	1.154229e-05	9.846892e-06
	8.339833e-06	6.998373e-06	5.800574e-06	4.729191e-06	3.771935e-06
	2.919817e-06	2.165624e-06	1.502718e-06	9.246770e-07	4.259123e-07
	1.000000e-60
massfraction-H2O
	1.000000e-60	1.021211e-04	2.358587e-04	4.065994e-04	6.192733e-04
	8.788976e-04	1.190267e-03	1.557497e-03	1.983899e-03	2.471926e-03
	3.023174e-03	3.638436e-03	4.317780e-03	5.060650e-03	5.865967e-03
	6.732236e-03	7.657637e-03	8.640115e-03	9.677452e-03	1.076734e-02
	1.190741e-02	1.309535e-02	1.432887e-02	1.560579e-02	1.692408e-02
	1.828206e-02	1.967859e-02	2.111354e-02	2.258858e-02	2.410818e-02
	2.568062e-02	2.731222e-02	2.899449e-02	3.070594e-02	3.243473e-02
	3.419029e-02	3.598542e-02	3.781613e-02	3.966672e-02	4.152887e-02
	4.341047e-02	4.532983e-02	4.730543e-02	4.934976e-02	5.147231e-02
	5.368810e-02	5.600414e-02	5.843007e-02	6.096334e-02	6.359411e-02
	6.630867e-02	6.908409e-02	7.187078e-02	7.458063e-02	7.710682e-02
	7.936768e-02	8.133204e-02	8.301233e-02	8.444413e-02	8.566832e-02
	8.672185e-02	8.763488e-02	8.843144e-02	8.913092e-02	8.974939e-02
	9.030106e-02	9.079877e-02	9.125302e-02	9.167080e-02	9.205516e-02
	9.240611e-02	9.272199e-02	9.300112e-02	9.324364e-02	9.345221e-02
	9.363114e-02	9.378491e-02	9.391688e-02	9.402901e-02	9.412237e-02
	9.419788e-02	9.425662e-02	9.429969e-02	9.432783e-02	9.434138e-02
	9.434044e-02	9.432481e-02	9.429380e-02	9.424615e-02	9.418009e-02
	9.409326e-02	9.398208e-02	9.384108e-02	9.366336e-02	9.344261e-02
	9.317408e-02	9.285177e-02	9.246271e-02	9.198202e-02	9.137010e-02
	9.057236e-02	8.952514e-02	8.816552e-02	8.643933e-02	8.431034e-02
	8.178162e-02	7.891605e-02	7.581766e-02	7.259200e-02	6.931445e-02
	6.601580e-02	6.269723e-02	5.934783e-02	5.594571e-02	5.244748e-02
	4.878731e-02	4.490199e-02	4.078104e-02	3.651555e-02	3.228305e-02
	2.826456e-02	2.454973e-02	2.110563e-02	1.783677e-02	1.467414e-02
	1.164951e-02	8.902062e-03	6.585066e-03	4.764184e-03	3.398925e-03
	2.397408e-03	1.669991e-03	1.145779e-03	7.714963e-04	5.075064e-04
	3.240403e-04	1.986328e-04	1.143912e-04	5.880880e-05	2.284742e-05
	1.000000e-60
massfraction-HO2
	1.000000e-60	4.507524e-10	1.044734e-09	1.807685e-09	2.763683e-09
	3.937585e-09	5.353677e-09	7.033648e-09	8.996032e-09	1.125598e-08
	1.382533e-08	1.671277e-08	1.992433e-08	2.346368e-08	2.733265e-08
	3.153154e-08	3.605947e-08	4.091455e-08	4.609409e-08	5.159458e-08
	5.741175e-08	6.354045e-08	6.997457e-08	7.670692e-08	8.372903e-08
	9.103167e-08	9.860576e-08	1.064443e-07	1.145459e-07	1.229200e-07
	1.315904e-07	1.405607e-07	1.497410e-07	1.589582e-07	1.680829e-07
	1.770856e-07	1.859320e-07	1.944811e-07	2.025293e-07	2.099134e-07
	2.165390e-07	2.223327e-07	2.271904e-07	2.309561e-07	2.334292e-07
	2.343723e-07	2.334469e-07	2.303102e-07	2.246199e-07	2.161246e-07
	2.047491e-07	1.907544e-07	1.750519e-07	1.594535e-07	1.462853e-07
	1.373347e-07	1.331356e-07	1.331658e-07	1.364588e-07	1.420498e-07
	1.491391e-07	1.570974e-07	1.654281e-07	1.737359e-07	1.817095e-07
	1.891204e-07	1.958161e-07	2.016946e-07	2.066838e-07	2.107605e-07
	2.140016e-07	2.166293e-07	2.190066e-07	2.215735e-07	2.247688e-07
	2.289988e-07	2.346565e-07	2.421429e-07	2.518535e-07	2.641470e-07
	2.793457e-07	2.977963e-07	3.199427e-07	3.463263e-07	3.775235e-07
	4.141524e-07	4.569986e-07	5.070975e-07	5.656624e-07	6.339921e-07
	7.135901e-07	8.066053e-07	9.162034e-07	1.046053e-06	1.199032e-06
	1.376937e-06	1.582603e-06	1.823297e-06	2.113180e-06	2.474381e-06
	2.936555e-06	3.532653e-06	4.292569e-06	5.238487e-06	6.380447e-06
	7.706446e-06	9.176348e-06	1.073894e-05	1.235575e-05	1.401382e-05
	1.572733e-05	1.752647e-05	1.944465e-05	2.151037e-05	2.374070e-05
	2.611681e-05	2.848610e-05	3.031151e-05	3.038474e-05	2.729840e-05
	2.117965e-05	1.423568e-05	8.564069e-06	4.784953e-06	2.566657e-06
	1.360060e-06	7.294237e-07	4.040806e-07	2.341924e-07	1.420754e-07
	8.934989e-08	5.749588e-08	3.737700e-08	2.425559e-08	1.553587e-08
	9.705345e-09	5.826043e-09	3.280853e-09	1.645672e-09	6.229576e-10
	1.000000e-60
massfraction-H2O2
	1.000000e-60	9.374566e-12	2.175037e-11	3.765954e-11	5.757796e-11
	8.196254e-11	1.112074e-10	1.455845e-10	1.852173e-10	2.300637e-10
	2.799112e-10	3.343825e-10	3.929516e-10	4.549677e-10	5.196853e-10
	5.862961e-10	6.539622e-10	7.218452e-10	7.891318e-10	8.550532e-10
	9.188987e-10	9.800240e-10	1.037855e-09	1.091886e-09	1.141681e-09
	1.186867e-09	1.227135e-09	1.262233e-09	1.291956e-09	1.316123e-09
	1.334531e-09	1.346840e-09	1.352608e-09	1.351581e-09	1.343803e-09
	1.329288e-09	1.307879e-09	1.279541e-09	1.244555e-09	1.203255e-09
	1.155647e-09	1.101333e-09	1.039705e-09	9.701917e-10	8.922727e-10
	8.054574e-10	7.094320e-10	6.052033e-10	4.960028e-10	3.881355e-10
	2.904325e-10	2.113732e-10	1.545460e-10	1.169052e-10	9.274412e-11
	7.762654e-11	6.866559e-11	6.385090e-11	6.178603e-11	6.157808e-11
	6.272687e-11	6.503956e-11	6.859976e-11	7.380000e-11	8.144630e-11
	9.297395e-11	1.108568e-10	1.393178e-10	1.854277e-10	2.605677e-10
	3.819526e-10	5.733572e-10	8.640362e-10	1.286561e-09	1.876392e-09
	2.675249e-09	3.736182e-09	5.125228e-09	6.917442e-09	9.190983e-09
	1.202763e-08	1.552503e-08	1.981307e-08	2.505981e-08	3.146681e-08
	3.927946e-08	4.882655e-08	6.055994e-08	7.506626e-08	9.307178e-08
	1.154990e-07	1.436312e-07	1.793036e-07	2.248140e-07	2.824036e-07
	3.538678e-07	4.411407e-07	5.477479e-07	6.800507e-07	8.476504e-07
	1.062746e-06	1.337906e-06	1.684306e-06	2.112833e-06	2.636674e-06
	3.271915e-06	4.037336e-06	4.958796e-06	6.074111e-06	7.436772e-06
	9.119923e-06	1.120243e-05	1.370182e-05	1.642216e-05	1.881661e-05
	2.012125e-05	1.982189e-05	1.809057e-05	1.566722e-05	1.323561e-05
	1.108240e-05	9.237380e-06	7.644194e-06	6.231902e-06	4.952073e-06
	3.800441e-06	2.809812e-06	2.012873e-06	1.411512e-06	9.765586e-07
	6.679543e-07	4.509622e-07	2.996285e-07	1.951876e-07	1.241124e-07
	7.655617e-08	4.533294e-08	2.523541e-08	1.255871e-08	4.734361e-09
	1.000000e-60
massfraction-CO
	1.000000e-60	4.631646e-05	1.070490e-04	1.846877e-04	2.815297e-04
	3.999300e-04	5.421665e-04	7.102381e-04	9.058147e-04	1.130219e-03
	1.384437e-03	1.669143e-03	1.984749e-03	2.331443e-03	2.709244e-03
	3.118039e-03	3.557623e-03	4.027727e-03	4.528040e-03	5.058224e-03
	5.617925e-03	6.206781e-03	6.824428e-03	7.470514e-03	8.144703e-03
	8.846766e-03	9.576705e-03	1.033500e-02	1.112302e-02	1.194370e-02
	1.280208e-02	1.370226e-02	1.464013e-02	1.560396e-02	1.658700e-02
	1.759448e-02	1.863371e-02	1.970239e-02	2.079115e-02	2.189472e-02
	2.301734e-02	2.416967e-02	2.536265e-02	2.660378e-02	2.789876e-02
	2.925647e-02	3.068142e-02	3.217901e-02	3.374707e-02	3.537860e-02
	3.706384e-02	3.878692e-02	4.051521e-02	4.219225e-02	4.375070e-02
	4.514007e-02	4.634207e-02	4.736573e-02	4.823428e-02	4.897385e-02
	4.960785e-02	5.015527e-02	5.063114e-02	5.104753e-02	5.141436e-02
	5.174028e-02	5.203304e-02	5.229887e-02	5.254178e-02	5.276339e-02
	5.296337e-02	5.314036e-02	5.329285e-02	5.342032e-02	5.352350e-02
	5.360375e-02	5.366198e-02	5.369781e-02	5.370949e-02	5.369432e-02
	5.364907e-02	5.356994e-02	5.345202e-02	5.328901e-02	5.307366e-02
	5.279787e-02	5.245190e-02	5.202357e-02	5.149887e-02	5.086319e-02
	5.010082e-02	4.919150e-02	4.810777e-02	4.682234e-02	4.532447e-02
	4.362544e-02	4.173853e-02	3.965109e-02	3.731703e-02	3.467322e-02
	3.167183e-02	2.832348e-02	2.471454e-02	2.098639e-02	1.731332e-02
	1.389585e-02	1.092369e-02	8.501491e-03	6.624562e-03	5.213957e-03
	4.165374e-03	3.384723e-03	2.798653e-03	2.351735e-03	2.001873e-03
	1.717745e-03	1.477410e-03	1.267066e-03	1.079824e-03	9.136221e-04
	7.682731e-04	6.423377e-04	5.319818e-04	4.327240e-04	3.418146e-04
	2.597486e-04	1.895656e-04	1.338661e-04	9.258196e-05	6.327684e-05
	4.284354e-05	2.869166e-05	1.894508e-05	1.228579e-05	7.788567e-06
	4.796003e-06	2.838185e-06	1.580272e-06	7.870756e-07	2.970436e-07
	1.000000e-60
massfraction-CO2
	1.000000e-60	3.475538e-05	8.481501e-05	1.548419e-04	2.499926e-04
	3.761039e-04	5.395327e-04	7.468384e-04	1.004560e-03	1.319013e-03
	1.696112e-03	2.141243e-03	2.659174e-03	3.254013e-03	3.929192e-03
	4.687491e-03	5.531069e-03	6.461516e-03	7.479904e-03	8.586845e-03
	9.782549e-03	1.106688e-02	1.243941e-02	1.389949e-02	1.544631e-02
	1.707913e-02	1.879766e-02	2.060261e-02	2.249692e-02	2.448725e-02
	2.658567e-02	2.880214e-02	3.112631e-02	3.352841e-02	3.599056e-02
	3.852472e-02	4.114841e-02	4.385495e-02	4.661957e-02	4.942766e-02
	5.228889e-02	5.522928e-02	5.827570e-02	6.144606e-02	6.475350e-02
	6.821863e-02	7.185147e-02	7.566260e-02	7.964309e-02	8.377106e-02
	8.801718e-02	9.233652e-02	9.664247e-02	1.007913e-01	1.046168e-01
	1.079995e-01	1.109025e-01	1.133558e-01	1.154225e-01	1.171713e-01
	1.186625e-01	1.199445e-01	1.210555e-01	1.220264e-01	1.228821e-01
	1.236447e-01	1.243341e-01	1.249666e-01	1.255542e-01	1.261037e-01
	1.266177e-01	1.270966e-01	1.275398e-01	1.279485e-01	1.283267e-01
	1.286808e-01	1.290184e-01	1.293456e-01	1.296665e-01	1.299832e-01
	1.302970e-01	1.306097e-01	1.309239e-01	1.312422e-01	1.315665e-01
	1.318975e-01	1.322367e-01	1.325857e-01	1.329452e-01	1.333143e-01
	1.336908e-01	1.340727e-01	1.344572e-01	1.348370e-01	1.351959e-01
	1.355111e-01	1.357590e-01	1.359143e-01	1.359385e-01	1.357616e-01
	1.352613e-01	1.342509e-01	1.324883e-01	1.297076e-01	1.256757e-01
	1.203006e-01	1.137468e-01	1.064047e-01	9.872465e-02	9.106056e-02
	8.360475e-02	7.643297e-02	6.956338e-02	6.297459e-02	5.660033e-02
	5.034438e-02	4.413424e-02	3.799348e-02	3.208260e-02	2.663654e-02
	2.183914e-02	1.772813e-02	1.420285e-02	1.112297e-02	8.402455e-03
	6.053057e-03	4.148119e-03	2.727407e-03	1.745476e-03	1.099532e-03
	6.842157e-04	4.201297e-04	2.538332e-04	1.503638e-04	8.698162e-05
	4.887128e-05	2.642426e-05	1.348460e-05	6.187664e-06	2.167702e-06
	1.000000e-60
massfraction-CH
	1.000000e-60	3.196592e-34	6.304284e-34	8.880465e-34	1.085171e-33
	1.237097e-33	1.374598e-33	1.538001e-33	1.778711e-33	2.172874e-33
	2.854887e-33	4.093950e-33	6.479264e-33	1.139972e-32	2.236809e-32
	4.890311e-32	1.186356e-31	3.221988e-31	1.376299e-30	3.863867e-29
	2.871774e-27	6.773416e-29	1.169566e-28	4.493779e-28	3.925494e-27
	5.915256e-27	2.456465e-26	7.708933e-26	2.681466e-25	8.008618e-25
	2.715411e-24	8.856757e-24	2.811062e-23	8.568884e-23	2.503084e-22
	7.047556e-22	1.933570e-21	5.169898e-21	1.341596e-20	3.382416e-20
	8.360610e-20	2.052112e-19	5.059904e-19	1.263871e-18	3.221475e-18
	8.453095e-18	2.303829e-17	6.565557e-17	1.963932e-16	6.183068e-16
	2.056650e-15	7.245852e-15	2.684854e-14	1.020280e-13	3.816663e-13
	1.348166e-12	4.372383e-12	1.288551e-11	3.462293e-11	8.570331e-11
	1.977846e-10	4.300904e-10	8.888241e-10	1.757403e-09	3.342895e-09
	6.151800e-09	1.102213e-08	1.934320e-08	3.337341e-08	5.661268e-08
	9.409820e-08	1.523603e-07	2.388274e-07	3.610518e-07	5.265941e-07
	7.439156e-07	1.023414e-06	1.377160e-06	1.816935e-06	2.351692e-06
	2.986522e-06	3.723841e-06	4.564323e-06	5.504352e-06	6.531158e-06
	7.621025e-06	8.740799e-06	9.846277e-06	1.087681e-05	1.175372e-05
	1.238675e-05	1.268302e-05	1.255167e-05	1.191791e-05	1.076771e-05
	9.190109e-06	7.354659e-06	5.447048e-06	3.641090e-06	2.107824e-06
	9.977301e-07	3.625147e-07	9.614959e-08	1.827281e-08	2.577500e-09
	3.044673e-10	3.696605e-11	5.457853e-12	9.888629e-13	2.046020e-13
	4.564935e-14	1.061948e-14	2.518820e-15	5.962041e-16	1.367885e-16
	2.920629e-17	5.526651e-18	8.862177e-19	1.183756e-19	1.355409e-20
	1.412201e-21	1.398631e-22	1.320076e-23	1.177791e-24	9.901998e-26
	7.657232e-27	5.951375e-28	7.447124e-29	1.000000e-60	1.000000e-60
	3.488707e-30	5.892000e-30	1.000000e-60	1.618377e-30	5.193852e-31
	1.536684e-31	7.056570e-31	1.451298e-31	1.195264e-31	5.965176e-32
	1.000000e-60
massfraction-CHO
	1.000000e-60	1.648702e-18	4.030933e-18	7.364913e-18	1.192383e-17
	1.812460e-17	2.666249e-17	3.872586e-17	5.635028e-17	8.299937e-17
	1.245379e-16	1.908803e-16	2.987870e-16	4.765854e-16	7.720666e-16
	1.265535e-15	2.091051e-15	3.470379e-15	5.766037e-15	9.561946e-15
	1.578191e-14	2.585620e-14	4.194232e-14	6.719377e-14	1.060444e-13
	1.644371e-13	2.498715e-13	3.710981e-13	5.373018e-13	7.566915e-13
	1.034531e-12	1.369461e-12	1.748119e-12	2.146489e-12	2.543098e-12
	2.930307e-12	3.313815e-12	3.708038e-12	4.133483e-12	4.616213e-12
	5.189311e-12	5.896065e-12	6.794830e-12	7.967020e-12	9.533599e-12
	1.168553e-11	1.472644e-11	1.914858e-11	2.577020e-11	3.600710e-11
	5.240829e-11	7.966531e-11	1.262562e-10	2.064380e-10	3.414675e-10
	5.588865e-10	8.901836e-10	1.368908e-09	2.031079e-09	2.917324e-09
	4.075285e-09	5.561178e-09	7.441163e-09	9.793046e-09	1.270987e-08
	1.631099e-08	2.076188e-08	2.629260e-08	3.320324e-08	4.185183e-08
	5.262663e-08	6.589722e-08	8.196075e-08	1.010466e-07	1.234091e-07
	1.494590e-07	1.798292e-07	2.152980e-07	2.566071e-07	3.042973e-07
	3.586975e-07	4.200746e-07	4.887289e-07	5.648111e-07	6.479750e-07
	7.372633e-07	8.312253e-07	9.277585e-07	1.023561e-06	1.113722e-06
	1.191828e-06	1.250286e-06	1.280182e-06	1.271428e-06	1.215690e-06
	1.111350e-06	9.649848e-07	7.880977e-07	5.950683e-07	4.050373e-07
	2.425708e-07	1.290802e-07	6.726489e-08	4.016405e-08	2.832028e-08
	2.130813e-08	1.600830e-08	1.188961e-08	8.812626e-09	6.583414e-09
	4.980512e-09	3.815683e-09	2.948579e-09	2.277483e-09	1.728398e-09
	1.250395e-09	8.200801e-10	4.535618e-10	1.969284e-10	6.563382e-11
	1.750054e-11	3.969209e-12	8.030266e-13	1.525786e-13	2.894257e-14
	5.579614e-15	1.084782e-15	2.191023e-16	4.815161e-17	1.173575e-17
	3.127360e-18	8.860074e-19	2.590771e-19	7.599287e-20	2.174589e-20
	5.885416e-21	1.444488e-21	2.992454e-22	4.477960e-23	2.991494e-24
	1.000000e-60
massfraction-CH2
	1.000000e-60	1.188692e-22	2.482759e-22	3.868354e-22	5.321091e-22
	6.861239e-22	8.575466e-22	1.063005e-21	1.330034e-21	1.703782e-21
	2.260919e-21	3.137694e-21	4.587171e-21	7.098892e-21	1.165588e-20
	2.030021e-20	3.740360e-20	7.256819e-20	1.473193e-19	3.106216e-19
	6.748026e-19	1.498117e-18	3.372027e-18	7.638230e-18	1.729614e-17
	3.892883e-17	8.668899e-17	1.903798e-16	4.116716e-16	8.767901e-16
	1.843498e-15	3.831004e-15	7.830043e-15	1.560198e-14	3.021366e-14
	5.717284e-14	1.063567e-13	1.945325e-13	3.488525e-13	6.136181e-13
	1.064309e-12	1.834141e-12	3.161772e-12	5.477945e-12	9.576795e-12
	1.697553e-11	3.065399e-11	5.658771e-11	1.069630e-10	2.072050e-10
	4.119373e-10	8.409941e-10	1.754762e-09	3.687824e-09	7.631622e-09
	1.521202e-08	2.880155e-08	5.157899e-08	8.763238e-08	1.421620e-07
	2.217538e-07	3.346332e-07	4.908863e-07	7.026523e-07	9.844093e-07
	1.353952e-06	1.834328e-06	2.455498e-06	3.253657e-06	4.266787e-06
	5.526546e-06	7.047418e-06	8.818328e-06	1.080625e-05	1.297176e-05
	1.528436e-05	1.772474e-05	2.027265e-05	2.289241e-05	2.552826e-05
	2.811327e-05	3.058209e-05	3.287348e-05	3.492119e-05	3.664726e-05
	3.796779e-05	3.879987e-05	3.905977e-05	3.866290e-05	3.753623e-05
	3.563392e-05	3.294106e-05	2.947701e-05	2.533944e-05	2.077200e-05
	1.614427e-05	1.181618e-05	8.032665e-06	4.940054e-06	2.636477e-06
	1.155695e-06	3.933513e-07	1.000649e-07	1.899150e-08	2.843484e-09
	3.867812e-10	5.898039e-11	1.164901e-11	2.923449e-12	8.580064e-13
	2.774952e-13	9.573482e-14	3.457830e-14	1.289112e-14	4.883671e-15
	1.845749e-15	6.837095e-16	2.457187e-16	8.638719e-17	3.065564e-17
	1.140316e-17	4.499984e-18	1.829292e-18	7.211056e-19	2.560804e-19
	7.741782e-20	2.017155e-20	5.016486e-21	1.353977e-21	4.273813e-22
	1.592426e-22	6.840860e-23	3.277418e-23	1.692075e-23	9.106270e-24
	4.936897e-24	2.588559e-24	1.235024e-24	4.754596e-25	1.037468e-25
	1.000000e-60
massfraction-CH2O
	1.000000e-60	5.291722e-08	1.298684e-07	2.385045e-07	3.874049e-07
	5.863740e-07	8.461930e-07	1.178101e-06	1.593410e-06	2.103126e-06
	2.717620e-06	3.446358e-06	4.297697e-06	5.278766e-06	6.395404e-06
	7.652155e-06	9.052310e-06	1.059797e-05	1.229016e-05	1.412890e-05
	1.611339e-05	1.824206e-05	2.051278e-05	2.292294e-05	2.546964e-05
	2.815013e-05	3.096233e-05	3.390597e-05	3.698429e-05	4.020667e-05
	4.359106e-05	4.715179e-05	5.087068e-05	5.469900e-05	5.860772e-05
	6.261550e-05	6.674954e-05	7.099883e-05	7.532439e-05	7.970365e-05
	8.415205e-05	8.871023e-05	9.341973e-05	9.830797e-05	1.033948e-04
	1.087117e-04	1.142728e-04	1.200934e-04	1.261581e-04	1.324296e-04
	1.388555e-04	1.453514e-04	1.517547e-04	1.577933e-04	1.631385e-04
	1.675217e-04	1.708095e-04	1.729962e-04	1.741532e-04	1.743815e-04
	1.737852e-04	1.724635e-04	1.705107e-04	1.680159e-04	1.650612e-04
	1.617151e-04	1.580268e-04	1.540335e-04	1.497840e-04	1.453652e-04
	1.409152e-04	1.366173e-04	1.326678e-04	1.292251e-04	1.263766e-04
	1.241447e-04	1.225185e-04	1.214798e-04	1.210051e-04	1.210510e-04
	1.215444e-04	1.223839e-04	1.234484e-04	1.245949e-04	1.256506e-04
	1.264127e-04	1.266509e-04	1.261034e-04	1.244754e-04	1.214578e-04
	1.167571e-04	1.101081e-04	1.012899e-04	9.025193e-05	7.734759e-05
	6.339440e-05	4.937688e-05	3.611768e-05	2.426754e-05	1.446210e-05
	7.295204e-06	2.966598e-06	9.389565e-07	2.298346e-07	4.521507e-08
	7.902637e-09	1.424560e-09	3.008983e-10	7.757756e-11	2.378933e-11
	8.343143e-12	3.253349e-12	1.387314e-12	6.401261e-13	3.168114e-13
	1.670817e-13	9.381267e-14	5.639442e-14	3.650824e-14	2.536058e-14
	1.862459e-14	1.417488e-14	1.095637e-14	8.433268e-15	6.343451e-15
	4.592153e-15	3.178062e-15	2.111711e-15	1.362955e-15	8.633870e-16
	5.388798e-16	3.312175e-16	2.000250e-16	1.183193e-16	6.830211e-17
	3.828081e-17	2.064237e-17	1.050505e-17	4.807520e-18	1.680018e-18
	1.000000e-60
massfraction-CH3
	1.000000e-60	5.168684e-10	1.178705e-09	2.006943e-09	3.021826e-09
	4.246168e-09	5.705012e-09	7.424793e-09	9.434103e-09	1.176469e-08
	1.445264e-08	1.753964e-08	2.107436e-08	2.511391e-08	2.972536e-08
	3.498741e-08	4.099228e-08	4.784781e-08	5.567995e-08	6.463571e-08
	7.488671e-08	8.663352e-08	1.001111e-07	1.155954e-07	1.334124e-07
	1.539510e-07	1.776825e-07	2.051923e-07	2.372332e-07	2.748160e-07
	3.193490e-07	3.726248e-07	4.364236e-07	5.123061e-07	6.024078e-07
	7.105419e-07	8.420801e-07	1.002814e-06	1.198700e-06	1.437389e-06
	1.730405e-06	2.094744e-06	2.553907e-06	3.139609e-06	3.896819e-06
	4.893265e-06	6.229385e-06	8.052545e-06	1.057689e-05	1.411904e-05
	1.915934e-05	2.642420e-05	3.693839e-05	5.194088e-05	7.259990e-05
	9.966020e-05	1.332530e-04	1.729791e-04	2.181594e-04	2.680332e-04
	3.218280e-04	3.787404e-04	4.379274e-04	4.985230e-04	5.596859e-04
	6.207107e-04	6.810796e-04	7.402956e-04	7.975724e-04	8.516105e-04
	9.006297e-04	9.426392e-04	9.759015e-04	9.993979e-04	1.012929e-03
	1.016792e-03	1.011349e-03	9.968463e-04	9.735412e-04	9.419330e-04
	9.028169e-04	8.571040e-04	8.056427e-04	7.492793e-04	6.890360e-04
	6.260721e-04	5.614598e-04	4.961552e-04	4.311964e-04	3.677932e-04
	3.071448e-04	2.501745e-04	1.975929e-04	1.503381e-04	1.096797e-04
	7.654897e-05	5.088359e-05	3.179835e-05	1.821266e-05	9.198774e-06
	3.902377e-06	1.325363e-06	3.487074e-07	7.064133e-08	1.138785e-08
	1.593212e-09	2.220821e-10	3.570406e-11	7.226160e-12	1.841421e-12
	5.635092e-13	1.976788e-13	7.706952e-14	3.273038e-14	1.490273e-14
	7.177020e-15	3.623778e-15	1.913351e-15	1.057317e-15	6.112930e-16
	3.684989e-16	2.293547e-16	1.446618e-16	9.024192e-17	5.438313e-17
	3.125360e-17	1.724063e-17	9.344664e-18	5.108415e-18	2.858793e-18
	1.639810e-18	9.590998e-19	5.683004e-19	3.389853e-19	2.022781e-19
	1.198028e-19	6.953901e-20	3.860742e-20	1.940838e-20	7.445121e-21
	1.000000e-60
massfraction-CH4
	1.000000e-60	1.220917e-05	2.786322e-05	4.744937e-05	7.138699e-05
	1.000966e-04	1.339695e-04	1.733239e-04	2.184001e-04	2.693613e-04
	3.263004e-04	3.892491e-04	4.581895e-04	5.330654e-04	6.137927e-04
	7.002689e-04	7.923802e-04	8.900076e-04	9.930309e-04	1.101332e-03
	1.214796e-03	1.333315e-03	1.456784e-03	1.585111e-03	1.718209e-03
	1.856020e-03	1.998537e-03	2.145847e-03	2.298214e-03	2.456197e-03
	2.620758e-03	2.792670e-03	2.971140e-03	3.153951e-03	3.339859e-03
	3.529885e-03	3.725437e-03	3.926112e-03	4.130184e-03	4.336708e-03
	4.546522e-03	4.761650e-03	4.984164e-03	5.215485e-03	5.456689e-03
	5.709450e-03	5.974552e-03	6.252926e-03	6.543959e-03	6.845892e-03
	7.155981e-03	7.469483e-03	7.777084e-03	8.063137e-03	8.308385e-03
	8.496491e-03	8.618540e-03	8.672935e-03	8.662648e-03	8.592490e-03
	8.467605e-03	8.293042e-03	8.073700e-03	7.814251e-03	7.518891e-03
	7.190653e-03	6.830744e-03	6.439050e-03	6.016044e-03	5.565144e-03
	5.094237e-03	4.615837e-03	4.145116e-03	3.695670e-03	3.275799e-03
	2.887901e-03	2.530820e-03	2.202974e-03	1.903997e-03	1.634393e-03
	1.394186e-03	1.182022e-03	9.955124e-04	8.322327e-04	6.902401e-04
	5.677307e-04	4.626661e-04	3.729806e-04	2.969298e-04	2.330845e-04
	1.800818e-04	1.364767e-04	1.009088e-04	7.238908e-05	5.024445e-05
	3.372909e-05	2.182953e-05	1.345963e-05	7.724433e-06	3.987876e-06
	1.776832e-06	6.568531e-07	1.962918e-07	4.720577e-08	9.365733e-09
	1.631502e-09	2.739283e-10	4.885764e-11	9.988861e-12	2.444596e-12
	7.251573e-13	2.591969e-13	1.101452e-13	5.476708e-14	3.133865e-14
	2.029609e-14	1.460014e-14	1.137681e-14	9.315903e-15	7.807578e-15
	6.594931e-15	5.571972e-15	4.676951e-15	3.863888e-15	3.106939e-15
	2.409319e-15	1.798303e-15	1.300701e-15	9.219213e-16	6.457675e-16
	4.480412e-16	3.074336e-16	2.079943e-16	1.382053e-16	8.976848e-17
	5.662280e-17	3.430655e-17	1.953940e-17	9.941907e-18	3.826186e-18
	1.000000e-60
massfraction-C2H6
	1.000000e-60	4.586018e-07	1.123978e-06	2.061318e-06	3.343533e-06
	5.053834e-06	7.283649e-06	1.012827e-05	1.368370e-05	1.804365e-05
	2.329692e-05	2.952534e-05	3.680229e-05	4.519191e-05	5.474871e-05
	6.551769e-05	7.753470e-05	9.082707e-05	1.054142e-04	1.213086e-04
	1.385163e-04	1.570379e-04	1.768694e-04	1.980030e-04	2.204284e-04
	2.441357e-04	2.691208e-04	2.953948e-04	3.229999e-04	3.520332e-04
	3.826703e-04	4.150558e-04	4.490372e-04	4.841762e-04	5.202070e-04
	5.572993e-04	5.957032e-04	6.353127e-04	6.757550e-04	7.168036e-04
	7.585840e-04	8.014548e-04	8.457777e-04	8.917701e-04	9.395602e-04
	9.893548e-04	1.041161e-03	1.094924e-03	1.150209e-03	1.206241e-03
	1.261910e-03	1.315538e-03	1.364430e-03	1.404770e-03	1.432497e-03
	1.444743e-03	1.440541e-03	1.420510e-03	1.386110e-03	1.339066e-03
	1.281119e-03	1.214003e-03	1.139445e-03	1.059139e-03	9.746724e-04
	8.873549e-04	7.981210e-04	7.077488e-04	6.173238e-04	5.286035e-04
	4.439980e-04	3.661743e-04	2.973707e-04	2.386939e-04	1.899338e-04
	1.499779e-04	1.174366e-04	9.107612e-05	6.992529e-05	5.318337e-05
	4.011074e-05	3.000234e-05	2.223182e-05	1.629331e-05	1.179559e-05
	8.425880e-06	5.926167e-06	4.090308e-06	2.760531e-06	1.815594e-06
	1.158987e-06	7.131860e-07	4.186097e-07	2.318023e-07	1.203295e-07
	5.842087e-08	2.633161e-08	1.076345e-08	3.818005e-09	1.103637e-09
	2.419864e-10	3.798714e-11	4.180400e-12	3.303599e-13	2.002091e-14
	1.028396e-15	5.042401e-17	2.640210e-18	1.609778e-19	1.206333e-20
	1.140050e-21	1.374824e-22	2.133807e-23	4.295382e-24	1.129091e-24
	3.913638e-25	1.813765e-25	1.116515e-25	8.521650e-26	7.209002e-26
	6.214062e-26	5.268685e-26	4.343607e-26	3.451400e-26	2.612722e-26
	1.865629e-26	1.256045e-26	8.064045e-27	5.021762e-27	3.072802e-27
	1.855600e-27	1.104891e-27	6.468878e-28	3.710934e-28	2.077803e-28
	1.129771e-28	5.914082e-29	2.925939e-29	1.305118e-29	4.463231e-30
	1.000000e-60
massfraction-C2H
	1.000000e-60	1.212127e-30	3.296811e-31	3.385023e-30	1.000000e-60
	1.385251e-29	2.307469e-29	3.086188e-29	3.553517e-29	7.292781e-29
	1.458995e-28	2.907009e-28	6.274882e-28	1.391389e-27	3.264219e-27
	7.956560e-27	2.058936e-26	5.523778e-26	1.536564e-25	4.394263e-25
	1.279588e-24	3.763931e-24	1.109369e-23	3.253457e-23	9.439300e-23
	2.697571e-22	7.573090e-22	2.086791e-21	5.651996e-21	1.510831e-20
	4.014018e-20	1.066600e-19	2.829556e-19	7.432841e-19	1.927950e-18
	4.973256e-18	1.284050e-17	3.304341e-17	8.386022e-17	2.086159e-16
	5.099514e-16	1.233919e-15	2.976107e-15	7.184834e-15	1.741746e-14
	4.260342e-14	1.056950e-13	2.668595e-13	6.857866e-13	1.790152e-12
	4.735441e-12	1.264094e-11	3.366444e-11	8.743415e-11	2.151840e-10
	4.906212e-10	1.027063e-09	1.980909e-09	3.557653e-09	6.025589e-09
	9.737716e-09	1.515937e-08	2.290286e-08	3.377109e-08	4.881815e-08
	6.946329e-08	9.768941e-08	1.362774e-07	1.889407e-07	2.601850e-07
	3.547287e-07	4.763564e-07	6.265339e-07	8.038721e-07	1.005030e-06
	1.226209e-06	1.463708e-06	1.712978e-06	1.967344e-06	2.217846e-06
	2.454610e-06	2.668549e-06	2.851849e-06	2.997321e-06	3.098180e-06
	3.148845e-06	3.145426e-06	3.085418e-06	2.967812e-06	2.793996e-06
	2.568208e-06	2.296698e-06	1.987369e-06	1.652644e-06	1.312645e-06
	9.914948e-07	7.081796e-07	4.721468e-07	2.865649e-07	1.522756e-07
	6.731968e-08	2.348966e-08	6.221694e-09	1.239207e-09	1.937439e-10
	2.695259e-11	4.028127e-12	7.325993e-13	1.605952e-13	4.013448e-14
	1.098911e-14	3.221508e-15	9.957756e-16	3.198501e-16	1.047424e-16
	3.411761e-17	1.076250e-17	3.213936e-18	9.005144e-19	2.403300e-19
	6.343770e-20	1.706186e-20	4.609404e-21	1.183642e-21	2.708277e-22
	5.360049e-23	9.609161e-24	1.752005e-24	3.671248e-25	9.425998e-26
	2.964126e-26	1.105687e-26	4.697143e-27	2.180540e-27	1.062884e-27
	5.222538e-28	2.467088e-28	1.047806e-28	3.533730e-29	6.651447e-30
	1.000000e-60
massfraction-C2H2
	1.000000e-60	1.000064e-05	2.394785e-05	4.286325e-05	6.781903e-05
	9.998747e-05	1.405982e-04	1.908637e-04	2.519378e-04	3.248813e-04
	4.106385e-04	5.100221e-04	6.237091e-04	7.522424e-04	8.960394e-04
	1.055403e-03	1.230533e-03	1.421543e-03	1.628469e-03	1.851284e-03
	2.089910e-03	2.344222e-03	2.614067e-03	2.899265e-03	3.199627e-03
	3.514992e-03	3.845297e-03	4.190687e-03	4.551727e-03	4.929696e-03
	5.326884e-03	5.745165e-03	6.182594e-03	6.633612e-03	7.094941e-03
	7.568904e-03	8.058846e-03	8.563587e-03	9.078592e-03	9.601235e-03
	1.013341e-02	1.068005e-02	1.124623e-02	1.183540e-02	1.245010e-02
	1.309435e-02	1.377013e-02	1.447968e-02	1.522159e-02	1.599210e-02
	1.678606e-02	1.759531e-02	1.840369e-02	1.918374e-02	1.990274e-02
	2.053544e-02	2.107098e-02	2.151053e-02	2.186136e-02	2.213177e-02
	2.232865e-02	2.245679e-02	2.251917e-02	2.251730e-02	2.245137e-02
	2.231982e-02	2.211840e-02	2.183940e-02	2.147234e-02	2.100661e-02
	2.043527e-02	1.975945e-02	1.899074e-02	1.814820e-02	1.725087e-02
	1.631162e-02	1.533670e-02	1.433078e-02	1.330219e-02	1.226412e-02
	1.123105e-02	1.021389e-02	9.218960e-03	8.251243e-03	7.317551e-03
	6.425173e-03	5.578927e-03	4.781709e-03	4.037284e-03	3.350997e-03
	2.727581e-03	2.168801e-03	1.674661e-03	1.247593e-03	8.928903e-04
	6.127349e-04	4.014645e-04	2.478973e-04	1.406387e-04	7.055417e-05
	2.983027e-05	1.013917e-05	2.683794e-06	5.523988e-07	9.304868e-08
	1.463677e-08	2.597888e-09	5.856203e-10	1.648654e-10	5.459365e-11
	2.042122e-11	8.451975e-12	3.830061e-12	1.887698e-12	1.006161e-12
	5.778436e-13	3.575784e-13	2.384765e-13	1.701790e-13	1.278162e-13
	9.920259e-14	7.835221e-14	6.207730e-14	4.857757e-14	3.694231e-14
	2.694738e-14	1.877627e-14	1.258170e-14	8.213780e-15	5.279279e-15
	3.352170e-15	2.100585e-15	1.295462e-15	7.835179e-16	4.628544e-16
	2.655744e-16	1.465967e-16	7.632045e-17	3.568463e-17	1.271520e-17
	1.000000e-60
massfraction-CHCO
	1.000000e-60	3.244233e-06	7.402978e-06	1.260498e-05	1.896062e-05
	2.658019e-05	3.556574e-05	4.599943e-05	5.794205e-05	7.143342e-05
	8.649407e-05	1.031277e-04	1.213245e-04	1.410638e-04	1.623172e-04
	1.850511e-04	2.092287e-04	2.348115e-04	2.617605e-04	2.900374e-04
	3.196047e-04	3.504262e-04	3.824678e-04	4.156974e-04	4.500859e-04
	4.856111e-04	5.222637e-04	5.600593e-04	5.990588e-04	6.393971e-04
	6.813109e-04	7.249860e-04	7.702109e-04	8.164162e-04	8.632836e-04
	9.110674e-04	9.601168e-04	1.010324e-03	1.061255e-03	1.112674e-03
	1.164788e-03	1.218100e-03	1.273121e-03	1.330198e-03	1.389595e-03
	1.451729e-03	1.516801e-03	1.585075e-03	1.656470e-03	1.730694e-03
	1.807337e-03	1.885718e-03	1.964382e-03	2.040766e-03	2.111755e-03
	2.174942e-03	2.229358e-03	2.275285e-03	2.313680e-03	2.345655e-03
	2.372212e-03	2.394152e-03	2.412092e-03	2.426493e-03	2.437687e-03
	2.445893e-03	2.451189e-03	2.453465e-03	2.452373e-03	2.447361e-03
	2.437760e-03	2.422949e-03	2.402533e-03	2.376409e-03	2.344610e-03
	2.307049e-03	2.263374e-03	2.213083e-03	2.155776e-03	2.091343e-03
	2.019895e-03	1.941485e-03	1.855935e-03	1.763005e-03	1.662712e-03
	1.555324e-03	1.441064e-03	1.320103e-03	1.192983e-03	1.060940e-03
	9.257427e-04	7.892005e-04	6.532538e-04	5.211778e-04	3.983196e-04
	2.903917e-04	2.007492e-04	1.297750e-04	7.639594e-05	3.931572e-05
	1.678265e-05	5.638595e-06	1.439068e-06	2.777891e-07	4.234935e-08
	5.721756e-09	8.253933e-10	1.497086e-10	3.507382e-11	9.949372e-12
	3.215754e-12	1.143970e-12	4.397644e-13	1.804741e-13	7.814700e-14
	3.529126e-14	1.648640e-14	7.953994e-15	3.995866e-15	2.135683e-15
	1.250881e-15	8.140041e-16	5.768074e-16	4.251931e-16	3.079684e-16
	2.073341e-16	1.261279e-16	7.073615e-17	3.837334e-17	2.092325e-17
	1.164672e-17	6.627067e-18	3.838229e-18	2.249400e-18	1.325729e-18
	7.799929e-19	4.527531e-19	2.532501e-19	1.292061e-19	5.057615e-20
	1.000000e-60
massfraction-C3H3
	1.000000e-60	1.169906e-23	3.060712e-23	6.194074e-23	1.162186e-22
	2.152512e-22	4.048901e-22	7.831520e-22	1.563836e-21	3.222478e-21
	6.835328e-21	1.487418e-20	3.308292e-20	7.492583e-20	1.721469e-19
	3.998021e-19	9.353756e-19	2.197540e-18	5.169206e-18	1.214214e-17
	2.841368e-17	6.610396e-17	1.526278e-16	3.492316e-16	7.909725e-16
	1.771826e-15	3.923932e-15	8.592895e-15	1.862581e-14	4.004956e-14
	8.573108e-14	1.831351e-13	3.889390e-13	8.143793e-13	1.674417e-12
	3.394937e-12	6.824201e-12	1.359014e-11	2.669090e-11	5.160104e-11
	9.854082e-11	1.871039e-10	3.554257e-10	6.781991e-10	1.303625e-09
	2.533063e-09	4.991180e-09	9.984676e-09	2.026762e-08	4.167025e-08
	8.659306e-08	1.812120e-07	3.783372e-07	7.737757e-07	1.513902e-06
	2.778714e-06	4.743674e-06	7.547015e-06	1.128272e-05	1.601120e-05
	2.177177e-05	2.858955e-05	3.648233e-05	4.546928e-05	5.558387e-05
	6.690123e-05	7.956809e-05	9.379825e-05	1.098153e-04	1.277560e-04
	1.475635e-04	1.688928e-04	1.910931e-04	2.133446e-04	2.348716e-04
	2.550607e-04	2.734041e-04	2.893531e-04	3.022462e-04	3.113841e-04
	3.161797e-04	3.162433e-04	3.113561e-04	3.014440e-04	2.866376e-04
	2.673232e-04	2.440892e-04	2.176782e-04	1.890367e-04	1.593421e-04
	1.298738e-04	1.017965e-04	7.610245e-05	5.375657e-05	3.563704e-05
	2.210734e-05	1.277507e-05	6.779887e-06	3.216707e-06	1.318189e-06
	4.545785e-07	1.324763e-07	3.355489e-08	7.455510e-09	1.421732e-09
	2.293937e-10	3.197471e-11	4.023202e-12	4.775211e-13	5.495707e-14
	6.151015e-15	6.591896e-16	6.586530e-17	5.896414e-18	4.434567e-19
	2.537647e-20	9.692859e-22	2.152717e-23	2.531622e-25	1.565171e-27
	5.468413e-30	1.249791e-32	8.886554e-35	5.079557e-36	3.162035e-37
	1.737646e-38	8.899494e-40	8.095412e-41	1.000000e-60	1.000000e-60
	1.553189e-42	7.466160e-43	1.000000e-60	1.066379e-43	2.060286e-44
	3.863868e-44	6.823854e-45	3.134674e-45	9.987905e-46	9.768397e-47
	1.000000e-60
massfraction-C2H3
	1.000000e-60	1.747881e-18	3.903951e-18	6.500755e-18	9.564693e-18
	1.319691e-17	1.765067e-17	2.341423e-17	3.135679e-17	4.301702e-17
	6.119085e-17	9.115356e-17	1.432721e-16	2.387573e-16	4.227022e-16
	7.943871e-16	1.579191e-15	3.301758e-15	7.206417e-15	1.627902e-14
	3.771542e-14	8.880606e-14	2.106849e-13	4.996065e-13	1.175760e-12
	2.728780e-12	6.210951e-12	1.379439e-11	2.976000e-11	6.212985e-11
	1.251797e-10	2.425187e-10	4.482781e-10	7.839354e-10	1.295595e-09
	2.037104e-09	3.068669e-09	4.441951e-09	6.188548e-09	8.329860e-09
	1.089584e-08	1.392999e-08	1.747481e-08	2.154724e-08	2.612469e-08
	3.115061e-08	3.654890e-08	4.231548e-08	4.872150e-08	5.663213e-08
	6.786569e-08	8.569805e-08	1.157604e-07	1.672420e-07	2.535145e-07
	3.910412e-07	5.966676e-07	8.851644e-07	1.268679e-06	1.757508e-06
	2.360770e-06	3.086062e-06	3.938419e-06	4.918803e-06	6.022674e-06
	7.240128e-06	8.556043e-06	9.945656e-06	1.136476e-05	1.274076e-05
	1.397390e-05	1.495396e-05	1.559032e-05	1.583989e-05	1.571137e-05
	1.524640e-05	1.449805e-05	1.352272e-05	1.238229e-05	1.114455e-05
	9.875603e-06	8.629360e-06	7.443901e-06	6.345716e-06	5.353988e-06
	4.479589e-06	3.723483e-06	3.079447e-06	2.537976e-06	2.087498e-06
	1.713904e-06	1.401011e-06	1.133165e-06	8.988715e-07	6.927998e-07
	5.145013e-07	3.649441e-07	2.441376e-07	1.512457e-07	8.500539e-08
	4.276236e-08	1.932798e-08	7.970838e-09	3.027564e-09	1.060747e-09
	3.464799e-10	1.088887e-10	3.437849e-11	1.133859e-11	4.005717e-12
	1.529601e-12	6.303133e-13	2.778891e-13	1.287889e-13	6.079281e-14
	2.785613e-14	1.172448e-14	4.391934e-15	1.496673e-15	4.899266e-16
	1.617696e-16	5.584323e-17	2.050981e-17	7.922238e-18	3.102649e-18
	1.191316e-18	4.459786e-19	1.656777e-19	6.237733e-20	2.400285e-20
	9.377800e-21	3.672704e-21	1.422848e-21	5.383760e-22	1.964875e-22
	6.816108e-23	2.198646e-23	6.323934e-24	1.468411e-24	1.982168e-25
	1.000000e-60
massfraction-C2H4
	1.000000e-60	5.539545e-06	1.340855e-05	2.427061e-05	3.884369e-05
	5.792823e-05	8.238186e-05	1.130724e-04	1.508478e-04	1.965089e-04
	2.507889e-04	3.143375e-04	3.877126e-04	4.713770e-04	5.656999e-04
	6.709613e-04	7.873591e-04	9.150168e-04	1.053993e-03	1.204288e-03
	1.365855e-03	1.538607e-03	1.722424e-03	1.917164e-03	2.122670e-03
	2.338801e-03	2.565480e-03	2.802771e-03	3.051029e-03	3.311097e-03
	3.584519e-03	3.872550e-03	4.173818e-03	4.484456e-03	4.802172e-03
	5.128535e-03	5.465814e-03	5.813168e-03	6.167446e-03	6.526813e-03
	6.892544e-03	7.267987e-03	7.656579e-03	8.060591e-03	8.481660e-03
	8.922338e-03	9.383707e-03	9.866789e-03	1.036980e-02	1.088873e-02
	1.141755e-02	1.194628e-02	1.245656e-02	1.291878e-02	1.329751e-02
	1.356334e-02	1.370084e-02	1.370810e-02	1.359162e-02	1.336130e-02
	1.302783e-02	1.260196e-02	1.209437e-02	1.151548e-02	1.087496e-02
	1.018036e-02	9.436069e-03	8.644759e-03	7.811570e-03	6.948625e-03
	6.077105e-03	5.225853e-03	4.425623e-03	3.700186e-03	3.060512e-03
	2.505813e-03	2.029236e-03	1.623342e-03	1.282185e-03	1.000483e-03
	7.720783e-04	5.895627e-04	4.452457e-04	3.322842e-04	2.449871e-04
	1.784526e-04	1.283428e-04	9.100371e-05	6.353479e-05	4.364760e-05
	2.948647e-05	1.954330e-05	1.265526e-05	7.984233e-06	4.920144e-06
	2.980417e-06	1.780703e-06	1.043989e-06	5.928384e-07	3.206981e-07
	1.626808e-07	7.646725e-08	3.296267e-08	1.289162e-08	4.554500e-09
	1.475686e-09	4.558441e-10	1.409138e-10	4.543911e-11	1.568360e-11
	5.850592e-12	2.360452e-12	1.027552e-12	4.806626e-13	2.401487e-13
	1.274425e-13	7.180121e-14	4.317031e-14	2.778285e-14	1.899978e-14
	1.361240e-14	1.005736e-14	7.532318e-15	5.612884e-15	4.086158e-15
	2.866493e-15	1.930144e-15	1.256021e-15	7.997781e-16	5.030891e-16
	3.133876e-16	1.929672e-16	1.170645e-16	6.969964e-17	4.055582e-17
	2.293226e-17	1.248216e-17	6.412595e-18	2.961603e-18	1.043697e-18
	1.000000e-60
massfraction-C2H5
	1.000000e-60	5.112439e-11	1.250620e-10	2.289004e-10	3.705292e-10
	5.589234e-10	8.039107e-10	1.115696e-09	1.504524e-09	1.980360e-09
	2.552617e-09	3.229950e-09	4.020106e-09	4.929858e-09	5.964981e-09
	7.130283e-09	8.429673e-09	9.866250e-09	1.144242e-08	1.316004e-08
	1.502053e-08	1.702508e-08	1.917479e-08	2.147092e-08	2.391508e-08
	2.650978e-08	2.925908e-08	3.216977e-08	3.525330e-08	3.852863e-08
	4.202512e-08	4.576991e-08	4.975518e-08	5.393451e-08	5.827244e-08
	6.277392e-08	6.743668e-08	7.218857e-08	7.689078e-08	8.138392e-08
	8.550267e-08	8.904088e-08	9.170602e-08	9.310908e-08	9.281898e-08
	9.048695e-08	8.604049e-08	8.003335e-08	7.384672e-08	6.947038e-08
	6.884258e-08	7.351755e-08	8.517890e-08	1.063747e-07	1.406541e-07
	1.920885e-07	2.645802e-07	3.613559e-07	4.848363e-07	6.366481e-07
	8.175032e-07	1.026826e-06	1.262320e-06	1.519587e-06	1.791974e-06
	2.070917e-06	2.346231e-06	2.605389e-06	2.832356e-06	3.007967e-06
	3.113383e-06	3.135928e-06	3.074426e-06	2.939833e-06	2.750044e-06
	2.523190e-06	2.274176e-06	2.015016e-06	1.756259e-06	1.507258e-06
	1.275169e-06	1.064091e-06	8.755038e-07	7.095824e-07	5.660412e-07
	4.440316e-07	3.419521e-07	2.578207e-07	1.897210e-07	1.358422e-07
	9.429716e-08	6.308422e-08	4.030371e-08	2.436057e-08	1.386381e-08
	7.431498e-09	3.747608e-09	1.761581e-09	7.614003e-10	3.030534e-10
	1.163063e-10	4.647521e-11	1.953297e-11	8.057859e-12	3.094516e-12
	1.106386e-12	3.827611e-13	1.348491e-13	5.049715e-14	2.060827e-14
	9.231814e-15	4.519849e-15	2.389358e-15	1.335174e-15	7.630195e-16
	4.265946e-16	2.224761e-16	1.045927e-16	4.408896e-17	1.698421e-17
	6.081352e-18	2.001523e-18	5.959914e-19	1.639368e-19	4.404985e-20
	1.210486e-20	3.460781e-21	1.041333e-21	3.325889e-22	1.121664e-22
	3.923266e-23	1.394334e-23	4.948136e-24	1.729586e-24	5.896880e-25
	1.948154e-25	6.211178e-26	1.904698e-26	5.549810e-27	1.393560e-27
	1.000000e-60
massfraction-C3H4
	1.000000e-60	1.792765e-08	4.552403e-08	8.667974e-08	1.461249e-07
	2.296147e-07	3.439022e-07	4.965524e-07	6.957584e-07	9.501224e-07
	1.268422e-06	1.659383e-06	2.131473e-06	2.692731e-06	3.350636e-06
	4.112003e-06	4.982932e-06	5.968766e-06	7.074088e-06	8.302731e-06
	9.657801e-06	1.114172e-05	1.275628e-05	1.450271e-05	1.638175e-05
	1.839394e-05	2.054014e-05	2.282230e-05	2.524502e-05	2.781779e-05
	3.055727e-05	3.347768e-05	3.656634e-05	3.978371e-05	4.310500e-05
	4.654538e-05	5.012792e-05	5.384278e-05	5.765478e-05	6.154217e-05
	6.551663e-05	6.961282e-05	7.386679e-05	7.830211e-05	8.293544e-05
	8.779302e-05	9.288694e-05	9.822782e-05	1.037983e-04	1.095620e-04
	1.154711e-04	1.214549e-04	1.273846e-04	1.330520e-04	1.382184e-04
	1.427099e-04	1.464692e-04	1.495391e-04	1.520187e-04	1.540241e-04
	1.556673e-04	1.570485e-04	1.582552e-04	1.593635e-04	1.604398e-04
	1.615439e-04	1.627324e-04	1.640605e-04	1.655782e-04	1.673200e-04
	1.692901e-04	1.714447e-04	1.736849e-04	1.758711e-04	1.778525e-04
	1.794845e-04	1.806223e-04	1.811045e-04	1.807521e-04	1.793906e-04
	1.768773e-04	1.731069e-04	1.680007e-04	1.615102e-04	1.536450e-04
	1.444830e-04	1.341443e-04	1.227800e-04	1.106002e-04	9.789398e-05
	8.499318e-05	7.220073e-05	5.978147e-05	4.805620e-05	3.744282e-05
	2.830258e-05	2.075359e-05	1.468005e-05	9.888293e-06	6.223554e-06
	3.580946e-06	1.847814e-06	8.440824e-07	3.392192e-07	1.203764e-07
	3.856217e-08	1.164633e-08	3.491319e-09	1.085301e-09	3.595253e-10
	1.282367e-10	4.928082e-11	2.034639e-11	8.980667e-12	4.206786e-12
	2.075091e-12	1.073615e-12	5.832979e-13	3.331807e-13	1.991509e-13
	1.235154e-13	7.865415e-14	5.061393e-14	3.221847e-14	1.984792e-14
	1.166873e-14	6.556428e-15	3.574813e-15	1.927773e-15	1.040367e-15
	5.625065e-16	3.033828e-16	1.623051e-16	8.564422e-17	4.433949e-17
	2.239008e-17	1.093015e-17	5.064848e-18	2.126438e-18	6.884303e-19
	1.000000e-60
massfraction-C3H5
	1.000000e-60	8.163366e-10	2.087527e-09	4.004527e-09	6.803047e-09
	1.077344e-08	1.626066e-08	2.365614e-08	3.338934e-08	4.591684e-08
	6.171038e-08	8.124466e-08	1.049860e-07	1.333827e-07	1.668564e-07
	2.057968e-07	2.505567e-07	3.014495e-07	3.587481e-07	4.226845e-07
	4.934507e-07	5.712005e-07	6.560517e-07	7.480897e-07	8.473717e-07
	9.539423e-07	1.067859e-06	1.189235e-06	1.318327e-06	1.455648e-06
	1.602098e-06	1.758448e-06	1.924027e-06	2.096715e-06	2.275174e-06
	2.460208e-06	2.653051e-06	2.853160e-06	3.058626e-06	3.268251e-06
	3.482639e-06	3.703626e-06	3.933108e-06	4.172290e-06	4.421959e-06
	4.683345e-06	4.956797e-06	5.242344e-06	5.538105e-06	5.840437e-06
	6.143772e-06	6.439114e-06	6.711287e-06	6.938731e-06	7.100708e-06
	7.188808e-06	7.211298e-06	7.186701e-06	7.134241e-06	7.068175e-06
	6.996624e-06	6.922591e-06	6.845429e-06	6.762174e-06	6.668626e-06
	6.560064e-06	6.431660e-06	6.279032e-06	6.099459e-06	5.893770e-06
	5.668058e-06	5.433955e-06	5.206222e-06	4.997993e-06	4.816878e-06
	4.664402e-06	4.537951e-06	4.432860e-06	4.343393e-06	4.263013e-06
	4.184706e-06	4.101503e-06	4.006935e-06	3.895452e-06	3.762912e-06
	3.606759e-06	3.425649e-06	3.219237e-06	2.988675e-06	2.737095e-06
	2.469107e-06	2.189407e-06	1.902449e-06	1.614669e-06	1.336317e-06
	1.078610e-06	8.484687e-07	6.470437e-07	4.728927e-07	3.255792e-07
	2.068552e-07	1.189856e-07	6.114833e-08	2.792026e-08	1.138605e-08
	4.242067e-09	1.503388e-09	5.297971e-10	1.921858e-10	7.319997e-11
	2.947053e-11	1.254923e-11	5.649935e-12	2.687892e-12	1.349450e-12
	7.154604e-13	4.038837e-13	2.466268e-13	1.644282e-13	1.179677e-13
	8.830022e-14	6.707048e-14	5.065715e-14	3.735630e-14	2.640501e-14
	1.763249e-14	1.108834e-14	6.634001e-15	3.841796e-15	2.182956e-15
	1.222666e-15	6.744060e-16	3.653116e-16	1.936653e-16	1.001315e-16
	5.027157e-17	2.432311e-17	1.114964e-17	4.627432e-18	1.481609e-18
	1.000000e-60
massfraction-C3H6
	1.000000e-60	3.902674e-08	1.006695e-07	1.949135e-07	3.343131e-07
	5.345698e-07	8.146212e-07	1.196300e-06	1.703934e-06	2.363782e-06
	3.203388e-06	4.250879e-06	5.534293e-06	7.080970e-06	8.917025e-06
	1.106693e-05	1.355318e-05	1.639609e-05	1.961365e-05	2.322146e-05
	2.723272e-05	3.165830e-05	3.650684e-05	4.178496e-05	4.749742e-05
	5.364808e-05	6.024136e-05	6.728481e-05	7.479401e-05	8.279959e-05
	9.135479e-05	1.005053e-04	1.102123e-04	1.203511e-04	1.308421e-04
	1.417314e-04	1.530901e-04	1.648850e-04	1.770015e-04	1.893671e-04
	2.020154e-04	2.150526e-04	2.285889e-04	2.426933e-04	2.574103e-04
	2.728111e-04	2.889158e-04	3.057272e-04	3.231379e-04	3.409387e-04
	3.588019e-04	3.761695e-04	3.920251e-04	4.047449e-04	4.123695e-04
	4.133262e-04	4.070689e-04	3.941590e-04	3.758588e-04	3.536453e-04
	3.289005e-04	3.027836e-04	2.761935e-04	2.497754e-04	2.239500e-04
	1.989319e-04	1.747741e-04	1.514795e-04	1.291375e-04	1.080066e-04
	8.849510e-05	7.106137e-05	5.606058e-05	4.360092e-05	3.352076e-05
	2.549097e-05	1.914983e-05	1.418717e-05	1.035782e-05	7.458189e-06
	5.304500e-06	3.729531e-06	2.591148e-06	1.777763e-06	1.204776e-06
	8.071459e-07	5.346527e-07	3.499057e-07	2.261200e-07	1.442708e-07
	9.077083e-08	5.603945e-08	3.361527e-08	1.935634e-08	1.059230e-08
	5.464999e-09	2.625926e-09	1.145939e-09	4.356392e-10	1.365730e-10
	3.338900e-11	6.137583e-12	8.429649e-13	8.831853e-14	7.418807e-15
	5.445703e-16	3.898995e-17	3.013405e-18	2.705652e-19	2.951082e-20
	4.003265e-21	6.849446e-22	1.488953e-22	4.107701e-23	1.386366e-23
	5.989045e-24	2.887400e-24	1.690750e-24	1.200772e-24	9.722499e-25
	8.156183e-25	6.747755e-25	5.428393e-25	4.211263e-25	3.113109e-25
	2.167223e-25	1.415446e-25	8.736182e-26	5.168418e-26	2.968007e-26
	1.664005e-26	9.119728e-27	4.883234e-27	2.550670e-27	1.296858e-27
	6.396431e-28	3.039604e-28	1.369027e-28	5.588640e-29	1.763150e-29
	1.000000e-60
massfraction-N-C3H7
	1.000000e-60	2.893217e-12	7.473329e-12	1.449093e-11	2.489241e-11
	3.986427e-11	6.084086e-11	8.947993e-11	1.276329e-10	1.773032e-10
	2.405966e-10	3.196685e-10	4.166723e-10	5.337120e-10	6.728015e-10
	8.358317e-10	1.024545e-09	1.240517e-09	1.485144e-09	1.759637e-09
	2.065018e-09	2.402115e-09	2.771560e-09	3.173772e-09	3.608911e-09
	4.076814e-09	4.576830e-09	5.107450e-09	5.665518e-09	6.244490e-09
	6.830561e-09	7.392690e-09	7.867637e-09	8.156952e-09	8.146602e-09
	7.739923e-09	6.916943e-09	5.816929e-09	4.709686e-09	3.801013e-09
	3.124130e-09	2.623369e-09	2.244877e-09	1.955300e-09	1.734065e-09
	1.567351e-09	1.445313e-09	1.361610e-09	1.312986e-09	1.299037e-09
	1.321906e-09	1.386581e-09	1.500713e-09	1.672519e-09	1.906446e-09
	2.199246e-09	2.539481e-09	2.910663e-09	3.295371e-09	3.677607e-09
	4.043099e-09	4.378538e-09	4.670852e-09	4.906868e-09	5.073534e-09
	5.158552e-09	5.150558e-09	5.039275e-09	4.817572e-09	4.486274e-09
	4.059507e-09	3.566685e-09	3.047632e-09	2.541261e-09	2.075199e-09
	1.663007e-09	1.308199e-09	1.009693e-09	7.646973e-10	5.690363e-10
	4.168137e-10	3.008767e-10	2.140123e-10	1.499262e-10	1.034642e-10
	7.037967e-11	4.718357e-11	3.114431e-11	2.022297e-11	1.291545e-11
	8.106723e-12	4.982402e-12	2.975516e-12	1.711315e-12	9.416037e-13
	4.930016e-13	2.429600e-13	1.100357e-13	4.401841e-14	1.476890e-14
	3.941485e-15	8.070982e-16	1.256705e-16	1.512237e-17	1.468024e-18
	1.239680e-19	1.005086e-20	8.612730e-22	8.403074e-23	9.784769e-24
	1.394240e-24	2.470189e-25	5.498874e-26	1.587966e-26	4.829749e-27
	4.063142e-27	1.556865e-27	1.418718e-27	1.522956e-27	2.024662e-27
	3.027609e-27	4.620309e-27	5.455234e-27	4.879288e-27	3.736517e-27
	2.578197e-27	1.637473e-27	9.772309e-28	5.605759e-28	3.142737e-28
	1.732656e-28	9.392791e-29	4.994796e-29	2.597261e-29	1.316361e-29
	6.476171e-30	3.070581e-30	1.380078e-30	5.622717e-31	1.770780e-31
	1.000000e-60
massfraction-I-C3H7
	1.000000e-60	6.955022e-11	1.796520e-10	3.483498e-10	5.983960e-10
	9.583163e-10	1.462600e-09	2.151110e-09	3.068377e-09	4.262599e-09
	5.784455e-09	7.685846e-09	1.001867e-08	1.283368e-08	1.617958e-08
	2.010221e-08	2.464401e-08	2.984365e-08	3.573588e-08	4.235144e-08
	4.971727e-08	5.785678e-08	6.679023e-08	7.653537e-08	8.710805e-08
	9.852401e-08	1.108014e-07	1.239649e-07	1.380527e-07	1.531252e-07
	1.692688e-07	1.865173e-07	2.046631e-07	2.231907e-07	2.414375e-07
	2.585931e-07	2.732810e-07	2.831735e-07	2.852166e-07	2.764145e-07
	2.548667e-07	2.211579e-07	1.798343e-07	1.389403e-07	1.056451e-07
	8.182338e-08	6.530608e-08	5.363999e-08	4.531460e-08	3.944930e-08
	3.548471e-08	3.306967e-08	3.200519e-08	3.217388e-08	3.344619e-08
	3.561619e-08	3.840809e-08	4.152961e-08	4.472165e-08	4.777601e-08
	5.052750e-08	5.283755e-08	5.458158e-08	5.564339e-08	5.591699e-08
	5.531132e-08	5.375120e-08	5.118271e-08	4.759987e-08	4.309211e-08
	3.788297e-08	3.232442e-08	2.682514e-08	2.173374e-08	1.725559e-08
	1.345253e-08	1.029864e-08	7.736511e-09	5.702863e-09	4.130285e-09
	2.944450e-09	2.068280e-09	1.431019e-09	9.744354e-10	6.529209e-10
	4.305713e-10	2.792332e-10	1.777467e-10	1.108499e-10	6.764473e-11
	4.032424e-11	2.337951e-11	1.308500e-11	7.021184e-12	3.606290e-12
	1.775981e-12	8.350255e-13	3.679593e-13	1.468004e-13	5.060216e-14
	1.432974e-14	3.204133e-15	5.553604e-16	7.502745e-17	8.164895e-18
	7.650420e-19	6.777680e-20	6.248224e-21	6.467538e-22	7.879133e-23
	1.154127e-23	2.048966e-24	4.425764e-25	1.166062e-25	3.762568e-26
	1.507874e-26	7.755251e-27	5.287572e-27	4.344295e-27	2.938417e-27
	1.435744e-27	6.475962e-28	3.075905e-28	1.559378e-28	8.236726e-29
	4.432355e-29	2.396290e-29	1.285771e-29	6.772163e-30	3.475427e-30
	1.727269e-30	8.270051e-31	3.798536e-31	1.667696e-31	6.978737e-32
	2.776420e-32	1.046564e-32	3.709181e-33	1.205327e-33	3.181040e-34
	1.000000e-60
massfraction-C3H8
	1.000000e+00	9.991687e-01	9.980799e-01	9.966873e-01	9.949478e-01
	9.928161e-01	9.902475e-01	9.872019e-01	9.836442e-01	9.795457e-01
	9.748834e-01	9.696401e-01	9.638038e-01	9.573668e-01	9.503253e-01
	9.426783e-01	9.344273e-01	9.255755e-01	9.161274e-01	9.060888e-01
	8.954661e-01	8.842662e-01	8.724965e-01	8.601642e-01	8.472766e-01
	8.338389e-01	8.198519e-01	8.053075e-01	7.901798e-01	7.744137e-01
	7.579128e-01	7.405986e-01	7.225506e-01	7.039954e-01	6.850636e-01
	6.656556e-01	6.456310e-01	6.250348e-01	6.040483e-01	5.827741e-01
	5.611309e-01	5.389145e-01	5.159146e-01	4.919880e-01	4.670264e-01
	4.409157e-01	4.134608e-01	3.846178e-01	3.544331e-01	3.230489e-01
	2.906629e-01	2.575931e-01	2.244855e-01	1.924464e-01	1.627898e-01
	1.365009e-01	1.139389e-01	9.493170e-02	7.903202e-02	6.573421e-02
	5.458427e-02	4.521175e-02	3.732013e-02	3.066953e-02	2.506151e-02
	2.032509e-02	1.631300e-02	1.290939e-02	1.003535e-02	7.642453e-03
	5.696781e-03	4.163152e-03	2.994573e-03	2.130164e-03	1.503256e-03
	1.052726e-03	7.300414e-04	5.000549e-04	3.379122e-04	2.254151e-04
	1.486439e-04	9.693197e-05	6.243678e-05	3.966215e-05	2.482967e-05
	1.531516e-05	9.295225e-06	5.537088e-06	3.229412e-06	1.841069e-06
	1.023792e-06	5.525284e-07	2.869522e-07	1.423357e-07	6.734929e-08
	3.048482e-08	1.315400e-08	5.308306e-09	1.931874e-09	6.037499e-10
	1.538112e-10	3.069075e-11	4.711384e-12	5.594773e-13	5.302851e-14
	4.276228e-15	3.213147e-16	2.470572e-17	2.094120e-18	2.047984e-19
	2.354383e-20	3.194048e-21	5.105477e-22	9.565308e-23	2.082175e-23
	5.231317e-24	1.525701e-24	5.274084e-25	2.201884e-25	1.099345e-25
	6.309067e-26	3.966381e-26	2.616111e-26	1.745724e-26	1.143597e-26
	7.198554e-27	4.320226e-27	2.488138e-27	1.395031e-27	7.702615e-28
	4.201593e-28	2.259961e-28	1.194602e-28	6.182323e-29	3.121115e-29
	1.530439e-29	7.235720e-30	3.244081e-30	1.318890e-30	4.146171e-31
	1.000000e-60
V [kg/(s*m^2)]
	1.601816e-01	1.540771e-01	1.480337e-01	1.421255e-01	1.364051e-01
	1.308907e-01	1.255863e-01	1.204924e-01	1.156060e-01	1.109214e-01
	1.064305e-01	1.021231e-01	9.798803e-02	9.401309e-02	9.018589e-02
	8.649405e-02	8.292552e-02	7.946878e-02	7.611299e-02	7.284808e-02
	6.966477e-02	6.655462e-02	6.350994e-02	6.052376e-02	5.758974e-02
	5.470179e-02	5.185360e-02	4.903791e-02	4.624521e-02	4.346213e-02
	4.067026e-02	3.785666e-02	3.503452e-02	3.223695e-02	2.947852e-02
	2.673945e-02	2.399663e-02	2.125391e-02	1.853209e-02	1.583979e-02
	1.316194e-02	1.046961e-02	7.735070e-03	4.939775e-03	2.069539e-03
	-8.935589e-04	-3.968912e-03	-7.169113e-03	-1.049619e-02	-1.394508e-02
	-1.750867e-02	-2.117098e-02	-2.488336e-02	-2.854521e-02	-3.202412e-02
	-3.521024e-02	-3.805226e-02	-4.055407e-02	-4.275197e-02	-4.469246e-02
	-4.641947e-02	-4.796969e-02	-4.937292e-02	-5.065374e-02	-5.183334e-02
	-5.293186e-02	-5.396948e-02	-5.496450e-02	-5.593014e-02	-5.687241e-02
	-5.779018e-02	-5.867655e-02	-5.952193e-02	-6.031919e-02	-6.106760e-02
	-6.177312e-02	-6.244498e-02	-6.309131e-02	-6.371644e-02	-6.432128e-02
	-6.490573e-02	-6.547120e-02	-6.602092e-02	-6.655818e-02	-6.708472e-02
	-6.760157e-02	-6.811079e-02	-6.861537e-02	-6.911786e-02	-6.961972e-02
	-7.012260e-02	-7.063051e-02	-7.114998e-02	-7.168633e-02	-7.223962e-02
	-7.280682e-02	-7.338958e-02	-7.400064e-02	-7.466438e-02	-7.541418e-02
	-7.628880e-02	-7.732590e-02	-7.855728e-02	-8.000816e-02	-8.169319e-02
	-8.360017e-02	-8.567582e-02	-8.784297e-02	-9.003140e-02	-9.219876e-02
	-9.433650e-02	-9.645705e-02	-9.858167e-02	-1.007404e-01	-1.029802e-01
	-1.053694e-01	-1.079875e-01	-1.108991e-01	-1.141162e-01	-1.175864e-01
	-1.212249e-01	-1.249845e-01	-1.289211e-01	-1.331959e-01	-1.380199e-01
	-1.435494e-01	-1.497688e-01	-1.564762e-01	-1.633979e-01	-1.703433e-01
	-1.772599e-01	-1.841687e-01	-1.911088e-01	-1.981172e-01	-2.052185e-01
	-2.124237e-01	-2.197330e-01	-2.271392e-01	-2.346273e-01	-2.421604e-01
	-2.496972e-01
density [kg/m^3]
	1.767629e+00	1.765445e+00	1.762618e+00	1.758954e+00	1.754216e+00
	1.748103e+00	1.740253e+00	1.730262e+00	1.717701e+00	1.702139e+00
	1.683181e+00	1.660503e+00	1.633886e+00	1.603241e+00	1.568632e+00
	1.530272e+00	1.488517e+00	1.443836e+00	1.396780e+00	1.347945e+00
	1.297935e+00	1.247331e+00	1.196664e+00	1.146402e+00	1.096940e+00
	1.048590e+00	1.001582e+00	9.560590e-01	9.120716e-01	8.695703e-01
	8.284114e-01	7.885264e-01	7.501862e-01	7.138503e-01	6.796533e-01
	6.472885e-01	6.164448e-01	5.871301e-01	5.595019e-01	5.335580e-01
	5.090705e-01	4.857256e-01	4.632705e-01	4.415675e-01	4.205370e-01
	4.000711e-01	3.801413e-01	3.607107e-01	3.418425e-01	3.236389e-01
	3.061944e-01	2.896227e-01	2.741368e-01	2.600706e-01	2.477477e-01
	2.372975e-01	2.286136e-01	2.214430e-01	2.154937e-01	2.105027e-01
	2.062591e-01	2.026028e-01	1.994128e-01	1.965959e-01	1.940778e-01
	1.917947e-01	1.896896e-01	1.877144e-01	1.858352e-01	1.840341e-01
	1.823084e-01	1.806669e-01	1.791240e-01	1.776903e-01	1.763653e-01
	1.751380e-01	1.739927e-01	1.729171e-01	1.719061e-01	1.709610e-01
	1.700843e-01	1.692760e-01	1.685339e-01	1.678560e-01	1.672432e-01
	1.666975e-01	1.662200e-01	1.658122e-01	1.654773e-01	1.652205e-01
	1.650475e-01	1.649648e-01	1.649810e-01	1.651081e-01	1.653572e-01
	1.657325e-01	1.662348e-01	1.668728e-01	1.676728e-01	1.686811e-01
	1.699605e-01	1.715819e-01	1.736238e-01	1.761845e-01	1.793909e-01
	1.833738e-01	1.882145e-01	1.939265e-01	2.004783e-01	2.078438e-01
	2.160590e-01	2.252305e-01	2.355259e-01	2.472015e-01	2.606869e-01
	2.766828e-01	2.961814e-01	3.203038e-01	3.498765e-01	3.850387e-01
	4.252468e-01	4.699234e-01	5.194606e-01	5.755153e-01	6.401967e-01
	7.140214e-01	7.935965e-01	8.718597e-01	9.416139e-01	9.990573e-01
	1.043988e+00	1.077947e+00	1.102936e+00	1.120891e+00	1.133496e+00
	1.142145e+00	1.147945e+00	1.151750e+00	1.154195e+00	1.155732e+00
	1.156679e+00
cp [J/m^3K]
	1.677129e+03	1.677333e+03	1.677660e+03	1.678210e+03	1.679120e+03
	1.680582e+03	1.682840e+03	1.686189e+03	1.690966e+03	1.697534e+03
	1.706267e+03	1.717521e+03	1.731618e+03	1.748816e+03	1.769301e+03
	1.793163e+03	1.820398e+03	1.850903e+03	1.884480e+03	1.920848e+03
	1.959654e+03	2.000486e+03	2.042893e+03	2.086392e+03	2.130492e+03
	2.174701e+03	2.218550e+03	2.261606e+03	2.303488e+03	2.343891e+03
	2.382570e+03	2.419178e+03	2.453042e+03	2.483371e+03	2.509752e+03
	2.532176e+03	2.550602e+03	2.564794e+03	2.574541e+03	2.579835e+03
	2.580762e+03	2.577325e+03	2.569386e+03	2.556708e+03	2.538993e+03
	2.515972e+03	2.485358e+03	2.444599e+03	2.397849e+03	2.344947e+03
	2.285921e+03	2.221163e+03	2.151937e+03	2.080873e+03	2.011577e+03
	1.947304e+03	1.889923e+03	1.839852e+03	1.796582e+03	1.759236e+03
	1.726912e+03	1.698826e+03	1.674323e+03	1.652854e+03	1.633954e+03
	1.617198e+03	1.602200e+03	1.588639e+03	1.576300e+03	1.565078e+03
	1.554947e+03	1.545915e+03	1.537979e+03	1.531078e+03	1.525086e+03
	1.519834e+03	1.515159e+03	1.510931e+03	1.507062e+03	1.503499e+03
	1.500201e+03	1.497127e+03	1.494231e+03	1.491478e+03	1.488844e+03
	1.486313e+03	1.483867e+03	1.481489e+03	1.479164e+03	1.476884e+03
	1.474643e+03	1.472420e+03	1.470188e+03	1.467922e+03	1.465614e+03
	1.463266e+03	1.460856e+03	1.458311e+03	1.455505e+03	1.452261e+03
	1.448357e+03	1.443547e+03	1.437586e+03	1.430235e+03	1.421288e+03
	1.410665e+03	1.398526e+03	1.385228e+03	1.371171e+03	1.356655e+03
	1.341802e+03	1.326600e+03	1.310972e+03	1.294782e+03	1.277766e+03
	1.259524e+03	1.239631e+03	1.217909e+03	1.194527e+03	1.167457e+03
	1.139859e+03	1.114904e+03	1.093468e+03	1.075218e+03	1.059690e+03
	1.046733e+03	1.036389e+03	1.028553e+03	1.022868e+03	1.018837e+03
	1.015995e+03	1.013992e+03	1.012581e+03	1.011594e+03	1.010910e+03
	1.010442e+03	1.010126e+03	1.009917e+03	1.009779e+03	1.009690e+03
	1.009633e+03
lambda [W/m]
	1.571348e-02	1.574743e-02	1.578941e-02	1.584194e-02	1.590834e-02
	1.599310e-02	1.610187e-02	1.624140e-02	1.641946e-02	1.664466e-02
	1.692621e-02	1.727363e-02	1.769646e-02	1.820391e-02	1.880459e-02
	1.950624e-02	2.031552e-02	2.123782e-02	2.227713e-02	2.343598e-02
	2.471543e-02	2.611504e-02	2.763300e-02	2.926621e-02	3.101045e-02
	3.286074e-02	3.481188e-02	3.685924e-02	3.900014e-02	4.123563e-02
	4.357207e-02	4.601258e-02	4.853745e-02	5.110681e-02	5.369547e-02
	5.631058e-02	5.896438e-02	6.164446e-02	6.432220e-02	6.698121e-02
	6.962905e-02	7.228754e-02	7.497729e-02	7.770914e-02	8.048818e-02
	8.332049e-02	8.617506e-02	8.899738e-02	9.188090e-02	9.480545e-02
	9.774882e-02	1.006824e-01	1.035552e-01	1.062858e-01	1.087836e-01
	1.109895e-01	1.128926e-01	1.145194e-01	1.159133e-01	1.171186e-01
	1.181735e-01	1.191081e-01	1.199462e-01	1.207066e-01	1.214049e-01
	1.220555e-01	1.226720e-01	1.232669e-01	1.238493e-01	1.244238e-01
	1.249905e-01	1.255448e-01	1.260798e-01	1.265888e-01	1.270687e-01
	1.275206e-01	1.279477e-01	1.283522e-01	1.287341e-01	1.290908e-01
	1.294196e-01	1.297187e-01	1.299875e-01	1.302250e-01	1.304294e-01
	1.305985e-01	1.307301e-01	1.308220e-01	1.308709e-01	1.308728e-01
	1.308234e-01	1.307174e-01	1.305477e-01	1.303054e-01	1.299843e-01
	1.295836e-01	1.291031e-01	1.285346e-01	1.278560e-01	1.270313e-01
	1.260139e-01	1.247549e-01	1.232075e-01	1.213236e-01	1.190565e-01
	1.163854e-01	1.133471e-01	1.100292e-01	1.065336e-01	1.029409e-01
	9.928798e-02	9.557994e-02	9.180720e-02	8.794566e-02	8.394440e-02
	7.972448e-02	7.520882e-02	7.038438e-02	6.535644e-02	6.023465e-02
	5.534766e-02	5.090813e-02	4.690651e-02	4.322801e-02	3.978161e-02
	3.658339e-02	3.375481e-02	3.142416e-02	2.963062e-02	2.831306e-02
	2.736658e-02	2.669414e-02	2.622072e-02	2.589092e-02	2.566423e-02
	2.551085e-02	2.540885e-02	2.534221e-02	2.529944e-02	2.527250e-02
	2.525581e-02
mu [kg/s^2m]
	8.255382e-06	8.263472e-06	8.274704e-06	8.290106e-06	8.310943e-06
	8.338804e-06	8.375618e-06	8.423620e-06	8.485313e-06	8.563408e-06
	8.660735e-06	8.780141e-06	8.924378e-06	9.095994e-06	9.297236e-06
	9.529972e-06	9.795642e-06	1.009523e-05	1.042928e-05	1.079792e-05
	1.120089e-05	1.163767e-05	1.210747e-05	1.260940e-05	1.314245e-05
	1.370571e-05	1.429847e-05	1.492049e-05	1.557242e-05	1.625632e-05
	1.697625e-05	1.773569e-05	1.853139e-05	1.935364e-05	2.019700e-05
	2.106641e-05	2.196885e-05	2.290324e-05	2.386229e-05	2.484226e-05
	2.584791e-05	2.689004e-05	2.798025e-05	2.912758e-05	3.034001e-05
	3.162773e-05	3.300243e-05	3.447362e-05	3.604562e-05	3.771804e-05
	3.948805e-05	4.134649e-05	4.326486e-05	4.518408e-05	4.702485e-05
	4.871889e-05	5.023111e-05	5.155924e-05	5.272103e-05	5.374131e-05
	5.464424e-05	5.545037e-05	5.617658e-05	5.683689e-05	5.744337e-05
	5.800736e-05	5.854007e-05	5.905165e-05	5.954960e-05	6.003763e-05
	6.051563e-05	6.098019e-05	6.142598e-05	6.184853e-05	6.224643e-05
	6.262168e-05	6.297800e-05	6.331844e-05	6.364399e-05	6.395375e-05
	6.424641e-05	6.452146e-05	6.477933e-05	6.502037e-05	6.524413e-05
	6.544978e-05	6.563686e-05	6.580501e-05	6.595340e-05	6.608059e-05
	6.618504e-05	6.626540e-05	6.632005e-05	6.634642e-05	6.634174e-05
	6.630477e-05	6.623580e-05	6.613417e-05	6.599583e-05	6.581242e-05
	6.557179e-05	6.525959e-05	6.485969e-05	6.435200e-05	6.371212e-05
	6.291856e-05	6.196552e-05	6.086686e-05	5.964882e-05	5.833746e-05
	5.694751e-05	5.548286e-05	5.394110e-05	5.231259e-05	5.057417e-05
	4.868687e-05	4.660782e-05	4.431956e-05	4.186536e-05	3.934895e-05
	3.688943e-05	3.456066e-05	3.236065e-05	3.024224e-05	2.817029e-05
	2.617358e-05	2.435237e-05	2.281658e-05	2.161549e-05	2.072365e-05
	2.007861e-05	1.961840e-05	1.929365e-05	1.906720e-05	1.891158e-05
	1.880642e-05	1.873664e-05	1.869121e-05	1.866220e-05	1.864405e-05
	1.863292e-05
mDot_C3H8 [kg/m^3s]
	0.000000e+00	-5.462774e-13	-1.170684e-12	-1.884170e-12	-2.700267e-12
	-3.665411e-12	-4.877350e-12	-6.504245e-12	-8.820209e-12	-1.227438e-11
	-1.762248e-11	-2.617612e-11	-4.028039e-11	-6.424715e-11	-1.062181e-10
	-1.819649e-10	-3.227994e-10	-5.923376e-10	-1.122538e-09	-2.191896e-09
	-4.395599e-09	-9.014293e-09	-1.880407e-08	-3.965764e-08	-8.401103e-08
	-1.776352e-07	-3.727843e-07	-7.730226e-07	-1.579490e-06	-3.177409e-06
	-6.300376e-06	-1.231789e-05	-2.362415e-05	-4.407560e-05	-7.976225e-05
	-1.406932e-04	-2.431978e-04	-4.120266e-04	-6.826109e-04	-1.106633e-03
	-1.764126e-03	-2.783605e-03	-4.372183e-03	-6.861964e-03	-1.079399e-02
	-1.707785e-02	-2.726897e-02	-4.402890e-02	-7.190840e-02	-1.187420e-01
	-1.981997e-01	-3.340162e-01	-5.652826e-01	-9.490334e-01	-1.553880e+00
	-2.443430e+00	-3.657765e+00	-5.204341e+00	-7.061522e+00	-9.186778e+00
	-1.152229e+01	-1.399614e+01	-1.652236e+01	-1.900132e+01	-2.132221e+01
	-2.336902e+01	-2.502360e+01	-2.616224e+01	-2.665789e+01	-2.640390e+01
	-2.535825e+01	-2.358563e+01	-2.126416e+01	-1.863585e+01	-1.592951e+01
	-1.331070e+01	-1.088022e+01	-8.698090e+00	-6.801707e+00	-5.208380e+00
	-3.911803e+00	-2.884428e+00	-2.087612e+00	-1.481941e+00	-1.031610e+00
	-7.042670e-01	-4.711272e-01	-3.082333e-01	-1.968307e-01	-1.225016e-01
	-7.416142e-02	-4.347024e-02	-2.447732e-02	-1.314288e-02	-6.715043e-03
	-3.269188e-03	-1.510117e-03	-6.495123e-04	-2.510166e-04	-8.301928e-05
	-2.227902e-05	-4.646790e-06	-7.365646e-07	-8.875946e-08	-8.347272e-09
	-6.502037e-10	-4.584847e-11	-3.216887e-12	-2.426116e-13	-2.063879e-14
	-2.019385e-15	-2.278454e-16	-2.950699e-17	-4.340760e-18	-7.128672e-19
	-1.281180e-19	-2.493423e-20	-5.306555e-21	-1.270227e-21	-3.516599e-22
	-1.137827e-22	-4.230383e-23	-1.727670e-23	-7.314644e-24	-3.047402e-24
	-1.211745e-24	-4.599418e-25	-1.704538e-25	-6.327560e-26	-2.381137e-26
	-9.044350e-27	-3.428359e-27	-1.281066e-27	-4.662389e-28	-1.633191e-28
	-5.429758e-29	-1.677514e-29	-4.623288e-30	-1.030344e-30	-1.337307e-31
	0.000000e+00
ScalarDissRate [1/s]
	1.703088e-05	3.106911e-05	8.719883e-05	2.323301e-04	5.845537e-04
	1.388516e-03	3.117944e-03	6.630010e-03	1.337875e-02	2.568330e-02
	4.703349e-02	8.240179e-02	1.385217e-01	2.240899e-01	3.498555e-01
	5.285695e-01	7.747837e-01	1.104500e+00	1.534688e+00	2.082687e+00
	2.765534e+00	3.599240e+00	4.598061e+00	5.773793e+00	7.135132e+00
	8.687285e+00	1.043186e+01	1.236727e+01	1.448982e+01	1.679562e+01
	1.928224e+01	2.193906e+01	2.472461e+01	2.756902e+01	3.041421e+01
	3.323430e+01	3.600468e+01	3.867195e+01	4.116892e+01	4.344605e+01
	4.547803e+01	4.724778e+01	4.873050e+01	4.988965e+01	5.068595e+01
	5.106539e+01	5.097887e+01	5.038864e+01	4.926173e+01	4.760825e+01
	4.545132e+01	4.284757e+01	3.990642e+01	3.680478e+01	3.375627e+01
	3.093894e+01	2.844722e+01	2.629723e+01	2.445864e+01	2.288474e+01
	2.152932e+01	2.035303e+01	1.932379e+01	1.841550e+01	1.760642e+01
	1.687736e+01	1.621084e+01	1.559211e+01	1.501080e+01	1.446156e+01
	1.394330e+01	1.345795e+01	1.300841e+01	1.259589e+01	1.221827e+01
	1.187041e+01	1.154605e+01	1.124001e+01	1.094925e+01	1.067254e+01
	1.040924e+01	1.015810e+01	9.917202e+00	9.684741e+00	9.459667e+00
	9.241307e+00	9.028619e+00	8.820215e+00	8.614978e+00	8.412275e+00
	8.211430e+00	8.010887e+00	7.808199e+00	7.601534e+00	7.391172e+00
	7.178608e+00	6.963611e+00	6.742098e+00	6.506358e+00	6.246547e+00
	5.952585e+00	5.616969e+00	5.236663e+00	4.813309e+00	4.353964e+00
	3.874001e+00	3.397122e+00	2.947058e+00	2.539409e+00	2.179469e+00
	1.864635e+00	1.589255e+00	1.347607e+00	1.134411e+00	9.445526e-01
	7.735301e-01	6.187161e-01	4.803936e-01	3.612646e-01	2.641661e-01
	1.891852e-01	1.333791e-01	9.223106e-02	6.171473e-02	3.921502e-02
	2.330546e-02	1.293248e-02	6.794067e-03	3.450783e-03	1.720659e-03
	8.455699e-04	4.084221e-04	1.930290e-04	8.886876e-05	3.972195e-05
	1.720086e-05	7.209430e-06	2.924389e-06	1.148762e-06	4.384287e-07
	2.533277e-07
ZBilger
	1.000000e+00	9.993232e-01	9.984239e-01	9.972605e-01	9.957937e-01
	9.939823e-01	9.917857e-01	9.891672e-01	9.860944e-01	9.825405e-01
	9.784840e-01	9.739086e-01	9.688027e-01	9.631588e-01	9.569731e-01
	9.502445e-01	9.429743e-01	9.351655e-01	9.268228e-01	9.179516e-01
	9.085585e-01	8.986502e-01	8.882342e-01	8.773178e-01	8.659083e-01
	8.540111e-01	8.416280e-01	8.287524e-01	8.153622e-01	8.014095e-01
	7.868094e-01	7.714936e-01	7.555330e-01	7.391286e-01	7.223963e-01
	7.052483e-01	6.875612e-01	6.693750e-01	6.508500e-01	6.320771e-01
	6.129845e-01	5.933922e-01	5.731151e-01	5.520275e-01	5.300342e-01
	5.070284e-01	4.828525e-01	4.574610e-01	4.308948e-01	4.032776e-01
	3.747804e-01	3.456774e-01	3.165255e-01	2.882805e-01	2.620746e-01
	2.387504e-01	2.186045e-01	2.014735e-01	1.869586e-01	1.746136e-01
	1.640404e-01	1.549162e-01	1.469850e-01	1.400412e-01	1.339151e-01
	1.284574e-01	1.235340e-01	1.190336e-01	1.148795e-01	1.110323e-01
	1.074811e-01	1.042321e-01	1.012929e-01	9.865643e-02	9.629323e-02
	9.415696e-02	9.219807e-02	9.037686e-02	8.866884e-02	8.706173e-02
	8.554760e-02	8.411618e-02	8.275430e-02	8.145043e-02	8.019809e-02
	7.899350e-02	7.783137e-02	7.670509e-02	7.561005e-02	7.454464e-02
	7.350720e-02	7.249156e-02	7.148720e-02	7.048652e-02	6.949097e-02
	6.850513e-02	6.752271e-02	6.651785e-02	6.544626e-02	6.425013e-02
	6.286358e-02	6.122352e-02	5.927984e-02	5.699945e-02	5.437298e-02
	5.143703e-02	4.829100e-02	4.506669e-02	4.188096e-02	3.880605e-02
	3.586386e-02	3.304786e-02	3.034261e-02	2.772638e-02	2.516526e-02
	2.261580e-02	2.004444e-02	1.745718e-02	1.491954e-02	1.253466e-02
	1.039139e-02	8.519104e-03	6.884567e-03	5.432701e-03	4.130453e-03
	2.989957e-03	2.053496e-03	1.347278e-03	8.545310e-04	5.281214e-04
	3.177395e-04	1.846880e-04	1.024134e-04	5.313062e-05	2.494364e-05
	9.871989e-06	2.611674e-06	-2.763295e-07	-9.314291e-07	-6.117171e-07
	0.000000e+00
ScalarDissRateBilger [1/s]
	2.665505e-03	3.665168e-03	6.517624e-03	1.124306e-02	1.877261e-02
	3.035883e-02	4.762332e-02	7.257933e-02	1.076448e-01	1.556384e-01
	2.197620e-01	3.035719e-01	4.109450e-01	5.460412e-01	7.132670e-01
	9.172404e-01	1.162759e+00	1.454770e+00	1.798339e+00	2.198625e+00
	2.660843e+00	3.190235e+00	3.792028e+00	4.471404e+00	5.233461e+00
	6.083267e+00	7.026012e+00	8.067368e+00	9.214252e+00	1.047607e+01
	1.186614e+01	1.339694e+01	1.506646e+01	1.685640e+01	1.875400e+01
	2.076737e+01	2.290832e+01	2.516782e+01	2.751931e+01	2.994186e+01
	3.243291e+01	3.500164e+01	3.765424e+01	4.038347e+01	4.314262e+01
	4.595493e+01	4.879284e+01	5.153874e+01	5.410099e+01	5.635458e+01
	5.815593e+01	5.934800e+01	5.977723e+01	5.934655e+01	5.808084e+01
	5.613173e+01	5.370809e+01	5.100016e+01	4.814501e+01	4.522967e+01
	4.230782e+01	3.941524e+01	3.657798e+01	3.381604e+01	3.114421e+01
	2.856983e+01	2.609257e+01	2.371159e+01	2.143599e+01	1.929037e+01
	1.731103e+01	1.553598e+01	1.399174e+01	1.268217e+01	1.158772e+01
	1.067489e+01	9.908191e+00	9.258043e+00	8.702355e+00	8.224202e+00
	7.808796e+00	7.441903e+00	7.110144e+00	6.802102e+00	6.508827e+00
	6.223140e+00	5.938701e+00	5.650120e+00	5.353979e+00	5.049595e+00
	4.738768e+00	4.424779e+00	4.112536e+00	3.810988e+00	3.534082e+00
	3.295915e+00	3.104002e+00	2.957964e+00	2.852980e+00	2.782032e+00
	2.734707e+00	2.695490e+00	2.646411e+00	2.574376e+00	2.476129e+00
	2.356711e+00	2.224041e+00	2.083802e+00	1.938492e+00	1.789032e+00
	1.635761e+00	1.479117e+00	1.320000e+00	1.159577e+00	9.988508e-01
	8.389052e-01	6.822180e-01	5.340318e-01	4.018415e-01	2.921128e-01
	2.065987e-01	1.427208e-01	9.579024e-02	6.147150e-02	3.687479e-02
	2.027896e-02	1.018084e-02	4.732893e-03	2.085312e-03	8.850580e-04
	3.622262e-04	1.416051e-04	5.207760e-05	1.764794e-05	5.352991e-06
	1.386243e-06	2.786806e-07	3.322933e-08	2.990860e-10	2.209617e-09
	3.811915e-09
ChiAnalytOverChiStoich
	1.000000e-10	1.000000e-10	1.000000e-10	3.617922e-03	1.299674e-02
	2.604182e-02	4.397743e-02	6.830186e-02	1.007836e-01	1.434346e-01
	1.984598e-01	2.681871e-01	3.549819e-01	4.611548e-01	5.888674e-01
	7.400453e-01	9.163003e-01	1.118868e+00	1.348562e+00	1.605744e+00
	1.890315e+00	2.201716e+00	2.538950e+00	2.900617e+00	3.284952e+00
	3.689918e+00	4.113320e+00	4.552981e+00	5.007002e+00	5.474081e+00
	5.953727e+00	6.444347e+00	6.939421e+00	7.428556e+00	7.904517e+00
	8.365959e+00	8.811712e+00	9.235816e+00	9.629939e+00	9.988226e+00
	1.030816e+01	1.058796e+01	1.082399e+01	1.101003e+01	1.113805e+01
	1.119876e+01	1.118132e+01	1.107360e+01	1.086408e+01	1.054394e+01
	1.010839e+01	9.559068e+00	8.910115e+00	8.195094e+00	7.463582e+00
	6.764154e+00	6.128744e+00	5.569606e+00	5.085184e+00	4.667515e+00
	4.307096e+00	3.995111e+00	3.723941e+00	3.487091e+00	3.278965e+00
	3.094511e+00	2.929119e+00	2.778957e+00	2.641362e+00	2.514921e+00
	2.399160e+00	2.294126e+00	2.199898e+00	2.116062e+00	2.041504e+00
	1.974610e+00	1.913715e+00	1.857498e+00	1.805137e+00	1.756202e+00
	1.710403e+00	1.667387e+00	1.626721e+00	1.588033e+00	1.551106e+00
	1.515806e+00	1.481960e+00	1.449358e+00	1.417853e+00	1.387388e+00
	1.357903e+00	1.329214e+00	1.301017e+00	1.273100e+00	1.245503e+00
	1.218353e+00	1.191476e+00	1.164172e+00	1.135269e+00	1.103272e+00
	1.066539e+00	1.023597e+00	9.734394e-01	9.156410e-01	8.505286e-01
	7.796729e-01	7.061172e-01	6.334056e-01	5.643601e-01	5.004853e-01
	4.420364e-01	3.886506e-01	3.398202e-01	2.949792e-01	2.534408e-01
	2.144967e-01	1.777392e-01	1.434049e-01	1.124063e-01	8.577636e-02
	6.398125e-02	4.664649e-02	3.284625e-02	2.165418e-02	1.248553e-02
	5.143437e-03	1.000000e-10	1.000000e-10	1.000000e-10	1.000000e-10
	1.000000e-10	1.000000e-10	1.000000e-10	1.000000e-10	1.000000e-10
	1.000000e-10	1.000000e-10	1.000000e-10	1.000000e-10	1.000000e-10
	1.000000e-10
ChiKWOverChiKWStoich
	5.994861e-11	5.995885e-11	5.997215e-11	2.170370e-03	7.799586e-03
	1.563575e-02	2.642099e-02	4.106769e-02	6.065967e-02	8.644077e-02
	1.197907e-01	1.621899e-01	2.151762e-01	2.802969e-01	3.590591e-01
	4.528822e-01	5.630534e-01	6.906890e-01	8.367021e-01	1.001777e+00
	1.186353e+00	1.390612e+00	1.614479e+00	1.857626e+00	2.119487e+00
	2.399299e+00	2.696180e+00	3.009235e+00	3.337762e+00	3.681502e+00
	4.040856e+00	4.415495e+00	4.801301e+00	5.190824e+00	5.578681e+00
	5.964104e+00	6.346605e+00	6.721624e+00	7.082162e+00	7.422981e+00
	7.741792e+00	8.037283e+00	8.306739e+00	8.545055e+00	8.745347e+00
	8.899588e+00	8.997747e+00	9.028192e+00	8.978473e+00	8.837143e+00
	8.595322e+00	8.248763e+00	7.803054e+00	7.280558e+00	6.720072e+00
	6.164013e+00	5.643981e+00	5.175747e+00	4.762573e+00	4.401009e+00
	4.085189e+00	3.809043e+00	3.566995e+00	3.354081e+00	3.165869e+00
	2.998219e+00	2.847247e+00	2.709672e+00	2.583217e+00	2.466700e+00
	2.359780e+00	2.262580e+00	2.175228e+00	2.097385e+00	2.028042e+00
	1.965718e+00	1.908870e+00	1.856268e+00	1.807142e+00	1.761090e+00
	1.717838e+00	1.677057e+00	1.638341e+00	1.601337e+00	1.565842e+00
	1.531731e+00	1.498838e+00	1.466963e+00	1.435961e+00	1.405773e+00
	1.376337e+00	1.347465e+00	1.318841e+00	1.290238e+00	1.261689e+00
	1.233333e+00	1.205013e+00	1.176026e+00	1.145161e+00	1.110858e+00
	1.071412e+00	1.025320e+00	9.715971e-01	9.098841e-01	8.406156e-01
	7.655431e-01	6.879694e-01	6.116991e-01	5.397335e-01	4.736471e-01
	4.136816e-01	3.594266e-01	3.103225e-01	2.657567e-01	2.250119e-01
	1.873775e-01	1.524657e-01	1.205141e-01	9.235049e-02	6.880779e-02
	5.010296e-02	3.567999e-02	2.455682e-02	1.582760e-02	8.921431e-03
	3.593886e-03	6.843237e-11	6.722033e-11	6.627571e-11	6.557679e-11
	6.507280e-11	6.471403e-11	6.446125e-11	6.428514e-11	6.416414e-11
	6.408235e-11	6.402805e-11	6.399265e-11	6.397001e-11	6.395582e-11
	6.394709e-11
ChiKWFact
	5.994861e-01	5.995885e-01	5.997215e-01	5.998942e-01	6.001185e-01
	6.004094e-01	6.007852e-01	6.012675e-01	6.018803e-01	6.026495e-01
	6.036019e-01	6.047641e-01	6.061610e-01	6.078151e-01	6.097452e-01
	6.119655e-01	6.144857e-01	6.173105e-01	6.204403e-01	6.238710e-01
	6.275956e-01	6.316040e-01	6.358845e-01	6.404245e-01	6.452108e-01
	6.502311e-01	6.554753e-01	6.609374e-01	6.666189e-01	6.725334e-01
	6.787104e-01	6.851734e-01	6.918878e-01	6.987662e-01	7.057586e-01
	7.129015e-01	7.202465e-01	7.277780e-01	7.354317e-01	7.431731e-01
	7.510353e-01	7.590965e-01	7.674374e-01	7.761156e-01	7.851777e-01
	7.946943e-01	8.047122e-01	8.152900e-01	8.264364e-01	8.381252e-01
	8.503152e-01	8.629255e-01	8.757523e-01	8.884044e-01	9.003816e-01
	9.112763e-01	9.209033e-01	9.292841e-01	9.365585e-01	9.429019e-01
	9.484787e-01	9.534261e-01	9.578550e-01	9.618567e-01	9.655088e-01
	9.688829e-01	9.720488e-01	9.750683e-01	9.779865e-01	9.808258e-01
	9.835863e-01	9.862492e-01	9.887861e-01	9.911735e-01	9.934060e-01
	9.954968e-01	9.974682e-01	9.993378e-01	1.001111e+00	1.002783e+00
	1.004347e+00	1.005800e+00	1.007143e+00	1.008378e+00	1.009501e+00
	1.010506e+00	1.011389e+00	1.012147e+00	1.012771e+00	1.013251e+00
	1.013575e+00	1.013731e+00	1.013700e+00	1.013462e+00	1.012996e+00
	1.012295e+00	1.011362e+00	1.010182e+00	1.008713e+00	1.006876e+00
	1.004569e+00	1.001683e+00	9.981074e-01	9.937127e-01	9.883449e-01
	9.818774e-01	9.742992e-01	9.657305e-01	9.563636e-01	9.463757e-01
	9.358542e-01	9.248066e-01	9.131961e-01	9.009336e-01	8.878282e-01
	8.735680e-01	8.578053e-01	8.403767e-01	8.215774e-01	8.021765e-01
	7.830882e-01	7.649020e-01	7.476292e-01	7.309260e-01	7.145414e-01
	6.987325e-01	6.843237e-01	6.722033e-01	6.627571e-01	6.557679e-01
	6.507280e-01	6.471403e-01	6.446125e-01	6.428514e-01	6.416414e-01
	6.408235e-01	6.402805e-01	6.399265e-01	6.397001e-01	6.395582e-01
	6.394709e-01
MolarMass [kg/kmole]
	4.409000e+01	4.404643e+01	4.399415e+01	4.393219e+01	4.385971e+01
	4.377577e+01	4.367947e+01	4.357008e+01	4.344705e+01	4.331005e+01
	4.315892e+01	4.299372e+01	4.281461e+01	4.262193e+01	4.241610e+01
	4.219763e+01	4.196708e+01	4.172505e+01	4.147219e+01	4.120914e+01
	4.093656e+01	4.065510e+01	4.036541e+01	4.006811e+01	3.976383e+01
	3.945309e+01	3.913633e+01	3.881378e+01	3.848529e+01	3.815012e+01
	3.780680e+01	3.745437e+01	3.709507e+01	3.673387e+01	3.637349e+01
	3.601219e+01	3.564766e+01	3.528108e+01	3.491588e+01	3.455387e+01
	3.419370e+01	3.383213e+01	3.346615e+01	3.309402e+01	3.271475e+01
	3.232525e+01	3.192786e+01	3.152075e+01	3.110553e+01	3.068499e+01
	3.026238e+01	2.984213e+01	2.943225e+01	2.904544e+01	2.869567e+01
	2.839210e+01	2.813645e+01	2.792473e+01	2.775047e+01	2.760707e+01
	2.748890e+01	2.739148e+01	2.731133e+01	2.724567e+01	2.719226e+01
	2.714923e+01	2.711505e+01	2.708859e+01	2.706914e+01	2.705631e+01
	2.704972e+01	2.704884e+01	2.705288e+01	2.706079e+01	2.707158e+01
	2.708446e+01	2.709889e+01	2.711453e+01	2.713107e+01	2.714821e+01
	2.716566e+01	2.718324e+01	2.720089e+01	2.721860e+01	2.723634e+01
	2.725408e+01	2.727187e+01	2.728980e+01	2.730795e+01	2.732641e+01
	2.734526e+01	2.736466e+01	2.738490e+01	2.740621e+01	2.742860e+01
	2.745191e+01	2.747612e+01	2.750160e+01	2.752918e+01	2.755987e+01
	2.759467e+01	2.763408e+01	2.767793e+01	2.772553e+01	2.777586e+01
	2.782747e+01	2.787856e+01	2.792762e+01	2.797382e+01	2.801708e+01
	2.805782e+01	2.809666e+01	2.813419e+01	2.817098e+01	2.820775e+01
	2.824538e+01	2.828475e+01	2.832636e+01	2.836987e+01	2.841419e+01
	2.845792e+01	2.850023e+01	2.854136e+01	2.858231e+01	2.862385e+01
	2.866548e+01	2.870506e+01	2.873990e+01	2.876836e+01	2.879046e+01
	2.880718e+01	2.881968e+01	2.882894e+01	2.883573e+01	2.884066e+01
	2.884419e+01	2.884669e+01	2.884844e+01	2.884965e+01	2.885049e+01
	2.885106e+01
TotalEnthalpy [J/kg]
	-2.352410e+06	-2.352139e+06	-2.351769e+06	-2.351263e+06	-2.350571e+06
	-2.349625e+06	-2.348342e+06	-2.346616e+06	-2.344325e+06	-2.341332e+06
	-2.337483e+06	-2.332618e+06	-2.326571e+06	-2.319175e+06	-2.310266e+06
	-2.299688e+06	-2.287297e+06	-2.272959e+06	-2.256557e+06	-2.237991e+06
	-2.217177e+06	-2.194050e+06	-2.168565e+06	-2.140693e+06	-2.110424e+06
	-2.077761e+06	-2.042710e+06	-2.005272e+06	-1.965411e+06	-1.923023e+06
	-1.877896e+06	-1.829876e+06	-1.779264e+06	-1.726815e+06	-1.673040e+06
	-1.617808e+06	-1.560882e+06	-1.502564e+06	-1.443552e+06	-1.384316e+06
	-1.324814e+06	-1.264689e+06	-1.203617e+06	-1.141511e+06	-1.078434e+06
	-1.014496e+06	-9.496996e+05	-8.845882e+05	-8.199103e+05	-7.566324e+05
	-6.957960e+05	-6.385632e+05	-5.864001e+05	-5.409522e+05	-5.033626e+05
	-4.736312e+05	-4.507302e+05	-4.331972e+05	-4.196311e+05	-4.089112e+05
	-4.002177e+05	-3.929747e+05	-3.867807e+05	-3.813538e+05	-3.764928e+05
	-3.720464e+05	-3.678950e+05	-3.639490e+05	-3.601566e+05	-3.565096e+05
	-3.530414e+05	-3.498171e+05	-3.469132e+05	-3.443894e+05	-3.422715e+05
	-3.405560e+05	-3.392294e+05	-3.382851e+05	-3.377252e+05	-3.375513e+05
	-3.377565e+05	-3.383243e+05	-3.392352e+05	-3.404677e+05	-3.419928e+05
	-3.437722e+05	-3.457626e+05	-3.479169e+05	-3.501764e+05	-3.524652e+05
	-3.546939e+05	-3.567676e+05	-3.585802e+05	-3.599907e+05	-3.608200e+05
	-3.608890e+05	-3.600425e+05	-3.580982e+05	-3.547439e+05	-3.494399e+05
	-3.413607e+05	-3.294527e+05	-3.126402e+05	-2.901306e+05	-2.618221e+05
	-2.288381e+05	-1.937096e+05	-1.595064e+05	-1.286450e+05	-1.023360e+05
	-8.075263e+04	-6.356307e+04	-5.029050e+04	-4.043398e+04	-3.351278e+04
	-2.912100e+04	-2.693459e+04	-2.659031e+04	-2.749883e+04	-2.878417e+04
	-2.960107e+04	-2.957195e+04	-2.864107e+04	-2.682862e+04	-2.413983e+04
	-2.066069e+04	-1.670391e+04	-1.276616e+04	-9.282156e+03	-6.441721e+03
	-4.226927e+03	-2.538700e+03	-1.268924e+03	-3.233602e+02	3.737954e+02
	8.821760e+02	1.248337e+03	1.508513e+03	1.690647e+03	1.815916e+03
	1.900584e+03
trailer
Lewis numbers evaluated at maximum consumption
N2	-1
O2	0.998509
@ Z = 0.0755511
H	0.169294
@ Z = 0.0969334
OH	0.666402
@ Z = 0.08551
O	0.652463
@ Z = 0.0813948
H2	0.276535
@ Z = 0.0700636
H2O	-1
HO2	1.00339
@ Z = 0.00785143
H2O2	0.985587
@ Z = 0.0332064
CO	1.00281
@ Z = 0.0649016
CO2	1.28887
@ Z = 0.0909996
CH	0.605278
@ Z = 0.0721274
CHO	1.1472
@ Z = 0.0721274
CH2	0.876026
@ Z = 0.0755511
CH2O	1.15846
@ Z = 0.0739298
CH3	0.913991
@ Z = 0.0799708
CH4	0.922226
@ Z = 0.0969334
C2H6	1.33133
@ Z = 0.10973
C2H	1.18204
@ Z = 0.0755511
C2H2	1.19968
@ Z = 0.0827913
CHCO	0.805506
@ Z = 0.0770652
C3H3	1.62663
@ Z = 0.0813948
C2H3	1.21515
@ Z = 0.0909996
C2H4	1.21395
@ Z = 0.103751
C2H5	1.32465
@ Z = 0.0938835
C3H4	1.58659
@ Z = 0.0785285
C3H5	1.63212
@ Z = 0.0770652
C3H6	1.6983
@ Z = 0.111954
N-C3H7	1.71274
@ Z = 0.103751
I-C3H7	1.06984
@ Z = 0.482405
C3H8	1.68044
@ Z = 0.12909
Lewis numbers evaluated at maximum formation
N2	-1
O2	1.00655
@ Z = 0.0132867
H	0.167046
@ Z = 0.0755511
OH	0.658676
@ Z = 0.0700636
O	0.64173
@ Z = 0.0617418
H2	0.278985
@ Z = 0.105651
H2O	0.744102
@ Z = 0.0770652
HO2	0.989917
@ Z = 0.0132867
H2O2	0.987046
@ Z = 0.0228653
CO	1.01676
@ Z = 0.0827913
CO2	1.27357
@ Z = 0.0700636
CH	0.610421
@ Z = 0.0827913
CHO	1.15517
@ Z = 0.0813948
CH2	0.882284
@ Z = 0.0868617
CH2O	1.16644
@ Z = 0.0841588
CH3	0.91783
@ Z = 0.101934
CH4	0.886641
@ Z = 0.136105
C2H6	1.2574
@ Z = 0.148637
C2H	1.19089
@ Z = 0.0896022
C2H2	1.19068
@ Z = 0.114347
CHCO	0.811473
@ Z = 0.0938835
C3H3	1.63259
@ Z = 0.0953854
C2H3	1.2101
@ Z = 0.111954
C2H4	1.16302
@ Z = 0.139933
C2H5	1.31361
@ Z = 0.116932
C3H4	1.59507
@ Z = 0.0938835
C3H5	1.64213
@ Z = 0.0909996
C3H6	1.52294
@ Z = 0.173489
N-C3H7	1.67344
@ Z = 0.12909
I-C3H7	1.01051
@ Z = 0.59943
C3H8	-1
Lewis numbers evaluated at maximum mass fraction
N2	0.921314
@ Z = 4.98678e-06
O2	1.05235
@ Z = 4.98678e-06
H	0.166066
@ Z = 0.0700636
OH	0.654044
@ Z = 0.0617418
O	0.636653
@ Z = 0.0504238
H2	0.269429
@ Z = 0.136105
H2O	0.750139
@ Z = 0.0938835
HO2	0.986141
@ Z = 0.0155501
H2O2	0.987046
@ Z = 0.0228653
CO	1.0191
@ Z = 0.103751
CO2	1.27807
@ Z = 0.0739298
CH	0.610867
@ Z = 0.0841588
CHO	1.15607
@ Z = 0.0827913
CH2	0.882998
@ Z = 0.0896022
CH2O	1.05173
@ Z = 0.173489
CH3	0.915377
@ Z = 0.10973
CH4	0.786732
@ Z = 0.192639
C2H6	1.09082
@ Z = 0.219799
C2H	1.19144
@ Z = 0.0924237
C2H2	1.1149
@ Z = 0.153717
CHCO	0.789688
@ Z = 0.13251
C3H3	1.63247
@ Z = 0.0985334
C2H3	1.20803
@ Z = 0.114347
C2H4	1.04328
@ Z = 0.192639
C2H5	1.30994
@ Z = 0.119717
C3H4	1.5925
@ Z = 0.105651
C3H5	1.3769
@ Z = 0.205008
C3H6	1.39236
@ Z = 0.219799
N-C3H7	0.965462
@ Z = 0.73319
I-C3H7	1.00147
@ Z = 0.622234
C3H8	0.822463
@ Z = 0.999946
