header

title = "planar counterflow diffusion flame"
author = ""
date = "Thu Jul 11 20:10:50 2013"

fuel = "C3H8"
pressure = 1 [bar]
strainrate = 350 [1/s]
chiStoichAnal = 9.91542 [1/s]
chiStoichAnalKW = 15.239 [1/s]
FlameLocZ = 0.084898 [K]
FlameLocBilger = 0.0727555 [K]
Tmax = 1885.46 [K]
stoichScalarDissRate = 15.7582 [1/s]
stoichScalarDissRateBilger = 9.47229 [1/s]

OxidizerSide
begin
	Temperature = 300 [K]
	Massfraction-N2 = 0.76708
	Massfraction-O2 = 0.23292
	Molefraction-N2 = 0.79
	Molefraction-O2 = 0.21
end

FuelSide
begin
	Temperature = 300 [K]
	Massfraction-C3H8 = 1
	Molefraction-C3H8 = 1
end

numOfSpecies = 31
gridPoints = 141

body
eta
	0.000000e+00	1.835720e-01	3.644572e-01	5.395848e-01	7.069309e-01
	8.659855e-01	1.016830e+00	1.159668e+00	1.294795e+00	1.422573e+00
	1.543405e+00	1.657712e+00	1.765919e+00	1.868437e+00	1.965664e+00
	2.057973e+00	2.145709e+00	2.229196e+00	2.308730e+00	2.384581e+00
	2.457001e+00	2.526219e+00	2.592447e+00	2.655885e+00	2.716721e+00
	2.775139e+00	2.831330e+00	2.885502e+00	2.937903e+00	2.988786e+00
	3.038339e+00	3.086584e+00	3.133317e+00	3.178309e+00	3.221678e+00
	3.263890e+00	3.305319e+00	3.345928e+00	3.385421e+00	3.423647e+00
	3.460793e+00	3.497267e+00	3.533467e+00	3.569624e+00	3.605839e+00
	3.642211e+00	3.678898e+00	3.716076e+00	3.753867e+00	3.792290e+00
	3.831285e+00	3.870645e+00	3.909783e+00	3.947609e+00	3.982797e+00
	4.014360e+00	4.041962e+00	4.065825e+00	4.086468e+00	4.104477e+00
	4.120399e+00	4.134691e+00	4.147708e+00	4.159712e+00	4.170879e+00
	4.181330e+00	4.191164e+00	4.200463e+00	4.209272e+00	4.217602e+00
	4.225479e+00	4.232957e+00	4.240099e+00	4.246955e+00	4.253566e+00
	4.259981e+00	4.266261e+00	4.272467e+00	4.278645e+00	4.284818e+00
	4.290994e+00	4.297182e+00	4.303403e+00	4.309680e+00	4.316018e+00
	4.322398e+00	4.328798e+00	4.335202e+00	4.341608e+00	4.348021e+00
	4.354455e+00	4.360944e+00	4.367529e+00	4.374243e+00	4.381084e+00
	4.388020e+00	4.395028e+00	4.402142e+00	4.409475e+00	4.417213e+00
	4.425611e+00	4.434995e+00	4.445753e+00	4.458332e+00	4.473205e+00
	4.490799e+00	4.511344e+00	4.534695e+00	4.560276e+00	4.587259e+00
	4.614898e+00	4.642758e+00	4.670767e+00	4.699148e+00	4.728364e+00
	4.759134e+00	4.792457e+00	4.829514e+00	4.871298e+00	4.918355e+00
	4.971191e+00	5.030899e+00	5.098327e+00	5.172583e+00	5.251914e+00
	5.336566e+00	5.429887e+00	5.536591e+00	5.660246e+00	5.800886e+00
	5.954135e+00	6.114125e+00	6.277084e+00	6.441904e+00	6.609090e+00
	6.779500e+00	6.953629e+00	7.131591e+00	7.313013e+00	7.496426e+00
	7.680054e+00
y [m]
	-1.730938e-03	-1.705149e-03	-1.679693e-03	-1.654991e-03	-1.631314e-03
	-1.608721e-03	-1.587182e-03	-1.566647e-03	-1.547053e-03	-1.528323e-03
	-1.510375e-03	-1.493121e-03	-1.476474e-03	-1.460350e-03	-1.444667e-03
	-1.429349e-03	-1.414328e-03	-1.399538e-03	-1.384923e-03	-1.370432e-03
	-1.356019e-03	-1.341646e-03	-1.327276e-03	-1.312877e-03	-1.298421e-03
	-1.283877e-03	-1.269215e-03	-1.254393e-03	-1.239355e-03	-1.224033e-03
	-1.208372e-03	-1.192362e-03	-1.176080e-03	-1.159626e-03	-1.142987e-03
	-1.126004e-03	-1.108524e-03	-1.090554e-03	-1.072231e-03	-1.053646e-03
	-1.034732e-03	-1.015291e-03	-9.950937e-04	-9.739674e-04	-9.517968e-04
	-9.284539e-04	-9.037552e-04	-8.774775e-04	-8.494097e-04	-8.193967e-04
	-7.873405e-04	-7.532796e-04	-7.176413e-04	-6.814631e-04	-6.462326e-04
	-6.133130e-04	-5.834882e-04	-5.569187e-04	-5.333472e-04	-5.123386e-04
	-4.934212e-04	-4.761680e-04	-4.602305e-04	-4.453479e-04	-4.313450e-04
	-4.181027e-04	-4.055223e-04	-3.935208e-04	-3.820600e-04	-3.711387e-04
	-3.607394e-04	-3.508019e-04	-3.412523e-04	-3.320338e-04	-3.230971e-04
	-3.143804e-04	-3.058051e-04	-2.972915e-04	-2.887791e-04	-2.802369e-04
	-2.716547e-04	-2.630215e-04	-2.543099e-04	-2.454892e-04	-2.365535e-04
	-2.275299e-04	-2.184561e-04	-2.093545e-04	-2.002329e-04	-1.910900e-04
	-1.819073e-04	-1.726439e-04	-1.632448e-04	-1.536699e-04	-1.439290e-04
	-1.340753e-04	-1.241479e-04	-1.141060e-04	-1.037992e-04	-9.297936e-05
	-8.130617e-05	-6.835659e-05	-5.363935e-05	-3.661221e-05	-1.674088e-05
	6.396627e-06	3.290149e-05	6.234771e-05	9.376702e-05	1.259460e-04
	1.578702e-04	1.889709e-04	2.191371e-04	2.485706e-04	2.776762e-04
	3.070270e-04	3.373248e-04	3.692369e-04	4.030481e-04	4.385022e-04
	4.752219e-04	5.131312e-04	5.518806e-04	5.902517e-04	6.270593e-04
	6.624217e-04	6.976420e-04	7.341160e-04	7.725156e-04	8.124565e-04
	8.527374e-04	8.922751e-04	9.307429e-04	9.684051e-04	1.005760e-03
	1.043261e-03	1.081197e-03	1.119714e-03	1.158817e-03	1.198249e-03
	1.237666e-03
f
	-3.450293e+00	-3.301761e+00	-3.155345e+00	-3.013501e+00	-2.877833e+00
	-2.748714e+00	-2.626030e+00	-2.509564e+00	-2.399013e+00	-2.294017e+00
	-2.194182e+00	-2.099095e+00	-2.008343e+00	-1.921522e+00	-1.838250e+00
	-1.758166e+00	-1.680940e+00	-1.606268e+00	-1.533877e+00	-1.463523e+00
	-1.394985e+00	-1.328071e+00	-1.262606e+00	-1.198435e+00	-1.135415e+00
	-1.073407e+00	-1.012267e+00	-9.518234e-01	-8.918514e-01	-8.321014e-01
	-7.723874e-01	-7.127206e-01	-6.534145e-01	-5.948499e-01	-5.369762e-01
	-4.792493e-01	-4.211973e-01	-3.629142e-01	-3.048929e-01	-2.474485e-01
	-1.903905e-01	-1.331573e-01	-7.515420e-02	-1.601214e-02	4.443648e-02
	1.063644e-01	1.700541e-01	2.358356e-01	3.039493e-01	3.744487e-01
	4.472229e-01	5.218500e-01	5.971286e-01	6.707874e-01	7.400035e-01
	8.025736e-01	8.576080e-01	9.053852e-01	9.468356e-01	9.830715e-01
	1.015153e+00	1.043977e+00	1.070245e+00	1.094474e+00	1.117014e+00
	1.138106e+00	1.157947e+00	1.176701e+00	1.194454e+00	1.211233e+00
	1.227085e+00	1.242124e+00	1.256475e+00	1.270237e+00	1.283494e+00
	1.296346e+00	1.308914e+00	1.321320e+00	1.333654e+00	1.345963e+00
	1.358261e+00	1.370567e+00	1.382918e+00	1.395361e+00	1.407903e+00
	1.420508e+00	1.433125e+00	1.445728e+00	1.458310e+00	1.470877e+00
	1.483460e+00	1.496120e+00	1.508938e+00	1.521973e+00	1.535219e+00
	1.548611e+00	1.562104e+00	1.575759e+00	1.589791e+00	1.604545e+00
	1.620498e+00	1.638243e+00	1.658481e+00	1.681996e+00	1.709585e+00
	1.741915e+00	1.779241e+00	1.821100e+00	1.866264e+00	1.913127e+00
	1.960310e+00	2.007036e+00	2.053176e+00	2.099082e+00	2.145454e+00
	2.193334e+00	2.244099e+00	2.299253e+00	2.359873e+00	2.426266e+00
	2.498624e+00	2.577844e+00	2.664400e+00	2.756633e+00	2.852139e+00
	2.951126e+00	3.057292e+00	3.175547e+00	3.309284e+00	3.458165e+00
	3.617609e+00	3.781929e+00	3.947772e+00	4.114456e+00	4.282818e+00
	4.453948e+00	4.628498e+00	4.806689e+00	4.988220e+00	5.171673e+00
	5.355301e+00
df/deta
	8.089298e-01	8.091201e-01	8.094426e-01	8.099488e-01	8.107034e-01
	8.117893e-01	8.133084e-01	8.153784e-01	8.181297e-01	8.217001e-01
	8.262297e-01	8.318539e-01	8.386986e-01	8.468746e-01	8.564740e-01
	8.675680e-01	8.802052e-01	8.944116e-01	9.101915e-01	9.275291e-01
	9.463904e-01	9.667258e-01	9.884728e-01	1.011559e+00	1.035907e+00
	1.061438e+00	1.088077e+00	1.115770e+00	1.144496e+00	1.174260e+00
	1.205047e+00	1.236740e+00	1.269057e+00	1.301658e+00	1.334435e+00
	1.367570e+00	1.401221e+00	1.435221e+00	1.469171e+00	1.502771e+00
	1.536022e+00	1.569136e+00	1.602336e+00	1.635694e+00	1.669150e+00
	1.702619e+00	1.736047e+00	1.769360e+00	1.802389e+00	1.834819e+00
	1.866224e+00	1.896024e+00	1.923390e+00	1.947324e+00	1.967045e+00
	1.982398e+00	1.993836e+00	2.002115e+00	2.007998e+00	2.012115e+00
	2.014936e+00	2.016792e+00	2.017912e+00	2.018452e+00	2.018520e+00
	2.018200e+00	2.017555e+00	2.016634e+00	2.015479e+00	2.014133e+00
	2.012630e+00	2.010996e+00	2.009244e+00	2.007387e+00	2.005432e+00
	2.003381e+00	2.001225e+00	1.998951e+00	1.996544e+00	1.993998e+00
	1.991307e+00	1.988469e+00	1.985472e+00	1.982303e+00	1.978955e+00
	1.975435e+00	1.971755e+00	1.967924e+00	1.963945e+00	1.959816e+00
	1.955528e+00	1.951061e+00	1.946383e+00	1.941467e+00	1.936311e+00
	1.930935e+00	1.925359e+00	1.919555e+00	1.913426e+00	1.906808e+00
	1.899458e+00	1.891052e+00	1.881183e+00	1.869354e+00	1.855009e+00
	1.837599e+00	1.816763e+00	1.792555e+00	1.765564e+00	1.736754e+00
	1.707080e+00	1.677192e+00	1.647341e+00	1.617455e+00	1.587220e+00
	1.556105e+00	1.523395e+00	1.488380e+00	1.450769e+00	1.410932e+00
	1.369472e+00	1.326777e+00	1.283681e+00	1.242106e+00	1.203886e+00
	1.169336e+00	1.137648e+00	1.108254e+00	1.081532e+00	1.058596e+00
	1.040428e+00	1.027062e+00	1.017696e+00	1.011311e+00	1.007035e+00
	1.004223e+00	1.002416e+00	1.001288e+00	1.000607e+00	1.000214e+00
	1.000000e+00
Z
	1.000000e+00	9.999305e-01	9.998087e-01	9.996048e-01	9.992798e-01
	9.987833e-01	9.980534e-01	9.970184e-01	9.955991e-01	9.937116e-01
	9.912706e-01	9.881929e-01	9.844003e-01	9.798216e-01	9.743952e-01
	9.680695e-01	9.608043e-01	9.525705e-01	9.433502e-01	9.331365e-01
	9.219327e-01	9.097514e-01	8.966136e-01	8.825477e-01	8.675870e-01
	8.517679e-01	8.351247e-01	8.176828e-01	7.994471e-01	7.804077e-01
	7.605689e-01	7.399998e-01	7.188844e-01	6.974475e-01	6.757662e-01
	6.537258e-01	6.312257e-01	6.083787e-01	5.854585e-01	5.626730e-01
	5.400281e-01	5.173798e-01	4.945731e-01	4.715481e-01	4.483306e-01
	4.249578e-01	4.014430e-01	3.777941e-01	3.540638e-01	3.303833e-01
	3.069418e-01	2.840145e-01	2.620650e-01	2.417548e-01	2.237286e-01
	2.083141e-01	1.954414e-01	1.847795e-01	1.759097e-01	1.684397e-01
	1.620428e-01	1.564655e-01	1.515195e-01	1.470705e-01	1.430268e-01
	1.393238e-01	1.359101e-01	1.327439e-01	1.297994e-01	1.270625e-01
	1.245165e-01	1.221363e-01	1.198960e-01	1.177755e-01	1.157580e-01
	1.138254e-01	1.119570e-01	1.101333e-01	1.083403e-01	1.065705e-01
	1.048214e-01	1.030904e-01	1.013719e-01	9.965976e-02	9.795310e-02
	9.625718e-02	9.457881e-02	9.292159e-02	9.128624e-02	8.967180e-02
	8.807433e-02	8.648626e-02	8.489805e-02	8.330308e-02	8.170326e-02
	8.010730e-02	7.852129e-02	7.693842e-02	7.533541e-02	7.367539e-02
	7.190984e-02	6.998127e-02	6.782694e-02	6.538336e-02	6.259697e-02
	5.944029e-02	5.593899e-02	5.219140e-02	4.835593e-02	4.460019e-02
	4.104432e-02	3.774081e-02	3.468580e-02	3.184450e-02	2.916819e-02
	2.660136e-02	2.408823e-02	2.158826e-02	1.910078e-02	1.666725e-02
	1.433314e-02	1.212106e-02	1.006646e-02	8.237327e-03	6.675961e-03
	5.355991e-03	4.217290e-03	3.220087e-03	2.361445e-03	1.659984e-03
	1.127131e-03	7.475123e-04	4.873689e-04	3.124098e-04	1.959356e-04
	1.192672e-04	6.962380e-05	3.813242e-05	1.862730e-05	6.884420e-06
	0.000000e+00
temperature [K]
	3.000000e+02	3.000940e+02	3.002587e+02	3.005340e+02	3.009725e+02
	3.016414e+02	3.026234e+02	3.040134e+02	3.059150e+02	3.084361e+02
	3.116830e+02	3.157556e+02	3.207426e+02	3.267174e+02	3.337363e+02
	3.418375e+02	3.510411e+02	3.613510e+02	3.727566e+02	3.852361e+02
	3.987584e+02	4.132868e+02	4.287809e+02	4.451995e+02	4.625032e+02
	4.806579e+02	4.996392e+02	5.194413e+02	5.400885e+02	5.616293e+02
	5.841047e+02	6.074901e+02	6.316375e+02	6.563535e+02	6.816134e+02
	7.076205e+02	7.345754e+02	7.624331e+02	7.909464e+02	8.199319e+02
	8.494515e+02	8.797732e+02	9.112096e+02	9.439746e+02	9.781840e+02
	1.013967e+03	1.051531e+03	1.091106e+03	1.132850e+03	1.176803e+03
	1.222880e+03	1.270768e+03	1.319608e+03	1.367789e+03	1.413297e+03
	1.454525e+03	1.490781e+03	1.522203e+03	1.549397e+03	1.573112e+03
	1.594069e+03	1.612884e+03	1.630039e+03	1.645897e+03	1.660707e+03
	1.674643e+03	1.687845e+03	1.700429e+03	1.712452e+03	1.723923e+03
	1.734860e+03	1.745323e+03	1.755376e+03	1.765066e+03	1.774427e+03
	1.783502e+03	1.792349e+03	1.801023e+03	1.809550e+03	1.817919e+03
	1.826093e+03	1.834028e+03	1.841689e+03	1.849029e+03	1.855974e+03
	1.862416e+03	1.868242e+03	1.873355e+03	1.877670e+03	1.881109e+03
	1.883603e+03	1.885081e+03	1.885462e+03	1.884655e+03	1.882581e+03
	1.879212e+03	1.874572e+03	1.868686e+03	1.861511e+03	1.852893e+03
	1.842536e+03	1.830000e+03	1.814712e+03	1.795990e+03	1.773096e+03
	1.745316e+03	1.712165e+03	1.673657e+03	1.630484e+03	1.583850e+03
	1.534994e+03	1.484788e+03	1.433556e+03	1.381140e+03	1.326983e+03
	1.270124e+03	1.209244e+03	1.143017e+03	1.070985e+03	9.941414e+02
	9.141505e+02	8.324144e+02	7.513590e+02	6.753256e+02	6.078777e+02
	5.492799e+02	4.977206e+02	4.518857e+02	4.119500e+02	3.790183e+02
	3.538219e+02	3.357762e+02	3.233634e+02	3.149931e+02	3.094107e+02
	3.057315e+02	3.033471e+02	3.018337e+02	3.008959e+02	3.003311e+02
	3.000000e+02
massfraction-N2
	1.000000e-60	7.028048e-04	1.646004e-03	2.869311e-03	4.405293e-03
	6.285625e-03	8.539081e-03	1.118811e-02	1.424886e-02	1.773164e-02
	2.164178e-02	2.598061e-02	3.074638e-02	3.593518e-02	4.154160e-02
	4.755933e-02	5.398155e-02	6.080117e-02	6.801103e-02	7.560399e-02
	8.357297e-02	9.191100e-02	1.006114e-01	1.096678e-01	1.190750e-01
	1.288298e-01	1.389329e-01	1.493930e-01	1.602327e-01	1.714852e-01
	1.831772e-01	1.952995e-01	2.077776e-01	2.205126e-01	2.334913e-01
	2.468157e-01	2.605835e-01	2.747646e-01	2.892251e-01	3.038636e-01
	3.187021e-01	3.338637e-01	3.494886e-01	3.656622e-01	3.824341e-01
	3.997909e-01	4.178020e-01	4.365224e-01	4.559702e-01	4.760938e-01
	4.967749e-01	5.177870e-01	5.386746e-01	5.587043e-01	5.770571e-01
	5.931722e-01	6.069076e-01	6.184499e-01	6.281399e-01	6.363365e-01
	6.433573e-01	6.494575e-01	6.548296e-01	6.596126e-01	6.639020e-01
	6.677663e-01	6.712617e-01	6.744355e-01	6.773197e-01	6.799362e-01
	6.823103e-01	6.844749e-01	6.864627e-01	6.882996e-01	6.900072e-01
	6.916072e-01	6.931220e-01	6.945716e-01	6.959704e-01	6.973270e-01
	6.986460e-01	6.999318e-01	7.011906e-01	7.024285e-01	7.036478e-01
	7.048460e-01	7.060196e-01	7.071672e-01	7.082894e-01	7.093876e-01
	7.104654e-01	7.115284e-01	7.125837e-01	7.136359e-01	7.146846e-01
	7.157247e-01	7.167531e-01	7.177750e-01	7.188062e-01	7.198708e-01
	7.210004e-01	7.222318e-01	7.236056e-01	7.251629e-01	7.269394e-01
	7.289542e-01	7.311917e-01	7.335861e-01	7.360288e-01	7.384032e-01
	7.406259e-01	7.426615e-01	7.445141e-01	7.462094e-01	7.477821e-01
	7.492712e-01	7.507153e-01	7.521452e-01	7.535703e-01	7.549768e-01
	7.563480e-01	7.576795e-01	7.589573e-01	7.601425e-01	7.612033e-01
	7.621477e-01	7.630091e-01	7.638105e-01	7.645469e-01	7.651912e-01
	7.657157e-01	7.661159e-01	7.664094e-01	7.666207e-01	7.667717e-01
	7.668788e-01	7.669540e-01	7.670058e-01	7.670411e-01	7.670644e-01
	7.670796e-01
massfraction-O2
	1.000000e-60	3.530191e-06	8.291229e-06	1.449456e-05	2.231619e-05
	3.192756e-05	4.348476e-05	5.711052e-05	7.289354e-05	9.089068e-05
	1.111310e-04	1.336209e-04	1.583489e-04	1.852907e-04	2.144128e-04
	2.456761e-04	2.790379e-04	3.144537e-04	3.518785e-04	3.912670e-04
	4.325748e-04	4.757580e-04	5.207743e-04	5.675845e-04	6.161545e-04
	6.664616e-04	7.185037e-04	7.723202e-04	8.280219e-04	8.857731e-04
	9.457052e-04	1.007766e-03	1.071568e-03	1.136604e-03	1.202806e-03
	1.270693e-03	1.340759e-03	1.412848e-03	1.486281e-03	1.560543e-03
	1.635750e-03	1.712528e-03	1.791590e-03	1.873369e-03	1.958123e-03
	2.045788e-03	2.136727e-03	2.231235e-03	2.329431e-03	2.431097e-03
	2.535696e-03	2.642179e-03	2.748373e-03	2.850728e-03	2.945257e-03
	3.029244e-03	3.102056e-03	3.164706e-03	3.219000e-03	3.266877e-03
	3.310124e-03	3.350285e-03	3.388671e-03	3.426394e-03	3.464409e-03
	3.503576e-03	3.544762e-03	3.588852e-03	3.636619e-03	3.688659e-03
	3.745548e-03	3.808057e-03	3.877115e-03	3.953665e-03	4.038714e-03
	4.133574e-03	4.240070e-03	4.360558e-03	4.497737e-03	4.654424e-03
	4.833533e-03	5.038446e-03	5.273537e-03	5.544155e-03	5.855867e-03
	6.213710e-03	6.622456e-03	7.087542e-03	7.615324e-03	8.213064e-03
	8.889797e-03	9.657475e-03	1.053124e-02	1.152714e-02	1.265697e-02
	1.392569e-02	1.533621e-02	1.690037e-02	1.864926e-02	2.063846e-02
	2.295364e-02	2.571485e-02	2.907827e-02	3.323495e-02	3.839446e-02
	4.474766e-02	5.238746e-02	6.121649e-02	7.091519e-02	8.103346e-02
	9.115788e-02	1.010205e-01	1.105160e-01	1.196533e-01	1.285104e-01
	1.372119e-01	1.459022e-01	1.546867e-01	1.635362e-01	1.722735e-01
	1.807143e-01	1.887652e-01	1.962860e-01	2.030109e-01	2.087643e-01
	2.136284e-01	2.178167e-01	2.214714e-01	2.246013e-01	2.271389e-01
	2.290470e-01	2.303894e-01	2.312958e-01	2.318956e-01	2.322880e-01
	2.325416e-01	2.327027e-01	2.328029e-01	2.328638e-01	2.328997e-01
	2.329204e-01
massfraction-H
	1.000000e-60	8.889699e-18	1.845271e-17	2.861300e-17	3.931599e-17
	5.075428e-17	6.347456e-17	7.847094e-17	9.733915e-17	1.225526e-16
	1.579737e-16	2.097702e-16	2.880308e-16	4.095939e-16	6.030037e-16
	9.171833e-16	1.436557e-15	2.307209e-15	3.781571e-15	6.293506e-15
	1.058180e-14	1.788816e-14	3.026577e-14	5.104560e-14	8.552126e-14
	1.419337e-13	2.328775e-13	3.773581e-13	6.039527e-13	9.555746e-13
	1.496091e-12	2.317992e-12	3.548732e-12	5.360662e-12	8.004079e-12
	1.187147e-11	1.756417e-11	2.593273e-11	3.812899e-11	5.578260e-11
	8.139967e-11	1.190244e-10	1.752264e-10	2.605865e-10	3.923014e-10
	5.990821e-10	9.307527e-10	1.476029e-09	2.396405e-09	3.992400e-09
	6.839110e-09	1.205578e-08	2.177583e-08	3.979532e-08	7.218789e-08
	1.277003e-07	2.180835e-07	3.586711e-07	5.690962e-07	8.735464e-07
	1.300708e-06	1.883394e-06	2.657673e-06	3.660787e-06	4.927162e-06
	6.484911e-06	8.355590e-06	1.055346e-05	1.307781e-05	1.590855e-05
	1.901788e-05	2.238565e-05	2.599885e-05	2.984328e-05	3.390595e-05
	3.818497e-05	4.269445e-05	4.745838e-05	5.249765e-05	5.781992e-05
	6.341991e-05	6.929135e-05	7.543708e-05	8.186041e-05	8.854265e-05
	9.543213e-05	1.024590e-04	1.095553e-04	1.166558e-04	1.236943e-04
	1.306106e-04	1.373526e-04	1.438680e-04	1.500821e-04	1.558821e-04
	1.611395e-04	1.657570e-04	1.696952e-04	1.729526e-04	1.755201e-04
	1.773395e-04	1.782643e-04	1.780267e-04	1.762194e-04	1.723135e-04
	1.657552e-04	1.561929e-04	1.437756e-04	1.292798e-04	1.138597e-04
	9.858723e-05	8.416491e-05	7.090676e-05	5.887423e-05	4.800229e-05
	3.817816e-05	2.930764e-05	2.139458e-05	1.459934e-05	9.154435e-06
	5.170424e-06	2.557795e-06	1.081882e-06	3.923299e-07	1.246939e-07
	3.520221e-08	9.011124e-09	2.302004e-09	6.743061e-10	2.308999e-10
	8.731803e-11	3.535430e-11	1.504231e-11	6.575888e-12	2.877517e-12
	1.225407e-12	4.911798e-13	1.760311e-13	5.081485e-14	8.731481e-15
	1.000000e-60
massfraction-OH
	1.000000e-60	1.424792e-21	7.747946e-21	2.351830e-20	5.590470e-20
	1.162672e-19	2.229487e-19	4.062139e-19	7.174114e-19	1.245969e-18
	2.151092e-18	3.721219e-18	6.486060e-18	1.142807e-17	2.038088e-17
	3.677525e-17	6.702220e-17	1.230425e-16	2.268175e-16	4.184240e-16
	7.699389e-16	1.409017e-15	2.558090e-15	4.598426e-15	8.173351e-15
	1.435348e-14	2.490163e-14	4.270574e-14	7.251024e-14	1.221471e-13
	2.045306e-13	3.406226e-13	5.633084e-13	9.234329e-13	1.503520e-12
	2.446231e-12	3.998941e-12	6.572936e-12	1.083124e-11	1.785986e-11
	2.952561e-11	4.917475e-11	8.292185e-11	1.419826e-10	2.471236e-10
	4.376205e-10	7.900936e-10	1.457684e-09	2.752213e-09	5.317547e-09
	1.050122e-08	2.112434e-08	4.286824e-08	8.615195e-08	1.675720e-07
	3.099760e-07	5.419005e-07	8.985218e-07	1.425260e-06	2.182745e-06
	3.252576e-06	4.743008e-06	6.794031e-06	9.579910e-06	1.330579e-05
	1.820233e-05	2.452619e-05	3.255620e-05	4.255732e-05	5.473917e-05
	6.927482e-05	8.635889e-05	1.062137e-04	1.290489e-04	1.550700e-04
	1.845485e-04	2.178848e-04	2.556019e-04	2.982650e-04	3.463889e-04
	4.004146e-04	4.608093e-04	5.281955e-04	6.033057e-04	6.867352e-04
	7.787445e-04	8.793600e-04	9.886068e-04	1.106523e-03	1.233091e-03
	1.368328e-03	1.512367e-03	1.665292e-03	1.826553e-03	1.994165e-03
	2.164702e-03	2.334444e-03	2.500741e-03	2.662417e-03	2.818991e-03
	2.969601e-03	3.111579e-03	3.238904e-03	3.340990e-03	3.402331e-03
	3.404219e-03	3.329478e-03	3.170154e-03	2.933885e-03	2.642742e-03
	2.324165e-03	2.001767e-03	1.691308e-03	1.401692e-03	1.137273e-03
	8.997830e-04	6.900991e-04	5.099521e-04	3.622489e-04	2.480238e-04
	1.635447e-04	1.026661e-04	6.095936e-05	3.518428e-05	2.076754e-05
	1.287957e-05	8.320182e-06	5.482362e-06	3.630086e-06	2.407482e-06
	1.607790e-06	1.086390e-06	7.414117e-07	5.073261e-07	3.444619e-07
	2.292097e-07	1.471266e-07	8.879130e-08	4.771704e-08	1.929498e-08
	1.000000e-60
massfraction-O
	1.000000e-60	1.009904e-22	4.451808e-22	1.140004e-21	2.279741e-21
	3.959539e-21	6.303962e-21	9.514077e-21	1.394052e-20	2.019328e-20
	2.931854e-20	4.310058e-20	6.459161e-20	9.904856e-20	1.555870e-19
	2.500832e-19	4.102161e-19	6.841131e-19	1.154927e-18	1.964930e-18
	3.354417e-18	5.722919e-18	9.722886e-18	1.639922e-17	2.739222e-17
	4.522923e-17	7.374613e-17	1.187203e-16	1.888816e-16	2.975174e-16
	4.648976e-16	7.215841e-16	1.112435e-15	1.703700e-15	2.601461e-15
	3.989890e-15	6.191110e-15	9.751676e-15	1.558989e-14	2.530054e-14
	4.180738e-14	7.071748e-14	1.230820e-13	2.210140e-13	4.095805e-13
	7.831800e-13	1.546740e-12	3.159912e-12	6.684384e-12	1.463813e-11
	3.315553e-11	7.743393e-11	1.845029e-10	4.387111e-10	1.011160e-09
	2.205433e-09	4.501770e-09	8.604530e-09	1.550045e-08	2.651818e-08
	4.339518e-08	6.835719e-08	1.042099e-07	1.544141e-07	2.230915e-07
	3.150567e-07	4.360484e-07	5.929917e-07	7.937264e-07	1.046607e-06
	1.361263e-06	1.750313e-06	2.230291e-06	2.821618e-06	3.549819e-06
	4.449004e-06	5.566780e-06	6.969012e-06	8.743380e-06	1.100265e-05
	1.389082e-05	1.759782e-05	2.238385e-05	2.860239e-05	3.670805e-05
	4.725301e-05	6.089771e-05	7.844177e-05	1.008361e-04	1.291721e-04
	1.646973e-04	2.088445e-04	2.632022e-04	3.292655e-04	4.078835e-04
	4.988233e-04	6.010043e-04	7.133623e-04	8.356176e-04	9.683754e-04
	1.112849e-03	1.270083e-03	1.439719e-03	1.618549e-03	1.798859e-03
	1.967330e-03	2.105202e-03	2.191978e-03	2.212913e-03	2.165461e-03
	2.058817e-03	1.907794e-03	1.726806e-03	1.527227e-03	1.317223e-03
	1.102553e-03	8.881667e-04	6.809170e-04	4.920246e-04	3.344000e-04
	2.150601e-04	1.322399e-04	7.939790e-05	4.832848e-05	3.086698e-05
	2.083713e-05	1.463670e-05	1.048152e-05	7.535336e-06	5.399004e-06
	3.855711e-06	2.749849e-06	1.955782e-06	1.379972e-06	9.581680e-07
	6.479118e-07	4.206503e-07	2.559048e-07	1.383084e-07	5.616152e-08
	1.000000e-60
massfraction-H2
	1.000000e-60	2.469691e-05	5.123524e-05	7.913396e-05	1.079385e-04
	1.373744e-04	1.672578e-04	1.974330e-04	2.277757e-04	2.581921e-04
	2.886168e-04	3.190091e-04	3.493481e-04	3.796294e-04	4.098602e-04
	4.400568e-04	4.702408e-04	5.004375e-04	5.306741e-04	5.609779e-04
	5.913762e-04	6.218951e-04	6.525603e-04	6.833970e-04	7.144320e-04
	7.456964e-04	7.772314e-04	8.090990e-04	8.413980e-04	8.742510e-04
	9.077559e-04	9.419065e-04	9.765200e-04	1.011360e-03	1.046432e-03
	1.082047e-03	1.118496e-03	1.155725e-03	1.193419e-03	1.231353e-03
	1.269630e-03	1.308605e-03	1.348681e-03	1.390118e-03	1.433118e-03
	1.477662e-03	1.524025e-03	1.572442e-03	1.623073e-03	1.675919e-03
	1.730829e-03	1.787372e-03	1.844473e-03	1.900194e-03	1.952161e-03
	1.998511e-03	2.038441e-03	2.072085e-03	2.100078e-03	2.123172e-03
	2.142042e-03	2.157195e-03	2.168957e-03	2.177492e-03	2.182855e-03
	2.185052e-03	2.184089e-03	2.179983e-03	2.172795e-03	2.162678e-03
	2.149851e-03	2.134514e-03	2.116826e-03	2.096938e-03	2.074988e-03
	2.051044e-03	2.025068e-03	1.996950e-03	1.966579e-03	1.933914e-03
	1.898987e-03	1.861828e-03	1.822396e-03	1.780621e-03	1.736546e-03
	1.690394e-03	1.642475e-03	1.593047e-03	1.542307e-03	1.490414e-03
	1.437436e-03	1.383322e-03	1.327956e-03	1.271339e-03	1.213812e-03
	1.156021e-03	1.098555e-03	1.041553e-03	9.845791e-04	9.267933e-04
	8.671264e-04	8.045226e-04	7.382312e-04	6.680901e-04	5.948496e-04
	5.203247e-04	4.473647e-04	3.793109e-04	3.190465e-04	2.681508e-04
	2.266844e-04	1.936504e-04	1.676046e-04	1.471138e-04	1.309386e-04
	1.180595e-04	1.076627e-04	9.911956e-05	9.194516e-05	8.571723e-05
	8.002883e-05	7.452993e-05	6.904888e-05	6.364801e-05	5.845681e-05
	5.345872e-05	4.848880e-05	4.338719e-05	3.812291e-05	3.283929e-05
	2.779281e-05	2.318967e-05	1.909692e-05	1.548627e-05	1.229856e-05
	9.481927e-06	7.001064e-06	4.830381e-06	2.949940e-06	1.346151e-06
	1.000000e-60
massfraction-H2O
	1.000000e-60	1.194862e-04	2.799281e-04	4.880783e-04	7.494288e-04
	1.069252e-03	1.452232e-03	1.901852e-03	2.420375e-03	3.008900e-03
	3.667496e-03	4.395353e-03	5.190958e-03	6.052250e-03	6.976765e-03
	7.961764e-03	9.004336e-03	1.010149e-02	1.125021e-02	1.244756e-02
	1.369065e-02	1.497675e-02	1.630331e-02	1.766801e-02	1.906881e-02
	2.050419e-02	2.197333e-02	2.347665e-02	2.501666e-02	2.659727e-02
	2.822147e-02	2.988729e-02	3.158413e-02	3.329862e-02	3.502939e-02
	3.679030e-02	3.859427e-02	4.043733e-02	4.230240e-02	4.417714e-02
	4.606523e-02	4.798299e-02	4.994865e-02	5.197330e-02	5.406391e-02
	5.621875e-02	5.844758e-02	6.075825e-02	6.315438e-02	6.563141e-02
	6.817708e-02	7.076635e-02	7.334607e-02	7.582825e-02	7.811249e-02
	8.012808e-02	8.185471e-02	8.331263e-02	8.454179e-02	8.558519e-02
	8.648126e-02	8.726103e-02	8.794791e-02	8.855865e-02	8.910457e-02
	8.959361e-02	9.003220e-02	9.042563e-02	9.077739e-02	9.108979e-02
	9.136573e-02	9.160910e-02	9.182369e-02	9.201244e-02	9.217778e-02
	9.232198e-02	9.244711e-02	9.255467e-02	9.264537e-02	9.271923e-02
	9.277587e-02	9.281484e-02	9.283554e-02	9.283706e-02	9.281820e-02
	9.277772e-02	9.271454e-02	9.262762e-02	9.251578e-02	9.237758e-02
	9.221113e-02	9.201366e-02	9.178147e-02	9.151047e-02	9.119775e-02
	9.084240e-02	9.044414e-02	9.000013e-02	8.950193e-02	8.893390e-02
	8.827155e-02	8.748020e-02	8.651431e-02	8.531754e-02	8.382710e-02
	8.198409e-02	7.975566e-02	7.716000e-02	7.427428e-02	7.121009e-02
	6.807021e-02	6.492059e-02	6.178430e-02	5.865236e-02	5.549300e-02
	5.225459e-02	4.887044e-02	4.527942e-02	4.146952e-02	3.749872e-02
	3.344607e-02	2.936273e-02	2.533458e-02	2.153342e-02	1.810447e-02
	1.504942e-02	1.227552e-02	9.718037e-03	7.397626e-03	5.400256e-03
	3.804664e-03	2.613477e-03	1.761463e-03	1.165341e-03	7.534175e-04
	4.723172e-04	2.836990e-04	1.596900e-04	8.004279e-05	3.028710e-05
	1.000000e-60
massfraction-HO2
	1.000000e-60	4.893490e-09	1.150925e-08	2.015030e-08	3.107316e-08
	4.453127e-08	6.076075e-08	7.995566e-08	1.022673e-07	1.278073e-07
	1.566526e-07	1.888520e-07	2.244319e-07	2.634017e-07	3.057579e-07
	3.514871e-07	4.005675e-07	4.529709e-07	5.086624e-07	5.676007e-07
	6.297383e-07	6.950207e-07	7.633870e-07	8.347708e-07	9.091029e-07
	9.863187e-07	1.066372e-06	1.149262e-06	1.235080e-06	1.323974e-06
	1.416007e-06	1.510914e-06	1.607877e-06	1.705855e-06	1.804432e-06
	1.904000e-06	2.004788e-06	2.105968e-06	2.205928e-06	2.303328e-06
	2.397680e-06	2.489054e-06	2.577422e-06	2.662194e-06	2.742371e-06
	2.816224e-06	2.882166e-06	2.938017e-06	2.981040e-06	3.008142e-06
	3.016452e-06	3.004281e-06	2.972916e-06	2.928809e-06	2.883245e-06
	2.847535e-06	2.827729e-06	2.823489e-06	2.830388e-06	2.842614e-06
	2.854611e-06	2.861721e-06	2.860297e-06	2.847702e-06	2.822381e-06
	2.783937e-06	2.733032e-06	2.671193e-06	2.600771e-06	2.524765e-06
	2.446177e-06	2.367451e-06	2.290509e-06	2.216992e-06	2.148241e-06
	2.085202e-06	2.028522e-06	1.978800e-06	1.936805e-06	1.903505e-06
	1.879957e-06	1.867187e-06	1.866229e-06	1.878252e-06	1.904521e-06
	1.946190e-06	2.004179e-06	2.079295e-06	2.172349e-06	2.284198e-06
	2.415958e-06	2.569263e-06	2.746356e-06	2.949628e-06	3.180593e-06
	3.439443e-06	3.726203e-06	4.043079e-06	4.396590e-06	4.798698e-06
	5.268176e-06	5.831976e-06	6.526379e-06	7.397554e-06	8.498617e-06
	9.881777e-06	1.158237e-05	1.360232e-05	1.590598e-05	1.843716e-05
	2.114816e-05	2.401885e-05	2.706236e-05	3.032078e-05	3.386464e-05
	3.779811e-05	4.225295e-05	4.732721e-05	5.289915e-05	5.834203e-05
	6.231752e-05	6.272958e-05	5.724064e-05	4.558624e-05	3.140457e-05
	1.909814e-05	1.052449e-05	5.429550e-06	2.739549e-06	1.409052e-06
	7.579714e-07	4.289857e-07	2.529579e-07	1.527699e-07	9.272892e-08
	5.552847e-08	3.216715e-08	1.754056e-08	8.531176e-09	3.135519e-09
	1.000000e-60
massfraction-H2O2
	1.000000e-60	2.913778e-10	6.860423e-10	1.201756e-09	1.852462e-09
	2.650308e-09	3.604197e-09	4.717765e-09	5.988971e-09	7.410118e-09
	8.968294e-09	1.064612e-08	1.242274e-08	1.427489e-08	1.617802e-08
	1.810729e-08	2.003845e-08	2.194851e-08	2.381622e-08	2.562234e-08
	2.734975e-08	2.898346e-08	3.051052e-08	3.191987e-08	3.320220e-08
	3.434977e-08	3.535624e-08	3.621649e-08	3.692616e-08	3.748037e-08
	3.787253e-08	3.809449e-08	3.813935e-08	3.800516e-08	3.769277e-08
	3.719854e-08	3.651379e-08	3.563385e-08	3.456396e-08	3.331270e-08
	3.188049e-08	3.025546e-08	2.841913e-08	2.635649e-08	2.406242e-08
	2.153586e-08	1.879067e-08	1.586423e-08	1.284207e-08	9.877687e-09
	7.184956e-09	4.989636e-09	3.434128e-09	2.484321e-09	1.959872e-09
	1.671920e-09	1.503230e-09	1.397013e-09	1.326789e-09	1.279442e-09
	1.248530e-09	1.231982e-09	1.231495e-09	1.252750e-09	1.306036e-09
	1.407051e-09	1.577923e-09	1.848274e-09	2.254858e-09	2.839380e-09
	3.647789e-09	4.732871e-09	6.155764e-09	7.984044e-09	1.029243e-08
	1.317029e-08	1.673252e-08	2.112651e-08	2.653042e-08	3.314664e-08
	4.120132e-08	5.096430e-08	6.278434e-08	7.710640e-08	9.444949e-08
	1.153774e-07	1.405232e-07	1.706624e-07	2.067577e-07	2.499889e-07
	3.018537e-07	3.643130e-07	4.398974e-07	5.315837e-07	6.422982e-07
	7.744709e-07	9.303072e-07	1.112967e-06	1.328087e-06	1.584998e-06
	1.898150e-06	2.288551e-06	2.785134e-06	3.426296e-06	4.260802e-06
	5.348610e-06	6.758815e-06	8.564442e-06	1.083474e-05	1.362585e-05
	1.696201e-05	2.078700e-05	2.490044e-05	2.893353e-05	3.241914e-05
	3.492424e-05	3.615915e-05	3.603535e-05	3.469872e-05	3.248345e-05
	2.972050e-05	2.659405e-05	2.322377e-05	1.980214e-05	1.655562e-05
	1.359966e-05	1.092164e-05	8.492463e-06	6.336861e-06	4.524526e-06
	3.110525e-06	2.080202e-06	1.362085e-06	8.736840e-07	5.466203e-07
	3.310732e-07	1.919167e-07	1.042275e-07	5.044823e-08	1.847492e-08
	1.000000e-60
massfraction-CO
	1.000000e-60	6.026961e-05	1.413111e-04	2.466070e-04	3.790264e-04
	5.413581e-04	7.361320e-04	9.653208e-04	1.230336e-03	1.532069e-03
	1.870962e-03	2.247094e-03	2.660268e-03	3.110082e-03	3.596002e-03
	4.117408e-03	4.673631e-03	5.263980e-03	5.887760e-03	6.544277e-03
	7.232846e-03	7.952797e-03	8.703483e-03	9.484303e-03	1.029474e-02
	1.113447e-02	1.200350e-02	1.290253e-02	1.383346e-02	1.479906e-02
	1.580159e-02	1.684021e-02	1.790847e-02	1.899790e-02	2.010735e-02
	2.124553e-02	2.242076e-02	2.363044e-02	2.486315e-02	2.611025e-02
	2.737365e-02	2.866385e-02	2.999281e-02	3.136778e-02	3.279303e-02
	3.426743e-02	3.579694e-02	3.738634e-02	3.903727e-02	4.074552e-02
	4.250128e-02	4.428559e-02	4.606004e-02	4.776254e-02	4.932352e-02
	5.069510e-02	5.186487e-02	5.284833e-02	5.367415e-02	5.437265e-02
	5.497068e-02	5.548979e-02	5.594621e-02	5.635158e-02	5.671376e-02
	5.703831e-02	5.732965e-02	5.759134e-02	5.782559e-02	5.803370e-02
	5.821722e-02	5.837821e-02	5.851853e-02	5.863935e-02	5.874132e-02
	5.882480e-02	5.888973e-02	5.893523e-02	5.895942e-02	5.895943e-02
	5.893164e-02	5.887172e-02	5.877427e-02	5.863253e-02	5.843871e-02
	5.818476e-02	5.786271e-02	5.746416e-02	5.698009e-02	5.640100e-02
	5.571623e-02	5.491299e-02	5.397643e-02	5.289289e-02	5.165673e-02
	5.027421e-02	4.875805e-02	4.711528e-02	4.533751e-02	4.339993e-02
	4.126343e-02	3.888193e-02	3.621526e-02	3.324523e-02	2.999680e-02
	2.655421e-02	2.306854e-02	1.973487e-02	1.673499e-02	1.417656e-02
	1.207269e-02	1.037051e-02	8.990950e-03	7.857115e-03	6.904551e-03
	6.081841e-03	5.349390e-03	4.680027e-03	4.061037e-03	3.490723e-03
	2.968331e-03	2.489373e-03	2.054296e-03	1.672308e-03	1.349017e-03
	1.077317e-03	8.440955e-04	6.408851e-04	4.669033e-04	3.257120e-04
	2.192803e-04	1.441070e-04	9.307278e-05	5.908935e-05	3.670066e-05
	2.212321e-05	1.279071e-05	6.939992e-06	3.360125e-06	1.231811e-06
	1.000000e-60
massfraction-CO2
	1.000000e-60	3.952743e-05	9.837534e-05	1.826201e-04	2.986745e-04
	4.535506e-04	6.545928e-04	9.089861e-04	1.223486e-03	1.604205e-03
	2.056483e-03	2.584807e-03	3.192810e-03	3.883289e-03	4.658274e-03
	5.519092e-03	6.466456e-03	7.500542e-03	8.621069e-03	9.827370e-03
	1.111846e-02	1.249310e-02	1.394987e-02	1.548724e-02	1.710374e-02
	1.879813e-02	2.056983e-02	2.241964e-02	2.435087e-02	2.636878e-02
	2.847758e-02	3.067498e-02	3.294666e-02	3.527358e-02	3.765229e-02
	4.010049e-02	4.263525e-02	4.525015e-02	4.791952e-02	5.062356e-02
	5.336529e-02	5.616639e-02	5.905166e-02	6.203561e-02	6.512572e-02
	6.831839e-02	7.162412e-02	7.505072e-02	7.859876e-02	8.225569e-02
	8.599652e-02	8.977678e-02	9.351149e-02	9.706826e-02	1.003034e-01
	1.031229e-01	1.055087e-01	1.074997e-01	1.091606e-01	1.105573e-01
	1.117473e-01	1.127763e-01	1.136785e-01	1.144786e-01	1.151937e-01
	1.158360e-01	1.164156e-01	1.169409e-01	1.174176e-01	1.178498e-01
	1.182420e-01	1.185997e-01	1.189285e-01	1.192328e-01	1.195162e-01
	1.197821e-01	1.200343e-01	1.202760e-01	1.205094e-01	1.207356e-01
	1.209552e-01	1.211683e-01	1.213755e-01	1.215768e-01	1.217716e-01
	1.219580e-01	1.221337e-01	1.222964e-01	1.224435e-01	1.225722e-01
	1.226789e-01	1.227595e-01	1.228082e-01	1.228175e-01	1.227781e-01
	1.226800e-01	1.225136e-01	1.222679e-01	1.219263e-01	1.214621e-01
	1.208324e-01	1.199703e-01	1.187773e-01	1.171155e-01	1.148090e-01
	1.116643e-01	1.075307e-01	1.023913e-01	9.642321e-02	8.995366e-02
	8.332655e-02	7.679452e-02	7.048590e-02	6.443365e-02	5.861011e-02
	5.294919e-02	4.736896e-02	4.181382e-02	3.631455e-02	3.099214e-02
	2.596746e-02	2.130190e-02	1.707680e-02	1.342795e-02	1.042080e-02
	7.977250e-03	5.961662e-03	4.285918e-03	2.928856e-03	1.897407e-03
	1.176220e-03	7.076252e-04	4.168690e-04	2.408442e-04	1.359116e-04
	7.437622e-05	3.905725e-05	1.929473e-05	8.547822e-06	2.890504e-06
	1.000000e-60
massfraction-CH
	1.000000e-60	1.072603e-28	2.845969e-29	5.444738e-30	8.092375e-31
	1.007080e-31	1.000000e-60	1.000000e-60	1.000000e-60	1.000000e-60
	1.000000e-60	1.000000e-60	3.531161e-28	1.000000e-60	1.000000e-60
	1.000000e-60	8.312466e-28	1.231038e-27	1.000000e-60	3.142091e-28
	1.307444e-27	4.857034e-27	1.920324e-26	6.792532e-26	2.330616e-25
	8.085971e-25	2.752965e-24	9.048880e-24	2.874042e-23	8.841029e-23
	2.640716e-22	7.654191e-22	2.144009e-21	5.781769e-21	1.507015e-20
	3.840604e-20	9.662635e-20	2.401633e-19	5.868150e-19	1.407096e-18
	3.329933e-18	7.860392e-18	1.870586e-17	4.520507e-17	1.114353e-16
	2.814448e-16	7.327941e-16	1.980481e-15	5.589739e-15	1.655151e-14
	5.162188e-14	1.698101e-13	5.838952e-13	2.045039e-12	7.020991e-12
	2.281935e-11	6.886915e-11	1.921913e-10	4.977964e-10	1.203131e-09
	2.727955e-09	5.831845e-09	1.180810e-08	2.272522e-08	4.166567e-08
	7.290516e-08	1.220357e-07	1.959649e-07	3.024329e-07	4.490946e-07
	6.431363e-07	8.917436e-07	1.202207e-06	1.581262e-06	2.035086e-06
	2.570478e-06	3.196124e-06	3.922507e-06	4.760032e-06	5.716470e-06
	6.795457e-06	7.997315e-06	9.320126e-06	1.075667e-05	1.228700e-05
	1.387296e-05	1.545985e-05	1.698106e-05	1.835964e-05	1.951028e-05
	2.034492e-05	2.077783e-05	2.073062e-05	2.014329e-05	1.899876e-05
	1.734819e-05	1.530751e-05	1.302114e-05	1.062640e-05	8.245315e-06
	5.993379e-06	3.992214e-06	2.365512e-06	1.202693e-06	5.062604e-07
	1.726587e-07	4.838650e-08	1.191493e-08	2.881839e-09	7.606009e-10
	2.282366e-10	7.626671e-11	2.725035e-11	1.004370e-11	3.706104e-12
	1.329281e-12	4.481459e-13	1.368580e-13	3.664549e-14	8.405003e-15
	1.608046e-15	2.455357e-16	2.902764e-17	2.745308e-18	2.218589e-19
	1.564755e-20	9.494637e-22	5.275187e-23	3.131743e-24	2.200397e-25
	1.938835e-26	2.238480e-27	3.339067e-28	6.057456e-29	1.233038e-29
	2.583363e-30	5.499611e-31	8.002998e-32	2.429335e-32	1.000000e-60
	1.000000e-60
massfraction-CHO
	1.000000e-60	8.366265e-19	2.059587e-18	3.710302e-18	5.801425e-18
	8.379676e-18	1.159630e-17	1.579422e-17	2.164179e-17	3.036736e-17
	4.420941e-17	6.729958e-17	1.073959e-16	1.792735e-16	3.113201e-16
	5.582522e-16	1.025309e-15	1.913479e-15	3.602155e-15	6.796195e-15
	1.277926e-14	2.383420e-14	4.391081e-14	7.963305e-14	1.417276e-13
	2.469045e-13	4.201091e-13	6.969271e-13	1.125777e-12	1.768701e-12
	2.698022e-12	3.984472e-12	5.674617e-12	7.774282e-12	1.026329e-11
	1.312405e-11	1.634659e-11	1.992615e-11	2.389112e-11	2.835087e-11
	3.352935e-11	3.978385e-11	4.762985e-11	5.778700e-11	7.128558e-11
	8.965782e-11	1.153219e-10	1.521876e-10	2.067139e-10	2.897945e-10
	4.203607e-10	6.317325e-10	9.806374e-10	1.555831e-09	2.480557e-09
	3.909039e-09	6.026186e-09	9.057613e-09	1.328446e-08	1.905046e-08
	2.676675e-08	3.691549e-08	5.005085e-08	6.678691e-08	8.775987e-08
	1.135981e-07	1.449355e-07	1.824042e-07	2.264907e-07	2.774130e-07
	3.352635e-07	4.002546e-07	4.727158e-07	5.529325e-07	6.411859e-07
	7.379807e-07	8.442093e-07	9.610778e-07	1.089819e-06	1.231399e-06
	1.386442e-06	1.555470e-06	1.739142e-06	1.937928e-06	2.151215e-06
	2.376592e-06	2.609941e-06	2.845794e-06	3.077124e-06	3.295060e-06
	3.489029e-06	3.646844e-06	3.754578e-06	3.796956e-06	3.759855e-06
	3.635057e-06	3.423470e-06	3.133571e-06	2.777324e-06	2.368316e-06
	1.923047e-06	1.464989e-06	1.028157e-06	6.539040e-07	3.767671e-07
	2.049928e-07	1.160203e-07	7.489000e-08	5.524413e-08	4.413662e-08
	3.667235e-08	3.110487e-08	2.668914e-08	2.300714e-08	1.976973e-08
	1.674727e-08	1.374724e-08	1.064108e-08	7.468098e-09	4.537138e-09
	2.284667e-09	9.197844e-10	2.915120e-10	7.465509e-11	1.619584e-11
	3.047273e-12	5.044378e-13	8.022608e-14	1.413535e-14	2.865377e-15
	6.514418e-16	1.650267e-16	4.589926e-17	1.358271e-17	4.119379e-18
	1.234604e-18	3.522738e-19	9.083637e-20	1.905047e-20	2.339062e-21
	1.000000e-60
massfraction-CH2
	1.000000e-60	5.559933e-22	1.145328e-21	1.769466e-21	2.437882e-21
	3.184544e-21	4.080055e-21	5.249842e-21	6.910661e-21	9.445319e-21
	1.355858e-20	2.060737e-20	3.331628e-20	5.736630e-20	1.050023e-19
	2.033689e-19	4.139986e-19	8.786085e-19	1.926537e-18	4.324615e-18
	9.849448e-18	2.257005e-17	5.164560e-17	1.172393e-16	2.625995e-16
	5.779148e-16	1.246005e-15	2.628070e-15	5.423790e-15	1.096683e-14
	2.175238e-14	4.231058e-14	8.048325e-14	1.493291e-13	2.708753e-13
	4.837861e-13	8.557387e-13	1.499422e-12	2.594071e-12	4.425624e-12
	7.470686e-12	1.255740e-11	2.115065e-11	3.584466e-11	6.126981e-11
	1.058720e-10	1.855657e-10	3.311219e-10	6.033647e-10	1.125056e-09
	2.150160e-09	4.212131e-09	8.410103e-09	1.686245e-08	3.324020e-08
	6.324057e-08	1.150214e-07	1.997632e-07	3.323178e-07	5.315555e-07
	8.204403e-07	1.225786e-06	1.777495e-06	2.506658e-06	3.441904e-06
	4.605752e-06	6.013312e-06	7.670793e-06	9.569118e-06	1.168066e-05
	1.396899e-05	1.640121e-05	1.894795e-05	2.157770e-05	2.425892e-05
	2.696646e-05	2.968303e-05	3.239304e-05	3.507334e-05	3.768813e-05
	4.019084e-05	4.253096e-05	4.465668e-05	4.650892e-05	4.801480e-05
	4.909169e-05	4.965929e-05	4.964767e-05	4.899943e-05	4.767360e-05
	4.564905e-05	4.292604e-05	3.953207e-05	3.554165e-05	3.110526e-05
	2.644877e-05	2.182095e-05	1.742655e-05	1.340010e-05	9.826742e-06
	6.769872e-06	4.289133e-06	2.431912e-06	1.196634e-06	4.975724e-07
	1.733732e-07	5.212875e-08	1.463100e-08	4.283828e-09	1.431708e-09
	5.581714e-10	2.459032e-10	1.172799e-10	5.855207e-11	2.985897e-11
	1.523849e-11	7.631212e-12	3.681136e-12	1.688356e-12	7.319672e-13
	2.979235e-13	1.121101e-13	3.870809e-14	1.253720e-14	3.941337e-15
	1.207699e-15	3.493857e-16	9.252946e-17	2.268984e-17	5.534386e-18
	1.489070e-18	4.740964e-19	1.800698e-19	7.905444e-20	3.838206e-20
	1.972578e-20	1.027893e-20	5.151491e-21	2.258670e-21	6.480646e-22
	1.000000e-60
massfraction-CH2O
	1.000000e-60	1.228737e-07	3.077040e-07	5.749113e-07	9.464169e-07
	1.446444e-06	2.100628e-06	2.934335e-06	3.971654e-06	5.234549e-06
	6.742268e-06	8.510962e-06	1.055354e-05	1.287964e-05	1.549584e-05
	1.840579e-05	2.161056e-05	2.510892e-05	2.889768e-05	3.297199e-05
	3.732568e-05	4.195158e-05	4.684181e-05	5.198818e-05	5.738273e-05
	6.301848e-05	6.889075e-05	7.499962e-05	8.135355e-05	8.796737e-05
	9.485245e-05	1.019991e-04	1.093589e-04	1.168695e-04	1.245192e-04
	1.323645e-04	1.404595e-04	1.487826e-04	1.572519e-04	1.658051e-04
	1.744524e-04	1.832623e-04	1.923123e-04	2.016464e-04	2.112861e-04
	2.212162e-04	2.314645e-04	2.420468e-04	2.529513e-04	2.641170e-04
	2.754321e-04	2.867063e-04	2.976042e-04	3.076351e-04	3.162914e-04
	3.232609e-04	3.285084e-04	3.321996e-04	3.345820e-04	3.359002e-04
	3.363611e-04	3.361263e-04	3.353199e-04	3.340407e-04	3.323752e-04
	3.304051e-04	3.282064e-04	3.258488e-04	3.234021e-04	3.209365e-04
	3.185092e-04	3.161556e-04	3.138967e-04	3.117477e-04	3.097175e-04
	3.078047e-04	3.059984e-04	3.042814e-04	3.026331e-04	3.010278e-04
	2.994279e-04	2.977745e-04	2.959789e-04	2.939156e-04	2.914200e-04
	2.882881e-04	2.842776e-04	2.791088e-04	2.724762e-04	2.640695e-04
	2.535900e-04	2.407658e-04	2.253883e-04	2.074100e-04	1.871014e-04
	1.651145e-04	1.423260e-04	1.195628e-04	9.744870e-05	7.646204e-05
	5.705986e-05	3.980561e-05	2.538788e-05	1.443004e-05	7.142257e-06
	3.049346e-06	1.145283e-06	4.002922e-07	1.407800e-07	5.326321e-08
	2.235721e-08	1.039318e-08	5.260685e-09	2.844946e-09	1.617088e-09
	9.529698e-10	5.758703e-10	3.545019e-10	2.224772e-10	1.432974e-10
	9.529849e-11	6.550890e-11	4.649793e-11	3.397950e-11	2.535733e-11
	1.904967e-11	1.413599e-11	1.016239e-11	6.972144e-12	4.540298e-12
	2.826717e-12	1.704770e-12	1.004944e-12	5.801643e-13	3.268329e-13
	1.784385e-13	9.345112e-14	4.603413e-14	2.033574e-14	6.858369e-15
	1.000000e-60
massfraction-CH3
	1.000000e-60	2.098570e-09	4.848729e-09	8.342853e-09	1.266049e-08
	1.789224e-08	2.413930e-08	3.150942e-08	4.012177e-08	5.011233e-08
	6.163962e-08	7.489031e-08	9.008509e-08	1.074845e-07	1.273952e-07
	1.501772e-07	1.762516e-07	2.061097e-07	2.403247e-07	2.795647e-07
	3.246093e-07	3.763699e-07	4.359151e-07	5.045041e-07	5.836299e-07
	6.750833e-07	7.810455e-07	9.042456e-07	1.048217e-06	1.217538e-06
	1.417907e-06	1.655845e-06	1.937915e-06	2.271058e-06	2.665676e-06
	3.138890e-06	3.713650e-06	4.414435e-06	5.265596e-06	6.296742e-06
	7.552444e-06	9.100513e-06	1.103662e-05	1.348721e-05	1.662075e-05
	2.066906e-05	2.597097e-05	3.301961e-05	4.252812e-05	5.552089e-05
	7.348097e-05	9.850888e-05	1.332772e-04	1.804963e-04	2.419103e-04
	3.175181e-04	4.055946e-04	5.033576e-04	6.077350e-04	7.158032e-04
	8.250063e-04	9.331056e-04	1.038016e-03	1.137643e-03	1.229817e-03
	1.312506e-03	1.384112e-03	1.443521e-03	1.489986e-03	1.523268e-03
	1.543818e-03	1.552556e-03	1.550521e-03	1.538725e-03	1.518142e-03
	1.489610e-03	1.453724e-03	1.410852e-03	1.361271e-03	1.305344e-03
	1.243575e-03	1.176501e-03	1.104574e-03	1.028249e-03	9.482651e-04
	8.657795e-04	7.821647e-04	6.987346e-04	6.167051e-04	5.372166e-04
	4.612443e-04	3.895651e-04	3.228550e-04	2.618837e-04	2.075923e-04
	1.607867e-04	1.216967e-04	8.985508e-05	6.437327e-05	4.431631e-05
	2.889189e-05	1.749066e-05	9.600139e-06	4.656138e-06	1.953970e-06
	7.055062e-07	2.242702e-07	6.638101e-08	1.971817e-08	6.284857e-09
	2.232193e-09	8.897863e-10	3.932411e-10	1.890539e-10	9.698060e-11
	5.214638e-11	2.893079e-11	1.636484e-11	9.388450e-12	5.462800e-12
	3.217319e-12	1.902690e-12	1.125151e-12	6.708569e-13	4.068184e-13
	2.491132e-13	1.508484e-13	8.850437e-14	4.989314e-14	2.727231e-14
	1.478508e-14	8.117322e-15	4.550642e-15	2.597995e-15	1.497380e-15
	8.611460e-16	4.865092e-16	2.629996e-16	1.286465e-16	4.801493e-17
	1.000000e-60
massfraction-CH4
	1.000000e-60	9.528572e-06	2.203154e-05	3.790318e-05	5.743271e-05
	8.089283e-05	1.085168e-04	1.404602e-04	1.768065e-04	2.175759e-04
	2.627379e-04	3.122237e-04	3.659379e-04	4.237683e-04	4.855937e-04
	5.512900e-04	6.207338e-04	6.938057e-04	7.703915e-04	8.503832e-04
	9.336789e-04	1.020184e-03	1.109810e-03	1.202481e-03	1.298133e-03
	1.396727e-03	1.498269e-03	1.602844e-03	1.710678e-03	1.822097e-03
	1.937364e-03	2.056388e-03	2.178445e-03	2.302585e-03	2.428706e-03
	2.557819e-03	2.690887e-03	2.827631e-03	2.966783e-03	3.107395e-03
	3.249706e-03	3.394917e-03	3.544385e-03	3.698927e-03	3.859018e-03
	4.024472e-03	4.195877e-03	4.373585e-03	4.557429e-03	4.746276e-03
	4.937817e-03	5.127802e-03	5.308452e-03	5.467957e-03	5.593233e-03
	5.674884e-03	5.709961e-03	5.700977e-03	5.653155e-03	5.572121e-03
	5.462661e-03	5.328394e-03	5.171998e-03	4.995727e-03	4.801987e-03
	4.593525e-03	4.373142e-03	4.143651e-03	3.908510e-03	3.671815e-03
	3.437086e-03	3.206419e-03	2.981035e-03	2.762045e-03	2.550340e-03
	2.346174e-03	2.149187e-03	1.958887e-03	1.775213e-03	1.598722e-03
	1.430341e-03	1.270838e-03	1.120586e-03	9.798481e-04	8.491994e-04
	7.294661e-04	6.212404e-04	5.245746e-04	4.391164e-04	3.642778e-04
	2.992638e-04	2.431532e-04	1.950464e-04	1.542170e-04	1.201386e-04
	9.229453e-05	6.998109e-05	5.230928e-05	3.837101e-05	2.740145e-05
	1.882875e-05	1.226185e-05	7.433194e-06	4.114781e-06	2.046390e-06
	9.082611e-07	3.642290e-07	1.368051e-07	5.073384e-08	1.958954e-08
	8.183543e-09	3.769639e-09	1.921196e-09	1.077875e-09	6.601833e-10
	4.373437e-10	3.104628e-10	2.340024e-10	1.853265e-10	1.521242e-10
	1.273017e-10	1.069045e-10	8.915181e-11	7.365462e-11	6.040058e-11
	4.907479e-11	3.916185e-11	3.033488e-11	2.259408e-11	1.614641e-11
	1.115059e-11	7.521079e-12	4.985949e-12	3.248836e-12	2.070814e-12
	1.280829e-12	7.595283e-13	4.223583e-13	2.093093e-13	7.838522e-14
	1.000000e-60
massfraction-C2H6
	1.000000e-60	1.074353e-06	2.686484e-06	5.011836e-06	8.238170e-06
	1.257273e-05	1.823476e-05	2.544137e-05	3.439931e-05	4.529833e-05
	5.830658e-05	7.356799e-05	9.120134e-05	1.113007e-04	1.339366e-04
	1.591582e-04	1.869953e-04	2.174607e-04	2.505525e-04	2.862559e-04
	3.245457e-04	3.653880e-04	4.087420e-04	4.545635e-04	5.028077e-04
	5.534370e-04	6.064317e-04	6.618128e-04	7.196756e-04	7.801725e-04
	8.434232e-04	9.093503e-04	9.775129e-04	1.047325e-03	1.118666e-03
	1.192044e-03	1.267943e-03	1.346134e-03	1.425805e-03	1.506310e-03
	1.587676e-03	1.670460e-03	1.755274e-03	1.842373e-03	1.931736e-03
	2.022922e-03	2.115765e-03	2.209800e-03	2.304034e-03	2.396636e-03
	2.484761e-03	2.564122e-03	2.628431e-03	2.669953e-03	2.681963e-03
	2.661568e-03	2.610301e-03	2.532516e-03	2.433331e-03	2.317381e-03
	2.188352e-03	2.049089e-03	1.901958e-03	1.749280e-03	1.593686e-03
	1.438052e-03	1.285116e-03	1.137363e-03	9.973127e-04	8.673237e-04
	7.488394e-04	6.421558e-04	5.469527e-04	4.627530e-04	3.889113e-04
	3.245404e-04	2.686219e-04	2.202109e-04	1.785612e-04	1.430970e-04
	1.132950e-04	8.858031e-05	6.832550e-05	5.192846e-05	3.886178e-05
	2.864819e-05	2.081917e-05	1.491916e-05	1.053926e-05	7.333833e-06
	5.018869e-06	3.368329e-06	2.208579e-06	1.409855e-06	8.749822e-07
	5.284499e-07	3.108331e-07	1.775085e-07	9.749187e-08	5.066810e-08
	2.434372e-08	1.049309e-08	3.919558e-09	1.225199e-09	3.122930e-10
	6.463577e-11	1.119052e-11	1.728298e-12	2.590552e-13	4.089352e-14
	7.223855e-15	1.477452e-15	3.539169e-16	9.911986e-17	3.221155e-17
	1.205039e-17	5.173257e-18	2.562176e-18	1.475682e-18	9.794469e-19
	7.219177e-19	5.623048e-19	4.444750e-19	3.489744e-19	2.704835e-19
	2.060821e-19	1.526678e-19	1.083566e-19	7.281855e-20	4.623453e-20
	2.802210e-20	1.645901e-20	9.459355e-21	5.329341e-21	2.931871e-21
	1.563932e-21	8.006867e-22	3.859028e-22	1.670251e-22	5.530810e-23
	1.000000e-60
massfraction-C2H
	1.000000e-60	1.262724e-30	1.037587e-29	3.406220e-29	8.571301e-29
	1.933137e-28	4.063666e-28	8.409436e-28	1.713971e-27	3.566126e-27
	7.649535e-27	1.710840e-26	4.017032e-26	9.931824e-26	2.582902e-25
	7.037285e-25	1.994851e-24	5.833249e-24	1.742848e-23	5.269286e-23
	1.597308e-22	4.814720e-22	1.432932e-21	4.186677e-21	1.195719e-20
	3.328482e-20	9.017384e-20	2.377723e-19	6.113151e-19	1.536788e-18
	3.786432e-18	9.143425e-18	2.156113e-17	4.946659e-17	1.107323e-16
	2.441718e-16	5.347047e-16	1.163335e-15	2.502451e-15	5.308242e-15
	1.114225e-14	2.332156e-14	4.904113e-14	1.040426e-13	2.230336e-13
	4.837264e-13	1.064358e-12	2.382824e-12	5.436022e-12	1.263066e-11
	2.983015e-11	7.126634e-11	1.701156e-10	3.966908e-10	8.797158e-10
	1.819828e-09	3.492664e-09	6.256736e-09	1.058280e-08	1.710077e-08
	2.665908e-08	4.038529e-08	5.973803e-08	8.652554e-08	1.228503e-07
	1.710125e-07	2.334502e-07	3.126191e-07	4.105409e-07	5.283140e-07
	6.662563e-07	8.244249e-07	1.002602e-06	1.199862e-06	1.414615e-06
	1.645122e-06	1.889753e-06	2.146570e-06	2.412424e-06	2.682275e-06
	2.949245e-06	3.205389e-06	3.442249e-06	3.650517e-06	3.819691e-06
	3.939023e-06	3.999424e-06	3.994681e-06	3.921729e-06	3.780770e-06
	3.575091e-06	3.310542e-06	2.995404e-06	2.641433e-06	2.265326e-06
	1.887452e-06	1.527032e-06	1.197499e-06	9.057690e-07	6.547543e-07
	4.458076e-07	2.801038e-07	1.581906e-07	7.790353e-08	3.251766e-08
	1.133926e-08	3.365775e-09	9.090140e-10	2.474202e-10	7.407939e-11
	2.509362e-11	9.429379e-12	3.806221e-12	1.606407e-12	6.940626e-13
	3.013099e-13	1.290901e-13	5.376299e-14	2.160811e-14	8.353439e-15
	3.051063e-15	1.007855e-15	2.898735e-16	7.412040e-17	1.801860e-17
	4.309308e-18	9.879618e-19	2.089964e-19	4.098185e-20	8.016222e-21
	1.753250e-21	4.646861e-22	1.507642e-22	5.770167e-23	2.468686e-23
	1.116194e-23	5.026198e-24	2.087946e-24	7.005609e-25	1.323958e-25
	1.000000e-60
massfraction-C2H2
	1.000000e-60	1.029743e-05	2.510257e-05	4.560392e-05	7.297578e-05
	1.084519e-04	1.532697e-04	2.085741e-04	2.753786e-04	3.545426e-04
	4.467619e-04	5.525713e-04	6.723556e-04	8.063652e-04	9.547337e-04
	1.117496e-03	1.294605e-03	1.485948e-03	1.691359e-03	1.910630e-03
	2.143520e-03	2.389768e-03	2.649096e-03	2.921230e-03	3.205911e-03
	3.502942e-03	3.812242e-03	4.133980e-03	4.468759e-03	4.817517e-03
	5.181006e-03	5.558864e-03	5.948674e-03	6.347236e-03	6.754032e-03
	7.172157e-03	7.604589e-03	8.050292e-03	8.504964e-03	8.965316e-03
	9.431946e-03	9.908627e-03	1.039967e-02	1.090763e-02	1.143393e-02
	1.197804e-02	1.254192e-02	1.312710e-02	1.373388e-02	1.436033e-02
	1.500239e-02	1.565253e-02	1.629600e-02	1.690930e-02	1.746613e-02
	1.794794e-02	1.834892e-02	1.867324e-02	1.892965e-02	1.912723e-02
	1.927337e-02	1.937296e-02	1.942832e-02	1.943960e-02	1.940544e-02
	1.932381e-02	1.919247e-02	1.900925e-02	1.877303e-02	1.848476e-02
	1.814676e-02	1.776102e-02	1.732905e-02	1.685285e-02	1.633470e-02
	1.577582e-02	1.517569e-02	1.453273e-02	1.384616e-02	1.311763e-02
	1.235118e-02	1.155169e-02	1.072334e-02	9.870807e-03	9.002073e-03
	8.129330e-03	7.266332e-03	6.425362e-03	5.616924e-03	4.850065e-03
	4.131656e-03	3.466293e-03	2.857405e-03	2.309128e-03	1.827022e-03
	1.415460e-03	1.074065e-03	7.969514e-04	5.752197e-04	4.000917e-04
	2.644058e-04	1.628838e-04	9.136485e-05	4.546632e-05	1.962544e-05
	7.292036e-06	2.391855e-06	7.432933e-07	2.421929e-07	8.980693e-08
	3.871258e-08	1.893761e-08	1.017103e-08	5.849869e-09	3.545521e-09
	2.241613e-09	1.470348e-09	1.000448e-09	7.094608e-10	5.260351e-10
	4.051182e-10	3.187791e-10	2.519981e-10	1.984138e-10	1.553313e-10
	1.203850e-10	9.129675e-11	6.674249e-11	4.647062e-11	3.072246e-11
	1.945495e-11	1.196150e-11	7.202781e-12	4.254095e-12	2.454455e-12
	1.373375e-12	7.372936e-13	3.721412e-13	1.682454e-13	5.794785e-14
	1.000000e-60
massfraction-CHCO
	1.000000e-60	4.075238e-06	9.421282e-06	1.620555e-05	2.455000e-05
	3.456889e-05	4.635890e-05	5.998280e-05	7.547163e-05	9.282878e-05
	1.120353e-04	1.330553e-04	1.558410e-04	1.803370e-04	2.064840e-04
	2.342210e-04	2.634874e-04	2.942242e-04	3.263747e-04	3.598848e-04
	3.947037e-04	4.307833e-04	4.680793e-04	5.065517e-04	5.461668e-04
	5.869018e-04	6.287514e-04	6.717444e-04	7.159664e-04	7.615432e-04
	8.085738e-04	8.570124e-04	9.065572e-04	9.568187e-04	1.007753e-03
	1.059766e-03	1.113240e-03	1.168056e-03	1.223704e-03	1.279805e-03
	1.336459e-03	1.394148e-03	1.453415e-03	1.514589e-03	1.577875e-03
	1.643222e-03	1.710915e-03	1.781186e-03	1.854134e-03	1.929607e-03
	2.007217e-03	2.086179e-03	2.164851e-03	2.240522e-03	2.310101e-03
	2.371391e-03	2.423712e-03	2.467599e-03	2.504157e-03	2.534559e-03
	2.559805e-03	2.580624e-03	2.597464e-03	2.610516e-03	2.619762e-03
	2.625059e-03	2.626201e-03	2.622948e-03	2.615075e-03	2.602470e-03
	2.585138e-03	2.563103e-03	2.536360e-03	2.504926e-03	2.468827e-03
	2.427994e-03	2.382188e-03	2.331019e-03	2.274075e-03	2.211053e-03
	2.141786e-03	2.066109e-03	1.983714e-03	1.894228e-03	1.797534e-03
	1.693981e-03	1.584240e-03	1.469049e-03	1.349214e-03	1.225711e-03
	1.099603e-03	9.720039e-04	8.442496e-04	7.183463e-04	5.973342e-04
	4.847987e-04	3.836699e-04	2.953627e-04	2.199278e-04	1.568196e-04
	1.054595e-04	6.548272e-05	3.654631e-05	1.777990e-05	7.333048e-06
	2.531350e-06	7.465085e-07	2.011716e-07	5.509850e-08	1.699522e-08
	6.173351e-09	2.593711e-09	1.210168e-09	6.057806e-10	3.177754e-10
	1.718893e-10	9.482373e-11	5.311642e-11	3.038674e-11	1.799705e-11
	1.116324e-11	7.268492e-12	4.936762e-12	3.440249e-12	2.399950e-12
	1.634579e-12	1.060588e-12	6.424805e-13	3.613702e-13	1.921264e-13
	1.001130e-13	5.284936e-14	2.869681e-14	1.602584e-14	9.128801e-15
	5.240787e-15	2.983004e-15	1.637449e-15	8.179854e-16	3.126915e-16
	1.000000e-60
massfraction-C3H3
	1.000000e-60	1.000000e-60	1.000000e-60	1.000000e-60	1.000000e-60
	1.000000e-60	1.000000e-60	1.000000e-60	1.000000e-60	1.000000e-60
	1.404235e-26	1.794182e-26	3.027177e-26	1.315978e-26	5.165833e-26
	2.393960e-25	8.206692e-25	2.765728e-24	9.673806e-24	3.453017e-23
	1.212279e-22	4.193538e-22	1.427185e-21	4.771657e-21	1.565901e-20
	5.040868e-20	1.592027e-19	4.937565e-19	1.507038e-18	4.539703e-18
	1.352556e-17	3.983110e-17	1.153470e-16	3.264326e-16	9.028674e-16
	2.459804e-15	6.650033e-15	1.782694e-14	4.706378e-14	1.217921e-13
	3.097372e-13	7.804836e-13	1.965897e-12	4.977363e-12	1.269890e-11
	3.268090e-11	8.506261e-11	2.246783e-10	6.033716e-10	1.645899e-09
	4.544565e-09	1.260648e-08	3.456738e-08	9.116854e-08	2.239816e-07
	5.005833e-07	1.009881e-06	1.850307e-06	3.120731e-06	4.918819e-06
	7.346500e-06	1.051638e-05	1.455416e-05	1.959279e-05	2.575589e-05
	3.314181e-05	4.181927e-05	5.181614e-05	6.307550e-05	7.542985e-05
	8.865085e-05	1.025131e-04	1.167882e-04	1.312111e-04	1.454938e-04
	1.593624e-04	1.725601e-04	1.848098e-04	1.957687e-04	2.050213e-04
	2.121181e-04	2.166308e-04	2.181759e-04	2.164178e-04	2.111142e-04
	2.022114e-04	1.899059e-04	1.746228e-04	1.569731e-04	1.377098e-04
	1.176493e-04	9.759617e-05	7.831353e-05	6.053457e-05	4.493852e-05
	3.200441e-05	2.185680e-05	1.427331e-05	8.841975e-06	5.121874e-06
	2.715867e-06	1.283147e-06	5.257080e-07	1.840107e-07	5.586573e-08
	1.534308e-08	3.908980e-09	9.112096e-10	1.920404e-10	3.711500e-11
	6.739543e-12	1.167426e-12	1.924065e-13	2.957368e-14	4.084214e-15
	4.780854e-16	4.361002e-17	2.790176e-18	1.139720e-19	3.045136e-21
	9.916228e-23	7.959476e-24	7.001101e-25	5.044165e-26	3.103224e-27
	1.655902e-28	7.459579e-30	2.969668e-31	1.205087e-32	5.517000e-34
	3.046642e-35	2.147059e-36	1.919360e-37	2.060109e-38	2.410864e-39
	2.827237e-40	3.176797e-41	2.284941e-42	2.347986e-43	1.000000e-60
	1.000000e-60
massfraction-C2H3
	1.000000e-60	2.148949e-18	4.764622e-18	7.919053e-18	1.174269e-17
	1.650776e-17	2.275484e-17	3.149639e-17	4.461184e-17	6.565855e-17
	1.016155e-16	1.667558e-16	2.915080e-16	5.432928e-16	1.076653e-15
	2.255900e-15	4.958030e-15	1.132207e-14	2.659029e-14	6.356447e-14
	1.531446e-13	3.684925e-13	8.783506e-13	2.059430e-12	4.720921e-12
	1.052600e-11	2.272931e-11	4.737666e-11	9.513405e-11	1.838615e-10
	3.417629e-10	6.101151e-10	1.043336e-09	1.706837e-09	2.680217e-09
	4.067822e-09	6.000422e-09	8.615678e-09	1.203679e-08	1.638154e-08
	2.179859e-08	2.849513e-08	3.673135e-08	4.678637e-08	5.894516e-08
	7.353116e-08	9.104381e-08	1.123770e-07	1.392550e-07	1.750127e-07
	2.259374e-07	3.033683e-07	4.265076e-07	6.249408e-07	9.386628e-07
	1.415128e-06	2.106258e-06	3.068096e-06	4.361253e-06	6.047895e-06
	8.186740e-06	1.082606e-05	1.399456e-05	1.768906e-05	2.186014e-05
	2.640743e-05	3.119006e-05	3.603688e-05	4.074710e-05	4.511054e-05
	4.895156e-05	5.215106e-05	5.463350e-05	5.635387e-05	5.729807e-05
	5.747912e-05	5.692474e-05	5.566824e-05	5.375114e-05	5.123329e-05
	4.819826e-05	4.474587e-05	4.097986e-05	3.700700e-05	3.294583e-05
	2.892519e-05	2.506405e-05	2.145236e-05	1.814902e-05	1.518574e-05
	1.256886e-05	1.028501e-05	8.310680e-06	6.622275e-06	5.200819e-06
	4.027171e-06	3.075500e-06	2.313175e-06	1.706646e-06	1.227463e-06
	8.539796e-07	5.705221e-07	3.645537e-07	2.232254e-07	1.319148e-07
	7.570802e-08	4.226915e-08	2.299745e-08	1.230745e-08	6.589201e-09
	3.588854e-09	2.008716e-09	1.156919e-09	6.815641e-10	4.057565e-10
	2.397171e-10	1.372768e-10	7.438951e-11	3.768409e-11	1.799127e-11
	8.169962e-12	3.457879e-12	1.315335e-12	4.496215e-13	1.454091e-13
	4.750698e-14	1.644739e-14	6.061624e-15	2.278925e-15	8.426927e-16
	3.062102e-16	1.106643e-16	3.988082e-17	1.420257e-17	4.916514e-18
	1.621019e-18	4.960664e-19	1.348602e-19	2.949795e-20	3.763096e-21
	1.000000e-60
massfraction-C2H4
	1.000000e-60	7.185559e-06	1.772424e-05	3.259691e-05	5.281094e-05
	7.944876e-05	1.136229e-04	1.563960e-04	2.087414e-04	2.715147e-04
	3.454376e-04	4.310919e-04	5.289221e-04	6.392435e-04	7.622548e-04
	8.980513e-04	1.046639e-03	1.207950e-03	1.381853e-03	1.568167e-03
	1.766670e-03	1.977112e-03	2.199224e-03	2.432730e-03	2.677369e-03
	2.932926e-03	3.199289e-03	3.476560e-03	3.765219e-03	4.066034e-03
	4.379616e-03	4.705612e-03	5.041902e-03	5.385688e-03	5.736492e-03
	6.096953e-03	6.469606e-03	6.853524e-03	7.244970e-03	7.641082e-03
	8.042340e-03	8.451942e-03	8.873516e-03	9.309154e-03	9.759891e-03
	1.022504e-02	1.070591e-02	1.120314e-02	1.171593e-02	1.224082e-02
	1.277129e-02	1.329579e-02	1.379381e-02	1.423478e-02	1.458551e-02
	1.482269e-02	1.493924e-02	1.494097e-02	1.483942e-02	1.464620e-02
	1.437024e-02	1.401741e-02	1.359134e-02	1.309518e-02	1.253347e-02
	1.191314e-02	1.124272e-02	1.053225e-02	9.794971e-03	9.047093e-03
	8.303463e-03	7.574337e-03	6.866821e-03	6.187168e-03	5.540355e-03
	4.928854e-03	4.352869e-03	3.811981e-03	3.306796e-03	2.839303e-03
	2.411897e-03	2.025915e-03	1.681139e-03	1.376658e-03	1.111758e-03
	8.856122e-04	6.963099e-04	5.405954e-04	4.144899e-04	3.138365e-04
	2.345315e-04	1.727585e-04	1.252020e-04	8.914677e-05	6.239283e-05
	4.302977e-05	2.931490e-05	1.972649e-05	1.305952e-05	8.444589e-06
	5.283380e-06	3.168398e-06	1.810646e-06	9.877416e-07	5.200717e-07
	2.680493e-07	1.362279e-07	6.831400e-08	3.398221e-08	1.700929e-08
	8.705792e-09	4.606128e-09	2.528304e-09	1.437591e-09	8.431834e-10
	5.074390e-10	3.120016e-10	1.960562e-10	1.269203e-10	8.558722e-11
	6.029065e-11	4.395043e-11	3.271493e-11	2.464151e-11	1.867725e-11
	1.412104e-11	1.049083e-11	7.529013e-12	5.151400e-12	3.348279e-12
	2.085327e-12	1.261486e-12	7.476864e-13	4.347973e-13	2.470581e-13
	1.361749e-13	7.203739e-14	3.584902e-14	1.599382e-14	5.443322e-15
	1.000000e-60
massfraction-C2H5
	1.000000e-60	9.463551e-11	2.361511e-10	4.396046e-10	7.210230e-10
	1.098037e-09	1.589241e-09	2.212982e-09	2.986688e-09	3.926322e-09
	5.046038e-09	6.357993e-09	7.872323e-09	9.597235e-09	1.153919e-08
	1.370319e-08	1.609302e-08	1.871168e-08	2.156177e-08	2.464587e-08
	2.796715e-08	3.152987e-08	3.534005e-08	3.940627e-08	4.374063e-08
	4.836006e-08	5.328810e-08	5.855803e-08	6.421742e-08	7.032852e-08
	7.696086e-08	8.417345e-08	9.199014e-08	1.004132e-07	1.094923e-07
	1.193577e-07	1.301441e-07	1.418790e-07	1.544647e-07	1.677702e-07
	1.817143e-07	1.962486e-07	2.112609e-07	2.264811e-07	2.415072e-07
	2.559086e-07	2.695683e-07	2.830708e-07	2.983894e-07	3.196985e-07
	3.540736e-07	4.119931e-07	5.077890e-07	6.598048e-07	8.893596e-07
	1.218665e-06	1.669123e-06	2.260405e-06	3.008777e-06	3.923377e-06
	5.002647e-06	6.231245e-06	7.577593e-06	8.992116e-06	1.040764e-05
	1.174609e-05	1.293001e-05	1.389151e-05	1.457794e-05	1.496060e-05
	1.503997e-05	1.483895e-05	1.439241e-05	1.374192e-05	1.293187e-05
	1.200410e-05	1.099439e-05	9.933280e-06	8.849437e-06	7.771683e-06
	6.727565e-06	5.739631e-06	4.823502e-06	3.989823e-06	3.246953e-06
	2.600599e-06	2.051374e-06	1.594267e-06	1.220731e-06	9.206189e-07
	6.831666e-07	4.979165e-07	3.555190e-07	2.481408e-07	1.692693e-07
	1.130844e-07	7.416710e-08	4.774884e-08	3.005356e-08	1.835966e-08
	1.079167e-08	6.064613e-09	3.265874e-09	1.714948e-09	9.063875e-10
	4.956068e-10	2.812772e-10	1.633910e-10	9.636024e-11	5.797964e-11
	3.591765e-11	2.301980e-11	1.523294e-11	1.032987e-11	7.097393e-12
	4.870726e-12	3.285288e-12	2.144870e-12	1.343076e-12	8.059329e-13
	4.628476e-13	2.500432e-13	1.220519e-13	5.189696e-14	1.948175e-14
	6.728968e-15	2.211188e-15	7.154128e-16	2.361430e-16	8.141458e-17
	2.961614e-17	1.134175e-17	4.514888e-18	1.836510e-18	7.505553e-19
	3.039862e-19	1.207319e-19	4.641455e-20	1.670951e-20	4.898024e-21
	1.000000e-60
massfraction-C3H4
	1.000000e-60	5.636359e-08	1.465072e-07	2.847092e-07	4.878469e-07
	7.759429e-07	1.171793e-06	1.699937e-06	2.385812e-06	3.254894e-06
	4.331923e-06	5.640253e-06	7.201363e-06	9.034518e-06	1.115657e-05
	1.358190e-05	1.632238e-05	1.938749e-05	2.278443e-05	2.651829e-05
	3.059217e-05	3.500745e-05	3.976398e-05	4.486045e-05	5.029483e-05
	5.606530e-05	6.217157e-05	6.861775e-05	7.541656e-05	8.258768e-05
	9.014722e-05	9.808771e-05	1.063570e-04	1.148837e-04	1.236523e-04
	1.327252e-04	1.421639e-04	1.519424e-04	1.619615e-04	1.721424e-04
	1.824919e-04	1.930873e-04	2.040180e-04	2.153345e-04	2.270586e-04
	2.391719e-04	2.517051e-04	2.646781e-04	2.780809e-04	2.918519e-04
	3.058801e-04	3.199791e-04	3.338097e-04	3.468568e-04	3.585658e-04
	3.685687e-04	3.767825e-04	3.833437e-04	3.884903e-04	3.924698e-04
	3.954972e-04	3.977401e-04	3.993206e-04	4.003228e-04	4.008050e-04
	4.008095e-04	4.003685e-04	3.995047e-04	3.982358e-04	3.965801e-04
	3.945517e-04	3.921502e-04	3.893593e-04	3.861536e-04	3.824978e-04
	3.783383e-04	3.735951e-04	3.681626e-04	3.619213e-04	3.547525e-04
	3.465468e-04	3.371945e-04	3.265733e-04	3.145626e-04	3.010948e-04
	2.862005e-04	2.700007e-04	2.526685e-04	2.344187e-04	2.155061e-04
	1.961945e-04	1.767319e-04	1.573607e-04	1.383726e-04	1.201545e-04
	1.031224e-04	8.757092e-05	7.357770e-05	6.103971e-05	4.978582e-05
	3.966169e-05	3.059013e-05	2.259695e-05	1.579129e-05	1.031077e-05
	6.229481e-06	3.476733e-06	1.812977e-06	9.050646e-07	4.456330e-07
	2.219292e-07	1.134983e-07	5.991928e-08	3.260852e-08	1.819749e-08
	1.033594e-08	5.927377e-09	3.414721e-09	1.980839e-09	1.166841e-09
	7.018575e-10	4.298448e-10	2.669311e-10	1.683177e-10	1.078924e-10
	6.965546e-11	4.438470e-11	2.731099e-11	1.599523e-11	8.906836e-12
	4.776430e-12	2.507293e-12	1.299645e-12	6.651725e-13	3.342107e-13
	1.634897e-13	7.705174e-14	3.433741e-14	1.382379e-14	4.293404e-15
	1.000000e-60
massfraction-C3H5
	1.000000e-60	5.478324e-09	1.434926e-08	2.811215e-08	4.857075e-08
	7.789447e-08	1.185870e-07	1.733829e-07	2.451580e-07	3.368335e-07
	4.512869e-07	5.912731e-07	7.593628e-07	9.578967e-07	1.188955e-06
	1.454343e-06	1.755582e-06	2.093918e-06	2.470327e-06	2.885533e-06
	3.340023e-06	3.834070e-06	4.367760e-06	4.941028e-06	5.553715e-06
	6.205665e-06	6.896889e-06	7.627883e-06	8.400116e-06	9.215848e-06
	1.007693e-05	1.098254e-05	1.192670e-05	1.290124e-05	1.390431e-05
	1.494302e-05	1.602435e-05	1.714527e-05	1.829434e-05	1.946244e-05
	2.065021e-05	2.186642e-05	2.312118e-05	2.442009e-05	2.576535e-05
	2.715449e-05	2.859036e-05	3.007421e-05	3.160321e-05	3.316745e-05
	3.474955e-05	3.632104e-05	3.783406e-05	3.922336e-05	4.043126e-05
	4.143941e-05	4.227260e-05	4.297499e-05	4.358530e-05	4.412490e-05
	4.459748e-05	4.499253e-05	4.528920e-05	4.545997e-05	4.547493e-05
	4.530720e-05	4.493715e-05	4.435479e-05	4.356343e-05	4.258220e-05
	4.144079e-05	4.017027e-05	3.880006e-05	3.735951e-05	3.587586e-05
	3.436998e-05	3.285501e-05	3.133945e-05	2.983176e-05	2.834244e-05
	2.688230e-05	2.545818e-05	2.407062e-05	2.271661e-05	2.139419e-05
	2.010379e-05	1.884539e-05	1.761633e-05	1.641287e-05	1.523195e-05
	1.407073e-05	1.292623e-05	1.179660e-05	1.068446e-05	9.600155e-06
	8.559154e-06	7.574110e-06	6.648415e-06	5.776233e-06	4.947617e-06
	4.153190e-06	3.388871e-06	2.659974e-06	1.983088e-06	1.384929e-06
	8.947185e-07	5.315682e-07	2.923449e-07	1.518926e-07	7.666551e-08
	3.855958e-08	1.965255e-08	1.022213e-08	5.427081e-09	2.928817e-09
	1.595794e-09	8.716890e-10	4.763255e-10	2.630134e-10	1.501318e-10
	9.063139e-11	5.834083e-11	3.969359e-11	2.798984e-11	2.003956e-11
	1.429503e-11	9.951604e-12	6.622495e-12	4.149418e-12	2.439768e-12
	1.361438e-12	7.333930e-13	3.856588e-13	1.984819e-13	9.961864e-14
	4.844218e-14	2.261686e-14	9.963322e-15	3.961686e-15	1.215839e-15
	1.000000e-60
massfraction-C3H6
	1.000000e-60	7.166250e-08	1.894895e-07	3.749898e-07	6.545928e-07
	1.060624e-06	1.631014e-06	2.407924e-06	3.436463e-06	4.763244e-06
	6.434955e-06	8.497066e-06	1.099273e-05	1.396193e-05	1.744086e-05
	2.146155e-05	2.605162e-05	3.123426e-05	3.702829e-05	4.344831e-05
	5.050491e-05	5.820502e-05	6.655226e-05	7.554755e-05	8.518996e-05
	9.547830e-05	1.064137e-04	1.180047e-04	1.302751e-04	1.432612e-04
	1.569928e-04	1.714563e-04	1.865558e-04	2.021588e-04	2.182334e-04
	2.348913e-04	2.522419e-04	2.702335e-04	2.886784e-04	3.074261e-04
	3.264821e-04	3.459819e-04	3.660815e-04	3.868620e-04	4.083476e-04
	4.304840e-04	4.532947e-04	4.767657e-04	5.007978e-04	5.251415e-04
	5.493593e-04	5.727055e-04	5.939063e-04	6.111198e-04	6.224020e-04
	6.265036e-04	6.232914e-04	6.135134e-04	5.982627e-04	5.785670e-04
	5.552129e-04	5.287509e-04	4.995879e-04	4.681049e-04	4.347667e-04
	4.001420e-04	3.648395e-04	3.294819e-04	2.947733e-04	2.614518e-04
	2.300821e-04	2.009537e-04	1.741863e-04	1.498419e-04	1.279167e-04
	1.083138e-04	9.086993e-05	7.541829e-05	6.183301e-05	5.002737e-05
	3.991872e-05	3.139330e-05	2.430373e-05	1.849541e-05	1.382525e-05
	1.015464e-05	7.335916e-06	5.215896e-06	3.650856e-06	2.515464e-06
	1.704641e-06	1.133883e-06	7.381277e-07	4.689596e-07	2.905885e-07
	1.758667e-07	1.040661e-07	6.003875e-08	3.347576e-08	1.777432e-08
	8.803780e-09	3.965796e-09	1.580217e-09	5.424161e-10	1.573633e-10
	3.841944e-11	8.052293e-12	1.521631e-12	2.785277e-13	5.334524e-14
	1.140044e-14	2.834838e-15	8.347267e-16	2.902486e-16	1.171474e-16
	5.355607e-17	2.710708e-17	1.503980e-17	9.282671e-18	6.589286e-18
	5.419434e-18	4.886280e-18	4.434066e-18	3.830477e-18	3.126800e-18
	2.436973e-18	1.815395e-18	1.280070e-18	8.438851e-19	5.170848e-19
	2.966072e-19	1.618086e-19	8.509553e-20	4.341901e-20	2.148977e-20
	1.027447e-20	4.710053e-21	2.036927e-21	7.957632e-22	2.403839e-22
	1.000000e-60
massfraction-N-C3H7
	1.000000e-60	9.285353e-12	2.458910e-11	4.873821e-11	8.521771e-11
	1.383014e-10	2.130166e-10	3.149671e-10	4.501637e-10	6.248333e-10
	8.452293e-10	1.117456e-09	1.447321e-09	1.840218e-09	2.301041e-09
	2.834127e-09	3.443224e-09	4.131478e-09	4.901427e-09	5.755014e-09
	6.693577e-09	7.717847e-09	8.827887e-09	1.002298e-08	1.130138e-08
	1.265978e-08	1.409235e-08	1.558892e-08	1.713149e-08	1.868597e-08
	2.018710e-08	2.151767e-08	2.249341e-08	2.287983e-08	2.244421e-08
	2.102740e-08	1.866886e-08	1.574989e-08	1.289293e-08	1.055796e-08
	8.821791e-09	7.547730e-09	6.594453e-09	5.873139e-09	5.330986e-09
	4.931962e-09	4.651691e-09	4.475325e-09	4.396888e-09	4.418255e-09
	4.549520e-09	4.809839e-09	5.225975e-09	5.825656e-09	6.628317e-09
	7.642251e-09	8.870400e-09	1.031389e-08	1.196453e-08	1.379162e-08
	1.573596e-08	1.771180e-08	1.961324e-08	2.132276e-08	2.272310e-08
	2.371457e-08	2.423066e-08	2.424421e-08	2.376949e-08	2.286262e-08
	2.160871e-08	2.009955e-08	1.842127e-08	1.665251e-08	1.486072e-08
	1.309712e-08	1.139673e-08	9.784215e-09	8.280302e-09	6.903948e-09
	5.669984e-09	4.585373e-09	3.648790e-09	2.854150e-09	2.193710e-09
	1.657786e-09	1.233178e-09	9.037541e-10	6.528475e-10	4.649264e-10
	3.262398e-10	2.252098e-10	1.525770e-10	1.012318e-10	6.575895e-11
	4.188861e-11	2.619587e-11	1.604353e-11	9.547211e-12	5.447380e-12
	2.924879e-12	1.443590e-12	6.377619e-13	2.455369e-13	8.065225e-14
	2.243814e-14	5.378485e-15	1.163238e-15	2.428093e-16	5.251129e-17
	1.246853e-17	3.379716e-18	1.069531e-18	3.999145e-19	1.776192e-19
	9.375529e-20	5.884585e-20	4.437727e-20	4.144543e-20	5.006044e-20
	8.004431e-20	1.647106e-19	3.239644e-19	3.748334e-19	3.098214e-19
	2.283316e-19	1.592372e-19	1.051404e-19	6.506473e-20	3.766548e-20
	2.064665e-20	1.090988e-20	5.622590e-21	2.834319e-21	1.392737e-21
	6.628619e-22	3.028968e-22	1.306557e-22	5.093003e-23	1.535542e-23
	1.000000e-60
massfraction-I-C3H7
	1.000000e-60	1.483911e-10	3.929643e-10	7.789020e-10	1.361912e-09
	2.210321e-09	3.404530e-09	5.034191e-09	7.195533e-09	9.988341e-09
	1.351297e-08	1.786758e-08	2.314592e-08	2.943552e-08	3.681650e-08
	4.536099e-08	5.513288e-08	6.618817e-08	7.857567e-08	9.233809e-08
	1.075135e-07	1.241370e-07	1.422433e-07	1.618691e-07	1.830562e-07
	2.058565e-07	2.303372e-07	2.565911e-07	2.847494e-07	3.149646e-07
	3.473413e-07	3.817958e-07	4.178714e-07	4.547241e-07	4.912989e-07
	5.261740e-07	5.568265e-07	5.790271e-07	5.872833e-07	5.762923e-07
	5.426419e-07	4.866430e-07	4.143637e-07	3.378590e-07	2.702730e-07
	2.182737e-07	1.807464e-07	1.537419e-07	1.341781e-07	1.202134e-07
	1.107588e-07	1.051942e-07	1.032209e-07	1.046871e-07	1.094036e-07
	1.170799e-07	1.274019e-07	1.400667e-07	1.546780e-07	1.706050e-07
	1.869521e-07	2.026275e-07	2.164516e-07	2.272765e-07	2.341255e-07
	2.363485e-07	2.337183e-07	2.264276e-07	2.150623e-07	2.005392e-07
	1.839054e-07	1.661147e-07	1.479573e-07	1.300826e-07	1.129853e-07
	9.698179e-08	8.223652e-08	6.882788e-08	5.680645e-08	4.621038e-08
	3.704597e-08	2.926370e-08	2.276234e-08	1.741898e-08	1.311139e-08
	9.715890e-09	7.098087e-09	5.117975e-09	3.644508e-09	2.563936e-09
	1.781310e-09	1.220487e-09	8.229198e-10	5.450718e-10	3.547310e-10
	2.272726e-10	1.435416e-10	8.915999e-11	5.404695e-11	3.155962e-11
	1.742985e-11	8.895744e-12	4.084837e-12	1.641505e-12	5.643896e-13
	1.646422e-13	4.143476e-14	9.414909e-15	2.061752e-15	4.651033e-16
	1.137888e-16	3.112635e-17	9.641225e-18	3.389861e-18	1.351541e-18
	6.117294e-19	3.174965e-19	1.937661e-19	1.429889e-19	1.209893e-19
	9.234330e-20	5.346394e-20	2.565308e-20	1.178701e-20	5.683127e-21
	2.947186e-21	1.613239e-21	9.023141e-22	4.994313e-22	2.669447e-22
	1.365647e-22	6.715968e-23	3.193617e-23	1.470328e-23	6.532889e-24
	2.787728e-24	1.136472e-24	4.380705e-25	1.545602e-25	4.340490e-26
	1.000000e-60
massfraction-C3H8
	1.000000e+00	9.990173e-01	9.976972e-01	9.959811e-01	9.938191e-01
	9.911615e-01	9.879621e-01	9.841830e-01	9.797953e-01	9.747786e-01
	9.691200e-01	9.628135e-01	9.558578e-01	9.482560e-01	9.400143e-01
	9.311410e-01	9.216459e-01	9.115399e-01	9.008348e-01	8.895424e-01
	8.776751e-01	8.652452e-01	8.522648e-01	8.387452e-01	8.246965e-01
	8.101256e-01	7.950332e-01	7.794082e-01	7.632184e-01	7.464163e-01
	7.289634e-01	7.108749e-01	6.922636e-01	6.732783e-01	6.539394e-01
	6.340958e-01	6.136033e-01	5.925079e-01	5.710095e-01	5.492595e-01
	5.272254e-01	5.047253e-01	4.815520e-01	4.575805e-01	4.327903e-01
	4.070982e-01	3.804566e-01	3.527864e-01	3.240644e-01	2.943717e-01
	2.638896e-01	2.329619e-01	2.022740e-01	1.729239e-01	1.461339e-01
	1.227401e-01	1.029536e-01	8.649575e-02	7.285972e-02	6.151357e-02
	5.198966e-02	4.391584e-02	3.701343e-02	3.108251e-02	2.598339e-02
	2.161184e-02	1.787893e-02	1.470686e-02	1.203335e-02	9.804394e-03
	7.962137e-03	6.445206e-03	5.198141e-03	4.175632e-03	3.339730e-03
	2.657286e-03	2.099966e-03	1.645033e-03	1.275171e-03	9.770559e-04
	7.395982e-04	5.527542e-04	4.073803e-04	2.956427e-04	2.111257e-04
	1.484518e-04	1.028983e-04	7.036087e-05	4.747424e-05	3.160371e-05
	2.073883e-05	1.338830e-05	8.478898e-06	5.255829e-06	3.189202e-06
	1.898929e-06	1.111597e-06	6.383038e-07	3.565399e-07	1.909573e-07
	9.608978e-08	4.427864e-08	1.814411e-08	6.414534e-09	1.908526e-09
	4.730119e-10	9.917767e-11	1.841010e-11	3.233349e-12	5.753709e-13
	1.093627e-13	2.288423e-14	5.324525e-15	1.373634e-15	3.891936e-16
	1.196576e-16	3.954878e-17	1.406580e-17	5.472187e-18	2.381501e-18
	1.169396e-18	6.394840e-19	3.803119e-19	2.402397e-19	1.577710e-19
	1.052643e-19	6.948367e-20	4.424176e-20	2.668469e-20	1.516830e-20
	8.208093e-21	4.297434e-21	2.199734e-21	1.103076e-21	5.397501e-22
	2.559848e-22	1.166192e-22	5.017163e-23	1.951240e-23	5.871669e-24
	1.000000e-60
V [kg/(s*m^2)]
	2.996656e-01	2.867652e-01	2.740487e-01	2.617292e-01	2.499461e-01
	2.387319e-01	2.280765e-01	2.179612e-01	2.083595e-01	1.992405e-01
	1.905696e-01	1.823110e-01	1.744290e-01	1.668884e-01	1.596560e-01
	1.527006e-01	1.459933e-01	1.395079e-01	1.332206e-01	1.271102e-01
	1.211576e-01	1.153459e-01	1.096601e-01	1.040867e-01	9.861328e-02
	9.322776e-02	8.791761e-02	8.266796e-02	7.745927e-02	7.226984e-02
	6.708355e-02	6.190135e-02	5.675049e-02	5.166403e-02	4.663757e-02
	4.162386e-02	3.658191e-02	3.151990e-02	2.648062e-02	2.149145e-02
	1.653583e-02	1.156500e-02	6.527308e-03	1.390690e-03	-3.859406e-03
	-9.237980e-03	-1.476957e-02	-2.048284e-02	-2.639867e-02	-3.252170e-02
	-3.884229e-02	-4.532382e-02	-5.186194e-02	-5.825936e-02	-6.427094e-02
	-6.970529e-02	-7.448514e-02	-7.863470e-02	-8.223476e-02	-8.538193e-02
	-8.816828e-02	-9.067167e-02	-9.295315e-02	-9.505752e-02	-9.701517e-02
	-9.884704e-02	-1.005703e-01	-1.021991e-01	-1.037410e-01	-1.051982e-01
	-1.065751e-01	-1.078812e-01	-1.091276e-01	-1.103229e-01	-1.114743e-01
	-1.125905e-01	-1.136821e-01	-1.147596e-01	-1.158308e-01	-1.168999e-01
	-1.179680e-01	-1.190367e-01	-1.201095e-01	-1.211902e-01	-1.222795e-01
	-1.233742e-01	-1.244701e-01	-1.255647e-01	-1.266575e-01	-1.277489e-01
	-1.288418e-01	-1.299414e-01	-1.310546e-01	-1.321867e-01	-1.333372e-01
	-1.345003e-01	-1.356721e-01	-1.368582e-01	-1.380769e-01	-1.393583e-01
	-1.407438e-01	-1.422850e-01	-1.440427e-01	-1.460851e-01	-1.484812e-01
	-1.512892e-01	-1.545310e-01	-1.581665e-01	-1.620892e-01	-1.661593e-01
	-1.702572e-01	-1.743155e-01	-1.783229e-01	-1.823099e-01	-1.863374e-01
	-1.904959e-01	-1.949050e-01	-1.996952e-01	-2.049602e-01	-2.107266e-01
	-2.170110e-01	-2.238914e-01	-2.314090e-01	-2.394197e-01	-2.477145e-01
	-2.563118e-01	-2.655326e-01	-2.758033e-01	-2.874186e-01	-3.003492e-01
	-3.141974e-01	-3.284689e-01	-3.428727e-01	-3.573496e-01	-3.719722e-01
	-3.868352e-01	-4.019952e-01	-4.174715e-01	-4.332380e-01	-4.491712e-01
	-4.651197e-01
density [kg/m^3]
	1.767629e+00	1.765034e+00	1.761576e+00	1.756982e+00	1.750923e+00
	1.742992e+00	1.732714e+00	1.719586e+00	1.703114e+00	1.682853e+00
	1.658458e+00	1.629725e+00	1.596622e+00	1.559299e+00	1.518086e+00
	1.473461e+00	1.426021e+00	1.376425e+00	1.325357e+00	1.273482e+00
	1.221411e+00	1.169684e+00	1.118756e+00	1.068991e+00	1.020668e+00
	9.739781e-01	9.290375e-01	8.858814e-01	8.444653e-01	8.047022e-01
	7.665317e-01	7.299979e-01	6.952890e-01	6.625758e-01	6.317542e-01
	6.024751e-01	5.744702e-01	5.477599e-01	5.225176e-01	4.988000e-01
	4.764477e-01	4.551859e-01	4.347732e-01	4.150837e-01	3.960555e-01
	3.776947e-01	3.599190e-01	3.426773e-01	3.259621e-01	3.098165e-01
	2.943135e-01	2.795722e-01	2.658175e-01	2.533782e-01	2.425562e-01
	2.334600e-01	2.259762e-01	2.198588e-01	2.148305e-01	2.106434e-01
	2.070967e-01	2.040375e-01	2.013536e-01	1.989651e-01	1.968176e-01
	1.948722e-01	1.930978e-01	1.914696e-01	1.899711e-01	1.885927e-01
	1.873238e-01	1.861502e-01	1.850577e-01	1.840359e-01	1.830766e-01
	1.821712e-01	1.813108e-01	1.804877e-01	1.796976e-01	1.789399e-01
	1.782167e-01	1.775307e-01	1.768840e-01	1.762796e-01	1.757233e-01
	1.752233e-01	1.747882e-01	1.744251e-01	1.741404e-01	1.739400e-01
	1.738297e-01	1.738158e-01	1.739061e-01	1.741097e-01	1.744342e-01
	1.748827e-01	1.754538e-01	1.761476e-01	1.769726e-01	1.779503e-01
	1.791180e-01	1.805311e-01	1.822627e-01	1.844042e-01	1.870625e-01
	1.903549e-01	1.943910e-01	1.992417e-01	2.049116e-01	2.113439e-01
	2.184669e-01	2.262453e-01	2.347193e-01	2.440175e-01	2.543758e-01
	2.661815e-01	2.800326e-01	2.967537e-01	3.172654e-01	3.424023e-01
	3.730414e-01	4.104249e-01	4.555379e-01	5.077267e-01	5.649939e-01
	6.262194e-01	6.920785e-01	7.633181e-01	8.383936e-01	9.122860e-01
	9.781827e-01	1.031514e+00	1.071699e+00	1.100617e+00	1.120798e+00
	1.134521e+00	1.143609e+00	1.149464e+00	1.153132e+00	1.155361e+00
	1.156679e+00
cp [J/m^3K]
	1.677129e+03	1.677388e+03	1.677829e+03	1.678601e+03	1.679915e+03
	1.682048e+03	1.685346e+03	1.690205e+03	1.697052e+03	1.706315e+03
	1.718396e+03	1.733638e+03	1.752302e+03	1.774543e+03	1.800406e+03
	1.829815e+03	1.862587e+03	1.898432e+03	1.936980e+03	1.977790e+03
	2.020374e+03	2.064213e+03	2.108776e+03	2.153533e+03	2.197970e+03
	2.241602e+03	2.283983e+03	2.324723e+03	2.363496e+03	2.400005e+03
	2.433922e+03	2.464829e+03	2.492222e+03	2.515698e+03	2.535142e+03
	2.550601e+03	2.562015e+03	2.569185e+03	2.571982e+03	2.570457e+03
	2.564724e+03	2.554794e+03	2.540535e+03	2.521744e+03	2.498339e+03
	2.467810e+03	2.429340e+03	2.385953e+03	2.337328e+03	2.283334e+03
	2.224085e+03	2.160133e+03	2.092954e+03	2.025294e+03	1.960631e+03
	1.901840e+03	1.850318e+03	1.806077e+03	1.768320e+03	1.735989e+03
	1.708055e+03	1.683648e+03	1.662093e+03	1.642900e+03	1.625730e+03
	1.610342e+03	1.596530e+03	1.584121e+03	1.572989e+03	1.563045e+03
	1.554178e+03	1.546248e+03	1.539114e+03	1.532664e+03	1.526802e+03
	1.521435e+03	1.516470e+03	1.511828e+03	1.507449e+03	1.503294e+03
	1.499338e+03	1.495556e+03	1.491916e+03	1.488390e+03	1.484959e+03
	1.481621e+03	1.478374e+03	1.475213e+03	1.472127e+03	1.469105e+03
	1.466133e+03	1.463187e+03	1.460245e+03	1.457286e+03	1.454305e+03
	1.451308e+03	1.448295e+03	1.445244e+03	1.442095e+03	1.438757e+03
	1.435109e+03	1.430992e+03	1.426212e+03	1.420540e+03	1.413725e+03
	1.405531e+03	1.395813e+03	1.384613e+03	1.372199e+03	1.358980e+03
	1.345344e+03	1.331538e+03	1.317632e+03	1.303559e+03	1.289140e+03
	1.274086e+03	1.258010e+03	1.240510e+03	1.221382e+03	1.200762e+03
	1.176661e+03	1.149484e+03	1.122297e+03	1.098070e+03	1.078341e+03
	1.062792e+03	1.050348e+03	1.040173e+03	1.031873e+03	1.025318e+03
	1.020407e+03	1.016902e+03	1.014472e+03	1.012810e+03	1.011680e+03
	1.010918e+03	1.010410e+03	1.010076e+03	1.009859e+03	1.009721e+03
	1.009633e+03
lambda [W/m]
	1.571348e-02	1.575379e-02	1.580495e-02	1.587058e-02	1.595541e-02
	1.606576e-02	1.620943e-02	1.639545e-02	1.663378e-02	1.693496e-02
	1.730970e-02	1.776847e-02	1.832109e-02	1.897642e-02	1.974203e-02
	2.062402e-02	2.162685e-02	2.275328e-02	2.400435e-02	2.537943e-02
	2.687629e-02	2.849125e-02	3.021938e-02	3.205473e-02	3.399060e-02
	3.602004e-02	3.813639e-02	4.033428e-02	4.261106e-02	4.496595e-02
	4.739659e-02	4.989295e-02	5.243187e-02	5.498644e-02	5.754833e-02
	6.013217e-02	6.275088e-02	6.539290e-02	6.802894e-02	7.063816e-02
	7.322305e-02	7.580302e-02	7.839832e-02	8.101777e-02	8.365930e-02
	8.627222e-02	8.884263e-02	9.145313e-02	9.410087e-02	9.677459e-02
	9.945646e-02	1.021183e-01	1.047083e-01	1.071472e-01	1.093514e-01
	1.112699e-01	1.128986e-01	1.142672e-01	1.154199e-01	1.164009e-01
	1.172484e-01	1.179931e-01	1.186582e-01	1.192606e-01	1.198120e-01
	1.203205e-01	1.207928e-01	1.212343e-01	1.216481e-01	1.220357e-01
	1.223987e-01	1.227398e-01	1.230618e-01	1.233668e-01	1.236561e-01
	1.239311e-01	1.241938e-01	1.244452e-01	1.246858e-01	1.249146e-01
	1.251294e-01	1.253280e-01	1.255081e-01	1.256667e-01	1.257999e-01
	1.259030e-01	1.259711e-01	1.260001e-01	1.259859e-01	1.259245e-01
	1.258120e-01	1.256438e-01	1.254144e-01	1.251181e-01	1.247515e-01
	1.243146e-01	1.238100e-01	1.232382e-01	1.225932e-01	1.218605e-01
	1.210160e-01	1.200262e-01	1.188492e-01	1.174363e-01	1.157375e-01
	1.137085e-01	1.113275e-01	1.086140e-01	1.056363e-01	1.024925e-01
	9.927357e-02	9.603701e-02	9.279988e-02	8.954753e-02	8.624134e-02
	8.282009e-02	7.920344e-02	7.531266e-02	7.111928e-02	6.667493e-02
	6.197433e-02	5.710635e-02	5.229645e-02	4.783259e-02	4.390903e-02
	4.051006e-02	3.750518e-02	3.480156e-02	3.240245e-02	3.037951e-02
	2.879572e-02	2.763762e-02	2.682730e-02	2.627345e-02	2.590002e-02
	2.565159e-02	2.548914e-02	2.538501e-02	2.531971e-02	2.527976e-02
	2.525581e-02
mu [kg/s^2m]
	8.255382e-06	8.265128e-06	8.279124e-06	8.298843e-06	8.326050e-06
	8.362931e-06	8.412085e-06	8.476421e-06	8.559062e-06	8.663226e-06
	8.792085e-06	8.948616e-06	9.135473e-06	9.354878e-06	9.608543e-06
	9.897637e-06	1.022278e-05	1.058409e-05	1.098123e-05	1.141348e-05
	1.187986e-05	1.237919e-05	1.291018e-05	1.347155e-05	1.406209e-05
	1.468082e-05	1.532710e-05	1.600096e-05	1.670350e-05	1.743670e-05
	1.820229e-05	1.899986e-05	1.982480e-05	2.067095e-05	2.153791e-05
	2.243313e-05	2.336407e-05	2.432977e-05	2.532224e-05	2.633556e-05
	2.737231e-05	2.844238e-05	2.955740e-05	3.072565e-05	3.195201e-05
	3.324170e-05	3.460266e-05	3.604373e-05	3.757141e-05	3.918753e-05
	4.088901e-05	4.266367e-05	4.447819e-05	4.627033e-05	4.796233e-05
	4.949205e-05	5.083247e-05	5.198839e-05	5.298265e-05	5.384339e-05
	5.459759e-05	5.526808e-05	5.587272e-05	5.642470e-05	5.693312e-05
	5.740443e-05	5.784392e-05	5.825595e-05	5.864307e-05	5.900635e-05
	5.934729e-05	5.966855e-05	5.997299e-05	6.026273e-05	6.053946e-05
	6.080507e-05	6.106179e-05	6.131164e-05	6.155580e-05	6.179438e-05
	6.202673e-05	6.225203e-05	6.246971e-05	6.267898e-05	6.287820e-05
	6.306482e-05	6.323617e-05	6.338996e-05	6.352430e-05	6.363745e-05
	6.372790e-05	6.379423e-05	6.383482e-05	6.384774e-05	6.383117e-05
	6.378432e-05	6.370767e-05	6.360194e-05	6.346653e-05	6.329845e-05
	6.309156e-05	6.283637e-05	6.252016e-05	6.212727e-05	6.164005e-05
	6.104040e-05	6.031408e-05	5.945711e-05	5.848064e-05	5.740849e-05
	5.626691e-05	5.507496e-05	5.383939e-05	5.255531e-05	5.120723e-05
	4.976809e-05	4.819917e-05	4.645798e-05	4.452059e-05	4.239946e-05
	4.012550e-05	3.772353e-05	3.525162e-05	3.283768e-05	3.060504e-05
	2.858244e-05	2.672690e-05	2.500647e-05	2.344299e-05	2.210065e-05
	2.103622e-05	2.025145e-05	1.969976e-05	1.932193e-05	1.906723e-05
	1.889816e-05	1.878808e-05	1.871800e-05	1.867451e-05	1.864829e-05
	1.863292e-05
mDot_C3H8 [kg/m^3s]
	0.000000e+00	-2.850480e-12	-6.710275e-12	-1.231282e-11	-2.082323e-11
	-3.414617e-11	-5.538330e-11	-8.961017e-11	-1.453075e-10	-2.369975e-10
	-3.901295e-10	-6.501865e-10	-1.099789e-09	-1.891060e-09	-3.307305e-09
	-5.881332e-09	-1.062401e-08	-1.946906e-08	-3.614502e-08	-6.789485e-08
	-1.288733e-07	-2.468288e-07	-4.760823e-07	-9.222177e-07	-1.787764e-06
	-3.454135e-06	-6.624224e-06	-1.256578e-05	-2.352555e-05	-4.342134e-05
	-7.894134e-05	-1.411038e-04	-2.470732e-04	-4.224874e-04	-7.065598e-04
	-1.162350e-03	-1.889918e-03	-3.037067e-03	-4.809952e-03	-7.500306e-03
	-1.154864e-02	-1.765163e-02	-2.691706e-02	-4.107835e-02	-6.283870e-02
	-9.649805e-02	-1.490673e-01	-2.321230e-01	-3.648371e-01	-5.789724e-01
	-9.273898e-01	-1.496810e+00	-2.419806e+00	-3.871816e+00	-6.040443e+00
	-9.084690e+00	-1.311882e+01	-1.822269e+01	-2.444290e+01	-3.176250e+01
	-4.006738e+01	-4.912475e+01	-5.857845e+01	-6.795980e+01	-7.672018e+01
	-8.430416e+01	-9.023817e+01	-9.418529e+01	-9.597318e+01	-9.562637e+01
	-9.335288e+01	-8.946352e+01	-8.430024e+01	-7.820890e+01	-7.151554e+01
	-6.449627e+01	-5.736579e+01	-5.029378e+01	-4.343104e+01	-3.692094e+01
	-3.088926e+01	-2.542423e+01	-2.057032e+01	-1.634273e+01	-1.274248e+01
	-9.754472e+00	-7.337901e+00	-5.428113e+00	-3.949717e+00	-2.827003e+00
	-1.989011e+00	-1.373301e+00	-9.281619e-01	-6.127232e-01	-3.949965e-01
	-2.491065e-01	-1.539014e-01	-9.293131e-02	-5.440674e-02	-3.045577e-02
	-1.597816e-02	-7.656788e-03	-3.251719e-03	-1.185212e-03	-3.605884e-04
	-9.026793e-05	-1.879667e-05	-3.393402e-06	-5.664221e-07	-9.364699e-08
	-1.619734e-08	-3.026450e-09	-6.174247e-10	-1.369904e-10	-3.263861e-11
	-8.202309e-12	-2.134365e-12	-5.689953e-13	-1.564767e-13	-4.533399e-14
	-1.404063e-14	-4.620912e-15	-1.598601e-15	-5.854820e-16	-2.306601e-16
	-9.693957e-17	-4.180710e-17	-1.768120e-17	-7.104395e-18	-2.690859e-18
	-9.756970e-19	-3.458896e-19	-1.209672e-19	-4.153271e-20	-1.380301e-20
	-4.356897e-21	-1.274266e-21	-3.308934e-22	-6.916738e-23	-8.417439e-24
	0.000000e+00
ScalarDissRate [1/s]
	7.699322e-05	1.496105e-04	4.591618e-04	1.316491e-03	3.503407e-03
	8.663382e-03	1.997514e-02	4.310443e-02	8.741408e-02	1.673240e-01
	3.036464e-01	5.246818e-01	8.668703e-01	1.374842e+00	2.100790e+00
	3.103165e+00	4.444764e+00	6.190344e+00	8.403891e+00	1.114573e+01
	1.446959e+01	1.841988e+01	2.302917e+01	2.831626e+01	3.428481e+01
	4.092308e+01	4.820491e+01	5.609291e+01	6.454371e+01	7.350551e+01
	8.290374e+01	9.261621e+01	1.024533e+02	1.122010e+02	1.217125e+02
	1.309182e+02	1.397267e+02	1.479552e+02	1.553829e+02	1.618489e+02
	1.672772e+02	1.716267e+02	1.748377e+02	1.768277e+02	1.774546e+02
	1.766385e+02	1.743125e+02	1.704241e+02	1.649927e+02	1.580588e+02
	1.497412e+02	1.402658e+02	1.300285e+02	1.196214e+02	1.097063e+02
	1.007828e+02	9.306372e+01	8.652150e+01	8.100196e+01	7.631808e+01
	7.229520e+01	6.878926e+01	6.568955e+01	6.291531e+01	6.041041e+01
	5.813459e+01	5.605507e+01	5.414480e+01	5.238603e+01	5.076790e+01
	4.927800e+01	4.789909e+01	4.661381e+01	4.540855e+01	4.427200e+01
	4.319230e+01	4.215670e+01	4.115335e+01	4.017360e+01	3.921278e+01
	3.826884e+01	3.733975e+01	3.642195e+01	3.551179e+01	3.460835e+01
	3.371405e+01	3.283212e+01	3.196415e+01	3.111025e+01	3.026973e+01
	2.944043e+01	2.861839e+01	2.779873e+01	2.697821e+01	2.615802e+01
	2.534291e+01	2.453629e+01	2.373518e+01	2.292856e+01	2.209911e+01
	2.122465e+01	2.027999e+01	1.923955e+01	1.808042e+01	1.678823e+01
	1.536466e+01	1.383797e+01	1.226684e+01	1.072856e+01	9.293473e+00
	8.003240e+00	6.868155e+00	5.876896e+00	5.009163e+00	4.243181e+00
	3.558815e+00	2.939780e+00	2.377011e+00	1.871929e+00	1.432477e+00
	1.063836e+00	7.637230e-01	5.287122e-01	3.552743e-01	2.341902e-01
	1.515161e-01	9.482514e-02	5.622424e-02	3.107680e-02	1.596780e-02
	7.732554e-03	3.599091e-03	1.629367e-03	7.187634e-04	3.075531e-04
	1.268908e-04	5.026557e-05	1.907086e-05	6.926874e-06	2.421197e-06
	1.320787e-06
ZBilger
	1.000000e+00	9.991914e-01	9.980889e-01	9.966389e-01	9.947951e-01
	9.925121e-01	9.897472e-01	9.864654e-01	9.826395e-01	9.782501e-01
	9.732849e-01	9.677376e-01	9.616067e-01	9.548948e-01	9.476075e-01
	9.397524e-01	9.313389e-01	9.223773e-01	9.128790e-01	9.028555e-01
	8.923187e-01	8.812805e-01	8.697527e-01	8.577464e-01	8.452714e-01
	8.323346e-01	8.189375e-01	8.050708e-01	7.907069e-01	7.758040e-01
	7.603288e-01	7.442954e-01	7.278041e-01	7.109872e-01	6.938630e-01
	6.762979e-01	6.581645e-01	6.395039e-01	6.204932e-01	6.012662e-01
	5.817942e-01	5.619162e-01	5.414494e-01	5.202835e-01	4.983940e-01
	4.757205e-01	4.522144e-01	4.278052e-01	4.024713e-01	3.762816e-01
	3.493916e-01	3.220963e-01	2.949875e-01	2.690147e-01	2.452360e-01
	2.243725e-01	2.066025e-01	1.916799e-01	1.791608e-01	1.685788e-01
	1.595219e-01	1.516599e-01	1.447435e-01	1.385933e-01	1.330859e-01
	1.281330e-01	1.236619e-01	1.196116e-01	1.159403e-01	1.126194e-01
	1.096154e-01	1.068852e-01	1.043866e-01	1.020858e-01	9.995455e-02
	9.796462e-02	9.608746e-02	9.429764e-02	9.257655e-02	9.091328e-02
	8.930185e-02	8.773657e-02	8.620952e-02	8.471318e-02	8.324500e-02
	8.180815e-02	8.040729e-02	7.904460e-02	7.772023e-02	7.643329e-02
	7.518079e-02	7.395716e-02	7.275552e-02	7.157124e-02	7.040537e-02
	6.926276e-02	6.814486e-02	6.704307e-02	6.593699e-02	6.479666e-02
	6.358349e-02	6.225105e-02	6.074621e-02	5.901085e-02	5.698881e-02
	5.463854e-02	5.195632e-02	4.899663e-02	4.586963e-02	4.270644e-02
	3.961316e-02	3.664842e-02	3.382547e-02	3.112902e-02	2.852799e-02
	2.598116e-02	2.344385e-02	2.088474e-02	1.831338e-02	1.578386e-02
	1.335390e-02	1.105629e-02	8.937858e-03	7.078026e-03	5.523588e-03
	4.245642e-03	3.181155e-03	2.288798e-03	1.561147e-03	1.005127e-03
	6.151233e-04	3.618359e-04	2.057441e-04	1.128602e-04	5.928774e-05
	2.956776e-05	1.391147e-05	6.160095e-06	2.546175e-06	8.839972e-07
	0.000000e+00
ScalarDissRateBilger [1/s]
	1.043746e-02	1.487472e-02	2.797848e-02	5.055228e-02	8.749899e-02
	1.453261e-01	2.322889e-01	3.583580e-01	5.351433e-01	7.757436e-01
	1.094555e+00	1.507059e+00	2.029624e+00	2.679309e+00	3.473703e+00
	4.430773e+00	5.568736e+00	6.905937e+00	8.460719e+00	1.025129e+01
	1.229559e+01	1.461110e+01	1.721475e+01	2.012279e+01	2.335076e+01
	2.691382e+01	3.082745e+01	3.510924e+01	3.978205e+01	4.487323e+01
	5.040709e+01	5.638871e+01	6.278485e+01	6.954040e+01	7.663729e+01
	8.411606e+01	9.201257e+01	1.002837e+02	1.088158e+02	1.175036e+02
	1.263054e+02	1.352285e+02	1.442725e+02	1.532877e+02	1.623273e+02
	1.712995e+02	1.798355e+02	1.877508e+02	1.947469e+02	2.004445e+02
	2.044091e+02	2.061870e+02	2.053958e+02	2.019157e+02	1.960578e+02
	1.884879e+02	1.799438e+02	1.709984e+02	1.619889e+02	1.530654e+02
	1.442623e+02	1.355633e+02	1.269472e+02	1.184167e+02	1.100139e+02
	1.018122e+02	9.389237e+01	8.633407e+01	7.922660e+01	7.265657e+01
	6.667004e+01	6.126094e+01	5.639691e+01	5.204164e+01	4.815404e+01
	4.468365e+01	4.157485e+01	3.877639e+01	3.624814e+01	3.396073e+01
	3.188991e+01	3.000988e+01	2.829135e+01	2.670568e+01	2.522955e+01
	2.384522e+01	2.253687e+01	2.128871e+01	2.008710e+01	1.892276e+01
	1.779058e+01	1.668941e+01	1.562330e+01	1.460402e+01	1.365236e+01
	1.279231e+01	1.204095e+01	1.140239e+01	1.086977e+01	1.043107e+01
	1.007248e+01	9.778702e+00	9.530077e+00	9.298620e+00	9.047695e+00
	8.739553e+00	8.350119e+00	7.880397e+00	7.353499e+00	6.799426e+00
	6.240931e+00	5.689473e+00	5.147768e+00	4.614266e+00	4.085981e+00
	3.559739e+00	3.033881e+00	2.512349e+00	2.009964e+00	1.549796e+00
	1.150739e+00	8.188553e-01	5.555027e-01	3.607681e-01	2.267044e-01
	1.379907e-01	8.004970e-02	4.317820e-02	2.121518e-02	9.441761e-03
	3.857904e-03	1.476433e-03	5.342209e-04	1.818694e-04	5.737211e-05
	1.644332e-05	4.204502e-06	9.519107e-07	1.980006e-07	4.524309e-08
	2.177708e-08
ChiAnalytOverChiStoich
	1.000000e-10	1.000000e-10	1.000000e-10	7.461860e-03	1.999014e-02
	3.779321e-02	6.264278e-02	9.664159e-02	1.421753e-01	2.018315e-01
	2.782936e-01	3.742209e-01	4.921253e-01	6.342568e-01	8.025034e-01
	9.983129e-01	1.222638e+00	1.475903e+00	1.758000e+00	2.068295e+00
	2.405660e+00	2.768515e+00	3.154886e+00	3.562464e+00	3.988693e+00
	4.430861e+00	4.886233e+00	5.352243e+00	5.826730e+00	6.307705e+00
	6.792542e+00	7.276793e+00	7.753360e+00	8.214632e+00	8.656548e+00
	9.078603e+00	9.479024e+00	9.851559e+00	1.018781e+01	1.048153e+01
	1.072974e+01	1.093043e+01	1.108009e+01	1.117296e+01	1.120209e+01
	1.116029e+01	1.104000e+01	1.083339e+01	1.053307e+01	1.013392e+01
	9.634818e+00	9.041386e+00	8.372108e+00	7.663233e+00	6.962815e+00
	6.313325e+00	5.738598e+00	5.243663e+00	4.821846e+00	4.462018e+00
	4.152645e+00	3.883734e+00	3.647400e+00	3.437813e+00	3.250877e+00
	3.083582e+00	2.933401e+00	2.798181e+00	2.676399e+00	2.566958e+00
	2.468618e+00	2.379831e+00	2.299102e+00	2.225243e+00	2.157257e+00
	2.094177e+00	2.035039e+00	1.979000e+00	1.925447e+00	1.874015e+00
	1.824500e+00	1.776710e+00	1.730387e+00	1.685294e+00	1.641344e+00
	1.598623e+00	1.557258e+00	1.517299e+00	1.478734e+00	1.441520e+00
	1.405556e+00	1.370669e+00	1.336653e+00	1.303370e+00	1.270844e+00
	1.239202e+00	1.208475e+00	1.178419e+00	1.148478e+00	1.117857e+00
	1.085563e+00	1.050436e+00	1.011206e+00	9.665620e-01	9.153739e-01
	8.570393e-01	7.920529e-01	7.223955e-01	6.512520e-01	5.819763e-01
	5.169806e-01	4.573603e-01	4.031363e-01	3.537611e-01	3.084639e-01
	2.664153e-01	2.268770e-01	1.894671e-01	1.544669e-01	1.226608e-01
	9.464558e-02	7.052242e-02	5.038330e-02	3.441378e-02	2.232498e-02
	1.326297e-02	6.329046e-03	9.528699e-04	1.000000e-10	1.000000e-10
	1.000000e-10	1.000000e-10	1.000000e-10	1.000000e-10	1.000000e-10
	1.000000e-10	1.000000e-10	1.000000e-10	1.000000e-10	1.000000e-10
	1.000000e-10
ChiKWOverChiKWStoich
	6.099776e-11	6.101015e-11	6.102671e-11	4.555374e-03	1.220958e-02
	2.309791e-02	3.831667e-02	5.917555e-02	8.717438e-02	1.239614e-01
	1.712775e-01	2.308924e-01	3.045384e-01	3.938466e-01	5.002904e-01
	6.251362e-01	7.694058e-01	9.338475e-01	1.118919e+00	1.324779e+00
	1.551289e+00	1.798022e+00	2.064281e+00	2.349127e+00	2.651418e+00
	2.969864e+00	3.303117e+00	3.649909e+00	4.009255e+00	4.380298e+00
	4.761698e+00	5.150644e+00	5.542018e+00	5.929946e+00	6.311237e+00
	6.685765e+00	7.052498e+00	7.406359e+00	7.739819e+00	8.046821e+00
	8.324270e+00	8.570348e+00	8.782098e+00	8.954315e+00	9.080330e+00
	9.152589e+00	9.163377e+00	9.104140e+00	8.965941e+00	8.740843e+00
	8.423560e+00	8.014029e+00	7.522898e+00	6.977054e+00	6.416616e+00
	5.880764e+00	5.394904e+00	4.968310e+00	4.599045e+00	4.280050e+00
	4.002917e+00	3.759921e+00	3.544775e+00	3.352760e+00	3.180548e+00
	3.025690e+00	2.886091e+00	2.759939e+00	2.645959e+00	2.543241e+00
	2.450711e+00	2.366983e+00	2.290697e+00	2.220766e+00	2.156275e+00
	2.096323e+00	2.040009e+00	1.986535e+00	1.935319e+00	1.886011e+00
	1.838411e+00	1.792331e+00	1.747517e+00	1.703730e+00	1.660878e+00
	1.619038e+00	1.578327e+00	1.538792e+00	1.500419e+00	1.463168e+00
	1.426937e+00	1.391553e+00	1.356806e+00	1.322554e+00	1.288825e+00
	1.255763e+00	1.223424e+00	1.191579e+00	1.159672e+00	1.126886e+00
	1.092186e+00	1.054360e+00	1.012090e+00	9.640431e-01	9.091107e-01
	8.467861e-01	7.777482e-01	7.042368e-01	6.297067e-01	5.577075e-01
	4.907239e-01	4.298229e-01	3.749470e-01	3.254647e-01	2.805393e-01
	2.393026e-01	2.010084e-01	1.652857e-01	1.324095e-01	1.031025e-01
	7.785809e-02	5.667254e-02	3.949747e-02	2.631400e-02	1.667023e-02
	9.687557e-03	4.528189e-03	6.685298e-04	6.890197e-11	6.782561e-11
	6.697525e-11	6.635045e-11	6.591238e-11	6.561286e-11	6.541111e-11
	6.527716e-11	6.518987e-11	6.513420e-11	6.509955e-11	6.507859e-11
	6.506622e-11
ChiKWFact
	6.099776e-01	6.101015e-01	6.102671e-01	6.104878e-01	6.107803e-01
	6.111658e-01	6.116694e-01	6.123197e-01	6.131471e-01	6.141825e-01
	6.154560e-01	6.169949e-01	6.188228e-01	6.209577e-01	6.234122e-01
	6.261927e-01	6.292999e-01	6.327296e-01	6.364729e-01	6.405178e-01
	6.448500e-01	6.494536e-01	6.543125e-01	6.594108e-01	6.647335e-01
	6.702679e-01	6.760047e-01	6.819402e-01	6.880798e-01	6.944360e-01
	7.010185e-01	7.078178e-01	7.147892e-01	7.218760e-01	7.290709e-01
	7.364310e-01	7.440110e-01	7.517957e-01	7.597141e-01	7.677144e-01
	7.758129e-01	7.840815e-01	7.926018e-01	8.014270e-01	8.105923e-01
	8.201035e-01	8.300158e-01	8.403778e-01	8.512186e-01	8.625332e-01
	8.742833e-01	8.863718e-01	8.985667e-01	9.104583e-01	9.215549e-01
	9.314844e-01	9.401083e-01	9.474884e-01	9.537936e-01	9.592184e-01
	9.639438e-01	9.681201e-01	9.718636e-01	9.752595e-01	9.783663e-01
	9.812258e-01	9.838720e-01	9.863332e-01	9.886266e-01	9.907606e-01
	9.927462e-01	9.946012e-01	9.963440e-01	9.979882e-01	9.995446e-01
	1.001025e+00	1.002442e+00	1.003808e+00	1.005127e+00	1.006401e+00
	1.007625e+00	1.008792e+00	1.009899e+00	1.010939e+00	1.011902e+00
	1.012770e+00	1.013529e+00	1.014165e+00	1.014665e+00	1.015018e+00
	1.015212e+00	1.015236e+00	1.015077e+00	1.014719e+00	1.014149e+00
	1.013364e+00	1.012369e+00	1.011167e+00	1.009747e+00	1.008077e+00
	1.006101e+00	1.003735e+00	1.000875e+00	9.973939e-01	9.931578e-01
	9.880366e-01	9.819398e-01	9.748631e-01	9.669172e-01	9.582993e-01
	9.492115e-01	9.397907e-01	9.300748e-01	9.200126e-01	9.094719e-01
	8.982316e-01	8.859795e-01	8.723715e-01	8.572033e-01	8.405495e-01
	8.226279e-01	8.036103e-01	7.839397e-01	7.646353e-01	7.467074e-01
	7.304211e-01	7.154615e-01	7.015961e-01	6.890197e-01	6.782561e-01
	6.697525e-01	6.635045e-01	6.591238e-01	6.561286e-01	6.541111e-01
	6.527716e-01	6.518987e-01	6.513420e-01	6.509955e-01	6.507859e-01
	6.506622e-01
MolarMass [kg/kmole]
	4.409000e+01	4.403907e+01	4.397691e+01	4.390244e+01	4.381488e+01
	4.371335e+01	4.359706e+01	4.346548e+01	4.331839e+01	4.315578e+01
	4.297790e+01	4.278516e+01	4.257812e+01	4.235742e+01	4.212380e+01
	4.187803e+01	4.162091e+01	4.135323e+01	4.107580e+01	4.078941e+01
	4.049482e+01	4.019278e+01	3.988400e+01	3.956915e+01	3.924884e+01
	3.892360e+01	3.859380e+01	3.825955e+01	3.792054e+01	3.757619e+01
	3.722619e+01	3.687131e+01	3.651414e+01	3.615773e+01	3.580255e+01
	3.544601e+01	3.508583e+01	3.472320e+01	3.436179e+01	3.400416e+01
	3.364973e+01	3.329564e+01	3.293888e+01	3.257795e+01	3.221101e+01
	3.184142e+01	3.146696e+01	3.108708e+01	3.070206e+01	3.031351e+01
	2.992416e+01	2.953848e+01	2.916462e+01	2.881484e+01	2.850188e+01
	2.823329e+01	2.800944e+01	2.782558e+01	2.767492e+01	2.755086e+01
	2.744785e+01	2.736156e+01	2.728885e+01	2.722749e+01	2.717595e+01
	2.713312e+01	2.709804e+01	2.706987e+01	2.704791e+01	2.703152e+01
	2.702000e+01	2.701264e+01	2.700879e+01	2.700794e+01	2.700963e+01
	2.701351e+01	2.701930e+01	2.702680e+01	2.703588e+01	2.704640e+01
	2.705821e+01	2.707118e+01	2.708523e+01	2.710027e+01	2.711621e+01
	2.713291e+01	2.715020e+01	2.716795e+01	2.718608e+01	2.720454e+01
	2.722333e+01	2.724250e+01	2.726217e+01	2.728240e+01	2.730318e+01
	2.732439e+01	2.734592e+01	2.736786e+01	2.739047e+01	2.741428e+01
	2.743993e+01	2.746824e+01	2.750004e+01	2.753611e+01	2.757698e+01
	2.762269e+01	2.767258e+01	2.772519e+01	2.777863e+01	2.783117e+01
	2.788176e+01	2.793007e+01	2.797635e+01	2.802117e+01	2.806524e+01
	2.810941e+01	2.815466e+01	2.820180e+01	2.825101e+01	2.830171e+01
	2.835323e+01	2.840541e+01	2.845770e+01	2.850828e+01	2.855537e+01
	2.859881e+01	2.863972e+01	2.867886e+01	2.871576e+01	2.874875e+01
	2.877614e+01	2.879738e+01	2.881319e+01	2.882471e+01	2.883304e+01
	2.883903e+01	2.884331e+01	2.884634e+01	2.884849e+01	2.885000e+01
	2.885106e+01
TotalEnthalpy [J/kg]
	-2.352410e+06	-2.352060e+06	-2.351566e+06	-2.350871e+06	-2.349901e+06
	-2.348558e+06	-2.346720e+06	-2.344245e+06	-2.340968e+06	-2.336716e+06
	-2.331304e+06	-2.324547e+06	-2.316263e+06	-2.306279e+06	-2.294436e+06
	-2.280589e+06	-2.264614e+06	-2.246407e+06	-2.225882e+06	-2.202979e+06
	-2.177657e+06	-2.149897e+06	-2.119700e+06	-2.087083e+06	-2.052082e+06
	-2.014739e+06	-1.975096e+06	-1.933177e+06	-1.888960e+06	-1.842386e+06
	-1.793436e+06	-1.742252e+06	-1.689278e+06	-1.635077e+06	-1.579859e+06
	-1.523349e+06	-1.465308e+06	-1.406054e+06	-1.346344e+06	-1.286780e+06
	-1.227450e+06	-1.168060e+06	-1.108295e+06	-1.048112e+06	-9.877664e+05
	-9.274064e+05	-8.673892e+05	-8.079843e+05	-7.496444e+05	-6.930609e+05
	-6.390857e+05	-5.887409e+05	-5.433256e+05	-5.042169e+05	-4.722545e+05
	-4.472480e+05	-4.281644e+05	-4.136737e+05	-4.025585e+05	-3.938741e+05
	-3.869400e+05	-3.812878e+05	-3.766027e+05	-3.726783e+05	-3.693817e+05
	-3.666248e+05	-3.643431e+05	-3.624881e+05	-3.610258e+05	-3.599286e+05
	-3.591656e+05	-3.587039e+05	-3.585148e+05	-3.585752e+05	-3.588657e+05
	-3.593710e+05	-3.600822e+05	-3.609967e+05	-3.621147e+05	-3.634344e+05
	-3.649497e+05	-3.666515e+05	-3.685300e+05	-3.705715e+05	-3.727499e+05
	-3.750204e+05	-3.773244e+05	-3.795960e+05	-3.817639e+05	-3.837507e+05
	-3.854759e+05	-3.868549e+05	-3.877949e+05	-3.881903e+05	-3.879313e+05
	-3.869258e+05	-3.851112e+05	-3.824338e+05	-3.788045e+05	-3.740561e+05
	-3.679038e+05	-3.599135e+05	-3.494825e+05	-3.358449e+05	-3.181545e+05
	-2.956989e+05	-2.683273e+05	-2.369143e+05	-2.034196e+05	-1.702635e+05
	-1.394317e+05	-1.120317e+05	-8.838153e+04	-6.835206e+04	-5.163960e+04
	-3.792441e+04	-2.698105e+04	-1.875812e+04	-1.334080e+04	-1.069397e+04
	-1.040740e+04	-1.166081e+04	-1.351755e+04	-1.507769e+04	-1.581337e+04
	-1.563851e+04	-1.464121e+04	-1.292714e+04	-1.066652e+04	-8.159082e+03
	-5.766546e+03	-3.738718e+03	-2.143602e+03	-9.373888e+02	-4.329747e+01
	6.101787e+02	1.080523e+03	1.413085e+03	1.643336e+03	1.798592e+03
	1.900584e+03
trailer
Lewis numbers evaluated at maximum consumption
N2	-1
O2	1.00748
@ Z = 0.0769384
H	0.169031
@ Z = 0.115758
OH	0.671168
@ Z = 0.0929216
O	0.657115
@ Z = 0.0833031
H2	0.278499
@ Z = 0.0678269
H2O	-1
HO2	1.0156
@ Z = 0.00421729
H2O2	0.996993
@ Z = 0.0410443
CO	1.00804
@ Z = 0.0594403
CO2	1.27781
@ Z = 0.117775
CH	0.609336
@ Z = 0.0699813
CHO	1.15443
@ Z = 0.0678269
CH2	0.88161
@ Z = 0.0736754
CH2O	1.16704
@ Z = 0.0719098
CH3	0.920819
@ Z = 0.0817033
CH4	0.927045
@ Z = 0.0962572
C2H6	1.33184
@ Z = 0.113825
C2H	1.19084
@ Z = 0.0753354
C2H2	1.20717
@ Z = 0.0833031
CHCO	0.811085
@ Z = 0.0769384
C3H3	1.6365
@ Z = 0.0801073
C2H3	1.2216
@ Z = 0.0896718
C2H4	1.21939
@ Z = 0.10309
C2H5	1.33129
@ Z = 0.0979531
C3H4	1.59614
@ Z = 0.0769384
C3H5	1.64054
@ Z = 0.0736754
C3H6	1.70815
@ Z = 0.10834
N-C3H7	1.72051
@ Z = 0.10309
I-C3H7	1.09164
@ Z = 0.448331
C3H8	1.6801
@ Z = 0.129799
Lewis numbers evaluated at maximum formation
N2	-1
O2	1.0335
@ Z = 0.00535599
H	0.168579
@ Z = 0.0769384
OH	0.663242
@ Z = 0.0678269
O	0.646797
@ Z = 0.0594403
H2	0.278535
@ Z = 0.113825
H2O	0.751218
@ Z = 0.0785213
HO2	0.999711
@ Z = 0.0100665
H2O2	0.992833
@ Z = 0.0266014
CO	1.02301
@ Z = 0.0833031
CO2	1.27767
@ Z = 0.0678269
CH	0.614684
@ Z = 0.084898
CHO	1.16357
@ Z = 0.0817033
CH2	0.88794
@ Z = 0.0896718
CH2O	1.17508
@ Z = 0.0864863
CH3	0.911772
@ Z = 0.117775
CH4	0.882295
@ Z = 0.139324
C2H6	1.2344
@ Z = 0.156465
C2H	1.19777
@ Z = 0.0912862
C2H2	1.19552
@ Z = 0.113825
CHCO	0.814499
@ Z = 0.10309
C3H3	1.64087
@ Z = 0.0979531
C2H3	1.21401
@ Z = 0.111957
C2H4	1.16386
@ Z = 0.139324
C2H5	1.30888
@ Z = 0.122136
C3H4	1.60278
@ Z = 0.0979531
C3H5	1.61041
@ Z = 0.127062
C3H6	1.60926
@ Z = 0.14707
N-C3H7	1.67323
@ Z = 0.129799
I-C3H7	1.0265
@ Z = 0.562673
C3H8	-1
Lewis numbers evaluated at maximum mass fraction
N2	0.921364
@ Z = 6.88442e-06
O2	1.05238
@ Z = 6.88442e-06
H	0.167598
@ Z = 0.0699813
OH	0.659269
@ Z = 0.0594403
O	0.642208
@ Z = 0.0483559
H2	0.267581
@ Z = 0.139324
H2O	0.754875
@ Z = 0.0996598
HO2	0.995253
@ Z = 0.0121211
H2O2	0.992897
@ Z = 0.0240882
CO	1.02204
@ Z = 0.10657
CO2	1.29059
@ Z = 0.0833031
CH	0.615
@ Z = 0.0864863
CHO	1.16429
@ Z = 0.0833031
CH2	0.888292
@ Z = 0.0945788
CH2O	1.07435
@ Z = 0.162043
CH3	0.906875
@ Z = 0.122136
CH4	0.78127
@ Z = 0.195441
C2H6	1.08012
@ Z = 0.223729
C2H	1.19788
@ Z = 0.0945788
C2H2	1.13025
@ Z = 0.14707
CHCO	0.785552
@ Z = 0.13591
C3H3	1.63968
@ Z = 0.101372
C2H3	1.21213
@ Z = 0.113825
C2H4	1.05632
@ Z = 0.18478
C2H5	1.30451
@ Z = 0.124516
C3H4	1.52905
@ Z = 0.139324
C3H5	1.56257
@ Z = 0.143027
C3H6	1.41706
@ Z = 0.208314
N-C3H7	1.66449
@ Z = 0.132744
I-C3H7	1.01638
@ Z = 0.585459
C3H8	0.819282
@ Z = 0.999931
