header

title = "planar counterflow diffusion flame"
author = ""
date = "Thu Jul 11 20:13:53 2013"

fuel = "C3H8"
pressure = 1 [bar]
strainrate = 700 [1/s]
chiStoichAnal = 19.8308 [1/s]
chiStoichAnalKW = 30.0009 [1/s]
FlameLocZ = 0.0859231 [K]
FlameLocBilger = 0.0733743 [K]
Tmax = 1774.12 [K]
stoichScalarDissRate = 30.6044 [1/s]
stoichScalarDissRateBilger = 19.9838 [1/s]

OxidizerSide
begin
	Temperature = 300 [K]
	Massfraction-N2 = 0.76708
	Massfraction-O2 = 0.23292
	Molefraction-N2 = 0.79
	Molefraction-O2 = 0.21
end

FuelSide
begin
	Temperature = 300 [K]
	Massfraction-C3H8 = 1
	Molefraction-C3H8 = 1
end

numOfSpecies = 31
gridPoints = 141

body
eta
	0.000000e+00	1.839536e-01	3.652772e-01	5.409514e-01	7.089752e-01
	8.688343e-01	1.020595e+00	1.164441e+00	1.300651e+00	1.429567e+00
	1.551575e+00	1.667081e+00	1.776495e+00	1.880218e+00	1.978638e+00
	2.072115e+00	2.160991e+00	2.245581e+00	2.326178e+00	2.403054e+00
	2.476459e+00	2.546621e+00	2.613755e+00	2.678058e+00	2.739717e+00
	2.798912e+00	2.855818e+00	2.910618e+00	2.963514e+00	3.014726e+00
	3.064491e+00	3.112947e+00	3.159979e+00	3.205301e+00	3.248780e+00
	3.290637e+00	3.331362e+00	3.371436e+00	3.411063e+00	3.450103e+00
	3.488280e+00	3.525511e+00	3.561998e+00	3.598066e+00	3.633978e+00
	3.669885e+00	3.705894e+00	3.742134e+00	3.778747e+00	3.815828e+00
	3.853388e+00	3.891244e+00	3.928849e+00	3.965270e+00	3.999422e+00
	4.030448e+00	4.057945e+00	4.081981e+00	4.102971e+00	4.121470e+00
	4.138007e+00	4.153011e+00	4.166800e+00	4.179592e+00	4.191522e+00
	4.202682e+00	4.213142e+00	4.222947e+00	4.232100e+00	4.240605e+00
	4.248516e+00	4.255941e+00	4.263000e+00	4.269791e+00	4.276380e+00
	4.282813e+00	4.289124e+00	4.295352e+00	4.301531e+00	4.307689e+00
	4.313842e+00	4.320010e+00	4.326220e+00	4.332516e+00	4.338947e+00
	4.345545e+00	4.352312e+00	4.359222e+00	4.366235e+00	4.373314e+00
	4.380434e+00	4.387606e+00	4.394879e+00	4.402300e+00	4.409860e+00
	4.417503e+00	4.425183e+00	4.432913e+00	4.440775e+00	4.448907e+00
	4.457491e+00	4.466739e+00	4.476896e+00	4.488243e+00	4.501107e+00
	4.515860e+00	4.532874e+00	4.552431e+00	4.574608e+00	4.599214e+00
	4.625781e+00	4.653707e+00	4.682555e+00	4.712268e+00	4.743205e+00
	4.776009e+00	4.811510e+00	4.850617e+00	4.894128e+00	4.942673e+00
	4.997031e+00	5.058453e+00	5.128060e+00	5.205667e+00	5.289784e+00
	5.379344e+00	5.475335e+00	5.580749e+00	5.699279e+00	5.832949e+00
	5.980001e+00	6.135757e+00	6.295687e+00	6.457681e+00	6.621994e+00
	6.789590e+00	6.961114e+00	7.136805e+00	7.316329e+00	7.498074e+00
	7.680054e+00
y [m]
	-1.202648e-03	-1.184374e-03	-1.166332e-03	-1.148814e-03	-1.132008e-03
	-1.115958e-03	-1.100643e-03	-1.086030e-03	-1.072076e-03	-1.058729e-03
	-1.045931e-03	-1.033623e-03	-1.021743e-03	-1.010232e-03	-9.990326e-04
	-9.880926e-04	-9.773623e-04	-9.667967e-04	-9.563551e-04	-9.460012e-04
	-9.357027e-04	-9.254310e-04	-9.151610e-04	-9.048702e-04	-8.945381e-04
	-8.841453e-04	-8.736720e-04	-8.630958e-04	-8.523884e-04	-8.415129e-04
	-8.304235e-04	-8.190904e-04	-8.075442e-04	-7.958683e-04	-7.841219e-04
	-7.722720e-04	-7.601962e-04	-7.477516e-04	-7.348604e-04	-7.215541e-04
	-7.079218e-04	-6.940004e-04	-6.797199e-04	-6.649466e-04	-6.495520e-04
	-6.334386e-04	-6.165167e-04	-5.986740e-04	-5.797790e-04	-5.597093e-04
	-5.383793e-04	-5.158194e-04	-4.923135e-04	-4.684733e-04	-4.451334e-04
	-4.230877e-04	-4.028717e-04	-3.846754e-04	-3.683844e-04	-3.537192e-04
	-3.403668e-04	-3.280561e-04	-3.165803e-04	-3.057974e-04	-2.956236e-04
	-2.860073e-04	-2.769075e-04	-2.683042e-04	-2.602095e-04	-2.526349e-04
	-2.455439e-04	-2.388502e-04	-2.324528e-04	-2.262683e-04	-2.202400e-04
	-2.143301e-04	-2.085075e-04	-2.027402e-04	-1.969975e-04	-1.912555e-04
	-1.854983e-04	-1.797103e-04	-1.738663e-04	-1.679261e-04	-1.618441e-04
	-1.555897e-04	-1.491630e-04	-1.425915e-04	-1.359135e-04	-1.291675e-04
	-1.223810e-04	-1.155475e-04	-1.086232e-04	-1.015693e-04	-9.439846e-05
	-8.716910e-05	-7.993066e-05	-7.267555e-05	-6.533237e-05	-5.777890e-05
	-4.985706e-05	-4.138491e-05	-3.215952e-05	-2.195676e-05	-1.052669e-05
	2.397788e-06	1.705424e-05	3.357026e-05	5.187010e-05	7.163924e-05
	9.235442e-05	1.134277e-04	1.344446e-04	1.552984e-04	1.761628e-04
	1.973548e-04	2.192267e-04	2.420748e-04	2.660148e-04	2.909690e-04
	3.168475e-04	3.436731e-04	3.712889e-04	3.990308e-04	4.260225e-04
	4.518595e-04	4.768763e-04	5.018379e-04	5.274910e-04	5.541256e-04
	5.813823e-04	6.085991e-04	6.353210e-04	6.615283e-04	6.875196e-04
	7.136253e-04	7.400686e-04	7.669711e-04	7.943409e-04	8.219743e-04
	8.495976e-04
f
	-3.450188e+00	-3.301348e+00	-3.154580e+00	-3.012299e+00	-2.876090e+00
	-2.746332e+00	-2.622922e+00	-2.505656e+00	-2.394248e+00	-2.288352e+00
	-2.187586e+00	-2.091547e+00	-1.999831e+00	-1.912041e+00	-1.827800e+00
	-1.746755e+00	-1.668577e+00	-1.592966e+00	-1.519651e+00	-1.448386e+00
	-1.378952e+00	-1.311153e+00	-1.244817e+00	-1.179790e+00	-1.115932e+00
	-1.053114e+00	-9.912081e-01	-9.300770e-01	-8.695593e-01	-8.094569e-01
	-7.495405e-01	-6.896850e-01	-6.300903e-01	-5.712057e-01	-5.133210e-01
	-4.562551e-01	-3.994224e-01	-3.421950e-01	-2.842982e-01	-2.259667e-01
	-1.676651e-01	-1.095977e-01	-5.151882e-02	7.043324e-03	6.648891e-02
	1.270547e-01	1.889128e-01	2.522822e-01	3.174082e-01	3.844587e-01
	4.534425e-01	5.239863e-01	5.949891e-01	6.645427e-01	7.303759e-01
	7.906226e-01	8.443103e-01	8.914283e-01	9.326930e-01	9.691310e-01
	1.001749e+00	1.031368e+00	1.058601e+00	1.083870e+00	1.107436e+00
	1.129473e+00	1.150120e+00	1.169461e+00	1.187504e+00	1.204257e+00
	1.219827e+00	1.234428e+00	1.248296e+00	1.261624e+00	1.274544e+00
	1.287142e+00	1.299490e+00	1.311659e+00	1.323719e+00	1.335720e+00
	1.347698e+00	1.359686e+00	1.371738e+00	1.383936e+00	1.396373e+00
	1.409113e+00	1.422152e+00	1.435437e+00	1.448892e+00	1.462442e+00
	1.476037e+00	1.489697e+00	1.503513e+00	1.517569e+00	1.531848e+00
	1.546240e+00	1.560655e+00	1.575116e+00	1.589774e+00	1.604880e+00
	1.620763e+00	1.637800e+00	1.656422e+00	1.677108e+00	1.700409e+00
	1.726926e+00	1.757230e+00	1.791690e+00	1.830284e+00	1.872499e+00
	1.917369e+00	1.963753e+00	2.010837e+00	2.058462e+00	2.107118e+00
	2.157691e+00	2.211260e+00	2.268914e+00	2.331460e+00	2.399367e+00
	2.473218e+00	2.554115e+00	2.642857e+00	2.738598e+00	2.839137e+00
	2.943091e+00	3.051562e+00	3.167794e+00	3.295599e+00	3.436917e+00
	3.589869e+00	3.749860e+00	3.912662e+00	4.076532e+00	4.242041e+00
	4.410376e+00	4.582338e+00	4.758270e+00	4.937910e+00	5.119697e+00
	5.301677e+00
df/deta
	8.089298e-01	8.091137e-01	8.094257e-01	8.099163e-01	8.106493e-01
	8.117067e-01	8.131895e-01	8.152155e-01	8.179157e-01	8.214296e-01
	8.258993e-01	8.314637e-01	8.382519e-01	8.463786e-01	8.559392e-01
	8.670076e-01	8.796337e-01	8.938444e-01	9.096435e-01	9.270141e-01
	9.459199e-01	9.663084e-01	9.881132e-01	1.011257e+00	1.035656e+00
	1.061221e+00	1.087866e+00	1.115513e+00	1.144101e+00	1.173597e+00
	1.203994e+00	1.235240e+00	1.267112e+00	1.299242e+00	1.331334e+00
	1.363356e+00	1.395516e+00	1.428057e+00	1.461025e+00	1.494175e+00
	1.527128e+00	1.559655e+00	1.591778e+00	1.623635e+00	1.655303e+00
	1.686746e+00	1.717874e+00	1.748589e+00	1.778771e+00	1.808217e+00
	1.836617e+00	1.863487e+00	1.888119e+00	1.909712e+00	1.927663e+00
	1.941824e+00	1.952508e+00	1.960304e+00	1.965862e+00	1.969749e+00
	1.972390e+00	1.974083e+00	1.975035e+00	1.975388e+00	1.975249e+00
	1.974703e+00	1.973821e+00	1.972667e+00	1.971299e+00	1.969775e+00
	1.968138e+00	1.966407e+00	1.964587e+00	1.962675e+00	1.960668e+00
	1.958565e+00	1.956363e+00	1.954056e+00	1.951635e+00	1.949093e+00
	1.946422e+00	1.943616e+00	1.940659e+00	1.937530e+00	1.934195e+00
	1.930631e+00	1.926826e+00	1.922788e+00	1.918532e+00	1.914079e+00
	1.909443e+00	1.904617e+00	1.899568e+00	1.894259e+00	1.888693e+00
	1.882908e+00	1.876944e+00	1.870794e+00	1.864394e+00	1.857629e+00
	1.850337e+00	1.842319e+00	1.833333e+00	1.823091e+00	1.811247e+00
	1.797395e+00	1.781121e+00	1.762091e+00	1.740195e+00	1.715641e+00
	1.688977e+00	1.660943e+00	1.632144e+00	1.602811e+00	1.572780e+00
	1.541653e+00	1.508952e+00	1.474269e+00	1.437483e+00	1.398820e+00
	1.358603e+00	1.317077e+00	1.274903e+00	1.233655e+00	1.195235e+00
	1.160711e+00	1.130019e+00	1.102624e+00	1.078251e+00	1.057213e+00
	1.040124e+00	1.027192e+00	1.017955e+00	1.011585e+00	1.007277e+00
	1.004412e+00	1.002548e+00	1.001370e+00	1.000650e+00	1.000231e+00
	1.000000e+00
Z
	1.000000e+00	9.999309e-01	9.998094e-01	9.996057e-01	9.992804e-01
	9.987822e-01	9.980477e-01	9.970032e-01	9.955666e-01	9.936507e-01
	9.911663e-01	9.880259e-01	9.841468e-01	9.794540e-01	9.738818e-01
	9.673759e-01	9.598940e-01	9.514058e-01	9.418931e-01	9.313496e-01
	9.197795e-01	9.071978e-01	8.936283e-01	8.791029e-01	8.636600e-01
	8.473423e-01	8.301939e-01	8.122558e-01	7.935595e-01	7.741205e-01
	7.539385e-01	7.330434e-01	7.115823e-01	6.898061e-01	6.679211e-01
	6.459577e-01	6.237796e-01	6.012211e-01	5.782496e-01	5.550354e-01
	5.318434e-01	5.088344e-01	4.859892e-01	4.632006e-01	4.403969e-01
	4.175789e-01	3.947850e-01	3.720453e-01	3.493839e-01	3.268633e-01
	3.046051e-01	2.828449e-01	2.619984e-01	2.426234e-01	2.252463e-01
	2.101631e-01	1.973775e-01	1.866601e-01	1.776554e-01	1.699953e-01
	1.633660e-01	1.575288e-01	1.523121e-01	1.475977e-01	1.433078e-01
	1.393875e-01	1.357924e-01	1.324915e-01	1.294690e-01	1.267108e-01
	1.241879e-01	1.218567e-01	1.196730e-01	1.176018e-01	1.156193e-01
	1.137096e-01	1.118598e-01	1.100578e-01	1.082924e-01	1.065553e-01
	1.048409e-01	1.031442e-01	1.014576e-01	9.976966e-02	9.806829e-02
	9.634615e-02	9.460465e-02	9.285233e-02	9.110012e-02	8.935816e-02
	8.763320e-02	8.592312e-02	8.421673e-02	8.250468e-02	8.079036e-02
	7.908769e-02	7.740768e-02	7.574779e-02	7.409138e-02	7.241152e-02
	7.067512e-02	6.884606e-02	6.688647e-02	6.475739e-02	6.241892e-02
	5.983329e-02	5.697555e-02	5.384909e-02	5.050020e-02	4.701757e-02
	4.351773e-02	4.011304e-02	3.687248e-02	3.380854e-02	3.089240e-02
	2.808140e-02	2.533730e-02	2.263819e-02	1.999024e-02	1.742276e-02
	1.496477e-02	1.263367e-02	1.046089e-02	8.507063e-03	6.825057e-03
	5.417612e-03	4.243504e-03	3.254018e-03	2.418560e-03	1.730792e-03
	1.194461e-03	8.015150e-04	5.272604e-04	3.408827e-04	2.156916e-04
	1.324636e-04	7.798503e-05	4.303703e-05	2.115620e-05	7.858626e-06
	0.000000e+00
temperature [K]
	3.000000e+02	3.000893e+02	3.002462e+02	3.005090e+02	3.009283e+02
	3.015700e+02	3.025149e+02	3.038565e+02	3.056978e+02	3.081467e+02
	3.113105e+02	3.152908e+02	3.201783e+02	3.260493e+02	3.329627e+02
	3.409587e+02	3.500594e+02	3.602698e+02	3.715804e+02	3.839694e+02
	3.974060e+02	4.118527e+02	4.272683e+02	4.436100e+02	4.608360e+02
	4.789080e+02	4.977943e+02	5.174744e+02	5.379459e+02	5.592306e+02
	5.813753e+02	6.044015e+02	6.282086e+02	6.525819e+02	6.773523e+02
	7.025454e+02	7.283831e+02	7.551380e+02	7.829440e+02	8.116963e+02
	8.411602e+02	8.712120e+02	9.019553e+02	9.336268e+02	9.664417e+02
	1.000533e+03	1.036027e+03	1.073070e+03	1.111800e+03	1.152301e+03
	1.194550e+03	1.238263e+03	1.282667e+03	1.326432e+03	1.367972e+03
	1.405962e+03	1.439691e+03	1.469115e+03	1.494690e+03	1.517087e+03
	1.536967e+03	1.554872e+03	1.571211e+03	1.586268e+03	1.600229e+03
	1.613218e+03	1.625335e+03	1.636643e+03	1.647153e+03	1.656873e+03
	1.665866e+03	1.674253e+03	1.682167e+03	1.689710e+03	1.696947e+03
	1.703913e+03	1.710634e+03	1.717132e+03	1.723420e+03	1.729500e+03
	1.735360e+03	1.740981e+03	1.746347e+03	1.751443e+03	1.756245e+03
	1.760696e+03	1.764701e+03	1.768143e+03	1.770901e+03	1.772870e+03
	1.773964e+03	1.774115e+03	1.773251e+03	1.771286e+03	1.768150e+03
	1.763830e+03	1.758364e+03	1.751789e+03	1.744084e+03	1.735145e+03
	1.724779e+03	1.712712e+03	1.698591e+03	1.681997e+03	1.662433e+03
	1.639345e+03	1.612189e+03	1.580571e+03	1.544416e+03	1.504073e+03
	1.460325e+03	1.414198e+03	1.366490e+03	1.317417e+03	1.266573e+03
	1.213168e+03	1.156268e+03	1.095063e+03	1.029295e+03	9.594249e+02
	8.862112e+02	8.104545e+02	7.339807e+02	6.604138e+02	5.937094e+02
	5.357972e+02	4.862461e+02	4.437416e+02	4.073891e+02	3.771709e+02
	3.534312e+02	3.359416e+02	3.236855e+02	3.153326e+02	3.097104e+02
	3.059674e+02	3.035148e+02	3.019403e+02	3.009541e+02	3.003544e+02
	3.000000e+02
massfraction-N2
	1.000000e-60	7.034420e-04	1.648270e-03	2.875190e-03	4.418103e-03
	6.310198e-03	8.581888e-03	1.125732e-02	1.435429e-02	1.788463e-02
	2.185499e-02	2.626780e-02	3.112218e-02	3.641482e-02	4.214065e-02
	4.829335e-02	5.486587e-02	6.185080e-02	6.924062e-02	7.702779e-02
	8.520476e-02	9.376406e-02	1.026983e-01	1.120003e-01	1.216636e-01
	1.316827e-01	1.420546e-01	1.527807e-01	1.638701e-01	1.753430e-01
	1.872306e-01	1.995481e-01	2.122439e-01	2.252043e-01	2.383390e-01
	2.516600e-01	2.652806e-01	2.793381e-01	2.938935e-01	3.088805e-01
	3.241647e-01	3.396693e-01	3.554337e-01	3.715799e-01	3.881568e-01
	4.052226e-01	4.227937e-01	4.408929e-01	4.595414e-01	4.787260e-01
	4.983732e-01	5.182854e-01	5.380539e-01	5.570622e-01	5.746446e-01
	5.903151e-01	6.038856e-01	6.154469e-01	6.252716e-01	6.336878e-01
	6.409936e-01	6.474222e-01	6.531436e-01	6.582753e-01	6.628950e-01
	6.670593e-01	6.708160e-01	6.742020e-01	6.772404e-01	6.799551e-01
	6.823854e-01	6.845831e-01	6.865983e-01	6.884696e-01	6.902239e-01
	6.918794e-01	6.934511e-01	6.949527e-01	6.963962e-01	6.977908e-01
	6.991431e-01	7.004591e-01	7.017464e-01	7.030149e-01	7.042749e-01
	7.055325e-01	7.067872e-01	7.080338e-01	7.092654e-01	7.104761e-01
	7.116625e-01	7.128274e-01	7.139792e-01	7.151250e-01	7.162632e-01
	7.173852e-01	7.184845e-01	7.195636e-01	7.206338e-01	7.217128e-01
	7.228217e-01	7.239829e-01	7.252197e-01	7.265552e-01	7.280129e-01
	7.296141e-01	7.313720e-01	7.332817e-01	7.353114e-01	7.374034e-01
	7.394839e-01	7.414841e-01	7.433641e-01	7.451199e-01	7.467728e-01
	7.483525e-01	7.498868e-01	7.513956e-01	7.528844e-01	7.543461e-01
	7.557734e-01	7.571651e-01	7.585106e-01	7.597776e-01	7.609291e-01
	7.619514e-01	7.628584e-01	7.636730e-01	7.644072e-01	7.650538e-01
	7.655937e-01	7.660174e-01	7.663340e-01	7.665646e-01	7.667308e-01
	7.668500e-01	7.669345e-01	7.669936e-01	7.670343e-01	7.670616e-01
	7.670796e-01
massfraction-O2
	1.000000e-60	1.196672e-05	2.811920e-05	4.919091e-05	7.580147e-05
	1.085584e-04	1.480197e-04	1.946317e-04	2.487244e-04	3.105180e-04
	3.801349e-04	4.576163e-04	5.429392e-04	6.360317e-04	7.367859e-04
	8.450686e-04	9.607305e-04	1.083614e-03	1.213560e-03	1.350406e-03
	1.493993e-03	1.644162e-03	1.800758e-03	1.963630e-03	2.132641e-03
	2.307675e-03	2.488660e-03	2.675599e-03	2.868636e-03	3.068101e-03
	3.274521e-03	3.488142e-03	3.708051e-03	3.932271e-03	4.159239e-03
	4.389162e-03	4.623999e-03	4.866109e-03	5.116534e-03	5.374128e-03
	5.636583e-03	5.902591e-03	6.172840e-03	6.449445e-03	6.733248e-03
	7.025280e-03	7.325853e-03	7.635412e-03	7.954393e-03	8.282683e-03
	8.619180e-03	8.960730e-03	9.300629e-03	9.628647e-03	9.933666e-03
	1.020754e-02	1.044710e-02	1.065391e-02	1.083273e-02	1.098939e-02
	1.112938e-02	1.125726e-02	1.137666e-02	1.149043e-02	1.160082e-02
	1.170972e-02	1.181889e-02	1.192977e-02	1.204316e-02	1.215948e-02
	1.227950e-02	1.240475e-02	1.253734e-02	1.267949e-02	1.283329e-02
	1.300074e-02	1.318401e-02	1.338564e-02	1.360863e-02	1.385623e-02
	1.413186e-02	1.443941e-02	1.478396e-02	1.517255e-02	1.561418e-02
	1.611865e-02	1.669486e-02	1.734984e-02	1.808912e-02	1.891719e-02
	1.983846e-02	2.086125e-02	2.200046e-02	2.327247e-02	2.468530e-02
	2.623516e-02	2.791516e-02	2.972804e-02	3.169309e-02	3.384778e-02
	3.624733e-02	3.896347e-02	4.208470e-02	4.571688e-02	4.998456e-02
	5.502621e-02	6.097112e-02	6.789658e-02	7.577406e-02	8.444119e-02
	9.361259e-02	1.029548e-01	1.122102e-01	1.212664e-01	1.301404e-01
	1.389072e-01	1.476430e-01	1.563821e-01	1.650740e-01	1.735973e-01
	1.818397e-01	1.897327e-01	1.971571e-01	2.038837e-01	2.097027e-01
	2.145805e-01	2.186445e-01	2.220564e-01	2.249199e-01	2.272582e-01
	2.290629e-01	2.303687e-01	2.312670e-01	2.318679e-01	2.322647e-01
	2.325239e-01	2.326904e-01	2.327952e-01	2.328596e-01	2.328981e-01
	2.329204e-01
massfraction-H
	1.000000e-60	1.896219e-17	3.918881e-17	6.063617e-17	8.345550e-17
	1.083139e-16	1.365758e-16	1.705575e-16	2.139663e-16	2.726275e-16
	3.557512e-16	4.781476e-16	6.640868e-16	9.540069e-16	1.416139e-15
	2.166596e-15	3.403842e-15	5.467271e-15	8.935206e-15	1.478575e-14
	2.465456e-14	4.123673e-14	6.889471e-14	1.145496e-13	1.889508e-13
	3.084450e-13	4.974219e-13	7.917453e-13	1.243754e-12	1.929866e-12
	2.962338e-12	4.504058e-12	6.779888e-12	1.008672e-11	1.482559e-11
	2.158408e-11	3.127886e-11	4.534174e-11	6.591507e-11	9.604273e-11
	1.400001e-10	2.041133e-10	2.983726e-10	4.390104e-10	6.523246e-10
	9.813105e-10	1.497781e-09	2.325505e-09	3.683767e-09	5.970446e-09
	9.925112e-09	1.693815e-08	2.958700e-08	5.248357e-08	9.352097e-08
	1.656014e-07	2.884139e-07	4.890945e-07	8.013980e-07	1.264400e-06
	1.921615e-06	2.819704e-06	4.006036e-06	5.524042e-06	7.406137e-06
	9.669268e-06	1.231460e-05	1.532243e-05	1.864369e-05	2.221051e-05
	2.596735e-05	2.989133e-05	3.398475e-05	3.825625e-05	4.270897e-05
	4.733963e-05	5.214461e-05	5.712455e-05	6.228239e-05	6.761696e-05
	7.312018e-05	7.878287e-05	8.460455e-05	9.059802e-05	9.677921e-05
	1.031432e-04	1.096459e-04	1.162069e-04	1.227283e-04	1.291095e-04
	1.352607e-04	1.411240e-04	1.466701e-04	1.518569e-04	1.566013e-04
	1.608051e-04	1.644029e-04	1.673800e-04	1.697502e-04	1.715239e-04
	1.726846e-04	1.731737e-04	1.728819e-04	1.716439e-04	1.692334e-04
	1.653662e-04	1.597305e-04	1.520715e-04	1.423262e-04	1.307373e-04
	1.178692e-04	1.044569e-04	9.113979e-05	7.829834e-05	6.607471e-05
	5.450346e-05	4.362032e-05	3.353490e-05	2.447496e-05	1.673142e-05
	1.052826e-05	5.951476e-06	2.947591e-06	1.265765e-06	4.749631e-07
	1.569947e-07	4.550405e-08	1.162666e-08	2.826143e-09	7.715675e-10
	2.596227e-10	1.014379e-10	4.276989e-11	1.866941e-11	8.179757e-12
	3.492754e-12	1.405712e-12	5.071279e-13	1.484843e-13	2.688791e-14
	1.000000e-60
massfraction-OH
	1.000000e-60	9.369701e-21	5.081746e-20	1.541148e-19	3.662144e-19
	7.614991e-19	1.459871e-18	2.658687e-18	4.691979e-18	8.140310e-18
	1.403574e-17	2.424643e-17	4.220212e-17	7.426511e-17	1.323167e-16
	2.386084e-16	4.347734e-16	7.983455e-16	1.472542e-15	2.718955e-15
	5.008866e-15	9.178181e-15	1.668482e-14	3.002810e-14	5.342022e-14
	9.384822e-14	1.627412e-13	2.785971e-13	4.711801e-13	7.883558e-13
	1.307350e-12	2.151359e-12	3.508792e-12	5.655501e-12	8.996568e-12
	1.415980e-11	2.217391e-11	3.475120e-11	5.467542e-11	8.629619e-11
	1.362992e-10	2.153002e-10	3.410579e-10	5.442036e-10	8.778528e-10
	1.434913e-09	2.381029e-09	4.019163e-09	6.915961e-09	1.215076e-08
	2.181050e-08	3.992329e-08	7.399767e-08	1.370857e-07	2.499165e-07
	4.429459e-07	7.588539e-07	1.256100e-06	2.013776e-06	3.137072e-06
	4.763103e-06	7.065587e-06	1.025707e-05	1.458456e-05	2.031388e-05
	2.771288e-05	3.703936e-05	4.850426e-05	6.220441e-05	7.811684e-05
	9.620976e-05	1.165631e-04	1.393821e-04	1.649294e-04	1.934625e-04
	2.252177e-04	2.604424e-04	2.994332e-04	3.425324e-04	3.900807e-04
	4.423835e-04	4.997569e-04	5.626404e-04	6.316924e-04	7.077344e-04
	7.914757e-04	8.831958e-04	9.826309e-04	1.089086e-03	1.201564e-03
	1.318944e-03	1.440441e-03	1.565736e-03	1.694182e-03	1.823881e-03
	1.951830e-03	2.075112e-03	2.191847e-03	2.301143e-03	2.402511e-03
	2.495178e-03	2.577473e-03	2.646386e-03	2.697246e-03	2.723585e-03
	2.717255e-03	2.669291e-03	2.572155e-03	2.423196e-03	2.227537e-03
	1.998419e-03	1.753743e-03	1.509951e-03	1.278007e-03	1.063484e-03
	8.690623e-04	6.964292e-04	5.469662e-04	4.214151e-04	3.184472e-04
	2.341761e-04	1.643963e-04	1.078041e-04	6.592947e-05	3.889658e-05
	2.323804e-05	1.446119e-05	9.370538e-06	6.228833e-06	4.191232e-06
	2.841563e-06	1.942247e-06	1.337479e-06	9.228538e-07	6.316757e-07
	4.235469e-07	2.737616e-07	1.662068e-07	8.975105e-08	3.642771e-08
	1.000000e-60
massfraction-O
	1.000000e-60	9.159918e-22	3.828843e-21	9.713164e-21	1.949310e-20
	3.421549e-20	5.529483e-20	8.493209e-20	1.268278e-19	1.873223e-19
	2.772695e-19	4.152263e-19	6.329994e-19	9.853524e-19	1.566936e-18
	2.541572e-18	4.192291e-18	7.005526e-18	1.181009e-17	2.000162e-17
	3.389598e-17	5.727127e-17	9.617571e-17	1.601009e-16	2.636485e-16
	4.288715e-16	6.885793e-16	1.091140e-15	1.707813e-15	2.644499e-15
	4.061090e-15	6.199054e-15	9.412089e-15	1.420779e-14	2.134243e-14
	3.203657e-14	4.839264e-14	7.412009e-14	1.157281e-13	1.844738e-13
	2.998772e-13	4.969469e-13	8.414412e-13	1.461217e-12	2.609551e-12
	4.797743e-12	9.084214e-12	1.772881e-11	3.570736e-11	7.429477e-11
	1.597252e-10	3.539035e-10	8.011135e-10	1.823559e-09	4.094706e-09
	8.916980e-09	1.858459e-08	3.671155e-08	6.841699e-08	1.204257e-07
	2.012257e-07	3.212559e-07	4.930305e-07	7.309835e-07	1.050802e-06
	1.468863e-06	2.002126e-06	2.666708e-06	3.474531e-06	4.433061e-06
	5.551765e-06	6.849938e-06	8.359094e-06	1.012072e-05	1.218408e-05
	1.460692e-05	1.746018e-05	2.083471e-05	2.484639e-05	2.963839e-05
	3.538453e-05	4.230195e-05	5.067797e-05	6.090787e-05	7.352539e-05
	8.919905e-05	1.086928e-04	1.328212e-04	1.624202e-04	1.983101e-04
	2.412795e-04	2.922237e-04	3.522839e-04	4.225516e-04	5.033873e-04
	5.940395e-04	6.930888e-04	7.992895e-04	9.120228e-04	1.031277e-03
	1.157315e-03	1.290159e-03	1.429053e-03	1.571878e-03	1.714599e-03
	1.850634e-03	1.970280e-03	2.061068e-03	2.109846e-03	2.106541e-03
	2.047846e-03	1.938623e-03	1.789229e-03	1.610846e-03	1.412627e-03
	1.202043e-03	9.865771e-04	7.754409e-04	5.803027e-04	4.126808e-04
	2.792274e-04	1.801519e-04	1.116567e-04	6.788865e-05	4.182489e-05
	2.680520e-05	1.798594e-05	1.251105e-05	8.880910e-06	6.349219e-06
	4.542320e-06	3.246542e-06	2.315232e-06	1.640163e-06	1.144710e-06
	7.784850e-07	5.083328e-07	3.108886e-07	1.687773e-07	6.878064e-08
	1.000000e-60
massfraction-H2
	1.000000e-60	2.301119e-05	4.774864e-05	7.377450e-05	1.006732e-04
	1.281928e-04	1.561633e-04	1.844398e-04	2.129054e-04	2.414714e-04
	2.700748e-04	2.986755e-04	3.272524e-04	3.557993e-04	3.843210e-04
	4.128304e-04	4.413456e-04	4.698888e-04	4.984842e-04	5.271568e-04
	5.559316e-04	5.848326e-04	6.138830e-04	6.431053e-04	6.725222e-04
	7.021585e-04	7.320435e-04	7.622173e-04	7.927381e-04	8.236901e-04
	8.551819e-04	8.872761e-04	9.198632e-04	9.526859e-04	9.855584e-04
	1.018554e-03	1.051989e-03	1.086228e-03	1.121445e-03	1.157509e-03
	1.194131e-03	1.231169e-03	1.268760e-03	1.307260e-03	1.346790e-03
	1.387568e-03	1.429700e-03	1.473319e-03	1.518568e-03	1.565525e-03
	1.614139e-03	1.664057e-03	1.714376e-03	1.763582e-03	1.809890e-03
	1.851814e-03	1.888525e-03	1.919894e-03	1.946298e-03	1.968302e-03
	1.986421e-03	2.001008e-03	2.012251e-03	2.020212e-03	2.024894e-03
	2.026310e-03	2.024526e-03	2.019679e-03	2.012020e-03	2.001910e-03
	1.989713e-03	1.975669e-03	1.959885e-03	1.942398e-03	1.923230e-03
	1.902413e-03	1.879966e-03	1.855878e-03	1.830110e-03	1.802634e-03
	1.773443e-03	1.742530e-03	1.709821e-03	1.675146e-03	1.638274e-03
	1.599050e-03	1.557519e-03	1.513936e-03	1.468669e-03	1.422129e-03
	1.374677e-03	1.326454e-03	1.277340e-03	1.227262e-03	1.176534e-03
	1.125809e-03	1.075672e-03	1.026299e-03	9.774388e-04	9.285581e-04
	8.790018e-04	8.281418e-04	7.754685e-04	7.206705e-04	6.636943e-04
	6.048585e-04	5.450580e-04	4.858842e-04	4.294860e-04	3.780498e-04
	3.332287e-04	2.957034e-04	2.650835e-04	2.402885e-04	2.200514e-04
	2.032524e-04	1.889960e-04	1.765775e-04	1.654461e-04	1.551440e-04
	1.452498e-04	1.353883e-04	1.253626e-04	1.152746e-04	1.054067e-04
	9.593326e-05	8.678401e-05	7.774973e-05	6.866019e-05	5.955206e-05
	5.071020e-05	4.248559e-05	3.508677e-05	2.852986e-05	2.272340e-05
	1.757296e-05	1.301451e-05	9.004241e-06	5.511336e-06	2.519259e-06
	1.000000e-60
massfraction-H2O
	1.000000e-60	1.168219e-04	2.738156e-04	4.777431e-04	7.341925e-04
	1.048567e-03	1.425717e-03	1.869326e-03	2.381878e-03	2.964691e-03
	3.618039e-03	4.341298e-03	5.133103e-03	5.991504e-03	6.914103e-03
	7.898169e-03	8.940764e-03	1.003885e-02	1.118935e-02	1.238926e-02
	1.363563e-02	1.492565e-02	1.625666e-02	1.762622e-02	1.903212e-02
	2.047253e-02	2.194609e-02	2.345222e-02	2.499155e-02	2.656624e-02
	2.817997e-02	2.983424e-02	3.152172e-02	3.322737e-02	3.493982e-02
	3.666130e-02	3.840696e-02	4.019452e-02	4.203169e-02	4.391017e-02
	4.581356e-02	4.773303e-02	4.967429e-02	5.165343e-02	5.367649e-02
	5.575168e-02	5.788189e-02	6.007098e-02	6.232285e-02	6.463754e-02
	6.700817e-02	6.941325e-02	7.180588e-02	7.411358e-02	7.625652e-02
	7.817492e-02	7.984380e-02	8.127168e-02	8.248950e-02	8.353554e-02
	8.444492e-02	8.524508e-02	8.595581e-02	8.659050e-02	8.715766e-02
	8.766328e-02	8.811243e-02	8.850897e-02	8.885547e-02	8.915494e-02
	8.941243e-02	8.963424e-02	8.982614e-02	8.999229e-02	9.013529e-02
	9.025677e-02	9.035783e-02	9.043924e-02	9.050138e-02	9.054422e-02
	9.056743e-02	9.057043e-02	9.055240e-02	9.051200e-02	9.044719e-02
	9.035534e-02	9.023388e-02	9.008077e-02	8.989465e-02	8.967483e-02
	8.942084e-02	8.913126e-02	8.880275e-02	8.843140e-02	8.801574e-02
	8.755776e-02	8.706033e-02	8.652331e-02	8.594145e-02	8.530393e-02
	8.459449e-02	8.379175e-02	8.286900e-02	8.179366e-02	8.052644e-02
	7.902194e-02	7.723452e-02	7.513016e-02	7.270248e-02	6.998273e-02
	6.704009e-02	6.396308e-02	6.082297e-02	5.764870e-02	5.442677e-02
	5.112058e-02	4.768818e-02	4.409881e-02	4.035458e-02	3.649318e-02
	3.255855e-02	2.858269e-02	2.463146e-02	2.084606e-02	1.738398e-02
	1.431820e-02	1.162077e-02	9.228176e-03	7.104176e-03	5.267278e-03
	3.764870e-03	2.613517e-03	1.775761e-03	1.184001e-03	7.717251e-04
	4.877749e-04	2.952900e-04	1.673881e-04	8.439416e-05	3.208366e-05
	1.000000e-60
massfraction-HO2
	1.000000e-60	1.912068e-08	4.499352e-08	7.883458e-08	1.216957e-07
	1.746334e-07	2.386564e-07	3.146305e-07	4.032762e-07	5.051796e-07
	6.208113e-07	7.505476e-07	8.946908e-07	1.053484e-06	1.227119e-06
	1.415746e-06	1.619471e-06	1.838366e-06	2.072467e-06	2.321773e-06
	2.586246e-06	2.865810e-06	3.160350e-06	3.469724e-06	3.793764e-06
	4.132305e-06	4.485221e-06	4.852494e-06	5.234333e-06	5.631278e-06
	6.044204e-06	6.473363e-06	6.916564e-06	7.369324e-06	7.827856e-06
	8.291845e-06	8.764372e-06	9.249099e-06	9.746727e-06	1.025329e-05
	1.076241e-05	1.126960e-05	1.177414e-05	1.227759e-05	1.277847e-05
	1.327490e-05	1.376255e-05	1.423583e-05	1.468718e-05	1.510614e-05
	1.547915e-05	1.578986e-05	1.602179e-05	1.616484e-05	1.622171e-05
	1.620674e-05	1.613715e-05	1.602478e-05	1.587385e-05	1.568307e-05
	1.544876e-05	1.516719e-05	1.483626e-05	1.445674e-05	1.403329e-05
	1.357398e-05	1.308904e-05	1.259050e-05	1.209216e-05	1.160683e-05
	1.114223e-05	1.070035e-05	1.028018e-05	9.880612e-06	9.501486e-06
	9.143377e-06	8.806910e-06	8.492474e-06	8.200471e-06	7.931689e-06
	7.687301e-06	7.468484e-06	7.276132e-06	7.111035e-06	6.974493e-06
	6.868847e-06	6.797215e-06	6.762592e-06	6.767055e-06	6.811516e-06
	6.895912e-06	7.020055e-06	7.184747e-06	7.391481e-06	7.640595e-06
	7.930210e-06	8.257785e-06	8.623048e-06	9.029903e-06	9.487266e-06
	1.000948e-05	1.061674e-05	1.133617e-05	1.220336e-05	1.326433e-05
	1.457635e-05	1.620341e-05	1.820505e-05	2.062002e-05	2.345521e-05
	2.668252e-05	3.025284e-05	3.413270e-05	3.833788e-05	4.294552e-05
	4.807885e-05	5.387811e-05	6.043948e-05	6.768240e-05	7.517804e-05
	8.200132e-05	8.652108e-05	8.616894e-05	7.827698e-05	6.293097e-05
	4.443609e-05	2.791771e-05	1.595030e-05	8.537203e-06	4.452633e-06
	2.352198e-06	1.287967e-06	7.338259e-07	4.306429e-07	2.558374e-07
	1.509885e-07	8.674032e-08	4.715149e-08	2.295055e-08	8.462559e-09
	1.000000e-60
massfraction-H2O2
	1.000000e-60	2.582135e-09	6.082687e-09	1.066355e-08	1.645529e-08
	2.357487e-08	3.211298e-08	4.211603e-08	5.358197e-08	6.645974e-08
	8.065223e-08	9.602195e-08	1.123987e-07	1.295882e-07	1.473811e-07
	1.655614e-07	1.839144e-07	2.022330e-07	2.203225e-07	2.380033e-07
	2.551123e-07	2.715035e-07	2.870474e-07	3.016303e-07	3.151531e-07
	3.275303e-07	3.386887e-07	3.485659e-07	3.571083e-07	3.642666e-07
	3.699875e-07	3.741987e-07	3.768120e-07	3.777678e-07	3.770615e-07
	3.747058e-07	3.706680e-07	3.648474e-07	3.571229e-07	3.474332e-07
	3.358021e-07	3.222592e-07	3.067480e-07	2.891408e-07	2.692545e-07
	2.470180e-07	2.224282e-07	1.955932e-07	1.668338e-07	1.368596e-07
	1.069290e-07	7.892152e-08	5.505871e-08	3.701473e-08	2.498493e-08
	1.774687e-08	1.362399e-08	1.127103e-08	9.860997e-09	8.954922e-09
	8.337586e-09	7.911693e-09	7.643669e-09	7.538937e-09	7.630646e-09
	7.973483e-09	8.640010e-09	9.715300e-09	1.128444e-08	1.342147e-08
	1.619707e-08	1.970048e-08	2.405335e-08	2.940748e-08	3.593663e-08
	4.383410e-08	5.332234e-08	6.466931e-08	7.819801e-08	9.428280e-08
	1.133469e-07	1.358894e-07	1.625532e-07	1.942165e-07	2.320450e-07
	2.774402e-07	3.319168e-07	3.970256e-07	4.743832e-07	5.657206e-07
	6.730115e-07	7.989899e-07	9.476921e-07	1.124041e-06	1.332509e-06
	1.576241e-06	1.857927e-06	2.181916e-06	2.556053e-06	2.993071e-06
	3.511835e-06	4.138700e-06	4.909643e-06	5.873297e-06	7.095596e-06
	8.664832e-06	1.069262e-05	1.330433e-05	1.660686e-05	2.062515e-05
	2.521158e-05	3.000457e-05	3.453116e-05	3.838368e-05	4.132183e-05
	4.326647e-05	4.425830e-05	4.441066e-05	4.385357e-05	4.266563e-05
	4.081758e-05	3.818851e-05	3.470173e-05	3.051108e-05	2.600055e-05
	2.156247e-05	1.742810e-05	1.368187e-05	1.036039e-05	7.526518e-06
	5.253796e-06	3.551858e-06	2.344959e-06	1.516332e-06	9.568479e-07
	5.846304e-07	3.417761e-07	1.870374e-07	9.111036e-08	3.353781e-08
	1.000000e-60
massfraction-CO
	1.000000e-60	6.608320e-05	1.550152e-04	2.707049e-04	4.164226e-04
	5.953676e-04	8.104681e-04	1.064047e-03	1.357809e-03	1.692875e-03
	2.069854e-03	2.488939e-03	2.949990e-03	3.452626e-03	3.996287e-03
	4.580290e-03	5.203877e-03	5.866256e-03	6.566624e-03	7.304180e-03
	8.078127e-03	8.887675e-03	9.732050e-03	1.061051e-02	1.152236e-02
	1.246704e-02	1.344420e-02	1.445392e-02	1.549701e-02	1.657530e-02
	1.769167e-02	1.884752e-02	2.003792e-02	2.125220e-02	2.248191e-02
	2.372816e-02	2.500157e-02	2.631494e-02	2.767396e-02	2.907240e-02
	3.049774e-02	3.194285e-02	3.341143e-02	3.491491e-02	3.645786e-02
	3.804577e-02	3.968024e-02	4.136349e-02	4.309763e-02	4.488160e-02
	4.670876e-02	4.856099e-02	5.040053e-02	5.217018e-02	5.380802e-02
	5.526861e-02	5.653411e-02	5.761259e-02	5.852910e-02	5.931392e-02
	5.999452e-02	6.059234e-02	6.112287e-02	6.159664e-02	6.202039e-02
	6.239886e-02	6.273591e-02	6.303437e-02	6.329591e-02	6.352237e-02
	6.371707e-02	6.388421e-02	6.402754e-02	6.414951e-02	6.425126e-02
	6.433305e-02	6.439456e-02	6.443500e-02	6.445299e-02	6.444654e-02
	6.441304e-02	6.434934e-02	6.425139e-02	6.411375e-02	6.392912e-02
	6.368865e-02	6.338297e-02	6.300336e-02	6.254213e-02	6.199293e-02
	6.135029e-02	6.060693e-02	5.975145e-02	5.877212e-02	5.766535e-02
	5.643946e-02	5.510794e-02	5.367877e-02	5.214890e-02	5.050402e-02
	4.872138e-02	4.677414e-02	4.463551e-02	4.228345e-02	3.970509e-02
	3.690411e-02	3.391334e-02	3.080526e-02	2.769040e-02	2.469442e-02
	2.192791e-02	1.945804e-02	1.729388e-02	1.539933e-02	1.371862e-02
	1.219845e-02	1.079706e-02	9.487284e-03	8.258612e-03	7.112048e-03
	6.048537e-03	5.064972e-03	4.165646e-03	3.368039e-03	2.687895e-03
	2.122641e-03	1.653748e-03	1.260738e-03	9.308656e-04	6.611392e-04
	4.524313e-04	3.008474e-04	1.960470e-04	1.255372e-04	7.866920e-05
	4.784902e-05	2.790239e-05	1.525612e-05	7.433948e-06	2.739264e-06
	1.000000e-60
massfraction-CO2
	1.000000e-60	3.478844e-05	8.663167e-05	1.609529e-04	2.635181e-04
	4.006647e-04	5.790675e-04	8.053023e-04	1.085595e-03	1.425625e-03
	1.830384e-03	2.304108e-03	2.850249e-03	3.471490e-03	4.169785e-03
	4.946410e-03	5.802043e-03	6.736850e-03	7.750560e-03	8.842536e-03
	1.001183e-02	1.125725e-02	1.257741e-02	1.397076e-02	1.543577e-02
	1.697093e-02	1.857508e-02	2.024768e-02	2.198941e-02	2.380272e-02
	2.569188e-02	2.765864e-02	2.969401e-02	3.177885e-02	3.389759e-02
	3.605115e-02	3.825696e-02	4.053641e-02	4.289860e-02	4.533190e-02
	4.781351e-02	5.032997e-02	5.288665e-02	5.550206e-02	5.818339e-02
	6.093845e-02	6.376829e-02	6.667483e-02	6.965946e-02	7.271775e-02
	7.583539e-02	7.897843e-02	8.208015e-02	8.504292e-02	8.776410e-02
	9.017182e-02	9.224187e-02	9.399319e-02	9.547161e-02	9.673016e-02
	9.781609e-02	9.876606e-02	9.960661e-02	1.003560e-01	1.010265e-01
	1.016268e-01	1.021644e-01	1.026449e-01	1.030720e-01	1.034495e-01
	1.037833e-01	1.040809e-01	1.043493e-01	1.045939e-01	1.048180e-01
	1.050240e-01	1.052134e-01	1.053877e-01	1.055476e-01	1.056937e-01
	1.058258e-01	1.059435e-01	1.060464e-01	1.061336e-01	1.062038e-01
	1.062545e-01	1.062822e-01	1.062830e-01	1.062529e-01	1.061883e-01
	1.060855e-01	1.059405e-01	1.057474e-01	1.054991e-01	1.051891e-01
	1.048137e-01	1.043703e-01	1.038544e-01	1.032560e-01	1.025573e-01
	1.017317e-01	1.007420e-01	9.953857e-02	9.805691e-02	9.621522e-02
	9.391447e-02	9.104978e-02	8.753743e-02	8.335618e-02	7.857948e-02
	7.338008e-02	6.798379e-02	6.258285e-02	5.728032e-02	5.209417e-02
	4.700060e-02	4.197086e-02	3.699857e-02	3.212505e-02	2.743036e-02
	2.298771e-02	1.884381e-02	1.506645e-02	1.176536e-02	9.020725e-03
	6.815188e-03	5.057946e-03	3.652447e-03	2.535148e-03	1.677524e-03
	1.060354e-03	6.470136e-04	3.853149e-04	2.249536e-04	1.283306e-04
	7.099971e-05	3.767568e-05	1.878731e-05	8.388162e-06	2.854226e-06
	1.000000e-60
massfraction-CH
	1.000000e-60	1.000000e-60	1.000000e-60	3.073780e-27	1.014638e-27
	2.044523e-27	1.000000e-60	1.675700e-28	1.000000e-60	4.221108e-27
	1.000000e-60	1.896427e-27	1.000000e-60	1.000000e-60	1.000000e-60
	1.000000e-60	1.000000e-60	1.000000e-60	1.523734e-26	1.000000e-60
	1.862613e-26	6.167110e-26	6.925261e-26	2.592273e-25	8.061102e-25
	2.727952e-24	8.945999e-24	2.814773e-23	8.680304e-23	2.569808e-22
	7.412474e-22	2.075712e-21	5.642680e-21	1.482289e-20	3.757878e-20
	9.249356e-20	2.235938e-19	5.369474e-19	1.288283e-18	3.083489e-18
	7.330580e-18	1.730173e-17	4.077162e-17	9.676607e-17	2.330526e-16
	5.726058e-16	1.442014e-15	3.742769e-15	1.007418e-14	2.828824e-14
	8.329783e-14	2.577135e-13	8.328515e-13	2.768224e-12	9.263344e-12
	3.053861e-11	9.704412e-11	2.907944e-10	8.082087e-10	2.069370e-09
	4.889328e-09	1.072123e-08	2.196144e-08	4.225762e-08	7.668327e-08
	1.316820e-07	2.147743e-07	3.337668e-07	4.952245e-07	7.033586e-07
	9.608948e-07	1.271065e-06	1.638451e-06	2.068259e-06	2.565207e-06
	3.133007e-06	3.774719e-06	4.493266e-06	5.291129e-06	6.169098e-06
	7.125198e-06	8.155018e-06	9.253009e-06	1.041287e-05	1.162452e-05
	1.286740e-05	1.410475e-05	1.528376e-05	1.634120e-05	1.721048e-05
	1.782928e-05	1.814589e-05	1.811808e-05	1.771288e-05	1.692073e-05
	1.577348e-05	1.434137e-05	1.270939e-05	1.095731e-05	9.154113e-06
	7.363137e-06	5.650138e-06	4.086337e-06	2.743395e-06	1.678946e-06
	9.183214e-07	4.413488e-07	1.851133e-07	6.852397e-08	2.311120e-08
	7.449452e-09	2.412962e-09	8.129981e-10	2.875425e-10	1.053120e-10
	3.888419e-11	1.400287e-11	4.745637e-12	1.462014e-12	3.958451e-13
	9.036584e-14	1.642828e-14	2.254433e-15	2.320052e-16	1.892767e-17
	1.312242e-18	7.965254e-20	4.271303e-21	2.187106e-22	1.307943e-23
	1.078696e-24	1.232890e-25	1.842729e-26	3.371510e-27	6.993811e-28
	1.479129e-28	3.913707e-29	3.693903e-30	6.830543e-31	1.000000e-60
	1.000000e-60
massfraction-CHO
	1.000000e-60	6.461204e-19	1.581438e-18	2.814730e-18	4.332394e-18
	6.155144e-18	8.386740e-18	1.126377e-17	1.523126e-17	2.108072e-17
	3.022081e-17	4.521088e-17	7.081382e-17	1.160787e-16	1.984685e-16
	3.520272e-16	6.434418e-16	1.203282e-15	2.285804e-15	4.381120e-15
	8.420483e-15	1.614150e-14	3.071761e-14	5.780621e-14	1.072301e-13
	1.955718e-13	3.500157e-13	6.138206e-13	1.053835e-12	1.770409e-12
	2.909572e-12	4.672139e-12	7.304641e-12	1.106779e-11	1.621189e-11
	2.299033e-11	3.169497e-11	4.266224e-11	5.622922e-11	7.269763e-11
	9.242656e-11	1.160856e-10	1.449399e-10	1.810836e-10	2.276466e-10
	2.892623e-10	3.728929e-10	4.894182e-10	6.563273e-10	9.022638e-10
	1.275229e-09	1.856183e-09	2.778611e-09	4.253620e-09	6.601136e-09
	1.029048e-08	1.597544e-08	2.449140e-08	3.682185e-08	5.407613e-08
	7.750037e-08	1.084879e-07	1.485670e-07	1.993279e-07	2.622650e-07
	3.386664e-07	4.295776e-07	5.355343e-07	6.560883e-07	7.899447e-07
	9.359707e-07	1.094048e-06	1.264971e-06	1.449805e-06	1.649400e-06
	1.864307e-06	2.095012e-06	2.342162e-06	2.606481e-06	2.888427e-06
	3.187965e-06	3.504794e-06	3.838828e-06	4.190409e-06	4.559572e-06
	4.944260e-06	5.338652e-06	5.732821e-06	6.113607e-06	6.465643e-06
	6.772597e-06	7.018681e-06	7.188192e-06	7.263889e-06	7.229158e-06
	7.074235e-06	6.799936e-06	6.414950e-06	5.930840e-06	5.359339e-06
	4.713096e-06	4.009106e-06	3.272624e-06	2.539711e-06	1.855548e-06
	1.267141e-06	8.103709e-07	4.955098e-07	3.030457e-07	1.960835e-07
	1.390536e-07	1.076499e-07	8.850020e-08	7.507236e-08	6.424349e-08
	5.443638e-08	4.480011e-08	3.496830e-08	2.513658e-08	1.610613e-08
	8.899203e-09	4.101340e-09	1.537059e-09	4.688174e-10	1.197371e-10
	2.637004e-11	5.084375e-12	8.957079e-13	1.677364e-13	4.012527e-14
	1.200856e-14	4.017310e-15	1.417650e-15	5.120339e-16	1.840178e-16
	6.394781e-17	2.080939e-17	6.036120e-18	1.405940e-18	1.892764e-19
	1.000000e-60
massfraction-CH2
	1.000000e-60	9.355888e-22	1.918234e-21	2.955637e-21	4.075651e-21
	5.346573e-21	6.896242e-21	8.946669e-21	1.188335e-20	1.639391e-20
	2.375425e-20	3.643315e-20	5.940158e-20	1.030351e-19	1.896806e-19
	3.687462e-19	7.517088e-19	1.593576e-18	3.481703e-18	7.768719e-18
	1.754788e-17	3.979922e-17	8.997727e-17	2.015009e-16	4.447011e-16
	9.633387e-16	2.042715e-15	4.233504e-15	8.573668e-15	1.698493e-14
	3.298221e-14	6.287019e-14	1.174826e-13	2.145350e-13	3.824669e-13
	6.681350e-13	1.151900e-12	1.973672e-12	3.372149e-12	5.738536e-12
	9.698455e-12	1.627137e-11	2.719088e-11	4.549231e-11	7.652801e-11
	1.298229e-10	2.226532e-10	3.872017e-10	6.849821e-10	1.236385e-09
	2.282549e-09	4.312071e-09	8.302438e-09	1.614058e-08	3.129769e-08
	5.983287e-08	1.115720e-07	2.008823e-07	3.466773e-07	5.719862e-07
	9.035137e-07	1.370793e-06	2.004435e-06	2.832802e-06	3.876898e-06
	5.146508e-06	6.638958e-06	8.335843e-06	1.019875e-05	1.217684e-05
	1.422609e-05	1.632099e-05	1.844946e-05	2.060173e-05	2.276394e-05
	2.491800e-05	2.704481e-05	2.912601e-05	3.114255e-05	3.307176e-05
	3.488666e-05	3.655833e-05	3.805797e-05	3.935534e-05	4.041295e-05
	4.118077e-05	4.159856e-05	4.160634e-05	4.115589e-05	4.021860e-05
	3.878881e-05	3.687735e-05	3.450250e-05	3.170133e-05	2.855745e-05
	2.520628e-05	2.179938e-05	1.846159e-05	1.527777e-05	1.230295e-05
	9.579656e-06	7.151008e-06	5.063003e-06	3.357113e-06	2.055291e-06
	1.145576e-06	5.757398e-07	2.611775e-07	1.088148e-07	4.306590e-08
	1.692260e-08	6.888597e-09	2.983287e-09	1.381593e-09	6.759625e-10
	3.422750e-10	1.752486e-10	8.866554e-11	4.341749e-11	2.018822e-11
	8.713465e-12	3.384874e-12	1.150120e-12	3.412974e-13	9.191611e-14
	2.370650e-14	6.043650e-15	1.529297e-15	3.846102e-16	9.908792e-17
	2.787619e-17	9.082610e-18	3.488331e-18	1.543908e-18	7.558167e-19
	3.924628e-19	2.076221e-19	1.067301e-19	4.917707e-20	1.595497e-20
	1.000000e-60
massfraction-CH2O
	1.000000e-60	2.122136e-07	5.317495e-07	9.943578e-07	1.638691e-06
	2.507683e-06	3.647025e-06	5.102244e-06	6.916882e-06	9.130948e-06
	1.177978e-05	1.489330e-05	1.849563e-05	2.260506e-05	2.723412e-05
	3.238995e-05	3.807475e-05	4.428647e-05	5.101939e-05	5.826477e-05
	6.601130e-05	7.424577e-05	8.295352e-05	9.211908e-05	1.017268e-04
	1.117621e-04	1.222123e-04	1.330697e-04	1.443347e-04	1.560190e-04
	1.681465e-04	1.807249e-04	1.936936e-04	2.069290e-04	2.203322e-04
	2.339092e-04	2.477700e-04	2.620478e-04	2.767978e-04	2.919452e-04
	3.073471e-04	3.229193e-04	3.386936e-04	3.547818e-04	3.712208e-04
	3.880495e-04	4.052596e-04	4.228394e-04	4.407609e-04	4.589402e-04
	4.772030e-04	4.952154e-04	5.124058e-04	5.280051e-04	5.412613e-04
	5.517147e-04	5.593175e-04	5.643659e-04	5.673286e-04	5.686796e-04
	5.688162e-04	5.680484e-04	5.666185e-04	5.647239e-04	5.625319e-04
	5.601830e-04	5.577863e-04	5.554227e-04	5.531511e-04	5.510027e-04
	5.489744e-04	5.470342e-04	5.451367e-04	5.432340e-04	5.412793e-04
	5.392251e-04	5.370192e-04	5.346012e-04	5.319002e-04	5.288357e-04
	5.253168e-04	5.212358e-04	5.164562e-04	5.107959e-04	5.040187e-04
	4.958450e-04	4.859811e-04	4.741490e-04	4.601051e-04	4.436616e-04
	4.246966e-04	4.030982e-04	3.787257e-04	3.515539e-04	3.219240e-04
	2.906054e-04	2.585380e-04	2.265100e-04	1.950524e-04	1.645135e-04
	1.352024e-04	1.075237e-04	8.203772e-05	5.943792e-05	4.042549e-05
	2.551828e-05	1.483899e-05	7.965846e-06	4.014014e-06	1.957204e-06
	9.580735e-07	4.861227e-07	2.602192e-07	1.473009e-07	8.750457e-08
	5.394476e-08	3.412346e-08	2.193485e-08	1.424014e-08	9.317817e-09
	6.149328e-09	4.102767e-09	2.783411e-09	1.933342e-09	1.375008e-09
	9.922617e-10	7.159654e-10	5.079004e-10	3.485195e-10	2.289047e-10
	1.439561e-10	8.750175e-11	5.193714e-11	3.022785e-11	1.719212e-11
	9.483110e-12	5.017146e-12	2.494478e-12	1.110571e-12	3.768979e-13
	1.000000e-60
massfraction-CH3
	1.000000e-60	4.010633e-09	9.270487e-09	1.596038e-08	2.423750e-08
	3.428007e-08	4.628632e-08	6.046672e-08	7.705317e-08	9.630938e-08
	1.185419e-07	1.441113e-07	1.734434e-07	2.070407e-07	2.454941e-07
	2.894962e-07	3.398565e-07	3.975197e-07	4.635873e-07	5.393429e-07
	6.262835e-07	7.261570e-07	8.410093e-07	9.732445e-07	1.125701e-06
	1.301759e-06	1.505479e-06	1.741830e-06	2.017021e-06	2.338988e-06
	2.718004e-06	3.166477e-06	3.697104e-06	4.321803e-06	5.054623e-06
	5.917789e-06	6.947086e-06	8.193109e-06	9.717229e-06	1.158496e-05
	1.386659e-05	1.665332e-05	2.008093e-05	2.434761e-05	2.971859e-05
	3.654809e-05	4.531764e-05	5.670797e-05	7.169190e-05	9.165061e-05
	1.185307e-04	1.549521e-04	2.040412e-04	2.687977e-04	3.510698e-04
	4.506630e-04	5.650544e-04	6.900491e-04	8.211169e-04	9.543023e-04
	1.086346e-03	1.214352e-03	1.335519e-03	1.447032e-03	1.546154e-03
	1.630640e-03	1.699057e-03	1.750754e-03	1.785869e-03	1.805504e-03
	1.811496e-03	1.805766e-03	1.789853e-03	1.764880e-03	1.731730e-03
	1.691180e-03	1.643917e-03	1.590513e-03	1.531440e-03	1.467170e-03
	1.398223e-03	1.325119e-03	1.248241e-03	1.167769e-03	1.083819e-03
	9.967757e-04	9.075695e-04	8.176231e-04	7.285718e-04	6.420246e-04
	5.593540e-04	4.814029e-04	4.085407e-04	3.412102e-04	2.802571e-04
	2.265778e-04	1.805188e-04	1.417071e-04	1.093474e-04	8.256405e-05
	6.060230e-05	4.288908e-05	2.898801e-05	1.851670e-05	1.106005e-05
	6.122579e-06	3.131992e-06	1.492625e-06	6.773632e-07	3.021725e-07
	1.370935e-07	6.500733e-08	3.266836e-08	1.740427e-08	9.745059e-09
	5.665969e-09	3.378102e-09	2.041455e-09	1.239560e-09	7.518134e-10
	4.525432e-10	2.676112e-10	1.541754e-10	8.692971e-11	4.880025e-11
	2.761686e-11	1.569783e-11	8.840382e-12	4.873743e-12	2.631784e-12
	1.414240e-12	7.718259e-13	4.329004e-13	2.492413e-13	1.457121e-13
	8.520630e-14	4.891383e-14	2.679229e-14	1.322854e-14	4.966822e-15
	1.000000e-60
massfraction-CH4
	1.000000e-60	6.430458e-06	1.487484e-05	2.560709e-05	3.883272e-05
	5.474692e-05	7.351878e-05	9.526509e-05	1.200530e-04	1.479057e-04
	1.788108e-04	2.127279e-04	2.495971e-04	2.893452e-04	3.318910e-04
	3.771490e-04	4.250329e-04	4.754585e-04	5.283452e-04	5.836164e-04
	6.411997e-04	7.010269e-04	7.630344e-04	8.271638e-04	8.933639e-04
	9.615947e-04	1.031834e-03	1.104093e-03	1.178434e-03	1.254994e-03
	1.333983e-03	1.415505e-03	1.499223e-03	1.584399e-03	1.670460e-03
	1.757505e-03	1.846292e-03	1.937727e-03	2.032216e-03	2.129339e-03
	2.228237e-03	2.328430e-03	2.430181e-03	2.534290e-03	2.641047e-03
	2.750808e-03	2.863615e-03	2.979497e-03	3.098368e-03	3.219740e-03
	3.342426e-03	3.463945e-03	3.579773e-03	3.683376e-03	3.767653e-03
	3.827191e-03	3.859728e-03	3.866109e-03	3.849012e-03	3.811435e-03
	3.755843e-03	3.684056e-03	3.597493e-03	3.497519e-03	3.385781e-03
	3.264239e-03	3.135006e-03	3.000483e-03	2.863591e-03	2.727203e-03
	2.593102e-03	2.461660e-03	2.332466e-03	2.205078e-03	2.079350e-03
	1.955389e-03	1.833340e-03	1.713270e-03	1.595230e-03	1.479395e-03
	1.366095e-03	1.255656e-03	1.148221e-03	1.043710e-03	9.420439e-04
	8.435080e-04	7.489065e-04	6.593407e-04	5.758377e-04	4.991411e-04
	4.296013e-04	3.670475e-04	3.109529e-04	2.609096e-04	2.168513e-04
	1.787940e-04	1.464589e-04	1.192054e-04	9.623730e-05	7.680573e-05
	6.031414e-05	4.634413e-05	3.462474e-05	2.498348e-05	1.728880e-05
	1.140321e-05	7.147347e-06	4.272776e-06	2.468402e-06	1.408451e-06
	8.150094e-07	4.899075e-07	3.105038e-07	2.084224e-07	1.477526e-07
	1.099846e-07	8.538068e-08	6.859499e-08	5.655464e-08	4.740576e-08
	3.999674e-08	3.363410e-08	2.798343e-08	2.297944e-08	1.865926e-08
	1.500351e-08	1.190892e-08	9.258436e-09	6.981735e-09	5.073447e-09
	3.557552e-09	2.426120e-09	1.621843e-09	1.065323e-09	6.847388e-10
	4.271043e-10	2.553213e-10	1.430097e-10	7.129979e-11	2.683051e-11
	1.000000e-60
massfraction-C2H6
	1.000000e-60	1.490502e-06	3.729305e-06	6.963146e-06	1.145798e-05
	1.750886e-05	2.542965e-05	3.553323e-05	4.811963e-05	6.346613e-05
	8.182024e-05	1.033953e-04	1.283688e-04	1.568821e-04	1.890417e-04
	2.249215e-04	2.645659e-04	3.079936e-04	3.552012e-04	4.061664e-04
	4.608504e-04	5.192011e-04	5.811552e-04	6.466418e-04	7.155862e-04
	7.879162e-04	8.635716e-04	9.425216e-04	1.024791e-03	1.110484e-03
	1.199790e-03	1.292777e-03	1.388998e-03	1.487522e-03	1.587583e-03
	1.689189e-03	1.793116e-03	1.900316e-03	2.011133e-03	2.124916e-03
	2.240473e-03	2.357024e-03	2.474626e-03	2.593875e-03	2.714729e-03
	2.837046e-03	2.960185e-03	3.083264e-03	3.204970e-03	3.323135e-03
	3.434327e-03	3.533232e-03	3.612257e-03	3.662477e-03	3.676201e-03
	3.649709e-03	3.584201e-03	3.484567e-03	3.356941e-03	3.206772e-03
	3.038278e-03	2.854851e-03	2.659665e-03	2.456210e-03	2.248610e-03
	2.041289e-03	1.838420e-03	1.643971e-03	1.461800e-03	1.294727e-03
	1.143502e-03	1.007063e-03	8.837069e-04	7.719878e-04	6.709236e-04
	5.798230e-04	4.980529e-04	4.249517e-04	3.598833e-04	3.023032e-04
	2.517364e-04	2.076872e-04	1.695849e-04	1.368171e-04	1.088270e-04
	8.519007e-05	6.558042e-05	4.966701e-05	3.704467e-05	2.724560e-05
	1.977896e-05	1.416529e-05	9.984105e-06	6.909033e-06	4.694863e-06
	3.141606e-06	2.075829e-06	1.354117e-06	8.686247e-07	5.439330e-07
	3.292070e-07	1.903044e-07	1.036777e-07	5.247518e-08	2.431605e-08
	1.018457e-08	3.832716e-09	1.305238e-09	4.122231e-10	1.256121e-10
	3.871688e-11	1.260351e-11	4.455835e-12	1.728560e-12	7.347699e-13
	3.407706e-13	1.720593e-13	9.465408e-14	5.678197e-14	3.693384e-14
	2.563178e-14	1.854981e-14	1.369987e-14	1.017428e-14	7.541982e-15
	5.554140e-15	4.032353e-15	2.851553e-15	1.937544e-15	1.253659e-15
	7.739160e-16	4.607960e-16	2.676526e-16	1.523807e-16	8.476178e-17
	4.572463e-17	2.366362e-17	1.151632e-17	5.025040e-18	1.674801e-18
	1.000000e-60
massfraction-C2H
	1.000000e-60	5.910501e-30	7.506742e-29	1.714224e-28	4.646280e-28
	1.133099e-27	2.244261e-27	4.670427e-27	9.534359e-27	1.957618e-26
	4.190878e-26	9.374043e-26	2.176136e-25	5.354925e-25	1.385962e-24
	3.762531e-24	1.063947e-23	3.106740e-23	9.279186e-23	2.807101e-22
	8.520820e-22	2.573281e-21	7.675411e-21	2.247659e-20	6.432421e-20
	1.793161e-19	4.859691e-19	1.279492e-18	3.274585e-18	8.161024e-18
	1.985997e-17	4.726246e-17	1.097045e-16	2.470700e-16	5.386595e-16
	1.141732e-15	2.374520e-15	4.890401e-15	1.001826e-14	2.037818e-14
	4.098766e-14	8.144474e-14	1.605511e-13	3.160233e-13	6.243275e-13
	1.241715e-12	2.492094e-12	5.060096e-12	1.042006e-11	2.179761e-11
	4.633267e-11	9.976553e-11	2.155601e-10	4.597792e-10	9.502684e-10
	1.877358e-09	3.526219e-09	6.304629e-09	1.078048e-08	1.772653e-08
	2.816879e-08	4.342517e-08	6.511998e-08	9.513940e-08	1.354864e-07
	1.881054e-07	2.547276e-07	3.365401e-07	4.336607e-07	5.451108e-07
	6.696510e-07	8.066252e-07	9.559675e-07	1.117635e-06	1.291118e-06
	1.475307e-06	1.668655e-06	1.869314e-06	2.075005e-06	2.282695e-06
	2.488463e-06	2.687740e-06	2.875646e-06	3.046976e-06	3.195635e-06
	3.314048e-06	3.393537e-06	3.425892e-06	3.405174e-06	3.328888e-06
	3.198311e-06	3.017498e-06	2.791856e-06	2.528780e-06	2.239721e-06
	1.939840e-06	1.644088e-06	1.363427e-06	1.104247e-06	8.698183e-07
	6.620518e-07	4.826508e-07	3.332903e-07	2.151036e-07	1.277519e-07
	6.868099e-08	3.297498e-08	1.408154e-08	5.416069e-09	1.936531e-09
	6.742912e-10	2.399756e-10	9.025745e-11	3.625251e-11	1.542195e-11
	6.832766e-12	3.096596e-12	1.412900e-12	6.406322e-13	2.839973e-13
	1.192822e-13	4.504460e-14	1.447091e-14	3.888079e-15	9.147634e-16
	2.027018e-16	4.415137e-17	9.485898e-18	2.004870e-18	4.303853e-19
	1.010419e-19	2.784345e-20	9.217448e-21	3.574009e-21	1.544759e-21
	7.049480e-22	3.205843e-22	1.347549e-22	4.588453e-23	8.833897e-24
	1.000000e-60
massfraction-C2H2
	1.000000e-60	8.623366e-06	2.103313e-05	3.824063e-05	6.125392e-05
	9.113794e-05	1.289674e-04	1.757451e-04	2.323669e-04	2.996003e-04
	3.780738e-04	4.682775e-04	5.705707e-04	6.851929e-04	8.122776e-04
	9.518657e-04	1.103921e-03	1.268348e-03	1.444999e-03	1.633693e-03
	1.834216e-03	2.046331e-03	2.269786e-03	2.504324e-03	2.749691e-03
	3.005659e-03	3.272057e-03	3.548830e-03	3.836125e-03	4.134378e-03
	4.444327e-03	4.766296e-03	5.098854e-03	5.438933e-03	5.784065e-03
	6.134468e-03	6.493042e-03	6.863323e-03	7.246844e-03	7.641778e-03
	8.044497e-03	8.452891e-03	8.867910e-03	9.292651e-03	9.728344e-03
	1.017638e-02	1.063704e-02	1.111078e-02	1.159797e-02	1.209804e-02
	1.260881e-02	1.312482e-02	1.363506e-02	1.412313e-02	1.457131e-02
	1.496646e-02	1.530297e-02	1.558220e-02	1.580987e-02	1.599270e-02
	1.613608e-02	1.624315e-02	1.631493e-02	1.635075e-02	1.634899e-02
	1.630791e-02	1.622615e-02	1.610329e-02	1.594078e-02	1.574202e-02
	1.551066e-02	1.524868e-02	1.495623e-02	1.463262e-02	1.427737e-02
	1.389044e-02	1.347187e-02	1.302147e-02	1.253889e-02	1.202432e-02
	1.147881e-02	1.090384e-02	1.030025e-02	9.667694e-03	9.005677e-03
	8.316160e-03	7.605740e-03	6.885352e-03	6.168043e-03	5.466990e-03
	4.793669e-03	4.155316e-03	3.555238e-03	2.997252e-03	2.488501e-03
	2.036698e-03	1.645190e-03	1.311433e-03	1.029342e-03	7.920904e-04
	5.938357e-04	4.303097e-04	2.985225e-04	1.961017e-04	1.204987e-04
	6.841749e-05	3.558766e-05	1.697241e-05	7.543056e-06	3.228633e-06
	1.391717e-06	6.313271e-07	3.102565e-07	1.666364e-07	9.722692e-08
	6.092518e-08	4.056131e-08	2.846351e-08	2.093608e-08	1.603257e-08
	1.263749e-08	1.009275e-08	8.040820e-09	6.330067e-09	4.915388e-09
	3.766627e-09	2.837361e-09	2.081450e-09	1.469503e-09	9.905109e-10
	6.386127e-10	3.978251e-10	2.419933e-10	1.443454e-10	8.414851e-11
	4.758014e-11	2.580050e-11	1.314011e-11	5.985290e-12	2.073849e-12
	1.000000e-60
massfraction-CHCO
	1.000000e-60	3.525657e-06	8.154374e-06	1.403529e-05	2.127957e-05
	2.999215e-05	4.026300e-05	5.215275e-05	6.569410e-05	8.089509e-05
	9.774346e-05	1.162113e-04	1.362593e-04	1.578408e-04	1.809041e-04
	2.053952e-04	2.312597e-04	2.584440e-04	2.868968e-04	3.165689e-04
	3.474138e-04	3.793874e-04	4.124484e-04	4.465586e-04	4.816841e-04
	5.177971e-04	5.548799e-04	5.929319e-04	6.319805e-04	6.720912e-04
	7.133676e-04	7.558564e-04	7.993758e-04	8.435387e-04	8.880464e-04
	9.329507e-04	9.786419e-04	1.025582e-03	1.073975e-03	1.123602e-03
	1.174024e-03	1.225000e-03	1.276673e-03	1.329461e-03	1.383524e-03
	1.439074e-03	1.496180e-03	1.554939e-03	1.615447e-03	1.677696e-03
	1.741489e-03	1.806237e-03	1.870667e-03	1.932818e-03	1.990536e-03
	2.042204e-03	2.087129e-03	2.125495e-03	2.158059e-03	2.185740e-03
	2.209328e-03	2.229359e-03	2.246106e-03	2.259618e-03	2.269777e-03
	2.276387e-03	2.279248e-03	2.278198e-03	2.273187e-03	2.264345e-03
	2.251893e-03	2.235987e-03	2.216639e-03	2.193764e-03	2.167252e-03
	2.136997e-03	2.102879e-03	2.064724e-03	2.022312e-03	1.975425e-03
	1.923879e-03	1.867485e-03	1.805933e-03	1.738709e-03	1.665163e-03
	1.584779e-03	1.497492e-03	1.403792e-03	1.304611e-03	1.201199e-03
	1.094949e-03	9.869878e-04	8.780830e-04	7.693516e-04	6.629561e-04
	5.617683e-04	4.682271e-04	3.835885e-04	3.080879e-04	2.414617e-04
	1.834013e-04	1.337948e-04	9.271175e-05	6.022441e-05	3.612885e-05
	1.971199e-05	9.669990e-06	4.261054e-06	1.713829e-06	6.511791e-07
	2.451385e-07	9.599012e-08	4.046677e-08	1.861007e-08	9.296272e-09
	4.982144e-09	2.827312e-09	1.682359e-09	1.044585e-09	6.750704e-10
	4.514353e-10	3.084232e-10	2.114657e-10	1.429916e-10	9.444549e-11
	6.083410e-11	3.812045e-11	2.307325e-11	1.339849e-11	7.492652e-12
	4.113166e-12	2.272268e-12	1.284343e-12	7.447460e-13	4.394532e-13
	2.603689e-13	1.521247e-13	8.515236e-14	4.308195e-14	1.658592e-14
	1.000000e-60
massfraction-C3H3
	1.000000e-60	1.000000e-60	1.000000e-60	1.000000e-60	7.715181e-27
	6.316985e-27	1.000000e-60	1.000000e-60	1.000000e-60	1.000000e-60
	1.000000e-60	1.000000e-60	1.000000e-60	1.000000e-60	1.000000e-60
	1.000000e-60	1.000000e-60	1.000000e-60	1.000000e-60	1.000000e-60
	1.200332e-25	1.553705e-24	4.152741e-24	1.390232e-23	4.709798e-23
	1.548406e-22	4.925140e-22	1.526294e-21	4.604069e-21	1.350830e-20
	3.881356e-20	1.097251e-19	3.058175e-19	8.397509e-19	2.276607e-18
	6.146958e-18	1.676462e-17	4.683069e-17	1.349507e-16	3.999502e-16
	1.207223e-15	3.680767e-15	1.131556e-14	3.516725e-14	1.107106e-13
	3.524824e-13	1.133277e-12	3.676749e-12	1.203340e-11	3.967763e-11
	1.313832e-10	4.336351e-10	1.405002e-09	4.366639e-09	1.268725e-08
	3.376130e-08	8.137477e-08	1.775250e-07	3.534469e-07	6.506964e-07
	1.122843e-06	1.836824e-06	2.872534e-06	4.318508e-06	6.261673e-06
	8.775314e-06	1.190899e-05	1.567241e-05	2.001462e-05	2.483138e-05
	3.001024e-05	3.546763e-05	4.114441e-05	4.697946e-05	5.289182e-05
	5.877938e-05	6.452788e-05	7.001699e-05	7.511726e-05	7.968463e-05
	8.356331e-05	8.659754e-05	8.864002e-05	8.954876e-05	8.917964e-05
	8.739751e-05	8.411895e-05	7.936355e-05	7.327848e-05	6.613007e-05
	5.826503e-05	5.003901e-05	4.177260e-05	3.378384e-05	2.641476e-05
	1.996726e-05	1.460369e-05	1.032392e-05	7.023449e-06	4.559239e-06
	2.788137e-06	1.579048e-06	8.105358e-07	3.674359e-07	1.428334e-07
	4.626410e-08	1.228236e-08	2.709669e-09	5.254765e-10	9.687195e-11
	1.783998e-11	3.279742e-12	5.862528e-13	9.860934e-14	1.503563e-14
	2.008842e-15	2.357848e-16	2.743923e-17	3.962712e-18	6.958395e-19
	1.179273e-19	1.647137e-20	1.742231e-21	1.371403e-22	8.469495e-24
	4.396533e-25	1.968538e-26	7.597326e-28	2.695587e-29	1.066740e-30
	5.590933e-32	3.944345e-33	3.558206e-34	3.867230e-35	4.641575e-36
	5.437887e-37	8.119222e-38	2.147695e-39	4.542830e-40	1.000000e-60
	1.000000e-60
massfraction-C2H3
	1.000000e-60	2.006994e-18	4.430751e-18	7.345371e-18	1.090244e-17
	1.539311e-17	2.136301e-17	2.981523e-17	4.261245e-17	6.330173e-17
	9.888511e-17	1.637539e-16	2.886977e-16	5.420809e-16	1.080679e-15
	2.273517e-15	5.005719e-15	1.142329e-14	2.674134e-14	6.355492e-14
	1.518467e-13	3.614280e-13	8.501657e-13	1.962562e-12	4.419907e-12
	9.663789e-12	2.043339e-11	4.166698e-11	8.182117e-11	1.547127e-10
	2.820080e-10	4.960051e-10	8.410033e-10	1.372348e-09	2.156826e-09
	3.279912e-09	4.859779e-09	7.059940e-09	1.008977e-08	1.419012e-08
	1.962636e-08	2.672237e-08	3.592781e-08	4.787684e-08	6.340782e-08
	8.360865e-08	1.099337e-07	1.444689e-07	1.904056e-07	2.529023e-07
	3.407278e-07	4.690186e-07	6.632702e-07	9.644822e-07	1.435091e-06
	2.164781e-06	3.271333e-06	4.890884e-06	7.162400e-06	1.021530e-05
	1.416146e-05	1.908361e-05	2.501845e-05	3.193381e-05	3.970584e-05
	4.812138e-05	5.690344e-05	6.572455e-05	7.422356e-05	8.207769e-05
	8.908233e-05	9.515200e-05	1.002582e-04	1.043786e-04	1.074848e-04
	1.095526e-04	1.105714e-04	1.105457e-04	1.094910e-04	1.074367e-04
	1.044307e-04	1.005403e-04	9.584135e-05	9.040743e-05	8.431408e-05
	7.766434e-05	7.061294e-05	6.336136e-05	5.612616e-05	4.910798e-05
	4.246599e-05	3.629266e-05	3.062258e-05	2.548084e-05	2.091086e-05
	1.695072e-05	1.359508e-05	1.079021e-05	8.459159e-06	6.526019e-06
	4.928711e-06	3.621844e-06	2.572844e-06	1.755917e-06	1.145760e-06
	7.136333e-07	4.262981e-07	2.475655e-07	1.426968e-07	8.334951e-08
	5.002086e-08	3.098143e-08	1.972759e-08	1.278835e-08	8.327732e-09
	5.370390e-09	3.385478e-09	2.068235e-09	1.222960e-09	7.013241e-10
	3.860159e-10	1.968218e-10	8.855015e-11	3.420312e-11	1.150829e-11
	3.515486e-12	1.032036e-12	3.152825e-13	1.063496e-13	3.862738e-14
	1.429463e-14	5.273076e-15	1.935001e-15	7.021241e-16	2.479351e-16
	8.341091e-17	2.602629e-17	7.202731e-18	1.600862e-18	2.080749e-19
	1.000000e-60
massfraction-C2H4
	1.000000e-60	7.474165e-06	1.844663e-05	3.395286e-05	5.506474e-05
	8.294021e-05	1.187764e-04	1.637254e-04	2.188512e-04	2.850969e-04
	3.632659e-04	4.540124e-04	5.578428e-04	6.751222e-04	8.060844e-04
	9.508447e-04	1.109416e-03	1.281727e-03	1.467635e-03	1.666942e-03
	1.879403e-03	2.104739e-03	2.342644e-03	2.592800e-03	2.854891e-03
	3.128625e-03	3.413771e-03	3.710221e-03	4.018087e-03	4.337793e-03
	4.670083e-03	5.015265e-03	5.371764e-03	5.736252e-03	6.106050e-03
	6.481363e-03	6.865270e-03	7.261524e-03	7.671726e-03	8.093884e-03
	8.524079e-03	8.960012e-03	9.402641e-03	9.855182e-03	1.031882e-02
	1.079483e-02	1.128322e-02	1.178402e-02	1.229687e-02	1.281998e-02
	1.334903e-02	1.387503e-02	1.438154e-02	1.484494e-02	1.523968e-02
	1.554602e-02	1.575419e-02	1.586369e-02	1.587926e-02	1.580627e-02
	1.564813e-02	1.540616e-02	1.508075e-02	1.467318e-02	1.418761e-02
	1.363174e-02	1.301618e-02	1.235493e-02	1.166616e-02	1.096883e-02
	1.027649e-02	9.594917e-03	8.925176e-03	8.267660e-03	7.623962e-03
	6.996676e-03	6.388322e-03	5.800769e-03	5.235597e-03	4.694773e-03
	4.180701e-03	3.695455e-03	3.239992e-03	2.814157e-03	2.417728e-03
	2.051762e-03	1.718786e-03	1.421534e-03	1.161497e-03	9.383939e-04
	7.502117e-04	5.933434e-04	4.635118e-04	3.570809e-04	2.713616e-04
	2.038833e-04	1.517879e-04	1.119890e-04	8.167496e-05	5.859110e-05
	4.106387e-05	2.789297e-05	1.820111e-05	1.130596e-05	6.628235e-06
	3.646131e-06	1.884854e-06	9.289639e-07	4.494345e-07	2.213300e-07
	1.143115e-07	6.278245e-08	3.660683e-08	2.243366e-08	1.427934e-08
	9.352066e-09	6.268701e-09	4.296529e-09	3.020234e-09	2.184842e-09
	1.624337e-09	1.231781e-09	9.432523e-10	7.232558e-10	5.523888e-10
	4.185444e-10	3.124406e-10	2.272410e-10	1.589693e-10	1.060522e-10
	6.758420e-11	4.156942e-11	2.494884e-11	1.467699e-11	8.436481e-12
	4.702989e-12	2.514484e-12	1.263148e-12	5.679397e-13	1.944873e-13
	1.000000e-60
massfraction-C2H5
	1.000000e-60	9.466870e-11	2.363739e-10	4.403906e-10	7.230987e-10
	1.102618e-09	1.598175e-09	2.228890e-09	3.013077e-09	3.967676e-09
	5.107872e-09	6.446888e-09	7.995952e-09	9.764385e-09	1.175980e-08
	1.398839e-08	1.645537e-08	1.916545e-08	2.212349e-08	2.533514e-08
	2.880767e-08	3.255084e-08	3.657800e-08	4.090742e-08	4.556368e-08
	5.057963e-08	5.599861e-08	6.187771e-08	6.829241e-08	7.534231e-08
	8.315686e-08	9.188289e-08	1.016449e-07	1.125292e-07	1.246365e-07
	1.381654e-07	1.534593e-07	1.709734e-07	1.911671e-07	2.143846e-07
	2.408511e-07	2.708343e-07	3.048040e-07	3.434361e-07	3.874109e-07
	4.374433e-07	4.943922e-07	5.597125e-07	6.362083e-07	7.293544e-07
	8.495807e-07	1.015422e-06	1.256807e-06	1.617466e-06	2.155905e-06
	2.944429e-06	4.061651e-06	5.575989e-06	7.529537e-06	9.930372e-06
	1.275088e-05	1.592504e-05	1.934592e-05	2.286590e-05	2.630452e-05
	2.947305e-05	3.220357e-05	3.436585e-05	3.588156e-05	3.674035e-05
	3.699185e-05	3.671166e-05	3.597311e-05	3.484076e-05	3.337507e-05
	3.163607e-05	2.968218e-05	2.756759e-05	2.534241e-05	2.305518e-05
	2.075355e-05	1.848081e-05	1.627141e-05	1.415011e-05	1.213704e-05
	1.025506e-05	8.531284e-06	6.990520e-06	5.647390e-06	4.503773e-06
	3.549715e-06	2.765282e-06	2.126374e-06	1.611919e-06	1.205499e-06
	8.919218e-07	6.546713e-07	4.769835e-07	3.442155e-07	2.449488e-07
	1.708559e-07	1.160245e-07	7.617435e-08	4.804087e-08	2.895904e-08
	1.665926e-08	9.198679e-09	4.959449e-09	2.687529e-09	1.512571e-09
	9.050132e-10	5.785903e-10	3.909935e-10	2.744018e-10	1.965021e-10
	1.415131e-10	1.013802e-10	7.174089e-11	5.000650e-11	3.431791e-11
	2.306959e-11	1.487447e-11	8.806274e-12	4.596618e-12	2.135442e-12
	9.275364e-13	3.942466e-13	1.684514e-13	7.316834e-14	3.237640e-14
	1.459412e-14	6.701221e-15	3.127363e-15	1.472539e-15	6.913226e-16
	3.197542e-16	1.440604e-16	6.217004e-17	2.466887e-17	7.736609e-18
	1.000000e-60
massfraction-C3H4
	1.000000e-60	4.827867e-08	1.255752e-07	2.442611e-07	4.190462e-07
	6.674662e-07	1.009586e-06	1.467127e-06	2.062734e-06	2.819211e-06
	3.758818e-06	4.902671e-06	6.270277e-06	7.879191e-06	9.744783e-06
	1.188013e-05	1.429599e-05	1.700091e-05	2.000135e-05	2.330180e-05
	2.690494e-05	3.081180e-05	3.502196e-05	3.953377e-05	4.434472e-05
	4.945188e-05	5.485270e-05	6.054636e-05	6.653585e-05	7.283000e-05
	7.944404e-05	8.638447e-05	9.361909e-05	1.010782e-04	1.087031e-04
	1.164935e-04	1.245097e-04	1.328273e-04	1.414774e-04	1.504152e-04
	1.595534e-04	1.688382e-04	1.782849e-04	1.879564e-04	1.978760e-04
	2.080657e-04	2.185227e-04	2.292461e-04	2.402315e-04	2.514516e-04
	2.628403e-04	2.742580e-04	2.854445e-04	2.960283e-04	3.056227e-04
	3.139531e-04	3.209178e-04	3.265704e-04	3.310608e-04	3.345602e-04
	3.372131e-04	3.391200e-04	3.403414e-04	3.409085e-04	3.408373e-04
	3.401411e-04	3.388374e-04	3.369536e-04	3.345376e-04	3.316570e-04
	3.283728e-04	3.247153e-04	3.206849e-04	3.162674e-04	3.114483e-04
	3.062149e-04	3.005524e-04	2.944373e-04	2.878398e-04	2.807315e-04
	2.730906e-04	2.648955e-04	2.561099e-04	2.466729e-04	2.365109e-04
	2.255774e-04	2.138931e-04	2.015551e-04	1.887151e-04	1.755559e-04
	1.622627e-04	1.489681e-04	1.357408e-04	1.226709e-04	1.099490e-04
	9.782754e-05	8.649994e-05	7.602726e-05	6.636240e-05	5.740839e-05
	4.906883e-05	4.128079e-05	3.402657e-05	2.733485e-05	2.127151e-05
	1.592887e-05	1.141027e-05	7.794401e-06	5.088983e-06	3.203426e-06
	1.972046e-06	1.206372e-06	7.421578e-07	4.613725e-07	2.894211e-07
	1.824214e-07	1.150110e-07	7.232653e-08	4.539919e-08	2.854059e-08
	1.801087e-08	1.139933e-08	7.234592e-09	4.620973e-09	2.981635e-09
	1.938728e-09	1.256525e-09	7.983415e-10	4.887620e-10	2.853976e-10
	1.593838e-10	8.617961e-11	4.566252e-11	2.381145e-11	1.216985e-11
	6.046984e-12	2.889928e-12	1.303298e-12	5.297349e-13	1.657485e-13
	1.000000e-60
massfraction-C3H5
	1.000000e-60	1.140320e-08	2.988839e-08	5.861155e-08	1.013912e-07
	1.628422e-07	2.483163e-07	3.636922e-07	5.151854e-07	7.091441e-07
	9.518525e-07	1.249356e-06	1.607319e-06	2.030915e-06	2.524746e-06
	3.092797e-06	3.738416e-06	4.464329e-06	5.272665e-06	6.164984e-06
	7.142313e-06	8.205194e-06	9.353727e-06	1.058764e-05	1.190639e-05
	1.330928e-05	1.479569e-05	1.636544e-05	1.801940e-05	1.976003e-05
	2.159157e-05	2.351582e-05	2.552383e-05	2.759618e-05	2.971642e-05
	3.188434e-05	3.411655e-05	3.643399e-05	3.884528e-05	4.133772e-05
	4.388684e-05	4.647740e-05	4.911343e-05	5.181215e-05	5.457982e-05
	5.742212e-05	6.033766e-05	6.332535e-05	6.638276e-05	6.950033e-05
	7.265679e-05	7.580900e-05	7.887939e-05	8.176075e-05	8.434682e-05
	8.657034e-05	8.841582e-05	8.990582e-05	9.107698e-05	9.195860e-05
	9.256179e-05	9.287799e-05	9.288313e-05	9.254491e-05	9.183273e-05
	9.072730e-05	8.922587e-05	8.734792e-05	8.514219e-05	8.267921e-05
	8.002544e-05	7.722387e-05	7.429723e-05	7.126206e-05	6.813802e-05
	6.494868e-05	6.171709e-05	5.846259e-05	5.520227e-05	5.195494e-05
	4.874191e-05	4.558269e-05	4.248937e-05	3.946523e-05	3.651099e-05
	3.363532e-05	3.085934e-05	2.821053e-05	2.571261e-05	2.338052e-05
	2.121822e-05	1.921515e-05	1.735061e-05	1.560857e-05	1.398708e-05
	1.249239e-05	1.112555e-05	9.876105e-06	8.725733e-06	7.654240e-06
	6.644159e-06	5.683716e-06	4.767984e-06	3.899377e-06	3.087287e-06
	2.347571e-06	1.701087e-06	1.168290e-06	7.604382e-07	4.723682e-07
	2.838477e-07	1.677230e-07	9.871529e-08	5.818952e-08	3.430666e-08
	2.013554e-08	1.171067e-08	6.738774e-09	3.857738e-09	2.226174e-09
	1.316375e-09	8.087761e-10	5.202930e-10	3.491219e-10	2.406182e-10
	1.671434e-10	1.148887e-10	7.672797e-11	4.893694e-11	2.949448e-11
	1.683789e-11	9.221700e-12	4.910999e-12	2.558604e-12	1.300674e-12
	6.407037e-13	3.028606e-13	1.349128e-13	5.414667e-14	1.674139e-14
	1.000000e-60
massfraction-C3H6
	1.000000e-60	8.763739e-08	2.318910e-07	4.593508e-07	8.028717e-07
	1.302829e-06	2.006830e-06	2.968080e-06	4.243810e-06	5.893464e-06
	7.976880e-06	1.055259e-05	1.367636e-05	1.740002e-05	2.177054e-05
	2.682938e-05	3.261222e-05	3.914886e-05	4.646339e-05	5.457435e-05
	6.349498e-05	7.323359e-05	8.379398e-05	9.517606e-05	1.073767e-04
	1.203908e-04	1.342139e-04	1.488448e-04	1.642921e-04	1.805789e-04
	1.977445e-04	2.158054e-04	2.346765e-04	2.541732e-04	2.741378e-04
	2.945649e-04	3.156075e-04	3.374591e-04	3.601964e-04	3.836942e-04
	4.077152e-04	4.321087e-04	4.569051e-04	4.822567e-04	5.082105e-04
	5.348029e-04	5.619967e-04	5.897463e-04	6.179729e-04	6.464988e-04
	6.749812e-04	7.027850e-04	7.288288e-04	7.516161e-04	7.695679e-04
	7.814961e-04	7.868693e-04	7.857591e-04	7.785598e-04	7.656945e-04
	7.474785e-04	7.241418e-04	6.959251e-04	6.631994e-04	6.265726e-04
	5.868821e-04	5.451007e-04	5.023287e-04	4.598012e-04	4.186450e-04
	3.795378e-04	3.426567e-04	3.079218e-04	2.752386e-04	2.445854e-04
	2.159879e-04	1.894611e-04	1.649854e-04	1.425252e-04	1.220555e-04
	1.035596e-04	8.699768e-05	7.228570e-05	5.930421e-05	4.793680e-05
	3.810477e-05	2.975922e-05	2.283931e-05	1.724025e-05	1.281458e-05
	9.388068e-06	6.775757e-06	4.806544e-06	3.343401e-06	2.280910e-06
	1.530510e-06	1.012986e-06	6.612781e-07	4.241571e-07	2.654086e-07
	1.604286e-07	9.258738e-08	5.035518e-08	2.545119e-08	1.178669e-08
	4.939336e-09	1.861041e-09	6.337861e-10	1.992385e-10	5.992533e-11
	1.805022e-11	5.701501e-12	1.956649e-12	7.445591e-13	3.167834e-13
	1.511359e-13	8.112833e-14	4.952023e-14	3.504698e-14	2.885192e-14
	2.646141e-14	2.526097e-14	2.356651e-14	2.058727e-14	1.666583e-14
	1.267405e-14	9.170565e-15	6.319016e-15	4.113326e-15	2.510469e-15
	1.440250e-15	7.867846e-16	4.153724e-16	2.136112e-16	1.068948e-16
	5.175132e-17	2.402515e-17	1.051107e-17	4.146566e-18	1.262345e-18
	1.000000e-60
massfraction-N-C3H7
	1.000000e-60	1.693099e-11	4.486722e-11	8.901923e-11	1.558462e-10
	2.533064e-10	3.908073e-10	5.788913e-10	8.289271e-10	1.152753e-09
	1.562315e-09	2.069325e-09	2.684971e-09	3.419670e-09	4.282881e-09
	5.282969e-09	6.427130e-09	7.721367e-09	9.170484e-09	1.077808e-08
	1.254653e-08	1.447691e-08	1.656890e-08	1.882044e-08	2.122727e-08
	2.378197e-08	2.647223e-08	2.927805e-08	3.216676e-08	3.508403e-08
	3.793818e-08	4.057072e-08	4.272395e-08	4.404756e-08	4.416081e-08
	4.273970e-08	3.962141e-08	3.496687e-08	2.942955e-08	2.403620e-08
	1.961366e-08	1.634952e-08	1.399999e-08	1.228144e-08	1.100738e-08
	1.007049e-08	9.402309e-09	8.959888e-09	8.720868e-09	8.679403e-09
	8.847042e-09	9.255914e-09	9.962265e-09	1.104998e-08	1.263556e-08
	1.486675e-08	1.788909e-08	2.177769e-08	2.648789e-08	3.186034e-08
	3.765487e-08	4.357813e-08	4.930482e-08	5.450013e-08	5.885174e-08
	6.211586e-08	6.415090e-08	6.492460e-08	6.451489e-08	6.309566e-08
	6.088181e-08	5.806696e-08	5.480161e-08	5.120580e-08	4.738561e-08
	4.343869e-08	3.945069e-08	3.549236e-08	3.162248e-08	2.789350e-08
	2.435264e-08	2.103708e-08	1.796925e-08	1.515800e-08	1.260690e-08
	1.032330e-08	8.318583e-09	6.599647e-09	5.160908e-09	3.983580e-09
	3.038711e-09	2.290682e-09	1.703687e-09	1.248148e-09	9.012083e-10
	6.430416e-10	4.545708e-10	3.183458e-10	2.201615e-10	1.494607e-10
	9.879013e-11	6.296304e-11	3.827260e-11	2.192605e-11	1.169238e-11
	5.737687e-12	2.573849e-12	1.059164e-12	4.070587e-13	1.508242e-13
	5.610877e-14	2.181227e-14	9.130003e-15	4.189013e-15	2.131474e-15
	1.220271e-15	8.056471e-16	6.387934e-16	6.434678e-16	8.665575e-16
	1.595736e-15	3.605672e-15	6.111465e-15	6.288197e-15	5.024062e-15
	3.645875e-15	2.527441e-15	1.681173e-15	1.061858e-15	6.314383e-16
	3.546782e-16	1.907527e-16	9.963516e-17	5.087468e-17	2.533332e-17
	1.221942e-17	5.655549e-18	2.467730e-18	9.711978e-19	2.950609e-19
	1.000000e-60
massfraction-I-C3H7
	1.000000e-60	1.732898e-10	4.592204e-10	9.111302e-10	1.595153e-09
	2.592798e-09	4.000461e-09	5.926247e-09	8.486857e-09	1.180401e-08
	1.600081e-08	2.119844e-08	2.751326e-08	3.505468e-08	4.392349e-08
	5.421109e-08	6.599943e-08	7.936185e-08	9.436451e-08	1.110684e-07
	1.295319e-07	1.498142e-07	1.719788e-07	1.960988e-07	2.222616e-07
	2.505750e-07	2.811749e-07	3.142337e-07	3.499716e-07	3.886643e-07
	4.306320e-07	4.761073e-07	5.249478e-07	5.764888e-07	6.297103e-07
	6.834066e-07	7.359259e-07	7.843657e-07	8.236310e-07	8.462911e-07
	8.441481e-07	8.110827e-07	7.459133e-07	6.548785e-07	5.521576e-07
	4.554709e-07	3.768960e-07	3.184782e-07	2.763726e-07	2.463657e-07
	2.257347e-07	2.130562e-07	2.078401e-07	2.102849e-07	2.211212e-07
	2.413909e-07	2.718611e-07	3.121472e-07	3.603107e-07	4.132331e-07
	4.672424e-07	5.185473e-07	5.635348e-07	5.990498e-07	6.227278e-07
	6.333435e-07	6.309227e-07	6.166174e-07	5.925362e-07	5.613513e-07
	5.256005e-07	4.871879e-07	4.474030e-07	4.071919e-07	3.673496e-07
	3.285624e-07	2.913719e-07	2.561612e-07	2.231979e-07	1.926892e-07
	1.647929e-07	1.395836e-07	1.170280e-07	9.700625e-08	7.937829e-08
	6.404464e-08	5.094128e-08	3.998142e-08	3.101049e-08	2.381038e-08
	1.812415e-08	1.367873e-08	1.022113e-08	7.551106e-09	5.519017e-09
	4.001038e-09	2.883410e-09	2.065035e-09	1.464871e-09	1.023224e-09
	6.982814e-10	4.612486e-10	2.918103e-10	1.747817e-10	9.789919e-11
	5.069268e-11	2.409901e-11	1.055102e-11	4.329373e-12	1.717751e-12
	6.855718e-13	2.858971e-13	1.280087e-13	6.244294e-14	3.343431e-14
	1.981645e-14	1.319125e-14	1.004108e-14	8.629402e-15	7.426802e-15
	5.419185e-15	3.242865e-15	1.703757e-15	8.525776e-16	4.321472e-16
	2.286500e-16	1.261709e-16	7.113596e-17	3.986406e-17	2.169034e-17
	1.134411e-17	5.722989e-18	2.808659e-18	1.346154e-18	6.279895e-19
	2.833250e-19	1.226779e-19	5.026616e-20	1.875295e-20	5.492449e-21
	1.000000e-60
massfraction-C3H8
	1.000000e+00	9.990160e-01	9.976932e-01	9.959718e-01	9.938003e-01
	9.911272e-01	9.879045e-01	9.840922e-01	9.796594e-01	9.745840e-01
	9.688515e-01	9.624543e-01	9.553904e-01	9.476620e-01	9.392749e-01
	9.302376e-01	9.205602e-01	9.102543e-01	8.993321e-01	8.878061e-01
	8.756895e-01	8.629951e-01	8.497363e-01	8.359256e-01	8.215749e-01
	8.066944e-01	7.912905e-01	7.753629e-01	7.588999e-01	7.418732e-01
	7.242380e-01	7.059733e-01	6.871571e-01	6.679591e-01	6.485137e-01
	6.288039e-01	6.086625e-01	5.878876e-01	5.663902e-01	5.442693e-01
	5.217239e-01	4.988681e-01	4.756443e-01	4.519244e-01	4.275336e-01
	4.024411e-01	3.766235e-01	3.500490e-01	3.226887e-01	2.945651e-01
	2.657910e-01	2.366620e-01	2.077857e-01	1.800747e-01	1.545128e-01
	1.318183e-01	1.122704e-01	9.573807e-02	8.182465e-02	7.005516e-02
	6.000151e-02	5.133151e-02	4.380532e-02	3.725684e-02	3.157245e-02
	2.666333e-02	2.244853e-02	1.885740e-02	1.583039e-02	1.330427e-02
	1.120220e-02	9.443269e-03	7.957837e-03	6.693994e-03	5.614822e-03
	4.692878e-03	3.905798e-03	3.234427e-03	2.662628e-03	2.177252e-03
	1.767404e-03	1.423366e-03	1.136009e-03	8.969356e-04	6.990468e-04
	5.368561e-04	4.060492e-04	3.026659e-04	2.226338e-04	1.618532e-04
	1.164317e-04	8.285025e-05	5.818634e-05	4.024715e-05	2.743084e-05
	1.847738e-05	1.233511e-05	8.159492e-06	5.327647e-06	3.409724e-06
	2.118901e-06	1.264267e-06	7.151352e-07	3.781882e-07	1.842146e-07
	8.146785e-08	3.239442e-08	1.159096e-08	3.792920e-09	1.171052e-09
	3.553284e-10	1.102709e-10	3.597362e-11	1.247311e-11	4.591551e-12
	1.785908e-12	7.321638e-13	3.174002e-13	1.468956e-13	7.331905e-14
	3.954420e-14	2.284508e-14	1.394319e-14	8.865290e-15	5.791849e-15
	3.832554e-15	2.525880e-15	1.626470e-15	1.004113e-15	5.872683e-16
	3.258934e-16	1.737192e-16	9.013531e-17	4.578668e-17	2.270475e-17
	1.091334e-17	5.035914e-18	2.191628e-18	8.605865e-19	2.609580e-19
	1.000000e-60
V [kg/(s*m^2)]
	4.237781e-01	4.054966e-01	3.874694e-01	3.699933e-01	3.532632e-01
	3.373253e-01	3.221671e-01	3.077636e-01	2.940796e-01	2.810727e-01
	2.686958e-01	2.568996e-01	2.456344e-01	2.348514e-01	2.245043e-01
	2.145496e-01	2.049472e-01	1.956602e-01	1.866551e-01	1.779018e-01
	1.693733e-01	1.610457e-01	1.528978e-01	1.449107e-01	1.370672e-01
	1.293515e-01	1.217477e-01	1.142391e-01	1.068059e-01	9.942362e-02
	9.206423e-02	8.471234e-02	7.739246e-02	7.015980e-02	6.304997e-02
	5.604071e-02	4.906009e-02	4.203098e-02	3.491965e-02	2.775494e-02
	2.059390e-02	1.346162e-02	6.327931e-03	-8.651143e-04	-8.166671e-03
	-1.560582e-02	-2.320370e-02	-3.098721e-02	-3.898647e-02	-4.722212e-02
	-5.569524e-02	-6.435996e-02	-7.308106e-02	-8.162417e-02	-8.971030e-02
	-9.711025e-02	-1.037046e-01	-1.094920e-01	-1.145604e-01	-1.190360e-01
	-1.230423e-01	-1.266804e-01	-1.300254e-01	-1.331291e-01	-1.360237e-01
	-1.387304e-01	-1.412664e-01	-1.436421e-01	-1.458583e-01	-1.479159e-01
	-1.498284e-01	-1.516218e-01	-1.533251e-01	-1.549622e-01	-1.565491e-01
	-1.580965e-01	-1.596132e-01	-1.611079e-01	-1.625892e-01	-1.640632e-01
	-1.655344e-01	-1.670069e-01	-1.684872e-01	-1.699854e-01	-1.715132e-01
	-1.730779e-01	-1.746795e-01	-1.763113e-01	-1.779638e-01	-1.796282e-01
	-1.812981e-01	-1.829758e-01	-1.846728e-01	-1.863993e-01	-1.881531e-01
	-1.899209e-01	-1.916914e-01	-1.934677e-01	-1.952680e-01	-1.971236e-01
	-1.990744e-01	-2.011670e-01	-2.034542e-01	-2.059951e-01	-2.088571e-01
	-2.121142e-01	-2.158362e-01	-2.200689e-01	-2.248093e-01	-2.299945e-01
	-2.355058e-01	-2.412031e-01	-2.469862e-01	-2.528359e-01	-2.588122e-01
	-2.650240e-01	-2.716037e-01	-2.786852e-01	-2.863676e-01	-2.947084e-01
	-3.037793e-01	-3.137157e-01	-3.246157e-01	-3.363753e-01	-3.487242e-01
	-3.614927e-01	-3.748159e-01	-3.890924e-01	-4.047904e-01	-4.221481e-01
	-4.409349e-01	-4.605862e-01	-4.805827e-01	-5.007105e-01	-5.210396e-01
	-5.417158e-01	-5.628374e-01	-5.844467e-01	-6.065114e-01	-6.288399e-01
	-6.511921e-01
density [kg/m^3]
	1.767629e+00	1.765129e+00	1.761788e+00	1.757341e+00	1.751463e+00
	1.743751e+00	1.733738e+00	1.720920e+00	1.704797e+00	1.684916e+00
	1.660915e+00	1.632572e+00	1.599830e+00	1.562821e+00	1.521854e+00
	1.477401e+00	1.430051e+00	1.380467e+00	1.329339e+00	1.277342e+00
	1.225100e+00	1.173165e+00	1.122004e+00	1.071993e+00	1.023423e+00
	9.765012e-01	9.313580e-01	8.880552e-01	8.465887e-01	8.068967e-01
	7.688784e-01	7.324866e-01	6.978440e-01	6.651662e-01	6.345268e-01
	6.057338e-01	5.784215e-01	5.522565e-01	5.271060e-01	5.030591e-01
	4.802677e-01	4.587513e-01	4.383625e-01	4.188791e-01	4.002008e-01
	3.822341e-01	3.649314e-01	3.482457e-01	3.321436e-01	3.166198e-01
	3.017075e-01	2.875099e-01	2.742355e-01	2.621668e-01	2.515532e-01
	2.425000e-01	2.349451e-01	2.287028e-01	2.235293e-01	2.191871e-01
	2.154798e-01	2.122609e-01	2.094263e-01	2.069043e-01	2.046471e-01
	2.026199e-01	2.007949e-01	1.991510e-01	1.976755e-01	1.963563e-01
	1.951747e-01	1.941062e-01	1.931274e-01	1.922207e-01	1.913746e-01
	1.905815e-01	1.898362e-01	1.891340e-01	1.884715e-01	1.878470e-01
	1.872605e-01	1.867127e-01	1.862043e-01	1.857359e-01	1.853099e-01
	1.849317e-01	1.846101e-01	1.843560e-01	1.841800e-01	1.840913e-01
	1.840974e-01	1.842050e-01	1.844220e-01	1.847584e-01	1.852221e-01
	1.858149e-01	1.865337e-01	1.873772e-01	1.883520e-01	1.894754e-01
	1.907765e-01	1.922963e-01	1.940881e-01	1.962186e-01	1.987711e-01
	2.018473e-01	2.055620e-01	2.100294e-01	2.153406e-01	2.215447e-01
	2.286344e-01	2.365595e-01	2.452947e-01	2.549165e-01	2.656489e-01
	2.778669e-01	2.921004e-01	3.090334e-01	3.294428e-01	3.541586e-01
	3.842094e-01	4.209966e-01	4.658236e-01	5.187521e-01	5.781112e-01
	6.416793e-01	7.081498e-01	7.770646e-01	8.474883e-01	9.164377e-01
	9.789480e-01	1.030716e+00	1.070379e+00	1.099219e+00	1.119540e+00
	1.133511e+00	1.142875e+00	1.148988e+00	1.152866e+00	1.155252e+00
	1.156679e+00
cp [J/m^3K]
	1.677129e+03	1.677336e+03	1.677706e+03	1.678379e+03	1.679559e+03
	1.681514e+03	1.684581e+03	1.689150e+03	1.695645e+03	1.704494e+03
	1.716103e+03	1.730823e+03	1.748924e+03	1.770574e+03	1.795827e+03
	1.824618e+03	1.856764e+03	1.891983e+03	1.929900e+03	1.970075e+03
	2.012014e+03	2.055193e+03	2.099071e+03	2.143112e+03	2.186791e+03
	2.229611e+03	2.271110e+03	2.310873e+03	2.348535e+03	2.383785e+03
	2.416341e+03	2.445880e+03	2.471964e+03	2.494163e+03	2.512268e+03
	2.526303e+03	2.536362e+03	2.542426e+03	2.544342e+03	2.541953e+03
	2.535247e+03	2.524320e+03	2.509228e+03	2.490018e+03	2.466260e+03
	2.437808e+03	2.400091e+03	2.358154e+03	2.311765e+03	2.260779e+03
	2.205243e+03	2.145642e+03	2.083278e+03	2.020413e+03	1.959815e+03
	1.903888e+03	1.854045e+03	1.810589e+03	1.772981e+03	1.740303e+03
	1.711630e+03	1.686201e+03	1.663454e+03	1.642999e+03	1.624583e+03
	1.608021e+03	1.593148e+03	1.579834e+03	1.567990e+03	1.557517e+03
	1.548250e+03	1.539975e+03	1.532489e+03	1.525637e+03	1.519308e+03
	1.513428e+03	1.507933e+03	1.502768e+03	1.497882e+03	1.493238e+03
	1.488804e+03	1.484555e+03	1.480459e+03	1.476475e+03	1.472567e+03
	1.468707e+03	1.464889e+03	1.461122e+03	1.457415e+03	1.453777e+03
	1.450206e+03	1.446687e+03	1.443182e+03	1.439662e+03	1.436121e+03
	1.432574e+03	1.429034e+03	1.425485e+03	1.421881e+03	1.418152e+03
	1.414206e+03	1.409939e+03	1.405228e+03	1.399932e+03	1.393888e+03
	1.386910e+03	1.378814e+03	1.369463e+03	1.358829e+03	1.347026e+03
	1.334308e+03	1.321002e+03	1.307355e+03	1.293435e+03	1.279124e+03
	1.264192e+03	1.248362e+03	1.231381e+03	1.213126e+03	1.193053e+03
	1.169298e+03	1.143427e+03	1.117680e+03	1.094415e+03	1.075173e+03
	1.060065e+03	1.048290e+03	1.038940e+03	1.031387e+03	1.025329e+03
	1.020646e+03	1.017194e+03	1.014748e+03	1.013050e+03	1.011877e+03
	1.011072e+03	1.010523e+03	1.010152e+03	1.009905e+03	1.009741e+03
	1.009633e+03
lambda [W/m]
	1.571348e-02	1.575165e-02	1.580026e-02	1.586283e-02	1.594397e-02
	1.604988e-02	1.618821e-02	1.636788e-02	1.659877e-02	1.689138e-02
	1.725648e-02	1.770462e-02	1.824576e-02	1.888892e-02	1.964184e-02
	2.051075e-02	2.150022e-02	2.261309e-02	2.385042e-02	2.521158e-02
	2.669429e-02	2.829479e-02	3.000800e-02	3.182775e-02	3.374704e-02
	3.575838e-02	3.785422e-02	4.002757e-02	4.227279e-02	4.458630e-02
	4.696662e-02	4.940889e-02	5.189515e-02	5.439639e-02	5.688992e-02
	5.937381e-02	6.186507e-02	6.438386e-02	6.693552e-02	6.950334e-02
	7.206077e-02	7.459303e-02	7.710489e-02	7.961011e-02	8.211751e-02
	8.462409e-02	8.702422e-02	8.944106e-02	9.187380e-02	9.431777e-02
	9.676187e-02	9.918204e-02	1.015326e-01	1.037486e-01	1.057645e-01
	1.075373e-01	1.090570e-01	1.103420e-01	1.114283e-01	1.123558e-01
	1.131596e-01	1.138671e-01	1.144981e-01	1.150663e-01	1.155808e-01
	1.160481e-01	1.164733e-01	1.168602e-01	1.172107e-01	1.175264e-01
	1.178110e-01	1.180694e-01	1.183066e-01	1.185263e-01	1.187305e-01
	1.189206e-01	1.190972e-01	1.192606e-01	1.194110e-01	1.195477e-01
	1.196698e-01	1.197760e-01	1.198646e-01	1.199337e-01	1.199804e-01
	1.200009e-01	1.199900e-01	1.199427e-01	1.198541e-01	1.197201e-01
	1.195374e-01	1.193023e-01	1.190098e-01	1.186542e-01	1.182324e-01
	1.177463e-01	1.171998e-01	1.165948e-01	1.159280e-01	1.151898e-01
	1.143647e-01	1.134322e-01	1.123673e-01	1.111409e-01	1.097195e-01
	1.080666e-01	1.061486e-01	1.039447e-01	1.014592e-01	9.872687e-02
	9.581130e-02	9.278828e-02	8.971359e-02	8.660184e-02	8.342698e-02
	8.013994e-02	7.668437e-02	7.301227e-02	6.910777e-02	6.497048e-02
	6.056495e-02	5.599650e-02	5.142630e-02	4.708575e-02	4.318732e-02
	3.980954e-02	3.690158e-02	3.437435e-02	3.217318e-02	3.030397e-02
	2.880276e-02	2.767396e-02	2.686899e-02	2.631232e-02	2.593291e-02
	2.567731e-02	2.550773e-02	2.539726e-02	2.532673e-02	2.528275e-02
	2.525581e-02
mu [kg/s^2m]
	8.255382e-06	8.265008e-06	8.278815e-06	8.298247e-06	8.325035e-06
	8.361333e-06	8.409708e-06	8.473050e-06	8.554481e-06	8.657238e-06
	8.784533e-06	8.939411e-06	9.124608e-06	9.342441e-06	9.594718e-06
	9.882694e-06	1.020707e-05	1.056800e-05	1.096521e-05	1.139802e-05
	1.186545e-05	1.236632e-05	1.289933e-05	1.346318e-05	1.405658e-05
	1.467842e-05	1.532785e-05	1.600440e-05	1.670831e-05	1.744064e-05
	1.820339e-05	1.899772e-05	1.982062e-05	2.066512e-05	2.152579e-05
	2.240390e-05	2.330764e-05	2.424706e-05	2.522751e-05	2.624595e-05
	2.729464e-05	2.836965e-05	2.947510e-05	3.061996e-05	3.181255e-05
	3.305830e-05	3.436201e-05	3.572930e-05	3.716569e-05	3.867467e-05
	4.025539e-05	4.189685e-05	4.356900e-05	4.522025e-05	4.678878e-05
	4.822289e-05	4.949456e-05	5.060151e-05	5.156076e-05	5.239751e-05
	5.313653e-05	5.379807e-05	5.439725e-05	5.494462e-05	5.544700e-05
	5.590918e-05	5.633512e-05	5.672756e-05	5.708761e-05	5.741638e-05
	5.771690e-05	5.799401e-05	5.825273e-05	5.849696e-05	5.872923e-05
	5.895112e-05	5.916378e-05	5.936825e-05	5.956534e-05	5.975543e-05
	5.993849e-05	6.011433e-05	6.028283e-05	6.044403e-05	6.059768e-05
	6.074266e-05	6.087673e-05	6.099695e-05	6.110031e-05	6.118415e-05
	6.124635e-05	6.128540e-05	6.129987e-05	6.128795e-05	6.124793e-05
	6.117924e-05	6.108258e-05	6.095880e-05	6.080771e-05	6.062726e-05
	6.041331e-05	6.015976e-05	5.985854e-05	5.949974e-05	5.907139e-05
	5.855965e-05	5.795029e-05	5.723168e-05	5.639883e-05	5.545623e-05
	5.441890e-05	5.330846e-05	5.214216e-05	5.092365e-05	4.964079e-05
	4.827052e-05	4.678404e-05	4.515309e-05	4.336119e-05	4.140931e-05
	3.930537e-05	3.705757e-05	3.470512e-05	3.235013e-05	3.012273e-05
	2.810432e-05	2.630295e-05	2.469299e-05	2.326030e-05	2.202393e-05
	2.101955e-05	2.025880e-05	1.971424e-05	1.933736e-05	1.908096e-05
	1.890902e-05	1.879582e-05	1.872294e-05	1.867720e-05	1.864937e-05
	1.863292e-05
mDot_C3H8 [kg/m^3s]
	0.000000e+00	-7.118066e-12	-1.985758e-11	-4.301260e-11	-8.410130e-11
	-1.549641e-10	-2.744375e-10	-4.729933e-10	-8.012381e-10	-1.345422e-09
	-2.255825e-09	-3.798902e-09	-6.453436e-09	-1.108812e-08	-1.928915e-08
	-3.396269e-08	-6.043710e-08	-1.084686e-07	-1.958707e-07	-3.550505e-07
	-6.447273e-07	-1.170832e-06	-2.123470e-06	-3.841456e-06	-6.922951e-06
	-1.241097e-05	-2.209720e-05	-3.901080e-05	-6.819902e-05	-1.179773e-04
	-2.019358e-04	-3.418217e-04	-5.706919e-04	-9.360812e-04	-1.505666e-03
	-2.380321e-03	-3.718304e-03	-5.769600e-03	-8.913747e-03	-1.369410e-02
	-2.086677e-02	-3.152223e-02	-4.732887e-02	-7.090122e-02	-1.063079e-01
	-1.598360e-01	-2.413348e-01	-3.665314e-01	-5.608501e-01	-8.656334e-01
	-1.348309e+00	-2.117066e+00	-3.336954e+00	-5.242141e+00	-8.143687e+00
	-1.243667e+01	-1.857807e+01	-2.699076e+01	-3.792933e+01	-5.139125e+01
	-6.709717e+01	-8.449832e+01	-1.028021e+02	-1.210209e+02	-1.380642e+02
	-1.529045e+02	-1.647382e+02	-1.730607e+02	-1.777124e+02	-1.789026e+02
	-1.770994e+02	-1.728291e+02	-1.665516e+02	-1.586536e+02	-1.494833e+02
	-1.393696e+02	-1.286141e+02	-1.174804e+02	-1.061998e+02	-9.498540e+01
	-8.403645e+01	-7.352273e+01	-6.356735e+01	-5.424730e+01	-4.561858e+01
	-3.774734e+01	-3.071307e+01	-2.457975e+01	-1.936592e+01	-1.503869e+01
	-1.152192e+01	-8.707427e+00	-6.478949e+00	-4.737524e+00	-3.405063e+00
	-2.411479e+00	-1.686710e+00	-1.164919e+00	-7.915969e-01	-5.257558e-01
	-3.381772e-01	-2.083097e-01	-1.212818e-01	-6.576229e-02	-3.267051e-02
	-1.462713e-02	-5.827794e-03	-2.060703e-03	-6.549166e-04	-1.924550e-04
	-5.439323e-05	-1.539022e-05	-4.484166e-06	-1.360018e-06	-4.279205e-07
	-1.383877e-07	-4.559685e-08	-1.524923e-08	-5.201394e-09	-1.828037e-09
	-6.655630e-10	-2.493666e-10	-9.489846e-11	-3.644349e-11	-1.426352e-11
	-5.786892e-12	-2.435057e-12	-1.038803e-12	-4.343589e-13	-1.735763e-13
	-6.606360e-14	-2.426152e-14	-8.712514e-15	-3.063385e-15	-1.041840e-15
	-3.362047e-16	-1.003605e-16	-2.653250e-17	-5.628239e-18	-6.928980e-19
	0.000000e+00
ScalarDissRate [1/s]
	1.519622e-04	2.956225e-04	9.091317e-04	2.613078e-03	6.974442e-03
	1.730483e-02	4.004578e-02	8.674628e-02	1.766025e-01	3.393436e-01
	6.180968e-01	1.071768e+00	1.776482e+00	2.825723e+00	4.328959e+00
	6.408751e+00	9.196521e+00	1.282729e+01	1.743372e+01	2.313975e+01
	3.005427e+01	3.826512e+01	4.783378e+01	5.879106e+01	7.113413e+01
	8.482532e+01	9.979293e+01	1.159350e+02	1.331260e+02	1.512230e+02
	1.700670e+02	1.894385e+02	2.089835e+02	2.282460e+02	2.468233e+02
	2.644784e+02	2.810993e+02	2.965602e+02	3.106076e+02	3.228718e+02
	3.330041e+02	3.407952e+02	3.461699e+02	3.490188e+02	3.492796e+02
	3.467170e+02	3.414163e+02	3.332592e+02	3.223898e+02	3.089091e+02
	2.930293e+02	2.751517e+02	2.559723e+02	2.364839e+02	2.177702e+02
	2.006874e+02	1.856801e+02	1.727918e+02	1.617934e+02	1.523512e+02
	1.441432e+02	1.369091e+02	1.304554e+02	1.246456e+02	1.193881e+02
	1.146164e+02	1.102748e+02	1.063223e+02	1.027352e+02	9.949113e+01
	9.655028e+01	9.385698e+01	9.135578e+01	8.900328e+01	8.676989e+01
	8.463545e+01	8.258377e+01	8.059977e+01	7.866988e+01	7.678384e+01
	7.493467e+01	7.311606e+01	7.131916e+01	6.953144e+01	6.773969e+01
	6.593606e+01	6.412190e+01	6.230592e+01	6.049912e+01	5.871158e+01
	5.694985e+01	5.521155e+01	5.348527e+01	5.176184e+01	5.004505e+01
	4.834917e+01	4.668550e+01	4.505200e+01	4.343316e+01	4.180428e+01
	4.013586e+01	3.839721e+01	3.655829e+01	3.459108e+01	3.247073e+01
	3.017934e+01	2.771589e+01	2.510823e+01	2.242072e+01	1.974623e+01
	1.718700e+01	1.482657e+01	1.270482e+01	1.081791e+01	9.136930e+00
	7.629764e+00	6.272351e+00	5.053001e+00	3.973410e+00	3.041241e+00
	2.259420e+00	1.621352e+00	1.119749e+00	7.464171e-01	4.845387e-01
	3.082800e-01	1.915282e-01	1.146648e-01	6.503632e-02	3.455918e-02
	1.725873e-02	8.219050e-03	3.788452e-03	1.700641e-03	7.410629e-04
	3.114968e-04	1.256853e-04	4.852948e-05	1.791733e-05	6.361243e-06
	3.504646e-06
ZBilger
	1.000000e+00	9.991775e-01	9.980569e-01	9.965834e-01	9.947092e-01
	9.923872e-01	9.895731e-01	9.862301e-01	9.823294e-01	9.778503e-01
	9.727793e-01	9.671090e-01	9.608373e-01	9.539663e-01	9.465016e-01
	9.384512e-01	9.298248e-01	9.206336e-01	9.108895e-01	9.006046e-01
	8.897918e-01	8.784636e-01	8.666328e-01	8.543117e-01	8.415119e-01
	8.282430e-01	8.145118e-01	8.003186e-01	7.856535e-01	7.704920e-01
	7.547949e-01	7.385438e-01	7.218087e-01	7.047407e-01	6.874596e-01
	6.699501e-01	6.520637e-01	6.336214e-01	6.145443e-01	5.949206e-01
	5.749270e-01	5.546643e-01	5.340814e-01	5.130578e-01	4.914521e-01
	4.692297e-01	4.463696e-01	4.228427e-01	3.986223e-01	3.737261e-01
	3.482503e-01	3.224508e-01	2.968564e-01	2.722630e-01	2.495285e-01
	2.292771e-01	2.117483e-01	1.968216e-01	1.841429e-01	1.732874e-01
	1.638696e-01	1.555883e-01	1.482241e-01	1.416257e-01	1.356930e-01
	1.303529e-01	1.255434e-01	1.212170e-01	1.173428e-01	1.138893e-01
	1.108050e-01	1.080229e-01	1.054785e-01	1.031220e-01	1.009191e-01
	9.884614e-02	9.688388e-02	9.501489e-02	9.322380e-02	9.149886e-02
	8.983171e-02	8.821484e-02	8.663880e-02	8.509138e-02	8.356040e-02
	8.203880e-02	8.052757e-02	7.903374e-02	7.756596e-02	7.613176e-02
	7.473554e-02	7.337435e-02	7.203825e-02	7.071909e-02	6.941836e-02
	6.814464e-02	6.690335e-02	6.568926e-02	6.448676e-02	6.327287e-02
	6.202004e-02	6.069792e-02	5.927356e-02	5.771121e-02	5.597165e-02
	5.401397e-02	5.180368e-02	4.932623e-02	4.660184e-02	4.368998e-02
	4.068203e-02	3.767654e-02	3.474324e-02	3.190576e-02	2.914995e-02
	2.644673e-02	2.376934e-02	2.110598e-02	1.847235e-02	1.590695e-02
	1.344678e-02	1.111701e-02	8.958946e-03	7.044017e-03	5.431238e-03
	4.122058e-03	3.070694e-03	2.224353e-03	1.547855e-03	1.026089e-03
	6.491167e-04	3.960117e-04	2.357861e-04	1.380124e-04	7.962168e-05
	4.538821e-05	2.564334e-05	1.427646e-05	7.518457e-06	3.163397e-06
	0.000000e+00
ScalarDissRateBilger [1/s]
	2.150701e-02	3.060909e-02	5.745926e-02	1.036577e-01	1.792171e-01
	2.974375e-01	4.752081e-01	7.329511e-01	1.094477e+00	1.586681e+00
	2.239157e+00	3.083771e+00	4.154234e+00	5.485711e+00	7.114438e+00
	9.077390e+00	1.141198e+01	1.415583e+01	1.734646e+01	2.102106e+01
	2.521610e+01	2.996697e+01	3.530764e+01	4.127025e+01	4.788499e+01
	5.518006e+01	6.318232e+01	7.191892e+01	8.142041e+01	9.172432e+01
	1.028763e+02	1.149034e+02	1.277578e+02	1.413114e+02	1.554397e+02
	1.701137e+02	1.854087e+02	2.014212e+02	2.181480e+02	2.354178e+02
	2.529571e+02	2.705372e+02	2.878441e+02	3.051631e+02	3.223561e+02
	3.386875e+02	3.542643e+02	3.684698e+02	3.808196e+02	3.907241e+02
	3.975026e+02	4.004412e+02	3.989645e+02	3.929311e+02	3.828471e+02
	3.697497e+02	3.548247e+02	3.390330e+02	3.229360e+02	3.067508e+02
	2.905010e+02	2.741543e+02	2.577046e+02	2.412165e+02	2.248438e+02
	2.087955e+02	1.932886e+02	1.785459e+02	1.647978e+02	1.522097e+02
	1.408047e+02	1.304800e+02	1.210904e+02	1.125121e+02	1.046577e+02
	9.746368e+01	9.087289e+01	8.482745e+01	7.927267e+01	7.416266e+01
	6.945938e+01	6.512518e+01	6.111647e+01	5.738411e+01	5.388174e+01
	5.057675e+01	4.745377e+01	4.450800e+01	4.173670e+01	3.913640e+01
	3.670191e+01	3.442148e+01	3.227955e+01	3.027150e+01	2.841267e+01
	2.672821e+01	2.523371e+01	2.392592e+01	2.278782e+01	2.179686e+01
	2.093050e+01	2.016775e+01	1.948716e+01	1.886312e+01	1.826190e+01
	1.764037e+01	1.695039e+01	1.614995e+01	1.521811e+01	1.416332e+01
	1.301967e+01	1.183208e+01	1.063758e+01	9.456046e+00	8.293030e+00
	7.149810e+00	6.031872e+00	4.954666e+00	3.946480e+00	3.040778e+00
	2.260620e+00	1.611060e+00	1.092402e+00	7.039041e-01	4.342371e-01
	2.584235e-01	1.479666e-01	8.034492e-02	4.055378e-02	1.876054e-02
	7.972495e-03	3.162083e-03	1.190034e-03	4.279132e-04	1.467055e-04
	4.799288e-05	1.524947e-05	4.941653e-06	1.786869e-06	8.031814e-07
	5.678820e-07
ChiAnalytOverChiStoich
	1.000000e-10	1.000000e-10	1.000000e-10	7.814380e-03	2.061482e-02
	3.883906e-02	6.432566e-02	9.926185e-02	1.461340e-01	2.076426e-01
	2.865903e-01	3.857534e-01	5.077509e-01	6.549192e-01	8.292034e-01
	1.032070e+00	1.264451e+00	1.526709e+00	1.818643e+00	2.139491e+00
	2.487974e+00	2.862336e+00	3.260403e+00	3.679654e+00	4.117291e+00
	4.570325e+00	5.035672e+00	5.510271e+00	5.991233e+00	6.475924e+00
	6.961875e+00	7.445595e+00	7.920781e+00	8.379189e+00	8.814179e+00
	9.222957e+00	9.605329e+00	9.960363e+00	1.028375e+01	1.056794e+01
	1.080516e+01	1.099013e+01	1.111960e+01	1.119012e+01	1.119707e+01
	1.113487e+01	1.099805e+01	1.078137e+01	1.047996e+01	1.009030e+01
	9.611714e+00	9.049626e+00	8.420654e+00	7.755253e+00	7.092582e+00
	6.468650e+00	5.906825e+00	5.415288e+00	4.990310e+00	4.622414e+00
	4.301263e+00	4.018101e+00	3.766277e+00	3.541065e+00	3.339263e+00
	3.158452e+00	2.996492e+00	2.851676e+00	2.722828e+00	2.608722e+00
	2.507484e+00	2.416759e+00	2.334316e+00	2.258447e+00	2.187973e+00
	2.122072e+00	2.060085e+00	2.001415e+00	1.945547e+00	1.892086e+00
	1.840747e+00	1.791280e+00	1.743379e+00	1.696663e+00	1.650760e+00
	1.605461e+00	1.560799e+00	1.516982e+00	1.474259e+00	1.432839e+00
	1.392833e+00	1.354140e+00	1.316466e+00	1.279573e+00	1.243497e+00
	1.208470e+00	1.174624e+00	1.141804e+00	1.109580e+00	1.077342e+00
	1.044383e+00	1.009954e+00	9.732787e-01	9.335573e-01	8.899717e-01
	8.417531e-01	7.884071e-01	7.300432e-01	6.676784e-01	6.032183e-01
	5.391239e-01	4.777314e-01	4.204860e-01	3.677361e-01	3.190824e-01
	2.739276e-01	2.318147e-01	1.926011e-01	1.565536e-01	1.241469e-01
	9.566962e-02	7.112971e-02	5.057365e-02	3.413693e-02	2.164341e-02
	1.242913e-02	5.641850e-03	5.801645e-04	1.000000e-10	1.000000e-10
	1.000000e-10	1.000000e-10	1.000000e-10	1.000000e-10	1.000000e-10
	1.000000e-10	1.000000e-10	1.000000e-10	1.000000e-10	1.000000e-10
	1.000000e-10
ChiKWOverChiKWStoich
	6.196761e-11	6.197973e-11	6.199598e-11	4.846297e-03	1.279078e-02
	2.411305e-02	3.996834e-02	6.173967e-02	9.101363e-02	1.295357e-01
	1.791504e-01	2.417317e-01	3.191109e-01	4.130068e-01	5.249618e-01
	6.562874e-01	8.080231e-01	9.809083e-01	1.175366e+00	1.391497e+00
	1.629079e+00	1.887581e+00	2.166181e+00	2.463794e+00	2.779103e+00
	3.110611e+00	3.456692e+00	3.815687e+00	4.186006e+00	4.566226e+00
	4.955034e+00	5.350288e+00	5.747431e+00	6.139963e+00	6.522341e+00
	6.892132e+00	7.249325e+00	7.593543e+00	7.921435e+00	8.226271e+00
	8.500422e+00	8.738226e+00	8.936123e+00	9.090753e+00	9.197204e+00
	9.249595e+00	9.241626e+00	9.166881e+00	9.018855e+00	8.791618e+00
	8.481122e+00	8.087941e+00	7.622026e+00	7.106200e+00	6.573286e+00
	6.056389e+00	5.579629e+00	5.154342e+00	4.780802e+00	4.453215e+00
	4.164133e+00	3.906884e+00	3.676274e+00	3.468594e+00	3.281360e+00
	3.112692e+00	2.960886e+00	2.824571e+00	2.702828e+00	2.594652e+00
	2.498388e+00	2.411884e+00	2.333080e+00	2.260385e+00	2.192704e+00
	2.129272e+00	2.069471e+00	2.012742e+00	1.958593e+00	1.906648e+00
	1.856636e+00	1.808314e+00	1.761384e+00	1.715469e+00	1.670198e+00
	1.625354e+00	1.580957e+00	1.537205e+00	1.494338e+00	1.452562e+00
	1.411991e+00	1.372527e+00	1.333873e+00	1.295789e+00	1.258317e+00
	1.221710e+00	1.186132e+00	1.151447e+00	1.117230e+00	1.082860e+00
	1.047610e+00	1.010704e+00	9.713422e-01	9.287138e-01	8.820054e-01
	8.304826e-01	7.737323e-01	7.120052e-01	6.465119e-01	5.793643e-01
	5.131886e-01	4.504008e-01	3.924324e-01	3.395645e-01	2.913259e-01
	2.470689e-01	2.063074e-01	1.688780e-01	1.350101e-01	1.051079e-01
	7.937068e-02	5.771529e-02	4.006805e-02	2.638938e-02	1.633659e-02
	9.175802e-03	4.081691e-03	4.120722e-04	6.985486e-11	6.884672e-11
	6.803064e-11	6.741452e-11	6.697456e-11	6.667050e-11	6.646373e-11
	6.632498e-11	6.623348e-11	6.617439e-11	6.613716e-11	6.611436e-11
	6.610075e-11
ChiKWFact
	6.196761e-01	6.197973e-01	6.199598e-01	6.201768e-01	6.204650e-01
	6.208455e-01	6.213436e-01	6.219879e-01	6.228094e-01	6.238398e-01
	6.251098e-01	6.266481e-01	6.284792e-01	6.306225e-01	6.330917e-01
	6.358941e-01	6.390310e-01	6.424984e-01	6.462877e-01	6.503869e-01
	6.547813e-01	6.594548e-01	6.643906e-01	6.695721e-01	6.749834e-01
	6.806103e-01	6.864412e-01	6.924681e-01	6.986887e-01	7.051080e-01
	7.117384e-01	7.185843e-01	7.256141e-01	7.327634e-01	7.399828e-01
	7.472801e-01	7.547190e-01	7.623761e-01	7.702867e-01	7.784177e-01
	7.867001e-01	7.950976e-01	8.036369e-01	8.123908e-01	8.213939e-01
	8.306876e-01	8.402970e-01	8.502523e-01	8.605807e-01	8.712941e-01
	8.823735e-01	8.937321e-01	9.051584e-01	9.163079e-01	9.267832e-01
	9.362679e-01	9.446072e-01	9.518132e-01	9.580170e-01	9.633959e-01
	9.681187e-01	9.723210e-01	9.761030e-01	9.795342e-01	9.826599e-01
	9.855120e-01	9.881173e-01	9.904951e-01	9.926549e-01	9.946069e-01
	9.963724e-01	9.979829e-01	9.994701e-01	1.000858e+00	1.002162e+00
	1.003393e+00	1.004557e+00	1.005659e+00	1.006705e+00	1.007696e+00
	1.008632e+00	1.009510e+00	1.010328e+00	1.011084e+00	1.011775e+00
	1.012391e+00	1.012915e+00	1.013331e+00	1.013620e+00	1.013765e+00
	1.013755e+00	1.013578e+00	1.013223e+00	1.012673e+00	1.011918e+00
	1.010957e+00	1.009797e+00	1.008445e+00	1.006894e+00	1.005122e+00
	1.003090e+00	1.000742e+00	9.980103e-01	9.948118e-01	9.910488e-01
	9.866106e-01	9.813867e-01	9.752918e-01	9.682984e-01	9.604554e-01
	9.518937e-01	9.427910e-01	9.332828e-01	9.233916e-01	9.130116e-01
	9.019496e-01	8.899670e-01	8.768280e-01	8.623888e-01	8.466419e-01
	8.296331e-01	8.114092e-01	7.922713e-01	7.730451e-01	7.548067e-01
	7.382495e-01	7.234667e-01	7.102679e-01	6.985486e-01	6.884672e-01
	6.803064e-01	6.741452e-01	6.697456e-01	6.667050e-01	6.646373e-01
	6.632498e-01	6.623348e-01	6.617439e-01	6.613716e-01	6.611436e-01
	6.610075e-01
MolarMass [kg/kmole]
	4.409000e+01	4.404076e+01	4.398039e+01	4.390775e+01	4.382195e+01
	4.372205e+01	4.360717e+01	4.347673e+01	4.333040e+01	4.316815e+01
	4.299016e+01	4.279680e+01	4.258862e+01	4.236627e+01	4.213048e+01
	4.188205e+01	4.162180e+01	4.135058e+01	4.106922e+01	4.077855e+01
	4.047938e+01	4.017249e+01	3.985865e+01	3.953858e+01	3.921295e+01
	3.888237e+01	3.854734e+01	3.820821e+01	3.786508e+01	3.751774e+01
	3.716567e+01	3.680891e+01	3.644937e+01	3.609051e+01	3.573488e+01
	3.538213e+01	3.502935e+01	3.467328e+01	3.431282e+01	3.395004e+01
	3.358844e+01	3.322990e+01	3.287352e+01	3.251545e+01	3.215744e+01
	3.179719e+01	3.143476e+01	3.107003e+01	3.070296e+01	3.033414e+01
	2.996527e+01	2.960013e+01	2.924592e+01	2.891284e+01	2.861112e+01
	2.834739e+01	2.812312e+01	2.793541e+01	2.777880e+01	2.764733e+01
	2.753587e+01	2.744053e+01	2.735858e+01	2.728815e+01	2.722798e+01
	2.717709e+01	2.713460e+01	2.709969e+01	2.707165e+01	2.704967e+01
	2.703282e+01	2.702019e+01	2.701102e+01	2.700476e+01	2.700102e+01
	2.699952e+01	2.700001e+01	2.700231e+01	2.700627e+01	2.701175e+01
	2.701865e+01	2.702687e+01	2.703634e+01	2.704704e+01	2.705900e+01
	2.707220e+01	2.708660e+01	2.710206e+01	2.711843e+01	2.713551e+01
	2.715316e+01	2.717134e+01	2.719009e+01	2.720950e+01	2.722950e+01
	2.724991e+01	2.727055e+01	2.729144e+01	2.731275e+01	2.733483e+01
	2.735812e+01	2.738313e+01	2.741041e+01	2.744057e+01	2.747421e+01
	2.751193e+01	2.755412e+01	2.760081e+01	2.765146e+01	2.770499e+01
	2.775996e+01	2.781495e+01	2.786906e+01	2.792216e+01	2.797475e+01
	2.802757e+01	2.808137e+01	2.813665e+01	2.819340e+01	2.825118e+01
	2.830955e+01	2.836841e+01	2.842719e+01	2.848419e+01	2.853731e+01
	2.858553e+01	2.862919e+01	2.866916e+01	2.870588e+01	2.873882e+01
	2.876685e+01	2.878928e+01	2.880638e+01	2.881913e+01	2.882857e+01
	2.883557e+01	2.884075e+01	2.884458e+01	2.884742e+01	2.884951e+01
	2.885106e+01
TotalEnthalpy [J/kg]
	-2.352410e+06	-2.352013e+06	-2.351455e+06	-2.350675e+06	-2.349597e+06
	-2.348120e+06	-2.346122e+06	-2.343455e+06	-2.339956e+06	-2.335445e+06
	-2.329738e+06	-2.322644e+06	-2.313979e+06	-2.303566e+06	-2.291244e+06
	-2.276866e+06	-2.260305e+06	-2.241458e+06	-2.220240e+06	-2.196592e+06
	-2.170474e+06	-2.141871e+06	-2.110788e+06	-2.077249e+06	-2.041296e+06
	-2.002984e+06	-1.962374e+06	-1.919525e+06	-1.874476e+06	-1.827232e+06
	-1.777760e+06	-1.726108e+06	-1.672618e+06	-1.617912e+06	-1.562524e+06
	-1.506554e+06	-1.449682e+06	-1.391509e+06	-1.331981e+06	-1.271586e+06
	-1.211077e+06	-1.150954e+06	-1.091259e+06	-1.031869e+06	-9.726117e+05
	-9.136991e+05	-8.554212e+05	-7.980777e+05	-7.419813e+05	-6.875747e+05
	-6.354672e+05	-5.865199e+05	-5.418965e+05	-5.028201e+05	-4.700878e+05
	-4.437164e+05	-4.230295e+05	-4.069896e+05	-3.945175e+05	-3.847017e+05
	-3.768632e+05	-3.705325e+05	-3.653961e+05	-3.612468e+05	-3.579458e+05
	-3.553896e+05	-3.534908e+05	-3.521736e+05	-3.513671e+05	-3.509963e+05
	-3.509853e+05	-3.512692e+05	-3.518014e+05	-3.525494e+05	-3.534889e+05
	-3.545987e+05	-3.558604e+05	-3.572585e+05	-3.587789e+05	-3.604068e+05
	-3.621243e+05	-3.639117e+05	-3.657502e+05	-3.676220e+05	-3.695059e+05
	-3.713675e+05	-3.731528e+05	-3.747915e+05	-3.762049e+05	-3.773135e+05
	-3.780432e+05	-3.783268e+05	-3.780953e+05	-3.772705e+05	-3.757790e+05
	-3.735770e+05	-3.706524e+05	-3.669960e+05	-3.625685e+05	-3.572785e+05
	-3.509712e+05	-3.434273e+05	-3.343598e+05	-3.234155e+05	-3.101762e+05
	-2.941872e+05	-2.750593e+05	-2.526570e+05	-2.273285e+05	-2.000117e+05
	-1.721223e+05	-1.451636e+05	-1.202316e+05	-9.782868e+04	-7.802650e+04
	-6.075989e+04	-4.600910e+04	-3.386906e+04	-2.452523e+04	-1.809028e+04
	-1.435879e+04	-1.283378e+04	-1.281327e+04	-1.342777e+04	-1.388413e+04
	-1.375462e+04	-1.295671e+04	-1.156372e+04	-9.708986e+03	-7.596201e+03
	-5.493394e+03	-3.633297e+03	-2.123749e+03	-9.583296e+02	-7.987174e+01
	5.722775e+02	1.048662e+03	1.390168e+03	1.629543e+03	1.792596e+03
	1.900584e+03
trailer
Lewis numbers evaluated at maximum consumption
N2	-1
O2	1.01251
@ Z = 0.0774077
H	0.166832
@ Z = 0.121857
OH	0.670411
@ Z = 0.0997697
O	0.658573
@ Z = 0.0825047
H2	0.279443
@ Z = 0.0647574
H2O	-1
HO2	1.0207
@ Z = 0.00325402
H2O2	1.01023
@ Z = 0.0538491
CO	1.01055
@ Z = 0.0538491
CO2	-1
CH	0.611242
@ Z = 0.0668865
CHO	1.15836
@ Z = 0.0624189
CH2	0.884057
@ Z = 0.0706751
CH2O	1.17057
@ Z = 0.0668865
CH3	0.923123
@ Z = 0.0807904
CH4	0.928087
@ Z = 0.0911001
C2H6	1.33148
@ Z = 0.110058
C2H	1.19296
@ Z = 0.0706751
C2H2	1.20896
@ Z = 0.0790877
CHCO	0.812922
@ Z = 0.0740914
C3H3	1.64051
@ Z = 0.0774077
C2H3	1.13503
@ Z = 0.147598
C2H4	1.22069
@ Z = 0.0980683
C2H5	1.33243
@ Z = 0.0946046
C3H4	1.59881
@ Z = 0.0724115
C3H5	1.65245
@ Z = 0.0928523
C3H6	1.70805
@ Z = 0.104841
N-C3H7	1.72233
@ Z = 0.0980683
I-C3H7	1.71796
@ Z = 0.103144
C3H8	1.67652
@ Z = 0.126711
Lewis numbers evaluated at maximum formation
N2	-1
O2	1.04307
@ Z = 0.00325402
H	0.169195
@ Z = 0.0757478
OH	0.666366
@ Z = 0.0668865
O	0.649781
@ Z = 0.0569756
H2	0.277508
@ Z = 0.11371
H2O	0.75519
@ Z = 0.0790877
HO2	1.00744
@ Z = 0.00850706
H2O2	0.999977
@ Z = 0.0308924
CO	1.02511
@ Z = 0.0825047
CO2	1.27816
@ Z = 0.0668865
CH	0.615955
@ Z = 0.0842167
CHO	1.16693
@ Z = 0.0790877
CH2	0.889208
@ Z = 0.0893582
CH2O	1.17837
@ Z = 0.0876332
CH3	0.904261
@ Z = 0.119673
CH4	0.874992
@ Z = 0.139387
C2H6	1.21966
@ Z = 0.157529
C2H	1.19913
@ Z = 0.0911001
C2H2	1.19375
@ Z = 0.11186
CHCO	0.813129
@ Z = 0.103144
C3H3	1.64182
@ Z = 0.0963462
C2H3	1.21172
@ Z = 0.110058
C2H4	1.16201
@ Z = 0.135792
C2H5	1.30132
@ Z = 0.121857
C3H4	1.59826
@ Z = 0.103144
C3H5	1.59978
@ Z = 0.126711
C3H6	1.60758
@ Z = 0.143308
N-C3H7	1.66977
@ Z = 0.126711
I-C3H7	1.6519
@ Z = 0.132491
C3H8	-1
Lewis numbers evaluated at maximum mass fraction
N2	0.921419
@ Z = 7.85863e-06
O2	1.05243
@ Z = 7.85863e-06
H	0.168427
@ Z = 0.0688461
OH	0.664555
@ Z = 0.0624189
O	0.647296
@ Z = 0.0505002
H2	0.265225
@ Z = 0.139387
H2O	0.754476
@ Z = 0.103144
HO2	0.999416
@ Z = 0.0126337
H2O2	0.999159
@ Z = 0.0226382
CO	1.01811
@ Z = 0.108292
CO2	1.28929
@ Z = 0.0928523
CH	0.616132
@ Z = 0.0859231
CHO	1.16796
@ Z = 0.0825047
CH2	0.889005
@ Z = 0.0928523
CH2O	1.06199
@ Z = 0.163366
CH3	0.897876
@ Z = 0.124188
CH4	0.788649
@ Z = 0.18666
C2H6	1.06862
@ Z = 0.225246
C2H	1.19888
@ Z = 0.0928523
C2H2	1.11938
@ Z = 0.147598
CHCO	0.779203
@ Z = 0.135792
C3H3	1.63973
@ Z = 0.0997697
C2H3	1.20955
@ Z = 0.11186
C2H4	1.06178
@ Z = 0.177655
C2H5	1.29647
@ Z = 0.124188
C3H4	1.48882
@ Z = 0.147598
C3H5	1.51721
@ Z = 0.152312
C3H6	1.43374
@ Z = 0.197378
N-C3H7	1.6519
@ Z = 0.132491
I-C3H7	1.02834
@ Z = 0.555035
C3H8	0.813286
@ Z = 0.999931
