header

title = "planar counterflow diffusion flame"
author = ""
date = "Thu Jul 11 19:57:05 2013"

fuel = "C3H8"
pressure = 1 [bar]
strainrate = 200 [1/s]
chiStoichAnal = 5.66595 [1/s]
chiStoichAnalKW = 8.78346 [1/s]
FlameLocZ = 0.0842908 [K]
FlameLocBilger = 0.0723871 [K]
Tmax = 1941.68 [K]
stoichScalarDissRate = 9.13306 [1/s]
stoichScalarDissRateBilger = 5.35613 [1/s]

OxidizerSide
begin
	Temperature = 300 [K]
	Massfraction-N2 = 0.76708
	Massfraction-O2 = 0.23292
	Molefraction-N2 = 0.79
	Molefraction-O2 = 0.21
end

FuelSide
begin
	Temperature = 300 [K]
	Massfraction-C3H8 = 1
	Molefraction-C3H8 = 1
end

numOfSpecies = 31
gridPoints = 141

body
eta
	0.000000e+00	1.767515e-01	3.511396e-01	5.204715e-01	6.829391e-01
	8.380180e-01	9.856901e-01	1.126052e+00	1.259297e+00	1.385688e+00
	1.505542e+00	1.619202e+00	1.727030e+00	1.829385e+00	1.926621e+00
	2.019073e+00	2.107063e+00	2.190889e+00	2.270828e+00	2.347139e+00
	2.420058e+00	2.489807e+00	2.556589e+00	2.620597e+00	2.682014e+00
	2.741019e+00	2.797802e+00	2.852574e+00	2.905591e+00	2.957121e+00
	3.007380e+00	3.056396e+00	3.103927e+00	3.149691e+00	3.193788e+00
	3.236687e+00	3.278724e+00	3.319786e+00	3.359559e+00	3.397976e+00
	3.435329e+00	3.472063e+00	3.508556e+00	3.545034e+00	3.581642e+00
	3.618556e+00	3.655972e+00	3.694034e+00	3.732781e+00	3.772166e+00
	3.812102e+00	3.852409e+00	3.892581e+00	3.931587e+00	3.968084e+00
	4.001020e+00	4.029999e+00	4.055193e+00	4.077063e+00	4.096151e+00
	4.112980e+00	4.127997e+00	4.141570e+00	4.153987e+00	4.165457e+00
	4.176148e+00	4.186224e+00	4.195838e+00	4.205072e+00	4.213922e+00
	4.222371e+00	4.230431e+00	4.238116e+00	4.245423e+00	4.252370e+00
	4.259021e+00	4.265472e+00	4.271809e+00	4.278090e+00	4.284345e+00
	4.290576e+00	4.296777e+00	4.302945e+00	4.309086e+00	4.315203e+00
	4.321280e+00	4.327303e+00	4.333275e+00	4.339221e+00	4.345163e+00
	4.351118e+00	4.357113e+00	4.363195e+00	4.369418e+00	4.375799e+00
	4.382313e+00	4.388939e+00	4.395733e+00	4.402858e+00	4.410570e+00
	4.419199e+00	4.429149e+00	4.440883e+00	4.454899e+00	4.471664e+00
	4.491495e+00	4.514342e+00	4.539619e+00	4.566381e+00	4.593771e+00
	4.621336e+00	4.648961e+00	4.676741e+00	4.704960e+00	4.734136e+00
	4.765050e+00	4.798784e+00	4.836661e+00	4.879942e+00	4.929367e+00
	4.984927e+00	5.046178e+00	5.112613e+00	5.184041e+00	5.261597e+00
	5.348501e+00	5.449292e+00	5.567347e+00	5.702231e+00	5.849734e+00
	6.004316e+00	6.161784e+00	6.320575e+00	6.480954e+00	6.643743e+00
	6.809604e+00	6.978766e+00	7.151140e+00	7.326315e+00	7.503088e+00
	7.680054e+00
y [m]
	-2.302143e-03	-2.269295e-03	-2.236834e-03	-2.205247e-03	-2.174854e-03
	-2.145735e-03	-2.117874e-03	-2.091226e-03	-2.065727e-03	-2.041299e-03
	-2.017847e-03	-1.995275e-03	-1.973478e-03	-1.952355e-03	-1.931808e-03
	-1.911741e-03	-1.892067e-03	-1.872703e-03	-1.853577e-03	-1.834621e-03
	-1.815776e-03	-1.796988e-03	-1.778212e-03	-1.759403e-03	-1.740522e-03
	-1.721530e-03	-1.702383e-03	-1.683026e-03	-1.663378e-03	-1.643344e-03
	-1.622837e-03	-1.601836e-03	-1.580448e-03	-1.558827e-03	-1.536963e-03
	-1.514648e-03	-1.491709e-03	-1.468201e-03	-1.444323e-03	-1.420151e-03
	-1.395538e-03	-1.370195e-03	-1.343832e-03	-1.316227e-03	-1.287187e-03
	-1.256469e-03	-1.223775e-03	-1.188816e-03	-1.151363e-03	-1.111261e-03
	-1.068393e-03	-1.022769e-03	-9.748313e-04	-9.258389e-04	-8.777442e-04
	-8.324260e-04	-7.910237e-04	-7.538561e-04	-7.207010e-04	-6.910854e-04
	-6.644546e-04	-6.402782e-04	-6.180935e-04	-5.975257e-04	-5.782940e-04
	-5.601702e-04	-5.429136e-04	-5.262912e-04	-5.101846e-04	-4.946152e-04
	-4.796336e-04	-4.652349e-04	-4.514079e-04	-4.381729e-04	-4.255131e-04
	-4.133209e-04	-4.014304e-04	-3.896879e-04	-3.779892e-04	-3.662831e-04
	-3.545649e-04	-3.428510e-04	-3.311495e-04	-3.194522e-04	-3.077589e-04
	-2.961012e-04	-2.845140e-04	-2.729930e-04	-2.614994e-04	-2.499946e-04
	-2.384501e-04	-2.268204e-04	-2.150205e-04	-2.029549e-04	-1.905958e-04
	-1.780042e-04	-1.652298e-04	-1.521753e-04	-1.385393e-04	-1.238550e-04
	-1.075218e-04	-8.882671e-05	-6.698329e-05	-4.118663e-05	-1.076387e-05
	2.460271e-05	6.449902e-05	1.075535e-04	1.518586e-04	1.958034e-04
	2.385583e-04	2.798956e-04	3.199099e-04	3.589465e-04	3.975977e-04
	4.366687e-04	4.771301e-04	5.199377e-04	5.656057e-04	6.137965e-04
	6.633621e-04	7.129689e-04	7.615849e-04	8.087348e-04	8.549297e-04
	9.016510e-04	9.505304e-04	1.002182e-03	1.055669e-03	1.109268e-03
	1.161569e-03	1.212027e-03	1.260943e-03	1.308995e-03	1.356843e-03
	1.404963e-03	1.453617e-03	1.502916e-03	1.552835e-03	1.603097e-03
	1.653347e-03
f
	-3.450393e+00	-3.307382e+00	-3.166231e+00	-3.029094e+00	-2.897405e+00
	-2.771551e+00	-2.651505e+00	-2.537137e+00	-2.428236e+00	-2.324525e+00
	-2.225683e+00	-2.131363e+00	-2.041204e+00	-1.954847e+00	-1.871944e+00
	-1.792162e+00	-1.715189e+00	-1.640739e+00	-1.568547e+00	-1.498377e+00
	-1.430013e+00	-1.363264e+00	-1.297958e+00	-1.233940e+00	-1.171065e+00
	-1.109195e+00	-1.048181e+00	-9.878432e-01	-9.279446e-01	-8.682136e-01
	-8.084257e-01	-7.485706e-01	-6.889969e-01	-6.301439e-01	-5.719839e-01
	-5.139751e-01	-4.557058e-01	-3.973849e-01	-3.395382e-01	-2.823652e-01
	-2.255244e-01	-1.683936e-01	-1.104054e-01	-5.120023e-02	9.473753e-03
	7.193086e-02	1.365432e-01	2.036032e-01	2.732240e-01	3.453486e-01
	4.198208e-01	4.962721e-01	5.736596e-01	6.498238e-01	7.218898e-01
	7.874959e-01	8.455997e-01	8.963548e-01	9.405666e-01	9.792496e-01
	1.013409e+00	1.043927e+00	1.071532e+00	1.096792e+00	1.120131e+00
	1.141882e+00	1.162377e+00	1.181926e+00	1.200689e+00	1.218662e+00
	1.235807e+00	1.252147e+00	1.267714e+00	1.282502e+00	1.296544e+00
	1.309976e+00	1.322988e+00	1.335755e+00	1.348394e+00	1.360963e+00
	1.373468e+00	1.385894e+00	1.398234e+00	1.410502e+00	1.422700e+00
	1.434798e+00	1.446766e+00	1.458614e+00	1.470385e+00	1.482125e+00
	1.493868e+00	1.505664e+00	1.517605e+00	1.529792e+00	1.542260e+00
	1.554952e+00	1.567828e+00	1.580991e+00	1.594754e+00	1.609597e+00
	1.626140e+00	1.645126e+00	1.667384e+00	1.693781e+00	1.725076e+00
	1.761691e+00	1.803324e+00	1.848697e+00	1.895947e+00	1.943472e+00
	1.990453e+00	2.036691e+00	2.082337e+00	2.127839e+00	2.173979e+00
	2.221877e+00	2.273004e+00	2.329034e+00	2.391355e+00	2.460455e+00
	2.535733e+00	2.616094e+00	2.700514e+00	2.788508e+00	2.881244e+00
	2.982184e+00	3.095968e+00	3.225654e+00	3.370249e+00	3.525212e+00
	3.685128e+00	3.846224e+00	4.007412e+00	4.169343e+00	4.333114e+00
	4.499578e+00	4.669094e+00	4.841661e+00	5.016929e+00	5.193735e+00
	5.370701e+00
df/deta
	8.089298e-01	8.091079e-01	8.094061e-01	8.098703e-01	8.105587e-01
	8.115461e-01	8.129250e-01	8.148035e-01	8.173029e-01	8.205532e-01
	8.246888e-01	8.298424e-01	8.361397e-01	8.436945e-01	8.526050e-01
	8.629505e-01	8.747894e-01	8.881594e-01	9.030769e-01	9.195386e-01
	9.375226e-01	9.569914e-01	9.778934e-01	1.000167e+00	1.023742e+00
	1.048548e+00	1.074520e+00	1.101610e+00	1.129810e+00	1.159139e+00
	1.189607e+00	1.221117e+00	1.253375e+00	1.286012e+00	1.318905e+00
	1.352233e+00	1.386116e+00	1.420323e+00	1.454429e+00	1.488202e+00
	1.521727e+00	1.555260e+00	1.589012e+00	1.623056e+00	1.657382e+00
	1.691986e+00	1.726852e+00	1.761876e+00	1.796806e+00	1.831259e+00
	1.864769e+00	1.896755e+00	1.926398e+00	1.952642e+00	1.974574e+00
	1.991901e+00	2.005006e+00	2.014634e+00	2.021572e+00	2.026490e+00
	2.029909e+00	2.032209e+00	2.033660e+00	2.034453e+00	2.034722e+00
	2.034565e+00	2.034051e+00	2.033224e+00	2.032118e+00	2.030766e+00
	2.029208e+00	2.027475e+00	2.025597e+00	2.023604e+00	2.021523e+00
	2.019357e+00	2.017095e+00	2.014717e+00	2.012207e+00	2.009556e+00
	2.006763e+00	2.003834e+00	2.000773e+00	1.997578e+00	1.994251e+00
	1.990802e+00	1.987244e+00	1.983579e+00	1.979796e+00	1.975883e+00
	1.971831e+00	1.967622e+00	1.963220e+00	1.958583e+00	1.953692e+00
	1.948560e+00	1.943202e+00	1.937568e+00	1.931513e+00	1.924801e+00
	1.917102e+00	1.907994e+00	1.896960e+00	1.883400e+00	1.866697e+00
	1.846350e+00	1.822256e+00	1.794966e+00	1.765563e+00	1.735148e+00
	1.704427e+00	1.673723e+00	1.643120e+00	1.612481e+00	1.581435e+00
	1.549397e+00	1.515596e+00	1.479245e+00	1.439935e+00	1.398070e+00
	1.354903e+00	1.311990e+00	1.270702e+00	1.231932e+00	1.195735e+00
	1.161517e+00	1.128894e+00	1.098531e+00	1.071992e+00	1.050578e+00
	1.034504e+00	1.023040e+00	1.015094e+00	1.009677e+00	1.006037e+00
	1.003636e+00	1.002089e+00	1.001119e+00	1.000531e+00	1.000189e+00
	1.000000e+00
Z
	1.000000e+00	9.999358e-01	9.998246e-01	9.996406e-01	9.993490e-01
	9.989052e-01	9.982536e-01	9.973290e-01	9.960584e-01	9.943635e-01
	9.921634e-01	9.893777e-01	9.859291e-01	9.817464e-01	9.767658e-01
	9.709326e-01	9.642021e-01	9.565401e-01	9.479228e-01	9.383369e-01
	9.277789e-01	9.162546e-01	9.037784e-01	8.903718e-01	8.760621e-01
	8.608795e-01	8.448523e-01	8.279989e-01	8.103168e-01	7.917852e-01
	7.723908e-01	7.521881e-01	7.313645e-01	7.101600e-01	6.886604e-01
	6.667548e-01	6.443673e-01	6.216555e-01	5.989069e-01	5.762856e-01
	5.537393e-01	5.311007e-01	5.082253e-01	4.850566e-01	4.615887e-01
	4.378054e-01	4.136953e-01	3.892959e-01	3.647199e-01	3.401505e-01
	3.158054e-01	2.919581e-01	2.690476e-01	2.477348e-01	2.287087e-01
	2.123516e-01	1.986259e-01	1.872132e-01	1.777030e-01	1.697047e-01
	1.628867e-01	1.569855e-01	1.517984e-01	1.471741e-01	1.430030e-01
	1.392009e-01	1.356914e-01	1.324086e-01	1.293151e-01	1.264033e-01
	1.236712e-01	1.211074e-01	1.187005e-01	1.164455e-01	1.143316e-01
	1.123344e-01	1.104221e-01	1.085668e-01	1.067505e-01	1.049640e-01
	1.032058e-01	1.014777e-01	9.977981e-02	9.811010e-02	9.646770e-02
	9.485607e-02	9.327888e-02	9.173432e-02	9.021608e-02	8.871824e-02
	8.723639e-02	8.576422e-02	8.429079e-02	8.280443e-02	8.130223e-02
	7.979196e-02	7.827971e-02	7.675422e-02	7.518147e-02	7.351068e-02
	7.167930e-02	6.961717e-02	6.725296e-02	6.452262e-02	6.138751e-02
	5.785698e-02	5.401947e-02	5.004818e-02	4.614254e-02	4.244664e-02
	3.901774e-02	3.585608e-02	3.293670e-02	3.021998e-02	2.765557e-02
	2.518793e-02	2.276220e-02	2.033689e-02	1.790675e-02	1.551605e-02
	1.324270e-02	1.115701e-02	9.298747e-03	7.674508e-03	6.255516e-03
	4.995219e-03	3.863600e-03	2.869347e-03	2.045428e-03	1.410413e-03
	9.507062e-04	6.312980e-04	4.136509e-04	2.666103e-04	1.680672e-04
	1.028263e-04	6.036565e-05	3.328213e-05	1.638537e-05	6.106900e-06
	0.000000e+00
temperature [K]
	3.000000e+02	3.000879e+02	3.002397e+02	3.004910e+02	3.008885e+02
	3.014931e+02	3.023796e+02	3.036353e+02	3.053571e+02	3.076472e+02
	3.106088e+02	3.143408e+02	3.189335e+02	3.244644e+02	3.309957e+02
	3.385729e+02	3.472243e+02	3.569622e+02	3.677843e+02	3.796760e+02
	3.926131e+02	4.065642e+02	4.214935e+02	4.373632e+02	4.541365e+02
	4.717811e+02	4.902743e+02	5.096130e+02	5.298252e+02	5.509672e+02
	5.730952e+02	5.961969e+02	6.201164e+02	6.446401e+02	6.697329e+02
	6.955934e+02	7.223915e+02	7.500253e+02	7.782269e+02	8.068633e+02
	8.360705e+02	8.661493e+02	8.974008e+02	9.300376e+02	9.642274e+02
	1.000182e+03	1.038180e+03	1.078457e+03	1.121115e+03	1.166135e+03
	1.213417e+03	1.262690e+03	1.313206e+03	1.363432e+03	1.411305e+03
	1.455094e+03	1.493979e+03	1.527996e+03	1.557663e+03	1.583659e+03
	1.606672e+03	1.627308e+03	1.646076e+03	1.663373e+03	1.679502e+03
	1.694701e+03	1.709210e+03	1.723253e+03	1.736950e+03	1.750295e+03
	1.763244e+03	1.775789e+03	1.787919e+03	1.799588e+03	1.810776e+03
	1.821544e+03	1.832002e+03	1.842245e+03	1.852317e+03	1.862209e+03
	1.871864e+03	1.881203e+03	1.890149e+03	1.898639e+03	1.906595e+03
	1.913923e+03	1.920529e+03	1.926349e+03	1.931336e+03	1.935432e+03
	1.938569e+03	1.940676e+03	1.941679e+03	1.941484e+03	1.939991e+03
	1.937147e+03	1.932966e+03	1.927456e+03	1.920523e+03	1.911921e+03
	1.901244e+03	1.887930e+03	1.871300e+03	1.850570e+03	1.824904e+03
	1.793519e+03	1.756016e+03	1.712818e+03	1.665141e+03	1.614394e+03
	1.561562e+03	1.507164e+03	1.451404e+03	1.394139e+03	1.334792e+03
	1.272354e+03	1.205454e+03	1.132727e+03	1.053738e+03	9.699628e+02
	8.847361e+02	8.018908e+02	7.245817e+02	6.545798e+02	5.917735e+02
	5.348342e+02	4.828625e+02	4.365849e+02	3.978209e+02	3.676951e+02
	3.457514e+02	3.304374e+02	3.199700e+02	3.128831e+02	3.081265e+02
	3.049741e+02	3.029210e+02	3.016108e+02	3.007931e+02	3.002956e+02
	3.000000e+02
massfraction-N2
	1.000000e-60	6.673931e-04	1.555839e-03	2.702220e-03	4.138152e-03
	5.894911e-03	8.001396e-03	1.048106e-02	1.335169e-02	1.662562e-02
	2.031041e-02	2.440954e-02	2.892336e-02	3.384981e-02	3.918516e-02
	4.492460e-02	5.106257e-02	5.759319e-02	6.451034e-02	7.180787e-02
	7.947963e-02	8.751953e-02	9.592170e-02	1.046807e-01	1.137920e-01
	1.232531e-01	1.330659e-01	1.432408e-01	1.538028e-01	1.647892e-01
	1.762354e-01	1.881391e-01	2.004229e-01	2.129790e-01	2.257898e-01
	2.389549e-01	2.525567e-01	2.665375e-01	2.807546e-01	2.951342e-01
	3.097360e-01	3.246992e-01	3.401583e-01	3.561981e-01	3.728951e-01
	3.902793e-01	4.084507e-01	4.274584e-01	4.472878e-01	4.678574e-01
	4.890357e-01	5.106088e-01	5.321578e-01	5.529647e-01	5.721735e-01
	5.891596e-01	6.037281e-01	6.160306e-01	6.263818e-01	6.351262e-01
	6.425800e-01	6.490053e-01	6.546099e-01	6.595515e-01	6.639459e-01
	6.678832e-01	6.714457e-01	6.747040e-01	6.776991e-01	6.804442e-01
	6.829495e-01	6.852354e-01	6.873230e-01	6.892277e-01	6.909690e-01
	6.925766e-01	6.940833e-01	6.955164e-01	6.968943e-01	6.982271e-01
	6.995191e-01	7.007716e-01	7.019869e-01	7.031684e-01	7.043183e-01
	7.054356e-01	7.065188e-01	7.075700e-01	7.085941e-01	7.095956e-01
	7.105779e-01	7.115455e-01	7.125061e-01	7.134679e-01	7.144332e-01
	7.153981e-01	7.163598e-01	7.173267e-01	7.183215e-01	7.193774e-01
	7.205352e-01	7.218412e-01	7.233438e-01	7.250888e-01	7.271071e-01
	7.293979e-01	7.319035e-01	7.345020e-01	7.370489e-01	7.394375e-01
	7.416244e-01	7.436089e-01	7.454103e-01	7.470591e-01	7.485925e-01
	7.500504e-01	7.514723e-01	7.528900e-01	7.543153e-01	7.557315e-01
	7.571011e-01	7.583877e-01	7.595689e-01	7.606390e-01	7.616135e-01
	7.625210e-01	7.633813e-01	7.641847e-01	7.648957e-01	7.654820e-01
	7.659355e-01	7.662717e-01	7.665160e-01	7.666923e-01	7.668189e-01
	7.669091e-01	7.669725e-01	7.670165e-01	7.670465e-01	7.670665e-01
	7.670796e-01
massfraction-O2
	1.000000e-60	1.398586e-06	3.269355e-06	5.694100e-06	8.743840e-06
	1.248894e-05	1.699459e-05	2.231407e-05	2.848794e-05	3.554445e-05
	4.350073e-05	5.236440e-05	6.213553e-05	7.280832e-05	8.437281e-05
	9.681612e-05	1.101235e-04	1.242793e-04	1.392669e-04	1.550699e-04
	1.716718e-04	1.890562e-04	2.072074e-04	2.261105e-04	2.457532e-04
	2.661276e-04	2.872348e-04	3.090950e-04	3.317595e-04	3.553059e-04
	3.798071e-04	4.052558e-04	4.314843e-04	4.582610e-04	4.855479e-04
	5.135566e-04	5.424611e-04	5.721376e-04	6.022837e-04	6.327433e-04
	6.636442e-04	6.952819e-04	7.279413e-04	7.618023e-04	7.970275e-04
	8.336818e-04	8.719802e-04	9.120329e-04	9.538200e-04	9.971871e-04
	1.041884e-03	1.087503e-03	1.133227e-03	1.177633e-03	1.219031e-03
	1.256227e-03	1.288934e-03	1.317588e-03	1.342961e-03	1.365884e-03
	1.387140e-03	1.407422e-03	1.427344e-03	1.447456e-03	1.468259e-03
	1.490249e-03	1.514026e-03	1.540322e-03	1.569860e-03	1.603210e-03
	1.640860e-03	1.683384e-03	1.731346e-03	1.785137e-03	1.845188e-03
	1.912393e-03	1.988292e-03	2.074913e-03	2.174568e-03	2.289711e-03
	2.422824e-03	2.576489e-03	2.753702e-03	2.958141e-03	3.193898e-03
	3.464857e-03	3.774958e-03	4.129401e-03	4.535212e-03	5.000647e-03
	5.534870e-03	6.149210e-03	6.859251e-03	7.684409e-03	8.642246e-03
	9.743097e-03	1.099479e-02	1.241765e-02	1.405919e-02	1.600048e-02
	1.836135e-02	2.130489e-02	2.503658e-02	2.979485e-02	3.581444e-02
	4.325849e-02	5.209919e-02	6.202363e-02	7.251651e-02	8.308780e-02
	9.343265e-02	1.034102e-01	1.129773e-01	1.221640e-01	1.310627e-01
	1.398070e-01	1.485468e-01	1.573955e-01	1.663415e-01	1.751958e-01
	1.836544e-01	1.914468e-01	1.984131e-01	2.045152e-01	2.098497e-01
	2.145839e-01	2.188255e-01	2.225379e-01	2.255959e-01	2.279326e-01
	2.296055e-01	2.307523e-01	2.315220e-01	2.320334e-01	2.323702e-01
	2.325891e-01	2.327289e-01	2.328164e-01	2.328699e-01	2.329018e-01
	2.329204e-01
massfraction-H
	1.000000e-60	4.516892e-18	9.424252e-18	1.466444e-17	2.015260e-17
	2.592681e-17	3.220933e-17	3.943691e-17	4.830995e-17	5.989421e-17
	7.582093e-17	9.864940e-17	1.325028e-16	1.841761e-16	2.650694e-16
	3.945679e-16	6.059464e-16	9.566356e-16	1.545921e-15	2.545070e-15
	4.247743e-15	7.152613e-15	1.209546e-14	2.045483e-14	3.446380e-14
	5.767282e-14	9.563086e-14	1.569071e-13	2.546822e-13	4.092027e-13
	6.513318e-13	1.026712e-12	1.599004e-12	2.454558e-12	3.718753e-12
	5.587862e-12	8.359344e-12	1.244550e-11	1.839902e-11	2.701263e-11
	3.952533e-11	5.793788e-11	8.547901e-11	1.273572e-10	1.921692e-10
	2.945853e-10	4.604776e-10	7.362931e-10	1.206965e-09	2.031756e-09
	3.518681e-09	6.276622e-09	1.149526e-08	2.135645e-08	3.944986e-08
	7.101145e-08	1.229706e-07	2.040291e-07	3.249699e-07	4.991776e-07
	7.432988e-07	1.077636e-06	1.526175e-06	2.115928e-06	2.875210e-06
	3.832778e-06	5.020877e-06	6.476929e-06	8.233524e-06	1.030425e-05
	1.268521e-05	1.536724e-05	1.833313e-05	2.155068e-05	2.498951e-05
	2.864532e-05	3.254262e-05	3.671745e-05	4.120109e-05	4.601141e-05
	5.114842e-05	5.659919e-05	6.234907e-05	6.838635e-05	7.468936e-05
	8.121090e-05	8.789092e-05	9.468179e-05	1.015479e-04	1.084446e-04
	1.153107e-04	1.220835e-04	1.287100e-04	1.351253e-04	1.412119e-04
	1.468080e-04	1.517777e-04	1.560603e-04	1.596412e-04	1.624757e-04
	1.644217e-04	1.651872e-04	1.642984e-04	1.611183e-04	1.549696e-04
	1.454029e-04	1.325734e-04	1.174520e-04	1.014971e-04	8.599868e-05
	7.170530e-05	5.891585e-05	4.767715e-05	3.789911e-05	2.942834e-05
	2.211108e-05	1.583914e-05	1.059061e-05	6.440005e-06	3.471952e-06
	1.630658e-06	6.628581e-07	2.340589e-07	7.261802e-08	2.018754e-08
	5.302510e-09	1.466920e-09	4.599740e-10	1.597427e-10	5.975118e-11
	2.393676e-11	1.018677e-11	4.519475e-12	2.040925e-12	9.153787e-13
	3.974628e-13	1.619121e-13	5.884543e-14	1.717151e-14	2.933693e-15
	1.000000e-60
massfraction-OH
	1.000000e-60	3.073317e-22	1.658201e-21	4.997072e-21	1.180448e-20
	2.440816e-20	4.652418e-20	8.420038e-20	1.475441e-19	2.538925e-19
	4.336648e-19	7.412325e-19	1.275222e-18	2.216557e-18	3.899724e-18
	6.945778e-18	1.250862e-17	2.272590e-17	4.153281e-17	7.610640e-17
	1.393827e-16	2.543627e-16	4.613478e-16	8.299108e-16	1.478478e-15
	2.606242e-15	4.545512e-15	7.849793e-15	1.344754e-14	2.291364e-14
	3.894151e-14	6.610326e-14	1.119474e-13	1.888225e-13	3.179421e-13
	5.379758e-13	9.194511e-13	1.585596e-12	2.745585e-12	4.760567e-12
	8.280761e-12	1.451397e-11	2.573422e-11	4.625255e-11	8.437933e-11
	1.565677e-10	2.963779e-10	5.736486e-10	1.135752e-09	2.297820e-09
	4.742726e-09	9.955484e-09	2.107065e-08	4.416337e-08	8.949562e-08
	1.719570e-07	3.107092e-07	5.290943e-07	8.557796e-07	1.327395e-06
	1.992753e-06	2.917724e-06	4.190496e-06	5.926208e-06	8.269264e-06
	1.139829e-05	1.554503e-05	2.101415e-05	2.816034e-05	3.732816e-05
	4.883039e-05	6.297594e-05	8.003396e-05	1.001595e-04	1.234619e-04
	1.501838e-04	1.807895e-04	2.158962e-04	2.561611e-04	3.021939e-04
	3.544849e-04	4.134264e-04	4.794282e-04	5.530031e-04	6.346462e-04
	7.246188e-04	8.230623e-04	9.303573e-04	1.047186e-03	1.174220e-03
	1.311912e-03	1.460686e-03	1.621180e-03	1.793767e-03	1.977146e-03
	2.167658e-03	2.360809e-03	2.553656e-03	2.745500e-03	2.936289e-03
	3.124477e-03	3.304729e-03	3.465790e-03	3.589570e-03	3.652279e-03
	3.629099e-03	3.502993e-03	3.275659e-03	2.970297e-03	2.620530e-03
	2.256436e-03	1.899597e-03	1.564054e-03	1.257749e-03	9.842044e-04
	7.446348e-04	5.397139e-04	3.708518e-04	2.399323e-04	1.464337e-04
	8.520017e-05	4.814836e-05	2.727459e-05	1.603126e-05	9.898675e-06
	6.335280e-06	4.116681e-06	2.684595e-06	1.758980e-06	1.165854e-06
	7.854149e-07	5.374179e-07	3.711526e-07	2.563362e-07	1.752396e-07
	1.172320e-07	7.561053e-08	4.585884e-08	2.478470e-08	1.008437e-08
	1.000000e-60
massfraction-O
	1.000000e-60	1.764123e-23	7.981745e-23	2.059465e-22	4.128492e-22
	7.163506e-22	1.136077e-21	1.703194e-21	2.471790e-21	3.535403e-21
	5.053092e-21	7.293289e-21	1.071001e-20	1.607673e-20	2.472214e-20
	3.894366e-20	6.272849e-20	1.029981e-19	1.717279e-19	2.894977e-19
	4.913260e-19	8.360426e-19	1.420983e-18	2.404454e-18	4.039294e-18
	6.722294e-18	1.106705e-17	1.801484e-17	2.901205e-17	4.629486e-17
	7.332816e-17	1.153948e-16	1.802596e-16	2.793246e-16	4.307764e-16
	6.661451e-16	1.040170e-15	1.644542e-15	2.632566e-15	4.273129e-15
	7.066307e-15	1.197957e-14	2.092904e-14	3.778146e-14	7.055244e-14
	1.364441e-13	2.737763e-13	5.705266e-13	1.233998e-12	2.765733e-12
	6.413455e-12	1.534609e-11	3.754617e-11	9.195618e-11	2.186988e-10
	4.915963e-10	1.029674e-09	2.007319e-09	3.666779e-09	6.337031e-09
	1.046254e-08	1.663930e-08	2.565857e-08	3.855541e-08	5.665483e-08
	8.166410e-08	1.159289e-07	1.627918e-07	2.267143e-07	3.131537e-07
	4.288120e-07	5.824431e-07	7.851166e-07	1.049833e-06	1.392653e-06
	1.836280e-06	2.414449e-06	3.175538e-06	4.186180e-06	5.535768e-06
	7.341483e-06	9.756571e-06	1.298548e-05	1.730504e-05	2.308007e-05
	3.076568e-05	4.092237e-05	5.426657e-05	7.171937e-05	9.440247e-05
	1.236052e-04	1.608023e-04	2.077239e-04	2.662414e-04	3.377488e-04
	4.224269e-04	5.194031e-04	6.279530e-04	7.485527e-04	8.827563e-04
	1.032415e-03	1.198384e-03	1.378754e-03	1.567043e-03	1.750328e-03
	1.908689e-03	2.017838e-03	2.057914e-03	2.023544e-03	1.924563e-03
	1.777816e-03	1.599991e-03	1.404970e-03	1.203145e-03	1.001645e-03
	8.054908e-04	6.192425e-04	4.490654e-04	3.038870e-04	1.923295e-04
	1.164642e-04	6.999140e-05	4.327358e-05	2.813460e-05	1.923580e-05
	1.360938e-05	9.772415e-06	7.029729e-06	5.045893e-06	3.619308e-06
	2.599673e-06	1.869383e-06	1.340341e-06	9.518833e-07	6.642236e-07
	4.510231e-07	2.940176e-07	1.796862e-07	9.764367e-08	3.989085e-08
	1.000000e-60
massfraction-H2
	1.000000e-60	2.363828e-05	4.899661e-05	7.566394e-05	1.032501e-04
	1.315127e-04	1.602814e-04	1.894075e-04	2.187680e-04	2.482664e-04
	2.778320e-04	3.074168e-04	3.369928e-04	3.665480e-04	3.960830e-04
	4.256080e-04	4.551399e-04	4.846997e-04	5.143114e-04	5.440000e-04
	5.737908e-04	6.037088e-04	6.337787e-04	6.640252e-04	6.944746e-04
	7.251580e-04	7.561177e-04	7.874188e-04	8.191656e-04	8.514911e-04
	8.845146e-04	9.182448e-04	9.524855e-04	9.869718e-04	1.021697e-03
	1.056966e-03	1.093028e-03	1.129757e-03	1.166816e-03	1.204053e-03
	1.241667e-03	1.280052e-03	1.319591e-03	1.360540e-03	1.403166e-03
	1.447552e-03	1.494053e-03	1.542886e-03	1.594129e-03	1.647710e-03
	1.703450e-03	1.760962e-03	1.819300e-03	1.876614e-03	1.930487e-03
	1.978919e-03	2.020971e-03	2.056664e-03	2.086545e-03	2.111317e-03
	2.131656e-03	2.148114e-03	2.161092e-03	2.170844e-03	2.177501e-03
	2.181117e-03	2.181694e-03	2.179151e-03	2.173355e-03	2.164241e-03
	2.151882e-03	2.136422e-03	2.118079e-03	2.097185e-03	2.074078e-03
	2.048915e-03	2.021636e-03	1.992082e-03	1.960113e-03	1.925684e-03
	1.888868e-03	1.849823e-03	1.808692e-03	1.765567e-03	1.720565e-03
	1.673931e-03	1.625942e-03	1.576725e-03	1.526252e-03	1.474492e-03
	1.421463e-03	1.367130e-03	1.311295e-03	1.253755e-03	1.194703e-03
	1.134843e-03	1.074893e-03	1.014933e-03	9.542162e-04	8.915337e-04
	8.256122e-04	7.555087e-04	6.810310e-04	6.030120e-04	5.234421e-04
	4.451941e-04	3.716615e-04	3.060664e-04	2.504143e-04	2.049748e-04
	1.687249e-04	1.402146e-04	1.180345e-04	1.009138e-04	8.774712e-05
	7.761543e-05	6.977416e-05	6.362230e-05	5.865938e-05	5.445345e-05
	5.067282e-05	4.712374e-05	4.372756e-05	4.045274e-05	3.724168e-05
	3.399079e-05	3.060114e-05	2.706282e-05	2.349245e-05	2.006605e-05
	1.692293e-05	1.412037e-05	1.164535e-05	9.457540e-06	7.518832e-06
	5.801613e-06	4.287439e-06	2.961972e-06	1.812632e-06	8.294934e-07
	1.000000e-60
massfraction-H2O
	1.000000e-60	1.140150e-04	2.658745e-04	4.618827e-04	7.074070e-04
	1.007698e-03	1.367520e-03	1.790596e-03	2.279549e-03	2.835917e-03
	3.460244e-03	4.152204e-03	4.910748e-03	5.734244e-03	6.620619e-03
	7.567477e-03	8.572206e-03	9.632064e-03	1.074426e-02	1.190600e-02
	1.311455e-02	1.436729e-02	1.566174e-02	1.699562e-02	1.836695e-02
	1.977421e-02	2.121663e-02	2.269484e-02	2.421157e-02	2.577129e-02
	2.737805e-02	2.903069e-02	3.071790e-02	3.242484e-02	3.414941e-02
	3.590525e-02	3.770328e-02	3.953588e-02	4.138477e-02	4.324112e-02
	4.511346e-02	4.702022e-02	4.897887e-02	5.100041e-02	5.309506e-02
	5.526630e-02	5.752756e-02	5.988581e-02	6.234049e-02	6.488328e-02
	6.750029e-02	7.016798e-02	7.283782e-02	7.542380e-02	7.782115e-02
	7.995149e-02	8.178809e-02	8.334688e-02	8.466457e-02	8.578228e-02
	8.673824e-02	8.756441e-02	8.828617e-02	8.892281e-02	8.948838e-02
	8.999376e-02	9.044879e-02	9.086182e-02	9.123733e-02	9.157626e-02
	9.187930e-02	9.214855e-02	9.238631e-02	9.259438e-02	9.277522e-02
	9.293233e-02	9.306922e-02	9.318840e-02	9.329115e-02	9.337782e-02
	9.344824e-02	9.350208e-02	9.353909e-02	9.355898e-02	9.356134e-02
	9.354562e-02	9.351135e-02	9.345783e-02	9.338389e-02	9.328785e-02
	9.316760e-02	9.302034e-02	9.284204e-02	9.262746e-02	9.237174e-02
	9.207200e-02	9.172619e-02	9.132888e-02	9.086683e-02	9.031703e-02
	8.964504e-02	8.880365e-02	8.773318e-02	8.636467e-02	8.463112e-02
	8.248660e-02	7.993626e-02	7.705677e-02	7.397214e-02	7.079700e-02
	6.759861e-02	6.440443e-02	6.121948e-02	5.802949e-02	5.479914e-02
	5.147391e-02	4.798477e-02	4.426689e-02	4.030203e-02	3.615790e-02
	3.197992e-02	2.792578e-02	2.411541e-02	2.060997e-02	1.739073e-02
	1.438470e-02	1.154257e-02	8.907924e-03	6.602718e-03	4.729826e-03
	3.305714e-03	2.270946e-03	1.536486e-03	1.021133e-03	6.630733e-04
	4.175372e-04	2.520592e-04	1.427369e-04	7.206051e-05	2.748086e-05
	1.000000e-60
massfraction-HO2
	1.000000e-60	1.737820e-09	4.067834e-09	7.094838e-09	1.091091e-08
	1.560811e-08	2.127296e-08	2.797807e-08	3.578114e-08	4.472547e-08
	5.484127e-08	6.614763e-08	7.865460e-08	9.236511e-08	1.072767e-07
	1.233827e-07	1.406733e-07	1.591361e-07	1.787562e-07	1.995165e-07
	2.213975e-07	2.443774e-07	2.684315e-07	2.935323e-07	3.196510e-07
	3.467588e-07	3.748328e-07	4.038665e-07	4.338846e-07	4.649324e-07
	4.970297e-07	5.300670e-07	5.637025e-07	5.974949e-07	6.312303e-07
	6.649654e-07	6.986452e-07	7.318101e-07	7.637959e-07	7.941283e-07
	8.226265e-07	8.492131e-07	8.737040e-07	8.957248e-07	9.147915e-07
	9.301365e-07	9.409672e-07	9.462375e-07	9.447867e-07	9.355359e-07
	9.177638e-07	8.915611e-07	8.586934e-07	8.235303e-07	7.924754e-07
	7.712032e-07	7.621792e-07	7.646025e-07	7.758563e-07	7.928504e-07
	8.127418e-07	8.331618e-07	8.522135e-07	8.684050e-07	8.806066e-07
	8.880752e-07	8.904546e-07	8.876852e-07	8.800098e-07	8.681134e-07
	8.530948e-07	8.362241e-07	8.187991e-07	8.020653e-07	7.870371e-07
	7.744161e-07	7.647268e-07	7.585063e-07	7.563882e-07	7.590907e-07
	7.673604e-07	7.819211e-07	8.034870e-07	8.328196e-07	8.707123e-07
	9.178706e-07	9.749272e-07	1.042671e-06	1.122189e-06	1.214753e-06
	1.321736e-06	1.444849e-06	1.586548e-06	1.749933e-06	1.937629e-06
	2.150859e-06	2.390541e-06	2.660236e-06	2.968869e-06	3.331836e-06
	3.772036e-06	4.320842e-06	5.017833e-06	5.908294e-06	7.035362e-06
	8.428578e-06	1.008764e-05	1.197281e-05	1.402210e-05	1.618661e-05
	1.845299e-05	2.083647e-05	2.336719e-05	2.608673e-05	2.905100e-05
	3.233019e-05	3.598938e-05	3.999504e-05	4.395656e-05	4.673018e-05
	4.635730e-05	4.115188e-05	3.169169e-05	2.112871e-05	1.248981e-05
	6.766160e-06	3.488999e-06	1.784808e-06	9.367536e-07	5.138183e-07
	2.958517e-07	1.776743e-07	1.097610e-07	6.861409e-08	4.270974e-08
	2.605913e-08	1.531553e-08	8.450722e-09	4.152876e-09	1.540479e-09
	1.000000e-60
massfraction-H2O2
	1.000000e-60	6.428585e-11	1.506380e-10	2.628848e-10	4.041806e-10
	5.773611e-10	7.846128e-10	1.027042e-09	1.304547e-09	1.615788e-09
	1.958241e-09	2.328331e-09	2.721630e-09	3.133080e-09	3.557235e-09
	3.988499e-09	4.421330e-09	4.850408e-09	5.270766e-09	5.677868e-09
	6.067651e-09	6.436540e-09	6.781433e-09	7.099678e-09	7.389039e-09
	7.647667e-09	7.874053e-09	8.066997e-09	8.225481e-09	8.348374e-09
	8.434132e-09	8.480785e-09	8.486638e-09	8.451278e-09	8.375028e-09
	8.257191e-09	8.096156e-09	7.891698e-09	7.645875e-09	7.360796e-09
	7.036133e-09	6.668966e-09	6.255414e-09	5.792364e-09	5.278178e-09
	4.711424e-09	4.094737e-09	3.438241e-09	2.765667e-09	2.117470e-09
	1.545823e-09	1.098009e-09	7.921809e-10	6.056932e-10	4.959406e-10
	4.296140e-10	3.887944e-10	3.641607e-10	3.501954e-10	3.434355e-10
	3.418544e-10	3.446150e-10	3.520237e-10	3.656778e-10	3.887927e-10
	4.267501e-10	4.880927e-10	5.860605e-10	7.398680e-10	9.747578e-10
	1.321743e-09	1.818308e-09	2.507060e-09	3.431279e-09	4.635483e-09
	6.174940e-09	8.125986e-09	1.058895e-08	1.368614e-08	1.755880e-08
	2.236297e-08	2.827261e-08	3.549555e-08	4.429379e-08	5.498476e-08
	6.792397e-08	8.352583e-08	1.023390e-07	1.251064e-07	1.527664e-07
	1.864614e-07	2.276445e-07	2.782712e-07	3.408430e-07	4.179867e-07
	5.118649e-07	6.243398e-07	7.582643e-07	9.191071e-07	1.115912e-06
	1.362035e-06	1.675654e-06	2.079709e-06	2.601776e-06	3.273567e-06
	4.131391e-06	5.214207e-06	6.560045e-06	8.208330e-06	1.020955e-05
	1.263092e-05	1.552763e-05	1.886024e-05	2.238559e-05	2.561938e-05
	2.795548e-05	2.889634e-05	2.826399e-05	2.630097e-05	2.356007e-05
	2.058681e-05	1.769137e-05	1.499225e-05	1.253857e-05	1.033521e-05
	8.344333e-06	6.532328e-06	4.915541e-06	3.550004e-06	2.475369e-06
	1.682062e-06	1.122064e-06	7.361716e-07	4.737325e-07	2.974281e-07
	1.808675e-07	1.053702e-07	5.759061e-08	2.809345e-08	1.037666e-08
	1.000000e-60
massfraction-CO
	1.000000e-60	5.442919e-05	1.270233e-04	2.208562e-04	3.385737e-04
	4.827915e-04	6.559249e-04	8.599331e-04	1.096297e-03	1.366035e-03
	1.669757e-03	2.007725e-03	2.379926e-03	2.786141e-03	3.226005e-03
	3.699056e-03	4.204768e-03	4.742585e-03	5.311934e-03	5.912237e-03
	6.542921e-03	7.203421e-03	7.893190e-03	8.611723e-03	9.358593e-03
	1.013355e-02	1.093668e-02	1.176879e-02	1.263189e-02	1.352896e-02
	1.446283e-02	1.543327e-02	1.643390e-02	1.745592e-02	1.849789e-02
	1.956789e-02	2.067259e-02	2.180727e-02	2.296036e-02	2.412588e-02
	2.530869e-02	2.652009e-02	2.777096e-02	2.906819e-02	3.041794e-02
	3.182268e-02	3.329050e-02	3.482546e-02	3.642647e-02	3.808713e-02
	3.979701e-02	4.153912e-02	4.327992e-02	4.496166e-02	4.651525e-02
	4.789006e-02	4.907003e-02	5.006705e-02	5.090625e-02	5.161526e-02
	5.221947e-02	5.273993e-02	5.319330e-02	5.359220e-02	5.394581e-02
	5.426122e-02	5.454478e-02	5.480179e-02	5.503506e-02	5.524506e-02
	5.543196e-02	5.559662e-02	5.573988e-02	5.586209e-02	5.596387e-02
	5.604624e-02	5.610984e-02	5.615414e-02	5.617721e-02	5.617591e-02
	5.614615e-02	5.608311e-02	5.598129e-02	5.583412e-02	5.563414e-02
	5.537366e-02	5.504497e-02	5.463920e-02	5.414546e-02	5.355161e-02
	5.284511e-02	5.201196e-02	5.103457e-02	4.989343e-02	4.857677e-02
	4.708932e-02	4.544562e-02	4.364999e-02	4.168211e-02	3.950004e-02
	3.705056e-02	3.428534e-02	3.118357e-02	2.777369e-02	2.415219e-02
	2.048403e-02	1.698752e-02	1.387978e-02	1.129242e-02	9.235318e-03
	7.634881e-03	6.394826e-03	5.427738e-03	4.661846e-03	4.040641e-03
	3.521165e-03	3.071526e-03	2.669482e-03	2.302357e-03	1.965973e-03
	1.661375e-03	1.390238e-03	1.152817e-03	9.473438e-04	7.689645e-04
	6.113102e-04	4.704132e-04	3.472512e-04	2.457932e-04	1.681363e-04
	1.123587e-04	7.393792e-05	4.799949e-05	3.064652e-05	1.913577e-05
	1.159628e-05	6.743809e-06	3.684271e-06	1.798194e-06	6.649101e-07
	1.000000e-60
massfraction-CO2
	1.000000e-60	3.873900e-05	9.580207e-05	1.768940e-04	2.881416e-04
	4.363200e-04	6.286067e-04	8.721403e-04	1.173755e-03	1.539759e-03
	1.975782e-03	2.486677e-03	3.076486e-03	3.748447e-03	4.505029e-03
	5.348000e-03	6.278492e-03	7.297078e-03	8.403848e-03	9.598476e-03
	1.088029e-02	1.224834e-02	1.370146e-02	1.523836e-02	1.685777e-02
	1.855867e-02	2.034075e-02	2.220523e-02	2.415610e-02	2.619968e-02
	2.834205e-02	3.058225e-02	3.290498e-02	3.528884e-02	3.772939e-02
	4.024460e-02	4.284933e-02	4.553159e-02	4.826302e-02	5.102825e-02
	5.383772e-02	5.671714e-02	5.969130e-02	6.277530e-02	6.598202e-02
	6.931621e-02	7.279458e-02	7.642400e-02	8.019867e-02	8.409962e-02
	8.809813e-02	9.214990e-02	9.617277e-02	1.000308e-01	1.035666e-01
	1.066699e-01	1.093120e-01	1.115276e-01	1.133797e-01	1.149351e-01
	1.162539e-01	1.173854e-01	1.183684e-01	1.192320e-01	1.199979e-01
	1.206829e-01	1.213022e-01	1.218687e-01	1.223903e-01	1.228701e-01
	1.233103e-01	1.237149e-01	1.240881e-01	1.244327e-01	1.247521e-01
	1.250516e-01	1.253374e-01	1.256146e-01	1.258869e-01	1.261565e-01
	1.264243e-01	1.266909e-01	1.269566e-01	1.272220e-01	1.274874e-01
	1.277519e-01	1.280141e-01	1.282732e-01	1.285282e-01	1.287777e-01
	1.290188e-01	1.292478e-01	1.294599e-01	1.296482e-01	1.298017e-01
	1.299060e-01	1.299458e-01	1.299046e-01	1.297598e-01	1.294741e-01
	1.289843e-01	1.281892e-01	1.269374e-01	1.250211e-01	1.221941e-01
	1.182288e-01	1.130321e-01	1.067618e-01	9.980192e-02	9.257983e-02
	8.540368e-02	7.844656e-02	7.178819e-02	6.543739e-02	5.934736e-02
	5.343732e-02	4.761516e-02	4.181574e-02	3.605968e-02	3.048183e-02
	2.528231e-02	2.062477e-02	1.658857e-02	1.317007e-02	1.028789e-02
	7.830017e-03	5.725713e-03	3.978754e-03	2.625083e-03	1.659609e-03
	1.018689e-03	6.133184e-04	3.633441e-04	2.112913e-04	1.199899e-04
	6.609269e-05	3.496326e-05	1.742222e-05	7.795678e-06	2.663821e-06
	1.000000e-60
massfraction-CH
	1.000000e-60	1.668271e-33	3.294278e-33	4.610448e-33	5.624628e-33
	6.473714e-33	7.361295e-33	8.562363e-33	1.058831e-32	1.680998e-32
	9.676146e-32	2.164249e-30	6.468101e-29	2.113584e-27	1.000000e-60
	1.000000e-60	9.722765e-28	1.000000e-60	3.484250e-27	1.000000e-60
	1.000000e-60	7.014270e-28	2.633121e-27	1.134734e-26	3.304907e-26
	1.164275e-25	4.351022e-25	1.447349e-24	4.781942e-24	1.524617e-23
	4.733014e-23	1.430029e-22	4.173389e-22	1.169870e-21	3.159254e-21
	8.313272e-21	2.150290e-20	5.461241e-20	1.354801e-19	3.283987e-19
	7.842946e-19	1.867429e-18	4.479743e-18	1.090654e-17	2.710988e-17
	6.926489e-17	1.833060e-16	5.057498e-16	1.460979e-15	4.432584e-15
	1.417320e-14	4.785974e-14	1.694956e-13	6.141237e-13	2.185947e-12
	7.344491e-12	2.272444e-11	6.429989e-11	1.672030e-10	4.035483e-10
	9.136746e-10	1.957951e-09	3.997537e-09	7.810119e-09	1.463628e-08
	2.636013e-08	4.578735e-08	7.703129e-08	1.256973e-07	1.985495e-07
	3.030648e-07	4.473409e-07	6.394610e-07	8.861979e-07	1.193341e-06
	1.568072e-06	2.020780e-06	2.564493e-06	3.212990e-06	3.978605e-06
	4.869705e-06	5.889354e-06	7.035487e-06	8.300322e-06	9.665802e-06
	1.109778e-05	1.254710e-05	1.395496e-05	1.525267e-05	1.635799e-05
	1.717789e-05	1.761822e-05	1.759221e-05	1.702944e-05	1.590183e-05
	1.426116e-05	1.224112e-05	1.000861e-05	7.719479e-06	5.519201e-06
	3.558954e-06	1.991254e-06	9.214097e-07	3.357590e-07	9.346191e-08
	2.020387e-08	3.723647e-09	6.886169e-10	1.467754e-10	3.687164e-11
	1.037379e-11	3.113917e-12	9.678483e-13	3.046955e-13	9.490669e-14
	2.841256e-14	7.880142e-15	1.938222e-15	4.052135e-16	7.004570e-17
	9.995601e-18	1.201121e-18	1.250710e-19	1.151780e-20	9.332299e-22
	6.626020e-23	4.338339e-24	2.809525e-25	1.917025e-26	1.526261e-27
	1.557871e-28	2.257661e-29	4.200849e-30	1.014158e-30	1.000000e-60
	1.000000e-60	1.748706e-33	2.179228e-32	1.232041e-32	1.565362e-32
	1.000000e-60
massfraction-CHO
	1.000000e-60	9.450917e-19	2.323407e-18	4.210111e-18	6.663094e-18
	9.782183e-18	1.378978e-17	1.914653e-17	2.673592e-17	3.818112e-17
	5.642790e-17	8.684260e-17	1.392837e-16	2.319876e-16	3.987901e-16
	7.023878e-16	1.258312e-15	2.277427e-15	4.139500e-15	7.516942e-15
	1.357593e-14	2.429010e-14	4.290558e-14	7.458804e-14	1.272496e-13
	2.124870e-13	3.464544e-13	5.503920e-13	8.504291e-13	1.275848e-12
	1.854430e-12	2.603018e-12	3.514901e-12	4.557851e-12	5.693104e-12
	6.896082e-12	8.160304e-12	9.497057e-12	1.094252e-11	1.256495e-11
	1.446774e-11	1.679417e-11	1.973920e-11	2.357311e-11	2.869189e-11
	3.570212e-11	4.556913e-11	5.985298e-11	8.113629e-11	1.138178e-10
	1.656552e-10	2.505950e-10	3.931544e-10	6.331248e-10	1.027394e-09
	1.647229e-09	2.574069e-09	3.899034e-09	5.727615e-09	8.187261e-09
	1.143619e-08	1.566867e-08	2.111736e-08	2.805078e-08	3.676295e-08
	4.757710e-08	6.089475e-08	7.723150e-08	9.712742e-08	1.210029e-07
	1.491654e-07	1.819282e-07	2.195504e-07	2.621087e-07	3.096705e-07
	3.626371e-07	4.218630e-07	4.884815e-07	5.636759e-07	6.485066e-07
	7.437520e-07	8.498885e-07	9.672004e-07	1.095784e-06	1.235143e-06
	1.383617e-06	1.538409e-06	1.695970e-06	1.851792e-06	1.999679e-06
	2.131445e-06	2.237305e-06	2.306220e-06	2.326010e-06	2.285051e-06
	2.176853e-06	2.003599e-06	1.774351e-06	1.500986e-06	1.197951e-06
	8.854627e-07	5.923803e-07	3.523533e-07	1.887962e-07	9.918047e-08
	5.854225e-08	4.062966e-08	3.092630e-08	2.433722e-08	1.944748e-08
	1.574094e-08	1.289616e-08	1.066903e-08	8.867201e-09	7.337519e-09
	5.957677e-09	4.633605e-09	3.318574e-09	2.065755e-09	1.048983e-09
	4.189637e-10	1.325587e-10	3.431474e-11	7.515612e-12	1.429097e-12
	2.465786e-13	4.241986e-14	7.794719e-15	1.518405e-15	3.143489e-16
	7.077649e-17	1.743671e-17	4.606868e-18	1.262613e-18	3.464804e-19
	9.188288e-20	2.262337e-20	4.873288e-21	8.154146e-22	7.465460e-23
	1.000000e-60
massfraction-CH2
	1.000000e-60	2.967836e-22	6.144639e-22	9.521210e-22	1.310356e-21
	1.702117e-21	2.158904e-21	2.737858e-21	3.536047e-21	4.720381e-21
	6.589813e-21	9.704975e-21	1.516365e-20	2.520109e-20	4.453026e-20
	8.339542e-20	1.646348e-19	3.401659e-19	7.295671e-19	1.610023e-18
	3.623816e-18	8.249069e-18	1.884401e-17	4.290173e-17	9.677263e-17
	2.152530e-16	4.705071e-16	1.008706e-15	2.120525e-15	4.375543e-15
	8.871529e-15	1.766107e-14	3.438638e-14	6.522650e-14	1.207520e-13
	2.197086e-13	3.949852e-13	7.009902e-13	1.223870e-12	2.102157e-12
	3.569859e-12	6.036102e-12	1.022480e-11	1.742377e-11	2.996612e-11
	5.220226e-11	9.250142e-11	1.672938e-10	3.094061e-10	5.858695e-10
	1.137210e-09	2.263764e-09	4.600224e-09	9.407444e-09	1.893163e-08
	3.670505e-08	6.772537e-08	1.186218e-07	1.979561e-07	3.166803e-07
	4.887143e-07	7.313476e-07	1.065334e-06	1.514375e-06	2.103591e-06
	2.858421e-06	3.806475e-06	4.978251e-06	6.398078e-06	8.071346e-06
	9.984882e-06	1.211687e-05	1.443521e-05	1.689339e-05	1.944544e-05
	2.206401e-05	2.473930e-05	2.746309e-05	3.021563e-05	3.296028e-05
	3.564281e-05	3.819719e-05	4.055302e-05	4.263703e-05	4.436824e-05
	4.565828e-05	4.642268e-05	4.658784e-05	4.608796e-05	4.486690e-05
	4.288997e-05	4.015271e-05	3.668252e-05	3.255417e-05	2.793365e-05
	2.309478e-05	1.834834e-05	1.394014e-05	1.002134e-05	6.692863e-06
	4.040164e-06	2.124638e-06	9.324433e-07	3.283450e-07	9.136060e-08
	2.082308e-08	4.346851e-09	9.813229e-10	2.695213e-10	8.981427e-11
	3.414035e-11	1.407142e-11	6.105704e-12	2.736335e-12	1.245720e-12
	5.663069e-13	2.523651e-13	1.082270e-13	4.406959e-14	1.700563e-14
	6.298829e-15	2.287783e-15	8.309233e-16	3.031691e-16	1.083295e-16
	3.591914e-17	1.045786e-17	2.653607e-18	6.317875e-19	1.590647e-19
	4.651727e-20	1.631012e-20	6.726239e-21	3.134418e-21	1.581920e-21
	8.304567e-22	4.348679e-22	2.147729e-22	8.988704e-23	2.296984e-23
	1.000000e-60
massfraction-CH2O
	1.000000e-60	8.511285e-08	2.117555e-07	3.934649e-07	6.450119e-07
	9.828987e-07	1.424786e-06	1.988437e-06	2.691021e-06	3.548513e-06
	4.575232e-06	5.783515e-06	7.183553e-06	8.783333e-06	1.058868e-05
	1.260339e-05	1.482935e-05	1.726679e-05	1.991444e-05	2.276980e-05
	2.582929e-05	2.908854e-05	3.254257e-05	3.618609e-05	4.001388e-05
	4.402139e-05	4.820580e-05	5.256804e-05	5.711544e-05	6.186088e-05
	6.681644e-05	7.197804e-05	7.730890e-05	8.275909e-05	8.831804e-05
	9.402631e-05	9.991694e-05	1.059623e-04	1.120983e-04	1.182912e-04
	1.245648e-04	1.309768e-04	1.375824e-04	1.444144e-04	1.515008e-04
	1.588504e-04	1.664983e-04	1.744568e-04	1.827081e-04	1.912026e-04
	1.998637e-04	2.085718e-04	2.171107e-04	2.251320e-04	2.322303e-04
	2.381048e-04	2.426440e-04	2.458916e-04	2.479706e-04	2.490267e-04
	2.492000e-04	2.486117e-04	2.473638e-04	2.455427e-04	2.432289e-04
	2.404994e-04	2.374202e-04	2.340471e-04	2.304537e-04	2.267488e-04
	2.230532e-04	2.194698e-04	2.160883e-04	2.129888e-04	2.102218e-04
	2.077998e-04	2.057141e-04	2.039557e-04	2.025198e-04	2.013977e-04
	2.005654e-04	1.999713e-04	1.995288e-04	1.991125e-04	1.985548e-04
	1.976458e-04	1.961380e-04	1.937510e-04	1.901732e-04	1.850767e-04
	1.781498e-04	1.691224e-04	1.577814e-04	1.440350e-04	1.280886e-04
	1.105763e-04	9.240809e-05	7.443295e-05	5.727926e-05	4.148263e-05
	2.764177e-05	1.643791e-05	8.414650e-06	3.583020e-06	1.248648e-06
	3.644624e-07	9.637180e-08	2.594840e-08	7.835513e-09	2.738129e-09
	1.088146e-09	4.783007e-10	2.276466e-10	1.155494e-10	6.178719e-11
	3.445032e-11	1.987501e-11	1.182988e-11	7.296065e-12	4.707281e-12
	3.200823e-12	2.288356e-12	1.699268e-12	1.290176e-12	9.853109e-13
	7.434503e-13	5.439720e-13	3.803879e-13	2.530873e-13	1.612103e-13
	9.946118e-14	6.003911e-14	3.559036e-14	2.067973e-14	1.172320e-14
	6.442187e-15	3.398781e-15	1.688828e-15	7.535613e-16	2.568231e-16
	1.000000e-60
massfraction-CH3
	1.000000e-60	1.152795e-09	2.652197e-09	4.547995e-09	6.884705e-09
	9.712696e-09	1.308763e-08	1.706849e-08	2.171993e-08	2.711504e-08
	3.333834e-08	4.048884e-08	4.868317e-08	5.805881e-08	6.877754e-08
	8.102920e-08	9.503593e-08	1.110571e-07	1.293953e-07	1.504032e-07
	1.744921e-07	2.021429e-07	2.339190e-07	2.704840e-07	3.126247e-07
	3.612848e-07	4.176168e-07	4.830700e-07	5.595332e-07	6.494796e-07
	7.560457e-07	8.828472e-07	1.033471e-06	1.211651e-06	1.423055e-06
	1.677062e-06	1.985954e-06	2.362319e-06	2.818718e-06	3.371558e-06
	4.046292e-06	4.880802e-06	5.927285e-06	7.255358e-06	8.961633e-06
	1.118510e-05	1.413095e-05	1.809645e-05	2.350974e-05	3.099160e-05
	4.145784e-05	5.624914e-05	7.717789e-05	1.062739e-04	1.451642e-04
	1.944856e-04	2.537639e-04	3.217295e-04	3.967190e-04	4.769569e-04
	5.607420e-04	6.464642e-04	7.325683e-04	8.174730e-04	8.994993e-04
	9.770260e-04	1.048775e-03	1.113669e-03	1.170366e-03	1.217358e-03
	1.253617e-03	1.278846e-03	1.293225e-03	1.297299e-03	1.291940e-03
	1.278040e-03	1.256196e-03	1.226685e-03	1.189649e-03	1.145285e-03
	1.093999e-03	1.036423e-03	9.733018e-04	9.054171e-04	8.337114e-04
	7.594458e-04	6.840171e-04	6.086242e-04	5.342557e-04	4.619155e-04
	3.926734e-04	3.274814e-04	2.670620e-04	2.121039e-04	1.635293e-04
	1.222493e-04	8.855452e-05	6.190723e-05	4.132722e-05	2.587578e-05
	1.481062e-05	7.499034e-06	3.237073e-06	1.152073e-06	3.330156e-07
	7.987506e-08	1.708147e-08	3.645783e-09	8.670487e-10	2.437226e-10
	8.094745e-11	3.086214e-11	1.309830e-11	6.035419e-12	2.959125e-12
	1.518388e-12	8.044580e-13	4.361203e-13	2.414024e-13	1.369188e-13
	7.992329e-14	4.803003e-14	2.959425e-14	1.854363e-14	1.164502e-14
	7.179256e-15	4.258698e-15	2.411185e-15	1.317675e-15	7.114543e-16
	3.878970e-16	2.160059e-16	1.228376e-16	7.086909e-17	4.112267e-17
	2.375953e-17	1.347980e-17	7.324279e-18	3.606511e-18	1.356512e-18
	1.000000e-60
massfraction-CH4
	1.000000e-60	1.111546e-05	2.559156e-05	4.388307e-05	6.634555e-05
	9.332087e-05	1.251085e-04	1.619234e-04	2.038987e-04	2.510932e-04
	3.035039e-04	3.610786e-04	4.237294e-04	4.913440e-04	5.637952e-04
	6.409490e-04	7.226693e-04	8.088224e-04	8.992792e-04	9.939165e-04
	1.092618e-03	1.195275e-03	1.301786e-03	1.412064e-03	1.526035e-03
	1.643659e-03	1.764951e-03	1.890034e-03	2.019209e-03	2.152928e-03
	2.291610e-03	2.435221e-03	2.582830e-03	2.733161e-03	2.886033e-03
	3.042659e-03	3.204035e-03	3.369495e-03	3.537380e-03	3.706855e-03
	3.878658e-03	4.054455e-03	4.235844e-03	4.423832e-03	4.619325e-03
	4.822628e-03	5.034863e-03	5.256463e-03	5.486961e-03	5.724819e-03
	5.967381e-03	6.210087e-03	6.444486e-03	6.656859e-03	6.830802e-03
	6.953264e-03	7.018452e-03	7.027229e-03	6.984332e-03	6.895881e-03
	6.767811e-03	6.605170e-03	6.412011e-03	6.191693e-03	5.947415e-03
	5.682214e-03	5.398142e-03	5.096450e-03	4.779882e-03	4.454078e-03
	4.125703e-03	3.800199e-03	3.482406e-03	3.177195e-03	2.887737e-03
	2.614279e-03	2.355234e-03	2.109114e-03	1.875473e-03	1.654899e-03
	1.448649e-03	1.257977e-03	1.083561e-03	9.254628e-04	7.835582e-04
	6.577571e-04	5.476024e-04	4.519975e-04	3.695317e-04	2.988926e-04
	2.389129e-04	1.884218e-04	1.462308e-04	1.113170e-04	8.295477e-05
	6.053147e-05	4.326583e-05	3.019306e-05	2.037839e-05	1.309729e-05
	7.846156e-06	4.266578e-06	2.045375e-06	8.417274e-07	2.933245e-07
	8.756390e-08	2.345598e-08	6.080043e-09	1.651523e-09	4.983529e-10
	1.719350e-10	6.833398e-11	3.115759e-11	1.612804e-11	9.353171e-12
	5.997285e-12	4.197202e-12	3.161386e-12	2.518922e-12	2.079830e-12
	1.745614e-12	1.469844e-12	1.233463e-12	1.028380e-12	8.481440e-13
	6.861110e-13	5.383207e-13	4.060937e-13	2.943444e-13	2.064592e-13
	1.415544e-13	9.557845e-14	6.365892e-14	4.169600e-14	2.670650e-14
	1.659866e-14	9.895958e-15	5.537936e-15	2.765057e-15	1.043912e-15
	1.000000e-60
massfraction-C2H6
	1.000000e-60	7.523430e-07	1.869112e-06	3.467904e-06	5.676668e-06
	8.638178e-06	1.250515e-05	1.743125e-05	2.356534e-05	3.104664e-05
	4.000110e-05	5.053900e-05	6.275382e-05	7.672205e-05	9.250372e-05
	1.101435e-04	1.296719e-04	1.511070e-04	1.744558e-04	1.997157e-04
	2.268758e-04	2.559186e-04	2.868211e-04	3.195574e-04	3.541007e-04
	3.904294e-04	4.285360e-04	4.684460e-04	5.102424e-04	5.540594e-04
	6.000237e-04	6.481111e-04	6.979871e-04	7.491846e-04	8.015983e-04
	8.556025e-04	9.115011e-04	9.690173e-04	1.027519e-03	1.086649e-03
	1.146594e-03	1.207859e-03	1.270901e-03	1.335947e-03	1.403135e-03
	1.472369e-03	1.543718e-03	1.616910e-03	1.691210e-03	1.765328e-03
	1.837352e-03	1.904450e-03	1.962335e-03	2.005294e-03	2.027728e-03
	2.026385e-03	2.001185e-03	1.954359e-03	1.889148e-03	1.808894e-03
	1.716563e-03	1.614641e-03	1.505230e-03	1.390255e-03	1.271707e-03
	1.151557e-03	1.031371e-03	9.124455e-04	7.966669e-04	6.866988e-04
	5.849740e-04	4.929267e-04	4.113117e-04	3.404462e-04	2.799108e-04
	2.285723e-04	1.850794e-04	1.482955e-04	1.173827e-04	9.170019e-05
	7.069197e-05	5.379528e-05	4.041553e-05	2.996547e-05	2.191890e-05
	1.582349e-05	1.127847e-05	7.930548e-06	5.489405e-06	3.730846e-06
	2.483191e-06	1.612782e-06	1.016453e-06	6.175076e-07	3.599813e-07
	2.012445e-07	1.078379e-07	5.498975e-08	2.619048e-08	1.130385e-08
	4.243469e-09	1.319025e-09	3.229011e-10	5.995458e-11	8.388232e-12
	9.178947e-13	8.527739e-14	7.508767e-15	6.977794e-16	7.411118e-17
	9.417730e-18	1.465374e-18	2.822443e-19	6.744259e-20	1.990754e-20
	7.210176e-21	3.189578e-21	1.722016e-21	1.124870e-21	8.550313e-22
	7.071775e-22	5.984911e-22	5.008206e-22	4.093460e-22	3.252051e-22
	2.491026e-22	1.817218e-22	1.250338e-22	8.119984e-23	5.032543e-23
	3.020968e-23	1.776460e-23	1.027173e-23	5.827135e-24	3.227148e-24
	1.733277e-24	8.942542e-25	4.349207e-25	1.902139e-25	6.367463e-26
	1.000000e-60
massfraction-C2H
	1.000000e-60	3.539673e-31	1.702718e-30	8.195081e-30	2.028919e-29
	4.682895e-29	1.104360e-28	1.792806e-28	3.614436e-28	7.308583e-28
	1.533165e-27	3.339749e-27	7.584963e-27	1.813570e-26	4.566809e-26
	1.205982e-25	3.321743e-25	9.473276e-25	2.772534e-24	8.249488e-24
	2.472687e-23	7.403685e-23	2.198048e-22	6.431011e-22	1.845500e-21
	5.177474e-21	1.417540e-20	3.787645e-20	9.896199e-20	2.536721e-19
	6.400436e-19	1.590788e-18	3.880397e-18	9.251289e-18	2.162206e-17
	5.004206e-17	1.155564e-16	2.657386e-16	6.043841e-16	1.355524e-15
	3.010384e-15	6.669817e-15	1.483660e-14	3.324495e-14	7.519007e-14
	1.721281e-13	4.003855e-13	9.487993e-13	2.290514e-12	5.622548e-12
	1.399672e-11	3.517969e-11	8.829577e-11	2.164905e-10	5.041600e-10
	1.091269e-09	2.178896e-09	4.031305e-09	6.985818e-09	1.147787e-08
	1.808535e-08	2.758351e-08	4.100476e-08	5.968830e-08	8.529515e-08
	1.198369e-07	1.658413e-07	2.264974e-07	3.052778e-07	4.051081e-07
	5.279812e-07	6.751384e-07	8.465996e-07	1.040448e-06	1.253669e-06
	1.483789e-06	1.729211e-06	1.987990e-06	2.256528e-06	2.528883e-06
	2.796684e-06	3.049945e-06	3.278255e-06	3.471439e-06	3.619606e-06
	3.713784e-06	3.747387e-06	3.716759e-06	3.620585e-06	3.459828e-06
	3.238320e-06	2.962659e-06	2.641488e-06	2.286157e-06	1.913309e-06
	1.544649e-06	1.200843e-06	8.952308e-07	6.336021e-07	4.183523e-07
	2.511032e-07	1.323588e-07	5.883499e-08	2.120991e-08	6.076388e-09
	1.417721e-09	2.962868e-10	6.424005e-11	1.605797e-11	4.657365e-12
	1.503682e-12	5.217673e-13	1.905509e-13	7.213287e-14	2.786268e-14
	1.078849e-14	4.105574e-15	1.505783e-15	5.242578e-16	1.716012e-16
	5.242986e-17	1.492789e-17	4.029129e-18	1.059394e-18	2.713871e-19
	6.507888e-20	1.392014e-20	2.649617e-21	4.847258e-22	9.634827e-23
	2.294585e-23	6.762733e-24	2.408267e-24	9.875322e-25	4.427001e-25
	2.061277e-25	9.434506e-26	3.945332e-26	1.323679e-26	2.490980e-27
	1.000000e-60
massfraction-C2H2
	1.000000e-60	1.045040e-05	2.532861e-05	4.579506e-05	7.302261e-05
	1.082594e-04	1.527736e-04	2.077618e-04	2.743080e-04	3.533544e-04
	4.456877e-04	5.519360e-04	6.725752e-04	8.079414e-04	9.582472e-04
	1.123598e-03	1.304011e-03	1.499425e-03	1.709723e-03	1.934736e-03
	2.174259e-03	2.428058e-03	2.695880e-03	2.977471e-03	3.272592e-03
	3.581067e-03	3.902851e-03	4.238189e-03	4.587814e-03	4.952883e-03
	5.334491e-03	5.732491e-03	6.144203e-03	6.565898e-03	6.996868e-03
	7.440358e-03	7.899047e-03	8.370890e-03	8.850975e-03	9.336692e-03
	9.829959e-03	1.033538e-02	1.085739e-02	1.139874e-02	1.196183e-02
	1.254759e-02	1.315914e-02	1.379790e-02	1.446310e-02	1.515163e-02
	1.585870e-02	1.657662e-02	1.729077e-02	1.797638e-02	1.860385e-02
	1.915089e-02	1.960904e-02	1.998096e-02	2.027457e-02	2.049879e-02
	2.066143e-02	2.076823e-02	2.082265e-02	2.082598e-02	2.077782e-02
	2.067657e-02	2.051911e-02	2.030043e-02	2.001527e-02	1.966114e-02
	1.923887e-02	1.875072e-02	1.820104e-02	1.759776e-02	1.694921e-02
	1.625939e-02	1.552737e-02	1.475081e-02	1.392923e-02	1.306577e-02
	1.216768e-02	1.124495e-02	1.030788e-02	9.365964e-03	8.429669e-03
	7.511986e-03	6.625669e-03	5.779624e-03	4.979577e-03	4.230942e-03
	3.539371e-03	2.908987e-03	2.341621e-03	1.838916e-03	1.404734e-03
	1.042897e-03	7.521550e-04	5.249204e-04	3.508073e-04	2.205939e-04
	1.272952e-04	6.528679e-05	2.870431e-05	1.047008e-05	3.128793e-06
	7.914167e-07	1.875158e-07	4.820665e-08	1.484247e-08	5.465795e-09
	2.300213e-09	1.066974e-09	5.347653e-10	2.862154e-10	1.621782e-10
	9.668546e-11	6.046864e-11	3.972537e-11	2.751981e-11	2.009632e-11
	1.531326e-11	1.197452e-11	9.468633e-12	7.495982e-12	5.886149e-12
	4.526647e-12	3.357864e-12	2.374491e-12	1.597746e-12	1.031414e-12
	6.467618e-13	3.978520e-13	2.408330e-13	1.431191e-13	8.307056e-14
	4.677022e-14	2.528448e-14	1.286762e-14	5.873232e-15	2.043280e-15
	1.000000e-60
massfraction-CHCO
	1.000000e-60	3.867298e-06	8.902663e-06	1.526328e-05	2.307133e-05
	3.244371e-05	4.348188e-05	5.625729e-05	7.081211e-05	8.716212e-05
	1.053008e-04	1.252042e-04	1.468351e-04	1.701477e-04	1.950905e-04
	2.216096e-04	2.496499e-04	2.791575e-04	3.100796e-04	3.423659e-04
	3.759684e-04	4.108421e-04	4.469449e-04	4.842390e-04	5.226927e-04
	5.622850e-04	6.030137e-04	6.449133e-04	6.880776e-04	7.326487e-04
	7.787574e-04	8.263832e-04	8.752094e-04	9.248091e-04	9.751195e-04
	1.026536e-03	1.079381e-03	1.133430e-03	1.188138e-03	1.243234e-03
	1.298963e-03	1.355864e-03	1.414455e-03	1.475064e-03	1.537990e-03
	1.603342e-03	1.671517e-03	1.742718e-03	1.816920e-03	1.893858e-03
	1.973092e-03	2.053887e-03	2.134738e-03	2.212996e-03	2.285432e-03
	2.349601e-03	2.404614e-03	2.450864e-03	2.489364e-03	2.521257e-03
	2.547580e-03	2.569156e-03	2.586571e-03	2.600185e-03	2.610160e-03
	2.616511e-03	2.619138e-03	2.617779e-03	2.612023e-03	2.601466e-03
	2.585828e-03	2.564927e-03	2.538694e-03	2.507274e-03	2.470891e-03
	2.429543e-03	2.382879e-03	2.330338e-03	2.271347e-03	2.205463e-03
	2.132468e-03	2.052331e-03	1.965048e-03	1.870556e-03	1.768926e-03
	1.660639e-03	1.546441e-03	1.426938e-03	1.302607e-03	1.174208e-03
	1.042993e-03	9.104890e-04	7.783067e-04	6.485571e-04	5.246520e-04
	4.109762e-04	3.111128e-04	2.265058e-04	1.568655e-04	1.014376e-04
	5.961083e-05	3.071871e-05	1.331931e-05	4.674839e-06	1.303732e-06
	2.961858e-07	6.011444e-08	1.270874e-08	3.207682e-09	9.961566e-10
	3.623707e-10	1.465767e-10	6.389998e-11	2.947801e-11	1.419549e-11
	7.054465e-12	3.584996e-12	1.855481e-12	9.829226e-13	5.412017e-13
	3.166490e-13	2.003350e-13	1.367367e-13	9.798291e-14	7.074257e-14
	4.928554e-14	3.188580e-14	1.877785e-14	1.020903e-14	5.333716e-15
	2.788206e-15	1.492948e-15	8.228746e-16	4.643543e-16	2.659221e-16
	1.529425e-16	8.709554e-17	4.786968e-17	2.399860e-17	9.229260e-18
	1.000000e-60
massfraction-C3H3
	1.000000e-60	1.942632e-28	5.251438e-28	1.133350e-27	2.364472e-27
	5.080285e-27	1.148601e-26	2.741121e-26	6.877402e-26	1.802950e-25
	4.906489e-25	1.377247e-24	3.962986e-24	1.161033e-23	3.431150e-23
	1.032584e-22	3.115929e-22	9.392210e-22	2.825612e-21	8.439301e-21
	2.498040e-20	7.310711e-20	2.111739e-19	6.012192e-19	1.685395e-18
	4.649540e-18	1.262314e-17	3.375540e-17	8.908324e-17	2.326546e-16
	6.026808e-16	1.547848e-15	3.920926e-15	9.733573e-15	2.367421e-14
	5.680765e-14	1.352470e-13	3.187476e-13	7.387562e-13	1.679369e-12
	3.760795e-12	8.364300e-12	1.861331e-11	4.163768e-11	9.392189e-11
	2.143235e-10	4.961882e-10	1.168376e-09	2.799342e-09	6.812943e-09
	1.679209e-08	4.168485e-08	1.029258e-07	2.468942e-07	5.582574e-07
	1.161583e-06	2.203589e-06	3.827131e-06	6.153964e-06	9.282188e-06
	1.329628e-05	1.827874e-05	2.431884e-05	3.151294e-05	3.995402e-05
	4.973253e-05	6.096775e-05	7.380795e-05	8.832810e-05	1.044206e-04
	1.218254e-04	1.402216e-04	1.592009e-04	1.782369e-04	1.968158e-04
	2.145590e-04	2.311770e-04	2.463321e-04	2.595599e-04	2.702767e-04
	2.778419e-04	2.816583e-04	2.812528e-04	2.763092e-04	2.667059e-04
	2.526027e-04	2.344688e-04	2.129862e-04	1.889668e-04	1.633623e-04
	1.372431e-04	1.116744e-04	8.759754e-05	6.584617e-05	4.719415e-05
	3.218433e-05	2.086448e-05	1.279658e-05	7.329365e-06	3.837905e-06
	1.788811e-06	7.242737e-07	2.528678e-07	7.748787e-08	2.125719e-08
	5.154630e-09	1.079345e-09	1.967982e-10	3.247931e-11	5.050460e-12
	7.552419e-13	1.087791e-13	1.492003e-14	1.900265e-15	2.151111e-16
	2.023399e-17	1.435441e-18	6.769334e-20	1.855322e-21	2.679582e-23
	2.099512e-25	2.149527e-27	1.130824e-28	7.878316e-30	4.878446e-31
	2.600858e-32	1.235776e-33	5.551741e-35	2.500903e-36	1.262202e-37
	4.534578e-39	7.008594e-40	3.481649e-41	1.419140e-41	1.000000e-60
	1.000000e-60	2.220707e-44	1.000000e-60	2.362767e-44	1.000000e-60
	1.000000e-60
massfraction-C2H3
	1.000000e-60	2.016510e-18	4.484249e-18	7.459375e-18	1.102737e-17
	1.538784e-17	2.096316e-17	2.855132e-17	3.961145e-17	5.684107e-17
	8.539559e-17	1.355398e-16	2.285841e-16	4.105605e-16	7.845313e-16
	1.588472e-15	3.385582e-15	7.532286e-15	1.732748e-14	4.080852e-14
	9.743827e-14	2.337104e-13	5.584311e-13	1.319466e-12	3.063181e-12
	6.948213e-12	1.532491e-11	3.273319e-11	6.750306e-11	1.341055e-10
	2.561535e-10	4.690473e-10	8.198015e-10	1.364048e-09	2.167197e-09
	3.311448e-09	4.892906e-09	7.000130e-09	9.698387e-09	1.304476e-08
	1.711629e-08	2.201741e-08	2.785986e-08	3.473185e-08	4.268964e-08
	5.177474e-08	6.208777e-08	7.393166e-08	8.813292e-08	1.065639e-07
	1.328982e-07	1.737695e-07	2.405576e-07	3.513127e-07	5.310682e-07
	8.092516e-07	1.215661e-06	1.778216e-06	2.523490e-06	3.478278e-06
	4.670510e-06	6.127156e-06	7.869646e-06	9.906837e-06	1.222621e-05
	1.479081e-05	1.754632e-05	2.041988e-05	2.329998e-05	2.603289e-05
	2.845873e-05	3.044744e-05	3.190527e-05	3.278098e-05	3.307405e-05
	3.281920e-05	3.206049e-05	3.084164e-05	2.921219e-05	2.723612e-05
	2.499586e-05	2.258653e-05	2.010328e-05	1.763187e-05	1.524852e-05
	1.302025e-05	1.099528e-05	9.195648e-06	7.623047e-06	6.268626e-06
	5.116653e-06	4.144548e-06	3.325515e-06	2.634725e-06	2.054503e-06
	1.573221e-06	1.180348e-06	8.638726e-07	6.118552e-07	4.150167e-07
	2.667939e-07	1.615250e-07	9.220309e-08	4.986689e-08	2.554568e-08
	1.231374e-08	5.589798e-09	2.437995e-09	1.056364e-09	4.688905e-10
	2.170577e-10	1.054711e-10	5.371427e-11	2.841303e-11	1.534281e-11
	8.239076e-12	4.249795e-12	2.030497e-12	8.817631e-13	3.526864e-13
	1.332635e-13	4.794374e-14	1.653314e-14	5.644872e-15	1.994440e-15
	7.432392e-16	2.850399e-16	1.081557e-16	4.005248e-17	1.462926e-17
	5.346065e-18	1.965863e-18	7.226621e-19	2.618171e-19	9.191961e-20
	3.069431e-20	9.516366e-21	2.625098e-21	5.836225e-22	7.557675e-23
	1.000000e-60
massfraction-C2H4
	1.000000e-60	6.517937e-06	1.597951e-05	2.923847e-05	4.718892e-05
	7.080312e-05	1.010925e-04	1.390406e-04	1.855665e-04	2.414963e-04
	3.075452e-04	3.843073e-04	4.722550e-04	5.717435e-04	6.830191e-04
	8.062303e-04	9.414398e-04	1.088637e-03	1.247747e-03	1.418648e-03
	1.601172e-03	1.795122e-03	2.000279e-03	2.216415e-03	2.443310e-03
	2.680789e-03	2.928780e-03	3.187432e-03	3.457272e-03	3.739156e-03
	4.033894e-03	4.341335e-03	4.659374e-03	4.985095e-03	5.317918e-03
	5.660320e-03	6.014338e-03	6.378362e-03	6.748572e-03	7.122931e-03
	7.502884e-03	7.891933e-03	8.293428e-03	8.709380e-03	9.141486e-03
	9.590240e-03	1.005768e-02	1.054429e-02	1.104847e-02	1.156613e-02
	1.209066e-02	1.261115e-02	1.310832e-02	1.355187e-02	1.390654e-02
	1.414517e-02	1.425662e-02	1.424378e-02	1.411729e-02	1.389014e-02
	1.357434e-02	1.317957e-02	1.271322e-02	1.218133e-02	1.159007e-02
	1.094597e-02	1.025400e-02	9.518151e-03	8.747046e-03	7.957294e-03
	7.168497e-03	6.397245e-03	5.658114e-03	4.964677e-03	4.325258e-03
	3.740582e-03	3.206990e-03	2.721016e-03	2.281223e-03	1.887769e-03
	1.541324e-03	1.241662e-03	9.868594e-04	7.735800e-04	5.979824e-04
	4.561209e-04	3.436170e-04	2.556926e-04	1.877885e-04	1.360040e-04
	9.707244e-05	6.820793e-05	4.707595e-05	3.183568e-05	2.109543e-05
	1.374703e-05	8.847579e-06	5.625416e-06	3.514550e-06	2.139231e-06
	1.257849e-06	7.106374e-07	3.852549e-07	2.000396e-07	9.864078e-08
	4.561548e-08	1.976698e-08	8.205923e-09	3.383863e-09	1.431614e-09
	6.330077e-10	2.947328e-10	1.447106e-10	7.471668e-11	4.033746e-11
	2.262484e-11	1.312422e-11	7.879566e-12	4.935192e-12	3.254600e-12
	2.260933e-12	1.636936e-12	1.217419e-12	9.181742e-13	6.931729e-13
	5.155776e-13	3.713362e-13	2.556928e-13	1.679684e-13	1.061092e-13
	6.524314e-14	3.941532e-14	2.345872e-14	1.371719e-14	7.838389e-15
	4.346659e-15	2.315611e-15	1.162069e-15	5.235453e-16	1.800244e-16
	1.000000e-60
massfraction-C2H5
	1.000000e-60	7.259676e-11	1.799945e-10	3.332527e-10	5.443409e-10
	8.265710e-10	1.194134e-09	1.661253e-09	2.241664e-09	2.948176e-09
	3.792356e-09	4.784335e-09	5.932727e-09	7.244649e-09	8.725813e-09
	1.038067e-08	1.221261e-08	1.422417e-08	1.641728e-08	1.879354e-08
	2.135455e-08	2.410218e-08	2.703904e-08	3.016889e-08	3.349726e-08
	3.703231e-08	4.078611e-08	4.477696e-08	4.903247e-08	5.358980e-08
	5.849019e-08	6.376284e-08	6.940298e-08	7.538415e-08	8.171147e-08
	8.843871e-08	9.559928e-08	1.031273e-07	1.108695e-07	1.186608e-07
	1.263562e-07	1.337827e-07	1.406684e-07	1.466121e-07	1.511401e-07
	1.538029e-07	1.544520e-07	1.535753e-07	1.527508e-07	1.548560e-07
	1.638310e-07	1.844083e-07	2.224878e-07	2.858800e-07	3.842071e-07
	5.276486e-07	7.255213e-07	9.856143e-07	1.314125e-06	1.715493e-06
	2.191817e-06	2.741308e-06	3.356384e-06	4.021729e-06	4.712959e-06
	5.398271e-06	6.042909e-06	6.610645e-06	7.062683e-06	7.363732e-06
	7.493342e-06	7.449861e-06	7.247417e-06	6.912907e-06	6.479536e-06
	5.977648e-06	5.430738e-06	4.857768e-06	4.276298e-06	3.703574e-06
	3.155972e-06	2.647046e-06	2.185804e-06	1.776750e-06	1.421472e-06
	1.119664e-06	8.686409e-07	6.633821e-07	4.979267e-07	3.666034e-07
	2.642298e-07	1.859207e-07	1.271676e-07	8.412947e-08	5.368219e-08
	3.308000e-08	1.973743e-08	1.139019e-08	6.314037e-09	3.333616e-09
	1.673461e-09	8.126066e-10	3.971409e-10	2.018329e-10	1.052649e-10
	5.403004e-11	2.669997e-11	1.287949e-11	6.267741e-12	3.169914e-12
	1.692545e-12	9.576106e-13	5.715124e-13	3.557034e-13	2.268146e-13
	1.447907e-13	9.007027e-14	5.314976e-14	2.918966e-14	1.484884e-14
	7.032856e-15	3.085499e-15	1.217222e-15	4.216220e-16	1.296055e-16
	3.665926e-17	1.008352e-17	2.849612e-18	8.525155e-19	2.721375e-19
	9.232061e-20	3.288490e-20	1.207921e-20	4.489617e-21	1.662518e-21
	6.067291e-22	2.167221e-22	7.520499e-23	2.475938e-23	6.825392e-24
	1.000000e-60
massfraction-C3H4
	1.000000e-60	4.029898e-08	1.039640e-07	2.007191e-07	3.421816e-07
	5.422498e-07	8.168897e-07	1.183501e-06	1.660361e-06	2.266037e-06
	3.018824e-06	3.936261e-06	5.034738e-06	6.329209e-06	7.833007e-06
	9.557745e-06	1.151328e-05	1.370775e-05	1.614761e-05	1.883776e-05
	2.178164e-05	2.498134e-05	2.843781e-05	3.215108e-05	3.612060e-05
	4.034595e-05	4.482796e-05	4.957111e-05	5.458673e-05	5.989244e-05
	6.550532e-05	7.142397e-05	7.760812e-05	8.399961e-05	9.058444e-05
	9.740931e-05	1.045132e-04	1.118618e-04	1.193749e-04	1.270069e-04
	1.347831e-04	1.427715e-04	1.510380e-04	1.596214e-04	1.685529e-04
	1.778426e-04	1.875304e-04	1.976279e-04	2.081097e-04	2.189120e-04
	2.299425e-04	2.410642e-04	2.520353e-04	2.624671e-04	2.719151e-04
	2.800666e-04	2.868361e-04	2.923195e-04	2.966994e-04	3.001756e-04
	3.029324e-04	3.051235e-04	3.068716e-04	3.082715e-04	3.093949e-04
	3.102972e-04	3.110219e-04	3.115988e-04	3.120402e-04	3.123411e-04
	3.124829e-04	3.124328e-04	3.121428e-04	3.115531e-04	3.105961e-04
	3.091896e-04	3.072251e-04	3.045627e-04	3.010359e-04	2.964640e-04
	2.906715e-04	2.835046e-04	2.748353e-04	2.645642e-04	2.526509e-04
	2.391623e-04	2.242641e-04	2.081600e-04	1.910708e-04	1.732698e-04
	1.550912e-04	1.368770e-04	1.189279e-04	1.015457e-04	8.512780e-05
	7.012396e-05	5.683571e-05	4.529138e-05	3.532403e-05	2.674143e-05
	1.942242e-05	1.333925e-05	8.522479e-06	4.981420e-06	2.628607e-06
	1.247112e-06	5.391477e-07	2.196872e-07	8.810321e-08	3.604668e-08
	1.535154e-08	6.860047e-09	3.220778e-09	1.583406e-09	8.095203e-10
	4.267340e-10	2.300798e-10	1.263257e-10	7.081106e-11	4.083331e-11
	2.435954e-11	1.500535e-11	9.476389e-12	6.081381e-12	3.914492e-12
	2.479273e-12	1.513266e-12	8.790366e-13	4.872909e-13	2.614066e-13
	1.378577e-13	7.219114e-14	3.757796e-14	1.934663e-14	9.781209e-15
	4.818105e-15	2.289684e-15	1.030736e-15	4.198684e-16	1.320012e-16
	1.000000e-60
massfraction-C3H5
	1.000000e-60	2.369018e-09	6.157308e-09	1.198203e-08	2.059294e-08
	3.289899e-08	4.995830e-08	7.294033e-08	1.030908e-07	1.416924e-07
	1.900268e-07	2.493391e-07	3.208091e-07	4.055283e-07	5.044844e-07
	6.185507e-07	7.484817e-07	8.949120e-07	1.058359e-06	1.239227e-06
	1.437816e-06	1.654325e-06	1.888870e-06	2.141496e-06	2.412199e-06
	2.700980e-06	3.007918e-06	3.333340e-06	3.678038e-06	4.043242e-06
	4.430140e-06	4.838651e-06	5.265996e-06	5.708142e-06	6.164095e-06
	6.637065e-06	7.129735e-06	7.639703e-06	8.161356e-06	8.691478e-06
	9.231769e-06	9.786891e-06	1.036133e-05	1.095765e-05	1.157782e-05
	1.222228e-05	1.289327e-05	1.359078e-05	1.431161e-05	1.504888e-05
	1.579197e-05	1.652451e-05	1.721979e-05	1.784070e-05	1.835385e-05
	1.875050e-05	1.905110e-05	1.929055e-05	1.950087e-05	1.970228e-05
	1.990204e-05	2.009686e-05	2.027590e-05	2.042340e-05	2.052100e-05
	2.055041e-05	2.049526e-05	2.034147e-05	2.007957e-05	1.970973e-05
	1.924326e-05	1.869852e-05	1.809842e-05	1.746874e-05	1.683192e-05
	1.620152e-05	1.558307e-05	1.497850e-05	1.438884e-05	1.381462e-05
	1.325537e-05	1.270849e-05	1.216856e-05	1.162800e-05	1.107925e-05
	1.051707e-05	9.938282e-06	9.340400e-06	8.721778e-06	8.083317e-06
	7.428914e-06	6.763731e-06	6.092525e-06	5.421194e-06	4.760846e-06
	4.127397e-06	3.534279e-06	2.985953e-06	2.478842e-06	2.007600e-06
	1.570038e-06	1.169990e-06	8.178088e-07	5.271460e-07	3.087363e-07
	1.631292e-07	7.841953e-08	3.524766e-08	1.537629e-08	6.725315e-09
	3.007818e-09	1.388613e-09	6.641818e-10	3.288801e-10	1.678716e-10
	8.783327e-11	4.692849e-11	2.569423e-11	1.465639e-11	8.930543e-12
	5.892886e-12	4.154700e-12	3.038653e-12	2.245471e-12	1.644124e-12
	1.170873e-12	7.955916e-13	5.086774e-13	3.056931e-13	1.745870e-13
	9.626964e-14	5.189707e-14	2.746948e-14	1.424657e-14	7.204687e-15
	3.531300e-15	1.663617e-15	7.406864e-16	2.981161e-16	9.263937e-17
	1.000000e-60
massfraction-C3H6
	1.000000e-60	5.629903e-08	1.476820e-07	2.902205e-07	5.038369e-07
	8.130810e-07	1.246997e-06	1.838237e-06	2.622167e-06	3.635813e-06
	4.916770e-06	6.502166e-06	8.427753e-06	1.072716e-05	1.343134e-05
	1.656816e-05	2.016215e-05	2.423444e-05	2.880267e-05	3.388116e-05
	3.948096e-05	4.561012e-05	5.227394e-05	5.947546e-05	6.721611e-05
	7.549709e-05	8.432168e-05	9.370004e-05	1.036557e-04	1.142247e-04
	1.254420e-04	1.373052e-04	1.497334e-04	1.626081e-04	1.758988e-04
	1.896972e-04	2.040796e-04	2.189735e-04	2.342124e-04	2.496989e-04
	2.654796e-04	2.816869e-04	2.984477e-04	3.158318e-04	3.338902e-04
	3.526267e-04	3.720950e-04	3.922766e-04	4.130500e-04	4.341660e-04
	4.552216e-04	4.755489e-04	4.939874e-04	5.087561e-04	5.178270e-04
	5.197539e-04	5.142463e-04	5.020651e-04	4.845174e-04	4.629767e-04
	4.385955e-04	4.122273e-04	3.844673e-04	3.557485e-04	3.264470e-04
	2.969015e-04	2.673499e-04	2.379846e-04	2.091742e-04	1.815241e-04
	1.556348e-04	1.319019e-04	1.105797e-04	9.182858e-05	7.562109e-05
	6.173177e-05	4.986101e-05	3.975215e-05	3.121819e-05	2.411636e-05
	1.831770e-05	1.368158e-05	1.004940e-05	7.257248e-06	5.152904e-06
	3.601420e-06	2.481412e-06	1.686313e-06	1.129520e-06	7.450466e-07
	4.835552e-07	3.082179e-07	1.921405e-07	1.164906e-07	6.841000e-08
	3.887323e-08	2.134241e-08	1.123297e-08	5.567571e-09	2.529444e-09
	1.017811e-09	3.492249e-10	9.862950e-11	2.234209e-11	4.026893e-12
	5.893056e-13	7.437634e-14	8.909770e-15	1.124336e-15	1.625618e-16
	2.837708e-17	6.130054e-18	1.641173e-18	5.347161e-19	2.057100e-19
	9.045872e-20	4.430202e-20	2.397753e-20	1.467830e-20	1.054238e-20
	8.725819e-21	7.645526e-21	6.600893e-21	5.483436e-21	4.376861e-21
	3.345662e-21	2.422726e-21	1.642444e-21	1.038208e-21	6.156902e-22
	3.470441e-22	1.884834e-22	9.941638e-23	5.101142e-23	2.541291e-23
	1.224190e-23	5.662628e-24	2.475487e-24	9.792025e-25	2.995979e-25
	1.000000e-60
massfraction-N-C3H7
	1.000000e-60	5.626447e-12	1.478070e-11	2.909181e-11	5.058549e-11
	8.176429e-11	1.255964e-10	1.854275e-10	2.648903e-10	3.677980e-10
	4.980315e-10	6.594328e-10	8.557104e-10	1.090361e-09	1.366608e-09
	1.687363e-09	2.055192e-09	2.472307e-09	2.940556e-09	3.461427e-09
	4.036046e-09	4.665178e-09	5.349209e-09	6.088092e-09	6.881233e-09
	7.727234e-09	8.623374e-09	9.564606e-09	1.054139e-08	1.153440e-08
	1.250434e-08	1.337610e-08	1.402550e-08	1.428907e-08	1.400203e-08
	1.305450e-08	1.148942e-08	9.598081e-09	7.806571e-09	6.378996e-09
	5.323414e-09	4.542001e-09	3.951134e-09	3.499963e-09	3.157291e-09
	2.901638e-09	2.718181e-09	2.597834e-09	2.536996e-09	2.536434e-09
	2.601499e-09	2.742643e-09	2.974788e-09	3.313104e-09	3.765415e-09
	4.327102e-09	4.983147e-09	5.714727e-09	6.504059e-09	7.334381e-09
	8.186536e-09	9.034469e-09	9.842918e-09	1.056806e-08	1.116125e-08
	1.157626e-08	1.177592e-08	1.173383e-08	1.143817e-08	1.090153e-08
	1.016284e-08	9.276328e-09	8.302428e-09	7.301739e-09	6.323397e-09
	5.397265e-09	4.537916e-09	3.753463e-09	3.050325e-09	2.433618e-09
	1.905992e-09	1.466025e-09	1.107843e-09	8.225329e-10	6.001825e-10
	4.309164e-10	3.048869e-10	2.126868e-10	1.461941e-10	9.893538e-11
	6.586896e-11	4.307268e-11	2.756554e-11	1.718476e-11	1.040542e-11
	6.119270e-12	3.493020e-12	1.922256e-12	1.003386e-12	4.845275e-13
	2.095878e-13	7.828317e-14	2.435600e-14	6.136158e-15	1.238820e-15
	2.041820e-16	2.908995e-17	3.916334e-18	5.479463e-19	8.594218e-20
	1.587072e-20	3.559231e-21	9.882691e-22	3.420188e-22	1.464979e-22
	7.642303e-23	4.786327e-23	3.612100e-23	3.401878e-23	4.180472e-23
	6.606896e-23	1.218979e-22	1.931040e-22	1.960609e-22	1.571477e-22
	1.142050e-22	7.753745e-23	4.912777e-23	2.912460e-23	1.636169e-23
	8.858723e-24	4.684100e-24	2.430166e-24	1.234718e-24	6.114448e-25
	2.933891e-25	1.353142e-25	5.901055e-26	2.329227e-26	7.113213e-27
	1.000000e-60
massfraction-I-C3H7
	1.000000e-60	1.098679e-10	2.886240e-10	5.680810e-10	9.878009e-10
	1.596665e-09	2.452660e-09	3.621162e-09	5.173191e-09	7.183334e-09
	9.727576e-09	1.288124e-08	1.671717e-08	2.130430e-08	2.670650e-08
	3.298195e-08	4.018268e-08	4.835461e-08	5.753777e-08	6.776678e-08
	7.907166e-08	9.147878e-08	1.050121e-07	1.196950e-07	1.355519e-07
	1.526121e-07	1.709134e-07	1.905116e-07	2.114890e-07	2.339446e-07
	2.579446e-07	2.834043e-07	3.099273e-07	3.367988e-07	3.631257e-07
	3.876858e-07	4.083283e-07	4.215885e-07	4.232274e-07	4.094569e-07
	3.782704e-07	3.310197e-07	2.739496e-07	2.173377e-07	1.703159e-07
	1.356864e-07	1.110932e-07	9.341697e-08	8.062612e-08	7.151595e-08
	6.533683e-08	6.163074e-08	6.014893e-08	6.074551e-08	6.323339e-08
	6.730065e-08	7.255308e-08	7.861089e-08	8.516095e-08	9.193808e-08
	9.867114e-08	1.050330e-07	1.106257e-07	1.150035e-07	1.177264e-07
	1.184342e-07	1.168947e-07	1.130106e-07	1.068660e-07	9.880012e-08
	8.936298e-08	7.916655e-08	6.880310e-08	5.879923e-08	4.952183e-08
	4.113755e-08	3.367837e-08	2.713112e-08	2.147723e-08	1.669289e-08
	1.273905e-08	9.550773e-09	7.037902e-09	5.097911e-09	3.630960e-09
	2.546161e-09	1.760579e-09	1.200927e-09	8.074806e-10	5.346660e-10
	3.483430e-10	2.229439e-10	1.396961e-10	8.534850e-11	5.075367e-11
	2.942334e-11	1.664595e-11	9.139610e-12	4.797013e-12	2.349984e-12
	1.041344e-12	4.023533e-13	1.305654e-13	3.451420e-14	7.345555e-15
	1.281835e-15	1.938346e-16	2.762907e-17	4.052624e-18	6.538677e-19
	1.205563e-19	2.586553e-20	6.503736e-21	1.917212e-21	6.611930e-22
	2.672252e-22	1.282245e-22	7.525822e-23	5.544336e-23	4.624193e-23
	3.130108e-23	1.573987e-23	7.139242e-24	3.338638e-24	1.676994e-24
	8.941103e-25	4.913364e-25	2.705469e-25	1.459990e-25	7.609148e-26
	3.814195e-26	1.843847e-26	8.605680e-27	3.867508e-27	1.666591e-27
	6.858462e-28	2.685294e-28	9.925092e-29	3.368136e-29	9.200764e-30
	1.000000e-60
massfraction-C3H8
	1.000000e+00	9.990675e-01	9.978250e-01	9.962182e-01	9.941989e-01
	9.917184e-01	9.887307e-01	9.851970e-01	9.810862e-01	9.763750e-01
	9.710476e-01	9.650944e-01	9.585111e-01	9.512977e-01	9.434575e-01
	9.349963e-01	9.259217e-01	9.162425e-01	9.059684e-01	8.951098e-01
	8.836772e-01	8.716815e-01	8.591334e-01	8.460430e-01	8.324192e-01
	8.182674e-01	8.035871e-01	7.883645e-01	7.725638e-01	7.561309e-01
	7.390148e-01	7.212203e-01	7.028648e-01	6.841107e-01	6.649853e-01
	6.453408e-01	6.250554e-01	6.042166e-01	5.830375e-01	5.616290e-01
	5.399023e-01	5.176511e-01	4.946764e-01	4.708534e-01	4.461246e-01
	4.203377e-01	3.934028e-01	3.652492e-01	3.359022e-01	3.054873e-01
	2.742056e-01	2.423827e-01	2.106515e-01	1.800905e-01	1.519823e-01
	1.272632e-01	1.062280e-01	8.865310e-02	7.407002e-02	6.196429e-02
	5.186520e-02	4.338321e-02	3.621200e-02	3.011946e-02	2.493422e-02
	2.052183e-02	1.676341e-02	1.356015e-02	1.084835e-02	8.588616e-03
	6.738496e-03	5.244155e-03	4.052112e-03	3.114079e-03	2.383014e-03
	1.814193e-03	1.370297e-03	1.023639e-03	7.543522e-04	5.475508e-04
	3.912987e-04	2.753687e-04	1.908395e-04	1.301941e-04	8.742208e-05
	5.783444e-05	3.774361e-05	2.429908e-05	1.541122e-05	9.614452e-06
	5.892311e-06	3.539851e-06	2.076166e-06	1.183166e-06	6.538868e-07
	3.512185e-07	1.836725e-07	9.301162e-08	4.487604e-08	2.010431e-08
	8.086507e-09	2.808628e-09	8.098182e-10	1.877331e-10	3.454218e-11
	5.130884e-12	6.495928e-13	7.624757e-14	9.065559e-15	1.167585e-15
	1.690355e-16	2.794129e-17	5.291765e-18	1.142295e-18	2.779208e-19
	7.525811e-20	2.249469e-20	7.447076e-21	2.782689e-21	1.201167e-21
	6.021945e-22	3.426157e-22	2.128987e-22	1.393723e-22	9.324200e-23
	6.196868e-23	3.985460e-23	2.435717e-23	1.409065e-23	7.785141e-24
	4.166815e-24	2.185127e-24	1.126689e-24	5.696797e-25	2.809939e-25
	1.343765e-25	6.179539e-26	2.688016e-26	1.058637e-26	3.226880e-27
	1.000000e-60
V [kg/(s*m^2)]
	2.265324e-01	2.171432e-01	2.078761e-01	1.988725e-01	1.902265e-01
	1.819637e-01	1.740822e-01	1.665734e-01	1.594236e-01	1.526146e-01
	1.461252e-01	1.399327e-01	1.340134e-01	1.283437e-01	1.229008e-01
	1.176628e-01	1.126092e-01	1.077212e-01	1.029816e-01	9.837457e-02
	9.388622e-02	8.950388e-02	8.521628e-02	8.101320e-02	7.688523e-02
	7.282319e-02	6.881737e-02	6.485596e-02	6.092337e-02	5.700178e-02
	5.307646e-02	4.914673e-02	4.523547e-02	4.137153e-02	3.755309e-02
	3.374457e-02	2.991895e-02	2.608995e-02	2.229207e-02	1.853844e-02
	1.480660e-02	1.105573e-02	7.248566e-03	3.361505e-03	-6.219907e-04
	-4.722555e-03	-8.964619e-03	-1.336738e-02	-1.793827e-02	-2.267355e-02
	-2.756295e-02	-3.258230e-02	-3.766310e-02	-4.266359e-02	-4.739502e-02
	-5.170233e-02	-5.551709e-02	-5.884936e-02	-6.175205e-02	-6.429175e-02
	-6.653448e-02	-6.853812e-02	-7.035045e-02	-7.200891e-02	-7.354117e-02
	-7.496921e-02	-7.631483e-02	-7.759827e-02	-7.883016e-02	-8.001017e-02
	-8.113577e-02	-8.220859e-02	-8.323062e-02	-8.420148e-02	-8.512345e-02
	-8.600526e-02	-8.685956e-02	-8.769778e-02	-8.852761e-02	-8.935279e-02
	-9.017379e-02	-9.098960e-02	-9.179982e-02	-9.260523e-02	-9.340605e-02
	-9.420038e-02	-9.498615e-02	-9.576397e-02	-9.653682e-02	-9.730760e-02
	-9.807854e-02	-9.885300e-02	-9.963697e-02	-1.004371e-01	-1.012557e-01
	-1.020890e-01	-1.029343e-01	-1.037986e-01	-1.047021e-01	-1.056766e-01
	-1.067628e-01	-1.080092e-01	-1.094706e-01	-1.112037e-01	-1.132583e-01
	-1.156622e-01	-1.183956e-01	-1.213745e-01	-1.244767e-01	-1.275969e-01
	-1.306814e-01	-1.337171e-01	-1.367139e-01	-1.397014e-01	-1.427306e-01
	-1.458753e-01	-1.492320e-01	-1.529107e-01	-1.570023e-01	-1.615389e-01
	-1.664813e-01	-1.717573e-01	-1.772998e-01	-1.830770e-01	-1.891655e-01
	-1.957926e-01	-2.032630e-01	-2.117774e-01	-2.212707e-01	-2.314446e-01
	-2.419438e-01	-2.525204e-01	-2.631030e-01	-2.737344e-01	-2.844867e-01
	-2.954157e-01	-3.065451e-01	-3.178749e-01	-3.293819e-01	-3.409900e-01
	-3.526085e-01
density [kg/m^3]
	1.767629e+00	1.765162e+00	1.761905e+00	1.757612e+00	1.751985e+00
	1.744649e+00	1.735166e+00	1.723062e+00	1.707859e+00	1.689112e+00
	1.666454e+00	1.639635e+00	1.608559e+00	1.573297e+00	1.534094e+00
	1.491352e+00	1.445594e+00	1.397430e+00	1.347512e+00	1.296491e+00
	1.244982e+00	1.193544e+00	1.142656e+00	1.092717e+00	1.044038e+00
	9.968450e-01	9.512819e-01	9.074063e-01	8.651889e-01	8.245489e-01
	7.854207e-01	7.478583e-01	7.120961e-01	6.783579e-01	6.465580e-01
	6.163443e-01	5.874734e-01	5.600162e-01	5.341543e-01	5.098866e-01
	4.869863e-01	4.651538e-01	4.441580e-01	4.238781e-01	4.042281e-01
	3.851855e-01	3.666538e-01	3.486053e-01	3.310807e-01	3.141585e-01
	2.979264e-01	2.824959e-01	2.680695e-01	2.549692e-01	2.435157e-01
	2.338410e-01	2.258423e-01	2.192754e-01	2.138636e-01	2.093575e-01
	2.055515e-01	2.022856e-01	1.994382e-01	1.969193e-01	1.946637e-01
	1.926217e-01	1.907487e-01	1.890067e-01	1.873738e-01	1.858441e-01
	1.844152e-01	1.830802e-01	1.818329e-01	1.806707e-01	1.795888e-01
	1.785756e-01	1.776161e-01	1.766987e-01	1.758169e-01	1.749699e-01
	1.741611e-01	1.733955e-01	1.726779e-01	1.720124e-01	1.714039e-01
	1.708589e-01	1.703834e-01	1.699816e-01	1.696567e-01	1.694129e-01
	1.692557e-01	1.691910e-01	1.692258e-01	1.693693e-01	1.696309e-01
	1.700153e-01	1.705221e-01	1.711530e-01	1.719219e-01	1.728584e-01
	1.740102e-01	1.754426e-01	1.772373e-01	1.794925e-01	1.823220e-01
	1.858499e-01	1.901803e-01	1.953492e-01	2.013140e-01	2.080056e-01
	2.153978e-01	2.235208e-01	2.324544e-01	2.423521e-01	2.534868e-01
	2.663048e-01	2.814950e-01	3.000263e-01	3.230350e-01	3.515225e-01
	3.860396e-01	4.266388e-01	4.729284e-01	5.243179e-01	5.808260e-01
	6.435888e-01	7.138721e-01	7.906239e-01	8.687450e-01	9.409118e-01
	1.001458e+00	1.048524e+00	1.083321e+00	1.108227e+00	1.125604e+00
	1.137434e+00	1.145281e+00	1.150354e+00	1.153549e+00	1.155507e+00
	1.156679e+00
cp [J/m^3K]
	1.677129e+03	1.677374e+03	1.677784e+03	1.678488e+03	1.679675e+03
	1.681593e+03	1.684555e+03	1.688926e+03	1.695105e+03	1.703505e+03
	1.714521e+03	1.728507e+03	1.745746e+03	1.766431e+03	1.790654e+03
	1.818395e+03	1.849524e+03	1.883811e+03	1.920937e+03	1.960509e+03
	2.002077e+03	2.045154e+03	2.089229e+03	2.133786e+03	2.178318e+03
	2.222339e+03	2.265399e+03	2.307103e+03	2.347119e+03	2.385150e+03
	2.420868e+03	2.453830e+03	2.483458e+03	2.509265e+03	2.531093e+03
	2.548979e+03	2.562841e+03	2.572452e+03	2.577677e+03	2.578575e+03
	2.575256e+03	2.567718e+03	2.555821e+03	2.539352e+03	2.518184e+03
	2.491647e+03	2.454425e+03	2.411915e+03	2.363801e+03	2.309971e+03
	2.250532e+03	2.185962e+03	2.117575e+03	2.048015e+03	1.980857e+03
	1.919233e+03	1.864798e+03	1.817768e+03	1.777509e+03	1.743066e+03
	1.713447e+03	1.687775e+03	1.665325e+03	1.645536e+03	1.627992e+03
	1.612365e+03	1.598347e+03	1.585676e+03	1.574202e+03	1.563874e+03
	1.554646e+03	1.546425e+03	1.539110e+03	1.532618e+03	1.526847e+03
	1.521668e+03	1.516948e+03	1.512578e+03	1.508485e+03	1.504622e+03
	1.500959e+03	1.497476e+03	1.494152e+03	1.490963e+03	1.487889e+03
	1.484923e+03	1.482058e+03	1.479283e+03	1.476579e+03	1.473930e+03
	1.471324e+03	1.468746e+03	1.466174e+03	1.463582e+03	1.460956e+03
	1.458302e+03	1.455617e+03	1.452867e+03	1.449972e+03	1.446813e+03
	1.443231e+03	1.439030e+03	1.433969e+03	1.427776e+03	1.420181e+03
	1.410969e+03	1.400103e+03	1.387816e+03	1.374551e+03	1.360743e+03
	1.346654e+03	1.332388e+03	1.317951e+03	1.303255e+03	1.288102e+03
	1.272181e+03	1.255079e+03	1.236358e+03	1.215782e+03	1.193240e+03
	1.166620e+03	1.138889e+03	1.113360e+03	1.091630e+03	1.073755e+03
	1.059035e+03	1.046812e+03	1.036794e+03	1.028903e+03	1.022988e+03
	1.018740e+03	1.015775e+03	1.013731e+03	1.012327e+03	1.011370e+03
	1.010722e+03	1.010290e+03	1.010007e+03	1.009823e+03	1.009707e+03
	1.009633e+03
lambda [W/m]
	1.571348e-02	1.575185e-02	1.580014e-02	1.586160e-02	1.594048e-02
	1.604251e-02	1.617480e-02	1.634565e-02	1.656434e-02	1.684082e-02
	1.718538e-02	1.760826e-02	1.811923e-02	1.872733e-02	1.944051e-02
	2.026542e-02	2.120724e-02	2.226957e-02	2.345438e-02	2.476202e-02
	2.619127e-02	2.773944e-02	2.940254e-02	3.117551e-02	3.305244e-02
	3.502708e-02	3.709341e-02	3.924681e-02	4.148541e-02	4.380959e-02
	4.621890e-02	4.870462e-02	5.124247e-02	5.380293e-02	5.637623e-02
	5.897644e-02	6.161347e-02	6.427017e-02	6.691527e-02	6.953269e-02
	7.213163e-02	7.473435e-02	7.736018e-02	8.001795e-02	8.270985e-02
	8.543674e-02	8.808479e-02	9.079097e-02	9.354635e-02	9.633425e-02
	9.913404e-02	1.019182e-01	1.046386e-01	1.072170e-01	1.095650e-01
	1.116251e-01	1.133885e-01	1.148826e-01	1.161494e-01	1.172322e-01
	1.181690e-01	1.189915e-01	1.197245e-01	1.203872e-01	1.209935e-01
	1.215546e-01	1.220808e-01	1.225813e-01	1.230616e-01	1.235220e-01
	1.239620e-01	1.243820e-01	1.247825e-01	1.251624e-01	1.255216e-01
	1.258623e-01	1.261880e-01	1.265014e-01	1.268034e-01	1.270928e-01
	1.273669e-01	1.276223e-01	1.278555e-01	1.280632e-01	1.282419e-01
	1.283875e-01	1.284959e-01	1.285641e-01	1.285890e-01	1.285668e-01
	1.284937e-01	1.283652e-01	1.281759e-01	1.279192e-01	1.275897e-01
	1.271860e-01	1.267102e-01	1.261608e-01	1.255271e-01	1.247870e-01
	1.239076e-01	1.228461e-01	1.215520e-01	1.199706e-01	1.180485e-01
	1.157454e-01	1.130580e-01	1.100451e-01	1.068136e-01	1.034689e-01
	1.000757e-01	9.666163e-02	9.323194e-02	8.977030e-02	8.623571e-02
	8.256357e-02	7.867005e-02	7.447278e-02	6.994165e-02	6.513772e-02
	6.013008e-02	5.521918e-02	5.066288e-02	4.657715e-02	4.293639e-02
	3.963766e-02	3.660542e-02	3.386518e-02	3.152153e-02	2.965703e-02
	2.826839e-02	2.728089e-02	2.659580e-02	2.612658e-02	2.580876e-02
	2.559651e-02	2.545729e-02	2.536778e-02	2.531142e-02	2.527674e-02
	2.525581e-02
mu [kg/s^2m]
	8.255382e-06	8.264589e-06	8.277671e-06	8.295950e-06	8.321026e-06
	8.354892e-06	8.399930e-06	8.458836e-06	8.534544e-06	8.630123e-06
	8.748652e-06	8.893086e-06	9.066128e-06	9.270117e-06	9.506944e-06
	9.777998e-06	1.008415e-05	1.042578e-05	1.080281e-05	1.121475e-05
	1.166083e-05	1.214003e-05	1.265121e-05	1.319318e-05	1.376480e-05
	1.436511e-05	1.499352e-05	1.565011e-05	1.633608e-05	1.705362e-05
	1.780497e-05	1.859010e-05	1.940414e-05	2.024025e-05	2.109769e-05
	2.198370e-05	2.290467e-05	2.385767e-05	2.483398e-05	2.582947e-05
	2.684926e-05	2.790439e-05	2.900604e-05	3.016248e-05	3.138044e-05
	3.266836e-05	3.403675e-05	3.549478e-05	3.704694e-05	3.869323e-05
	4.043003e-05	4.224687e-05	4.411465e-05	4.597401e-05	4.774538e-05
	4.936158e-05	5.079050e-05	5.203287e-05	5.310797e-05	5.404145e-05
	5.485910e-05	5.558369e-05	5.623401e-05	5.682482e-05	5.736715e-05
	5.786978e-05	5.834123e-05	5.878930e-05	5.921827e-05	5.962847e-05
	6.001936e-05	6.039163e-05	6.074596e-05	6.108201e-05	6.140026e-05
	6.170331e-05	6.199499e-05	6.227853e-05	6.255567e-05	6.282661e-05
	6.309026e-05	6.334492e-05	6.358900e-05	6.382116e-05	6.403978e-05
	6.424266e-05	6.442768e-05	6.459346e-05	6.473907e-05	6.486336e-05
	6.496491e-05	6.504229e-05	6.509406e-05	6.511838e-05	6.511313e-05
	6.507704e-05	6.501035e-05	6.491349e-05	6.478490e-05	6.461981e-05
	6.440976e-05	6.414276e-05	6.380363e-05	6.337426e-05	6.283428e-05
	6.216309e-05	6.134724e-05	6.039085e-05	5.931663e-05	5.815347e-05
	5.692220e-05	5.563369e-05	5.429149e-05	5.289047e-05	5.141404e-05
	4.983299e-05	4.810592e-05	4.618729e-05	4.405101e-05	4.171957e-05
	3.926977e-05	3.680228e-05	3.441087e-05	3.215882e-05	3.005556e-05
	2.806858e-05	2.617566e-05	2.441399e-05	2.287257e-05	2.162600e-05
	2.068729e-05	2.001514e-05	1.954700e-05	1.922581e-05	1.900826e-05
	1.886320e-05	1.876834e-05	1.870766e-05	1.866974e-05	1.864664e-05
	1.863292e-05
mDot_C3H8 [kg/m^3s]
	0.000000e+00	-1.379928e-12	-3.050974e-12	-5.161179e-12	-7.944793e-12
	-1.181811e-11	-1.748734e-11	-2.611531e-11	-3.962692e-11	-6.127690e-11
	-9.671015e-11	-1.559549e-10	-2.572104e-10	-4.341436e-10	-7.501462e-10
	-1.326598e-09	-2.399701e-09	-4.436340e-09	-8.372991e-09	-1.611211e-08
	-3.155509e-08	-6.273850e-08	-1.261885e-07	-2.556002e-07	-5.186434e-07
	-1.048482e-06	-2.101090e-06	-4.157316e-06	-8.103388e-06	-1.554542e-05
	-2.933542e-05	-5.435412e-05	-9.845320e-05	-1.736451e-04	-2.986082e-04
	-5.037021e-04	-8.372074e-04	-1.370002e-03	-2.200829e-03	-3.471668e-03
	-5.401093e-03	-8.337047e-03	-1.283249e-02	-1.975918e-02	-3.050662e-02
	-4.734960e-02	-7.408307e-02	-1.170598e-01	-1.868921e-01	-3.013899e-01
	-4.906932e-01	-8.054235e-01	-1.325813e+00	-2.162788e+00	-3.439360e+00
	-5.257347e+00	-7.672466e+00	-1.069328e+01	-1.429543e+01	-1.843315e+01
	-2.303989e+01	-2.801464e+01	-3.320651e+01	-3.840523e+01	-4.334432e+01
	-4.773079e+01	-5.128770e+01	-5.376855e+01	-5.496625e+01	-5.477090e+01
	-5.322467e+01	-5.050241e+01	-4.686603e+01	-4.262822e+01	-3.808813e+01
	-3.347071e+01	-2.892381e+01	-2.455435e+01	-2.045446e+01	-1.670614e+01
	-1.337503e+01	-1.049877e+01	-8.081242e+00	-6.098800e+00	-4.512803e+00
	-3.276962e+00	-2.337944e+00	-1.639170e+00	-1.128334e+00	-7.616716e-01
	-5.036650e-01	-3.256347e-01	-2.050867e-01	-1.252586e-01	-7.402562e-02
	-4.238755e-02	-2.354058e-02	-1.261001e-02	-6.413981e-03	-3.020849e-03
	-1.274045e-03	-4.624253e-04	-1.385942e-04	-3.310903e-05	-6.195069e-06
	-9.186018e-07	-1.134167e-07	-1.265086e-08	-1.393750e-09	-1.626084e-10
	-2.089638e-11	-3.007386e-12	-4.862212e-13	-8.766505e-14	-1.735169e-14
	-3.694628e-15	-8.297035e-16	-1.943641e-16	-4.783201e-17	-1.266728e-17
	-3.701441e-18	-1.203698e-18	-4.335500e-19	-1.709728e-19	-7.184520e-20
	-3.078541e-20	-1.285623e-20	-5.094284e-21	-1.916872e-21	-6.974683e-22
	-2.502798e-22	-8.950072e-23	-3.179515e-23	-1.108514e-23	-3.733940e-24
	-1.193769e-24	-3.539355e-25	-9.335952e-26	-1.987042e-26	-2.464431e-27
	0.000000e+00
ScalarDissRate [1/s]
	4.059852e-05	7.731588e-05	2.306603e-04	6.462696e-04	1.690309e-03
	4.129480e-03	9.448037e-03	2.030526e-02	4.113315e-02	7.883354e-02
	1.434980e-01	2.490479e-01	4.136875e-01	6.600777e-01	1.015174e+00
	1.509706e+00	2.177325e+00	3.053456e+00	4.173938e+00	5.573514e+00
	7.284262e+00	9.334058e+00	1.174514e+01	1.453290e+01	1.770500e+01
	2.126101e+01	2.519292e+01	2.948693e+01	3.412633e+01	3.909066e+01
	4.434835e+01	4.983925e+01	5.545808e+01	6.108014e+01	6.661981e+01
	7.203715e+01	7.727480e+01	8.221788e+01	8.673574e+01	9.074192e+01
	9.419856e+01	9.708001e+01	9.934423e+01	1.009354e+02	1.017743e+02
	1.017701e+02	1.008847e+02	9.903731e+01	9.623634e+01	9.249544e+01
	8.787737e+01	8.250545e+01	7.659757e+01	7.049378e+01	6.459647e+01
	5.922769e+01	5.454075e+01	5.054121e+01	4.715493e+01	4.428226e+01
	4.182506e+01	3.969900e+01	3.783612e+01	3.618416e+01	3.470447e+01
	3.336693e+01	3.214405e+01	3.101199e+01	2.995694e+01	2.897506e+01
	2.806430e+01	2.721928e+01	2.643456e+01	2.570686e+01	2.503120e+01
	2.439845e+01	2.379747e+01	2.321873e+01	2.265593e+01	2.210573e+01
	2.156720e+01	2.104037e+01	2.052495e+01	2.001995e+01	1.952481e+01
	1.904031e+01	1.856734e+01	1.810519e+01	1.765186e+01	1.720551e+01
	1.676477e+01	1.632778e+01	1.589132e+01	1.545203e+01	1.500920e+01
	1.456529e+01	1.412235e+01	1.367742e+01	1.322120e+01	1.273995e+01
	1.221735e+01	1.163612e+01	1.098038e+01	1.023860e+01	9.408656e+00
	8.503139e+00	7.554934e+00	6.614418e+00	5.731546e+00	4.936753e+00
	4.237259e+00	3.627116e+00	3.095775e+00	2.631163e+00	2.221076e+00
	1.854562e+00	1.523014e+00	1.221686e+00	9.512737e-01	7.167516e-01
	5.235068e-01	3.721561e-01	2.586972e-01	1.763554e-01	1.174563e-01
	7.539052e-02	4.573217e-02	2.583693e-02	1.359934e-02	6.763439e-03
	3.237615e-03	1.512046e-03	6.913962e-04	3.084250e-04	1.334547e-04
	5.573351e-05	2.240004e-05	8.653461e-06	3.213799e-06	1.152534e-06
	6.394519e-07
ZBilger
	1.000000e+00	9.992368e-01	9.982047e-01	9.968542e-01	9.951409e-01
	9.930203e-01	9.904502e-01	9.873947e-01	9.838248e-01	9.797185e-01
	9.750605e-01	9.698413e-01	9.640565e-01	9.577057e-01	9.507918e-01
	9.433198e-01	9.352971e-01	9.267318e-01	9.176334e-01	9.080119e-01
	8.978775e-01	8.872408e-01	8.761122e-01	8.645018e-01	8.524182e-01
	8.398672e-01	8.268490e-01	8.133523e-01	7.993460e-01	7.847827e-01
	7.696181e-01	7.538571e-01	7.376041e-01	7.210035e-01	7.040796e-01
	6.867020e-01	6.687633e-01	6.503412e-01	6.316243e-01	6.127106e-01
	5.935218e-01	5.738755e-01	5.535964e-01	5.325746e-01	5.107529e-01
	4.880107e-01	4.642619e-01	4.394441e-01	4.135788e-01	3.867746e-01
	3.592048e-01	3.311491e-01	3.031522e-01	2.761456e-01	2.512361e-01
	2.292279e-01	2.103674e-01	1.944528e-01	1.810730e-01	1.697791e-01
	1.601607e-01	1.518774e-01	1.446604e-01	1.383053e-01	1.326625e-01
	1.276154e-01	1.230582e-01	1.189001e-01	1.150884e-01	1.116055e-01
	1.084378e-01	1.055581e-01	1.029383e-01	1.005575e-01	9.838941e-02
	9.639553e-02	9.453360e-02	9.276876e-02	9.107765e-02	8.944699e-02
	8.787106e-02	8.634743e-02	8.487300e-02	8.344322e-02	8.205531e-02
	8.071080e-02	7.941184e-02	7.815656e-02	7.694003e-02	7.575817e-02
	7.460849e-02	7.348719e-02	7.238705e-02	7.130032e-02	7.022515e-02
	6.916592e-02	6.812385e-02	6.708686e-02	6.602690e-02	6.490408e-02
	6.366913e-02	6.226444e-02	6.062688e-02	5.869303e-02	5.641308e-02
	5.376978e-02	5.080563e-02	4.763465e-02	4.440569e-02	4.124017e-02
	3.819980e-02	3.530283e-02	3.254583e-02	2.990993e-02	2.736264e-02
	2.486250e-02	2.236543e-02	1.983923e-02	1.728918e-02	1.477306e-02
	1.238298e-02	1.020127e-02	8.276518e-03	6.619627e-03	5.202308e-03
	3.977995e-03	2.917742e-03	2.028662e-03	1.333848e-03	8.349585e-04
	5.024755e-04	2.924059e-04	1.641154e-04	8.790909e-05	4.418193e-05
	2.031626e-05	8.205717e-06	2.685243e-06	5.716827e-07	9.377510e-09
	0.000000e+00
ScalarDissRateBilger [1/s]
	5.730749e-03	8.075865e-03	1.492685e-02	2.658819e-02	4.552501e-02
	7.502644e-02	1.192937e-01	1.834475e-01	2.735093e-01	3.963420e-01
	5.595634e-01	7.714445e-01	1.040805e+00	1.376916e+00	1.789404e+00
	2.288177e+00	2.883347e+00	3.585165e+00	4.403956e+00	5.350047e+00
	6.433696e+00	7.665011e+00	9.053874e+00	1.060989e+01	1.234240e+01
	1.426064e+01	1.637420e+01	1.869419e+01	2.123500e+01	2.401436e+01
	2.704980e+01	3.034817e+01	3.389233e+01	3.765081e+01	4.161398e+01
	4.580601e+01	5.024449e+01	5.489813e+01	5.970167e+01	6.460689e+01
	6.960613e+01	7.471319e+01	7.993141e+01	8.517721e+01	9.050628e+01
	9.585871e+01	1.010669e+02	1.059996e+02	1.104679e+02	1.142357e+02
	1.170351e+02	1.185826e+02	1.186196e+02	1.170172e+02	1.138949e+02
	1.096070e+02	1.045870e+02	9.920051e+01	9.369382e+01	8.820707e+01
	8.280474e+01	7.750856e+01	7.232174e+01	6.724695e+01	6.229843e+01
	5.749810e+01	5.286013e+01	4.839639e+01	4.414518e+01	4.017354e+01
	3.654000e+01	3.326965e+01	3.036743e+01	2.782795e+01	2.562566e+01
	2.371438e+01	2.204255e+01	2.056723e+01	1.925715e+01	1.808954e+01
	1.704637e+01	1.611064e+01	1.526422e+01	1.448830e+01	1.376585e+01
	1.308320e+01	1.242876e+01	1.179148e+01	1.116197e+01	1.053481e+01
	9.909468e+00	9.289117e+00	8.679492e+00	8.090300e+00	7.537794e+00
	7.041898e+00	6.617368e+00	6.268011e+00	5.988950e+00	5.771997e+00
	5.607375e+00	5.481739e+00	5.374870e+00	5.259404e+00	5.107750e+00
	4.903354e+00	4.647890e+00	4.357804e+00	4.052500e+00	3.744632e+00
	3.438682e+00	3.135025e+00	2.833174e+00	2.532490e+00	2.232125e+00
	1.931429e+00	1.630860e+00	1.334019e+00	1.050143e+00	7.932053e-01
	5.761371e-01	4.037764e-01	2.739358e-01	1.802724e-01	1.145336e-01
	6.913767e-02	3.872941e-02	1.975647e-02	9.159873e-03	3.915307e-03
	1.572660e-03	6.007088e-04	2.176630e-04	7.371871e-05	2.280632e-05
	6.246914e-06	1.447977e-06	2.625250e-07	3.135038e-08	1.405160e-09
	1.507791e-12
ChiAnalytOverChiStoich
	1.000000e-10	1.000000e-10	1.000000e-10	6.108719e-03	1.751364e-02
	3.361483e-02	5.598954e-02	8.652911e-02	1.274076e-01	1.810200e-01
	2.498949e-01	3.365906e-01	4.435829e-01	5.731559e-01	7.273024e-01
	9.076409e-01	1.115352e+00	1.351136e+00	1.615191e+00	1.907215e+00
	2.226417e+00	2.571552e+00	2.940966e+00	3.332653e+00	3.744330e+00
	4.173537e+00	4.617773e+00	5.074723e+00	5.542493e+00	6.019438e+00
	6.503425e+00	6.990348e+00	7.472914e+00	7.943020e+00	8.396383e+00
	8.832547e+00	9.249451e+00	9.640205e+00	9.996339e+00	1.031241e+01
	1.058627e+01	1.081615e+01	1.099831e+01	1.112674e+01	1.119404e+01
	1.119203e+01	1.111138e+01	1.094218e+01	1.067533e+01	1.030441e+01
	9.827114e+00	9.247501e+00	8.581628e+00	7.864018e+00	7.143813e+00
	6.467101e+00	5.861815e+00	5.336350e+00	4.886586e+00	4.502943e+00
	4.174490e+00	3.891173e+00	3.644564e+00	3.428019e+00	3.236540e+00
	3.066151e+00	2.913195e+00	2.774519e+00	2.648254e+00	2.533695e+00
	2.430252e+00	2.336886e+00	2.252554e+00	2.176448e+00	2.107609e+00
	2.044719e+00	1.986368e+00	1.931411e+00	1.879083e+00	1.828947e+00
	1.780804e+00	1.734558e+00	1.690096e+00	1.647260e+00	1.605951e+00
	1.566196e+00	1.528041e+00	1.491410e+00	1.456142e+00	1.422104e+00
	1.389209e+00	1.357336e+00	1.326271e+00	1.295790e+00	1.265837e+00
	1.236531e+00	1.207900e+00	1.179610e+00	1.150903e+00	1.120731e+00
	1.087833e+00	1.050787e+00	1.008115e+00	9.584565e-01	9.009670e-01
	8.358019e-01	7.647098e-01	6.910918e-01	6.188463e-01	5.508202e-01
	4.882241e-01	4.311975e-01	3.794039e-01	3.322401e-01	2.889355e-01
	2.486888e-01	2.108050e-01	1.749177e-01	1.412697e-01	1.107000e-01
	8.416659e-02	6.214778e-02	4.451907e-02	3.072845e-02	1.997171e-02
	1.146664e-02	4.700403e-03	1.000000e-10	1.000000e-10	1.000000e-10
	1.000000e-10	1.000000e-10	1.000000e-10	1.000000e-10	1.000000e-10
	1.000000e-10	1.000000e-10	1.000000e-10	1.000000e-10	1.000000e-10
	1.000000e-10
ChiKWOverChiKWStoich
	6.047357e-11	6.048524e-11	6.050070e-11	3.697066e-03	1.060417e-02
	2.036499e-02	3.394609e-02	5.251332e-02	7.741799e-02	1.101661e-01
	1.523734e-01	2.057113e-01	2.718474e-01	3.523867e-01	4.488162e-01
	5.624564e-01	6.944197e-01	8.455793e-01	1.016546e+00	1.207655e+00
	1.418960e+00	1.650238e+00	1.901001e+00	2.170520e+00	2.457856e+00
	2.761921e+00	3.081566e+00	3.415744e+00	3.763706e+00	4.124900e+00
	4.498436e+00	4.881886e+00	5.270153e+00	5.657153e+00	6.039630e+00
	6.417540e+00	6.789640e+00	7.150358e+00	7.492204e+00	7.809985e+00
	8.101562e+00	8.365510e+00	8.598831e+00	8.796293e+00	8.951230e+00
	9.055754e+00	9.101040e+00	9.076933e+00	8.972872e+00	8.779536e+00
	8.490353e+00	8.103599e+00	7.627354e+00	7.086088e+00	6.519656e+00
	5.969493e+00	5.464303e+00	5.016489e+00	4.626740e+00	4.289772e+00
	3.998075e+00	3.744143e+00	3.521402e+00	3.324532e+00	3.149476e+00
	2.992954e+00	2.851865e+00	2.723491e+00	2.606244e+00	2.499583e+00
	2.403046e+00	2.315735e+00	2.236727e+00	2.165304e+00	2.100592e+00
	2.041371e+00	1.986325e+00	1.934378e+00	1.884805e+00	1.837186e+00
	1.791327e+00	1.747130e+00	1.704479e+00	1.663220e+00	1.623250e+00
	1.584595e+00	1.547298e+00	1.511287e+00	1.476406e+00	1.442523e+00
	1.409553e+00	1.377374e+00	1.345766e+00	1.314499e+00	1.283512e+00
	1.252936e+00	1.222821e+00	1.192845e+00	1.162239e+00	1.129912e+00
	1.094547e+00	1.054663e+00	1.008740e+00	9.554186e-01	8.939189e-01
	8.245413e-01	7.492716e-01	6.718065e-01	5.962999e-01	5.257291e-01
	4.613135e-01	4.031392e-01	3.507983e-01	3.036176e-01	2.607722e-01
	2.214325e-01	1.849048e-01	1.508437e-01	1.194962e-01	9.163622e-02
	6.806422e-02	4.905507e-02	3.430030e-02	2.312642e-02	1.469643e-02
	8.256023e-03	3.313224e-03	6.908177e-11	6.785430e-11	6.686510e-11
	6.612296e-11	6.559322e-11	6.522511e-11	6.497290e-11	6.480218e-11
	6.468833e-11	6.461383e-11	6.456610e-11	6.453621e-11	6.451796e-11
	6.450706e-11
ChiKWFact
	6.047357e-01	6.048524e-01	6.050070e-01	6.052114e-01	6.054805e-01
	6.058335e-01	6.062933e-01	6.068861e-01	6.076403e-01	6.085851e-01
	6.097498e-01	6.111616e-01	6.128445e-01	6.148181e-01	6.170971e-01
	6.196904e-01	6.226014e-01	6.258285e-01	6.293657e-01	6.332032e-01
	6.373288e-01	6.417282e-01	6.463866e-01	6.512889e-01	6.564208e-01
	6.617699e-01	6.673273e-01	6.730898e-01	6.790637e-01	6.852634e-01
	6.917027e-01	6.983753e-01	7.052341e-01	7.122169e-01	7.193133e-01
	7.265787e-01	7.340587e-01	7.417226e-01	7.494948e-01	7.573382e-01
	7.652892e-01	7.734280e-01	7.818324e-01	7.905544e-01	7.996428e-01
	8.091251e-01	8.190734e-01	8.295358e-01	8.405239e-01	8.520173e-01
	8.639722e-01	8.763015e-01	8.888003e-01	9.010773e-01	9.126297e-01
	9.230555e-01	9.321862e-01	9.400600e-01	9.468246e-01	9.526597e-01
	9.577396e-01	9.622144e-01	9.662067e-01	9.698116e-01	9.730998e-01
	9.761272e-01	9.789474e-01	9.816084e-01	9.841370e-01	9.865365e-01
	9.888051e-01	9.909490e-01	9.929738e-01	9.948794e-01	9.966702e-01
	9.983625e-01	9.999783e-01	1.001536e+00	1.003045e+00	1.004505e+00
	1.005909e+00	1.007248e+00	1.008511e+00	1.009689e+00	1.010772e+00
	1.011748e+00	1.012602e+00	1.013328e+00	1.013916e+00	1.014359e+00
	1.014644e+00	1.014762e+00	1.014699e+00	1.014438e+00	1.013963e+00
	1.013267e+00	1.012353e+00	1.011221e+00	1.009850e+00	1.008192e+00
	1.006172e+00	1.003689e+00	1.000620e+00	9.968305e-01	9.921772e-01
	9.865273e-01	9.798116e-01	9.720943e-01	9.635670e-01	9.544478e-01
	9.448805e-01	9.349294e-01	9.246039e-01	9.138499e-01	9.025273e-01
	8.904001e-01	8.771370e-01	8.623699e-01	8.458731e-01	8.277889e-01
	8.086845e-01	7.893295e-01	7.704632e-01	7.526061e-01	7.358624e-01
	7.200037e-01	7.048808e-01	6.908177e-01	6.785430e-01	6.686510e-01
	6.612296e-01	6.559322e-01	6.522511e-01	6.497290e-01	6.480218e-01
	6.468833e-01	6.461383e-01	6.456610e-01	6.453621e-01	6.451796e-01
	6.450706e-01
MolarMass [kg/kmole]
	4.409000e+01	4.404137e+01	4.398235e+01	4.391191e+01	4.382923e+01
	4.373339e+01	4.362357e+01	4.349917e+01	4.335985e+01	4.320552e+01
	4.303629e+01	4.285246e+01	4.265449e+01	4.244294e+01	4.221844e+01
	4.198170e+01	4.173344e+01	4.147441e+01	4.120536e+01	4.092704e+01
	4.064019e+01	4.034551e+01	4.004370e+01	3.973542e+01	3.942126e+01
	3.910173e+01	3.877717e+01	3.844767e+01	3.811284e+01	3.777200e+01
	3.742458e+01	3.707121e+01	3.671467e+01	3.635834e+01	3.600285e+01
	3.564566e+01	3.528488e+01	3.492242e+01	3.456215e+01	3.420593e+01
	3.385224e+01	3.349786e+01	3.313994e+01	3.277700e+01	3.240662e+01
	3.203147e+01	3.164875e+01	3.125826e+01	3.086112e+01	3.045969e+01
	3.005708e+01	2.965764e+01	2.926901e+01	2.890339e+01	2.857431e+01
	2.829042e+01	2.805288e+01	2.785736e+01	2.769734e+01	2.756626e+01
	2.745842e+01	2.736923e+01	2.729517e+01	2.723364e+01	2.718274e+01
	2.714101e+01	2.710720e+01	2.708033e+01	2.705976e+01	2.704504e+01
	2.703565e+01	2.703090e+01	2.703012e+01	2.703265e+01	2.703783e+01
	2.704515e+01	2.705429e+01	2.706502e+01	2.707720e+01	2.709066e+01
	2.710523e+01	2.712071e+01	2.713693e+01	2.715376e+01	2.717109e+01
	2.718878e+01	2.720670e+01	2.722480e+01	2.724310e+01	2.726166e+01
	2.728050e+01	2.729971e+01	2.731944e+01	2.733986e+01	2.736103e+01
	2.738283e+01	2.740518e+01	2.742817e+01	2.745227e+01	2.747820e+01
	2.750682e+01	2.753905e+01	2.757568e+01	2.761719e+01	2.766349e+01
	2.771379e+01	2.776653e+01	2.781958e+01	2.787102e+01	2.791981e+01
	2.796586e+01	2.800955e+01	2.805136e+01	2.809187e+01	2.813175e+01
	2.817182e+01	2.821299e+01	2.825610e+01	2.830154e+01	2.834889e+01
	2.839706e+01	2.844483e+01	2.849119e+01	2.853547e+01	2.857783e+01
	2.861906e+01	2.865970e+01	2.869898e+01	2.873477e+01	2.876501e+01
	2.878887e+01	2.880682e+01	2.882001e+01	2.882959e+01	2.883650e+01
	2.884143e+01	2.884492e+01	2.884737e+01	2.884907e+01	2.885025e+01
	2.885106e+01
TotalEnthalpy [J/kg]
	-2.352410e+06	-2.352093e+06	-2.351649e+06	-2.351029e+06	-2.350169e+06
	-2.348981e+06	-2.347356e+06	-2.345164e+06	-2.342256e+06	-2.338468e+06
	-2.333626e+06	-2.327554e+06	-2.320072e+06	-2.311009e+06	-2.300205e+06
	-2.287511e+06	-2.272796e+06	-2.255945e+06	-2.236864e+06	-2.215479e+06
	-2.191737e+06	-2.165603e+06	-2.137065e+06	-2.106124e+06	-2.072801e+06
	-2.037123e+06	-1.999117e+06	-1.958789e+06	-1.916096e+06	-1.870953e+06
	-1.823291e+06	-1.773213e+06	-1.721161e+06	-1.667732e+06	-1.613150e+06
	-1.557150e+06	-1.499550e+06	-1.440783e+06	-1.381634e+06	-1.322588e+06
	-1.263579e+06	-1.204242e+06	-1.144286e+06	-1.083668e+06	-1.022563e+06
	-9.609787e+05	-8.991770e+05	-8.375447e+05	-7.767087e+05	-7.175189e+05
	-6.609294e+05	-6.080023e+05	-5.600456e+05	-5.185170e+05	-4.844050e+05
	-4.576208e+05	-4.371299e+05	-4.215384e+05	-4.095555e+05	-4.001665e+05
	-3.926298e+05	-3.864255e+05	-3.811962e+05	-3.767002e+05	-3.727776e+05
	-3.693196e+05	-3.662431e+05	-3.634885e+05	-3.610314e+05	-3.588759e+05
	-3.570300e+05	-3.554923e+05	-3.542587e+05	-3.533246e+05	-3.526779e+05
	-3.523019e+05	-3.521844e+05	-3.523236e+05	-3.527257e+05	-3.533992e+05
	-3.543492e+05	-3.555730e+05	-3.570612e+05	-3.587983e+05	-3.607583e+05
	-3.628990e+05	-3.651640e+05	-3.674933e+05	-3.698240e+05	-3.720832e+05
	-3.741850e+05	-3.760367e+05	-3.775392e+05	-3.785779e+05	-3.790184e+05
	-3.787295e+05	-3.776077e+05	-3.755579e+05	-3.724283e+05	-3.679462e+05
	-3.616647e+05	-3.529204e+05	-3.408264e+05	-3.243378e+05	-3.024973e+05
	-2.748949e+05	-2.423128e+05	-2.070169e+05	-1.720062e+05	-1.397195e+05
	-1.114046e+05	-8.740427e+04	-6.758640e+04	-5.158557e+04	-3.896014e+04
	-2.931593e+04	-2.237482e+04	-1.798820e+04	-1.603600e+04	-1.618640e+04
	-1.765805e+04	-1.942023e+04	-2.069484e+04	-2.110879e+04	-2.060345e+04
	-1.922999e+04	-1.705286e+04	-1.422821e+04	-1.109773e+04	-8.089599e+03
	-5.513467e+03	-3.472779e+03	-1.923331e+03	-7.706071e+02	7.661186e+01
	6.921390e+02	1.133108e+03	1.443923e+03	1.658968e+03	1.804407e+03
	1.900584e+03
trailer
Lewis numbers evaluated at maximum consumption
N2	-1
O2	1.00356
@ Z = 0.0767542
H	0.169784
@ Z = 0.104964
OH	0.669178
@ Z = 0.0887182
O	0.655157
@ Z = 0.0828044
H2	0.277701
@ Z = 0.0696172
H2O	-1
HO2	1.00862
@ Z = 0.00625552
H2O2	0.990484
@ Z = 0.0358561
CO	1.00498
@ Z = 0.0613875
CO2	1.29145
@ Z = 0.0997798
CH	0.607712
@ Z = 0.0716793
CHO	1.15058
@ Z = 0.0696172
CH2	0.879332
@ Z = 0.0751815
CH2O	1.1634
@ Z = 0.0735107
CH3	0.917935
@ Z = 0.0813022
CH4	0.924899
@ Z = 0.0981101
C2H6	1.33218
@ Z = 0.112334
C2H	1.18649
@ Z = 0.0751815
C2H2	1.20367
@ Z = 0.0828044
CHCO	0.808354
@ Z = 0.0767542
C3H3	1.63234
@ Z = 0.0813022
C2H3	1.21874
@ Z = 0.0902161
C2H4	1.21734
@ Z = 0.103206
C2H5	1.32869
@ Z = 0.0964677
C3H4	1.59219
@ Z = 0.0782797
C3H5	1.63629
@ Z = 0.0751815
C3H6	1.70387
@ Z = 0.110422
N-C3H7	1.71758
@ Z = 0.103206
I-C3H7	1.08286
@ Z = 0.461589
C3H8	1.68157
@ Z = 0.129315
Lewis numbers evaluated at maximum formation
N2	-1
O2	1.02454
@ Z = 0.00767451
H	0.167694
@ Z = 0.0751815
OH	0.661426
@ Z = 0.0696172
O	0.644773
@ Z = 0.0613875
H2	0.278973
@ Z = 0.110422
H2O	0.747371
@ Z = 0.0767542
HO2	0.991225
@ Z = 0.0132427
H2O2	0.989831
@ Z = 0.0227622
CO	1.02005
@ Z = 0.0828044
CO2	1.27413
@ Z = 0.067253
CH	0.612884
@ Z = 0.0842908
CHO	1.1595
@ Z = 0.0813022
CH2	0.885561
@ Z = 0.0887182
CH2O	1.17134
@ Z = 0.0857642
CH3	0.916971
@ Z = 0.110422
CH4	0.882321
@ Z = 0.139201
C2H6	1.24834
@ Z = 0.151798
C2H	1.19473
@ Z = 0.0902161
C2H2	1.19357
@ Z = 0.114332
CHCO	0.813851
@ Z = 0.0981101
C3H3	1.63755
@ Z = 0.0964677
C2H3	1.21245
@ Z = 0.112334
C2H4	1.1648
@ Z = 0.139201
C2H5	1.31007
@ Z = 0.121107
C3H4	1.59978
@ Z = 0.0964677
C3H5	1.61187
@ Z = 0.126403
C3H6	1.59417
@ Z = 0.151798
N-C3H7	1.67462
@ Z = 0.129315
I-C3H7	1.02035
@ Z = 0.576286
C3H8	-1
Lewis numbers evaluated at maximum mass fraction
N2	0.921337
@ Z = 6.1069e-06
O2	1.05236
@ Z = 6.1069e-06
H	0.166803
@ Z = 0.0696172
OH	0.657171
@ Z = 0.0613875
O	0.639809
@ Z = 0.0500482
H2	0.269674
@ Z = 0.135691
H2O	0.752973
@ Z = 0.0964677
HO2	0.987726
@ Z = 0.015516
H2O2	0.989831
@ Z = 0.0227622
CO	1.02061
@ Z = 0.10675
CO2	1.28556
@ Z = 0.0782797
CH	0.613256
@ Z = 0.0857642
CHO	1.16035
@ Z = 0.0828044
CH2	0.886084
@ Z = 0.0917343
CH2O	1.07351
@ Z = 0.162887
CH3	0.912602
@ Z = 0.116445
CH4	0.795009
@ Z = 0.187213
C2H6	1.07278
@ Z = 0.228709
C2H	1.19516
@ Z = 0.0932789
C2H2	1.13041
@ Z = 0.147174
CHCO	0.786086
@ Z = 0.135691
C3H3	1.63653
@ Z = 0.101478
C2H3	1.21055
@ Z = 0.114332
C2H4	1.02969
@ Z = 0.198626
C2H5	1.30571
@ Z = 0.123671
C3H4	1.57148
@ Z = 0.123671
C3H5	1.57562
@ Z = 0.139201
C3H6	1.40876
@ Z = 0.212352
N-C3H7	0.972202
@ Z = 0.71016
I-C3H7	1.01071
@ Z = 0.598907
C3H8	0.820894
@ Z = 0.999936
