header

title = "planar counterflow diffusion flame"
author = ""
date = "Thu Jul 11 20:01:09 2013"

fuel = "C3H8"
pressure = 1 [bar]
strainrate = 90 [1/s]
chiStoichAnal = 2.54968 [1/s]
chiStoichAnalKW = 3.99209 [1/s]
FlameLocZ = 0.0812893 [K]
FlameLocBilger = 0.0704797 [K]
Tmax = 2003.9 [K]
stoichScalarDissRate = 4.17116 [1/s]
stoichScalarDissRateBilger = 2.40687 [1/s]

OxidizerSide
begin
	Temperature = 300 [K]
	Massfraction-N2 = 0.76708
	Massfraction-O2 = 0.23292
	Molefraction-N2 = 0.79
	Molefraction-O2 = 0.21
end

FuelSide
begin
	Temperature = 300 [K]
	Massfraction-C3H8 = 1
	Molefraction-C3H8 = 1
end

numOfSpecies = 31
gridPoints = 141

body
eta
	0.000000e+00	1.630935e-01	3.243687e-01	4.818889e-01	6.343493e-01
	7.812529e-01	9.224135e-01	1.057736e+00	1.187215e+00	1.310919e+00
	1.428985e+00	1.541597e+00	1.648977e+00	1.751370e+00	1.849034e+00
	1.942227e+00	2.031206e+00	2.116221e+00	2.197508e+00	2.275293e+00
	2.349788e+00	2.421192e+00	2.489694e+00	2.555469e+00	2.618686e+00
	2.679513e+00	2.738123e+00	2.794714e+00	2.849525e+00	2.902840e+00
	2.954956e+00	3.005995e+00	3.055683e+00	3.103579e+00	3.149641e+00
	3.194313e+00	3.237969e+00	3.280514e+00	3.321707e+00	3.361609e+00
	3.400591e+00	3.439062e+00	3.477314e+00	3.515532e+00	3.553898e+00
	3.592658e+00	3.632056e+00	3.672209e+00	3.713076e+00	3.754563e+00
	3.796624e+00	3.839108e+00	3.881340e+00	3.921907e+00	3.959204e+00
	3.992329e+00	4.021324e+00	4.046732e+00	4.069163e+00	4.089120e+00
	4.107020e+00	4.123211e+00	4.137938e+00	4.151396e+00	4.163823e+00
	4.175455e+00	4.186491e+00	4.197125e+00	4.207527e+00	4.217746e+00
	4.227686e+00	4.237217e+00	4.246260e+00	4.254759e+00	4.262711e+00
	4.270222e+00	4.277416e+00	4.284358e+00	4.291062e+00	4.297510e+00
	4.303703e+00	4.309686e+00	4.315511e+00	4.321214e+00	4.326820e+00
	4.332351e+00	4.337833e+00	4.343292e+00	4.348751e+00	4.354237e+00
	4.359795e+00	4.365481e+00	4.371344e+00	4.377415e+00	4.383699e+00
	4.390212e+00	4.396958e+00	4.404055e+00	4.411662e+00	4.419968e+00
	4.429181e+00	4.439610e+00	4.451729e+00	4.465813e+00	4.482469e+00
	4.502280e+00	4.525048e+00	4.550170e+00	4.576748e+00	4.603930e+00
	4.631317e+00	4.658945e+00	4.687100e+00	4.716206e+00	4.746886e+00
	4.780135e+00	4.817355e+00	4.860067e+00	4.909177e+00	4.964160e+00
	5.023506e+00	5.086433e+00	5.154212e+00	5.230420e+00	5.319847e+00
	5.426249e+00	5.549725e+00	5.686004e+00	5.829221e+00	5.975094e+00
	6.121791e+00	6.269226e+00	6.417980e+00	6.568631e+00	6.721536e+00
	6.876800e+00	7.034335e+00	7.193925e+00	7.355230e+00	7.517542e+00
	7.680054e+00
y [m]
	-3.443874e-03	-3.398694e-03	-3.353955e-03	-3.310176e-03	-3.267702e-03
	-3.226648e-03	-3.187039e-03	-3.148871e-03	-3.112110e-03	-3.076696e-03
	-3.042548e-03	-3.009565e-03	-2.977638e-03	-2.946649e-03	-2.916475e-03
	-2.886998e-03	-2.858098e-03	-2.829665e-03	-2.801593e-03	-2.773786e-03
	-2.746153e-03	-2.718614e-03	-2.691095e-03	-2.663528e-03	-2.635850e-03
	-2.608001e-03	-2.579915e-03	-2.551509e-03	-2.522672e-03	-2.493252e-03
	-2.463069e-03	-2.432020e-03	-2.400254e-03	-2.368073e-03	-2.335562e-03
	-2.302449e-03	-2.268468e-03	-2.233694e-03	-2.198351e-03	-2.162433e-03
	-2.125635e-03	-2.087552e-03	-2.047830e-03	-2.006176e-03	-1.962256e-03
	-1.915607e-03	-1.865695e-03	-1.812079e-03	-1.754484e-03	-1.692706e-03
	-1.626474e-03	-1.555698e-03	-1.481289e-03	-1.405845e-03	-1.332930e-03
	-1.265240e-03	-1.203686e-03	-1.147952e-03	-1.097347e-03	-1.051215e-03
	-1.008948e-03	-9.699906e-04	-9.339591e-04	-9.005361e-04	-8.692541e-04
	-8.396079e-04	-8.111553e-04	-7.834368e-04	-7.560385e-04	-7.288461e-04
	-7.021340e-04	-6.762770e-04	-6.515197e-04	-6.280563e-04	-6.059307e-04
	-5.848769e-04	-5.645761e-04	-5.448595e-04	-5.257013e-04	-5.071702e-04
	-4.892798e-04	-4.719148e-04	-4.549310e-04	-4.382346e-04	-4.217654e-04
	-4.054648e-04	-3.892612e-04	-3.730859e-04	-3.568819e-04	-3.405723e-04
	-3.240338e-04	-3.071128e-04	-2.896674e-04	-2.716240e-04	-2.529801e-04
	-2.337099e-04	-2.138164e-04	-1.929764e-04	-1.707508e-04	-1.466223e-04
	-1.200422e-04	-9.019211e-05	-5.583154e-05	-1.635090e-05	2.969492e-05
	8.352143e-05	1.440694e-04	2.091609e-04	2.759676e-04	3.420039e-04
	4.061077e-04	4.682304e-04	5.288673e-04	5.887060e-04	6.486730e-04
	7.101354e-04	7.747470e-04	8.437291e-04	9.167469e-04	9.912924e-04
	1.064241e-03	1.134241e-03	1.202461e-03	1.271757e-03	1.344932e-03
	1.422937e-03	1.504016e-03	1.584767e-03	1.662489e-03	1.736310e-03
	1.806727e-03	1.874806e-03	1.941604e-03	2.007927e-03	2.074319e-03
	2.141100e-03	2.208427e-03	2.276347e-03	2.344810e-03	2.413582e-03
	2.482364e-03
f
	-3.450421e+00	-3.318465e+00	-3.187940e+00	-3.060393e+00	-2.936858e+00
	-2.817708e+00	-2.703060e+00	-2.592947e+00	-2.487328e+00	-2.386093e+00
	-2.289074e+00	-2.196057e+00	-2.106799e+00	-2.021037e+00	-1.938497e+00
	-1.858908e+00	-1.782004e+00	-1.707532e+00	-1.635251e+00	-1.564939e+00
	-1.496391e+00	-1.429420e+00	-1.363855e+00	-1.299539e+00	-1.236329e+00
	-1.174087e+00	-1.112665e+00	-1.051892e+00	-9.915410e-01	-9.313201e-01
	-8.709021e-01	-8.101458e-01	-7.493998e-01	-6.892759e-01	-6.299308e-01
	-5.708734e-01	-5.116654e-01	-4.524885e-01	-3.937649e-01	-3.354998e-01
	-2.772273e-01	-2.183744e-01	-1.585041e-01	-9.731718e-02	-3.450190e-02
	3.038442e-02	9.781170e-02	1.680470e-01	2.410769e-01	3.167670e-01
	3.950393e-01	4.755894e-01	5.570334e-01	6.364274e-01	7.103037e-01
	7.765297e-01	8.349059e-01	8.863325e-01	9.319103e-01	9.725772e-01
	1.009128e+00	1.042238e+00	1.072382e+00	1.099945e+00	1.125402e+00
	1.149230e+00	1.171832e+00	1.193604e+00	1.214887e+00	1.235779e+00
	1.256082e+00	1.275528e+00	1.293958e+00	1.311257e+00	1.327421e+00
	1.342670e+00	1.357253e+00	1.371306e+00	1.384857e+00	1.397872e+00
	1.410352e+00	1.422388e+00	1.434090e+00	1.445529e+00	1.456753e+00
	1.467808e+00	1.478746e+00	1.489620e+00	1.500471e+00	1.511357e+00
	1.522363e+00	1.533596e+00	1.545154e+00	1.557093e+00	1.569419e+00
	1.582157e+00	1.595314e+00	1.609110e+00	1.623845e+00	1.639871e+00
	1.657567e+00	1.677493e+00	1.700502e+00	1.727038e+00	1.758129e+00
	1.794682e+00	1.836119e+00	1.881121e+00	1.927916e+00	1.974918e+00
	2.021404e+00	2.067416e+00	2.113401e+00	2.159992e+00	2.208078e+00
	2.259025e+00	2.314664e+00	2.376773e+00	2.446049e+00	2.521154e+00
	2.599646e+00	2.680301e+00	2.764556e+00	2.856433e+00	2.960936e+00
	3.081454e+00	3.217267e+00	3.363428e+00	3.513985e+00	3.665047e+00
	3.815315e+00	3.965167e+00	4.115535e+00	4.267245e+00	4.420826e+00
	4.576509e+00	4.734291e+00	4.894017e+00	5.055389e+00	5.217725e+00
	5.380237e+00
df/deta
	8.089298e-01	8.090829e-01	8.093328e-01	8.097152e-01	8.102761e-01
	8.110752e-01	8.121874e-01	8.137022e-01	8.157225e-01	8.183627e-01
	8.217444e-01	8.259928e-01	8.312319e-01	8.375797e-01	8.451442e-01
	8.540199e-01	8.642848e-01	8.759995e-01	8.892055e-01	9.039258e-01
	9.201655e-01	9.379129e-01	9.571418e-01	9.778129e-01	9.998772e-01
	1.023280e+00	1.047969e+00	1.073904e+00	1.101076e+00	1.129519e+00
	1.159298e+00	1.190399e+00	1.222545e+00	1.255288e+00	1.288399e+00
	1.322012e+00	1.356254e+00	1.390904e+00	1.425592e+00	1.460191e+00
	1.494855e+00	1.529804e+00	1.565168e+00	1.600981e+00	1.637261e+00
	1.674068e+00	1.711426e+00	1.749190e+00	1.787008e+00	1.824420e+00
	1.860954e+00	1.895995e+00	1.928509e+00	1.957108e+00	1.980729e+00
	1.999259e+00	2.013378e+00	2.023997e+00	2.031916e+00	2.037749e+00
	2.041963e+00	2.044914e+00	2.046865e+00	2.048019e+00	2.048540e+00
	2.048542e+00	2.048103e+00	2.047266e+00	2.046050e+00	2.044465e+00
	2.042549e+00	2.040360e+00	2.037960e+00	2.035416e+00	2.032779e+00
	2.030059e+00	2.027243e+00	2.024328e+00	2.021329e+00	2.018272e+00
	2.015177e+00	2.012039e+00	2.008843e+00	2.005579e+00	2.002242e+00
	1.998825e+00	1.995316e+00	1.991702e+00	1.987970e+00	1.984101e+00
	1.980063e+00	1.975812e+00	1.971301e+00	1.966500e+00	1.961393e+00
	1.955960e+00	1.950186e+00	1.943959e+00	1.937118e+00	1.929461e+00
	1.920752e+00	1.910637e+00	1.898566e+00	1.884147e+00	1.866611e+00
	1.845167e+00	1.819875e+00	1.791360e+00	1.760729e+00	1.729150e+00
	1.697313e+00	1.665400e+00	1.633297e+00	1.600749e+00	1.567332e+00
	1.532332e+00	1.494830e+00	1.454149e+00	1.410607e+00	1.365992e+00
	1.322608e+00	1.281721e+00	1.243085e+00	1.205608e+00	1.168577e+00
	1.132663e+00	1.099924e+00	1.072512e+00	1.051249e+00	1.035576e+00
	1.024339e+00	1.016399e+00	1.010849e+00	1.007021e+00	1.004424e+00
	1.002695e+00	1.001570e+00	1.000855e+00	1.000414e+00	1.000150e+00
	1.000000e+00
Z
	1.000000e+00	9.999455e-01	9.998539e-01	9.997055e-01	9.994737e-01
	9.991232e-01	9.986097e-01	9.978799e-01	9.968723e-01	9.955188e-01
	9.937467e-01	9.914808e-01	9.886466e-01	9.851718e-01	9.809891e-01
	9.760373e-01	9.702629e-01	9.636209e-01	9.560754e-01	9.475994e-01
	9.381754e-01	9.277945e-01	9.164564e-01	9.041683e-01	8.909441e-01
	8.768021e-01	8.617608e-01	8.458320e-01	8.290099e-01	8.112639e-01
	7.925424e-01	7.728453e-01	7.523408e-01	7.313144e-01	7.099181e-01
	6.880702e-01	6.656923e-01	6.429341e-01	6.200452e-01	5.971183e-01
	5.740582e-01	5.507230e-01	5.270259e-01	5.029410e-01	4.784484e-01
	4.534917e-01	4.280320e-01	4.021395e-01	3.760020e-01	3.498553e-01
	3.239173e-01	2.984727e-01	2.740930e-01	2.516674e-01	2.320040e-01
	2.153653e-01	2.014693e-01	1.898184e-01	1.799472e-01	1.714927e-01
	1.641714e-01	1.577603e-01	1.521011e-01	1.470708e-01	1.425435e-01
	1.384060e-01	1.345683e-01	1.309491e-01	1.274821e-01	1.241447e-01
	1.209621e-01	1.179680e-01	1.151777e-01	1.125995e-01	1.102253e-01
	1.080156e-01	1.059293e-01	1.039433e-01	1.020505e-01	1.002532e-01
	9.854854e-02	9.692165e-02	9.535615e-02	9.384116e-02	9.236940e-02
	9.093414e-02	8.952787e-02	8.814369e-02	8.677599e-02	8.541780e-02
	8.405865e-02	8.268611e-02	8.128927e-02	7.986310e-02	7.840834e-02
	7.692396e-02	7.541121e-02	7.384714e-02	7.220169e-02	7.044117e-02
	6.853239e-02	6.642656e-02	6.405148e-02	6.138645e-02	5.836348e-02
	5.494398e-02	5.124153e-02	4.742707e-02	4.368596e-02	4.015644e-02
	3.688624e-02	3.386027e-02	3.103957e-02	2.838214e-02	2.584250e-02
	2.336580e-02	2.089822e-02	1.841608e-02	1.595941e-02	1.363392e-02
	1.154047e-02	9.705253e-03	8.084043e-03	6.609194e-03	5.240884e-03
	3.993983e-03	2.922918e-03	2.072237e-03	1.440326e-03	9.896083e-04
	6.739368e-04	4.542568e-04	3.020312e-04	1.972988e-04	1.260293e-04
	7.821584e-05	4.665811e-05	2.618887e-05	1.314858e-05	4.999943e-06
	0.000000e+00
temperature [K]
	3.000000e+02	3.000748e+02	3.002004e+02	3.004036e+02	3.007210e+02
	3.012002e+02	3.019016e+02	3.028970e+02	3.042688e+02	3.061074e+02
	3.085074e+02	3.115639e+02	3.153686e+02	3.200050e+02	3.255463e+02
	3.320522e+02	3.395678e+02	3.481234e+02	3.577349e+02	3.684054e+02
	3.801266e+02	3.928819e+02	4.066475e+02	4.213960e+02	4.370980e+02
	4.537259e+02	4.712595e+02	4.896939e+02	5.090518e+02	5.293925e+02
	5.508068e+02	5.733366e+02	5.968424e+02	6.210567e+02	6.458679e+02
	6.714389e+02	6.979392e+02	7.252767e+02	7.532346e+02	7.817777e+02
	8.111086e+02	8.415093e+02	8.732181e+02	9.064189e+02	9.413155e+02
	9.782000e+02	1.017409e+03	1.059187e+03	1.103591e+03	1.150568e+03
	1.200070e+03	1.251878e+03	1.305026e+03	1.357456e+03	1.406688e+03
	1.451117e+03	1.490476e+03	1.525305e+03	1.556323e+03	1.584168e+03
	1.609393e+03	1.632476e+03	1.653759e+03	1.673515e+03	1.692084e+03
	1.709815e+03	1.727009e+03	1.743976e+03	1.761002e+03	1.778182e+03
	1.795351e+03	1.812240e+03	1.828635e+03	1.844329e+03	1.859207e+03
	1.873368e+03	1.886949e+03	1.899988e+03	1.912429e+03	1.924161e+03
	1.935121e+03	1.945332e+03	1.954828e+03	1.963613e+03	1.971661e+03
	1.978942e+03	1.985423e+03	1.991057e+03	1.995779e+03	1.999517e+03
	2.002190e+03	2.003696e+03	2.003905e+03	2.002686e+03	1.999958e+03
	1.995704e+03	1.989994e+03	1.982843e+03	1.974200e+03	1.963939e+03
	1.951859e+03	1.937542e+03	1.920211e+03	1.899203e+03	1.873147e+03
	1.840385e+03	1.800299e+03	1.753097e+03	1.699990e+03	1.642740e+03
	1.582658e+03	1.520327e+03	1.455822e+03	1.388948e+03	1.319167e+03
	1.245364e+03	1.166089e+03	1.080646e+03	9.907385e+02	9.010676e+02
	8.167535e+02	7.401840e+02	6.705947e+02	6.057905e+02	5.444662e+02
	4.876354e+02	4.381359e+02	3.983903e+02	3.686242e+02	3.472677e+02
	3.322473e+02	3.217633e+02	3.144832e+02	3.094670e+02	3.060499e+02
	3.037558e+02	3.022409e+02	3.012580e+02	3.006317e+02	3.002402e+02
	3.000000e+02
massfraction-N2
	1.000000e-60	5.979219e-04	1.380461e-03	2.379230e-03	3.624155e-03
	5.145731e-03	6.973001e-03	9.131299e-03	1.164163e-02	1.452048e-02
	1.777996e-02	2.142825e-02	2.547022e-02	2.990806e-02	3.474195e-02
	3.997058e-02	4.559164e-02	5.160220e-02	5.799895e-02	6.477838e-02
	7.193697e-02	7.947126e-02	8.737797e-02	9.565411e-02	1.042973e-01
	1.133067e-01	1.226851e-01	1.324429e-01	1.426031e-01	1.532061e-01
	1.643066e-01	1.759316e-01	1.880134e-01	2.004178e-01	2.130901e-01
	2.261134e-01	2.395717e-01	2.534136e-01	2.675237e-01	2.818778e-01
	2.965692e-01	3.117276e-01	3.274560e-01	3.438254e-01	3.609099e-01
	3.788387e-01	3.976821e-01	4.175056e-01	4.382591e-01	4.598361e-01
	4.821196e-01	5.049012e-01	5.276487e-01	5.494115e-01	5.691729e-01
	5.863836e-01	6.010777e-01	6.135900e-01	6.242921e-01	6.334953e-01
	6.414573e-01	6.483908e-01	6.544516e-01	6.597659e-01	6.644674e-01
	6.686774e-01	6.724920e-01	6.759960e-01	6.792563e-01	6.822975e-01
	6.851032e-01	6.876568e-01	6.899621e-01	6.920305e-01	6.938860e-01
	6.955738e-01	6.971357e-01	6.985966e-01	6.999679e-01	7.012526e-01
	7.024567e-01	7.035937e-01	7.046768e-01	7.057149e-01	7.067137e-01
	7.076783e-01	7.086138e-01	7.095250e-01	7.104154e-01	7.112899e-01
	7.121553e-01	7.130200e-01	7.138916e-01	7.147744e-01	7.156697e-01
	7.165804e-01	7.175080e-01	7.184692e-01	7.194848e-01	7.205788e-01
	7.217756e-01	7.231104e-01	7.246350e-01	7.263687e-01	7.283609e-01
	7.306381e-01	7.331183e-01	7.356727e-01	7.381614e-01	7.404824e-01
	7.426017e-01	7.445322e-01	7.463042e-01	7.479505e-01	7.495062e-01
	7.510116e-01	7.525061e-01	7.540110e-01	7.555090e-01	7.569420e-01
	7.582521e-01	7.594245e-01	7.604879e-01	7.614880e-01	7.624553e-01
	7.633830e-01	7.642286e-01	7.649440e-01	7.655099e-01	7.659389e-01
	7.662574e-01	7.664924e-01	7.666652e-01	7.667918e-01	7.668839e-01
	7.669502e-01	7.669974e-01	7.670306e-01	7.670535e-01	7.670691e-01
	7.670796e-01
massfraction-O2
	1.000000e-60	3.007361e-07	6.961186e-07	1.202916e-06	1.837133e-06
	2.615119e-06	3.552503e-06	4.662988e-06	5.957984e-06	7.446462e-06
	9.134998e-06	1.102798e-05	1.312793e-05	1.543583e-05	1.795144e-05
	2.067367e-05	2.360078e-05	2.673063e-05	3.006083e-05	3.358884e-05
	3.731208e-05	4.122802e-05	4.533422e-05	4.962839e-05	5.410858e-05
	5.877372e-05	6.362459e-05	6.866586e-05	7.390883e-05	7.937367e-05
	8.508781e-05	9.106445e-05	9.726798e-05	1.036292e-04	1.101196e-04
	1.167817e-04	1.236582e-04	1.307225e-04	1.379157e-04	1.452255e-04
	1.526997e-04	1.604041e-04	1.683913e-04	1.766971e-04	1.853597e-04
	1.944450e-04	2.039898e-04	2.140298e-04	2.245443e-04	2.354881e-04
	2.468183e-04	2.584603e-04	2.701996e-04	2.816412e-04	2.923794e-04
	3.022477e-04	3.113652e-04	3.199972e-04	3.284231e-04	3.368843e-04
	3.455912e-04	3.547352e-04	3.644683e-04	3.749229e-04	3.862954e-04
	3.988580e-04	4.129568e-04	4.290863e-04	4.479218e-04	4.701693e-04
	4.963540e-04	5.268476e-04	5.620107e-04	6.020801e-04	6.473384e-04
	6.987049e-04	7.576185e-04	8.255885e-04	9.039723e-04	9.938164e-04
	1.096353e-03	1.213714e-03	1.348838e-03	1.505071e-03	1.686219e-03
	1.896892e-03	2.142909e-03	2.431383e-03	2.770758e-03	3.171694e-03
	3.648526e-03	4.220125e-03	4.909457e-03	5.740823e-03	6.736898e-03
	7.920737e-03	9.311065e-03	1.094898e-02	1.289220e-02	1.521593e-02
	1.801040e-02	2.140943e-02	2.561944e-02	3.079087e-02	3.719618e-02
	4.509298e-02	5.438055e-02	6.471240e-02	7.556436e-02	8.642363e-02
	9.699173e-02	1.071723e-01	1.169763e-01	1.264547e-01	1.356960e-01
	1.448429e-01	1.540509e-01	1.633742e-01	1.726372e-01	1.814296e-01
	1.893673e-01	1.963445e-01	2.025202e-01	2.081443e-01	2.133618e-01
	2.181092e-01	2.221731e-01	2.253820e-01	2.277457e-01	2.294134e-01
	2.305666e-01	2.313577e-01	2.318973e-01	2.322625e-01	2.325066e-01
	2.326675e-01	2.327718e-01	2.328382e-01	2.328796e-01	2.329051e-01
	2.329204e-01
massfraction-H
	1.000000e-60	1.622626e-18	3.423144e-18	5.367548e-18	7.392611e-18
	9.481640e-18	1.168682e-17	1.412941e-17	1.700397e-17	2.059876e-17
	2.534140e-17	3.188185e-17	4.123619e-17	5.503357e-17	7.594206e-17
	1.084069e-16	1.599347e-16	2.433290e-16	3.805716e-16	6.095192e-16
	9.953468e-16	1.649847e-15	2.763440e-15	4.657250e-15	7.866123e-15
	1.326881e-14	2.229014e-14	3.721811e-14	6.171330e-14	1.016473e-13
	1.664688e-13	2.710198e-13	4.370221e-13	6.944063e-13	1.086048e-12
	1.678509e-12	2.572905e-12	3.909922e-12	5.881931e-12	8.775347e-12
	1.304742e-11	1.943493e-11	2.912281e-11	4.404640e-11	6.748362e-11
	1.052295e-10	1.677769e-10	2.744544e-10	4.614894e-10	7.990279e-10
	1.428753e-09	2.644130e-09	5.037750e-09	9.701303e-09	1.838160e-08
	3.353205e-08	5.839187e-08	9.719464e-08	1.553914e-07	2.397976e-07
	3.588830e-07	5.231593e-07	7.447826e-07	1.037312e-06	1.417773e-06
	1.908132e-06	2.536000e-06	3.338499e-06	4.364552e-06	5.664891e-06
	7.272936e-06	9.199662e-06	1.144143e-05	1.397564e-05	1.677573e-05
	1.984941e-05	2.322582e-05	2.692359e-05	3.093810e-05	3.523773e-05
	3.979273e-05	4.460269e-05	4.968009e-05	5.502656e-05	6.063195e-05
	6.648131e-05	7.255823e-05	7.883676e-05	8.527417e-05	9.181985e-05
	9.842277e-05	1.050195e-04	1.115108e-04	1.177405e-04	1.235093e-04
	1.286280e-04	1.329207e-04	1.362952e-04	1.386422e-04	1.398059e-04
	1.395748e-04	1.376772e-04	1.337331e-04	1.274287e-04	1.184233e-04
	1.065771e-04	9.258518e-05	7.769727e-05	6.329161e-05	5.036627e-05
	3.929938e-05	3.005679e-05	2.244945e-05	1.626855e-05	1.131847e-05
	7.426843e-06	4.471299e-06	2.383618e-06	1.089861e-06	4.244035e-07
	1.439244e-07	4.387372e-08	1.241844e-08	3.437762e-09	9.980881e-10
	3.117449e-10	1.036726e-10	3.702307e-11	1.438311e-11	6.055973e-12
	2.715824e-12	1.268604e-12	6.041626e-13	2.877739e-13	1.345981e-13
	6.056079e-14	2.548007e-14	9.548254e-15	2.867242e-15	4.976163e-16
	1.000000e-60
massfraction-OH
	1.000000e-60	2.662138e-23	1.410020e-22	4.180159e-22	9.739841e-22
	1.989280e-21	3.745722e-21	6.689904e-21	1.154580e-20	1.951667e-20
	3.265011e-20	5.450271e-20	9.135934e-20	1.544831e-19	2.642821e-19
	4.580310e-19	8.041388e-19	1.428351e-18	2.561432e-18	4.624924e-18
	8.383421e-18	1.521133e-17	2.755452e-17	4.972147e-17	8.923355e-17
	1.591411e-16	2.820610e-16	4.974544e-16	8.753567e-16	1.543550e-15
	2.743234e-15	4.938382e-15	9.011128e-15	1.661683e-14	3.094283e-14
	5.839722e-14	1.118631e-13	2.161224e-13	4.172431e-13	8.016135e-13
	1.535675e-12	2.944961e-12	5.669697e-12	1.098010e-11	2.145161e-11
	4.248386e-11	8.573354e-11	1.768830e-10	3.732313e-10	8.045991e-10
	1.771318e-09	3.973107e-09	8.972906e-09	1.988375e-08	4.192562e-08
	8.252579e-08	1.514096e-07	2.612331e-07	4.285646e-07	6.749988e-07
	1.029164e-06	1.529700e-06	2.226708e-06	3.184419e-06	4.492692e-06
	6.279902e-06	8.727496e-06	1.210353e-05	1.680276e-05	2.333795e-05
	3.225632e-05	4.407076e-05	5.923865e-05	7.806174e-05	1.007307e-04
	1.276496e-04	1.594263e-04	1.966168e-04	2.395628e-04	2.882944e-04
	3.428246e-04	4.035378e-04	4.710925e-04	5.461659e-04	6.294500e-04
	7.217701e-04	8.241793e-04	9.378672e-04	1.064024e-03	1.203965e-03
	1.359288e-03	1.531616e-03	1.721836e-03	1.928873e-03	2.149001e-03
	2.376836e-03	2.605197e-03	2.829772e-03	3.046357e-03	3.249925e-03
	3.433810e-03	3.590642e-03	3.710584e-03	3.777054e-03	3.771704e-03
	3.671662e-03	3.463338e-03	3.154891e-03	2.776650e-03	2.368757e-03
	1.964141e-03	1.583427e-03	1.238184e-03	9.348383e-04	6.762931e-04
	4.629292e-04	2.946326e-04	1.716175e-04	9.170871e-05	4.670317e-05
	2.411216e-05	1.321045e-05	7.725410e-06	4.720378e-06	2.943920e-06
	1.853855e-06	1.182296e-06	7.705411e-07	5.159741e-07	3.543951e-07
	2.480282e-07	1.753694e-07	1.242128e-07	8.744039e-08	6.069351e-08
	4.115116e-08	2.688677e-08	1.652587e-08	9.059745e-09	3.741193e-09
	1.000000e-60
massfraction-O
	1.000000e-60	1.321462e-24	6.137827e-24	1.601584e-23	3.232547e-23
	5.629438e-23	8.932950e-23	1.335059e-22	1.922487e-22	2.713107e-22
	3.802842e-22	5.350633e-22	7.619929e-22	1.105006e-21	1.638016e-21
	2.486503e-21	3.865057e-21	6.142386e-21	9.953001e-21	1.638714e-20
	2.730951e-20	4.588603e-20	7.743900e-20	1.308084e-19	2.204791e-19
	3.698603e-19	6.163227e-19	1.019074e-18	1.671906e-18	2.724488e-18
	4.417963e-18	7.134801e-18	1.144821e-17	1.818578e-17	2.861803e-17
	4.488973e-17	7.065245e-17	1.119017e-16	1.786376e-16	2.887776e-16
	4.764295e-16	8.085427e-16	1.419541e-15	2.586753e-15	4.903740e-15
	9.698238e-15	2.005836e-14	4.339776e-14	9.798502e-14	2.302181e-13
	5.623605e-13	1.425295e-12	3.700143e-12	9.544241e-12	2.353065e-11
	5.397068e-11	1.144288e-10	2.258506e-10	4.194423e-10	7.402390e-10
	1.252520e-09	2.048083e-09	3.254049e-09	5.044805e-09	7.676771e-09
	1.154199e-08	1.725110e-08	2.581113e-08	3.893189e-08	5.938619e-08
	9.133284e-08	1.407817e-07	2.163071e-07	3.293377e-07	4.949353e-07
	7.354759e-07	1.084441e-06	1.588594e-06	2.309631e-06	3.324359e-06
	4.731738e-06	6.671134e-06	9.338977e-06	1.300129e-05	1.801446e-05
	2.485878e-05	3.418387e-05	4.684863e-05	6.394796e-05	8.686036e-05
	1.173167e-04	1.574001e-04	2.093465e-04	2.749960e-04	3.551109e-04
	4.492366e-04	5.553597e-04	6.721747e-04	7.984588e-04	9.328196e-04
	1.073183e-03	1.217514e-03	1.363102e-03	1.500837e-03	1.620273e-03
	1.704545e-03	1.732743e-03	1.693555e-03	1.591132e-03	1.442193e-03
	1.266203e-03	1.078894e-03	8.915134e-04	7.121860e-04	5.467128e-04
	3.991039e-04	2.730683e-04	1.731459e-04	1.027319e-04	5.963650e-05
	3.583747e-05	2.294382e-05	1.555800e-05	1.092804e-05	7.784823e-06
	5.558508e-06	3.972368e-06	2.854140e-06	2.069313e-06	1.513193e-06
	1.111669e-06	8.158452e-07	5.945322e-07	4.276507e-07	3.016869e-07
	2.070265e-07	1.364687e-07	8.442789e-08	4.650919e-08	1.927759e-08
	1.000000e-60
massfraction-H2
	1.000000e-60	2.111962e-05	4.369094e-05	6.744029e-05	9.211304e-05
	1.175378e-04	1.435776e-04	1.701040e-04	1.970028e-04	2.241772e-04
	2.515489e-04	2.790589e-04	3.066654e-04	3.343429e-04	3.620787e-04
	3.898712e-04	4.177272e-04	4.456597e-04	4.736863e-04	5.018274e-04
	5.301054e-04	5.585438e-04	5.871666e-04	6.159986e-04	6.450652e-04
	6.743965e-04	7.040316e-04	7.340302e-04	7.644858e-04	7.955356e-04
	8.273485e-04	8.600075e-04	8.933340e-04	9.269878e-04	9.608603e-04
	9.952114e-04	1.030290e-03	1.065992e-03	1.102054e-03	1.138454e-03
	1.175468e-03	1.213455e-03	1.252709e-03	1.293444e-03	1.335888e-03
	1.380443e-03	1.427306e-03	1.476759e-03	1.528799e-03	1.583306e-03
	1.640160e-03	1.699028e-03	1.758721e-03	1.816842e-03	1.870582e-03
	1.918155e-03	1.959255e-03	1.994416e-03	2.024325e-03	2.049550e-03
	2.070550e-03	2.087683e-03	2.101179e-03	2.111210e-03	2.117958e-03
	2.121521e-03	2.121864e-03	2.118811e-03	2.112009e-03	2.101037e-03
	2.085694e-03	2.066134e-03	2.042770e-03	2.016252e-03	1.987247e-03
	1.956014e-03	1.922562e-03	1.886985e-03	1.849567e-03	1.810774e-03
	1.770963e-03	1.730162e-03	1.688246e-03	1.645135e-03	1.600787e-03
	1.555132e-03	1.508037e-03	1.459359e-03	1.408992e-03	1.356786e-03
	1.302474e-03	1.245741e-03	1.186405e-03	1.124670e-03	1.061178e-03
	9.966759e-04	9.321320e-04	8.675502e-04	8.027725e-04	7.376849e-04
	6.723855e-04	6.066488e-04	5.398811e-04	4.731382e-04	4.062655e-04
	3.399673e-04	2.774473e-04	2.216697e-04	1.746324e-04	1.368289e-04
	1.073629e-04	8.481644e-05	6.783037e-05	5.526054e-05	4.612974e-05
	3.958788e-05	3.492358e-05	3.154983e-05	2.897854e-05	2.685400e-05
	2.497866e-05	2.325029e-05	2.158590e-05	1.989687e-05	1.811080e-05
	1.621082e-05	1.425786e-05	1.236093e-05	1.060967e-05	9.040186e-06
	7.647940e-06	6.411713e-06	5.309846e-06	4.325783e-06	3.447787e-06
	2.667319e-06	1.977442e-06	1.371777e-06	8.441261e-07	3.889025e-07
	1.000000e-60
massfraction-H2O
	1.000000e-60	1.027494e-04	2.372947e-04	4.090760e-04	6.232190e-04
	8.849076e-04	1.199018e-03	1.569707e-03	2.000288e-03	2.493168e-03
	3.049861e-03	3.671048e-03	4.356670e-03	5.106042e-03	5.917965e-03
	6.790836e-03	7.722752e-03	8.711595e-03	9.755115e-03	1.085099e-02
	1.199689e-02	1.319054e-02	1.442974e-02	1.571243e-02	1.703676e-02
	1.840125e-02	1.980507e-02	2.124857e-02	2.273409e-02	2.426637e-02
	2.585209e-02	2.749386e-02	2.918106e-02	3.089461e-02	3.262705e-02
	3.438991e-02	3.619446e-02	3.803378e-02	3.989286e-02	4.176912e-02
	4.367533e-02	4.562862e-02	4.764240e-02	4.972582e-02	5.188847e-02
	5.414720e-02	5.651056e-02	5.898779e-02	6.157387e-02	6.425738e-02
	6.702638e-02	6.985820e-02	7.269043e-02	7.540808e-02	7.788581e-02
	8.005399e-02	8.191442e-02	8.350646e-02	8.487453e-02	8.605598e-02
	8.708187e-02	8.797797e-02	8.876306e-02	8.945239e-02	9.006243e-02
	9.060817e-02	9.110136e-02	9.155226e-02	9.196864e-02	9.235253e-02
	9.270076e-02	9.301024e-02	9.328085e-02	9.351383e-02	9.371231e-02
	9.388175e-02	9.402689e-02	9.415039e-02	9.425357e-02	9.433730e-02
	9.440283e-02	9.445175e-02	9.448528e-02	9.450405e-02	9.450830e-02
	9.449789e-02	9.447225e-02	9.443024e-02	9.437016e-02	9.428948e-02
	9.418450e-02	9.405003e-02	9.387940e-02	9.366531e-02	9.340075e-02
	9.307864e-02	9.269324e-02	9.223268e-02	9.168030e-02	9.101451e-02
	9.020988e-02	8.922948e-02	8.801710e-02	8.653448e-02	8.470848e-02
	8.246591e-02	7.982256e-02	7.684731e-02	7.365155e-02	7.035068e-02
	6.701216e-02	6.365439e-02	6.026827e-02	5.683350e-02	5.331558e-02
	4.965422e-02	4.577465e-02	4.163629e-02	3.730510e-02	3.298199e-02
	2.888910e-02	2.512369e-02	2.163653e-02	1.830830e-02	1.506039e-02
	1.193647e-02	9.097556e-03	6.712983e-03	4.845718e-03	3.448393e-03
	2.426514e-03	1.686861e-03	1.155273e-03	7.766336e-04	5.101584e-04
	3.253513e-04	1.992606e-04	1.146922e-04	5.895755e-05	2.290826e-05
	1.000000e-60
massfraction-HO2
	1.000000e-60	3.706332e-10	8.589896e-10	1.486307e-09	2.272989e-09
	3.239981e-09	4.407452e-09	5.793301e-09	7.412689e-09	9.277844e-09
	1.139811e-08	1.378016e-08	1.642838e-08	1.934527e-08	2.253176e-08
	2.598762e-08	2.971168e-08	3.370204e-08	3.795620e-08	4.247110e-08
	4.724314e-08	5.226809e-08	5.754107e-08	6.305634e-08	6.880731e-08
	7.478690e-08	8.098835e-08	8.740731e-08	9.404451e-08	1.009073e-07
	1.080054e-07	1.153221e-07	1.227715e-07	1.302205e-07	1.375789e-07
	1.448258e-07	1.519181e-07	1.587221e-07	1.650698e-07	1.708417e-07
	1.759618e-07	1.803472e-07	1.838832e-07	1.864231e-07	1.877899e-07
	1.877735e-07	1.860795e-07	1.824174e-07	1.765204e-07	1.682245e-07
	1.575350e-07	1.447958e-07	1.310382e-07	1.181354e-07	1.081118e-07
	1.020411e-07	9.982266e-08	1.007642e-07	1.040816e-07	1.090823e-07
	1.152023e-07	1.219958e-07	1.290841e-07	1.361466e-07	1.429596e-07
	1.493701e-07	1.552637e-07	1.605762e-07	1.652846e-07	1.693920e-07
	1.729766e-07	1.762625e-07	1.796010e-07	1.833789e-07	1.879623e-07
	1.937268e-07	2.010747e-07	2.104062e-07	2.220830e-07	2.363863e-07
	2.535860e-07	2.740786e-07	2.983968e-07	3.271415e-07	3.609839e-07
	4.007202e-07	4.473370e-07	5.020118e-07	5.660977e-07	6.412637e-07
	7.297331e-07	8.343980e-07	9.586932e-07	1.106101e-06	1.279714e-06
	1.482716e-06	1.717673e-06	1.990991e-06	2.311641e-06	2.690931e-06
	3.141578e-06	3.681597e-06	4.337821e-06	5.125224e-06	6.074778e-06
	7.213633e-06	8.522302e-06	9.961269e-06	1.148365e-05	1.305471e-05
	1.467043e-05	1.635190e-05	1.813111e-05	2.003626e-05	2.208009e-05
	2.424278e-05	2.640033e-05	2.810585e-05	2.826466e-05	2.547213e-05
	1.977753e-05	1.329800e-05	8.013417e-06	4.482541e-06	2.400734e-06
	1.266450e-06	6.751282e-07	3.719723e-07	2.145793e-07	1.296024e-07
	8.121276e-08	5.212067e-08	3.381209e-08	2.190533e-08	1.401121e-08
	8.743340e-09	5.244325e-09	2.951848e-09	1.480521e-09	5.605095e-10
	1.000000e-60
massfraction-H2O2
	1.000000e-60	6.993110e-12	1.622415e-11	2.809137e-11	4.296101e-11
	6.118296e-11	8.305377e-11	1.087756e-10	1.384360e-10	1.719955e-10
	2.092840e-10	2.500069e-10	2.937583e-10	3.400405e-10	3.882875e-10
	4.378898e-10	4.882193e-10	5.386511e-10	5.885822e-10	6.374454e-10
	6.847186e-10	7.299304e-10	7.726623e-10	8.125470e-10	8.492670e-10
	8.825526e-10	9.121791e-10	9.379638e-10	9.597548e-10	9.774061e-10
	9.907367e-10	9.994809e-10	1.003345e-09	1.002195e-09	9.960729e-10
	9.849655e-10	9.687468e-10	9.474220e-10	9.212076e-10	8.902571e-10
	8.544461e-10	8.134420e-10	7.668622e-10	7.143411e-10	6.554767e-10
	5.898395e-10	5.171650e-10	4.383422e-10	3.562048e-10	2.760498e-10
	2.048058e-10	1.484324e-10	1.086234e-10	8.248800e-11	6.597745e-11
	5.598858e-11	5.032925e-11	4.749956e-11	4.654642e-11	4.690784e-11
	4.830133e-11	5.067696e-11	5.421152e-11	5.935638e-11	6.698795e-11
	7.866011e-11	9.702755e-11	1.266909e-10	1.756515e-10	2.569959e-10
	3.898456e-10	5.995767e-10	9.176791e-10	1.378795e-09	2.019525e-09
	2.887500e-09	4.045952e-09	5.568532e-09	7.532455e-09	1.001046e-08
	1.308225e-08	1.686149e-08	2.150400e-08	2.720319e-08	3.419984e-08
	4.280644e-08	5.344054e-08	6.665078e-08	8.314314e-08	1.038510e-07
	1.300488e-07	1.634483e-07	2.062056e-07	2.607140e-07	3.292588e-07
	4.139319e-07	5.160795e-07	6.381524e-07	7.832429e-07	9.550151e-07
	1.157447e-06	1.396950e-06	1.684497e-06	2.027881e-06	2.446158e-06
	2.965558e-06	3.606046e-06	4.394026e-06	5.363230e-06	6.556347e-06
	8.033960e-06	9.872383e-06	1.212433e-05	1.469179e-05	1.714234e-05
	1.872813e-05	1.880219e-05	1.734760e-05	1.503957e-05	1.265372e-05
	1.055469e-05	8.780442e-06	7.261504e-06	5.915370e-06	4.690931e-06
	3.587531e-06	2.641271e-06	1.885086e-06	1.317640e-06	9.086083e-07
	6.196110e-07	4.172764e-07	2.766388e-07	1.798627e-07	1.141757e-07
	7.033046e-08	4.160392e-08	2.314541e-08	1.151695e-08	4.342121e-09
	1.000000e-60
massfraction-CO
	1.000000e-60	4.620163e-05	1.067770e-04	1.842194e-04	2.808949e-04
	3.992148e-04	5.414761e-04	7.096823e-04	9.054922e-04	1.130202e-03
	1.384755e-03	1.669777e-03	1.985623e-03	2.332430e-03	2.710165e-03
	3.118675e-03	3.557722e-03	4.027016e-03	4.526235e-03	5.055043e-03
	5.613099e-03	6.200070e-03	6.815642e-03	7.459520e-03	8.131460e-03
	8.831348e-03	9.559346e-03	1.031620e-02	1.110365e-02	1.192476e-02
	1.278371e-02	1.368252e-02	1.461589e-02	1.557342e-02	1.655085e-02
	1.755458e-02	1.859105e-02	1.965627e-02	2.074136e-02	2.184445e-02
	2.297272e-02	2.413611e-02	2.534253e-02	2.659740e-02	2.790640e-02
	2.927943e-02	3.072186e-02	3.223876e-02	3.382640e-02	3.547676e-02
	3.718111e-02	3.892378e-02	4.066438e-02	4.233044e-02	4.384425e-02
	4.516360e-02	4.629083e-02	4.725131e-02	4.807321e-02	4.878016e-02
	4.939168e-02	4.992384e-02	5.038838e-02	5.079474e-02	5.115294e-02
	5.147197e-02	5.175883e-02	5.201945e-02	5.225816e-02	5.247583e-02
	5.267020e-02	5.283903e-02	5.298164e-02	5.309805e-02	5.318916e-02
	5.325663e-02	5.330093e-02	5.332070e-02	5.331334e-02	5.327578e-02
	5.320470e-02	5.309569e-02	5.294270e-02	5.273824e-02	5.247358e-02
	5.213846e-02	5.172054e-02	5.120555e-02	5.057768e-02	4.981880e-02
	4.890684e-02	4.781591e-02	4.652014e-02	4.500260e-02	4.326332e-02
	4.131619e-02	3.919450e-02	3.690890e-02	3.446527e-02	3.187061e-02
	2.914049e-02	2.627764e-02	2.326964e-02	2.018672e-02	1.705781e-02
	1.396546e-02	1.111255e-02	8.665510e-03	6.705238e-03	5.214879e-03
	4.111098e-03	3.298131e-03	2.695555e-03	2.242856e-03	1.895043e-03
	1.618336e-03	1.388306e-03	1.188910e-03	1.011796e-03	8.550313e-04
	7.189178e-04	6.017579e-04	4.992675e-04	4.065974e-04	3.210263e-04
	2.433969e-04	1.770408e-04	1.246363e-04	8.596279e-05	5.858060e-05
	3.955624e-05	2.643027e-05	1.741706e-05	1.127482e-05	7.136545e-06
	4.388898e-06	2.594790e-06	1.443925e-06	7.190777e-07	2.714129e-07
	1.000000e-60
massfraction-CO2
	1.000000e-60	3.504357e-05	8.552299e-05	1.561515e-04	2.522099e-04
	3.796751e-04	5.450244e-04	7.549273e-04	1.016013e-03	1.334652e-03
	1.716782e-03	2.167769e-03	2.692330e-03	3.294496e-03	3.977611e-03
	4.744358e-03	5.596803e-03	6.536454e-03	7.564319e-03	8.680972e-03
	9.886612e-03	1.118113e-02	1.256418e-02	1.403522e-02	1.559365e-02
	1.723898e-02	1.897132e-02	2.079207e-02	2.270508e-02	2.471754e-02
	2.683950e-02	2.907584e-02	3.141300e-02	3.382416e-02	3.629748e-02
	3.884813e-02	4.149159e-02	4.421683e-02	4.700004e-02	4.983527e-02
	5.273983e-02	5.573825e-02	5.884976e-02	6.208705e-02	6.546328e-02
	6.900174e-02	7.271467e-02	7.661167e-02	8.067946e-02	8.489315e-02
	8.922552e-02	9.363136e-02	9.800356e-02	1.021576e-01	1.059019e-01
	1.091385e-01	1.118820e-01	1.142023e-01	1.161742e-01	1.178602e-01
	1.193111e-01	1.205687e-01	1.216637e-01	1.226208e-01	1.234657e-01
	1.242215e-01	1.249066e-01	1.255375e-01	1.261273e-01	1.266819e-01
	1.272001e-01	1.276798e-01	1.281228e-01	1.285315e-01	1.289101e-01
	1.292672e-01	1.296113e-01	1.299479e-01	1.302794e-01	1.306065e-01
	1.309303e-01	1.312542e-01	1.315816e-01	1.319155e-01	1.322577e-01
	1.326099e-01	1.329737e-01	1.333499e-01	1.337385e-01	1.341382e-01
	1.345473e-01	1.349621e-01	1.353746e-01	1.357699e-01	1.361257e-01
	1.364147e-01	1.366047e-01	1.366622e-01	1.365427e-01	1.361854e-01
	1.355098e-01	1.344040e-01	1.327019e-01	1.302326e-01	1.267512e-01
	1.220046e-01	1.159878e-01	1.089399e-01	1.012949e-01	9.351069e-02
	8.588358e-02	7.853954e-02	7.150552e-02	6.476514e-02	5.826754e-02
	5.192095e-02	4.562779e-02	3.936547e-02	3.326912e-02	2.761963e-02
	2.265726e-02	1.842405e-02	1.479591e-02	1.160690e-02	8.765600e-03
	6.299404e-03	4.300974e-03	2.818161e-03	1.797990e-03	1.128790e-03
	7.002030e-04	4.288066e-04	2.584668e-04	1.527876e-04	8.822120e-05
	4.949301e-05	2.673027e-05	1.363146e-05	6.253960e-06	2.191098e-06
	1.000000e-60
massfraction-CH
	1.000000e-60	2.470226e-34	4.865279e-34	6.851291e-34	8.365508e-34
	9.525835e-34	1.057615e-33	1.183387e-33	1.370146e-33	1.677658e-33
	2.212015e-33	3.186894e-33	5.072368e-33	8.982102e-33	1.774719e-32
	3.907772e-32	9.540428e-32	2.560940e-31	7.475790e-31	2.343198e-30
	7.778773e-30	2.697291e-29	9.638152e-29	3.504677e-28	1.285013e-27
	4.680350e-27	1.679132e-26	5.943339e-26	2.063191e-25	7.004619e-25
	2.337093e-24	7.648247e-24	2.432409e-23	7.424727e-23	2.169544e-22
	6.126661e-22	1.686483e-21	4.520049e-21	1.175289e-20	2.976897e-20
	7.427817e-20	1.847584e-19	4.623513e-19	1.172338e-18	3.035237e-18
	8.103226e-18	2.252583e-17	6.564963e-17	2.012715e-16	6.511083e-16
	2.235143e-15	8.174516e-15	3.148728e-14	1.229690e-13	4.610908e-13
	1.590373e-12	4.967990e-12	1.411623e-11	3.688953e-11	8.962885e-11
	2.045420e-10	4.424790e-10	9.124118e-10	1.800079e-09	3.419276e-09
	6.297506e-09	1.131184e-08	1.994103e-08	3.468359e-08	5.948195e-08
	9.980747e-08	1.624647e-07	2.553444e-07	3.864522e-07	5.635799e-07
	7.966859e-07	1.098483e-06	1.482113e-06	1.958328e-06	2.532432e-06
	3.205843e-06	3.979966e-06	4.854049e-06	5.819810e-06	6.858751e-06
	7.941037e-06	9.023952e-06	1.004852e-05	1.093804e-05	1.160209e-05
	1.194258e-05	1.186216e-05	1.128361e-05	1.018676e-05	8.648090e-06
	6.841657e-06	5.004919e-06	3.342042e-06	2.000227e-06	1.047807e-06
	4.672363e-07	1.708291e-07	4.887800e-08	1.073329e-08	1.780367e-09
	2.351812e-10	2.944320e-11	4.172317e-12	7.026425e-13	1.344212e-13
	2.787636e-14	6.077049e-15	1.360406e-15	3.060591e-16	6.741182e-17
	1.398517e-17	2.593305e-18	4.066950e-19	5.242475e-20	5.756270e-21
	5.822185e-22	5.705532e-23	5.404643e-24	4.850009e-25	4.068697e-26
	3.087077e-27	2.140930e-28	1.557637e-29	1.380613e-30	1.691631e-31
	1.000000e-60	9.051246e-33	1.282769e-32	1.000000e-60	1.000000e-60
	2.858313e-33	1.000000e-60	8.112154e-34	5.135162e-35	1.000000e-60
	1.000000e-60
massfraction-CHO
	1.000000e-60	2.068409e-18	5.063015e-18	9.279355e-18	1.510784e-17
	2.314726e-17	3.437856e-17	5.044496e-17	7.411007e-17	1.100025e-16
	1.658445e-16	2.544952e-16	3.973454e-16	6.299250e-16	1.011070e-15
	1.637719e-15	2.668408e-15	4.359880e-15	7.122784e-15	1.160398e-14
	1.880384e-14	3.023550e-14	4.812719e-14	7.565401e-14	1.171592e-13
	1.782861e-13	2.658957e-13	3.876219e-13	5.509299e-13	7.615787e-13
	1.021431e-12	1.325148e-12	1.657305e-12	1.996563e-12	2.327502e-12
	2.647984e-12	2.966783e-12	3.298834e-12	3.663225e-12	4.083874e-12
	4.591376e-12	5.225323e-12	6.038657e-12	7.106626e-12	8.543959e-12
	1.053453e-11	1.337378e-11	1.754652e-11	2.386880e-11	3.377776e-11
	4.992841e-11	7.733010e-11	1.250662e-10	2.078265e-10	3.456342e-10
	5.618755e-10	8.824998e-10	1.337199e-09	1.960418e-09	2.791483e-09
	3.876404e-09	5.270363e-09	7.034098e-09	9.233692e-09	1.195757e-08
	1.532699e-08	1.950280e-08	2.471676e-08	3.129820e-08	3.963542e-08
	5.008930e-08	6.298179e-08	7.864120e-08	9.734050e-08	1.193549e-07
	1.452508e-07	1.758482e-07	2.119632e-07	2.542204e-07	3.028867e-07
	3.580793e-07	4.200910e-07	4.892176e-07	5.653763e-07	6.479425e-07
	7.356820e-07	8.266093e-07	9.176289e-07	1.004189e-06	1.080238e-06
	1.138218e-06	1.169055e-06	1.162849e-06	1.111306e-06	1.011912e-06
	8.709779e-07	7.043109e-07	5.308441e-07	3.698542e-07	2.372554e-07
	1.417563e-07	8.218524e-08	5.004115e-08	3.444509e-08	2.612770e-08
	2.028213e-08	1.544571e-08	1.146901e-08	8.402849e-09	6.167083e-09
	4.576655e-09	3.442707e-09	2.617265e-09	1.994759e-09	1.500732e-09
	1.083617e-09	7.154191e-10	4.009352e-10	1.757620e-10	5.847864e-11
	1.548770e-11	3.500423e-12	7.089036e-13	1.345926e-13	2.526835e-14
	4.762065e-15	9.001567e-16	1.775112e-16	3.828212e-17	9.179321e-18
	2.414850e-18	6.776475e-19	1.966613e-19	5.732902e-20	1.631970e-20
	4.397427e-21	1.075176e-21	2.219432e-22	3.306343e-23	2.181434e-24
	1.000000e-60
massfraction-CH2
	1.000000e-60	1.041834e-22	2.180622e-22	3.401422e-22	4.680435e-22
	6.035658e-22	7.545460e-22	9.359570e-22	1.172528e-21	1.504834e-21
	2.001961e-21	2.787058e-21	4.089579e-21	6.354779e-21	1.047941e-20
	1.833153e-20	3.392056e-20	6.607280e-20	1.346125e-19	2.847061e-19
	6.200997e-19	1.379569e-18	3.110475e-18	7.055649e-18	1.599688e-17
	3.605009e-17	8.039766e-17	1.769156e-16	3.836415e-16	8.201550e-16
	1.731023e-15	3.605527e-15	7.369901e-15	1.467176e-14	2.840489e-14
	5.379992e-14	1.002176e-13	1.834469e-13	3.291697e-13	5.802920e-13
	1.011688e-12	1.756509e-12	3.053113e-12	5.333722e-12	9.404375e-12
	1.682608e-11	3.070858e-11	5.737000e-11	1.098579e-10	2.158383e-10
	4.361350e-10	9.076222e-10	1.931144e-09	4.110935e-09	8.499139e-09
	1.669005e-08	3.091734e-08	5.422993e-08	9.069852e-08	1.455896e-07
	2.256407e-07	3.394214e-07	4.971504e-07	7.105589e-07	9.944409e-07
	1.367908e-06	1.855077e-06	2.488161e-06	3.309281e-06	4.361853e-06
	5.673244e-06	7.248075e-06	9.072920e-06	1.111247e-05	1.332282e-05
	1.568214e-05	1.817769e-05	2.077938e-05	2.343212e-05	2.605852e-05
	2.858257e-05	3.094353e-05	3.308043e-05	3.491911e-05	3.637511e-05
	3.735907e-05	3.777932e-05	3.754441e-05	3.657257e-05	3.480424e-05
	3.221215e-05	2.881927e-05	2.473364e-05	2.019003e-05	1.554789e-05
	1.120438e-05	7.506720e-06	4.616084e-06	2.559297e-06	1.250995e-06
	5.257479e-07	1.837424e-07	5.131936e-08	1.135754e-08	1.990862e-09
	2.976707e-10	4.580119e-11	8.562967e-12	1.991871e-12	5.427362e-13
	1.642843e-13	5.351186e-14	1.837910e-14	6.558740e-15	2.397679e-15
	8.820654e-16	3.199397e-16	1.126139e-16	3.860328e-17	1.337124e-17
	4.906742e-18	1.933866e-18	7.918963e-19	3.154803e-19	1.131130e-19
	3.434659e-20	8.906357e-21	2.189673e-21	5.824913e-22	1.811137e-22
	6.666611e-23	2.838777e-23	1.351031e-23	6.937232e-24	3.714226e-24
	2.002101e-24	1.042017e-24	4.920565e-25	1.866946e-25	3.992376e-26
	1.000000e-60
massfraction-CH2O
	1.000000e-60	5.045720e-08	1.238393e-07	2.274592e-07	3.696196e-07
	5.598098e-07	8.084175e-07	1.126251e-06	1.524157e-06	2.012643e-06
	2.601558e-06	3.299825e-06	4.115269e-06	5.054509e-06	6.122914e-06
	7.324618e-06	8.662565e-06	1.013860e-05	1.175356e-05	1.350741e-05
	1.539934e-05	1.742790e-05	1.959117e-05	2.188687e-05	2.431256e-05
	2.686600e-05	2.954587e-05	3.235289e-05	3.529156e-05	3.837146e-05
	4.160642e-05	4.500232e-05	4.853716e-05	5.216944e-05	5.588088e-05
	5.969386e-05	6.363101e-05	6.767543e-05	7.179171e-05	7.597128e-05
	8.023987e-05	8.463351e-05	8.918020e-05	9.389820e-05	9.880629e-05
	1.039380e-04	1.093099e-04	1.149345e-04	1.207901e-04	1.268355e-04
	1.330204e-04	1.392570e-04	1.453484e-04	1.509612e-04	1.557358e-04
	1.594543e-04	1.620788e-04	1.636699e-04	1.643129e-04	1.640946e-04
	1.631022e-04	1.614214e-04	1.591431e-04	1.563643e-04	1.531657e-04
	1.496074e-04	1.457404e-04	1.416029e-04	1.372366e-04	1.327438e-04
	1.283160e-04	1.241738e-04	1.205000e-04	1.174299e-04	1.150264e-04
	1.132802e-04	1.121668e-04	1.116636e-04	1.117314e-04	1.122959e-04
	1.132484e-04	1.144632e-04	1.158001e-04	1.170929e-04	1.181437e-04
	1.187227e-04	1.185663e-04	1.173773e-04	1.148373e-04	1.106286e-04
	1.044585e-04	9.610916e-05	8.554434e-05	7.307129e-05	5.943697e-05
	4.569297e-05	3.299912e-05	2.214331e-05	1.359967e-05	7.500645e-06
	3.635672e-06	1.504268e-06	5.123521e-07	1.420622e-07	3.178370e-08
	5.996236e-09	1.086389e-09	2.170111e-10	5.151887e-11	1.455683e-11
	4.753928e-12	1.745440e-12	7.070227e-13	3.122907e-13	1.491573e-13
	7.648442e-14	4.196317e-14	2.471437e-14	1.572073e-14	1.078982e-14
	7.877862e-15	5.986504e-15	4.629889e-15	3.565955e-15	2.680669e-15
	1.936571e-15	1.336235e-15	8.854591e-16	5.700548e-16	3.600328e-16
	2.240587e-16	1.373711e-16	8.277196e-17	4.886132e-17	2.815505e-17
	1.575630e-17	8.486837e-18	4.316081e-18	1.974863e-18	6.901815e-19
	1.000000e-60
massfraction-CH3
	1.000000e-60	4.670835e-10	1.065077e-09	1.813446e-09	2.731207e-09
	3.839562e-09	5.161415e-09	6.720860e-09	8.543886e-09	1.065928e-08
	1.309971e-08	1.590289e-08	1.911286e-08	2.278131e-08	2.696896e-08
	3.174713e-08	3.719940e-08	4.342358e-08	5.053398e-08	5.866413e-08
	6.797012e-08	7.863467e-08	9.087228e-08	1.049356e-07	1.211242e-07
	1.397971e-07	1.613920e-07	1.864583e-07	2.157093e-07	2.500984e-07
	2.909043e-07	3.396819e-07	3.979740e-07	4.672614e-07	5.496978e-07
	6.489872e-07	7.701367e-07	9.184157e-07	1.099491e-06	1.321289e-06
	1.595801e-06	1.939818e-06	2.375727e-06	2.934098e-06	3.659585e-06
	4.620490e-06	5.918764e-06	7.704572e-06	1.019695e-05	1.372415e-05
	1.879714e-05	2.620420e-05	3.703609e-05	5.249014e-05	7.345552e-05
	1.002529e-04	1.327850e-04	1.707831e-04	2.138580e-04	2.614578e-04
	3.129377e-04	3.676131e-04	4.245854e-04	4.828369e-04	5.416580e-04
	6.005452e-04	6.589814e-04	7.165186e-04	7.725387e-04	8.256209e-04
	8.734676e-04	9.137990e-04	9.450213e-04	9.662088e-04	9.772012e-04
	9.783257e-04	9.698087e-04	9.517971e-04	9.246745e-04	8.892968e-04
	8.467879e-04	7.981186e-04	7.441298e-04	6.857711e-04	6.241240e-04
	5.603086e-04	4.954216e-04	4.306020e-04	3.670722e-04	3.060087e-04
	2.484501e-04	1.953892e-04	1.478912e-04	1.070753e-04	7.378338e-05
	4.814703e-05	2.964245e-05	1.702255e-05	8.972338e-06	4.254263e-06
	1.774269e-06	6.310600e-07	1.842004e-07	4.355580e-08	8.202527e-09
	1.266370e-09	1.800314e-10	2.738991e-11	5.048354e-12	1.172041e-12
	3.318936e-13	1.093589e-13	4.047868e-14	1.646181e-14	7.240765e-15
	3.396419e-15	1.679437e-15	8.701874e-16	4.722101e-16	2.689733e-16
	1.606936e-16	9.964929e-17	6.279824e-17	3.911758e-17	2.346956e-17
	1.338607e-17	7.317773e-18	3.934695e-18	2.136498e-18	1.188174e-18
	6.779848e-19	3.949268e-19	2.332236e-19	1.387258e-19	8.258770e-20
	4.882483e-20	2.830279e-20	1.570101e-20	7.891187e-21	3.027325e-21
	1.000000e-60
massfraction-CH4
	1.000000e-60	1.262236e-05	2.880358e-05	4.904977e-05	7.381335e-05
	1.035435e-04	1.386489e-04	1.794593e-04	2.262199e-04	2.790927e-04
	3.381639e-04	4.034548e-04	4.749349e-04	5.525346e-04	6.361570e-04
	7.256879e-04	8.210037e-04	9.219775e-04	1.028484e-03	1.140403e-03
	1.257618e-03	1.380025e-03	1.507527e-03	1.640039e-03	1.777491e-03
	1.919847e-03	2.067131e-03	2.219485e-03	2.377254e-03	2.541047e-03
	2.711682e-03	2.889553e-03	3.073606e-03	3.261812e-03	3.453369e-03
	3.649568e-03	3.851691e-03	4.058991e-03	4.269776e-03	4.483727e-03
	4.702275e-03	4.927381e-03	5.160601e-03	5.403008e-03	5.655717e-03
	5.920652e-03	6.198791e-03	6.491021e-03	6.796368e-03	7.112739e-03
	7.437334e-03	7.764937e-03	8.083816e-03	8.374059e-03	8.613762e-03
	8.788725e-03	8.894930e-03	8.934011e-03	8.909163e-03	8.823977e-03
	8.682330e-03	8.488213e-03	8.246432e-03	7.962591e-03	7.640796e-03
	7.283333e-03	6.891575e-03	6.465202e-03	6.003426e-03	5.510612e-03
	5.000155e-03	4.489705e-03	3.994916e-03	3.529101e-03	3.100092e-03
	2.707279e-03	2.347736e-03	2.020526e-03	1.726235e-03	1.465696e-03
	1.237754e-03	1.039080e-03	8.661632e-04	7.162814e-04	5.871582e-04
	4.766299e-04	3.826012e-04	3.031948e-04	2.367659e-04	1.817523e-04
	1.366547e-04	1.001548e-04	7.117460e-05	4.882340e-05	3.222791e-05
	2.040319e-05	1.236030e-05	7.092010e-06	3.799266e-06	1.867261e-06
	8.258984e-07	3.200851e-07	1.050867e-07	2.888626e-08	6.519868e-09
	1.225568e-09	2.078162e-10	3.517055e-11	6.559774e-12	1.448701e-12
	3.906553e-13	1.286627e-13	5.103935e-14	2.396876e-14	1.309792e-14
	8.183237e-15	5.730846e-15	4.385451e-15	3.553332e-15	2.962617e-15
	2.498188e-15	2.111551e-15	1.774834e-15	1.467750e-15	1.179672e-15
	9.128734e-16	6.792664e-16	4.899045e-16	3.463528e-16	2.419397e-16
	1.674330e-16	1.146432e-16	7.741582e-17	5.135392e-17	3.330677e-17
	2.098332e-17	1.270182e-17	7.230435e-18	3.678541e-18	1.415884e-18
	1.000000e-60
massfraction-C2H6
	1.000000e-60	4.380234e-07	1.073611e-06	1.969179e-06	3.195418e-06
	4.833012e-06	6.970206e-06	9.698796e-06	1.311100e-05	1.729646e-05
	2.233964e-05	2.831791e-05	3.530017e-05	4.334623e-05	5.250656e-05
	6.282250e-05	7.432676e-05	8.704409e-05	1.009921e-04	1.161819e-04
	1.326191e-04	1.503047e-04	1.692360e-04	1.894072e-04	2.108111e-04
	2.334421e-04	2.573019e-04	2.824102e-04	3.088202e-04	3.366309e-04
	3.659810e-04	3.969373e-04	4.293106e-04	4.627264e-04	4.970169e-04
	5.323874e-04	5.690469e-04	6.068347e-04	6.454108e-04	6.846809e-04
	7.248691e-04	7.662936e-04	8.091898e-04	8.536899e-04	8.999126e-04
	9.480861e-04	9.982381e-04	1.050289e-03	1.103741e-03	1.157780e-03
	1.211306e-03	1.262590e-03	1.308630e-03	1.345206e-03	1.368391e-03
	1.376228e-03	1.368734e-03	1.346831e-03	1.311667e-03	1.264531e-03
	1.206830e-03	1.140051e-03	1.065975e-03	9.865756e-04	9.033794e-04
	8.175250e-04	7.300603e-04	6.418101e-04	5.536998e-04	4.677065e-04
	3.869893e-04	3.144708e-04	2.517660e-04	1.993776e-04	1.566905e-04
	1.221798e-04	9.435159e-05	7.209617e-05	5.454455e-05	4.093561e-05
	3.051090e-05	2.255748e-05	1.650482e-05	1.192730e-05	8.497277e-06
	5.954450e-06	4.091706e-06	2.747363e-06	1.795461e-06	1.136232e-06
	6.912055e-07	4.003634e-07	2.184650e-07	1.112398e-07	5.247676e-08
	2.276488e-08	9.027769e-09	3.208835e-09	9.954299e-10	2.612653e-10
	5.617619e-11	9.497620e-12	1.212792e-12	1.168180e-13	8.451237e-15
	4.795785e-16	2.384131e-17	1.171615e-18	6.372812e-20	4.178253e-21
	3.459150e-22	3.690125e-23	5.127532e-24	9.380111e-25	2.282944e-25
	7.462429e-26	3.311243e-26	1.985575e-26	1.509112e-26	1.290741e-26
	1.129234e-26	9.711842e-27	8.112204e-27	6.519414e-27	4.978751e-27
	3.577168e-27	2.419366e-27	1.560437e-27	9.763803e-28	6.000093e-28
	3.639421e-28	2.177935e-28	1.282151e-28	7.399404e-29	4.170101e-29
	2.283401e-29	1.204110e-29	6.000743e-30	2.694357e-30	9.258321e-31
	1.000000e-60
massfraction-C2H
	1.000000e-60	4.697967e-32	2.230070e-31	6.709003e-31	1.565041e-30
	3.707613e-30	7.444943e-30	1.463122e-29	2.832194e-29	5.520575e-29
	1.096600e-28	2.245355e-28	4.788569e-28	1.070082e-27	2.513314e-27
	6.204428e-27	1.605200e-26	4.329528e-26	1.208888e-25	3.466008e-25
	1.011656e-24	2.980789e-24	8.797188e-24	2.583033e-23	7.504181e-23
	2.148496e-22	6.048445e-22	1.673939e-21	4.564221e-21	1.231833e-20
	3.312458e-20	8.916828e-20	2.397034e-19	6.389912e-19	1.686887e-18
	4.440651e-18	1.170506e-17	3.067632e-17	7.906579e-17	1.997269e-16
	4.968328e-16	1.225229e-15	3.009608e-15	7.385779e-15	1.817594e-14
	4.512417e-14	1.137157e-13	2.919015e-13	7.628152e-13	2.024870e-12
	5.452497e-12	1.484143e-11	4.022329e-11	1.052034e-10	2.562591e-10
	5.696970e-10	1.156915e-09	2.173239e-09	3.830725e-09	6.413003e-09
	1.029975e-08	1.600299e-08	2.418531e-08	3.568758e-08	5.166024e-08
	7.370888e-08	1.040412e-07	1.458083e-07	2.034419e-07	2.822431e-07
	3.869444e-07	5.205138e-07	6.837030e-07	8.740431e-07	1.086752e-06
	1.317925e-06	1.563703e-06	1.817819e-06	2.071119e-06	2.312458e-06
	2.531632e-06	2.720868e-06	2.873409e-06	2.982651e-06	3.042733e-06
	3.049122e-06	2.998778e-06	2.890358e-06	2.724789e-06	2.505550e-06
	2.238565e-06	1.932788e-06	1.601711e-06	1.264687e-06	9.450240e-07
	6.638584e-07	4.361266e-07	2.648257e-07	1.462099e-07	7.187886e-08
	3.072219e-08	1.104653e-08	3.206864e-09	7.414335e-10	1.354625e-10
	2.081594e-11	3.180033e-12	5.560785e-13	1.140737e-13	2.655084e-14
	6.807823e-15	1.885179e-15	5.548038e-16	1.709725e-16	5.421690e-17
	1.726686e-17	5.357267e-18	1.570892e-18	4.285725e-19	1.110179e-19
	2.868927e-20	7.644244e-21	2.060057e-21	5.264186e-22	1.187128e-22
	2.290776e-23	3.980198e-24	7.050186e-25	1.441598e-25	3.624898e-26
	1.122458e-26	4.143963e-27	1.748210e-27	8.077933e-28	3.925293e-28
	1.924832e-28	9.081582e-29	3.854923e-29	1.300313e-29	2.449143e-30
	1.000000e-60
massfraction-C2H2
	1.000000e-60	1.018937e-05	2.440016e-05	4.367603e-05	6.913020e-05
	1.019784e-04	1.434868e-04	1.949004e-04	2.573990e-04	3.320610e-04
	4.198385e-04	5.215437e-04	6.378453e-04	7.692736e-04	9.162297e-04
	1.078999e-03	1.257767e-03	1.452631e-03	1.663618e-03	1.890694e-03
	2.133780e-03	2.392759e-03	2.667491e-03	2.957819e-03	3.263589e-03
	3.584693e-03	3.921142e-03	4.273211e-03	4.641649e-03	5.027843e-03
	5.433716e-03	5.860200e-03	6.304723e-03	6.762238e-03	7.230581e-03
	7.712702e-03	8.211594e-03	8.725245e-03	9.249252e-03	9.782591e-03
	1.032861e-02	1.089201e-02	1.147651e-02	1.208459e-02	1.271885e-02
	1.338385e-02	1.408205e-02	1.481552e-02	1.558205e-02	1.637729e-02
	1.719641e-02	1.803114e-02	1.886115e-02	1.965068e-02	2.036132e-02
	2.097127e-02	2.147918e-02	2.189374e-02	2.222423e-02	2.247733e-02
	2.265753e-02	2.276749e-02	2.280822e-02	2.278016e-02	2.268287e-02
	2.251351e-02	2.226644e-02	2.193195e-02	2.149604e-02	2.094575e-02
	2.027835e-02	1.950286e-02	1.863544e-02	1.769946e-02	1.671805e-02
	1.570091e-02	1.465128e-02	1.357695e-02	1.249230e-02	1.141659e-02
	1.036490e-02	9.342952e-03	8.353130e-03	7.399699e-03	6.488153e-03
	5.623517e-03	4.809832e-03	4.051274e-03	3.352592e-03	2.717675e-03
	2.148915e-03	1.648379e-03	1.218894e-03	8.637217e-04	5.837771e-04
	3.745651e-04	2.273522e-04	1.290570e-04	6.741658e-05	3.176248e-05
	1.319582e-05	4.687020e-06	1.370806e-06	3.272899e-07	6.377192e-08
	1.090142e-08	1.943595e-09	4.156658e-10	1.087043e-10	3.342488e-11
	1.169535e-11	4.568593e-12	1.969402e-12	9.300807e-13	4.786304e-13
	2.671740e-13	1.614138e-13	1.054221e-13	7.394566e-14	5.487727e-14
	4.231182e-14	3.332986e-14	2.639334e-14	2.064720e-14	1.567800e-14
	1.140175e-14	7.913692e-15	5.284555e-15	3.439483e-15	2.203414e-15
	1.394805e-15	8.717836e-16	5.364164e-16	3.237744e-16	1.909253e-16
	1.093882e-16	6.031631e-17	3.138091e-17	1.467015e-17	5.227740e-18
	1.000000e-60
massfraction-CHCO
	1.000000e-60	3.209483e-06	7.323022e-06	1.246858e-05	1.876015e-05
	2.631050e-05	3.522163e-05	4.557493e-05	5.742974e-05	7.082366e-05
	8.577450e-05	1.022830e-04	1.203362e-04	1.399109e-04	1.609764e-04
	1.834975e-04	2.074361e-04	2.327533e-04	2.594103e-04	2.873695e-04
	3.165947e-04	3.470521e-04	3.787103e-04	4.115409e-04	4.455196e-04
	4.806300e-04	5.168711e-04	5.542709e-04	5.929068e-04	6.329195e-04
	6.745000e-04	7.177335e-04	7.623546e-04	8.078650e-04	8.540672e-04
	9.012687e-04	9.497726e-04	9.993937e-04	1.049724e-03	1.100686e-03
	1.152621e-03	1.205991e-03	1.261161e-03	1.318381e-03	1.377913e-03
	1.440218e-03	1.505534e-03	1.574109e-03	1.645794e-03	1.720254e-03
	1.797130e-03	1.875749e-03	1.954311e-03	2.029527e-03	2.097812e-03
	2.157142e-03	2.207498e-03	2.249920e-03	2.285594e-03	2.315520e-03
	2.340517e-03	2.361252e-03	2.378190e-03	2.391689e-03	2.402078e-03
	2.409564e-03	2.414173e-03	2.415739e-03	2.413834e-03	2.407770e-03
	2.396814e-03	2.380393e-03	2.358122e-03	2.329901e-03	2.295793e-03
	2.255499e-03	2.208391e-03	2.153919e-03	2.091859e-03	2.022463e-03
	1.946038e-03	1.862443e-03	1.771297e-03	1.672396e-03	1.565769e-03
	1.451589e-03	1.330141e-03	1.202031e-03	1.068409e-03	9.308691e-04
	7.913581e-04	6.524775e-04	5.179639e-04	3.929055e-04	2.828463e-04
	1.919081e-04	1.220505e-04	7.184455e-05	3.846679e-05	1.833210e-05
	7.591201e-06	2.644084e-06	7.446565e-07	1.676503e-07	2.990261e-08
	4.463448e-09	6.567028e-10	1.133725e-10	2.455176e-11	6.437168e-12
	1.941728e-12	6.515428e-13	2.383054e-13	9.376597e-14	3.925026e-14
	1.726699e-14	7.890692e-15	3.719993e-15	1.815931e-15	9.386774e-16
	5.318723e-16	3.367177e-16	2.344996e-16	1.719545e-16	1.252267e-16
	8.520858e-17	5.227876e-17	2.943016e-17	1.596074e-17	8.675329e-18
	4.810323e-18	2.727094e-18	1.573921e-18	9.192813e-19	5.400519e-19
	3.168184e-19	1.834641e-19	1.024571e-19	5.223668e-20	2.044643e-20
	1.000000e-60
massfraction-C3H3
	1.000000e-60	8.014484e-23	2.094558e-22	4.223266e-22	7.867170e-22
	1.440688e-21	2.668344e-21	5.063280e-21	9.888320e-21	1.987723e-20
	4.104037e-20	8.676319e-20	1.871578e-19	4.104549e-19	9.119391e-19
	2.045610e-18	4.617756e-18	1.045886e-17	2.370224e-17	5.361338e-17
	1.207784e-16	2.704715e-16	6.011484e-16	1.324363e-15	2.889089e-15
	6.236709e-15	1.331948e-14	2.815274e-14	5.896381e-14	1.226345e-13
	2.539607e-13	5.240739e-13	1.073079e-12	2.164999e-12	4.294866e-12
	8.417902e-12	1.637505e-11	3.156078e-11	6.002017e-11	1.126231e-10
	2.094976e-10	3.885456e-10	7.215670e-10	1.345539e-09	2.526300e-09
	4.793943e-09	9.224303e-09	1.801755e-08	3.568860e-08	7.154535e-08
	1.449538e-07	2.958699e-07	6.014629e-07	1.189658e-06	2.227992e-06
	3.885580e-06	6.305265e-06	9.602506e-06	1.386796e-05	1.916397e-05
	2.553280e-05	3.300793e-05	4.159469e-05	5.127988e-05	6.210764e-05
	7.418883e-05	8.767951e-05	1.028200e-04	1.199074e-04	1.390829e-04
	1.601018e-04	1.823865e-04	2.051994e-04	2.276458e-04	2.488753e-04
	2.683306e-04	2.854954e-04	2.996834e-04	3.101140e-04	3.160913e-04
	3.171870e-04	3.132037e-04	3.040693e-04	2.898715e-04	2.709254e-04
	2.477828e-04	2.212091e-04	1.921903e-04	1.619258e-04	1.317136e-04
	1.028175e-04	7.642049e-05	5.358769e-05	3.514274e-05	2.141321e-05
	1.206075e-05	6.271557e-06	2.986944e-06	1.292808e-06	5.071719e-07
	1.816397e-07	5.975541e-08	1.788740e-08	4.807607e-09	1.098844e-09
	2.033965e-10	3.080288e-11	3.965177e-12	4.586455e-13	5.023535e-14
	5.337556e-15	5.472873e-16	5.282667e-17	4.621832e-18	3.462830e-19
	2.028148e-20	8.130631e-22	1.907297e-23	2.319053e-25	1.456163e-27
	5.219213e-30	1.170701e-32	2.805590e-35	9.006234e-37	5.528791e-38
	2.981920e-39	1.408047e-40	6.750740e-42	3.790592e-43	2.989897e-44
	1.000000e-60	1.000000e-60	7.019823e-46	1.000000e-60	1.000000e-60
	3.080010e-47	1.000000e-60	4.928951e-49	1.000000e-60	1.000000e-60
	1.000000e-60
massfraction-C2H3
	1.000000e-60	1.741934e-18	3.898808e-18	6.500237e-18	9.568881e-18
	1.320662e-17	1.767230e-17	2.346503e-17	3.147300e-17	4.327087e-17
	6.172760e-17	9.227361e-17	1.456161e-16	2.437355e-16	4.335104e-16
	8.184634e-16	1.634238e-15	3.430649e-15	7.514217e-15	1.702469e-14
	3.953717e-14	9.326859e-14	2.215869e-13	5.260423e-13	1.239142e-12
	2.878519e-12	6.558288e-12	1.458260e-11	3.150125e-11	6.583718e-11
	1.326183e-10	2.561337e-10	4.704912e-10	8.163064e-10	1.338537e-09
	2.089319e-09	3.124698e-09	4.488903e-09	6.207396e-09	8.302452e-09
	1.080804e-08	1.376428e-08	1.719931e-08	2.111159e-08	2.546202e-08
	3.018183e-08	3.519439e-08	4.052573e-08	4.653044e-08	5.421300e-08
	6.559482e-08	8.431871e-08	1.166872e-07	1.726440e-07	2.653540e-07
	4.091270e-07	6.177829e-07	9.044111e-07	1.281163e-06	1.758544e-06
	2.345551e-06	3.049619e-06	3.872989e-06	4.811053e-06	5.857015e-06
	7.000216e-06	8.220980e-06	9.490175e-06	1.076174e-05	1.195608e-05
	1.296285e-05	1.367810e-05	1.403785e-05	1.402822e-05	1.368205e-05
	1.305262e-05	1.219479e-05	1.116811e-05	1.003929e-05	8.877783e-06
	7.740814e-06	6.664519e-06	5.671118e-06	4.775896e-06	3.987406e-06
	3.306983e-06	2.729793e-06	2.247035e-06	1.847216e-06	1.516471e-06
	1.239785e-06	1.003162e-06	7.957527e-07	6.116814e-07	4.503724e-07
	3.144319e-07	2.070829e-07	1.278640e-07	7.376398e-08	3.980048e-08
	2.020672e-08	9.673358e-09	4.330997e-09	1.808304e-09	6.883319e-10
	2.356406e-10	7.451990e-11	2.276111e-11	7.071036e-12	2.331674e-12
	8.335597e-13	3.241601e-13	1.361172e-13	6.073294e-14	2.797472e-14
	1.269162e-14	5.338384e-15	1.988753e-15	6.627908e-16	2.105064e-16
	6.801571e-17	2.326291e-17	8.518219e-18	3.272071e-18	1.266263e-18
	4.783453e-19	1.761518e-19	6.460525e-20	2.408589e-20	9.186394e-21
	3.562631e-21	1.387233e-21	5.348499e-22	2.015468e-22	7.330034e-23
	2.535598e-23	8.161774e-24	2.344528e-24	5.441909e-25	7.345328e-26
	1.000000e-60
massfraction-C2H4
	1.000000e-60	5.551777e-06	1.343867e-05	2.432741e-05	3.894975e-05
	5.812108e-05	8.271006e-05	1.135935e-04	1.516252e-04	1.976074e-04
	2.522697e-04	3.162536e-04	3.901050e-04	4.742723e-04	5.691094e-04
	6.748809e-04	7.917705e-04	9.198900e-04	1.059289e-03	1.209964e-03
	1.371866e-03	1.544913e-03	1.728997e-03	1.923990e-03	2.129764e-03
	2.346214e-03	2.573313e-03	2.811213e-03	3.060386e-03	3.321735e-03
	3.596529e-03	3.885365e-03	4.186464e-03	4.496373e-03	4.813589e-03
	5.140082e-03	5.477845e-03	5.825484e-03	6.179991e-03	6.540643e-03
	6.909674e-03	7.290216e-03	7.684711e-03	8.094753e-03	8.521963e-03
	8.969206e-03	9.437805e-03	9.928596e-03	1.043914e-02	1.096483e-02
	1.149947e-02	1.203219e-02	1.254055e-02	1.298837e-02	1.333706e-02
	1.356228e-02	1.365754e-02	1.362603e-02	1.347390e-02	1.320856e-02
	1.283846e-02	1.237266e-02	1.182239e-02	1.120071e-02	1.051754e-02
	9.779555e-03	8.992421e-03	8.159596e-03	7.285260e-03	6.384912e-03
	5.490445e-03	4.638309e-03	3.856845e-03	3.165442e-03	2.570639e-03
	2.064863e-03	1.637620e-03	1.281210e-03	9.894008e-04	7.557242e-04
	5.718452e-04	4.284658e-04	3.174521e-04	2.323586e-04	1.679239e-04
	1.197394e-04	8.414892e-05	5.821431e-05	3.960550e-05	2.646199e-05
	1.732145e-05	1.107529e-05	6.902446e-06	4.195437e-06	2.496256e-06
	1.460171e-06	8.444098e-07	4.815742e-07	2.695123e-07	1.470379e-07
	7.758231e-08	3.899864e-08	1.824228e-08	7.845911e-09	3.025945e-09
	1.034559e-09	3.237042e-10	9.734092e-11	2.970217e-11	9.607568e-12
	3.366823e-12	1.284866e-12	5.328043e-13	2.390959e-13	1.155020e-13
	5.969398e-14	3.289548e-14	1.937598e-14	1.223688e-14	8.248076e-15
	5.856720e-15	4.307084e-15	3.218169e-15	2.392696e-15	1.735682e-15
	1.211632e-15	8.114725e-16	5.256990e-16	3.335037e-16	2.090008e-16
	1.297526e-16	7.967246e-17	4.821650e-17	2.864651e-17	1.663745e-17
	9.393391e-18	5.107115e-18	2.621950e-18	1.210715e-18	4.267016e-19
	1.000000e-60
massfraction-C2H5
	1.000000e-60	4.992420e-11	1.221334e-10	2.235655e-10	3.620432e-10
	5.464648e-10	7.865281e-10	1.092282e-09	1.473786e-09	1.940779e-09
	2.502414e-09	3.167043e-09	3.942098e-09	4.834021e-09	5.848265e-09
	6.989330e-09	8.260843e-09	9.665660e-09	1.120598e-08	1.288348e-08
	1.469947e-08	1.665504e-08	1.875124e-08	2.098931e-08	2.337089e-08
	2.589852e-08	2.857638e-08	3.141161e-08	3.441617e-08	3.760840e-08
	4.101229e-08	4.464400e-08	4.848789e-08	5.250061e-08	5.665399e-08
	6.095246e-08	6.538180e-08	6.985420e-08	7.422508e-08	7.833859e-08
	8.202099e-08	8.503380e-08	8.704474e-08	8.764572e-08	8.642598e-08
	8.311494e-08	7.780558e-08	7.129718e-08	6.518195e-08	6.140811e-08
	6.159795e-08	6.703767e-08	7.941150e-08	1.012979e-07	1.358561e-07
	1.862216e-07	2.553293e-07	3.459940e-07	4.607035e-07	6.011422e-07
	7.679636e-07	9.605546e-07	1.175972e-06	1.408725e-06	1.652238e-06
	1.898571e-06	2.137545e-06	2.357061e-06	2.542287e-06	2.674910e-06
	2.737822e-06	2.723243e-06	2.635424e-06	2.488246e-06	2.299897e-06
	2.085750e-06	1.857454e-06	1.625297e-06	1.398781e-06	1.186065e-06
	9.921366e-07	8.185257e-07	6.652080e-07	5.318338e-07	4.177163e-07
	3.217180e-07	2.423494e-07	1.780007e-07	1.270225e-07	8.766487e-08
	5.813408e-08	3.673149e-08	2.190939e-08	1.224275e-08	6.382819e-09
	3.101200e-09	1.412871e-09	6.069098e-10	2.508231e-10	1.041557e-10
	4.572385e-11	2.136330e-11	1.008800e-11	4.562997e-12	1.885510e-12
	7.003412e-13	2.417537e-13	8.175310e-14	2.866215e-14	1.087572e-14
	4.551560e-15	2.101583e-15	1.058919e-15	5.706818e-16	3.186573e-16
	1.761775e-16	9.145169e-17	4.263882e-17	1.760483e-17	6.584275e-18
	2.297994e-18	7.457412e-19	2.207193e-19	6.031292e-20	1.601335e-20
	4.320114e-21	1.207869e-21	3.558363e-22	1.114590e-22	3.686947e-23
	1.265619e-23	4.416389e-24	1.537978e-24	5.269158e-25	1.757683e-25
	5.668200e-26	1.758670e-26	5.230351e-27	1.474787e-27	3.597688e-28
	1.000000e-60
massfraction-C3H4
	1.000000e-60	1.594525e-08	4.049559e-08	7.711956e-08	1.300734e-07
	2.045416e-07	3.065927e-07	4.430175e-07	6.211576e-07	8.486994e-07
	1.133457e-06	1.483167e-06	1.905302e-06	2.406929e-06	2.994590e-06
	3.674228e-06	4.451143e-06	5.329966e-06	6.314672e-06	7.408586e-06
	8.614423e-06	9.934334e-06	1.136996e-05	1.292250e-05	1.459281e-05
	1.638168e-05	1.829029e-05	2.032116e-05	2.247946e-05	2.477420e-05
	2.721783e-05	2.981697e-05	3.255649e-05	3.540480e-05	3.834715e-05
	4.140081e-05	4.458376e-05	4.788207e-05	5.126584e-05	5.472646e-05
	5.828369e-05	6.196635e-05	6.579686e-05	6.978949e-05	7.395878e-05
	7.833103e-05	8.291941e-05	8.773181e-05	9.274725e-05	9.792950e-05
	1.032385e-04	1.086111e-04	1.139075e-04	1.188937e-04	1.233276e-04
	1.270829e-04	1.301726e-04	1.326837e-04	1.347184e-04	1.363739e-04
	1.377420e-04	1.389086e-04	1.399498e-04	1.409338e-04	1.419259e-04
	1.429875e-04	1.441759e-04	1.455499e-04	1.471695e-04	1.490733e-04
	1.512465e-04	1.536132e-04	1.560510e-04	1.583958e-04	1.604740e-04
	1.621350e-04	1.632201e-04	1.635434e-04	1.629134e-04	1.611725e-04
	1.582183e-04	1.539781e-04	1.483980e-04	1.414668e-04	1.332309e-04
	1.237926e-04	1.133029e-04	1.019709e-04	9.007007e-05	7.790972e-05
	6.580274e-05	5.406920e-05	4.305450e-05	3.312610e-05	2.459941e-05
	1.762788e-05	1.220980e-05	8.145870e-06	5.204664e-06	3.161301e-06
	1.810504e-06	9.643496e-07	4.677375e-07	2.047895e-07	7.922855e-08
	2.684283e-08	8.236920e-09	2.407786e-09	7.091232e-10	2.202130e-10
	7.378170e-11	2.681794e-11	1.054773e-11	4.467428e-12	2.024784e-12
	9.741770e-13	4.943102e-13	2.640239e-13	1.484686e-13	8.765824e-14
	5.396830e-14	3.425646e-14	2.201710e-14	1.398434e-14	8.571134e-15
	4.999988e-15	2.785044e-15	1.507396e-15	8.080256e-16	4.336027e-16
	2.333029e-16	1.253455e-16	6.684166e-17	3.517388e-17	1.816790e-17
	9.157240e-18	4.464199e-18	2.066933e-18	8.675771e-19	2.808862e-19
	1.000000e-60
massfraction-C3H5
	1.000000e-60	7.279287e-10	1.861731e-09	3.572083e-09	6.071531e-09
	9.622222e-09	1.453491e-08	2.116195e-08	2.988920e-08	4.112589e-08
	5.529334e-08	7.281383e-08	9.410052e-08	1.195488e-07	1.495294e-07
	1.843834e-07	2.244188e-07	2.699086e-07	3.210903e-07	3.781664e-07
	4.413050e-07	5.106428e-07	5.862871e-07	6.683195e-07	7.568011e-07
	8.517876e-07	9.533533e-07	1.061642e-06	1.176937e-06	1.299731e-06
	1.430697e-06	1.570200e-06	1.717433e-06	1.870697e-06	2.029190e-06
	2.193834e-06	2.365591e-06	2.543699e-06	2.726529e-06	2.913592e-06
	3.105932e-06	3.305073e-06	3.512179e-06	3.727949e-06	3.953050e-06
	4.188707e-06	4.435295e-06	4.692637e-06	4.958539e-06	5.229142e-06
	5.498855e-06	5.758238e-06	5.990450e-06	6.172414e-06	6.285930e-06
	6.329421e-06	6.316178e-06	6.264132e-06	6.188789e-06	6.100981e-06
	6.006732e-06	5.908066e-06	5.804494e-06	5.693994e-06	5.573257e-06
	5.438526e-06	5.286492e-06	5.114433e-06	4.921171e-06	4.710165e-06
	4.491779e-06	4.280223e-06	4.088361e-06	3.925181e-06	3.793612e-06
	3.690646e-06	3.610884e-06	3.548184e-06	3.495707e-06	3.446294e-06
	3.393020e-06	3.329617e-06	3.250734e-06	3.152205e-06	3.031185e-06
	2.886125e-06	2.716680e-06	2.523877e-06	2.310323e-06	2.079837e-06
	1.836930e-06	1.586929e-06	1.336593e-06	1.094569e-06	8.702622e-07
	6.711290e-07	5.021647e-07	3.631325e-07	2.522637e-07	1.670855e-07
	1.046569e-07	6.121854e-08	3.282496e-08	1.602255e-08	7.001206e-09
	2.725785e-09	9.774412e-10	3.378257e-10	1.178473e-10	4.294684e-11
	1.660803e-11	6.836849e-12	2.992760e-12	1.391859e-12	6.875204e-13
	3.608713e-13	2.023895e-13	1.228501e-13	8.145912e-14	5.828186e-14
	4.363658e-14	3.321965e-14	2.516760e-14	1.859991e-14	1.314466e-14
	8.753310e-15	5.480895e-15	3.266034e-15	1.884642e-15	1.066672e-15
	5.952360e-16	3.273088e-16	1.768103e-16	9.350444e-17	4.824116e-17
	2.417709e-17	1.168229e-17	5.350822e-18	2.220232e-18	7.108970e-19
	1.000000e-60
massfraction-C3H6
	1.000000e-60	3.811230e-08	9.832710e-08	1.904189e-07	3.267793e-07
	5.229281e-07	7.975495e-07	1.172168e-06	1.670729e-06	2.319022e-06
	3.144006e-06	4.173110e-06	5.433575e-06	6.951856e-06	8.753131e-06
	1.086091e-05	1.329675e-05	1.608008e-05	1.922808e-05	2.275568e-05
	2.667557e-05	3.099829e-05	3.573242e-05	4.088471e-05	4.646047e-05
	5.246446e-05	5.890245e-05	6.578447e-05	7.312943e-05	8.096933e-05
	8.934801e-05	9.828940e-05	1.077420e-04	1.175962e-04	1.277995e-04
	1.384099e-04	1.494884e-04	1.609843e-04	1.727906e-04	1.848741e-04
	1.973001e-04	2.101655e-04	2.235438e-04	2.374786e-04	2.520118e-04
	2.672221e-04	2.831353e-04	2.997443e-04	3.169163e-04	3.344153e-04
	3.518906e-04	3.687118e-04	3.836520e-04	3.947929e-04	4.001168e-04
	3.984608e-04	3.898439e-04	3.750910e-04	3.554153e-04	3.321774e-04
	3.066778e-04	2.800174e-04	2.531355e-04	2.267561e-04	2.012406e-04
	1.767234e-04	1.532711e-04	1.308833e-04	1.096005e-04	8.972343e-05
	7.180041e-05	5.629046e-05	4.335530e-05	3.293049e-05	2.474445e-05
	1.838017e-05	1.346195e-05	9.709897e-06	6.902580e-06	4.849323e-06
	3.374013e-06	2.323997e-06	1.582531e-06	1.064755e-06	7.079311e-07
	4.652340e-07	3.021644e-07	1.939191e-07	1.229260e-07	7.681650e-08
	4.707433e-08	2.803465e-08	1.602401e-08	8.668037e-09	4.377396e-09
	2.035819e-09	8.637407e-10	3.281940e-10	1.094270e-10	3.139277e-11
	7.621397e-12	1.528079e-12	2.452838e-13	3.143364e-14	3.167998e-15
	2.585652e-16	1.893639e-17	1.393452e-18	1.139013e-19	1.111708e-20
	1.347777e-21	2.068811e-22	4.060425e-23	1.020472e-23	3.241419e-24
	1.265154e-24	5.931905e-25	3.344063e-25	2.299788e-25	1.829792e-25
	1.523932e-25	1.257429e-25	1.010893e-25	7.835319e-26	5.775515e-26
	3.999796e-26	2.595372e-26	1.592476e-26	9.374265e-27	5.356729e-27
	2.990086e-27	1.632921e-27	8.717045e-28	4.541197e-28	2.303688e-28
	1.134153e-28	5.382185e-29	2.422108e-29	9.885104e-30	3.118717e-30
	1.000000e-60
massfraction-N-C3H7
	1.000000e-60	2.699632e-12	6.974473e-12	1.352655e-11	2.324836e-11
	3.726036e-11	5.691473e-11	8.377302e-11	1.195767e-10	1.662055e-10
	2.256293e-10	2.998567e-10	3.908868e-10	5.006655e-10	6.310485e-10
	7.837723e-10	9.604320e-10	1.162468e-09	1.391155e-09	1.647601e-09
	1.932743e-09	2.247349e-09	2.592016e-09	2.967149e-09	3.372931e-09
	3.809247e-09	4.275514e-09	4.770324e-09	5.290572e-09	5.829368e-09
	6.371379e-09	6.883003e-09	7.300071e-09	7.527475e-09	7.458755e-09
	7.010430e-09	6.185348e-09	5.144383e-09	4.144398e-09	3.346309e-09
	2.755144e-09	2.316052e-09	1.983751e-09	1.730254e-09	1.537643e-09
	1.393657e-09	1.289561e-09	1.220083e-09	1.182919e-09	1.178330e-09
	1.209070e-09	1.280925e-09	1.402177e-09	1.579992e-09	1.814853e-09
	2.098576e-09	2.417993e-09	2.758895e-09	3.107042e-09	3.448085e-09
	3.768205e-09	4.054177e-09	4.292459e-09	4.470176e-09	4.576394e-09
	4.601184e-09	4.535652e-09	4.372557e-09	4.107644e-09	3.746040e-09
	3.310095e-09	2.835926e-09	2.361488e-09	1.919035e-09	1.528213e-09
	1.193776e-09	9.139030e-10	6.855223e-10	5.045179e-10	3.654025e-10
	2.610710e-10	1.840069e-10	1.277955e-10	8.740959e-11	5.887633e-11
	3.904937e-11	2.548984e-11	1.636736e-11	1.033433e-11	6.407457e-12
	3.886819e-12	2.292059e-12	1.302375e-12	7.058669e-13	3.610656e-13
	1.722337e-13	7.588520e-14	3.031307e-14	1.075568e-14	3.322885e-15
	8.781764e-16	1.935591e-16	3.450519e-17	4.952523e-18	5.634815e-19
	5.209530e-20	4.286810e-21	3.484892e-22	3.088065e-23	3.212141e-24
	4.087426e-25	6.496883e-26	1.310013e-26	3.404225e-27	1.153108e-27
	5.041310e-28	2.935769e-28	2.209184e-28	2.232858e-28	2.837493e-28
	4.080350e-28	6.226163e-28	7.936023e-28	7.473589e-28	5.850533e-28
	4.065695e-28	2.583154e-28	1.539050e-28	8.808061e-29	4.921950e-29
	2.704571e-29	1.461937e-29	7.753750e-30	4.022286e-30	2.034278e-30
	9.990583e-31	4.730629e-31	2.124468e-31	8.653464e-32	2.725341e-32
	1.000000e-60
massfraction-I-C3H7
	1.000000e-60	6.682784e-11	1.726493e-10	3.348435e-10	5.755052e-10
	9.223745e-10	1.408930e-09	2.073840e-09	2.960234e-09	4.114677e-09
	5.585983e-09	7.423952e-09	9.678185e-09	1.239702e-08	1.562663e-08
	1.941034e-08	2.378814e-08	2.879639e-08	3.446769e-08	4.083089e-08
	4.791133e-08	5.573112e-08	6.430964e-08	7.366402e-08	8.381000e-08
	9.476362e-08	1.065438e-07	1.191774e-07	1.327053e-07	1.471851e-07
	1.626773e-07	1.791627e-07	1.963955e-07	2.138720e-07	2.309518e-07
	2.467926e-07	2.599245e-07	2.679419e-07	2.678362e-07	2.567884e-07
	2.332280e-07	1.984634e-07	1.580824e-07	1.203982e-07	9.125129e-08
	7.091531e-08	5.683264e-08	4.686804e-08	3.978862e-08	3.485891e-08
	3.160376e-08	2.973541e-08	2.910706e-08	2.962167e-08	3.112122e-08
	3.335375e-08	3.603708e-08	3.891978e-08	4.179076e-08	4.446969e-08
	4.680314e-08	4.865789e-08	4.991192e-08	5.046173e-08	5.022568e-08
	4.913660e-08	4.714727e-08	4.423414e-08	4.041421e-08	3.581497e-08
	3.073436e-08	2.556813e-08	2.067721e-08	1.632745e-08	1.264300e-08
	9.607754e-09	7.156210e-09	5.222182e-09	3.738500e-09	2.633589e-09
	1.829913e-09	1.253745e-09	8.456933e-10	5.610323e-10	3.658134e-10
	2.342338e-10	1.470639e-10	9.037948e-11	5.427308e-11	3.176036e-11
	1.802924e-11	9.866822e-12	5.172736e-12	2.586225e-12	1.230458e-12
	5.554761e-13	2.373254e-13	9.455567e-14	3.444556e-14	1.121757e-14
	3.189712e-15	7.670349e-16	1.506424e-16	2.392949e-17	3.017899e-18
	3.082817e-19	2.773764e-20	2.432037e-21	2.293247e-22	2.504209e-23
	3.291561e-24	5.281536e-25	1.038858e-25	2.511925e-26	7.497803e-27
	2.792597e-27	1.334557e-27	8.508933e-28	6.873442e-28	4.910779e-28
	2.463918e-28	1.107632e-28	5.206115e-29	2.605538e-29	1.356042e-29
	7.191055e-30	3.842143e-30	2.046147e-30	1.072168e-30	5.471884e-31
	2.702558e-31	1.285094e-31	5.856241e-32	2.548110e-32	1.055540e-32
	4.151979e-33	1.545210e-33	5.397798e-34	1.726313e-34	4.486800e-35
	1.000000e-60
massfraction-C3H8
	1.000000e+00	9.991645e-01	9.980703e-01	9.966707e-01	9.949209e-01
	9.927742e-01	9.901854e-01	9.871136e-01	9.835240e-01	9.793877e-01
	9.746826e-01	9.693921e-01	9.635052e-01	9.570153e-01	9.499192e-01
	9.422170e-01	9.339107e-01	9.250041e-01	9.155021e-01	9.054104e-01
	8.947352e-01	8.834831e-01	8.716605e-01	8.592737e-01	8.463281e-01
	8.328268e-01	8.187676e-01	8.041370e-01	7.889021e-01	7.730042e-01
	7.563631e-01	7.389399e-01	7.208383e-01	7.022604e-01	6.832899e-01
	6.638032e-01	6.436760e-01	6.229864e-01	6.019077e-01	5.804770e-01
	5.585556e-01	5.359512e-01	5.125112e-01	4.881316e-01	4.627037e-01
	4.360928e-01	4.080861e-01	3.786457e-01	3.478496e-01	3.158612e-01
	2.828604e-01	2.491664e-01	2.155825e-01	1.835343e-01	1.545445e-01
	1.294391e-01	1.081775e-01	9.027300e-02	7.518332e-02	6.245206e-02
	5.169929e-02	4.260961e-02	3.494628e-02	2.851194e-02	2.310498e-02
	1.854923e-02	1.470873e-02	1.147147e-02	8.754699e-03	6.517192e-03
	4.738060e-03	3.377260e-03	2.369785e-03	1.644847e-03	1.133345e-03
	7.739669e-04	5.219192e-04	3.468759e-04	2.273469e-04	1.473553e-04
	9.462938e-05	6.013321e-05	3.771549e-05	2.330592e-05	1.417209e-05
	8.468573e-06	4.962395e-06	2.844957e-06	1.592181e-06	8.670369e-07
	4.569942e-07	2.315265e-07	1.119710e-07	5.146335e-08	2.244623e-08
	9.272804e-09	3.623947e-09	1.320277e-09	4.395353e-10	1.306867e-10
	3.388442e-11	7.411366e-12	1.317454e-12	1.883248e-13	2.116145e-14
	1.897105e-15	1.471660e-16	1.090030e-17	8.494721e-19	7.499316e-20
	7.786587e-21	9.613886e-22	1.410157e-22	2.446416e-23	4.985237e-24
	1.183948e-24	3.278332e-25	1.076453e-25	4.286752e-26	2.066992e-26
	1.162131e-26	7.230068e-27	4.744494e-27	3.154452e-27	2.057316e-27
	1.287825e-27	7.683174e-28	4.403553e-28	2.459056e-28	1.352044e-28
	7.346493e-29	3.938829e-29	2.076139e-29	1.071738e-29	5.398668e-30
	2.642449e-30	1.247625e-30	5.589004e-31	2.271669e-31	7.141589e-32
	1.000000e-60
V [kg/(s*m^2)]
	1.519638e-01	1.461522e-01	1.404036e-01	1.347862e-01	1.293454e-01
	1.240978e-01	1.190484e-01	1.141988e-01	1.095472e-01	1.050886e-01
	1.008156e-01	9.671898e-02	9.278787e-02	8.901071e-02	8.537549e-02
	8.187023e-02	7.848323e-02	7.520330e-02	7.201989e-02	6.892321e-02
	6.590423e-02	6.295469e-02	6.006704e-02	5.723444e-02	5.445055e-02
	5.170925e-02	4.900413e-02	4.632755e-02	4.366955e-02	4.101730e-02
	3.835636e-02	3.568053e-02	3.300515e-02	3.035716e-02	2.774348e-02
	2.514247e-02	2.253482e-02	1.992855e-02	1.734223e-02	1.477612e-02
	1.220968e-02	9.617667e-03	6.980854e-03	4.286054e-03	1.519536e-03
	-1.338194e-03	-4.307833e-03	-7.401143e-03	-1.061754e-02	-1.395109e-02
	-1.739836e-02	-2.094596e-02	-2.453292e-02	-2.802960e-02	-3.128327e-02
	-3.420000e-02	-3.677101e-02	-3.903595e-02	-4.104329e-02	-4.283435e-02
	-4.444412e-02	-4.590234e-02	-4.722997e-02	-4.844388e-02	-4.956506e-02
	-5.061452e-02	-5.160997e-02	-5.256882e-02	-5.350617e-02	-5.442633e-02
	-5.532050e-02	-5.617694e-02	-5.698866e-02	-5.775053e-02	-5.846243e-02
	-5.913402e-02	-5.977630e-02	-6.039519e-02	-6.099204e-02	-6.156522e-02
	-6.211486e-02	-6.264498e-02	-6.316035e-02	-6.366416e-02	-6.415849e-02
	-6.464534e-02	-6.512710e-02	-6.560599e-02	-6.608392e-02	-6.656335e-02
	-6.704807e-02	-6.754279e-02	-6.805185e-02	-6.857764e-02	-6.912050e-02
	-6.968153e-02	-7.026097e-02	-7.086858e-02	-7.151754e-02	-7.222339e-02
	-7.300275e-02	-7.388033e-02	-7.489368e-02	-7.606241e-02	-7.743169e-02
	-7.904159e-02	-8.086654e-02	-8.284852e-02	-8.490950e-02	-8.697956e-02
	-8.902690e-02	-9.105335e-02	-9.307864e-02	-9.513061e-02	-9.724839e-02
	-9.949224e-02	-1.019427e-01	-1.046781e-01	-1.077291e-01	-1.110369e-01
	-1.144939e-01	-1.180461e-01	-1.217569e-01	-1.258033e-01	-1.304058e-01
	-1.357137e-01	-1.416952e-01	-1.481324e-01	-1.547633e-01	-1.614164e-01
	-1.680345e-01	-1.746343e-01	-1.812568e-01	-1.879384e-01	-1.947025e-01
	-2.015591e-01	-2.085081e-01	-2.155428e-01	-2.226500e-01	-2.297996e-01
	-2.369570e-01
density [kg/m^3]
	1.767629e+00	1.765437e+00	1.762597e+00	1.758916e+00	1.754149e+00
	1.747988e+00	1.740066e+00	1.729972e+00	1.717272e+00	1.701532e+00
	1.682356e+00	1.659424e+00	1.632523e+00	1.601576e+00	1.566660e+00
	1.528003e+00	1.485972e+00	1.441048e+00	1.393790e+00	1.344797e+00
	1.294673e+00	1.243994e+00	1.193286e+00	1.143009e+00	1.093548e+00
	1.045207e+00	9.982040e-01	9.526686e-01	9.086360e-01	8.660575e-01
	8.248393e-01	7.849997e-01	7.468352e-01	7.107263e-01	6.767110e-01
	6.444530e-01	6.136816e-01	5.844558e-01	5.569174e-01	5.309856e-01
	5.063874e-01	4.828490e-01	4.601932e-01	4.383224e-01	4.171545e-01
	3.965644e-01	3.765105e-01	3.569639e-01	3.380085e-01	3.197526e-01
	3.022730e-01	2.856763e-01	2.702356e-01	2.563931e-01	2.445154e-01
	2.346408e-01	2.265110e-01	2.197744e-01	2.141228e-01	2.093228e-01
	2.051961e-01	2.016046e-01	1.984506e-01	1.956584e-01	1.931531e-01
	1.908678e-01	1.887497e-01	1.867514e-01	1.848341e-01	1.829837e-01
	1.812131e-01	1.795415e-01	1.779797e-01	1.765354e-01	1.752080e-01
	1.739795e-01	1.728309e-01	1.717538e-01	1.707488e-01	1.698209e-01
	1.689716e-01	1.681963e-01	1.674899e-01	1.668508e-01	1.662795e-01
	1.657772e-01	1.653460e-01	1.649890e-01	1.647111e-01	1.645179e-01
	1.644166e-01	1.644162e-01	1.645285e-01	1.647651e-01	1.651333e-01
	1.656355e-01	1.662670e-01	1.670303e-01	1.679344e-01	1.689960e-01
	1.702388e-01	1.717094e-01	1.734919e-01	1.756633e-01	1.783831e-01
	1.818611e-01	1.862309e-01	1.915739e-01	1.978863e-01	2.051032e-01
	2.132024e-01	2.222523e-01	2.324103e-01	2.439177e-01	2.571524e-01
	2.727497e-01	2.916908e-01	3.152108e-01	3.443423e-01	3.792038e-01
	4.189949e-01	4.630253e-01	5.118118e-01	5.673806e-01	6.322181e-01
	7.069500e-01	7.879334e-01	8.676173e-01	9.386232e-01	9.971261e-01
	1.042819e+00	1.077270e+00	1.102565e+00	1.120702e+00	1.133408e+00
	1.142108e+00	1.147931e+00	1.151746e+00	1.154193e+00	1.155731e+00
	1.156679e+00
cp [J/m^3K]
	1.677129e+03	1.677333e+03	1.677663e+03	1.678217e+03	1.679136e+03
	1.680616e+03	1.682903e+03	1.686299e+03	1.691145e+03	1.697811e+03
	1.706671e+03	1.718084e+03	1.732370e+03	1.749784e+03	1.770505e+03
	1.794615e+03	1.822101e+03	1.852852e+03	1.886662e+03	1.923242e+03
	1.962235e+03	2.003227e+03	2.045765e+03	2.089368e+03	2.133547e+03
	2.177816e+03	2.221712e+03	2.264809e+03	2.306741e+03	2.347193e+03
	2.385866e+03	2.422330e+03	2.455893e+03	2.485850e+03	2.511876e+03
	2.533973e+03	2.552063e+03	2.565878e+03	2.575226e+03	2.580112e+03
	2.580579e+03	2.576566e+03	2.567899e+03	2.554343e+03	2.535593e+03
	2.511352e+03	2.478295e+03	2.435954e+03	2.387431e+03	2.332601e+03
	2.271470e+03	2.204439e+03	2.133134e+03	2.061013e+03	1.992379e+03
	1.930295e+03	1.875690e+03	1.828121e+03	1.786730e+03	1.750689e+03
	1.719247e+03	1.691736e+03	1.667656e+03	1.646583e+03	1.628035e+03
	1.611566e+03	1.596819e+03	1.583484e+03	1.571321e+03	1.560254e+03
	1.550340e+03	1.541617e+03	1.534025e+03	1.527465e+03	1.521795e+03
	1.516816e+03	1.512355e+03	1.508302e+03	1.504590e+03	1.501183e+03
	1.498039e+03	1.495105e+03	1.492330e+03	1.489682e+03	1.487140e+03
	1.484686e+03	1.482303e+03	1.479978e+03	1.477702e+03	1.475464e+03
	1.473245e+03	1.471024e+03	1.468779e+03	1.466494e+03	1.464155e+03
	1.461740e+03	1.459226e+03	1.456549e+03	1.453623e+03	1.450348e+03
	1.446612e+03	1.442253e+03	1.437027e+03	1.430760e+03	1.423110e+03
	1.413713e+03	1.402551e+03	1.389830e+03	1.375958e+03	1.361396e+03
	1.346416e+03	1.331083e+03	1.315333e+03	1.299037e+03	1.281979e+03
	1.263795e+03	1.244008e+03	1.222286e+03	1.198842e+03	1.171871e+03
	1.143871e+03	1.118409e+03	1.096430e+03	1.077558e+03	1.061362e+03
	1.047809e+03	1.037029e+03	1.028927e+03	1.023085e+03	1.018958e+03
	1.016060e+03	1.014025e+03	1.012597e+03	1.011600e+03	1.010911e+03
	1.010441e+03	1.010125e+03	1.009915e+03	1.009778e+03	1.009690e+03
	1.009633e+03
lambda [W/m]
	1.571348e-02	1.574750e-02	1.578959e-02	1.584229e-02	1.590902e-02
	1.599436e-02	1.610406e-02	1.624499e-02	1.642502e-02	1.665289e-02
	1.693789e-02	1.728960e-02	1.771758e-02	1.823102e-02	1.883848e-02
	1.954760e-02	2.036491e-02	2.129567e-02	2.234375e-02	2.351157e-02
	2.480006e-02	2.620876e-02	2.773586e-02	2.937830e-02	3.113203e-02
	3.299231e-02	3.495430e-02	3.701407e-02	3.916990e-02	4.142322e-02
	4.377794e-02	4.623149e-02	4.876081e-02	5.132965e-02	5.391943e-02
	5.654044e-02	5.920256e-02	6.188900e-02	6.457229e-02	6.724424e-02
	6.991885e-02	7.261551e-02	7.534718e-02	7.811976e-02	8.093805e-02
	8.380972e-02	8.668198e-02	8.954886e-02	9.247527e-02	9.543934e-02
	9.842113e-02	1.013929e-01	1.042918e-01	1.070123e-01	1.094495e-01
	1.115582e-01	1.133589e-01	1.149023e-01	1.162387e-01	1.174087e-01
	1.184444e-01	1.193720e-01	1.202103e-01	1.209736e-01	1.216783e-01
	1.223398e-01	1.229708e-01	1.235840e-01	1.241902e-01	1.247934e-01
	1.253882e-01	1.259660e-01	1.265202e-01	1.270446e-01	1.275356e-01
	1.279969e-01	1.284327e-01	1.288439e-01	1.292281e-01	1.295813e-01
	1.299011e-01	1.301876e-01	1.304412e-01	1.306608e-01	1.308448e-01
	1.309909e-01	1.310967e-01	1.311588e-01	1.311734e-01	1.311358e-01
	1.310403e-01	1.308798e-01	1.306459e-01	1.303314e-01	1.299322e-01
	1.294476e-01	1.288810e-01	1.282287e-01	1.274819e-01	1.266269e-01
	1.256459e-01	1.245068e-01	1.231546e-01	1.215499e-01	1.196086e-01
	1.172388e-01	1.144354e-01	1.112488e-01	1.077839e-01	1.041614e-01
	1.004574e-01	9.669686e-02	9.287302e-02	8.896448e-02	8.493137e-02
	8.070198e-02	7.618653e-02	7.133687e-02	6.623639e-02	6.102438e-02
	5.604432e-02	5.153369e-02	4.746997e-02	4.371413e-02	4.016747e-02
	3.686075e-02	3.393747e-02	3.153973e-02	2.970174e-02	2.835436e-02
	2.738959e-02	2.670659e-02	2.622710e-02	2.589394e-02	2.566547e-02
	2.551125e-02	2.540890e-02	2.534216e-02	2.529939e-02	2.527248e-02
	2.525581e-02
mu [kg/s^2m]
	8.255382e-06	8.263514e-06	8.274805e-06	8.290297e-06	8.311280e-06
	8.339377e-06	8.376550e-06	8.425071e-06	8.487481e-06	8.566522e-06
	8.665049e-06	8.785920e-06	8.931885e-06	9.105475e-06	9.308907e-06
	9.544011e-06	9.812179e-06	1.011435e-05	1.045103e-05	1.082230e-05
	1.122790e-05	1.166729e-05	1.213970e-05	1.264427e-05	1.318007e-05
	1.374627e-05	1.434231e-05	1.496819e-05	1.562486e-05	1.631457e-05
	1.704068e-05	1.780497e-05	1.860309e-05	1.942641e-05	2.027157e-05
	2.114459e-05	2.205181e-05	2.299064e-05	2.395419e-05	2.494175e-05
	2.596086e-05	2.702197e-05	2.813414e-05	2.930472e-05	3.054184e-05
	3.185691e-05	3.326295e-05	3.476952e-05	3.637964e-05	3.809216e-05
	3.990567e-05	4.181158e-05	4.377268e-05	4.570985e-05	4.752755e-05
	4.916305e-05	5.060452e-05	5.187086e-05	5.298822e-05	5.398003e-05
	5.486674e-05	5.566604e-05	5.639077e-05	5.705144e-05	5.766062e-05
	5.823070e-05	5.877215e-05	5.929523e-05	5.980890e-05	6.031621e-05
	6.081274e-05	6.129188e-05	6.174910e-05	6.218041e-05	6.258440e-05
	6.296515e-05	6.332747e-05	6.367326e-05	6.400177e-05	6.431070e-05
	6.459890e-05	6.486743e-05	6.511760e-05	6.534975e-05	6.556358e-05
	6.575858e-05	6.593419e-05	6.608951e-05	6.622325e-05	6.633397e-05
	6.642015e-05	6.647982e-05	6.651043e-05	6.650932e-05	6.647477e-05
	6.640658e-05	6.630630e-05	6.617454e-05	6.601049e-05	6.581155e-05
	6.557330e-05	6.528657e-05	6.493428e-05	6.450068e-05	6.395425e-05
	6.325545e-05	6.238523e-05	6.134200e-05	6.014727e-05	5.883674e-05
	5.743772e-05	5.596148e-05	5.440722e-05	5.276689e-05	5.102268e-05
	4.913981e-05	4.707073e-05	4.478184e-05	4.230044e-05	3.974144e-05
	3.724742e-05	3.489693e-05	3.267824e-05	3.052908e-05	2.840780e-05
	2.635072e-05	2.447258e-05	2.289442e-05	2.166425e-05	2.075244e-05
	2.009493e-05	1.962744e-05	1.929845e-05	1.906961e-05	1.891271e-05
	1.880690e-05	1.873683e-05	1.869129e-05	1.866223e-05	1.864407e-05
	1.863292e-05
mDot_C3H8 [kg/m^3s]
	0.000000e+00	-4.818878e-13	-1.032088e-12	-1.656617e-12	-2.362748e-12
	-3.186293e-12	-4.206708e-12	-5.562166e-12	-7.478433e-12	-1.032621e-11
	-1.473136e-11	-2.178520e-11	-3.345066e-11	-5.336291e-11	-8.844316e-11
	-1.522238e-10	-2.718411e-10	-5.030022e-10	-9.624530e-10	-1.898979e-09
	-3.848932e-09	-7.975065e-09	-1.679553e-08	-3.572217e-08	-7.622677e-08
	-1.621788e-07	-3.421823e-07	-7.130830e-07	-1.464279e-06	-2.961029e-06
	-5.899582e-06	-1.156920e-05	-2.220456e-05	-4.141141e-05	-7.494497e-05
	-1.323249e-04	-2.290119e-04	-3.882263e-04	-6.434095e-04	-1.044838e-03
	-1.672366e-03	-2.654291e-03	-4.195615e-03	-6.625634e-03	-1.048688e-02
	-1.670267e-02	-2.686934e-02	-4.374118e-02	-7.206056e-02	-1.200885e-01
	-2.025203e-01	-3.453350e-01	-5.910153e-01	-9.978600e-01	-1.626805e+00
	-2.523410e+00	-3.710985e+00	-5.192856e+00	-6.952419e+00	-8.951166e+00
	-1.113214e+01	-1.342296e+01	-1.572970e+01	-1.794307e+01	-1.995659e+01
	-2.166276e+01	-2.294793e+01	-2.369798e+01	-2.379996e+01	-2.316625e+01
	-2.179893e+01	-1.982478e+01	-1.745570e+01	-1.493302e+01	-1.246073e+01
	-1.015675e+01	-8.083398e+00	-6.280821e+00	-4.770101e+00	-3.550466e+00
	-2.595651e+00	-1.863710e+00	-1.312603e+00	-9.059514e-01	-6.123710e-01
	-4.050094e-01	-2.616839e-01	-1.648678e-01	-1.010866e-01	-6.014198e-02
	-3.455146e-02	-1.904163e-02	-9.997694e-03	-4.975951e-03	-2.341647e-03
	-1.038799e-03	-4.333935e-04	-1.675496e-04	-5.883042e-05	-1.832994e-05
	-4.944223e-06	-1.115782e-06	-2.026306e-07	-2.921120e-08	-3.255498e-09
	-2.831433e-10	-2.074732e-11	-1.410323e-12	-9.810215e-14	-7.540614e-15
	-6.662886e-16	-6.839593e-17	-8.125658e-18	-1.106781e-18	-1.703121e-19
	-2.901331e-20	-5.381025e-21	-1.088527e-21	-2.467195e-22	-6.512061e-23
	-2.041628e-23	-7.461719e-24	-3.018042e-24	-1.265683e-24	-5.203316e-25
	-2.034733e-25	-7.593042e-26	-2.776247e-26	-1.020003e-26	-3.803198e-27
	-1.433617e-27	-5.402230e-28	-2.008724e-28	-7.280024e-29	-2.541010e-29
	-8.423558e-30	-2.596872e-30	-7.147842e-31	-1.592458e-31	-2.067273e-32
	0.000000e+00
ScalarDissRate [1/s]
	1.545382e-05	2.824183e-05	7.941463e-05	2.118917e-04	5.339848e-04
	1.270693e-03	2.858480e-03	6.088159e-03	1.230203e-02	2.364071e-02
	4.332252e-02	7.592595e-02	1.276381e-01	2.064303e-01	3.221280e-01
	4.863534e-01	7.123307e-01	1.014561e+00	1.408379e+00	1.909416e+00
	2.532993e+00	3.293489e+00	4.203690e+00	5.274174e+00	6.512775e+00
	7.924251e+00	9.510238e+00	1.126976e+01	1.320025e+01	1.529843e+01
	1.755947e+01	1.996772e+01	2.248180e+01	2.504179e+01	2.760167e+01
	3.014071e+01	3.263381e+01	3.502854e+01	3.726553e+01	3.930616e+01
	4.112964e+01	4.271476e+01	4.403132e+01	4.504246e+01	4.571221e+01
	4.598852e+01	4.583240e+01	4.520410e+01	4.408231e+01	4.247792e+01
	4.041546e+01	3.795064e+01	3.519986e+01	3.235700e+01	2.963964e+01
	2.719460e+01	2.506519e+01	2.323030e+01	2.164933e+01	2.028275e+01
	1.909511e+01	1.805578e+01	1.714181e+01	1.633448e+01	1.561385e+01
	1.496172e+01	1.436354e+01	1.380630e+01	1.327945e+01	1.277915e+01
	1.230853e+01	1.187162e+01	1.146950e+01	1.110217e+01	1.076731e+01
	1.045844e+01	1.016904e+01	9.895377e+00	9.635991e+00	9.390827e+00
	9.159165e+00	8.938767e+00	8.727234e+00	8.522965e+00	8.324887e+00
	8.132027e+00	7.943323e+00	7.757817e+00	7.574734e+00	7.393126e+00
	7.211594e+00	7.028493e+00	6.842408e+00	6.652738e+00	6.459698e+00
	6.263321e+00	6.064016e+00	5.859096e+00	5.645105e+00	5.418318e+00
	5.175337e+00	4.911180e+00	4.618535e+00	4.297213e+00	3.942234e+00
	3.553275e+00	3.147586e+00	2.747052e+00	2.372277e+00	2.036218e+00
	1.741309e+00	1.483807e+00	1.258279e+00	1.059698e+00	8.835346e-01
	7.255318e-01	5.825341e-01	4.538661e-01	3.417542e-01	2.498062e-01
	1.789756e-01	1.264469e-01	8.770587e-02	5.879578e-02	3.731447e-02
	2.207662e-02	1.217266e-02	6.357384e-03	3.212516e-03	1.593340e-03
	7.791855e-04	3.748326e-04	1.765237e-04	8.101361e-05	3.611098e-05
	1.560169e-05	6.527867e-06	2.644912e-06	1.038392e-06	3.961081e-07
	2.287302e-07
ZBilger
	1.000000e+00	9.993199e-01	9.984164e-01	9.972475e-01	9.957724e-01
	9.939489e-01	9.917357e-01	9.890955e-01	9.859960e-01	9.824105e-01
	9.783180e-01	9.737029e-01	9.685543e-01	9.628656e-01	9.566339e-01
	9.498588e-01	9.425422e-01	9.346877e-01	9.262999e-01	9.173847e-01
	9.079483e-01	8.979971e-01	8.875378e-01	8.765768e-01	8.651198e-01
	8.531705e-01	8.407276e-01	8.277801e-01	8.142997e-01	8.002350e-01
	7.855161e-01	7.701092e-01	7.541067e-01	7.376880e-01	7.209272e-01
	7.037157e-01	6.859441e-01	6.676816e-01	6.490818e-01	6.301772e-01
	6.108459e-01	5.909183e-01	5.702606e-01	5.487814e-01	5.263854e-01
	5.029475e-01	4.782948e-01	4.523869e-01	4.252923e-01	3.971531e-01
	3.681243e-01	3.384791e-01	3.089108e-01	2.806525e-01	2.550190e-01
	2.327150e-01	2.136892e-01	1.975021e-01	1.836688e-01	1.717838e-01
	1.615120e-01	1.525772e-01	1.447773e-01	1.379484e-01	1.319176e-01
	1.265283e-01	1.216568e-01	1.171945e-01	1.130559e-01	1.092101e-01
	1.056770e-01	1.024761e-01	9.960002e-02	9.703119e-02	9.473637e-02
	9.265685e-02	9.073839e-02	8.894852e-02	8.727176e-02	8.570295e-02
	8.423367e-02	8.284705e-02	8.152637e-02	8.026093e-02	7.904402e-02
	7.787018e-02	7.673399e-02	7.563119e-02	7.455905e-02	7.351413e-02
	7.249055e-02	7.148115e-02	7.047965e-02	6.948295e-02	6.848983e-02
	6.749523e-02	6.649339e-02	6.546135e-02	6.437114e-02	6.319203e-02
	6.189320e-02	6.043251e-02	5.874937e-02	5.681661e-02	5.456855e-02
	5.195255e-02	4.902660e-02	4.590052e-02	4.271395e-02	3.959000e-02
	3.658930e-02	3.372077e-02	3.096936e-02	2.831347e-02	2.572438e-02
	2.316041e-02	2.057798e-02	1.796350e-02	1.536991e-02	1.291758e-02
	1.071893e-02	8.805916e-03	7.135834e-03	5.642548e-03	4.290718e-03
	3.100028e-03	2.122382e-03	1.388493e-03	8.785085e-04	5.414367e-04
	3.248887e-04	1.884058e-04	1.042227e-04	5.390632e-05	2.518753e-05
	9.867180e-06	2.511436e-06	-3.922754e-07	-1.023573e-06	-6.615360e-07
	0.000000e+00
ScalarDissRateBilger [1/s]
	2.405127e-03	3.310386e-03	5.893762e-03	1.017609e-02	1.700830e-02
	2.753747e-02	4.324832e-02	6.598460e-02	9.795948e-02	1.417497e-01
	2.002767e-01	2.767783e-01	3.747754e-01	4.980381e-01	6.505512e-01
	8.364839e-01	1.060162e+00	1.326041e+00	1.638687e+00	2.002747e+00
	2.422931e+00	2.903982e+00	3.450652e+00	4.067673e+00	4.759748e+00
	5.531605e+00	6.388170e+00	7.334987e+00	8.378926e+00	9.528921e+00
	1.079594e+01	1.218808e+01	1.370115e+01	1.532013e+01	1.703741e+01
	1.886254e+01	2.080475e+01	2.285267e+01	2.498295e+01	2.718325e+01
	2.945699e+01	3.181061e+01	3.424259e+01	3.674075e+01	3.926146e+01
	4.182260e+01	4.440266e+01	4.688047e+01	4.916869e+01	5.114649e+01
	5.267824e+01	5.361450e+01	5.381137e+01	5.320014e+01	5.185549e+01
	4.996246e+01	4.771288e+01	4.524650e+01	4.265466e+01	4.000056e+01
	3.732860e+01	3.467079e+01	3.205989e+01	2.952636e+01	2.708284e+01
	2.473265e+01	2.247979e+01	2.032503e+01	1.827310e+01	1.635114e+01
	1.460681e+01	1.307759e+01	1.177350e+01	1.068611e+01	9.790526e+00
	9.048707e+00	8.426450e+00	7.899467e+00	7.450059e+00	7.064103e+00
	6.727727e+00	6.426894e+00	6.149533e+00	5.886285e+00	5.629750e+00
	5.373844e+00	5.113647e+00	4.845868e+00	4.569389e+00	4.285207e+00
	3.996395e+00	3.708693e+00	3.431216e+00	3.176245e+00	2.956446e+00
	2.780274e+00	2.650258e+00	2.561032e+00	2.503627e+00	2.467005e+00
	2.439415e+00	2.409773e+00	2.368932e+00	2.311890e+00	2.236188e+00
	2.141890e+00	2.033059e+00	1.913435e+00	1.785576e+00	1.651529e+00
	1.512732e+00	1.370218e+00	1.224966e+00	1.078196e+00	9.312029e-01
	7.851070e-01	6.416051e-01	5.045437e-01	3.805407e-01	2.768151e-01
	1.961226e-01	1.360027e-01	9.174400e-02	5.910435e-02	3.547340e-02
	1.944502e-02	9.707443e-03	4.489260e-03	1.969227e-03	8.318320e-04
	3.389964e-04	1.320907e-04	4.844570e-05	1.637692e-05	4.954941e-06
	1.278854e-06	2.552925e-07	2.969940e-08	1.749686e-10	2.397310e-09
	4.004057e-09
ChiAnalytOverChiStoich
	1.000000e-10	1.000000e-10	1.000000e-10	3.696676e-03	1.314082e-02
	2.629754e-02	4.441303e-02	6.901193e-02	1.018920e-01	1.450945e-01
	2.008500e-01	2.715053e-01	3.594350e-01	4.669478e-01	5.961926e-01
	7.490716e-01	9.271652e-01	1.131673e+00	1.363371e+00	1.622584e+00
	1.909184e+00	2.222590e+00	2.561798e+00	2.925410e+00	3.311686e+00
	3.718629e+00	4.144112e+00	4.586085e+00	5.042818e+00	5.513040e+00
	5.995686e+00	6.487976e+00	6.982775e+00	7.470480e+00	7.945124e+00
	8.405830e+00	8.850861e+00	9.273462e+00	9.665484e+00	1.002210e+01
	1.034112e+01	1.061971e+01	1.085276e+01	1.103319e+01	1.115269e+01
	1.120166e+01	1.116871e+01	1.104117e+01	1.080746e+01	1.045918e+01
	9.991837e+00	9.407705e+00	8.725351e+00	7.988570e+00	7.256493e+00
	6.576596e+00	5.969914e+00	5.437920e+00	4.974309e+00	4.571240e+00
	4.220691e+00	3.915106e+00	3.648554e+00	3.415884e+00	3.211335e+00
	3.029579e+00	2.866356e+00	2.717911e+00	2.581302e+00	2.455403e+00
	2.340728e+00	2.237738e+00	2.145990e+00	2.064724e+00	1.992705e+00
	1.927938e+00	1.868626e+00	1.813686e+00	1.762578e+00	1.715088e+00
	1.670907e+00	1.629482e+00	1.590280e+00	1.552953e+00	1.517282e+00
	1.483087e+00	1.450192e+00	1.418460e+00	1.387799e+00	1.358099e+00
	1.329185e+00	1.300848e+00	1.272909e+00	1.245281e+00	1.217933e+00
	1.190726e+00	1.163510e+00	1.135675e+00	1.106497e+00	1.075205e+00
	1.041064e+00	1.003088e+00	9.598917e-01	9.110569e-01	8.553215e-01
	7.919629e-01	7.230898e-01	6.519422e-01	5.821374e-01	5.165044e-01
	4.561988e-01	4.011745e-01	3.509137e-01	3.048330e-01	2.623057e-01
	2.226099e-01	1.851534e-01	1.499102e-01	1.177101e-01	8.988526e-02
	6.717856e-02	4.919712e-02	3.488563e-02	2.320904e-02	1.356898e-02
	5.823743e-03	1.000000e-10	1.000000e-10	1.000000e-10	1.000000e-10
	1.000000e-10	1.000000e-10	1.000000e-10	1.000000e-10	1.000000e-10
	1.000000e-10	1.000000e-10	1.000000e-10	1.000000e-10	1.000000e-10
	1.000000e-10
ChiKWOverChiKWStoich
	5.987468e-11	5.988495e-11	5.989828e-11	2.214887e-03	7.876366e-03
	1.576996e-02	2.665018e-02	4.144443e-02	6.125332e-02	8.733765e-02
	1.210923e-01	1.640093e-01	2.176328e-01	2.835105e-01	3.631439e-01
	4.579410e-01	5.691727e-01	6.979365e-01	8.451253e-01	1.011404e+00
	1.197196e+00	1.402672e+00	1.627755e+00	1.872122e+00	2.135227e+00
	2.416341e+00	2.714635e+00	3.029316e+00	3.359819e+00	3.705935e+00
	4.067662e+00	4.443770e+00	4.829610e+00	5.218284e+00	5.605402e+00
	5.990615e+00	6.373004e+00	6.747332e+00	7.106739e+00	7.446973e+00
	7.766237e+00	8.062418e+00	8.331460e+00	8.567397e+00	8.763011e+00
	8.910005e+00	8.997849e+00	9.014265e+00	8.946371e+00	8.782737e+00
	8.514554e+00	8.137897e+00	7.661519e+00	7.116110e+00	6.549426e+00
	6.004671e+00	5.505335e+00	5.058057e+00	4.661531e+00	4.311915e+00
	4.004303e+00	3.733534e+00	3.495421e+00	3.286149e+00	3.101108e+00
	2.935886e+00	2.786897e+00	2.650925e+00	2.525420e+00	2.409461e+00
	2.303613e+00	2.208373e+00	2.123387e+00	2.047986e+00	1.981046e+00
	1.920729e+00	1.865367e+00	1.813948e+00	1.765969e+00	1.721228e+00
	1.679443e+00	1.640097e+00	1.602689e+00	1.566894e+00	1.532504e+00
	1.499347e+00	1.467257e+00	1.436098e+00	1.405780e+00	1.376189e+00
	1.347143e+00	1.318423e+00	1.289838e+00	1.261290e+00	1.232749e+00
	1.204095e+00	1.175209e+00	1.145495e+00	1.114232e+00	1.080651e+00
	1.044013e+00	1.003311e+00	9.571131e-01	9.050190e-01	8.457379e-01
	7.785742e-01	7.058534e-01	6.310912e-01	5.581702e-01	4.900886e-01
	4.280440e-01	3.719580e-01	3.212602e-01	2.753180e-01	2.334684e-01
	1.949782e-01	1.592745e-01	1.263510e-01	9.698001e-02	7.228665e-02
	5.272848e-02	3.771380e-02	2.613635e-02	1.699565e-02	9.709112e-03
	4.072375e-03	6.844282e-11	6.719863e-11	6.623215e-11	6.551835e-11
	6.500521e-11	6.464120e-11	6.438544e-11	6.420769e-11	6.408585e-11
	6.400367e-11	6.394921e-11	6.391378e-11	6.389114e-11	6.387695e-11
	6.386823e-11
ChiKWFact
	5.987468e-01	5.988495e-01	5.989828e-01	5.991562e-01	5.993816e-01
	5.996744e-01	6.000533e-01	6.005400e-01	6.011591e-01	6.019365e-01
	6.028993e-01	6.040742e-01	6.054859e-01	6.071568e-01	6.091051e-01
	6.113447e-01	6.138849e-01	6.167298e-01	6.198794e-01	6.233293e-01
	6.270722e-01	6.310981e-01	6.353956e-01	6.399521e-01	6.447553e-01
	6.497936e-01	6.550582e-01	6.605450e-01	6.662582e-01	6.722125e-01
	6.784315e-01	6.849238e-01	6.916462e-01	6.985206e-01	7.055147e-01
	7.126738e-01	7.200434e-01	7.275958e-01	7.352698e-01	7.430550e-01
	7.510051e-01	7.591940e-01	7.676814e-01	7.765112e-01	7.857305e-01
	7.954184e-01	8.056299e-01	8.164231e-01	8.277955e-01	8.397154e-01
	8.521510e-01	8.650247e-01	8.780758e-01	8.907865e-01	9.025607e-01
	9.130362e-01	9.221800e-01	9.301455e-01	9.371213e-01	9.432704e-01
	9.487317e-01	9.536229e-01	9.580292e-01	9.620201e-01	9.656757e-01
	9.690738e-01	9.722791e-01	9.753538e-01	9.783513e-01	9.812897e-01
	9.841439e-01	9.868777e-01	9.894675e-01	9.918932e-01	9.941494e-01
	9.962609e-01	9.982557e-01	1.000145e+00	1.001924e+00	1.003580e+00
	1.005109e+00	1.006514e+00	1.007803e+00	1.008977e+00	1.010032e+00
	1.010964e+00	1.011767e+00	1.012435e+00	1.012956e+00	1.013319e+00
	1.013510e+00	1.013511e+00	1.013299e+00	1.012855e+00	1.012165e+00
	1.011228e+00	1.010055e+00	1.008647e+00	1.006991e+00	1.005065e+00
	1.002832e+00	1.000223e+00	9.971052e-01	9.933726e-01	9.887953e-01
	9.830944e-01	9.761628e-01	9.680172e-01	9.588288e-01	9.488566e-01
	9.382840e-01	9.271727e-01	9.154962e-01	9.031764e-01	8.900622e-01
	8.758739e-01	8.602297e-01	8.428446e-01	8.238886e-01	8.042103e-01
	7.849005e-01	7.665854e-01	7.492011e-01	7.322860e-01	7.155371e-01
	6.992711e-01	6.844282e-01	6.719863e-01	6.623215e-01	6.551835e-01
	6.500521e-01	6.464120e-01	6.438544e-01	6.420769e-01	6.408585e-01
	6.400367e-01	6.394921e-01	6.391378e-01	6.389114e-01	6.387695e-01
	6.386823e-01
MolarMass [kg/kmole]
	4.409000e+01	4.404630e+01	4.399386e+01	4.393170e+01	4.385892e+01
	4.377452e+01	4.367761e+01	4.356743e+01	4.344345e+01	4.330536e+01
	4.315303e+01	4.298652e+01	4.280607e+01	4.261202e+01	4.240483e+01
	4.218502e+01	4.195318e+01	4.170993e+01	4.145591e+01	4.119177e+01
	4.091816e+01	4.063571e+01	4.034506e+01	4.004681e+01	3.974153e+01
	3.942972e+01	3.911174e+01	3.878773e+01	3.845738e+01	3.811995e+01
	3.777430e+01	3.742028e+01	3.706058e+01	3.669960e+01	3.633914e+01
	3.597705e+01	3.561135e+01	3.524384e+01	3.487778e+01	3.451388e+01
	3.414992e+01	3.378299e+01	3.341109e+01	3.303318e+01	3.264825e+01
	3.225293e+01	3.184935e+01	3.143582e+01	3.101442e+01	3.058821e+01
	3.016017e+01	2.973472e+01	2.932172e+01	2.893743e+01	2.859775e+01
	2.830959e+01	2.806998e+01	2.787157e+01	2.770705e+01	2.757055e+01
	2.745737e+01	2.736372e+01	2.728678e+01	2.722425e+01	2.717386e+01
	2.713373e+01	2.710245e+01	2.707897e+01	2.706262e+01	2.705306e+01
	2.704996e+01	2.705256e+01	2.705983e+01	2.707060e+01	2.708380e+01
	2.709873e+01	2.711498e+01	2.713220e+01	2.715005e+01	2.716816e+01
	2.718627e+01	2.720431e+01	2.722231e+01	2.724030e+01	2.725828e+01
	2.727631e+01	2.729446e+01	2.731281e+01	2.733147e+01	2.735055e+01
	2.737024e+01	2.739077e+01	2.741234e+01	2.743506e+01	2.745891e+01
	2.748383e+01	2.750968e+01	2.753666e+01	2.756504e+01	2.759511e+01
	2.762707e+01	2.766132e+01	2.769848e+01	2.773833e+01	2.778135e+01
	2.782764e+01	2.787560e+01	2.792351e+01	2.796982e+01	2.801360e+01
	2.805479e+01	2.809384e+01	2.813140e+01	2.816807e+01	2.820449e+01
	2.824153e+01	2.828018e+01	2.832123e+01	2.836463e+01	2.840912e+01
	2.845296e+01	2.849523e+01	2.853634e+01	2.857753e+01	2.861974e+01
	2.866235e+01	2.870293e+01	2.873854e+01	2.876755e+01	2.879004e+01
	2.880701e+01	2.881965e+01	2.882898e+01	2.883581e+01	2.884074e+01
	2.884427e+01	2.884675e+01	2.884848e+01	2.884968e+01	2.885050e+01
	2.885106e+01
TotalEnthalpy [J/kg]
	-2.352410e+06	-2.352139e+06	-2.351769e+06	-2.351262e+06	-2.350567e+06
	-2.349616e+06	-2.348323e+06	-2.346581e+06	-2.344266e+06	-2.341238e+06
	-2.337342e+06	-2.332418e+06	-2.326297e+06	-2.318812e+06	-2.309801e+06
	-2.299108e+06	-2.286590e+06	-2.272114e+06	-2.255566e+06	-2.236846e+06
	-2.215872e+06	-2.192579e+06	-2.166922e+06	-2.138870e+06	-2.108410e+06
	-2.075539e+06	-2.040258e+06	-2.002552e+06	-1.962367e+06	-1.919587e+06
	-1.874046e+06	-1.825701e+06	-1.774929e+06	-1.722420e+06	-1.668554e+06
	-1.613132e+06	-1.555966e+06	-1.497453e+06	-1.438270e+06	-1.378706e+06
	-1.318575e+06	-1.257571e+06	-1.195550e+06	-1.132546e+06	-1.068639e+06
	-1.003907e+06	-9.383422e+05	-8.725535e+05	-8.073786e+05	-7.438487e+05
	-6.829853e+05	-6.259606e+05	-5.744548e+05	-5.303959e+05	-4.948694e+05
	-4.673897e+05	-4.464120e+05	-4.302553e+05	-4.175692e+05	-4.073788e+05
	-3.989841e+05	-3.918837e+05	-3.857378e+05	-3.803079e+05	-3.753973e+05
	-3.708528e+05	-3.665656e+05	-3.624494e+05	-3.584457e+05	-3.545589e+05
	-3.508653e+05	-3.474621e+05	-3.444258e+05	-3.418153e+05	-3.396551e+05
	-3.379293e+05	-3.366216e+05	-3.357326e+05	-3.352669e+05	-3.352197e+05
	-3.355700e+05	-3.362916e+05	-3.373599e+05	-3.387475e+05	-3.404200e+05
	-3.423358e+05	-3.444459e+05	-3.466908e+05	-3.489959e+05	-3.512742e+05
	-3.534270e+05	-3.553368e+05	-3.568560e+05	-3.578051e+05	-3.579896e+05
	-3.572244e+05	-3.553467e+05	-3.521709e+05	-3.474465e+05	-3.408393e+05
	-3.319410e+05	-3.201917e+05	-3.047929e+05	-2.852651e+05	-2.609240e+05
	-2.315624e+05	-1.988219e+05	-1.653884e+05	-1.341167e+05	-1.069876e+05
	-8.464824e+04	-6.689383e+04	-5.321653e+04	-4.307649e+04	-3.596525e+04
	-3.142887e+04	-2.909299e+04	-2.858766e+04	-2.935338e+04	-3.054304e+04
	-3.126123e+04	-3.112519e+04	-3.008649e+04	-2.815158e+04	-2.529916e+04
	-2.160814e+04	-1.741985e+04	-1.327675e+04	-9.631253e+03	-6.670269e+03
	-4.372529e+03	-2.630013e+03	-1.325032e+03	-3.570244e+02	3.541359e+02
	8.710054e+02	1.242176e+03	1.505236e+03	1.689014e+03	1.815279e+03
	1.900584e+03
trailer
Lewis numbers evaluated at maximum consumption
N2	-1
O2	0.997825
@ Z = 0.0754112
H	0.169217
@ Z = 0.0969216
OH	0.666077
@ Z = 0.0854178
O	0.652118
@ Z = 0.0812893
H2	0.276454
@ Z = 0.0704412
H2O	-1
HO2	1.00266
@ Z = 0.00808404
H2O2	0.985137
@ Z = 0.0338603
CO	1.00149
@ Z = 0.0640515
CO2	1.28837
@ Z = 0.0909341
CH	0.604966
@ Z = 0.0722017
CHO	1.14485
@ Z = 0.0704412
CH2	0.875449
@ Z = 0.0754112
CH2O	1.15767
@ Z = 0.0738471
CH3	0.913485
@ Z = 0.0798631
CH4	0.921772
@ Z = 0.0969216
C2H6	1.33039
@ Z = 0.110225
C2H	1.18127
@ Z = 0.0754112
C2H2	1.19907
@ Z = 0.0826861
CHCO	0.805948
@ Z = 0.0784083
C3H3	1.62573
@ Z = 0.0812893
C2H3	1.21457
@ Z = 0.0909341
C2H4	1.21333
@ Z = 0.103943
C2H5	1.32384
@ Z = 0.0923694
C3H4	1.58567
@ Z = 0.0784083
C3H5	1.6311
@ Z = 0.076924
C3H6	1.69684
@ Z = 0.1126
N-C3H7	1.71187
@ Z = 0.103943
I-C3H7	1.05762
@ Z = 0.502941
C3H8	1.68421
@ Z = 0.127482
Lewis numbers evaluated at maximum formation
N2	-1
O2	1.00554
@ Z = 0.0136339
H	0.16693
@ Z = 0.0754112
OH	0.658505
@ Z = 0.0704412
O	0.641118
@ Z = 0.0613864
H2	0.278841
@ Z = 0.105929
H2O	0.742635
@ Z = 0.0754112
HO2	0.989124
@ Z = 0.0136339
H2O2	0.9865
@ Z = 0.0233658
CO	1.01625
@ Z = 0.0826861
CO2	1.27117
@ Z = 0.0685324
CH	0.610104
@ Z = 0.0826861
CHO	1.1545
@ Z = 0.0812893
CH2	0.881389
@ Z = 0.0854178
CH2O	1.1658
@ Z = 0.0840586
CH3	0.917658
@ Z = 0.100253
CH4	0.888933
@ Z = 0.134568
C2H6	1.26147
@ Z = 0.147071
C2H	1.19032
@ Z = 0.0895279
C2H2	1.19185
@ Z = 0.1126
CHCO	0.811098
@ Z = 0.0938412
C3H3	1.6317
@ Z = 0.0938412
C2H3	1.21085
@ Z = 0.110225
C2H4	1.15704
@ Z = 0.142543
C2H5	1.31182
@ Z = 0.117968
C3H4	1.59432
@ Z = 0.0938412
C3H5	1.64134
@ Z = 0.0909341
C3H6	1.52964
@ Z = 0.171493
N-C3H7	0.972089
@ Z = 0.709918
I-C3H7	1.01149
@ Z = 0.597118
C3H8	-1
Lewis numbers evaluated at maximum mass fraction
N2	0.921313
@ Z = 4.99994e-06
O2	1.05235
@ Z = 4.99994e-06
H	0.166027
@ Z = 0.0704412
OH	0.653418
@ Z = 0.0613864
O	0.636527
@ Z = 0.0512415
H2	0.270163
@ Z = 0.134568
H2O	0.749493
@ Z = 0.0923694
HO2	0.985464
@ Z = 0.0159594
H2O2	0.987858
@ Z = 0.0208982
CO	1.0186
@ Z = 0.103943
CO2	1.27748
@ Z = 0.0738471
CH	0.610558
@ Z = 0.0840586
CHO	1.15541
@ Z = 0.0826861
CH2	0.882575
@ Z = 0.0895279
CH2O	1.03856
@ Z = 0.179947
CH3	0.915756
@ Z = 0.108016
CH4	0.791284
@ Z = 0.189818
C2H6	1.09959
@ Z = 0.215365
C2H	1.19063
@ Z = 0.0909341
C2H2	1.11868
@ Z = 0.152101
CHCO	0.791421
@ Z = 0.130949
C3H3	1.63169
@ Z = 0.0985485
C2H3	1.20674
@ Z = 0.115178
C2H4	1.0261
@ Z = 0.201469
C2H5	1.30766
@ Z = 0.120962
C3H4	1.59264
@ Z = 0.103943
C3H5	1.3515
@ Z = 0.215365
C3H6	1.36424
@ Z = 0.232004
N-C3H7	0.965967
@ Z = 0.731314
I-C3H7	0.993821
@ Z = 0.642934
C3H8	0.822481
@ Z = 0.999945
