header

title = "planar counterflow diffusion flame"
author = ""
date = "Thu Jul 11 20:13:52 2013"

fuel = "C3H8"
pressure = 1 [bar]
strainrate = 660 [1/s]
chiStoichAnal = 18.6976 [1/s]
chiStoichAnalKW = 28.339 [1/s]
FlameLocZ = 0.0861334 [K]
FlameLocBilger = 0.0735724 [K]
Tmax = 1788 [K]
stoichScalarDissRate = 28.9637 [1/s]
stoichScalarDissRateBilger = 18.6705 [1/s]

OxidizerSide
begin
	Temperature = 300 [K]
	Massfraction-N2 = 0.76708
	Massfraction-O2 = 0.23292
	Molefraction-N2 = 0.79
	Molefraction-O2 = 0.21
end

FuelSide
begin
	Temperature = 300 [K]
	Massfraction-C3H8 = 1
	Molefraction-C3H8 = 1
end

numOfSpecies = 31
gridPoints = 141

body
eta
	0.000000e+00	1.841445e-01	3.656419e-01	5.414450e-01	7.095339e-01
	8.693952e-01	1.021104e+00	1.164852e+00	1.300927e+00	1.429682e+00
	1.551508e+00	1.666818e+00	1.776024e+00	1.879534e+00	1.977739e+00
	2.071008e+00	2.159681e+00	2.244076e+00	2.324485e+00	2.401179e+00
	2.474406e+00	2.544398e+00	2.611367e+00	2.675511e+00	2.737018e+00
	2.796066e+00	2.852834e+00	2.907507e+00	2.960289e+00	3.011404e+00
	3.061086e+00	3.109472e+00	3.156440e+00	3.201706e+00	3.245148e+00
	3.287010e+00	3.327792e+00	3.367945e+00	3.407605e+00	3.446575e+00
	3.484604e+00	3.521684e+00	3.558071e+00	3.594088e+00	3.629969e+00
	3.665850e+00	3.701847e+00	3.738111e+00	3.774797e+00	3.812000e+00
	3.849723e+00	3.887779e+00	3.925605e+00	3.962222e+00	3.996490e+00
	4.027536e+00	4.054979e+00	4.078919e+00	4.099794e+00	4.118167e+00
	4.134571e+00	4.149437e+00	4.163087e+00	4.175744e+00	4.187548e+00
	4.198588e+00	4.208941e+00	4.218655e+00	4.227735e+00	4.236184e+00
	4.244055e+00	4.251453e+00	4.258498e+00	4.265285e+00	4.271874e+00
	4.278303e+00	4.284611e+00	4.290837e+00	4.297019e+00	4.303182e+00
	4.309343e+00	4.315518e+00	4.321737e+00	4.328046e+00	4.334489e+00
	4.341096e+00	4.347860e+00	4.354748e+00	4.361721e+00	4.368742e+00
	4.375795e+00	4.382897e+00	4.390101e+00	4.397459e+00	4.404968e+00
	4.412568e+00	4.420209e+00	4.427903e+00	4.435733e+00	4.443846e+00
	4.452428e+00	4.461701e+00	4.471925e+00	4.483401e+00	4.496482e+00
	4.511559e+00	4.529001e+00	4.549062e+00	4.571762e+00	4.596835e+00
	4.623747e+00	4.651854e+00	4.680719e+00	4.710327e+00	4.741092e+00
	4.773699e+00	4.809003e+00	4.847924e+00	4.891255e+00	4.939608e+00
	4.993754e+00	5.054949e+00	5.124301e+00	5.201570e+00	5.285226e+00
	5.374248e+00	5.469746e+00	5.574856e+00	5.693358e+00	5.827273e+00
	5.974751e+00	6.131020e+00	6.291500e+00	6.454051e+00	6.618917e+00
	6.787055e+00	6.959110e+00	7.135320e+00	7.315346e+00	7.497584e+00
	7.680054e+00
y [m]
	-1.241985e-03	-1.223146e-03	-1.204547e-03	-1.186492e-03	-1.169177e-03
	-1.152645e-03	-1.136876e-03	-1.121834e-03	-1.107474e-03	-1.093741e-03
	-1.080576e-03	-1.067915e-03	-1.055696e-03	-1.043858e-03	-1.032341e-03
	-1.021090e-03	-1.010053e-03	-9.991860e-04	-9.884459e-04	-9.777956e-04
	-9.672021e-04	-9.566360e-04	-9.460715e-04	-9.354854e-04	-9.248567e-04
	-9.141652e-04	-9.033904e-04	-8.925087e-04	-8.814898e-04	-8.702948e-04
	-8.588764e-04	-8.472043e-04	-8.353109e-04	-8.232820e-04	-8.111746e-04
	-7.989473e-04	-7.864692e-04	-7.735998e-04	-7.602816e-04	-7.465684e-04
	-7.325489e-04	-7.182351e-04	-7.035330e-04	-6.883026e-04	-6.724214e-04
	-6.557942e-04	-6.383234e-04	-6.198809e-04	-6.003194e-04	-5.795087e-04
	-5.573598e-04	-5.339013e-04	-5.094334e-04	-4.846194e-04	-4.603643e-04
	-4.375121e-04	-4.166089e-04	-3.978317e-04	-3.810463e-04	-3.659567e-04
	-3.522357e-04	-3.396005e-04	-3.278331e-04	-3.167821e-04	-3.063576e-04
	-2.965043e-04	-2.871769e-04	-2.783499e-04	-2.700330e-04	-2.622391e-04
	-2.549327e-04	-2.480246e-04	-2.414102e-04	-2.350067e-04	-2.287618e-04
	-2.226410e-04	-2.166114e-04	-2.106360e-04	-2.046811e-04	-1.987236e-04
	-1.927491e-04	-1.867415e-04	-1.806725e-04	-1.745003e-04	-1.681800e-04
	-1.616851e-04	-1.550219e-04	-1.482248e-04	-1.413367e-04	-1.343941e-04
	-1.274182e-04	-1.203963e-04	-1.132784e-04	-1.060190e-04	-9.862709e-05
	-9.116510e-05	-8.368924e-05	-7.619369e-05	-6.860098e-05	-6.077830e-05
	-5.255535e-05	-4.373577e-05	-3.409625e-05	-2.338504e-05	-1.132207e-05
	2.382782e-06	1.796917e-05	3.553592e-05	5.494834e-05	7.581656e-05
	9.754616e-05	1.195026e-04	1.412684e-04	1.627758e-04	1.842507e-04
	2.060537e-04	2.285664e-04	2.521009e-04	2.767710e-04	3.024844e-04
	3.291437e-04	3.567750e-04	3.852105e-04	4.137477e-04	4.414772e-04
	4.680054e-04	4.937135e-04	5.194174e-04	5.458926e-04	5.734212e-04
	6.016060e-04	6.297469e-04	6.573705e-04	6.844569e-04	7.113148e-04
	7.382862e-04	7.656022e-04	7.933886e-04	8.216539e-04	8.501889e-04
	8.787135e-04
f
	-3.450188e+00	-3.301193e+00	-3.154284e+00	-3.011897e+00	-2.875633e+00
	-2.745868e+00	-2.622495e+00	-2.505302e+00	-2.393994e+00	-2.288220e+00
	-2.187589e+00	-2.091697e+00	-2.000136e+00	-1.912506e+00	-1.828425e+00
	-1.747536e+00	-1.669510e+00	-1.594046e+00	-1.520874e+00	-1.449748e+00
	-1.380451e+00	-1.312787e+00	-1.246583e+00	-1.181686e+00	-1.117955e+00
	-1.055260e+00	-9.934723e-01	-9.324518e-01	-8.720313e-01	-8.120086e-01
	-7.521543e-01	-6.923466e-01	-6.327902e-01	-5.739345e-01	-5.160503e-01
	-4.589237e-01	-4.019513e-01	-3.445419e-01	-2.865224e-01	-2.282144e-01
	-1.700587e-01	-1.121461e-01	-5.414212e-02	4.425759e-03	6.391557e-02
	1.245416e-01	1.864919e-01	2.500249e-01	3.154174e-01	3.828399e-01
	4.522907e-01	5.233928e-01	5.950113e-01	6.651412e-01	7.313968e-01
	7.918657e-01	8.456117e-01	8.926858e-01	9.338496e-01	9.701508e-01
	1.002605e+00	1.032043e+00	1.059087e+00	1.084168e+00	1.107555e+00
	1.129427e+00	1.149926e+00	1.169149e+00	1.187107e+00	1.203804e+00
	1.219344e+00	1.233940e+00	1.247827e+00	1.261192e+00	1.274153e+00
	1.286787e+00	1.299168e+00	1.311376e+00	1.323482e+00	1.335535e+00
	1.347565e+00	1.359608e+00	1.371719e+00	1.383983e+00	1.396488e+00
	1.409286e+00	1.422364e+00	1.435654e+00	1.449076e+00	1.462563e+00
	1.476077e+00	1.489650e+00	1.503383e+00	1.517371e+00	1.531602e+00
	1.545964e+00	1.560358e+00	1.574802e+00	1.589455e+00	1.604580e+00
	1.620517e+00	1.637664e+00	1.656474e+00	1.677469e+00	1.701242e+00
	1.728427e+00	1.759584e+00	1.795024e+00	1.834613e+00	1.877708e+00
	1.923232e+00	1.969977e+00	2.017145e+00	2.064655e+00	2.113095e+00
	2.163421e+00	2.216752e+00	2.274193e+00	2.336545e+00	2.404249e+00
	2.477880e+00	2.558548e+00	2.647036e+00	2.742432e+00	2.842497e+00
	2.945905e+00	3.053901e+00	3.169872e+00	3.297712e+00	3.439337e+00
	3.592764e+00	3.753300e+00	3.916668e+00	4.081105e+00	4.247170e+00
	4.416048e+00	4.588540e+00	4.764990e+00	4.945133e+00	5.127412e+00
	5.309882e+00
df/deta
	8.089298e-01	8.091154e-01	8.094303e-01	8.099254e-01	8.106648e-01
	8.117311e-01	8.132258e-01	8.152668e-01	8.179854e-01	8.215209e-01
	8.260155e-01	8.316073e-01	8.384248e-01	8.465819e-01	8.561735e-01
	8.672729e-01	8.799299e-01	8.941710e-01	9.099996e-01	9.273982e-01
	9.463306e-01	9.667443e-01	9.885733e-01	1.011741e+00	1.036163e+00
	1.061753e+00	1.088424e+00	1.116102e+00	1.144729e+00	1.174275e+00
	1.204735e+00	1.236056e+00	1.268014e+00	1.300240e+00	1.332447e+00
	1.364624e+00	1.396989e+00	1.429765e+00	1.462943e+00	1.496225e+00
	1.529246e+00	1.561841e+00	1.594083e+00	1.626110e+00	1.657975e+00
	1.689630e+00	1.720991e+00	1.751979e+00	1.782482e+00	1.812290e+00
	1.841077e+00	1.868342e+00	1.893352e+00	1.915259e+00	1.933429e+00
	1.947722e+00	1.958479e+00	1.966316e+00	1.971902e+00	1.975812e+00
	1.978475e+00	1.980192e+00	1.981171e+00	1.981556e+00	1.981452e+00
	1.980945e+00	1.980105e+00	1.978991e+00	1.977662e+00	1.976175e+00
	1.974569e+00	1.972866e+00	1.971069e+00	1.969175e+00	1.967184e+00
	1.965095e+00	1.962907e+00	1.960610e+00	1.958197e+00	1.955659e+00
	1.952991e+00	1.950186e+00	1.947227e+00	1.944091e+00	1.940748e+00
	1.937175e+00	1.933366e+00	1.929332e+00	1.925091e+00	1.920663e+00
	1.916058e+00	1.911267e+00	1.906251e+00	1.900971e+00	1.895426e+00
	1.889655e+00	1.883700e+00	1.877556e+00	1.871156e+00	1.864379e+00
	1.857056e+00	1.848977e+00	1.839886e+00	1.829470e+00	1.817352e+00
	1.803101e+00	1.786294e+00	1.766620e+00	1.744025e+00	1.718796e+00
	1.691562e+00	1.663120e+00	1.634080e+00	1.604629e+00	1.574544e+00
	1.543378e+00	1.510623e+00	1.475858e+00	1.438966e+00	1.400190e+00
	1.359858e+00	1.318214e+00	1.275926e+00	1.234601e+00	1.196150e+00
	1.161607e+00	1.130857e+00	1.103341e+00	1.078795e+00	1.057575e+00
	1.040337e+00	1.027302e+00	1.018002e+00	1.011598e+00	1.007274e+00
	1.004403e+00	1.002540e+00	1.001363e+00	1.000646e+00	1.000229e+00
	1.000000e+00
Z
	1.000000e+00	9.999306e-01	9.998086e-01	9.996041e-01	9.992775e-01
	9.987775e-01	9.980407e-01	9.969936e-01	9.955544e-01	9.936362e-01
	9.911503e-01	9.880101e-01	9.841336e-01	9.794465e-01	9.738838e-01
	9.673915e-01	9.599276e-01	9.514622e-01	9.419775e-01	9.314671e-01
	9.199356e-01	9.073975e-01	8.938766e-01	8.794042e-01	8.640183e-01
	8.477608e-01	8.306750e-01	8.128002e-01	7.941652e-01	7.747834e-01
	7.546533e-01	7.338050e-01	7.123861e-01	6.906471e-01	6.687863e-01
	6.468211e-01	6.246075e-01	6.019939e-01	5.789877e-01	5.557943e-01
	5.326692e-01	5.097280e-01	4.869163e-01	4.641272e-01	4.413060e-01
	4.184632e-01	3.956322e-01	3.728297e-01	3.500719e-01	3.274250e-01
	3.050191e-01	2.830960e-01	2.620860e-01	2.425754e-01	2.251165e-01
	2.100078e-01	1.972359e-01	1.865518e-01	1.775882e-01	1.699721e-01
	1.633881e-01	1.575962e-01	1.524233e-01	1.477496e-01	1.434964e-01
	1.396084e-01	1.360408e-01	1.327613e-01	1.297536e-01	1.270046e-01
	1.244862e-01	1.221556e-01	1.199683e-01	1.178907e-01	1.159012e-01
	1.139853e-01	1.121299e-01	1.103214e-01	1.085483e-01	1.068028e-01
	1.050799e-01	1.033746e-01	1.016786e-01	9.998050e-02	9.826888e-02
	9.653771e-02	9.478997e-02	9.303567e-02	9.128629e-02	8.955100e-02
	8.783458e-02	8.613335e-02	8.443500e-02	8.272890e-02	8.101763e-02
	7.931565e-02	7.763523e-02	7.597431e-02	7.431544e-02	7.263035e-02
	7.088454e-02	6.904034e-02	6.705737e-02	6.489312e-02	6.250428e-02
	5.985182e-02	5.691385e-02	5.370203e-02	5.027438e-02	4.673102e-02
	4.319579e-02	3.978226e-02	3.655426e-02	3.351548e-02	3.062918e-02
	2.784791e-02	2.513133e-02	2.245705e-02	1.983198e-02	1.728642e-02
	1.484948e-02	1.253808e-02	1.038381e-02	8.447881e-03	6.782671e-03
	5.389231e-03	4.225042e-03	3.241379e-03	2.408772e-03	1.722455e-03
	1.187316e-03	7.956354e-04	5.226334e-04	3.373900e-04	2.131658e-04
	1.307217e-04	7.685069e-05	4.235397e-05	2.079470e-05	7.715893e-06
	0.000000e+00
temperature [K]
	3.000000e+02	3.000904e+02	3.002491e+02	3.005149e+02	3.009392e+02
	3.015881e+02	3.025430e+02	3.038979e+02	3.057563e+02	3.082260e+02
	3.114145e+02	3.154230e+02	3.203416e+02	3.262461e+02	3.331947e+02
	3.412275e+02	3.503661e+02	3.606151e+02	3.719644e+02	3.843920e+02
	3.978667e+02	4.123509e+02	4.278035e+02	4.441818e+02	4.614442e+02
	4.795528e+02	4.984767e+02	5.181966e+02	5.387125e+02	5.600490e+02
	5.822538e+02	6.053482e+02	6.292300e+02	6.536843e+02	6.785499e+02
	7.038685e+02	7.298733e+02	7.568237e+02	7.848070e+02	8.136725e+02
	8.431915e+02	8.732943e+02	9.041324e+02	9.359469e+02	9.689340e+02
	1.003219e+03	1.038936e+03	1.076258e+03	1.115342e+03	1.156281e+03
	1.199047e+03	1.243354e+03	1.288405e+03	1.332800e+03	1.374869e+03
	1.413249e+03	1.447245e+03	1.476854e+03	1.502562e+03	1.525060e+03
	1.545017e+03	1.562986e+03	1.579384e+03	1.594505e+03	1.608539e+03
	1.621614e+03	1.633834e+03	1.645266e+03	1.655923e+03	1.665810e+03
	1.674985e+03	1.683570e+03	1.691699e+03	1.699469e+03	1.706940e+03
	1.714141e+03	1.721099e+03	1.727840e+03	1.734379e+03	1.740716e+03
	1.746835e+03	1.752716e+03	1.758343e+03	1.763702e+03	1.768763e+03
	1.773464e+03	1.777703e+03	1.781358e+03	1.784308e+03	1.786450e+03
	1.787703e+03	1.788000e+03	1.787269e+03	1.785420e+03	1.782378e+03
	1.778125e+03	1.772700e+03	1.766144e+03	1.758436e+03	1.749467e+03
	1.739037e+03	1.726859e+03	1.712562e+03	1.695692e+03	1.675714e+03
	1.652043e+03	1.624133e+03	1.591628e+03	1.554525e+03	1.513262e+03
	1.468716e+03	1.421978e+03	1.373849e+03	1.324483e+03	1.273383e+03
	1.219681e+03	1.162396e+03	1.100694e+03	1.034331e+03	9.638184e+02
	8.899557e+02	8.135625e+02	7.365138e+02	6.625171e+02	5.955479e+02
	5.374527e+02	4.876973e+02	4.449204e+02	4.082492e+02	3.777280e+02
	3.537535e+02	3.361087e+02	3.237608e+02	3.153583e+02	3.097122e+02
	3.059597e+02	3.035053e+02	3.019325e+02	3.009490e+02	3.003522e+02
	3.000000e+02
massfraction-N2
	1.000000e-60	7.045127e-04	1.650963e-03	2.879982e-03	4.425213e-03
	6.319540e-03	8.593050e-03	1.126952e-02	1.436636e-02	1.789510e-02
	2.186212e-02	2.626955e-02	3.111624e-02	3.639877e-02	4.211209e-02
	4.825005e-02	5.480576e-02	6.177183e-02	6.914069e-02	7.690476e-02
	8.505655e-02	9.358865e-02	1.024938e-01	1.117649e-01	1.213955e-01
	1.313806e-01	1.417175e-01	1.524082e-01	1.634631e-01	1.749034e-01
	1.867609e-01	1.990504e-01	2.117198e-01	2.246557e-01	2.377726e-01
	2.510907e-01	2.647285e-01	2.788156e-01	2.933880e-01	3.083563e-01
	3.235902e-01	3.390416e-01	3.547740e-01	3.709113e-01	3.874904e-01
	4.045649e-01	4.221555e-01	4.402965e-01	4.590182e-01	4.783078e-01
	4.980875e-01	5.181568e-01	5.380943e-01	5.572543e-01	5.749398e-01
	5.906552e-01	6.042256e-01	6.157607e-01	6.255461e-01	6.339159e-01
	6.411709e-01	6.475466e-01	6.532150e-01	6.582961e-01	6.628689e-01
	6.669905e-01	6.707096e-01	6.740644e-01	6.770786e-01	6.797749e-01
	6.821915e-01	6.843797e-01	6.863892e-01	6.882574e-01	6.900090e-01
	6.916613e-01	6.932295e-01	6.947283e-01	6.961703e-01	6.975642e-01
	6.989161e-01	7.002322e-01	7.015204e-01	7.027908e-01	7.040530e-01
	7.053123e-01	7.065671e-01	7.078112e-01	7.090376e-01	7.102411e-01
	7.114196e-01	7.125769e-01	7.137222e-01	7.148634e-01	7.159992e-01
	7.171208e-01	7.182208e-01	7.193013e-01	7.203742e-01	7.214580e-01
	7.225748e-01	7.237482e-01	7.250029e-01	7.263645e-01	7.278588e-01
	7.295083e-01	7.313241e-01	7.332964e-01	7.353859e-01	7.375272e-01
	7.396411e-01	7.416575e-01	7.435396e-01	7.452885e-01	7.469305e-01
	7.484982e-01	7.500207e-01	7.515182e-01	7.529959e-01	7.544462e-01
	7.558620e-01	7.572422e-01	7.585764e-01	7.598317e-01	7.609712e-01
	7.619826e-01	7.628811e-01	7.636898e-01	7.644207e-01	7.650654e-01
	7.656037e-01	7.660259e-01	7.663409e-01	7.665700e-01	7.667350e-01
	7.668531e-01	7.669367e-01	7.669950e-01	7.670351e-01	7.670619e-01
	7.670796e-01
massfraction-O2
	1.000000e-60	1.054714e-05	2.478632e-05	4.336194e-05	6.681539e-05
	9.567663e-05	1.304317e-04	1.714673e-04	2.190682e-04	2.734230e-04
	3.346351e-04	4.027360e-04	4.777013e-04	5.594656e-04	6.479346e-04
	7.429936e-04	8.445135e-04	9.523567e-04	1.066381e-03	1.186445e-03
	1.312409e-03	1.444133e-03	1.581483e-03	1.724329e-03	1.872552e-03
	2.026054e-03	2.184776e-03	2.348733e-03	2.518069e-03	2.693093e-03
	2.874273e-03	3.061824e-03	3.254931e-03	3.451862e-03	3.651312e-03
	3.853589e-03	4.060493e-03	4.273982e-03	4.494598e-03	4.720980e-03
	4.951162e-03	5.184426e-03	5.421743e-03	5.665001e-03	5.914760e-03
	6.171857e-03	6.436634e-03	6.709654e-03	6.991440e-03	7.281900e-03
	7.580008e-03	7.882953e-03	8.184662e-03	8.475709e-03	8.745852e-03
	8.987784e-03	9.198923e-03	9.380940e-03	9.538215e-03	9.675988e-03
	9.799154e-03	9.911783e-03	1.001714e-02	1.011782e-02	1.021588e-02
	1.031305e-02	1.041096e-02	1.051099e-02	1.061395e-02	1.072023e-02
	1.083057e-02	1.094642e-02	1.106979e-02	1.120280e-02	1.134734e-02
	1.150525e-02	1.167862e-02	1.187008e-02	1.208264e-02	1.231948e-02
	1.258393e-02	1.287990e-02	1.321256e-02	1.358895e-02	1.401794e-02
	1.450897e-02	1.507042e-02	1.570864e-02	1.642863e-02	1.723485e-02
	1.813240e-02	1.913031e-02	2.024425e-02	2.149184e-02	2.288257e-02
	2.441332e-02	2.607689e-02	2.787592e-02	2.983079e-02	3.198108e-02
	3.438471e-02	3.711714e-02	4.027303e-02	4.396771e-02	4.833714e-02
	5.352932e-02	5.967512e-02	6.684029e-02	7.497130e-02	8.387362e-02
	9.323290e-02	1.026996e-01	1.120195e-01	1.210996e-01	1.299790e-01
	1.387482e-01	1.474913e-01	1.562449e-01	1.649555e-01	1.734965e-01
	1.817534e-01	1.896591e-01	1.970926e-01	2.038212e-01	2.096358e-01
	2.145092e-01	2.185754e-01	2.219980e-01	2.248778e-01	2.272326e-01
	2.290501e-01	2.303638e-01	2.312664e-01	2.318691e-01	2.322665e-01
	2.325255e-01	2.326917e-01	2.327961e-01	2.328602e-01	2.328983e-01
	2.329204e-01
massfraction-H
	1.000000e-60	1.789144e-17	3.698615e-17	5.723089e-17	7.874480e-17
	1.021340e-16	1.286658e-16	1.605045e-16	2.011172e-16	2.559483e-16
	3.335992e-16	4.478962e-16	6.215036e-16	8.922135e-16	1.323873e-15
	2.025308e-15	3.182872e-15	5.115881e-15	8.369614e-15	1.386845e-14
	2.316206e-14	3.881056e-14	6.496887e-14	1.082464e-13	1.789349e-13
	2.927251e-13	4.730855e-13	7.546122e-13	1.187937e-12	1.847181e-12
	2.841425e-12	4.329193e-12	6.529616e-12	9.732644e-12	1.433222e-11
	2.091007e-11	3.037730e-11	4.415056e-11	6.432214e-11	9.383229e-11
	1.368268e-10	1.995340e-10	2.918751e-10	4.299366e-10	6.396931e-10
	9.636451e-10	1.473076e-09	2.291549e-09	3.639136e-09	5.916706e-09
	9.872586e-09	1.692130e-08	2.969276e-08	5.287325e-08	9.438200e-08
	1.669607e-07	2.898494e-07	4.895036e-07	7.989337e-07	1.256469e-06
	1.904818e-06	2.789791e-06	3.958052e-06	5.452790e-06	7.306685e-06
	9.537370e-06	1.214765e-05	1.512110e-05	1.841244e-05	2.195627e-05
	2.569868e-05	2.961872e-05	3.372070e-05	3.801293e-05	4.249527e-05
	4.716130e-05	5.200803e-05	5.703979e-05	6.226195e-05	6.767278e-05
	7.326302e-05	7.902426e-05	8.495860e-05	9.108042e-05	9.740422e-05
	1.039209e-04	1.105797e-04	1.172932e-04	1.239594e-04	1.304792e-04
	1.367685e-04	1.427735e-04	1.484672e-04	1.538087e-04	1.587122e-04
	1.630705e-04	1.668094e-04	1.699105e-04	1.723876e-04	1.742511e-04
	1.754818e-04	1.760149e-04	1.757298e-04	1.744425e-04	1.718991e-04
	1.677823e-04	1.617558e-04	1.535690e-04	1.432070e-04	1.309985e-04
	1.175996e-04	1.038056e-04	9.026298e-05	7.731798e-05	6.507005e-05
	5.352338e-05	4.269802e-05	3.269772e-05	2.374917e-05	1.613959e-05
	1.008182e-05	5.646654e-06	2.764908e-06	1.172115e-06	4.339751e-07
	1.415135e-07	4.047737e-08	1.025130e-08	2.505658e-09	6.987813e-10
	2.392960e-10	9.405995e-11	3.967897e-11	1.730482e-11	7.573826e-12
	3.230644e-12	1.298782e-12	4.678985e-13	1.366803e-13	2.458622e-14
	1.000000e-60
massfraction-OH
	1.000000e-60	7.850893e-21	4.260492e-20	1.292495e-19	3.071843e-19
	6.388365e-19	1.224900e-18	2.231249e-18	3.938888e-18	6.836675e-18
	1.179431e-17	2.038696e-17	3.550757e-17	6.252464e-17	1.114669e-16
	2.011214e-16	3.666457e-16	6.735132e-16	1.242646e-15	2.294861e-15
	4.227879e-15	7.746920e-15	1.408163e-14	2.533942e-14	4.507149e-14
	7.916829e-14	1.372676e-13	2.349787e-13	3.974532e-13	6.652134e-13
	1.103757e-12	1.817788e-12	2.967842e-12	4.789878e-12	7.633071e-12
	1.204419e-11	1.892677e-11	2.978819e-11	4.706811e-11	7.456473e-11
	1.181573e-10	1.873346e-10	2.981803e-10	4.785881e-10	7.771293e-10
	1.279372e-09	2.139411e-09	3.642430e-09	6.328354e-09	1.123730e-08
	2.040360e-08	3.780339e-08	7.092838e-08	1.328588e-07	2.442613e-07
	4.350986e-07	7.467521e-07	1.235403e-06	1.976961e-06	3.072580e-06
	4.654381e-06	6.890125e-06	9.985889e-06	1.418273e-05	1.974175e-05
	2.692784e-05	3.600019e-05	4.717999e-05	6.058191e-05	7.620136e-05
	9.402386e-05	1.141496e-04	1.368058e-04	1.622674e-04	1.907847e-04
	2.225830e-04	2.579212e-04	2.971326e-04	3.405937e-04	3.886580e-04
	4.416383e-04	4.998772e-04	5.638651e-04	6.343109e-04	7.120605e-04
	7.978148e-04	8.918084e-04	9.937049e-04	1.102759e-03	1.218011e-03
	1.338459e-03	1.463440e-03	1.592752e-03	1.725874e-03	1.860931e-03
	1.994747e-03	2.124133e-03	2.247028e-03	2.362495e-03	2.470049e-03
	2.568879e-03	2.657192e-03	2.731742e-03	2.787430e-03	2.817068e-03
	2.811525e-03	2.760882e-03	2.657178e-03	2.498276e-03	2.290707e-03
	2.049487e-03	1.793957e-03	1.541116e-03	1.301661e-03	1.080638e-03
	8.803951e-04	7.025760e-04	5.487324e-04	4.198731e-04	3.148273e-04
	2.296334e-04	1.598800e-04	1.040258e-04	6.325858e-05	3.726465e-05
	2.232004e-05	1.394833e-05	9.068962e-06	6.037688e-06	4.062098e-06
	2.750962e-06	1.877522e-06	1.290905e-06	8.894053e-07	6.079554e-07
	4.071372e-07	2.628575e-07	1.594226e-07	8.600852e-08	3.488055e-08
	1.000000e-60
massfraction-O
	1.000000e-60	7.505031e-22	3.154149e-21	8.006037e-21	1.605114e-20
	2.812262e-20	4.534249e-20	6.946378e-20	1.034482e-19	1.523840e-19
	2.249893e-19	3.361715e-19	5.114872e-19	7.949653e-19	1.262785e-18
	2.046998e-18	3.376161e-18	5.643873e-18	9.522226e-18	1.614558e-17
	2.740092e-17	4.637429e-17	7.801823e-17	1.301233e-16	2.147012e-16
	3.499311e-16	5.629116e-16	8.936713e-16	1.401317e-15	2.173881e-15
	3.344476e-15	5.114427e-15	7.779102e-15	1.176354e-14	1.770502e-14
	2.664048e-14	4.036684e-14	6.205574e-14	9.724216e-14	1.554490e-13
	2.532255e-13	4.205198e-13	7.140258e-13	1.244286e-12	2.230518e-12
	4.116299e-12	7.823781e-12	1.533360e-11	3.103599e-11	6.494202e-11
	1.404975e-10	3.134312e-10	7.143725e-10	1.635072e-09	3.680534e-09
	8.005222e-09	1.661800e-08	3.266269e-08	6.058646e-08	1.062330e-07
	1.769763e-07	2.818846e-07	4.318532e-07	6.395172e-07	9.186955e-07
	1.283917e-06	1.750471e-06	2.333394e-06	3.044447e-06	3.891578e-06
	4.884693e-06	6.043001e-06	7.397292e-06	8.987355e-06	1.085946e-05
	1.306791e-05	1.568139e-05	1.879009e-05	2.250928e-05	2.698037e-05
	3.237560e-05	3.891341e-05	4.688640e-05	5.669719e-05	6.888658e-05
	8.412998e-05	1.031977e-04	1.269070e-04	1.560985e-04	1.916185e-04
	2.343141e-04	2.851561e-04	3.453764e-04	4.161926e-04	4.980857e-04
	5.903290e-04	6.914221e-04	8.000344e-04	9.155408e-04	1.037980e-03
	1.167668e-03	1.304664e-03	1.448244e-03	1.596269e-03	1.744479e-03
	1.885712e-03	2.009324e-03	2.101833e-03	2.149477e-03	2.142342e-03
	2.078087e-03	1.962929e-03	1.808284e-03	1.625663e-03	1.423991e-03
	1.210367e-03	9.920302e-04	7.781762e-04	5.807153e-04	4.114807e-04
	2.772345e-04	1.780645e-04	1.099429e-04	6.673499e-05	4.117068e-05
	2.648430e-05	1.784943e-05	1.246325e-05	8.869613e-06	6.349470e-06
	4.544191e-06	3.247127e-06	2.314270e-06	1.638177e-06	1.142300e-06
	7.761183e-07	5.063085e-07	3.093651e-07	1.678051e-07	6.833089e-08
	1.000000e-60
massfraction-H2
	1.000000e-60	2.340589e-05	4.856817e-05	7.503734e-05	1.023865e-04
	1.303577e-04	1.587778e-04	1.874994e-04	2.164042e-04	2.454029e-04
	2.744325e-04	3.034529e-04	3.324429e-04	3.613971e-04	3.903218e-04
	4.192314e-04	4.481452e-04	4.770858e-04	5.060776e-04	5.351459e-04
	5.643158e-04	5.936120e-04	6.230581e-04	6.526772e-04	6.824925e-04
	7.125296e-04	7.428192e-04	7.734033e-04	8.043444e-04	8.357304e-04
	8.676724e-04	9.002325e-04	9.332973e-04	9.666060e-04	9.999813e-04
	1.033517e-03	1.067548e-03	1.102424e-03	1.138261e-03	1.174869e-03
	1.211966e-03	1.249478e-03	1.287601e-03	1.326702e-03	1.366873e-03
	1.408327e-03	1.451180e-03	1.495595e-03	1.541744e-03	1.589707e-03
	1.639424e-03	1.690536e-03	1.742095e-03	1.792489e-03	1.839818e-03
	1.882534e-03	1.919826e-03	1.951611e-03	1.978309e-03	2.000516e-03
	2.018767e-03	2.033434e-03	2.044718e-03	2.052693e-03	2.057366e-03
	2.058751e-03	2.056912e-03	2.051978e-03	2.044188e-03	2.033895e-03
	2.021456e-03	2.007104e-03	1.990935e-03	1.972982e-03	1.953280e-03
	1.931878e-03	1.908795e-03	1.884003e-03	1.857454e-03	1.829121e-03
	1.799009e-03	1.767107e-03	1.733330e-03	1.697499e-03	1.659389e-03
	1.618873e-03	1.576041e-03	1.531201e-03	1.484760e-03	1.437122e-03
	1.388611e-03	1.339327e-03	1.289112e-03	1.237851e-03	1.185841e-03
	1.133771e-03	1.082285e-03	1.031587e-03	9.814045e-04	9.311592e-04
	8.801569e-04	8.277361e-04	7.733471e-04	7.166404e-04	6.575671e-04
	5.965394e-04	5.346527e-04	4.737519e-04	4.161835e-04	3.641911e-04
	3.193420e-04	2.821520e-04	2.520545e-04	2.278351e-04	2.081607e-04
	1.918988e-04	1.781650e-04	1.662713e-04	1.556783e-04	1.459317e-04
	1.366090e-04	1.273356e-04	1.179173e-04	1.084518e-04	9.920561e-05
	9.033365e-05	8.175655e-05	7.326780e-05	6.470562e-05	5.611145e-05
	4.776401e-05	4.000072e-05	3.301999e-05	2.683709e-05	2.136541e-05
	1.651531e-05	1.222579e-05	8.454900e-06	5.173003e-06	2.363736e-06
	1.000000e-60
massfraction-H2O
	1.000000e-60	1.175453e-04	2.755418e-04	4.807702e-04	7.388008e-04
	1.055011e-03	1.434215e-03	1.880052e-03	2.394951e-03	2.980185e-03
	3.635982e-03	4.361662e-03	5.155814e-03	6.016462e-03	6.941203e-03
	7.927327e-03	8.971913e-03	1.007192e-02	1.122426e-02	1.242591e-02
	1.367394e-02	1.496554e-02	1.629806e-02	1.766908e-02	1.907641e-02
	2.051825e-02	2.199329e-02	2.350105e-02	2.504232e-02	2.661944e-02
	2.823613e-02	2.989386e-02	3.158518e-02	3.329502e-02	3.501256e-02
	3.674108e-02	3.849643e-02	4.029536e-02	4.214243e-02	4.402645e-02
	4.593152e-02	4.785243e-02	4.979788e-02	5.178422e-02	5.381597e-02
	5.590083e-02	5.804221e-02	6.024538e-02	6.251533e-02	6.485217e-02
	6.724849e-02	6.968241e-02	7.210540e-02	7.444116e-02	7.660572e-02
	7.853781e-02	8.021388e-02	8.164476e-02	8.286308e-02	8.390806e-02
	8.481531e-02	8.561269e-02	8.632040e-02	8.695222e-02	8.751691e-02
	8.802061e-02	8.846852e-02	8.886472e-02	8.921180e-02	8.951260e-02
	8.977200e-02	8.999624e-02	9.019102e-02	9.036035e-02	9.050666e-02
	9.063151e-02	9.073604e-02	9.082113e-02	9.088719e-02	9.093416e-02
	9.096168e-02	9.096921e-02	9.095593e-02	9.092051e-02	9.086092e-02
	9.077464e-02	9.065923e-02	9.051286e-02	9.033439e-02	9.012315e-02
	8.987852e-02	8.959887e-02	8.928060e-02	8.891945e-02	8.851348e-02
	8.806443e-02	8.757524e-02	8.704580e-02	8.647058e-02	8.583820e-02
	8.513170e-02	8.432874e-02	8.340089e-02	8.231291e-02	8.102223e-02
	7.948062e-02	7.764184e-02	7.547499e-02	7.298073e-02	7.019950e-02
	6.720888e-02	6.410235e-02	6.095049e-02	5.777652e-02	5.455991e-02
	5.125869e-02	4.782773e-02	4.423489e-02	4.048306e-02	3.661201e-02
	3.266688e-02	2.867980e-02	2.471809e-02	2.092605e-02	1.746190e-02
	1.439508e-02	1.169314e-02	9.290431e-03	7.151877e-03	5.299534e-03
	3.784240e-03	2.623867e-03	1.780498e-03	1.185572e-03	7.717082e-04
	4.871137e-04	2.945063e-04	1.667367e-04	8.396965e-05	3.188979e-05
	1.000000e-60
massfraction-HO2
	1.000000e-60	1.677088e-08	3.946851e-08	6.915567e-08	1.067459e-07
	1.531541e-07	2.092508e-07	2.757774e-07	3.533449e-07	4.424451e-07
	5.434656e-07	6.567080e-07	7.824064e-07	9.207443e-07	1.071864e-06
	1.235871e-06	1.412835e-06	1.602793e-06	1.805747e-06	2.021672e-06
	2.250511e-06	2.492177e-06	2.746554e-06	3.013500e-06	3.292854e-06
	3.584460e-06	3.888198e-06	4.204051e-06	4.532209e-06	4.873143e-06
	5.227582e-06	5.595691e-06	5.975515e-06	6.363163e-06	6.755474e-06
	7.152362e-06	7.556533e-06	7.970762e-06	8.394766e-06	8.824359e-06
	9.254114e-06	9.680960e-06	1.010480e-05	1.052680e-05	1.094511e-05
	1.135772e-05	1.176075e-05	1.214925e-05	1.251651e-05	1.285309e-05
	1.314704e-05	1.338457e-05	1.355260e-05	1.364491e-05	1.366745e-05
	1.363604e-05	1.356721e-05	1.347083e-05	1.334890e-05	1.319843e-05
	1.301452e-05	1.279257e-05	1.252959e-05	1.222519e-05	1.188243e-05
	1.150755e-05	1.110881e-05	1.069607e-05	1.028099e-05	9.874720e-06
	9.484286e-06	9.111783e-06	8.756733e-06	8.418691e-06	8.098161e-06
	7.796107e-06	7.513215e-06	7.249816e-06	7.006379e-06	6.783844e-06
	6.583463e-06	6.406395e-06	6.253550e-06	6.125860e-06	6.024813e-06
	5.952769e-06	5.912607e-06	5.906877e-06	5.937164e-06	6.004033e-06
	6.107360e-06	6.247188e-06	6.424710e-06	6.641874e-06	6.899421e-06
	7.195682e-06	7.528192e-06	7.896841e-06	8.305942e-06	8.764962e-06
	9.288818e-06	9.898378e-06	1.062186e-05	1.149656e-05	1.257066e-05
	1.390286e-05	1.555629e-05	1.758586e-05	2.002242e-05	2.286397e-05
	2.607528e-05	2.960319e-05	3.341443e-05	3.752922e-05	4.203062e-05
	4.704678e-05	5.272155e-05	5.915316e-05	6.625810e-05	7.359427e-05
	8.020986e-05	8.443439e-05	8.367752e-05	7.537861e-05	5.991889e-05
	4.178745e-05	2.593917e-05	1.465957e-05	7.778068e-06	4.033435e-06
	2.124680e-06	1.162432e-06	6.624723e-07	3.890240e-07	2.312604e-07
	1.365362e-07	7.843798e-08	4.262140e-08	2.073045e-08	7.636885e-09
	1.000000e-60
massfraction-H2O2
	1.000000e-60	2.056008e-09	4.843835e-09	8.491883e-09	1.310292e-08
	1.876850e-08	2.555896e-08	3.350894e-08	4.261430e-08	5.283190e-08
	6.408200e-08	7.625272e-08	8.920644e-08	1.027871e-07	1.168275e-07
	1.311557e-07	1.456013e-07	1.600001e-07	1.741978e-07	1.880528e-07
	2.014369e-07	2.142358e-07	2.263486e-07	2.376869e-07	2.481743e-07
	2.577448e-07	2.663424e-07	2.739198e-07	2.804364e-07	2.858541e-07
	2.901311e-07	2.932105e-07	2.950246e-07	2.955297e-07	2.947244e-07
	2.926168e-07	2.891749e-07	2.843166e-07	2.779562e-07	2.700663e-07
	2.606776e-07	2.498046e-07	2.373861e-07	2.233178e-07	2.074660e-07
	1.897880e-07	1.702899e-07	1.490652e-07	1.263897e-07	1.028744e-07
	7.958419e-08	5.806198e-08	4.006098e-08	2.679033e-08	1.820418e-08
	1.318243e-08	1.037564e-08	8.780889e-09	7.815994e-09	7.184897e-09
	6.747377e-09	6.443113e-09	6.255221e-09	6.194638e-09	6.293470e-09
	6.601331e-09	7.183249e-09	8.116083e-09	9.478219e-09	1.133949e-08
	1.376754e-08	1.684784e-08	2.069611e-08	2.545440e-08	3.128123e-08
	3.835114e-08	4.686952e-08	5.709018e-08	6.931845e-08	8.390248e-08
	1.012341e-07	1.217817e-07	1.461570e-07	1.751913e-07	2.099739e-07
	2.517997e-07	3.020526e-07	3.621310e-07	4.334957e-07	5.177641e-07
	6.168529e-07	7.334192e-07	8.713663e-07	1.035519e-06	1.230333e-06
	1.458906e-06	1.723745e-06	2.028916e-06	2.381981e-06	2.795315e-06
	3.287240e-06	3.883389e-06	4.619102e-06	5.542711e-06	6.720052e-06
	8.239043e-06	1.021024e-05	1.275829e-05	1.599310e-05	1.995027e-05
	2.449919e-05	2.929146e-05	3.385475e-05	3.776932e-05	4.077265e-05
	4.275885e-05	4.374698e-05	4.384279e-05	4.318676e-05	4.188220e-05
	3.992806e-05	3.722758e-05	3.372279e-05	2.957599e-05	2.516208e-05
	2.085134e-05	1.685151e-05	1.323066e-05	1.001806e-05	7.274797e-06
	5.074398e-06	3.427337e-06	2.260240e-06	1.459757e-06	9.199520e-07
	5.613348e-07	3.277150e-07	1.791060e-07	8.713893e-08	3.204031e-08
	1.000000e-60
massfraction-CO
	1.000000e-60	6.561650e-05	1.539377e-04	2.688322e-04	4.135182e-04
	5.911388e-04	8.045665e-04	1.056069e-03	1.347300e-03	1.679342e-03
	2.052773e-03	2.467756e-03	2.924128e-03	3.421500e-03	3.959320e-03
	4.536926e-03	5.153582e-03	5.808508e-03	6.500903e-03	7.229969e-03
	7.994921e-03	8.794985e-03	9.629402e-03	1.049744e-02	1.139845e-02
	1.233187e-02	1.329740e-02	1.429518e-02	1.532613e-02	1.639218e-02
	1.749621e-02	1.863957e-02	1.981735e-02	2.101899e-02	2.223654e-02
	2.347187e-02	2.473600e-02	2.604089e-02	2.738986e-02	2.877462e-02
	3.018312e-02	3.161095e-02	3.306401e-02	3.455381e-02	3.608376e-02
	3.765887e-02	3.928114e-02	4.095382e-02	4.267984e-02	4.445818e-02
	4.628188e-02	4.813270e-02	4.997205e-02	5.174053e-02	5.337385e-02
	5.482608e-02	5.608073e-02	5.714757e-02	5.805264e-02	5.882650e-02
	5.949669e-02	6.008466e-02	6.060601e-02	6.107142e-02	6.148773e-02
	6.185972e-02	6.219133e-02	6.248549e-02	6.274387e-02	6.296819e-02
	6.316157e-02	6.332811e-02	6.347144e-02	6.359383e-02	6.369624e-02
	6.377881e-02	6.384122e-02	6.388269e-02	6.390175e-02	6.389629e-02
	6.386361e-02	6.380040e-02	6.370242e-02	6.356399e-02	6.337753e-02
	6.313402e-02	6.282410e-02	6.243925e-02	6.197209e-02	6.141629e-02
	6.076593e-02	6.001309e-02	5.914548e-02	5.815013e-02	5.702236e-02
	5.577057e-02	5.440947e-02	5.294800e-02	5.138286e-02	4.969872e-02
	4.787163e-02	4.587363e-02	4.367646e-02	4.125644e-02	3.860095e-02
	3.571823e-02	3.265170e-02	2.948841e-02	2.635178e-02	2.337311e-02
	2.065954e-02	1.826838e-02	1.619677e-02	1.439870e-02	1.281274e-02
	1.138357e-02	1.006936e-02	8.843306e-03	7.695096e-03	6.625368e-03
	5.634386e-03	4.718514e-03	3.881480e-03	3.139703e-03	2.507681e-03
	1.982368e-03	1.545919e-03	1.179137e-03	8.704998e-04	6.177978e-04
	4.222798e-04	2.804152e-04	1.824658e-04	1.166657e-04	7.300032e-05
	4.433544e-05	2.581635e-05	1.409621e-05	6.860114e-06	2.525000e-06
	1.000000e-60
massfraction-CO2
	1.000000e-60	3.552843e-05	8.848831e-05	1.644138e-04	2.691741e-04
	4.092108e-04	5.913005e-04	8.221053e-04	1.107922e-03	1.454487e-03
	1.866836e-03	2.349225e-03	2.905111e-03	3.537184e-03	4.247411e-03
	5.037091e-03	5.906918e-03	6.857053e-03	7.887205e-03	8.996716e-03
	1.018463e-02	1.144973e-02	1.279061e-02	1.420576e-02	1.569361e-02
	1.725268e-02	1.888185e-02	2.058070e-02	2.235013e-02	2.419284e-02
	2.611325e-02	2.811314e-02	3.018325e-02	3.230416e-02	3.446078e-02
	3.665540e-02	3.890668e-02	4.123515e-02	4.364598e-02	4.612344e-02
	4.864500e-02	5.120168e-02	5.380296e-02	5.646802e-02	5.920222e-02
	6.201273e-02	6.490135e-02	6.787189e-02	7.092721e-02	7.406277e-02
	7.726324e-02	8.049337e-02	8.368305e-02	8.672799e-02	8.951866e-02
	9.198042e-02	9.409086e-02	9.587235e-02	9.737369e-02	9.864989e-02
	9.974958e-02	1.007105e-01	1.015600e-01	1.023172e-01	1.029946e-01
	1.036014e-01	1.041453e-01	1.046322e-01	1.050661e-01	1.054505e-01
	1.057913e-01	1.060961e-01	1.063721e-01	1.066245e-01	1.068565e-01
	1.070704e-01	1.072678e-01	1.074505e-01	1.076193e-01	1.077748e-01
	1.079169e-01	1.080452e-01	1.081593e-01	1.082587e-01	1.083418e-01
	1.084065e-01	1.084491e-01	1.084660e-01	1.084531e-01	1.084070e-01
	1.083239e-01	1.081997e-01	1.080284e-01	1.078027e-01	1.075153e-01
	1.071618e-01	1.067391e-01	1.062421e-01	1.056604e-01	1.049750e-01
	1.041577e-01	1.031688e-01	1.019545e-01	1.004436e-01	9.854494e-02
	9.614936e-02	9.314455e-02	8.944750e-02	8.504946e-02	8.004674e-02
	7.463792e-02	6.906791e-02	6.353331e-02	5.812804e-02	5.285664e-02
	4.768503e-02	4.257874e-02	3.752963e-02	3.258091e-02	2.781603e-02
	2.330957e-02	1.910774e-02	1.527933e-02	1.193673e-02	9.160185e-03
	6.928837e-03	5.148095e-03	3.719915e-03	2.581668e-03	1.706830e-03
	1.077407e-03	6.563550e-04	3.901937e-04	2.273891e-04	1.294832e-04
	7.150774e-05	3.787821e-05	1.885649e-05	8.406059e-06	2.856445e-06
	1.000000e-60
massfraction-CH
	1.000000e-60	1.000000e-60	1.000000e-60	1.000000e-60	5.990511e-28
	1.000000e-60	1.214220e-27	1.000000e-60	5.061524e-28	1.000000e-60
	1.541059e-27	1.000000e-60	3.660051e-28	1.603470e-27	1.000000e-60
	4.471634e-27	9.948793e-27	1.975985e-26	2.194326e-27	6.978486e-27
	1.000000e-60	1.000000e-60	3.386792e-26	2.270475e-25	7.613662e-25
	2.656442e-24	8.632097e-24	2.746184e-23	8.440761e-23	2.513125e-22
	7.257798e-22	2.038950e-21	5.559239e-21	1.464189e-20	3.721881e-20
	9.190846e-20	2.231026e-19	5.381686e-19	1.295573e-18	3.104430e-18
	7.375196e-18	1.739140e-17	4.098912e-17	9.740066e-17	2.349789e-16
	5.784070e-16	1.459818e-15	3.800506e-15	1.027376e-14	2.901097e-14
	8.600710e-14	2.681935e-13	8.738279e-13	2.923014e-12	9.800062e-12
	3.218724e-11	1.014709e-10	3.012345e-10	8.302007e-10	2.111513e-09
	4.963736e-09	1.084331e-08	2.215035e-08	4.254224e-08	7.711739e-08
	1.323707e-07	2.159348e-07	3.358566e-07	4.990725e-07	7.102042e-07
	9.724125e-07	1.289490e-06	1.666713e-06	2.109860e-06	2.623852e-06
	3.212449e-06	3.879137e-06	4.627749e-06	5.461604e-06	6.381818e-06
	7.386448e-06	8.471267e-06	9.631121e-06	1.085973e-05	1.214598e-05
	1.346685e-05	1.478153e-05	1.603215e-05	1.715062e-05	1.806668e-05
	1.871499e-05	1.904059e-05	1.899770e-05	1.854971e-05	1.768497e-05
	1.643801e-05	1.488724e-05	1.312772e-05	1.124763e-05	9.322739e-06
	7.422943e-06	5.620864e-06	3.993943e-06	2.618143e-06	1.551642e-06
	8.138204e-07	3.714924e-07	1.470811e-07	5.141283e-08	1.651734e-08
	5.154723e-09	1.649144e-09	5.584797e-10	2.005842e-10	7.479625e-11
	2.804221e-11	1.020044e-11	3.471625e-12	1.068614e-12	2.880356e-13
	6.530665e-14	1.177460e-14	1.602682e-15	1.640779e-16	1.337661e-17
	9.286951e-19	5.634225e-20	3.015410e-21	1.552722e-22	9.439846e-24
	7.871554e-25	8.995078e-26	1.338973e-26	2.437328e-27	5.014843e-28
	1.072102e-28	2.250505e-29	3.698035e-30	3.698245e-31	1.000000e-60
	1.000000e-60
massfraction-CHO
	1.000000e-60	6.755318e-19	1.654997e-18	2.950349e-18	4.549388e-18
	6.474084e-18	8.832252e-18	1.187133e-17	1.605956e-17	2.223310e-17
	3.188360e-17	4.772551e-17	7.481684e-17	1.227777e-16	2.101876e-16
	3.732820e-16	6.830333e-16	1.278304e-15	2.429146e-15	4.655139e-15
	8.941117e-15	1.711907e-14	3.252237e-14	6.106697e-14	1.129691e-13
	2.053629e-13	3.661160e-13	6.391551e-13	1.091602e-12	1.822837e-12
	2.974970e-12	4.738974e-12	7.341554e-12	1.101077e-11	1.595294e-11
	2.236905e-11	3.048856e-11	4.056888e-11	5.285216e-11	6.755588e-11
	8.499590e-11	1.058211e-10	1.312313e-10	1.631475e-10	2.043924e-10
	2.591365e-10	3.336790e-10	4.379351e-10	5.879326e-10	8.100232e-10
	1.148584e-09	1.678947e-09	2.525664e-09	3.884507e-09	6.047506e-09
	9.435527e-09	1.462940e-08	2.237227e-08	3.354538e-08	4.914866e-08
	7.030787e-08	9.828343e-08	1.344637e-07	1.803056e-07	2.371897e-07
	3.063163e-07	3.886913e-07	4.849092e-07	5.946898e-07	7.169489e-07
	8.507335e-07	9.960475e-07	1.153749e-06	1.324871e-06	1.510124e-06
	1.709934e-06	1.924825e-06	2.155618e-06	2.403175e-06	2.667984e-06
	2.950051e-06	3.249230e-06	3.565677e-06	3.899899e-06	4.251936e-06
	4.619672e-06	4.997258e-06	5.374850e-06	5.739632e-06	6.076955e-06
	6.371320e-06	6.607467e-06	6.769893e-06	6.841325e-06	6.804798e-06
	6.650120e-06	6.378084e-06	5.997770e-06	5.521185e-06	4.960550e-06
	4.329329e-06	3.645759e-06	2.936502e-06	2.238904e-06	1.598942e-06
	1.062608e-06	6.610668e-07	3.964970e-07	2.423163e-07	1.599240e-07
	1.167546e-07	9.270168e-08	7.752358e-08	6.645034e-08	5.722950e-08
	4.869748e-08	4.019788e-08	3.144068e-08	2.261691e-08	1.447065e-08
	7.959365e-09	3.637976e-09	1.347476e-09	4.054147e-10	1.020870e-10
	2.213960e-11	4.186622e-12	7.180704e-13	1.297898e-13	2.984764e-14
	8.626314e-15	2.809709e-15	9.721555e-16	3.459008e-16	1.228175e-16
	4.224404e-17	1.362348e-17	3.920301e-18	9.067457e-19	1.213359e-19
	1.000000e-60
massfraction-CH2
	1.000000e-60	9.164975e-22	1.879727e-21	2.896773e-21	3.994004e-21
	5.237525e-21	6.752026e-21	8.754495e-21	1.162176e-20	1.602586e-20
	2.321379e-20	3.559897e-20	5.804321e-20	1.007020e-19	1.854711e-19
	3.608235e-19	7.362921e-19	1.562855e-18	3.419626e-18	7.642818e-18
	1.729439e-17	3.929843e-17	8.901883e-17	1.997510e-16	4.417186e-16
	9.587710e-16	2.036997e-15	4.229824e-15	8.583020e-15	1.703783e-14
	3.315327e-14	6.332657e-14	1.185709e-13	2.169335e-13	3.875124e-13
	6.785686e-13	1.173345e-12	2.016800e-12	3.454432e-12	5.885042e-12
	9.945910e-12	1.668450e-11	2.789601e-11	4.672697e-11	7.871949e-11
	1.337468e-10	2.297827e-10	4.004930e-10	7.105942e-10	1.287351e-09
	2.386924e-09	4.531369e-09	8.768895e-09	1.711713e-08	3.324642e-08
	6.346766e-08	1.178997e-07	2.112737e-07	3.629938e-07	5.967064e-07
	9.398089e-07	1.422565e-06	2.076393e-06	2.930595e-06	4.007091e-06
	5.316377e-06	6.856569e-06	8.610389e-06	1.053994e-05	1.259351e-05
	1.472589e-05	1.691124e-05	1.913754e-05	2.139377e-05	2.366305e-05
	2.592438e-05	2.815760e-05	3.034463e-05	3.246567e-05	3.449575e-05
	3.640520e-05	3.816299e-05	3.973844e-05	4.109850e-05	4.220151e-05
	4.299249e-05	4.340660e-05	4.338105e-05	4.286737e-05	4.183827e-05
	4.028929e-05	3.823213e-05	3.568572e-05	3.268850e-05	2.932985e-05
	2.575827e-05	2.214176e-05	1.861761e-05	1.527667e-05	1.217666e-05
	9.362315e-06	6.878822e-06	4.772506e-06	3.082318e-06	1.823945e-06
	9.741756e-07	4.656070e-07	2.001346e-07	7.923506e-08	3.011204e-08
	1.155275e-08	4.678945e-09	2.047685e-09	9.665398e-10	4.828043e-10
	2.489049e-10	1.291474e-10	6.589427e-11	3.241283e-11	1.510312e-11
	6.526752e-12	2.539899e-12	8.664923e-13	2.592569e-13	7.072467e-14
	1.851494e-14	4.780932e-15	1.218781e-15	3.068525e-16	7.876346e-17
	2.203277e-17	7.139420e-18	2.729920e-18	1.204248e-18	5.880631e-19
	3.047184e-19	1.608660e-19	8.247513e-20	3.783407e-20	1.214622e-20
	1.000000e-60
massfraction-CH2O
	1.000000e-60	1.997478e-07	5.005942e-07	9.361667e-07	1.542734e-06
	2.360530e-06	3.432313e-06	4.800609e-06	6.506011e-06	8.585777e-06
	1.107275e-05	1.399464e-05	1.737372e-05	2.122684e-05	2.556561e-05
	3.039669e-05	3.572215e-05	4.154001e-05	4.784480e-05	5.462823e-05
	6.187973e-05	6.958696e-05	7.773627e-05	8.631329e-05	9.530357e-05
	1.046936e-04	1.144720e-04	1.246322e-04	1.351757e-04	1.461150e-04
	1.574727e-04	1.692560e-04	1.814074e-04	1.938114e-04	2.063794e-04
	2.191252e-04	2.321568e-04	2.455920e-04	2.594588e-04	2.736652e-04
	2.880812e-04	3.026551e-04	3.174398e-04	3.325420e-04	3.479852e-04
	3.638021e-04	3.799893e-04	3.965471e-04	4.134579e-04	4.306436e-04
	4.479376e-04	4.650236e-04	4.813539e-04	4.961808e-04	5.087757e-04
	5.187058e-04	5.259426e-04	5.307801e-04	5.336651e-04	5.350440e-04
	5.352886e-04	5.346879e-04	5.334665e-04	5.318058e-04	5.298588e-04
	5.277544e-04	5.255930e-04	5.234494e-04	5.213793e-04	5.194149e-04
	5.175564e-04	5.157773e-04	5.140376e-04	5.122959e-04	5.105124e-04
	5.086460e-04	5.066500e-04	5.044682e-04	5.020351e-04	4.992765e-04
	4.961079e-04	4.924270e-04	4.881011e-04	4.829533e-04	4.767546e-04
	4.692339e-04	4.601056e-04	4.490981e-04	4.359706e-04	4.205255e-04
	4.026167e-04	3.821070e-04	3.588343e-04	3.327448e-04	3.041521e-04
	2.738248e-04	2.427324e-04	2.116945e-04	1.812588e-04	1.517868e-04
	1.236087e-04	9.715350e-05	7.299520e-05	5.182448e-05	3.432094e-05
	2.094277e-05	1.169462e-05	6.006258e-06	2.898809e-06	1.361959e-06
	6.482669e-07	3.228271e-07	1.708318e-07	9.600745e-08	5.673453e-08
	3.481735e-08	2.193335e-08	1.404992e-08	9.100239e-09	5.950800e-09
	3.931930e-09	2.630939e-09	1.792506e-09	1.251265e-09	8.942705e-10
	6.481407e-10	4.693262e-10	3.337990e-10	2.293969e-10	1.507359e-10
	9.476242e-11	5.754647e-11	3.411186e-11	1.982228e-11	1.125479e-11
	6.197206e-12	3.272958e-12	1.624537e-12	7.221395e-13	2.447410e-13
	1.000000e-60
massfraction-CH3
	1.000000e-60	3.816665e-09	8.823060e-09	1.519064e-08	2.306775e-08
	3.262283e-08	4.404358e-08	5.752936e-08	7.330012e-08	9.160649e-08
	1.127400e-07	1.370433e-07	1.649212e-07	1.968517e-07	2.333981e-07
	2.752210e-07	3.230922e-07	3.779121e-07	4.407292e-07	5.127660e-07
	5.954486e-07	6.904431e-07	7.997000e-07	9.255123e-07	1.070589e-06
	1.238157e-06	1.432102e-06	1.657185e-06	1.919375e-06	2.226316e-06
	2.587886e-06	3.016016e-06	3.522922e-06	4.120141e-06	4.821537e-06
	5.649267e-06	6.638754e-06	7.839060e-06	9.307784e-06	1.110516e-05
	1.329772e-05	1.597615e-05	1.927630e-05	2.339247e-05	2.858157e-05
	3.518794e-05	4.368461e-05	5.474707e-05	6.934552e-05	8.885881e-05
	1.152364e-04	1.511231e-04	1.996923e-04	2.639728e-04	3.457750e-04
	4.448233e-04	5.585558e-04	6.828064e-04	8.130944e-04	9.454893e-04
	1.076740e-03	1.203973e-03	1.324438e-03	1.435391e-03	1.534150e-03
	1.618494e-03	1.687009e-03	1.739038e-03	1.774666e-03	1.794904e-03
	1.801517e-03	1.796368e-03	1.780950e-03	1.756356e-03	1.723480e-03
	1.683135e-03	1.636017e-03	1.582672e-03	1.523551e-03	1.459137e-03
	1.389975e-03	1.316582e-03	1.239324e-03	1.158374e-03	1.073886e-03
	9.863252e-04	8.967189e-04	8.065870e-04	7.176084e-04	6.313460e-04
	5.490748e-04	4.715688e-04	3.991624e-04	3.322723e-04	2.717521e-04
	2.185502e-04	1.730600e-04	1.349085e-04	1.032679e-04	7.723313e-05
	5.603456e-05	3.908812e-05	2.593993e-05	1.618411e-05	9.379763e-06
	5.002134e-06	2.450109e-06	1.114768e-06	4.836432e-07	2.073475e-07
	9.107950e-08	4.213848e-08	2.079472e-08	1.092675e-08	6.049937e-09
	3.483881e-09	2.059857e-09	1.236064e-09	7.463231e-10	4.507813e-10
	2.705605e-10	1.597002e-10	9.194644e-11	5.190371e-11	2.922908e-11
	1.661000e-11	9.478181e-12	5.352722e-12	2.955331e-12	1.596407e-12
	8.574672e-13	4.674472e-13	2.617349e-13	1.503689e-13	8.769944e-14
	5.116041e-14	2.930477e-14	1.602144e-14	7.898658e-15	2.962235e-15
	1.000000e-60
massfraction-CH4
	1.000000e-60	6.763876e-06	1.564769e-05	2.693821e-05	4.084879e-05
	5.758177e-05	7.731202e-05	1.001592e-04	1.261911e-04	1.554299e-04
	1.878606e-04	2.234390e-04	2.621004e-04	3.037675e-04	3.483555e-04
	3.957762e-04	4.459406e-04	4.987606e-04	5.541513e-04	6.120322e-04
	6.723277e-04	7.349670e-04	7.998840e-04	8.670182e-04	9.363169e-04
	1.007740e-03	1.081267e-03	1.156912e-03	1.234752e-03	1.314938e-03
	1.397693e-03	1.483123e-03	1.570869e-03	1.660161e-03	1.750427e-03
	1.841829e-03	1.935196e-03	2.031427e-03	2.130778e-03	2.232651e-03
	2.336173e-03	2.441034e-03	2.547675e-03	2.656948e-03	2.769075e-03
	2.884399e-03	3.002994e-03	3.124963e-03	3.250274e-03	3.378404e-03
	3.508054e-03	3.636546e-03	3.758952e-03	3.868087e-03	3.956174e-03
	4.017426e-03	4.049596e-03	4.053777e-03	4.032961e-03	3.990422e-03
	3.928854e-03	3.850251e-03	3.756161e-03	3.648048e-03	3.527669e-03
	3.397116e-03	3.258608e-03	3.114619e-03	2.968188e-03	2.822365e-03
	2.679050e-03	2.538605e-03	2.400566e-03	2.264518e-03	2.130450e-03
	1.998586e-03	1.869077e-03	1.741918e-03	1.617137e-03	1.494973e-03
	1.375824e-03	1.260041e-03	1.147746e-03	1.038861e-03	9.333643e-04
	8.316374e-04	7.345841e-04	6.433644e-04	5.589730e-04	4.820177e-04
	4.126730e-04	3.506308e-04	2.952709e-04	2.461098e-04	2.030324e-04
	1.660339e-04	1.348178e-04	1.087122e-04	8.688581e-05	6.856883e-05
	5.315857e-05	4.023482e-05	2.952038e-05	2.083201e-05	1.402606e-05
	8.948874e-06	5.396719e-06	3.093377e-06	1.712745e-06	9.392958e-07
	5.251612e-07	3.069284e-07	1.902366e-07	1.254330e-07	8.763123e-08
	6.445713e-08	4.956965e-08	3.955179e-08	3.246352e-08	2.714315e-08
	2.287350e-08	1.922637e-08	1.599618e-08	1.314050e-08	1.067793e-08
	8.594227e-09	6.827747e-09	5.310822e-09	4.004478e-09	2.907968e-09
	2.036914e-09	1.387344e-09	9.261687e-10	6.075123e-10	3.899334e-10
	2.428841e-10	1.450000e-10	8.111273e-11	4.039236e-11	1.518393e-11
	1.000000e-60
massfraction-C2H6
	1.000000e-60	1.458949e-06	3.650943e-06	6.817329e-06	1.121762e-05
	1.713933e-05	2.488792e-05	3.476732e-05	4.706845e-05	6.205988e-05
	7.998097e-05	1.010374e-04	1.253996e-04	1.532036e-04	1.845523e-04
	2.195175e-04	2.581427e-04	3.004457e-04	3.464223e-04	3.960503e-04
	4.492919e-04	5.060966e-04	5.664034e-04	6.301441e-04	6.972470e-04
	7.676438e-04	8.412789e-04	9.181275e-04	9.982234e-04	1.081679e-03
	1.168682e-03	1.259298e-03	1.353087e-03	1.449144e-03	1.546756e-03
	1.645992e-03	1.747653e-03	1.852608e-03	1.961009e-03	2.072051e-03
	2.184600e-03	2.298112e-03	2.412823e-03	2.529325e-03	2.647492e-03
	2.767151e-03	2.887705e-03	3.008366e-03	3.127886e-03	3.244107e-03
	3.353573e-03	3.450946e-03	3.528550e-03	3.577322e-03	3.589545e-03
	3.561683e-03	3.495196e-03	3.395146e-03	3.267723e-03	3.118402e-03
	2.951422e-03	2.770183e-03	2.577821e-03	2.377728e-03	2.173910e-03
	1.970673e-03	1.772035e-03	1.581763e-03	1.403560e-03	1.240200e-03
	1.092440e-03	9.592268e-04	8.388914e-04	7.300798e-04	6.319295e-04
	5.438047e-04	4.650312e-04	3.948752e-04	3.326702e-04	2.778767e-04
	2.300147e-04	1.885606e-04	1.529146e-04	1.224547e-04	9.662844e-05
	7.500773e-05	5.724793e-05	4.299048e-05	3.180469e-05	2.320824e-05
	1.671567e-05	1.187330e-05	8.294267e-06	5.682122e-06	3.816835e-06
	2.521192e-06	1.642548e-06	1.055271e-06	6.656432e-07	4.089270e-07
	2.420126e-07	1.361927e-07	7.179576e-08	3.487965e-08	1.535985e-08
	6.048341e-09	2.120080e-09	6.689377e-10	1.957950e-10	5.560740e-11
	1.612557e-11	4.992514e-12	1.695321e-12	6.363964e-13	2.631014e-13
	1.191300e-13	5.894440e-14	3.191893e-14	1.894919e-14	1.226324e-14
	8.502195e-15	6.160867e-15	4.559443e-15	3.393258e-15	2.520431e-15
	1.859606e-15	1.352137e-15	9.569945e-16	6.502279e-16	4.203623e-16
	2.591398e-16	1.540370e-16	8.931018e-17	5.075077e-17	2.817659e-17
	1.517117e-17	7.836984e-18	3.807299e-18	1.658601e-18	5.520167e-19
	1.000000e-60
massfraction-C2H
	1.000000e-60	1.429165e-30	6.125716e-29	1.701431e-28	4.028579e-28
	9.139473e-28	1.967047e-27	4.016510e-27	8.178690e-27	1.685236e-26
	3.623131e-26	8.065660e-26	1.889763e-25	4.656667e-25	1.208102e-24
	3.285096e-24	9.302364e-24	2.719774e-23	8.130822e-23	2.461244e-22
	7.473436e-22	2.257154e-21	6.731634e-21	1.970729e-20	5.637726e-20
	1.570947e-19	4.255702e-19	1.120116e-18	2.866406e-18	7.145230e-18
	1.739736e-17	4.143727e-17	9.629171e-17	2.171731e-16	4.744365e-16
	1.008691e-15	2.106984e-15	4.362157e-15	8.980303e-15	1.833426e-14
	3.697944e-14	7.371756e-14	1.459976e-13	2.891243e-13	5.751645e-13
	1.152579e-12	2.332300e-12	4.779684e-12	9.947020e-12	2.105430e-11
	4.532629e-11	9.892234e-11	2.166518e-10	4.677666e-10	9.756770e-10
	1.937867e-09	3.646579e-09	6.515744e-09	1.111970e-08	1.823973e-08
	2.891374e-08	4.447645e-08	6.657803e-08	9.714566e-08	1.382388e-07
	1.918712e-07	2.598700e-07	3.435640e-07	4.432195e-07	5.579536e-07
	6.865926e-07	8.285800e-07	9.839700e-07	1.152743e-06	1.334246e-06
	1.527166e-06	1.729863e-06	1.940490e-06	2.156666e-06	2.375062e-06
	2.591368e-06	2.800651e-06	2.997678e-06	3.176785e-06	3.331264e-06
	3.452855e-06	3.532315e-06	3.561203e-06	3.533793e-06	3.448092e-06
	3.305891e-06	3.111666e-06	2.871160e-06	2.592087e-06	2.286500e-06
	1.970630e-06	1.660590e-06	1.368035e-06	1.099503e-06	8.581816e-07
	6.459014e-07	4.642969e-07	3.148808e-07	1.984826e-07	1.142958e-07
	5.907504e-08	2.705173e-08	1.096611e-08	4.009402e-09	1.375177e-09
	4.666505e-10	1.648676e-10	6.250073e-11	2.550793e-11	1.103702e-11
	4.956185e-12	2.264034e-12	1.035410e-12	4.684480e-13	2.066442e-13
	8.624886e-14	3.234426e-14	1.032141e-14	2.762332e-15	6.509623e-16
	1.451923e-16	3.185450e-17	6.868165e-18	1.448591e-18	3.089259e-19
	7.192971e-20	1.967157e-20	6.473522e-21	2.499194e-21	1.076828e-21
	4.902387e-22	2.224853e-22	9.332678e-23	3.170356e-23	6.086374e-24
	1.000000e-60
massfraction-C2H2
	1.000000e-60	8.877055e-06	2.165497e-05	3.937346e-05	6.306564e-05
	9.382133e-05	1.327389e-04	1.808407e-04	2.390381e-04	3.081107e-04
	3.886954e-04	4.812860e-04	5.862420e-04	7.038032e-04	8.341042e-04
	9.771879e-04	1.133020e-03	1.301499e-03	1.482475e-03	1.675758e-03
	1.881129e-03	2.098348e-03	2.327158e-03	2.567298e-03	2.818512e-03
	3.080573e-03	3.353316e-03	3.636703e-03	3.930919e-03	4.236446e-03
	4.554051e-03	4.884063e-03	5.224998e-03	5.573714e-03	5.927804e-03
	6.287716e-03	6.656570e-03	7.037791e-03	7.432279e-03	7.837530e-03
	8.249926e-03	8.668078e-03	9.093616e-03	9.529774e-03	9.977492e-03
	1.043807e-02	1.091192e-02	1.139981e-02	1.190236e-02	1.241900e-02
	1.294736e-02	1.348173e-02	1.401045e-02	1.451586e-02	1.497888e-02
	1.538571e-02	1.573091e-02	1.601634e-02	1.624822e-02	1.643357e-02
	1.657804e-02	1.668492e-02	1.675532e-02	1.678863e-02	1.678323e-02
	1.673734e-02	1.664955e-02	1.651933e-02	1.634801e-02	1.613899e-02
	1.589591e-02	1.562064e-02	1.531310e-02	1.497255e-02	1.459874e-02
	1.419195e-02	1.375231e-02	1.327938e-02	1.277269e-02	1.223265e-02
	1.166067e-02	1.105841e-02	1.042672e-02	9.765399e-03	9.074427e-03
	8.356702e-03	7.620094e-03	6.876861e-03	6.140893e-03	5.425321e-03
	4.740960e-03	4.094418e-03	3.488528e-03	2.926690e-03	2.415921e-03
	1.964144e-03	1.574817e-03	1.245098e-03	9.683641e-04	7.373368e-04
	5.459001e-04	3.895898e-04	2.651867e-04	1.700437e-04	1.013156e-04
	5.535988e-05	2.752341e-05	1.250213e-05	5.304312e-06	2.188105e-06
	9.232888e-07	4.172835e-07	2.072232e-07	1.132958e-07	6.735547e-08
	4.288118e-08	2.888027e-08	2.041904e-08	1.508704e-08	1.158517e-08
	9.148415e-09	7.315681e-09	5.834218e-09	4.597618e-09	3.574745e-09
	2.743498e-09	2.069606e-09	1.519643e-09	1.073039e-09	7.228358e-10
	4.654993e-10	2.895641e-10	1.758547e-10	1.047163e-10	6.094055e-11
	3.439825e-11	1.862110e-11	9.468380e-12	4.306449e-12	1.490206e-12
	1.000000e-60
massfraction-CHCO
	1.000000e-60	3.634409e-06	8.406751e-06	1.447003e-05	2.193732e-05
	3.091519e-05	4.149480e-05	5.373694e-05	6.767379e-05	8.331245e-05
	1.006394e-04	1.196247e-04	1.402274e-04	1.623988e-04	1.860863e-04
	2.112353e-04	2.377905e-04	2.656971e-04	2.949021e-04	3.253551e-04
	3.570084e-04	3.898171e-04	4.237390e-04	4.587356e-04	4.947723e-04
	5.318217e-04	5.698668e-04	6.089094e-04	6.489821e-04	6.901565e-04
	7.325400e-04	7.761800e-04	8.208866e-04	8.662628e-04	9.120174e-04
	9.582315e-04	1.005324e-03	1.053744e-03	1.103615e-03	1.154633e-03
	1.206362e-03	1.258652e-03	1.311731e-03	1.366035e-03	1.421689e-03
	1.478892e-03	1.537733e-03	1.598349e-03	1.660867e-03	1.725282e-03
	1.791378e-03	1.858538e-03	1.925413e-03	1.989886e-03	2.049633e-03
	2.102954e-03	2.149174e-03	2.188542e-03	2.221874e-03	2.250130e-03
	2.274130e-03	2.294427e-03	2.311310e-03	2.324834e-03	2.334881e-03
	2.341255e-03	2.343754e-03	2.342210e-03	2.336566e-03	2.326948e-03
	2.313577e-03	2.296597e-03	2.275999e-03	2.251686e-03	2.223558e-03
	2.191531e-03	2.155484e-03	2.115218e-03	2.070490e-03	2.021082e-03
	1.966825e-03	1.907526e-03	1.842846e-03	1.772246e-03	1.695076e-03
	1.610876e-03	1.519684e-03	1.422137e-03	1.319290e-03	1.212434e-03
	1.102923e-03	9.918431e-04	8.799353e-04	7.683006e-04	6.591684e-04
	5.555928e-04	4.602013e-04	3.743226e-04	2.981534e-04	2.313666e-04
	1.736117e-04	1.247449e-04	8.478039e-05	5.370106e-05	3.117665e-05
	1.631906e-05	7.618909e-06	3.180268e-06	1.213290e-06	4.410489e-07
	1.612824e-07	6.249329e-08	2.650462e-08	1.238827e-08	6.308072e-09
	3.438153e-09	1.974561e-09	1.182733e-09	7.360922e-10	4.756792e-10
	3.179350e-10	2.173623e-10	1.494662e-10	1.015775e-10	6.748488e-11
	4.368990e-11	2.746315e-11	1.662994e-11	9.633401e-12	5.361510e-12
	2.925541e-12	1.605999e-12	9.022817e-13	5.203311e-13	3.055513e-13
	1.802957e-13	1.049952e-13	5.862571e-14	2.960897e-14	1.138541e-14
	1.000000e-60
massfraction-C3H3
	1.000000e-60	1.000000e-60	1.000000e-60	1.000000e-60	5.296764e-27
	7.002703e-27	1.819655e-26	1.000000e-60	1.000000e-60	1.000000e-60
	1.661241e-26	1.000000e-60	4.305669e-26	1.245416e-25	1.630492e-26
	3.073283e-26	5.344570e-25	4.384661e-25	1.000000e-60	7.965387e-26
	1.258891e-26	6.522655e-25	4.245715e-24	1.763673e-23	6.039092e-23
	1.986425e-22	6.355888e-22	1.983999e-21	6.040383e-21	1.800060e-20
	5.280846e-20	1.534973e-19	4.429835e-19	1.267972e-18	3.602162e-18
	1.022211e-17	2.929788e-17	8.564989e-17	2.559621e-16	7.764692e-16
	2.365914e-15	7.199462e-15	2.191295e-14	6.703543e-14	2.068038e-13
	6.431543e-13	2.016702e-12	6.382231e-12	2.040581e-11	6.586792e-11
	2.139775e-10	6.942860e-10	2.214406e-09	6.772659e-09	1.932183e-08
	5.033234e-08	1.184868e-07	2.522727e-07	4.904905e-07	8.830060e-07
	1.492397e-06	2.395253e-06	3.681555e-06	5.449701e-06	7.794641e-06
	1.079442e-05	1.450036e-05	1.892046e-05	2.399479e-05	2.960229e-05
	3.561369e-05	4.193523e-05	4.850119e-05	5.523891e-05	6.204735e-05
	6.880164e-05	7.536906e-05	8.161352e-05	8.738541e-05	9.251455e-05
	9.681805e-05	1.001161e-04	1.022397e-04	1.030248e-04	1.023066e-04
	9.993743e-05	9.584079e-05	9.006900e-05	8.282320e-05	7.443035e-05
	6.529322e-05	5.581517e-05	4.635528e-05	3.726644e-05	2.893039e-05
	2.168614e-05	1.571048e-05	1.098863e-05	7.385434e-06	4.726086e-06
	2.840308e-06	1.574103e-06	7.860143e-07	3.439086e-07	1.278744e-07
	3.935794e-08	9.965381e-09	2.146460e-09	4.234037e-10	8.190501e-11
	1.579674e-11	2.981682e-12	5.383120e-13	9.052855e-14	1.366283e-14
	1.772871e-15	1.932787e-16	1.920860e-17	2.300336e-18	3.713492e-19
	6.173363e-20	8.551115e-21	8.978471e-22	7.036368e-23	4.347245e-24
	2.263208e-25	1.014367e-26	3.911002e-28	1.395602e-29	5.612408e-31
	2.972117e-32	2.094354e-33	1.881573e-34	2.034016e-35	2.419476e-36
	2.951039e-37	3.013934e-38	3.118314e-39	1.277115e-40	1.000000e-60
	1.000000e-60
massfraction-C2H3
	1.000000e-60	2.048728e-18	4.524507e-18	7.502473e-18	1.113493e-17
	1.571631e-17	2.180107e-17	3.041045e-17	4.344186e-17	6.450914e-17
	1.007472e-16	1.668244e-16	2.941361e-16	5.524378e-16	1.101838e-15
	2.319638e-15	5.112050e-15	1.167957e-14	2.737872e-14	6.517023e-14
	1.559709e-13	3.719301e-13	8.766074e-13	2.027894e-12	4.577304e-12
	1.003149e-11	2.126240e-11	4.346421e-11	8.555945e-11	1.621638e-10
	2.962257e-10	5.219464e-10	8.861331e-10	1.447044e-09	2.274862e-09
	3.459564e-09	5.125294e-09	7.441135e-09	1.061643e-08	1.488309e-08
	2.049396e-08	2.776494e-08	3.713804e-08	4.922337e-08	6.480701e-08
	8.489762e-08	1.108493e-07	1.446337e-07	1.893180e-07	2.499314e-07
	3.351374e-07	4.600391e-07	6.501120e-07	9.459458e-07	1.408249e-06
	2.122644e-06	3.200509e-06	4.770615e-06	6.965085e-06	9.907156e-06
	1.370267e-05	1.842881e-05	2.411855e-05	3.073960e-05	3.817178e-05
	4.620879e-05	5.458471e-05	6.298795e-05	7.107327e-05	7.852834e-05
	8.515357e-05	9.086470e-05	9.563122e-05	9.942598e-05	1.022171e-04
	1.039819e-04	1.047162e-04	1.044297e-04	1.031423e-04	1.008887e-04
	9.772424e-05	9.372297e-05	8.896566e-05	8.353114e-05	7.750343e-05
	7.099647e-05	6.417442e-05	5.724179e-05	5.040715e-05	4.385053e-05
	3.770452e-05	3.203942e-05	2.687434e-05	2.222084e-05	1.811001e-05
	1.457119e-05	1.159496e-05	9.127071e-06	7.092388e-06	5.418637e-06
	4.047853e-06	2.937831e-06	2.057680e-06	1.382282e-06	8.869105e-07
	5.437123e-07	3.210204e-07	1.855917e-07	1.072865e-07	6.310062e-08
	3.811822e-08	2.370279e-08	1.511138e-08	9.786374e-09	6.354585e-09
	4.078015e-09	2.551858e-09	1.542673e-09	8.999010e-10	5.082254e-10
	2.755119e-10	1.385055e-10	6.151643e-11	2.351124e-11	7.864864e-12
	2.407350e-12	7.158978e-13	2.236310e-13	7.695421e-14	2.819514e-14
	1.044229e-14	3.843779e-15	1.406278e-15	5.086211e-16	1.790169e-16
	6.003031e-17	1.867175e-17	5.151639e-18	1.141658e-18	1.479096e-19
	1.000000e-60
massfraction-C2H4
	1.000000e-60	7.492663e-06	1.849507e-05	3.404419e-05	5.521057e-05
	8.314899e-05	1.190518e-04	1.640640e-04	2.192408e-04	2.855167e-04
	3.636856e-04	4.543914e-04	5.581302e-04	6.752596e-04	8.060097e-04
	9.504963e-04	1.108734e-03	1.280649e-03	1.466097e-03	1.664878e-03
	1.876748e-03	2.101429e-03	2.338620e-03	2.588005e-03	2.849275e-03
	3.122144e-03	3.406393e-03	3.701934e-03	4.008914e-03	4.327793e-03
	4.659328e-03	5.003820e-03	5.359680e-03	5.723591e-03	6.093007e-03
	6.468364e-03	6.852891e-03	7.250123e-03	7.660962e-03	8.082758e-03
	8.511708e-03	8.946323e-03	9.388239e-03	9.840721e-03	1.030461e-02
	1.078105e-02	1.127017e-02	1.177226e-02	1.228720e-02	1.281310e-02
	1.334538e-02	1.387468e-02	1.438380e-02	1.484774e-02	1.523964e-02
	1.553929e-02	1.573745e-02	1.583456e-02	1.583621e-02	1.574839e-02
	1.557506e-02	1.531796e-02	1.497787e-02	1.455632e-02	1.405768e-02
	1.348981e-02	1.286335e-02	1.219199e-02	1.149367e-02	1.078738e-02
	1.008674e-02	9.397401e-03	8.720287e-03	8.056101e-03	7.407167e-03
	6.776650e-03	6.167040e-03	5.579837e-03	5.016489e-03	4.479159e-03
	3.970416e-03	3.492242e-03	3.045374e-03	2.629566e-03	2.244689e-03
	1.891880e-03	1.573548e-03	1.292044e-03	1.048206e-03	8.409522e-04
	6.675853e-04	5.241570e-04	4.063029e-04	3.103649e-04	2.336599e-04
	1.737863e-04	1.280141e-04	9.341522e-05	6.734375e-05	4.770639e-05
	3.296984e-05	2.204126e-05	1.412085e-05	8.586704e-06	4.914809e-06
	2.637618e-06	1.335452e-06	6.514997e-07	3.168345e-07	1.589647e-07
	8.407807e-08	4.714952e-08	2.788868e-08	1.722558e-08	1.099283e-08
	7.190302e-09	4.800585e-09	3.272227e-09	2.286717e-09	1.645532e-09
	1.218288e-09	9.209912e-10	7.036985e-10	5.388376e-10	4.113334e-10
	3.117193e-10	2.327857e-10	1.693254e-10	1.183951e-10	7.889499e-11
	5.019966e-11	3.082262e-11	1.846490e-11	1.084232e-11	6.220714e-12
	3.461474e-12	1.847433e-12	9.265032e-13	4.159403e-13	1.422457e-13
	1.000000e-60
massfraction-C2H5
	1.000000e-60	9.940787e-11	2.482463e-10	4.625426e-10	7.594409e-10
	1.157879e-09	1.677923e-09	2.339490e-09	3.161617e-09	4.161887e-09
	5.356027e-09	6.757676e-09	8.378365e-09	1.022765e-08	1.231333e-08
	1.464173e-08	1.721813e-08	2.004716e-08	2.313349e-08	2.648249e-08
	3.010106e-08	3.399849e-08	3.818756e-08	4.268574e-08	4.751669e-08
	5.271204e-08	5.831374e-08	6.437726e-08	7.097640e-08	7.820858e-08
	8.619972e-08	9.509095e-08	1.049977e-07	1.159955e-07	1.281764e-07
	1.417344e-07	1.570034e-07	1.744061e-07	1.943305e-07	2.170248e-07
	2.426382e-07	2.713951e-07	3.037063e-07	3.401175e-07	3.811110e-07
	4.271814e-07	4.789745e-07	5.377547e-07	6.061599e-07	6.895169e-07
	7.980742e-07	9.499708e-07	1.174069e-06	1.511603e-06	2.016400e-06
	2.753873e-06	3.794988e-06	5.202146e-06	7.014508e-06	9.239953e-06
	1.185273e-05	1.479097e-05	1.795492e-05	2.120740e-05	2.438059e-05
	2.729853e-05	2.980505e-05	3.177940e-05	3.314824e-05	3.390108e-05
	3.408391e-05	3.376724e-05	3.301948e-05	3.190182e-05	3.047366e-05
	2.879499e-05	2.692298e-05	2.490913e-05	2.280123e-05	2.064653e-05
	1.849123e-05	1.637606e-05	1.433243e-05	1.238291e-05	1.054636e-05
	8.844028e-06	7.299964e-06	5.934545e-06	4.757255e-06	3.765050e-06
	2.944711e-06	2.275661e-06	1.734891e-06	1.302685e-06	9.639062e-07
	7.048925e-07	5.110070e-07	3.674872e-07	2.615411e-07	1.833224e-07
	1.257399e-07	8.378958e-08	5.384737e-08	3.315240e-08	1.946964e-08
	1.091701e-08	5.908612e-09	3.162179e-09	1.731347e-09	1.000135e-09
	6.182835e-10	4.072412e-10	2.814586e-10	2.005134e-10	1.448714e-10
	1.047599e-10	7.506386e-11	5.294753e-11	3.668070e-11	2.496004e-11
	1.660727e-11	1.058451e-11	6.187339e-12	3.183806e-12	1.455608e-12
	6.211687e-13	2.589172e-13	1.083282e-13	4.606736e-14	1.998451e-14
	8.851707e-15	4.003095e-15	1.843374e-15	8.575567e-16	3.981325e-16
	1.822231e-16	8.129322e-17	3.476939e-17	1.369258e-17	4.271151e-18
	1.000000e-60
massfraction-C3H4
	1.000000e-60	5.040804e-08	1.311385e-07	2.551067e-07	4.376416e-07
	6.969936e-07	1.054021e-06	1.531270e-06	2.152209e-06	2.940449e-06
	3.919012e-06	5.109690e-06	6.532582e-06	8.205777e-06	1.014515e-05
	1.236422e-05	1.487415e-05	1.768376e-05	2.079967e-05	2.422647e-05
	2.796692e-05	3.202209e-05	3.639156e-05	4.107369e-05	4.606591e-05
	5.136535e-05	5.696957e-05	6.287815e-05	6.909495e-05	7.562996e-05
	8.249936e-05	8.970989e-05	9.722780e-05	1.049808e-04	1.129106e-04
	1.210223e-04	1.293817e-04	1.380632e-04	1.470840e-04	1.563825e-04
	1.658704e-04	1.755094e-04	1.853307e-04	1.954011e-04	2.057374e-04
	2.163596e-04	2.272676e-04	2.384674e-04	2.499599e-04	2.617161e-04
	2.736643e-04	2.856563e-04	2.974127e-04	3.085284e-04	3.185817e-04
	3.272812e-04	3.345289e-04	3.403925e-04	3.450369e-04	3.486463e-04
	3.513762e-04	3.533361e-04	3.545942e-04	3.551881e-04	3.551385e-04
	3.544628e-04	3.531806e-04	3.513191e-04	3.489247e-04	3.460624e-04
	3.427904e-04	3.391355e-04	3.350935e-04	3.306475e-04	3.257828e-04
	3.204871e-04	3.147409e-04	3.085119e-04	3.017617e-04	2.944565e-04
	2.865698e-04	2.780725e-04	2.689176e-04	2.590338e-04	2.483416e-04
	2.367949e-04	2.244243e-04	2.113452e-04	1.977291e-04	1.837709e-04
	1.696604e-04	1.555344e-04	1.414654e-04	1.275481e-04	1.139899e-04
	1.010756e-04	8.902883e-05	7.792225e-05	6.770272e-05	5.826224e-05
	4.949680e-05	4.134057e-05	3.377561e-05	2.683365e-05	2.058957e-05
	1.514886e-05	1.062353e-05	7.084086e-06	4.508941e-06	2.768630e-06
	1.666560e-06	1.000401e-06	6.060883e-07	3.720693e-07	2.308597e-07
	1.440508e-07	8.995491e-08	5.606095e-08	3.490348e-08	2.179233e-08
	1.367774e-08	8.620728e-09	5.454235e-09	3.476495e-09	2.240324e-09
	1.455509e-09	9.424692e-10	5.978886e-10	3.651751e-10	2.125868e-10
	1.183342e-10	6.378141e-11	3.369465e-11	1.752221e-11	8.932497e-12
	4.427746e-12	2.111318e-12	9.501826e-13	3.854899e-13	1.204233e-13
	1.000000e-60
massfraction-C3H5
	1.000000e-60	1.087899e-08	2.851993e-08	5.593358e-08	9.675645e-08
	1.553778e-07	2.368824e-07	3.468466e-07	4.911583e-07	6.758250e-07
	9.067865e-07	1.189746e-06	1.530040e-06	1.932541e-06	2.401592e-06
	2.940960e-06	3.553815e-06	4.242729e-06	5.009697e-06	5.856183e-06
	6.783154e-06	7.791121e-06	8.880186e-06	1.005010e-05	1.130037e-05
	1.263037e-05	1.403956e-05	1.552790e-05	1.709638e-05	1.874756e-05
	2.048554e-05	2.231205e-05	2.421852e-05	2.618653e-05	2.820118e-05
	3.026360e-05	3.239043e-05	3.460046e-05	3.689796e-05	3.926715e-05
	4.168533e-05	4.414255e-05	4.664652e-05	4.921393e-05	5.184887e-05
	5.455594e-05	5.733449e-05	6.018519e-05	6.310697e-05	6.609042e-05
	6.911414e-05	7.213581e-05	7.507875e-05	7.783593e-05	8.030234e-05
	8.241505e-05	8.416470e-05	8.557833e-05	8.669407e-05	8.754071e-05
	8.812844e-05	8.844823e-05	8.847607e-05	8.817988e-05	8.752896e-05
	8.650335e-05	8.509886e-05	8.333188e-05	8.124683e-05	7.891019e-05
	7.638556e-05	7.371404e-05	7.091750e-05	6.801360e-05	6.502503e-05
	6.197795e-05	5.889525e-05	5.579427e-05	5.269106e-05	4.960488e-05
	4.655733e-05	4.356670e-05	4.064314e-05	3.778895e-05	3.500508e-05
	3.230031e-05	2.969465e-05	2.721309e-05	2.487545e-05	2.269158e-05
	2.066096e-05	1.877110e-05	1.700131e-05	1.533573e-05	1.377320e-05
	1.232221e-05	1.098707e-05	9.760066e-06	8.624591e-06	7.561616e-06
	6.554774e-06	5.593365e-06	4.673416e-06	3.798527e-06	2.980186e-06
	2.237441e-06	1.594504e-06	1.073337e-06	6.833821e-07	4.152288e-07
	2.445391e-07	1.420837e-07	8.251992e-08	4.813299e-08	2.812770e-08
	1.637827e-08	9.455298e-09	5.404293e-09	3.076554e-09	1.768905e-09
	1.044706e-09	6.426017e-10	4.145591e-10	2.791035e-10	1.929416e-10
	1.343548e-10	9.251748e-11	6.184608e-11	3.944298e-11	2.374920e-11
	1.353662e-11	7.399708e-12	3.932627e-12	2.044510e-12	1.037090e-12
	5.097647e-13	2.404567e-13	1.068976e-13	4.282332e-14	1.321899e-14
	1.000000e-60
massfraction-C3H6
	1.000000e-60	8.645489e-08	2.288078e-07	4.532911e-07	7.922644e-07
	1.285447e-06	1.979616e-06	2.926979e-06	4.183608e-06	5.807693e-06
	7.857737e-06	1.039086e-05	1.346143e-05	1.711994e-05	2.141223e-05
	2.637884e-05	3.205466e-05	3.846880e-05	4.564464e-05	5.360019e-05
	6.234835e-05	7.189726e-05	8.225068e-05	9.340862e-05	1.053682e-04
	1.181248e-04	1.316745e-04	1.460173e-04	1.611635e-04	1.771376e-04
	1.939794e-04	2.117050e-04	2.302303e-04	2.493742e-04	2.689891e-04
	2.890824e-04	3.098131e-04	3.313603e-04	3.537613e-04	3.768566e-04
	4.004187e-04	4.243438e-04	4.486992e-04	4.736377e-04	4.991870e-04
	5.253746e-04	5.521699e-04	5.795427e-04	6.074253e-04	6.356351e-04
	6.638151e-04	6.913111e-04	7.170010e-04	7.393172e-04	7.566153e-04
	7.676969e-04	7.720821e-04	7.699200e-04	7.616774e-04	7.478359e-04
	7.287593e-04	7.047180e-04	6.759835e-04	6.429437e-04	6.062134e-04
	5.666274e-04	5.251374e-04	4.827994e-04	4.408030e-04	4.002463e-04
	3.617863e-04	3.255809e-04	2.915402e-04	2.595819e-04	2.297112e-04
	2.019671e-04	1.763490e-04	1.528104e-04	1.313011e-04	1.117943e-04
	9.426801e-05	7.866930e-05	6.489931e-05	5.283105e-05	4.234608e-05
	3.336078e-05	2.581445e-05	1.962975e-05	1.468510e-05	1.082054e-05
	7.858515e-06	5.621213e-06	3.949715e-06	2.718696e-06	1.833077e-06
	1.214264e-06	7.927167e-07	5.100302e-07	3.220566e-07	1.980250e-07
	1.173132e-07	6.611946e-08	3.494969e-08	1.705958e-08	7.571370e-09
	3.016548e-09	1.073719e-09	3.444805e-10	1.022170e-10	2.920993e-11
	8.444112e-12	2.590478e-12	8.733347e-13	3.293783e-13	1.396332e-13
	6.647735e-14	3.552569e-14	2.146349e-14	1.493444e-14	1.207002e-14
	1.093590e-14	1.039022e-14	9.684169e-15	8.462337e-15	6.858954e-15
	5.228236e-15	3.794338e-15	2.622307e-15	1.711023e-15	1.045769e-15
	6.002038e-16	3.277150e-16	1.727953e-16	8.870577e-17	4.429911e-17
	2.140000e-17	9.912953e-18	4.327724e-18	1.703935e-18	5.178563e-19
	1.000000e-60
massfraction-N-C3H7
	1.000000e-60	1.601180e-11	4.243987e-11	8.421219e-11	1.474276e-10
	2.395914e-10	3.695657e-10	5.472668e-10	7.833739e-10	1.088996e-09
	1.475332e-09	1.953339e-09	2.533471e-09	3.225462e-09	4.038161e-09
	4.979409e-09	6.055958e-09	7.273426e-09	8.636291e-09	1.014791e-08
	1.181052e-08	1.362514e-08	1.559152e-08	1.770779e-08	1.997006e-08
	2.237148e-08	2.490064e-08	2.753887e-08	3.025540e-08	3.299844e-08
	3.567947e-08	3.814470e-08	4.014399e-08	4.133839e-08	4.136227e-08
	3.990990e-08	3.684205e-08	3.235252e-08	2.712121e-08	2.213895e-08
	1.812280e-08	1.517455e-08	1.304443e-08	1.147857e-08	1.031500e-08
	9.459470e-09	8.850822e-09	8.450740e-09	8.239827e-09	8.214206e-09
	8.386177e-09	8.787043e-09	9.469619e-09	1.050938e-08	1.200696e-08
	1.408803e-08	1.687761e-08	2.044182e-08	2.474193e-08	2.963454e-08
	3.490013e-08	4.026908e-08	4.544284e-08	5.011522e-08	5.400113e-08
	5.687879e-08	5.862123e-08	5.920194e-08	5.869484e-08	5.726218e-08
	5.510401e-08	5.239955e-08	4.928782e-08	4.588198e-08	4.228538e-08
	3.859322e-08	3.488568e-08	3.122616e-08	2.766779e-08	2.425938e-08
	2.104432e-08	1.805471e-08	1.530797e-08	1.280982e-08	1.056213e-08
	8.569878e-09	6.840386e-09	5.375415e-09	4.164455e-09	3.185129e-09
	2.407440e-09	1.797729e-09	1.323725e-09	9.592296e-10	6.842767e-10
	4.818830e-10	3.359378e-10	2.318386e-10	1.578254e-10	1.052831e-10
	6.821120e-11	4.246694e-11	2.509839e-11	1.389297e-11	7.102963e-12
	3.313461e-12	1.402306e-12	5.418894e-13	1.954972e-13	6.827804e-14
	2.412405e-14	8.989722e-15	3.639552e-15	1.627354e-15	8.118442e-16
	4.580653e-16	2.993685e-16	2.355915e-16	2.354844e-16	3.140019e-16
	5.712677e-16	1.294482e-15	2.255663e-15	2.352532e-15	1.885999e-15
	1.370391e-15	9.509004e-16	6.328018e-16	3.995474e-16	2.373106e-16
	1.330652e-16	7.142090e-17	3.722463e-17	1.896502e-17	9.422595e-18
	4.534835e-18	2.094294e-18	9.119137e-19	3.582062e-19	1.086464e-19
	1.000000e-60
massfraction-I-C3H7
	1.000000e-60	1.746875e-10	4.630173e-10	9.187609e-10	1.608478e-09
	2.614105e-09	4.032430e-09	5.971829e-09	8.549133e-09	1.188606e-08
	1.610558e-08	2.132845e-08	2.767048e-08	3.524045e-08	4.413866e-08
	5.445607e-08	6.627412e-08	7.966526e-08	9.469430e-08	1.114205e-07
	1.299003e-07	1.501901e-07	1.723500e-07	1.964486e-07	2.225671e-07
	2.508064e-07	2.812929e-07	3.141881e-07	3.497002e-07	3.880883e-07
	4.296474e-07	4.745744e-07	5.226817e-07	5.732555e-07	6.252333e-07
	6.773544e-07	7.278482e-07	7.735788e-07	8.091644e-07	8.271092e-07
	8.196258e-07	7.814054e-07	7.123011e-07	6.197324e-07	5.186571e-07
	4.261991e-07	3.526024e-07	2.983775e-07	2.593036e-07	2.314129e-07
	2.122382e-07	2.004873e-07	1.957017e-07	1.980145e-07	2.079841e-07
	2.264203e-07	2.539274e-07	2.901565e-07	3.334069e-07	3.809005e-07
	4.293211e-07	4.752223e-07	5.153182e-07	5.467430e-07	5.673494e-07
	5.760283e-07	5.728146e-07	5.587641e-07	5.358038e-07	5.063892e-07
	4.728589e-07	4.369611e-07	3.998798e-07	3.625079e-07	3.256237e-07
	2.898925e-07	2.558058e-07	2.236863e-07	1.937612e-07	1.662170e-07
	1.411896e-07	1.187246e-07	9.876287e-08	8.117501e-08	6.582125e-08
	5.259697e-08	4.142190e-08	3.218804e-08	2.472335e-08	1.880210e-08
	1.417498e-08	1.059274e-08	7.832697e-09	5.721100e-09	4.129633e-09
	2.953816e-09	2.098810e-09	1.481011e-09	1.034066e-09	7.097781e-10
	4.748297e-10	3.064392e-10	1.885413e-10	1.091417e-10	5.862197e-11
	2.885561e-11	1.293708e-11	5.314389e-12	2.044249e-12	7.630554e-13
	2.884485e-13	1.148515e-13	4.945795e-14	2.332501e-14	1.211340e-14
	6.977748e-15	4.522954e-15	3.364347e-15	2.852698e-15	2.459710e-15
	1.804614e-15	1.077381e-15	5.614294e-16	2.784125e-16	1.401541e-16
	7.385945e-17	4.068021e-17	2.291883e-17	1.283780e-17	6.979645e-18
	3.644790e-18	1.834281e-18	8.972100e-19	4.282633e-19	1.988490e-19
	8.924941e-20	3.843339e-20	1.566169e-20	5.813760e-21	1.696115e-21
	1.000000e-60
massfraction-C3H8
	1.000000e+00	9.990142e-01	9.976889e-01	9.959642e-01	9.937888e-01
	9.911118e-01	9.878852e-01	9.840697e-01	9.796350e-01	9.745590e-01
	9.688279e-01	9.624343e-01	9.553765e-01	9.476570e-01	9.392816e-01
	9.302584e-01	9.205974e-01	9.103100e-01	8.994086e-01	8.879058e-01
	8.758145e-01	8.631478e-01	8.499186e-01	8.361394e-01	8.218219e-01
	8.069758e-01	7.916071e-01	7.757145e-01	7.592844e-01	7.422867e-01
	7.246762e-01	7.064320e-01	6.876331e-01	6.684489e-01	6.490071e-01
	6.292783e-01	6.090876e-01	5.882443e-01	5.666960e-01	5.445763e-01
	5.220783e-01	4.992737e-01	4.760692e-01	4.523353e-01	4.279111e-01
	4.027758e-01	3.768986e-01	3.502309e-01	3.227307e-01	2.944204e-01
	2.654190e-01	2.360279e-01	2.068740e-01	1.789150e-01	1.531825e-01
	1.304096e-01	1.108562e-01	9.436258e-02	8.051211e-02	6.881966e-02
	5.885198e-02	5.027298e-02	4.283881e-02	3.637963e-02	3.077954e-02
	2.594873e-02	2.180509e-02	1.827651e-02	1.530337e-02	1.282387e-02
	1.076271e-02	9.039980e-03	7.587061e-03	6.353474e-03	5.303726e-03
	4.410892e-03	3.652135e-03	3.007648e-03	2.461118e-03	1.999537e-03
	1.612056e-03	1.288825e-03	1.020590e-03	7.989893e-04	6.170491e-04
	4.693401e-04	3.514931e-04	2.594423e-04	1.890327e-04	1.361595e-04
	9.704509e-05	6.839737e-05	4.754916e-05	3.252388e-05	2.189399e-05
	1.455076e-05	9.577129e-06	6.242005e-06	4.011711e-06	2.523054e-06
	1.536970e-06	8.958892e-07	4.927164e-07	2.517036e-07	1.174666e-07
	4.932120e-08	1.846785e-08	6.190894e-09	1.897108e-09	5.508364e-10
	1.584007e-10	4.701803e-11	1.479532e-11	4.978486e-12	1.785018e-12
	6.776221e-13	2.715280e-13	1.152517e-13	5.236552e-14	2.575324e-14
	1.374043e-14	7.881280e-15	4.790349e-15	3.040106e-15	1.985470e-15
	1.314433e-15	8.668152e-16	5.582499e-16	3.444224e-16	2.011578e-16
	1.114184e-16	5.926729e-17	3.068327e-17	1.555123e-17	7.694134e-18
	3.690003e-18	1.699005e-18	7.378582e-19	2.891791e-19	8.754252e-20
	1.000000e-60
V [kg/(s*m^2)]
	4.114921e-01	3.937221e-01	3.762007e-01	3.592186e-01	3.429669e-01
	3.274904e-01	3.127760e-01	2.987988e-01	2.855235e-01	2.729082e-01
	2.609063e-01	2.494696e-01	2.385494e-01	2.280981e-01	2.180700e-01
	2.084227e-01	1.991168e-01	1.901165e-01	1.813894e-01	1.729066e-01
	1.646417e-01	1.565716e-01	1.486757e-01	1.409356e-01	1.333347e-01
	1.258573e-01	1.184881e-01	1.112103e-01	1.040042e-01	9.684549e-02
	8.970687e-02	8.257382e-02	7.547072e-02	6.845121e-02	6.154756e-02
	5.473426e-02	4.793936e-02	4.109234e-02	3.417255e-02	2.721835e-02
	2.028232e-02	1.337529e-02	6.457347e-03	-5.278451e-04	-7.622993e-03
	-1.485365e-02	-2.224226e-02	-2.981961e-02	-3.761876e-02	-4.566001e-02
	-5.394317e-02	-6.242328e-02	-7.096497e-02	-7.932912e-02	-8.723120e-02
	-9.444312e-02	-1.008532e-01	-1.064676e-01	-1.113771e-01	-1.157066e-01
	-1.195773e-01	-1.230883e-01	-1.263137e-01	-1.293050e-01	-1.320944e-01
	-1.347029e-01	-1.371478e-01	-1.394404e-01	-1.415822e-01	-1.435736e-01
	-1.454270e-01	-1.471678e-01	-1.488241e-01	-1.504181e-01	-1.519639e-01
	-1.534707e-01	-1.549474e-01	-1.564033e-01	-1.578472e-01	-1.592847e-01
	-1.607195e-01	-1.621558e-01	-1.636003e-01	-1.650630e-01	-1.665544e-01
	-1.680807e-01	-1.696405e-01	-1.712256e-01	-1.728264e-01	-1.744348e-01
	-1.760467e-01	-1.776655e-01	-1.793034e-01	-1.809716e-01	-1.826689e-01
	-1.843819e-01	-1.860986e-01	-1.878213e-01	-1.895688e-01	-1.913727e-01
	-1.932736e-01	-1.953186e-01	-1.975620e-01	-2.000660e-01	-2.029013e-01
	-2.061436e-01	-2.098596e-01	-2.140864e-01	-2.188080e-01	-2.239479e-01
	-2.293773e-01	-2.349525e-01	-2.405780e-01	-2.462444e-01	-2.520217e-01
	-2.580239e-01	-2.643844e-01	-2.712353e-01	-2.786717e-01	-2.867465e-01
	-2.955283e-01	-3.051493e-01	-3.157029e-01	-3.270806e-01	-3.390149e-01
	-3.513481e-01	-3.642283e-01	-3.780598e-01	-3.933069e-01	-4.101980e-01
	-4.284967e-01	-4.476432e-01	-4.671276e-01	-4.867394e-01	-5.065454e-01
	-5.266870e-01	-5.472595e-01	-5.683041e-01	-5.897892e-01	-6.115290e-01
	-6.332916e-01
density [kg/m^3]
	1.767629e+00	1.765106e+00	1.761735e+00	1.757247e+00	1.751319e+00
	1.743544e+00	1.733453e+00	1.720541e+00	1.704309e+00	1.684305e+00
	1.660172e+00	1.631691e+00	1.598815e+00	1.561678e+00	1.520599e+00
	1.476049e+00	1.428620e+00	1.378978e+00	1.327814e+00	1.275801e+00
	1.223561e+00	1.171643e+00	1.120513e+00	1.070543e+00	1.022022e+00
	9.751515e-01	9.300616e-01	8.868098e-01	8.453874e-01	8.057296e-01
	7.677362e-01	7.313627e-01	6.967350e-01	6.640691e-01	6.334290e-01
	6.046084e-01	5.772372e-01	5.510032e-01	5.258185e-01	5.018020e-01
	4.790870e-01	4.576449e-01	4.372981e-01	4.178281e-01	3.991530e-01
	3.811856e-01	3.638753e-01	3.471673e-01	3.310236e-01	3.154429e-01
	3.004648e-01	2.861961e-01	2.728537e-01	2.607355e-01	2.501038e-01
	2.410628e-01	2.335386e-01	2.273340e-01	2.221988e-01	2.178930e-01
	2.142202e-01	2.110334e-01	2.082278e-01	2.057310e-01	2.034949e-01
	2.014848e-01	1.996724e-01	1.980366e-01	1.965643e-01	1.952445e-01
	1.940591e-01	1.929840e-01	1.919961e-01	1.910784e-01	1.902203e-01
	1.894151e-01	1.886572e-01	1.879416e-01	1.872647e-01	1.866252e-01
	1.860232e-01	1.854595e-01	1.849349e-01	1.844500e-01	1.840074e-01
	1.836129e-01	1.832759e-01	1.830072e-01	1.828174e-01	1.827151e-01
	1.827074e-01	1.828006e-01	1.830028e-01	1.833242e-01	1.837733e-01
	1.843524e-01	1.850580e-01	1.858885e-01	1.868505e-01	1.879618e-01
	1.892521e-01	1.907634e-01	1.925508e-01	1.946847e-01	1.972528e-01
	2.003606e-01	2.041239e-01	2.086531e-01	2.140314e-01	2.202966e-01
	2.274288e-01	2.353664e-01	2.440798e-01	2.536518e-01	2.643190e-01
	2.764691e-01	2.906422e-01	3.075305e-01	3.279132e-01	3.526150e-01
	3.826600e-01	4.194515e-01	4.642806e-01	5.171592e-01	5.763741e-01
	6.397437e-01	7.060781e-01	7.750380e-01	8.457341e-01	9.151179e-01
	9.780882e-01	1.030235e+00	1.070159e+00	1.099154e+00	1.119554e+00
	1.133556e+00	1.142924e+00	1.149027e+00	1.152891e+00	1.155263e+00
	1.156679e+00
cp [J/m^3K]
	1.677129e+03	1.677346e+03	1.677731e+03	1.678424e+03	1.679633e+03
	1.681628e+03	1.684748e+03	1.689387e+03	1.695968e+03	1.704922e+03
	1.716652e+03	1.731508e+03	1.749758e+03	1.771566e+03	1.796983e+03
	1.825941e+03	1.858256e+03	1.893643e+03	1.931726e+03	1.972061e+03
	2.014155e+03	2.057483e+03	2.101506e+03	2.145685e+03	2.189499e+03
	2.232452e+03	2.274083e+03	2.313979e+03	2.351781e+03	2.387177e+03
	2.419887e+03	2.449581e+03	2.475816e+03	2.498162e+03	2.516408e+03
	2.530584e+03	2.540772e+03	2.546937e+03	2.548915e+03	2.546569e+03
	2.539915e+03	2.529053e+03	2.514012e+03	2.494828e+03	2.471059e+03
	2.442191e+03	2.404416e+03	2.362344e+03	2.315708e+03	2.264347e+03
	2.208305e+03	2.148065e+03	2.084966e+03	2.021378e+03	1.960202e+03
	1.903911e+03	1.853894e+03	1.810395e+03	1.772823e+03	1.740237e+03
	1.711694e+03	1.686421e+03	1.663845e+03	1.643563e+03	1.625316e+03
	1.608914e+03	1.594189e+03	1.581002e+03	1.569264e+03	1.558878e+03
	1.549683e+03	1.541469e+03	1.534032e+03	1.527221e+03	1.520936e+03
	1.515103e+03	1.509659e+03	1.504543e+03	1.499704e+03	1.495105e+03
	1.490717e+03	1.486513e+03	1.482459e+03	1.478515e+03	1.474646e+03
	1.470827e+03	1.467054e+03	1.463339e+03	1.459691e+03	1.456116e+03
	1.452610e+03	1.449153e+03	1.445709e+03	1.442243e+03	1.438749e+03
	1.435246e+03	1.431745e+03	1.428234e+03	1.424664e+03	1.420962e+03
	1.417035e+03	1.412772e+03	1.408046e+03	1.402704e+03	1.396569e+03
	1.389446e+03	1.381148e+03	1.371552e+03	1.360656e+03	1.348607e+03
	1.335692e+03	1.322255e+03	1.308544e+03	1.294605e+03	1.280292e+03
	1.265352e+03	1.249494e+03	1.232456e+03	1.214120e+03	1.194068e+03
	1.170292e+03	1.144278e+03	1.118341e+03	1.094912e+03	1.075559e+03
	1.060375e+03	1.048534e+03	1.039115e+03	1.031497e+03	1.025385e+03
	1.020664e+03	1.017191e+03	1.014734e+03	1.013031e+03	1.011859e+03
	1.011056e+03	1.010510e+03	1.010143e+03	1.009899e+03	1.009738e+03
	1.009633e+03
lambda [W/m]
	1.571348e-02	1.575216e-02	1.580138e-02	1.586471e-02	1.594679e-02
	1.605385e-02	1.619361e-02	1.637502e-02	1.660799e-02	1.690306e-02
	1.727099e-02	1.772233e-02	1.826702e-02	1.891403e-02	1.967107e-02
	2.054437e-02	2.153848e-02	2.265621e-02	2.389858e-02	2.526490e-02
	2.675288e-02	2.835873e-02	3.007736e-02	3.190261e-02	3.382749e-02
	3.584454e-02	3.794629e-02	4.012588e-02	4.237793e-02	4.469912e-02
	4.708806e-02	4.953983e-02	5.203625e-02	5.454822e-02	5.705379e-02
	5.955251e-02	6.206230e-02	6.460182e-02	6.717200e-02	6.975222e-02
	7.231690e-02	7.485621e-02	7.737882e-02	7.989850e-02	8.242221e-02
	8.493713e-02	8.735660e-02	8.979577e-02	9.225484e-02	9.472887e-02
	9.720599e-02	9.966148e-02	1.020479e-01	1.042967e-01	1.063386e-01
	1.081296e-01	1.096614e-01	1.109547e-01	1.120468e-01	1.129788e-01
	1.137861e-01	1.144965e-01	1.151303e-01	1.157016e-01	1.162195e-01
	1.166908e-01	1.171207e-01	1.175131e-01	1.178699e-01	1.181927e-01
	1.184849e-01	1.187514e-01	1.189972e-01	1.192259e-01	1.194394e-01
	1.196388e-01	1.198248e-01	1.199978e-01	1.201580e-01	1.203047e-01
	1.204368e-01	1.205529e-01	1.206514e-01	1.207303e-01	1.207866e-01
	1.208161e-01	1.208138e-01	1.207745e-01	1.206933e-01	1.205664e-01
	1.203904e-01	1.201615e-01	1.198745e-01	1.195232e-01	1.191043e-01
	1.186192e-01	1.180723e-01	1.174658e-01	1.167962e-01	1.160533e-01
	1.152209e-01	1.142777e-01	1.131969e-01	1.119471e-01	1.104919e-01
	1.087930e-01	1.068169e-01	1.045462e-01	1.019914e-01	9.919439e-02
	9.622530e-02	9.316388e-02	9.006540e-02	8.693949e-02	8.375382e-02
	8.045439e-02	7.698184e-02	7.328681e-02	6.935429e-02	6.519123e-02
	6.075751e-02	5.615665e-02	5.155556e-02	4.719222e-02	4.328078e-02
	3.989494e-02	3.697777e-02	3.443717e-02	3.221932e-02	3.033353e-02
	2.881909e-02	2.768143e-02	2.687124e-02	2.631188e-02	2.593133e-02
	2.567549e-02	2.550613e-02	2.539606e-02	2.532598e-02	2.528241e-02
	2.525581e-02
mu [kg/s^2m]
	8.255382e-06	8.265051e-06	8.278928e-06	8.298467e-06	8.325411e-06
	8.361926e-06	8.410593e-06	8.474309e-06	8.556204e-06	8.659515e-06
	8.787453e-06	8.943048e-06	9.129019e-06	9.347660e-06	9.600765e-06
	9.889574e-06	1.021477e-05	1.057651e-05	1.097448e-05	1.140798e-05
	1.187604e-05	1.237746e-05	1.291095e-05	1.347519e-05	1.406892e-05
	1.469103e-05	1.534068e-05	1.601747e-05	1.672170e-05	1.745454e-05
	1.821799e-05	1.901322e-05	1.983717e-05	2.068287e-05	2.154518e-05
	2.242595e-05	2.333374e-05	2.427816e-05	2.526290e-05	2.628331e-05
	2.733185e-05	2.840649e-05	2.951307e-05	3.066075e-05	3.185714e-05
	3.310735e-05	3.441657e-05	3.579131e-05	3.723795e-05	3.876020e-05
	4.035710e-05	4.201761e-05	4.371078e-05	4.538242e-05	4.696757e-05
	4.841306e-05	4.969160e-05	5.080241e-05	5.176370e-05	5.260131e-05
	5.334039e-05	5.400148e-05	5.460003e-05	5.514688e-05	5.564905e-05
	5.611144e-05	5.653812e-05	5.693202e-05	5.729431e-05	5.762597e-05
	5.792991e-05	5.821095e-05	5.847412e-05	5.872319e-05	5.896045e-05
	5.918733e-05	5.940501e-05	5.961467e-05	5.981718e-05	6.001285e-05
	6.020156e-05	6.038309e-05	6.055737e-05	6.072440e-05	6.088384e-05
	6.103440e-05	6.117365e-05	6.129853e-05	6.140599e-05	6.149349e-05
	6.155905e-05	6.160123e-05	6.161864e-05	6.160941e-05	6.157170e-05
	6.150482e-05	6.140947e-05	6.128662e-05	6.113606e-05	6.095567e-05
	6.074115e-05	6.048617e-05	6.018223e-05	5.981869e-05	5.938272e-05
	5.885972e-05	5.823529e-05	5.749845e-05	5.664574e-05	5.568362e-05
	5.462924e-05	5.350586e-05	5.233106e-05	5.110711e-05	4.981973e-05
	4.844400e-05	4.694980e-05	4.530817e-05	4.350285e-05	4.153595e-05
	3.941636e-05	3.715269e-05	3.478550e-05	3.241955e-05	3.018593e-05
	2.816358e-05	2.635703e-05	2.473870e-05	2.329497e-05	2.204720e-05
	2.103344e-05	2.026619e-05	1.971764e-05	1.933854e-05	1.908105e-05
	1.890868e-05	1.879539e-05	1.872258e-05	1.867697e-05	1.864927e-05
	1.863292e-05
mDot_C3H8 [kg/m^3s]
	0.000000e+00	-6.553842e-12	-1.786736e-11	-3.796606e-11	-7.316883e-11
	-1.334481e-10	-2.346962e-10	-4.026558e-10	-6.801301e-10	-1.140155e-09
	-1.910123e-09	-3.216147e-09	-5.464986e-09	-9.395707e-09	-1.636030e-08
	-2.884159e-08	-5.140518e-08	-9.244149e-08	-1.673414e-07	-3.042682e-07
	-5.546155e-07	-1.011870e-06	-1.845354e-06	-3.359791e-06	-6.098423e-06
	-1.101743e-05	-1.977373e-05	-3.519122e-05	-6.201052e-05	-1.080947e-04
	-1.863678e-04	-3.176157e-04	-5.335846e-04	-8.801534e-04	-1.423110e-03
	-2.261365e-03	-3.551015e-03	-5.538258e-03	-8.593100e-03	-1.323998e-02
	-2.021088e-02	-3.057753e-02	-4.599593e-02	-6.905767e-02	-1.037830e-01
	-1.563912e-01	-2.366730e-01	-3.603607e-01	-5.530245e-01	-8.563685e-01
	-1.338602e+00	-2.109540e+00	-3.336383e+00	-5.252740e+00	-8.159294e+00
	-1.242489e+01	-1.846783e+01	-2.667339e+01	-3.727209e+01	-5.025252e+01
	-6.533828e+01	-8.199525e+01	-9.945950e+01	-1.167857e+02	-1.329323e+02
	-1.469195e+02	-1.579857e+02	-1.656576e+02	-1.697881e+02	-1.705824e+02
	-1.684949e+02	-1.640345e+02	-1.576451e+02	-1.497053e+02	-1.405673e+02
	-1.305664e+02	-1.200023e+02	-1.091290e+02	-9.817007e+01	-8.733670e+01
	-7.682498e+01	-6.679591e+01	-5.736114e+01	-4.858954e+01	-4.053286e+01
	-3.325141e+01	-2.681311e+01	-2.126482e+01	-1.660499e+01	-1.278169e+01
	-9.706477e+00	-7.268810e+00	-5.356429e+00	-3.875537e+00	-2.753173e+00
	-1.925241e+00	-1.328674e+00	-9.048062e-01	-6.056164e-01	-3.955376e-01
	-2.495698e-01	-1.502834e-01	-8.512782e-02	-4.461426e-02	-2.124373e-02
	-9.030363e-03	-3.386235e-03	-1.120399e-03	-3.327954e-04	-9.174433e-05
	-2.450982e-05	-6.617320e-06	-1.856225e-06	-5.455776e-07	-1.670041e-07
	-5.264725e-08	-1.692727e-08	-5.529676e-09	-1.845368e-09	-6.361346e-10
	-2.278232e-10	-8.419228e-11	-3.169290e-11	-1.208559e-11	-4.720219e-12
	-1.919065e-12	-8.104368e-13	-3.465842e-13	-1.449250e-13	-5.778809e-14
	-2.191815e-14	-8.017740e-15	-2.867753e-15	-1.004404e-15	-3.403206e-16
	-1.094325e-16	-3.255664e-17	-8.579915e-18	-1.814826e-18	-2.228698e-19
	0.000000e+00
ScalarDissRate [1/s]
	1.440632e-04	2.804112e-04	8.629721e-04	2.481497e-03	6.623954e-03
	1.643209e-02	3.801010e-02	8.228725e-02	1.674034e-01	3.214126e-01
	5.849556e-01	1.013464e+00	1.678482e+00	2.667778e+00	4.084077e+00
	6.042371e+00	8.665970e+00	1.208153e+01	1.641348e+01	2.177811e+01
	2.827772e+01	3.599503e+01	4.498821e+01	5.528685e+01	6.688924e+01
	7.976124e+01	9.383716e+01	1.090235e+02	1.252056e+02	1.422526e+02
	1.600170e+02	1.782931e+02	1.967473e+02	2.149500e+02	2.325269e+02
	2.492620e+02	2.650509e+02	2.797598e+02	2.931221e+02	3.047756e+02
	3.144066e+02	3.218419e+02	3.270173e+02	3.298183e+02	3.301684e+02
	3.278537e+02	3.229338e+02	3.153013e+02	3.050705e+02	2.923271e+02
	2.772680e+02	2.602727e+02	2.420119e+02	2.234579e+02	2.056741e+02
	1.894865e+02	1.753054e+02	1.631531e+02	1.527997e+02	1.439235e+02
	1.362170e+02	1.294323e+02	1.233841e+02	1.179413e+02	1.130161e+02
	1.085451e+02	1.044751e+02	1.007658e+02	9.739437e+01	9.434091e+01
	9.156900e+01	8.902649e+01	8.666126e+01	8.443364e+01	8.231795e+01
	8.029666e+01	7.835413e+01	7.647475e+01	7.464517e+01	7.285621e+01
	7.110190e+01	6.937619e+01	6.767017e+01	6.597187e+01	6.426948e+01
	6.255686e+01	6.083676e+01	5.911877e+01	5.741378e+01	5.573030e+01
	5.407261e+01	5.243695e+01	5.081150e+01	4.918638e+01	4.756446e+01
	4.595982e+01	4.438437e+01	4.283669e+01	4.130141e+01	3.975397e+01
	3.816527e+01	3.650506e+01	3.474295e+01	3.284987e+01	3.080020e+01
	2.857718e+01	2.618392e+01	2.365471e+01	2.106007e+01	1.849556e+01
	1.606095e+01	1.383323e+01	1.184419e+01	1.008312e+01	8.517404e+00
	7.113993e+00	5.849298e+00	4.712338e+00	3.705275e+00	2.835759e+00
	2.106654e+00	1.511654e+00	1.044004e+00	6.961832e-01	4.523672e-01
	2.882122e-01	1.792844e-01	1.073866e-01	6.086819e-02	3.228781e-02
	1.608492e-02	7.638711e-03	3.510549e-03	1.571086e-03	6.824829e-04
	2.859671e-04	1.150132e-04	4.426343e-05	1.628808e-05	5.763313e-06
	3.168362e-06
ZBilger
	1.000000e+00	9.991781e-01	9.980579e-01	9.965845e-01	9.947105e-01
	9.923891e-01	9.895762e-01	9.862355e-01	9.823387e-01	9.778653e-01
	9.728021e-01	9.671420e-01	9.608833e-01	9.540282e-01	9.465821e-01
	9.385529e-01	9.299500e-01	9.207847e-01	9.110686e-01	9.008143e-01
	8.900342e-01	8.787409e-01	8.669472e-01	8.546650e-01	8.419057e-01
	8.286789e-01	8.149905e-01	8.008402e-01	7.862163e-01	7.710929e-01
	7.554302e-01	7.392101e-01	7.225036e-01	7.054612e-01	6.881965e-01
	6.706836e-01	6.527672e-01	6.342783e-01	6.151707e-01	5.955630e-01
	5.756265e-01	5.554245e-01	5.348743e-01	5.138541e-01	4.922354e-01
	4.699921e-01	4.470967e-01	4.235055e-01	3.991800e-01	3.741377e-01
	3.484804e-01	3.224683e-01	2.966465e-01	2.718492e-01	2.489750e-01
	2.286606e-01	2.111281e-01	1.962324e-01	1.836025e-01	1.728054e-01
	1.634522e-01	1.552386e-01	1.479425e-01	1.414094e-01	1.355374e-01
	1.302528e-01	1.254925e-01	1.212069e-01	1.173650e-01	1.139364e-01
	1.108711e-01	1.081027e-01	1.055674e-01	1.032169e-01	1.010194e-01
	9.895272e-02	9.699723e-02	9.513410e-02	9.334744e-02	9.162601e-02
	8.996202e-02	8.834786e-02	8.677356e-02	8.522688e-02	8.369630e-02
	8.217593e-02	8.066807e-02	7.918085e-02	7.772327e-02	7.630194e-02
	7.491967e-02	7.357241e-02	7.224952e-02	7.094208e-02	6.965110e-02
	6.838564e-02	6.715199e-02	6.594519e-02	6.474899e-02	6.353944e-02
	6.228796e-02	6.096297e-02	5.952950e-02	5.794880e-02	5.617846e-02
	5.417563e-02	5.190706e-02	4.936367e-02	4.657462e-02	4.360902e-02
	4.056540e-02	3.754489e-02	3.461424e-02	3.179019e-02	2.905170e-02
	2.636516e-02	2.370166e-02	2.104888e-02	1.842347e-02	1.586538e-02
	1.341216e-02	1.108875e-02	8.936830e-03	7.028738e-03	5.423069e-03
	4.119491e-03	3.070872e-03	2.224462e-03	1.546251e-03	1.022628e-03
	6.445896e-04	3.912860e-04	2.314152e-04	1.342584e-04	7.656700e-05
	4.301913e-05	2.390024e-05	1.308262e-05	6.795052e-06	2.835335e-06
	0.000000e+00
ScalarDissRateBilger [1/s]
	2.020452e-02	2.877417e-02	5.406927e-02	9.762043e-02	1.688758e-01
	2.803794e-01	4.480518e-01	6.911304e-01	1.032029e+00	1.496057e+00
	2.111048e+00	2.906946e+00	3.915413e+00	5.169477e+00	6.703201e+00
	8.551374e+00	1.074922e+01	1.333211e+01	1.633532e+01	1.979381e+01
	2.374187e+01	2.821285e+01	3.323876e+01	3.884996e+01	4.507500e+01
	5.194073e+01	5.947286e+01	6.769774e+01	7.664555e+01	8.635329e+01
	9.686507e+01	1.082071e+02	1.203345e+02	1.331274e+02	1.464738e+02
	1.603557e+02	1.748515e+02	1.900452e+02	2.059075e+02	2.222517e+02
	2.388245e+02	2.554427e+02	2.718307e+02	2.882735e+02	3.046260e+02
	3.201874e+02	3.350437e+02	3.486280e+02	3.604778e+02	3.700179e+02
	3.765797e+02	3.794595e+02	3.780832e+02	3.723044e+02	3.626235e+02
	3.500630e+02	3.357749e+02	3.206805e+02	3.053128e+02	2.898781e+02
	2.743996e+02	2.588475e+02	2.432141e+02	2.275574e+02	2.120206e+02
	1.968010e+02	1.821008e+02	1.681246e+02	1.550870e+02	1.431478e+02
	1.323315e+02	1.225404e+02	1.136368e+02	1.055076e+02	9.807739e+01
	9.128943e+01	8.508607e+01	7.940641e+01	7.419568e+01	6.941053e+01
	6.501478e+01	6.097065e+01	5.723401e+01	5.375677e+01	5.049504e+01
	4.741838e+01	4.451224e+01	4.177163e+01	3.919256e+01	3.676926e+01
	3.449443e+01	3.235643e+01	3.034131e+01	2.844585e+01	2.668678e+01
	2.509167e+01	2.367885e+01	2.244703e+01	2.138016e+01	2.045647e+01
	1.965417e+01	1.895270e+01	1.833035e+01	1.776048e+01	1.720798e+01
	1.662858e+01	1.597451e+01	1.520714e+01	1.431170e+01	1.330279e+01
	1.221738e+01	1.109927e+01	9.981661e+00	8.879911e+00	7.795926e+00
	6.728654e+00	5.682123e+00	4.670706e+00	3.721804e+00	2.868078e+00
	2.132217e+00	1.519378e+00	1.030117e+00	6.639485e-01	4.100119e-01
	2.444099e-01	1.401617e-01	7.615465e-02	3.840399e-02	1.772049e-02
	7.500417e-03	2.959041e-03	1.105914e-03	3.939923e-04	1.333427e-04
	4.281357e-05	1.323604e-05	4.127499e-06	1.424928e-06	6.152479e-07
	4.278300e-07
ChiAnalytOverChiStoich
	1.000000e-10	1.000000e-10	1.000000e-10	7.807145e-03	2.060523e-02
	3.882346e-02	6.429557e-02	9.920090e-02	1.460147e-01	2.074237e-01
	2.862145e-01	3.851443e-01	5.068115e-01	6.535354e-01	8.272499e-01
	1.029419e+00	1.260977e+00	1.522291e+00	1.813162e+00	2.132839e+00
	2.480057e+00	2.853079e+00	3.249756e+00	3.667593e+00	4.103820e+00
	4.555483e+00	5.019537e+00	5.492974e+00	5.972980e+00	6.456986e+00
	6.942550e+00	7.426178e+00	7.901543e+00	8.360403e+00	8.796256e+00
	9.206503e+00	9.590987e+00	9.948423e+00	1.027386e+01	1.055943e+01
	1.079777e+01	1.098421e+01	1.111572e+01	1.118860e+01	1.119798e+01
	1.113816e+01	1.100353e+01	1.078851e+01	1.048778e+01	1.009738e+01
	9.616384e+00	9.050031e+00	8.415217e+00	7.743580e+00	7.075928e+00
	6.449212e+00	5.886623e+00	5.395676e+00	4.972071e+00	4.606015e+00
	4.286999e+00	4.006140e+00	3.756653e+00	3.533693e+00	3.333982e+00
	3.155071e+00	2.994781e+00	2.851340e+00	2.723563e+00	2.610272e+00
	2.509646e+00	2.419354e+00	2.337187e+00	2.261492e+00	2.191171e+00
	2.125450e+00	2.063655e+00	2.005146e+00	1.949392e+00	1.896015e+00
	1.844748e+00	1.795337e+00	1.747462e+00	1.700741e+00	1.654822e+00
	1.609530e+00	1.564937e+00	1.521282e+00	1.478822e+00	1.437737e+00
	1.398091e+00	1.359751e+00	1.322403e+00	1.285787e+00	1.249930e+00
	1.215074e+00	1.181380e+00	1.148699e+00	1.116583e+00	1.084396e+00
	1.051404e+00	1.016827e+00	9.798366e-01	9.395630e-01	8.951173e-01
	8.457008e-01	7.908758e-01	7.309138e-01	6.670653e-01	6.014596e-01
	5.366914e-01	4.751047e-01	4.180310e-01	3.656440e-01	3.173960e-01
	2.726057e-01	2.307847e-01	1.917904e-01	1.559108e-01	1.236443e-01
	9.528749e-02	7.084681e-02	5.037404e-02	3.401273e-02	2.158332e-02
	1.241189e-02	5.642955e-03	5.807925e-04	1.000000e-10	1.000000e-10
	1.000000e-10	1.000000e-10	1.000000e-10	1.000000e-10	1.000000e-10
	1.000000e-10	1.000000e-10	1.000000e-10	1.000000e-10	1.000000e-10
	1.000000e-10
ChiKWOverChiKWStoich
	6.185291e-11	6.186512e-11	6.188148e-11	4.832883e-03	1.276130e-02
	2.405915e-02	3.987661e-02	6.158945e-02	9.077462e-02	1.291662e-01
	1.785957e-01	2.409218e-01	3.179601e-01	4.114153e-01	5.228195e-01
	6.534797e-01	8.044340e-01	9.764218e-01	1.169866e+00	1.384870e+00
	1.621221e+00	1.878398e+00	2.155595e+00	2.451743e+00	2.765547e+00
	3.095534e+00	3.440111e+00	3.797656e+00	4.166645e+00	4.545710e+00
	4.933568e+00	5.328087e+00	5.724704e+00	6.116940e+00	6.499389e+00
	6.869824e+00	7.228308e+00	7.574183e+00	7.903482e+00	8.209089e+00
	8.483687e+00	8.722271e+00	8.921599e+00	9.078161e+00	9.186786e+00
	9.241466e+00	9.235806e+00	9.163175e+00	9.016693e+00	8.790020e+00
	8.478763e+00	8.083219e+00	7.613405e+00	7.092994e+00	6.556187e+00
	6.037027e+00	5.559643e+00	5.134896e+00	4.762607e+00	4.436717e+00
	4.149630e+00	3.894555e+00	3.666178e+00	3.460674e+00	3.275484e+00
	3.108695e+00	2.958561e+00	2.823647e+00	2.703020e+00	2.595715e+00
	2.500126e+00	2.414125e+00	2.335669e+00	2.263222e+00	2.195767e+00
	2.132584e+00	2.073041e+00	2.016537e+00	1.962567e+00	1.910768e+00
	1.860888e+00	1.812680e+00	1.765831e+00	1.719962e+00	1.674722e+00
	1.629929e+00	1.585639e+00	1.542081e+00	1.499505e+00	1.458089e+00
	1.417899e+00	1.378806e+00	1.340492e+00	1.302694e+00	1.265441e+00
	1.229001e+00	1.193562e+00	1.158999e+00	1.124868e+00	1.090522e+00
	1.055202e+00	1.018101e+00	9.783669e-01	9.351128e-01	8.874548e-01
	8.346326e-01	7.763012e-01	7.128891e-01	6.458541e-01	5.775368e-01
	5.106920e-01	4.477309e-01	3.899577e-01	3.374701e-01	2.896461e-01
	2.457555e-01	2.052838e-01	1.680706e-01	1.343678e-01	1.046039e-01
	7.898592e-02	5.742994e-02	3.986675e-02	2.626283e-02	1.627168e-02
	9.151886e-03	4.077343e-03	4.119644e-04	6.975283e-11	6.873742e-11
	6.791536e-11	6.729523e-11	6.685296e-11	6.654776e-11	6.634056e-11
	6.620177e-11	6.611041e-11	6.605153e-11	6.601450e-11	6.599187e-11
	6.597840e-11
ChiKWFact
	6.185291e-01	6.186512e-01	6.188148e-01	6.190334e-01	6.193236e-01
	6.197065e-01	6.202077e-01	6.208557e-01	6.216816e-01	6.227169e-01
	6.239925e-01	6.255366e-01	6.273735e-01	6.295226e-01	6.319971e-01
	6.348042e-01	6.379453e-01	6.414161e-01	6.452078e-01	6.493084e-01
	6.537031e-01	6.583757e-01	6.633097e-01	6.684883e-01	6.738958e-01
	6.795183e-01	6.853443e-01	6.913661e-01	6.975824e-01	7.039987e-01
	7.106277e-01	7.174737e-01	7.245045e-01	7.316561e-01	7.388813e-01
	7.461925e-01	7.536563e-01	7.613452e-01	7.692808e-01	7.774176e-01
	7.856887e-01	7.940732e-01	8.026111e-01	8.113762e-01	8.203968e-01
	8.297120e-01	8.393496e-01	8.493459e-01	8.597334e-01	8.705248e-01
	8.816997e-01	8.931703e-01	9.047189e-01	9.159838e-01	9.265481e-01
	9.360875e-01	9.444536e-01	9.516687e-01	9.578718e-01	9.632442e-01
	9.679566e-01	9.721465e-01	9.759160e-01	9.793363e-01	9.824538e-01
	9.853010e-01	9.879056e-01	9.902877e-01	9.924573e-01	9.944235e-01
	9.962068e-01	9.978386e-01	9.993503e-01	1.000765e+00	1.002098e+00
	1.003356e+00	1.004549e+00	1.005681e+00	1.006758e+00	1.007781e+00
	1.008749e+00	1.009660e+00	1.010512e+00	1.011302e+00	1.012026e+00
	1.012674e+00	1.013229e+00	1.013672e+00	1.013986e+00	1.014155e+00
	1.014168e+00	1.014014e+00	1.013679e+00	1.013149e+00	1.012410e+00
	1.011461e+00	1.010312e+00	1.008967e+00	1.007420e+00	1.005649e+00
	1.003612e+00	1.001253e+00	9.985000e-01	9.952636e-01	9.914397e-01
	9.869124e-01	9.815716e-01	9.753395e-01	9.682022e-01	9.602254e-01
	9.515562e-01	9.423837e-01	9.328441e-01	9.229473e-01	9.125703e-01
	9.015053e-01	8.895036e-01	8.763241e-01	8.618246e-01	8.460066e-01
	8.289223e-01	8.106214e-01	7.914146e-01	7.721470e-01	7.539006e-01
	7.373482e-01	7.225545e-01	7.093143e-01	6.975283e-01	6.873742e-01
	6.791536e-01	6.729523e-01	6.685296e-01	6.654776e-01	6.634056e-01
	6.620177e-01	6.611041e-01	6.605153e-01	6.601450e-01	6.599187e-01
	6.597840e-01
MolarMass [kg/kmole]
	4.409000e+01	4.404033e+01	4.397947e+01	4.390629e+01	4.381994e+01
	4.371948e+01	4.360405e+01	4.347309e+01	4.332629e+01	4.316362e+01
	4.298527e+01	4.279165e+01	4.258329e+01	4.236085e+01	4.212506e+01
	4.187670e+01	4.161660e+01	4.134558e+01	4.106449e+01	4.077415e+01
	4.047537e+01	4.016892e+01	3.985556e+01	3.953601e+01	3.921092e+01
	3.888090e+01	3.854644e+01	3.820786e+01	3.786523e+01	3.751829e+01
	3.716654e+01	3.681000e+01	3.645061e+01	3.609185e+01	3.573613e+01
	3.538290e+01	3.502915e+01	3.467182e+01	3.431046e+01	3.394766e+01
	3.358678e+01	3.322899e+01	3.287285e+01	3.251446e+01	3.215595e+01
	3.179507e+01	3.143180e+01	3.106582e+01	3.069693e+01	3.032578e+01
	2.995418e+01	2.958601e+01	2.922872e+01	2.889303e+01	2.858969e+01
	2.832543e+01	2.810145e+01	2.791450e+01	2.775888e+01	2.762854e+01
	2.751829e+01	2.742420e+01	2.734350e+01	2.727428e+01	2.721527e+01
	2.716548e+01	2.712400e+01	2.709001e+01	2.706280e+01	2.704158e+01
	2.702544e+01	2.701347e+01	2.700494e+01	2.699931e+01	2.699621e+01
	2.699535e+01	2.699648e+01	2.699940e+01	2.700398e+01	2.701008e+01
	2.701760e+01	2.702642e+01	2.703648e+01	2.704777e+01	2.706030e+01
	2.707405e+01	2.708896e+01	2.710487e+01	2.712159e+01	2.713896e+01
	2.715685e+01	2.717521e+01	2.719414e+01	2.721373e+01	2.723392e+01
	2.725453e+01	2.727538e+01	2.729646e+01	2.731798e+01	2.734030e+01
	2.736387e+01	2.738923e+01	2.741697e+01	2.744773e+01	2.748215e+01
	2.752082e+01	2.756406e+01	2.761177e+01	2.766323e+01	2.771723e+01
	2.777226e+01	2.782691e+01	2.788038e+01	2.793265e+01	2.798435e+01
	2.803630e+01	2.808927e+01	2.814378e+01	2.819980e+01	2.825686e+01
	2.831452e+01	2.837269e+01	2.843080e+01	2.848716e+01	2.853967e+01
	2.858736e+01	2.863063e+01	2.867035e+01	2.870694e+01	2.873982e+01
	2.876779e+01	2.879014e+01	2.880715e+01	2.881978e+01	2.882911e+01
	2.883600e+01	2.884107e+01	2.884481e+01	2.884756e+01	2.884958e+01
	2.885106e+01
TotalEnthalpy [J/kg]
	-2.352410e+06	-2.352021e+06	-2.351472e+06	-2.350704e+06	-2.349642e+06
	-2.348183e+06	-2.346206e+06	-2.343562e+06	-2.340089e+06	-2.335607e+06
	-2.329930e+06	-2.322870e+06	-2.314242e+06	-2.303871e+06	-2.291595e+06
	-2.277266e+06	-2.260760e+06	-2.241971e+06	-2.220816e+06	-2.197235e+06
	-2.171191e+06	-2.142666e+06	-2.111665e+06	-2.078213e+06	-2.042350e+06
	-2.004131e+06	-1.963615e+06	-1.920857e+06	-1.875892e+06	-1.828719e+06
	-1.779303e+06	-1.727690e+06	-1.674229e+06	-1.619540e+06	-1.564137e+06
	-1.508087e+06	-1.451051e+06	-1.392663e+06	-1.332977e+06	-1.272572e+06
	-1.212181e+06	-1.152188e+06	-1.092542e+06	-1.033125e+06	-9.738043e+05
	-9.148194e+05	-8.564610e+05	-7.989936e+05	-7.427180e+05	-6.880976e+05
	-6.357755e+05	-5.866407e+05	-5.418977e+05	-5.028231e+05	-4.702367e+05
	-4.441195e+05	-4.237299e+05	-4.079796e+05	-3.957665e+05	-3.861745e+05
	-3.785262e+05	-3.723548e+05	-3.673483e+05	-3.633008e+05	-3.600755e+05
	-3.575715e+05	-3.557043e+05	-3.544011e+05	-3.535953e+05	-3.532166e+05
	-3.531931e+05	-3.534632e+05	-3.539828e+05	-3.547211e+05	-3.556546e+05
	-3.567621e+05	-3.580261e+05	-3.594326e+05	-3.609693e+05	-3.626218e+05
	-3.643724e+05	-3.662025e+05	-3.680943e+05	-3.700312e+05	-3.719915e+05
	-3.739397e+05	-3.758197e+05	-3.775586e+05	-3.790761e+05	-3.802930e+05
	-3.811351e+05	-3.815342e+05	-3.814194e+05	-3.807083e+05	-3.793209e+05
	-3.772061e+05	-3.743481e+05	-3.707361e+05	-3.663271e+05	-3.610223e+05
	-3.546562e+05	-3.469926e+05	-3.377186e+05	-3.264408e+05	-3.126920e+05
	-2.959748e+05	-2.758917e+05	-2.523622e+05	-2.258617e+05	-1.974952e+05
	-1.688226e+05	-1.414125e+05	-1.163287e+05	-9.398337e+04	-7.436268e+04
	-5.735013e+04	-4.290421e+04	-3.111356e+04	-2.215963e+04	-1.614071e+04
	-1.283048e+04	-1.169882e+04	-1.201388e+04	-1.288360e+04	-1.351616e+04
	-1.350605e+04	-1.279196e+04	-1.145774e+04	-9.641079e+03	-7.550059e+03
	-5.458915e+03	-3.605768e+03	-2.101344e+03	-9.403523e+02	-6.591758e+01
	5.826388e+02	1.055933e+03	1.394884e+03	1.632225e+03	1.793728e+03
	1.900584e+03
trailer
Lewis numbers evaluated at maximum consumption
N2	-1
O2	1.01224
@ Z = 0.0776352
H	0.167024
@ Z = 0.122156
OH	0.671113
@ Z = 0.0982689
O	0.658604
@ Z = 0.0827289
H2	0.279357
@ Z = 0.0648931
H2O	-1
HO2	1.02044
@ Z = 0.00324138
H2O2	1.00769
@ Z = 0.0502744
CO	1.00995
@ Z = 0.053702
CO2	-1
CH	0.611066
@ Z = 0.0670574
CHO	1.15775
@ Z = 0.0625043
CH2	0.88388
@ Z = 0.0708845
CH2O	1.17126
@ Z = 0.0690403
CH3	0.923135
@ Z = 0.0810176
CH4	0.9283
@ Z = 0.0912863
C2H6	1.33245
@ Z = 0.110321
C2H	1.19381
@ Z = 0.0726303
C2H2	1.20894
@ Z = 0.0793157
CHCO	0.812825
@ Z = 0.0743154
C3H3	1.64035
@ Z = 0.0776352
C2H3	1.13695
@ Z = 0.14775
C2H4	1.22117
@ Z = 0.0982689
C2H5	1.33282
@ Z = 0.09479
C3H4	1.59982
@ Z = 0.0743154
C3H5	1.65287
@ Z = 0.0930357
C3H6	1.70904
@ Z = 0.10508
N-C3H7	1.72184
@ Z = 0.0999805
I-C3H7	1.71888
@ Z = 0.103375
C3H8	1.67847
@ Z = 0.127005
Lewis numbers evaluated at maximum formation
N2	-1
O2	1.03963
@ Z = 0.00422504
H	0.169171
@ Z = 0.0759743
OH	0.666171
@ Z = 0.0670574
O	0.650614
@ Z = 0.0598518
H2	0.277722
@ Z = 0.113985
H2O	0.754987
@ Z = 0.0793157
HO2	1.00703
@ Z = 0.00844788
H2O2	0.999254
@ Z = 0.0306292
CO	1.02518
@ Z = 0.0827289
CO2	1.27846
@ Z = 0.0670574
CH	0.616001
@ Z = 0.084435
CHO	1.16676
@ Z = 0.0793157
CH2	0.889364
@ Z = 0.089551
CH2O	1.1784
@ Z = 0.0878346
CH3	0.905183
@ Z = 0.119968
CH4	0.876248
@ Z = 0.139608
C2H6	1.22198
@ Z = 0.157596
C2H	1.19938
@ Z = 0.0912863
C2H2	1.19211
@ Z = 0.113985
CHCO	0.813581
@ Z = 0.103375
C3H3	1.64145
@ Z = 0.0982689
C2H3	1.21262
@ Z = 0.110321
C2H4	1.16363
@ Z = 0.136041
C2H5	1.30265
@ Z = 0.122156
C3H4	1.60059
@ Z = 0.101679
C3H5	1.60161
@ Z = 0.127005
C3H6	1.61011
@ Z = 0.143496
N-C3H7	1.67168
@ Z = 0.127005
I-C3H7	1.65402
@ Z = 0.132761
C3H8	-1
Lewis numbers evaluated at maximum mass fraction
N2	0.921412
@ Z = 7.71589e-06
O2	1.05242
@ Z = 7.71589e-06
H	0.168374
@ Z = 0.0690403
OH	0.66428
@ Z = 0.0625043
O	0.646836
@ Z = 0.0502744
H2	0.26561
@ Z = 0.139608
H2O	0.754733
@ Z = 0.103375
HO2	0.998885
@ Z = 0.0125381
H2O2	0.998512
@ Z = 0.0224571
CO	1.01882
@ Z = 0.108548
CO2	1.29027
@ Z = 0.0930357
CH	0.616199
@ Z = 0.0861334
CHO	1.16787
@ Z = 0.0827289
CH2	0.889015
@ Z = 0.09479
CH2O	1.06394
@ Z = 0.163388
CH3	0.898889
@ Z = 0.124486
CH4	0.790278
@ Z = 0.186552
C2H6	1.07058
@ Z = 0.225116
C2H	1.19918
@ Z = 0.0930357
C2H2	1.12115
@ Z = 0.14775
CHCO	0.780265
@ Z = 0.136041
C3H3	1.64039
@ Z = 0.0999805
C2H3	1.2105
@ Z = 0.11213
C2H4	1.06398
@ Z = 0.177588
C2H5	1.29788
@ Z = 0.124486
C3H4	1.49132
@ Z = 0.14775
C3H5	1.51991
@ Z = 0.152423
C3H6	1.43672
@ Z = 0.197236
N-C3H7	1.65402
@ Z = 0.132761
I-C3H7	1.0284
@ Z = 0.555794
C3H8	0.814366
@ Z = 0.999931
