header

title = "planar counterflow diffusion flame"
author = ""
date = "Thu Jul 11 20:13:49 2013"

fuel = "C3H8"
pressure = 1 [bar]
strainrate = 580 [1/s]
chiStoichAnal = 16.4313 [1/s]
chiStoichAnalKW = 24.9924 [1/s]
FlameLocZ = 0.0863632 [K]
FlameLocBilger = 0.0737969 [K]
Tmax = 1813.74 [K]
stoichScalarDissRate = 25.6281 [1/s]
stoichScalarDissRateBilger = 16.1571 [1/s]

OxidizerSide
begin
	Temperature = 300 [K]
	Massfraction-N2 = 0.76708
	Massfraction-O2 = 0.23292
	Molefraction-N2 = 0.79
	Molefraction-O2 = 0.21
end

FuelSide
begin
	Temperature = 300 [K]
	Massfraction-C3H8 = 1
	Molefraction-C3H8 = 1
end

numOfSpecies = 31
gridPoints = 141

body
eta
	0.000000e+00	1.851147e-01	3.674978e-01	5.440266e-01	7.126492e-01
	8.728607e-01	1.024758e+00	1.168557e+00	1.304567e+00	1.433162e+00
	1.554753e+00	1.669769e+00	1.778639e+00	1.881781e+00	1.979596e+00
	2.072459e+00	2.160721e+00	2.244705e+00	2.324709e+00	2.401004e+00
	2.473842e+00	2.543453e+00	2.610049e+00	2.673832e+00	2.734988e+00
	2.793700e+00	2.850148e+00	2.904525e+00	2.957046e+00	3.007941e+00
	3.057435e+00	3.105632e+00	3.152391e+00	3.197441e+00	3.240723e+00
	3.282545e+00	3.323415e+00	3.363697e+00	3.403374e+00	3.442163e+00
	3.479887e+00	3.516697e+00	3.552949e+00	3.588947e+00	3.624860e+00
	3.660788e+00	3.696856e+00	3.733242e+00	3.770119e+00	3.807572e+00
	3.845579e+00	3.883934e+00	3.922045e+00	3.958867e+00	3.993193e+00
	4.024131e+00	4.051348e+00	4.075009e+00	4.095586e+00	4.113653e+00
	4.129749e+00	4.144310e+00	4.157665e+00	4.170040e+00	4.181580e+00
	4.192379e+00	4.202509e+00	4.212024e+00	4.220941e+00	4.229271e+00
	4.237063e+00	4.244416e+00	4.251437e+00	4.258214e+00	4.264796e+00
	4.271218e+00	4.277519e+00	4.283749e+00	4.289949e+00	4.296141e+00
	4.302334e+00	4.308540e+00	4.314786e+00	4.321112e+00	4.327549e+00
	4.334114e+00	4.340803e+00	4.347599e+00	4.354476e+00	4.361405e+00
	4.368370e+00	4.375378e+00	4.382467e+00	4.389668e+00	4.396978e+00
	4.404362e+00	4.411799e+00	4.419321e+00	4.427027e+00	4.435061e+00
	4.443608e+00	4.452887e+00	4.463169e+00	4.474798e+00	4.488188e+00
	4.503776e+00	4.521926e+00	4.542818e+00	4.566341e+00	4.592079e+00
	4.619382e+00	4.647575e+00	4.676270e+00	4.705529e+00	4.735813e+00
	4.767838e+00	4.802497e+00	4.840755e+00	4.883428e+00	4.931087e+00
	4.984446e+00	5.044779e+00	5.113251e+00	5.189565e+00	5.272060e+00
	5.359741e+00	5.453967e+00	5.558211e+00	5.676550e+00	5.811101e+00
	5.959779e+00	6.117479e+00	6.279452e+00	6.443507e+00	6.609870e+00
	6.779507e+00	6.953066e+00	7.130784e+00	7.312320e+00	7.496069e+00
	7.680054e+00
y [m]
	-1.331063e-03	-1.310861e-03	-1.290923e-03	-1.271581e-03	-1.253049e-03
	-1.235371e-03	-1.218523e-03	-1.202464e-03	-1.187143e-03	-1.172499e-03
	-1.158466e-03	-1.144976e-03	-1.131961e-03	-1.119353e-03	-1.107088e-03
	-1.095107e-03	-1.083356e-03	-1.071784e-03	-1.060346e-03	-1.049004e-03
	-1.037721e-03	-1.026467e-03	-1.015215e-03	-1.003939e-03	-9.926184e-04
	-9.812301e-04	-9.697517e-04	-9.581565e-04	-9.464093e-04	-9.344659e-04
	-9.222775e-04	-9.098185e-04	-8.971296e-04	-8.842996e-04	-8.713715e-04
	-8.582780e-04	-8.448705e-04	-8.310228e-04	-8.167268e-04	-8.020794e-04
	-7.871565e-04	-7.719100e-04	-7.561937e-04	-7.398579e-04	-7.227953e-04
	-7.049181e-04	-6.861150e-04	-6.662297e-04	-6.450885e-04	-6.225503e-04
	-5.985278e-04	-5.730591e-04	-5.464859e-04	-5.195717e-04	-4.933563e-04
	-4.687794e-04	-4.464060e-04	-4.263812e-04	-4.085306e-04	-3.925249e-04
	-3.780060e-04	-3.646618e-04	-3.522508e-04	-3.406046e-04	-3.296203e-04
	-3.192353e-04	-3.094007e-04	-3.000840e-04	-2.912838e-04	-2.830041e-04
	-2.752080e-04	-2.678087e-04	-2.607032e-04	-2.538108e-04	-2.470837e-04
	-2.404907e-04	-2.339936e-04	-2.275437e-04	-2.210994e-04	-2.146396e-04
	-2.081563e-04	-2.016373e-04	-1.950548e-04	-1.883699e-04	-1.815483e-04
	-1.745746e-04	-1.674535e-04	-1.602053e-04	-1.528605e-04	-1.454525e-04
	-1.380036e-04	-1.305085e-04	-1.229332e-04	-1.152475e-04	-1.074607e-04
	-9.961591e-05	-9.174159e-05	-8.380813e-05	-7.572028e-05	-6.733263e-05
	-5.846537e-05	-4.890968e-05	-3.841200e-05	-2.665973e-05	-1.329230e-05
	2.044371e-06	1.959090e-05	3.936987e-05	6.110526e-05	8.423553e-05
	1.080276e-04	1.317895e-04	1.551348e-04	1.780679e-04	2.008827e-04
	2.240009e-04	2.478680e-04	2.728563e-04	2.991012e-04	3.264775e-04
	3.548521e-04	3.842701e-04	4.145795e-04	4.449968e-04	4.744998e-04
	5.026854e-04	5.300403e-04	5.575112e-04	5.859627e-04	6.156711e-04
	6.461284e-04	6.765164e-04	7.063129e-04	7.355042e-04	7.644300e-04
	7.934650e-04	8.228613e-04	8.527565e-04	8.831608e-04	9.138524e-04
	9.445331e-04
f
	-3.450188e+00	-3.300408e+00	-3.152779e+00	-3.009800e+00	-2.873097e+00
	-2.743038e+00	-2.619496e+00	-2.502241e+00	-2.390959e+00	-2.285281e+00
	-2.184803e+00	-2.089104e+00	-1.997766e+00	-1.910379e+00	-1.826557e+00
	-1.745936e+00	-1.668181e+00	-1.592989e+00	-1.520084e+00	-1.449222e+00
	-1.380184e+00	-1.312775e+00	-1.246825e+00	-1.182177e+00	-1.118692e+00
	-1.056237e+00	-9.946788e-01	-9.338691e-01	-8.736266e-01	-8.137375e-01
	-7.539838e-01	-6.942775e-01	-6.348522e-01	-5.761406e-01	-5.183326e-01
	-4.611174e-01	-4.038660e-01	-3.461001e-01	-2.878716e-01	-2.296478e-01
	-1.717746e-01	-1.140980e-01	-5.611841e-02	2.621415e-03	6.238130e-02
	1.233188e-01	1.856401e-01	2.496583e-01	3.156872e-01	3.838844e-01
	4.542077e-01	5.262433e-01	5.987911e-01	6.697064e-01	7.364446e-01
	7.970412e-01	8.506424e-01	8.974233e-01	9.382225e-01	9.741153e-01
	1.006134e+00	1.035125e+00	1.061728e+00	1.086385e+00	1.109377e+00
	1.130886e+00	1.151057e+00	1.169992e+00	1.187727e+00	1.204281e+00
	1.219756e+00	1.234344e+00	1.248264e+00	1.261685e+00	1.274708e+00
	1.287401e+00	1.299841e+00	1.312127e+00	1.324339e+00	1.336520e+00
	1.348685e+00	1.360859e+00	1.373094e+00	1.385463e+00	1.398029e+00
	1.410821e+00	1.423830e+00	1.437019e+00	1.450337e+00	1.463726e+00
	1.477151e+00	1.490628e+00	1.504223e+00	1.517996e+00	1.531939e+00
	1.545981e+00	1.560079e+00	1.574295e+00	1.588807e+00	1.603884e+00
	1.619862e+00	1.637132e+00	1.656174e+00	1.677586e+00	1.702072e+00
	1.730348e+00	1.762949e+00	1.800039e+00	1.841243e+00	1.885650e+00
	1.931991e+00	1.979026e+00	2.026057e+00	2.073149e+00	2.120979e+00
	2.170565e+00	2.223096e+00	2.279754e+00	2.341374e+00	2.408341e+00
	2.481159e+00	2.560971e+00	2.648637e+00	2.743168e+00	2.842161e+00
	2.944327e+00	3.051192e+00	3.166501e+00	3.294425e+00	3.436930e+00
	3.591753e+00	3.753851e+00	3.918794e+00	4.084780e+00	4.252368e+00
	4.422758e+00	4.596760e+00	4.774721e+00	4.956374e+00	5.140165e+00
	5.324150e+00
df/deta
	8.089298e-01	8.091194e-01	8.094415e-01	8.099482e-01	8.107051e-01
	8.117962e-01	8.133247e-01	8.154102e-01	8.181850e-01	8.217892e-01
	8.263648e-01	8.320493e-01	8.389700e-01	8.472390e-01	8.569488e-01
	8.681705e-01	8.809519e-01	8.953173e-01	9.112688e-01	9.287877e-01
	9.478365e-01	9.683615e-01	9.902960e-01	1.013563e+00	1.038080e+00
	1.063761e+00	1.090522e+00	1.118294e+00	1.147028e+00	1.176704e+00
	1.207312e+00	1.238786e+00	1.270884e+00	1.303244e+00	1.335624e+00
	1.368069e+00	1.400816e+00	1.434027e+00	1.467563e+00	1.501041e+00
	1.534150e+00	1.566864e+00	1.599350e+00	1.631733e+00	1.664010e+00
	1.696098e+00	1.727921e+00	1.759419e+00	1.790488e+00	1.820896e+00
	1.850281e+00	1.878111e+00	1.903610e+00	1.925880e+00	1.944256e+00
	1.958620e+00	1.969373e+00	1.977181e+00	1.982738e+00	1.986627e+00
	1.989280e+00	1.991003e+00	1.992001e+00	1.992418e+00	1.992359e+00
	1.991906e+00	1.991127e+00	1.990078e+00	1.988814e+00	1.987386e+00
	1.985832e+00	1.984172e+00	1.982409e+00	1.980543e+00	1.978576e+00
	1.976509e+00	1.974339e+00	1.972055e+00	1.969645e+00	1.967103e+00
	1.964425e+00	1.961606e+00	1.958631e+00	1.955480e+00	1.952130e+00
	1.948567e+00	1.944784e+00	1.940786e+00	1.936583e+00	1.932190e+00
	1.927619e+00	1.922863e+00	1.917899e+00	1.912700e+00	1.907268e+00
	1.901628e+00	1.895798e+00	1.889754e+00	1.883418e+00	1.876662e+00
	1.869317e+00	1.861172e+00	1.851952e+00	1.841300e+00	1.828769e+00
	1.813867e+00	1.796156e+00	1.775383e+00	1.751624e+00	1.725334e+00
	1.697283e+00	1.668321e+00	1.639016e+00	1.609475e+00	1.579412e+00
	1.548331e+00	1.515669e+00	1.480941e+00	1.444003e+00	1.405127e+00
	1.364678e+00	1.322866e+00	1.280319e+00	1.238697e+00	1.199989e+00
	1.165208e+00	1.134136e+00	1.106147e+00	1.080990e+00	1.059122e+00
	1.041327e+00	1.027893e+00	1.018334e+00	1.011774e+00	1.007360e+00
	1.004440e+00	1.002552e+00	1.001365e+00	1.000645e+00	1.000228e+00
	1.000000e+00
Z
	1.000000e+00	9.999297e-01	9.998058e-01	9.995980e-01	9.992659e-01
	9.987578e-01	9.980096e-01	9.969474e-01	9.954894e-01	9.935487e-01
	9.910376e-01	9.878702e-01	9.839659e-01	9.792517e-01	9.736644e-01
	9.671518e-01	9.596729e-01	9.511992e-01	9.417136e-01	9.312106e-01
	9.196953e-01	9.071831e-01	8.936977e-01	8.792706e-01	8.639393e-01
	8.477445e-01	8.307277e-01	8.129247e-01	7.943584e-01	7.750365e-01
	7.549591e-01	7.341665e-01	7.128163e-01	6.911526e-01	6.693432e-01
	6.473662e-01	6.250655e-01	6.023321e-01	5.792625e-01	5.561210e-01
	5.331257e-01	5.102947e-01	4.875091e-01	4.646698e-01	4.417625e-01
	4.188228e-01	3.958796e-01	3.729322e-01	3.499894e-01	3.271289e-01
	3.045013e-01	2.823651e-01	2.611716e-01	2.415417e-01	2.240564e-01
	2.090093e-01	1.963522e-01	1.858008e-01	1.769697e-01	1.694819e-01
	1.630204e-01	1.573435e-01	1.522768e-01	1.476995e-01	1.435320e-01
	1.397192e-01	1.362172e-01	1.329931e-01	1.300276e-01	1.273055e-01
	1.248005e-01	1.224730e-01	1.202824e-01	1.181976e-01	1.161997e-01
	1.142760e-01	1.124124e-01	1.105931e-01	1.088051e-01	1.070416e-01
	1.053000e-01	1.035765e-01	1.018636e-01	1.001513e-01	9.843159e-02
	9.670136e-02	9.496272e-02	9.322128e-02	9.148469e-02	8.976072e-02
	8.805415e-02	8.636322e-02	8.467988e-02	8.299736e-02	8.131772e-02
	7.964999e-02	7.799971e-02	7.636018e-02	7.471181e-02	7.302615e-02
	7.126967e-02	6.940548e-02	6.739097e-02	6.517642e-02	6.270894e-02
	5.994449e-02	5.686799e-02	5.350953e-02	4.995158e-02	4.631664e-02
	4.273905e-02	3.932773e-02	3.613197e-02	3.314123e-02	3.031019e-02
	2.758618e-02	2.492418e-02	2.229770e-02	1.971247e-02	1.720133e-02
	1.479555e-02	1.251032e-02	1.037538e-02	8.454376e-03	6.802478e-03
	5.419486e-03	4.259841e-03	3.273718e-03	2.433232e-03	1.737220e-03
	1.194182e-03	7.976523e-04	5.221994e-04	3.359678e-04	2.115489e-04
	1.292924e-04	7.575691e-05	4.161604e-05	2.037008e-05	7.537306e-06
	0.000000e+00
temperature [K]
	3.000000e+02	3.000928e+02	3.002560e+02	3.005296e+02	3.009663e+02
	3.016340e+02	3.026157e+02	3.040070e+02	3.059127e+02	3.084413e+02
	3.117004e+02	3.157907e+02	3.208013e+02	3.268063e+02	3.338621e+02
	3.420067e+02	3.512599e+02	3.616248e+02	3.730901e+02	3.856325e+02
	3.992199e+02	4.138140e+02	4.293731e+02	4.458543e+02	4.632166e+02
	4.814229e+02	5.004440e+02	5.202645e+02	5.408908e+02	5.623534e+02
	5.846990e+02	6.079374e+02	6.319543e+02	6.565392e+02	6.815645e+02
	7.071188e+02	7.334557e+02	7.607905e+02	7.891045e+02	8.181676e+02
	8.477868e+02	8.780135e+02	9.090910e+02	9.412621e+02	9.746768e+02
	1.009437e+03	1.045691e+03	1.083641e+03	1.123474e+03	1.165279e+03
	1.209007e+03	1.254348e+03	1.300454e+03	1.345823e+03	1.388660e+03
	1.427556e+03	1.461864e+03	1.491661e+03	1.517489e+03	1.540062e+03
	1.560070e+03	1.578083e+03	1.594531e+03	1.609720e+03	1.623849e+03
	1.637050e+03	1.649426e+03	1.661051e+03	1.671948e+03	1.682128e+03
	1.691646e+03	1.700613e+03	1.709153e+03	1.717357e+03	1.725274e+03
	1.732927e+03	1.740345e+03	1.747564e+03	1.754605e+03	1.761460e+03
	1.768102e+03	1.774503e+03	1.780642e+03	1.786497e+03	1.792029e+03
	1.797164e+03	1.801804e+03	1.805837e+03	1.809146e+03	1.811623e+03
	1.813179e+03	1.813743e+03	1.813244e+03	1.811607e+03	1.808772e+03
	1.804727e+03	1.799498e+03	1.793104e+03	1.785503e+03	1.776575e+03
	1.766114e+03	1.753835e+03	1.739351e+03	1.722149e+03	1.701602e+03
	1.677040e+03	1.647914e+03	1.613949e+03	1.575299e+03	1.532597e+03
	1.486881e+03	1.439295e+03	1.390580e+03	1.340777e+03	1.289304e+03
	1.235224e+03	1.177461e+03	1.115075e+03	1.047782e+03	9.761854e+02
	9.012030e+02	8.236457e+02	7.453613e+02	6.702088e+02	6.023217e+02
	5.434738e+02	4.929297e+02	4.492111e+02	4.114758e+02	3.799225e+02
	3.551200e+02	3.369076e+02	3.242050e+02	3.155923e+02	3.098267e+02
	3.060095e+02	3.035228e+02	3.019358e+02	3.009477e+02	3.003507e+02
	3.000000e+02
massfraction-N2
	1.000000e-60	7.099437e-04	1.664587e-03	2.904658e-03	4.463528e-03
	6.373659e-03	8.664566e-03	1.135931e-02	1.447450e-02	1.802078e-02
	2.200373e-02	2.642477e-02	3.128221e-02	3.657211e-02	4.228898e-02
	4.842638e-02	5.497732e-02	6.193449e-02	6.929045e-02	7.703765e-02
	8.516855e-02	9.367566e-02	1.025517e-01	1.117897e-01	1.213836e-01
	1.313287e-01	1.416232e-01	1.522710e-01	1.632856e-01	1.746913e-01
	1.865183e-01	1.987756e-01	2.114047e-01	2.242957e-01	2.373813e-01
	2.507055e-01	2.643964e-01	2.785586e-01	2.931730e-01	3.081103e-01
	3.232605e-01	3.386381e-01	3.543521e-01	3.705260e-01	3.871690e-01
	4.043217e-01	4.220089e-01	4.402802e-01	4.591756e-01	4.786770e-01
	4.986920e-01	5.190058e-01	5.391746e-01	5.585120e-01	5.762803e-01
	5.919775e-01	6.054589e-01	6.168715e-01	6.265226e-01	6.347541e-01
	6.418706e-01	6.481115e-01	6.536522e-01	6.586144e-01	6.630790e-01
	6.671037e-01	6.707363e-01	6.740160e-01	6.769695e-01	6.796212e-01
	6.820072e-01	6.841748e-01	6.861700e-01	6.880274e-01	6.897693e-01
	6.914117e-01	6.929705e-01	6.944626e-01	6.959015e-01	6.972952e-01
	6.986479e-01	6.999648e-01	7.012535e-01	7.025231e-01	7.037808e-01
	7.050298e-01	7.062697e-01	7.074974e-01	7.087086e-01	7.098989e-01
	7.110663e-01	7.122130e-01	7.133452e-01	7.144682e-01	7.155815e-01
	7.166795e-01	7.177595e-01	7.188265e-01	7.198938e-01	7.209798e-01
	7.221061e-01	7.232959e-01	7.245756e-01	7.259760e-01	7.275291e-01
	7.292612e-01	7.311798e-01	7.332637e-01	7.354575e-01	7.376804e-01
	7.398451e-01	7.418829e-01	7.437655e-01	7.455029e-01	7.471265e-01
	7.486722e-01	7.501720e-01	7.516484e-01	7.531072e-01	7.545397e-01
	7.559375e-01	7.573009e-01	7.586205e-01	7.598623e-01	7.609879e-01
	7.619862e-01	7.628753e-01	7.636803e-01	7.644128e-01	7.650620e-01
	7.656049e-01	7.660298e-01	7.663460e-01	7.665752e-01	7.667396e-01
	7.668568e-01	7.669395e-01	7.669970e-01	7.670362e-01	7.670625e-01
	7.670796e-01
massfraction-O2
	1.000000e-60	8.254313e-06	1.940871e-05	3.396510e-05	5.234098e-05
	7.494301e-05	1.021419e-04	1.342292e-04	1.714163e-04	2.138388e-04
	2.615669e-04	3.146163e-04	3.729611e-04	4.365441e-04	5.052865e-04
	5.790956e-04	6.578700e-04	7.415038e-04	8.298883e-04	9.229140e-04
	1.020471e-03	1.122453e-03	1.228753e-03	1.339272e-03	1.453923e-03
	1.572633e-03	1.695370e-03	1.822165e-03	1.953168e-03	2.088654e-03
	2.228972e-03	2.374213e-03	2.523675e-03	2.676051e-03	2.830543e-03
	2.987673e-03	3.148945e-03	3.315590e-03	3.487375e-03	3.662780e-03
	3.840518e-03	4.020767e-03	4.204814e-03	4.394117e-03	4.588789e-03
	4.789325e-03	4.996042e-03	5.209557e-03	5.430394e-03	5.658425e-03
	5.892694e-03	6.130866e-03	6.367987e-03	6.596288e-03	6.807361e-03
	6.995469e-03	7.158967e-03	7.299601e-03	7.421047e-03	7.527484e-03
	7.622792e-03	7.710223e-03	7.792410e-03	7.871470e-03	7.949102e-03
	8.026757e-03	8.105793e-03	8.187408e-03	8.272415e-03	8.361330e-03
	8.454858e-03	8.554267e-03	8.661307e-03	8.777819e-03	8.905465e-03
	9.045860e-03	9.201045e-03	9.373749e-03	9.567125e-03	9.784310e-03
	1.002844e-02	1.030321e-02	1.061362e-02	1.096626e-02	1.136886e-02
	1.182949e-02	1.235597e-02	1.295557e-02	1.363470e-02	1.439891e-02
	1.525402e-02	1.620859e-02	1.727554e-02	1.846888e-02	1.979692e-02
	2.126006e-02	2.285762e-02	2.459868e-02	2.650841e-02	2.862943e-02
	3.102136e-02	3.376155e-02	3.695166e-02	4.072449e-02	4.524248e-02
	5.067738e-02	5.716268e-02	6.473689e-02	7.329262e-02	8.256943e-02
	9.220399e-02	1.018352e-01	1.112323e-01	1.203360e-01	1.292098e-01
	1.379620e-01	1.466939e-01	1.554570e-01	1.642006e-01	1.727860e-01
	1.810879e-01	1.890433e-01	1.965369e-01	2.033252e-01	2.091874e-01
	2.141020e-01	2.182172e-01	2.217037e-01	2.246584e-01	2.270862e-01
	2.289615e-01	2.303139e-01	2.312400e-01	2.318561e-01	2.322608e-01
	2.325235e-01	2.326914e-01	2.327964e-01	2.328605e-01	2.328985e-01
	2.329204e-01
massfraction-H
	1.000000e-60	1.569431e-17	3.246748e-17	5.025146e-17	6.911173e-17
	8.954770e-17	1.126535e-16	1.403201e-16	1.755801e-16	2.231883e-16
	2.906497e-16	3.900350e-16	5.411626e-16	7.771526e-16	1.154111e-15
	1.767964e-15	2.783551e-15	4.484395e-15	7.356603e-15	1.222762e-14
	2.049038e-14	3.445556e-14	5.788875e-14	9.680421e-14	1.606037e-13
	2.636764e-13	4.276289e-13	6.844554e-13	1.081239e-12	1.687271e-12
	2.604724e-12	3.981826e-12	6.023173e-12	9.000926e-12	1.329140e-11
	1.946105e-11	2.840155e-11	4.147975e-11	6.065905e-11	8.865005e-11
	1.293345e-10	1.887400e-10	2.766255e-10	4.087581e-10	6.104603e-10
	9.232745e-10	1.417468e-09	2.216073e-09	3.540158e-09	5.795136e-09
	9.742805e-09	1.683375e-08	2.977486e-08	5.335119e-08	9.545217e-08
	1.683437e-07	2.900612e-07	4.851880e-07	7.845020e-07	1.223892e-06
	1.843533e-06	2.686894e-06	3.798749e-06	5.221199e-06	6.987238e-06
	9.116081e-06	1.161273e-05	1.446541e-05	1.763823e-05	2.107706e-05
	2.473530e-05	2.859375e-05	3.265582e-05	3.692784e-05	4.140589e-05
	4.608055e-05	5.095150e-05	5.603134e-05	6.133212e-05	6.685184e-05
	7.257649e-05	7.849429e-05	8.460640e-05	9.092301e-05	9.744691e-05
	1.041575e-04	1.110066e-04	1.179222e-04	1.248146e-04	1.315862e-04
	1.381472e-04	1.444311e-04	1.503920e-04	1.559750e-04	1.610956e-04
	1.656602e-04	1.696066e-04	1.729181e-04	1.756013e-04	1.776549e-04
	1.790448e-04	1.796902e-04	1.794511e-04	1.781109e-04	1.753605e-04
	1.708122e-04	1.640822e-04	1.549424e-04	1.434973e-04	1.302617e-04
	1.160578e-04	1.017512e-04	8.795854e-05	7.495608e-05	6.278439e-05
	5.140521e-05	4.080476e-05	3.106147e-05	2.239004e-05	1.507288e-05
	9.307680e-06	5.137167e-06	2.467648e-06	1.022300e-06	3.694036e-07
	1.175854e-07	3.288098e-08	8.218918e-09	2.037035e-09	5.893143e-10
	2.065928e-10	8.150523e-11	3.425848e-11	1.487190e-11	6.481778e-12
	2.754386e-12	1.103224e-12	3.957993e-13	1.149309e-13	2.036688e-14
	1.000000e-60
massfraction-OH
	1.000000e-60	5.494502e-21	2.987424e-20	9.074325e-20	2.158751e-19
	4.493338e-19	8.623526e-19	1.572614e-18	2.780091e-18	4.833653e-18
	8.355552e-18	1.447534e-17	2.527157e-17	4.460708e-17	7.970545e-17
	1.441079e-16	2.631625e-16	4.840755e-16	8.940026e-16	1.651994e-15
	3.044239e-15	5.577618e-15	1.013486e-14	1.822709e-14	3.239815e-14
	5.686519e-14	9.852884e-14	1.685800e-13	2.851071e-13	4.773740e-13
	7.928104e-13	1.307306e-12	2.137450e-12	3.456103e-12	5.524250e-12
	8.760800e-12	1.386956e-11	2.202764e-11	3.512397e-11	5.609137e-11
	8.956154e-11	1.432765e-10	2.307125e-10	3.755434e-10	6.194220e-10
	1.036866e-09	1.764740e-09	3.061885e-09	5.429031e-09	9.850098e-09
	1.828586e-08	3.464102e-08	6.638916e-08	1.266558e-07	2.359647e-07
	4.232950e-07	7.274534e-07	1.200073e-06	1.910470e-06	2.951024e-06
	4.442980e-06	6.541594e-06	9.439285e-06	1.336337e-05	1.856370e-05
	2.529753e-05	3.381954e-05	4.435798e-05	5.706067e-05	7.197800e-05
	8.914688e-05	1.086989e-04	1.308804e-04	1.559776e-04	1.842389e-04
	2.158867e-04	2.512131e-04	2.906339e-04	3.346125e-04	3.835429e-04
	4.377383e-04	4.975477e-04	5.634919e-04	6.362773e-04	7.166500e-04
	8.051862e-04	9.021630e-04	1.007510e-03	1.120776e-03	1.241176e-03
	1.367782e-03	1.499844e-03	1.636861e-03	1.777976e-03	1.921243e-03
	2.063742e-03	2.202626e-03	2.336005e-03	2.462909e-03	2.582633e-03
	2.693992e-03	2.794727e-03	2.881113e-03	2.947392e-03	2.985114e-03
	2.983135e-03	2.929435e-03	2.815131e-03	2.639203e-03	2.411107e-03
	2.149196e-03	1.874989e-03	1.605961e-03	1.352338e-03	1.118651e-03
	9.069110e-04	7.186298e-04	5.555704e-04	4.193685e-04	3.094912e-04
	2.220568e-04	1.521651e-04	9.758008e-05	5.871671e-05	3.448218e-05
	2.073511e-05	1.303988e-05	8.514469e-06	5.670913e-06	3.804249e-06
	2.564641e-06	1.742086e-06	1.192607e-06	8.185438e-07	5.576341e-07
	3.723120e-07	2.397158e-07	1.450239e-07	7.806267e-08	3.159313e-08
	1.000000e-60
massfraction-O
	1.000000e-60	4.948237e-22	2.105181e-21	5.353091e-21	1.071740e-20
	1.872118e-20	3.006717e-20	4.586701e-20	6.802009e-20	9.980741e-20
	1.468616e-19	2.188240e-19	3.322414e-19	5.156660e-19	8.186051e-19
	1.327106e-18	2.190576e-18	3.667230e-18	6.199678e-18	1.053789e-17
	1.793431e-17	3.044519e-17	5.138281e-17	8.597628e-17	1.423151e-16
	2.326818e-16	3.754451e-16	5.978412e-16	9.402868e-16	1.463274e-15
	2.258459e-15	3.464363e-15	5.284305e-15	8.013045e-15	1.210054e-14
	1.829382e-14	2.790166e-14	4.323012e-14	6.825862e-14	1.097841e-13
	1.797275e-13	3.001159e-13	5.133665e-13	9.028174e-13	1.634444e-12
	3.046304e-12	5.848001e-12	1.158164e-11	2.370751e-11	5.020554e-11
	1.099632e-10	2.483432e-10	5.724644e-10	1.321087e-09	2.981056e-09
	6.454782e-09	1.326806e-08	2.576825e-08	4.725705e-08	8.206597e-08
	1.356652e-07	2.148133e-07	3.276865e-07	4.838552e-07	6.939428e-07
	9.693031e-07	1.322051e-06	1.764634e-06	2.308085e-06	2.961556e-06
	3.736056e-06	4.649784e-06	5.730438e-06	7.013571e-06	8.540399e-06
	1.035988e-05	1.253657e-05	1.515889e-05	1.834134e-05	2.222318e-05
	2.697323e-05	3.280778e-05	4.001961e-05	4.900736e-05	6.029316e-05
	7.452526e-05	9.247384e-05	1.150172e-04	1.431045e-04	1.777059e-04
	2.197953e-04	2.704185e-04	3.307515e-04	4.018578e-04	4.841435e-04
	5.770427e-04	6.793955e-04	7.902042e-04	9.090627e-04	1.036070e-03
	1.171441e-03	1.315047e-03	1.466095e-03	1.622566e-03	1.780125e-03
	1.930739e-03	2.061918e-03	2.158133e-03	2.204462e-03	2.191503e-03
	2.118970e-03	1.995471e-03	1.833855e-03	1.645904e-03	1.440239e-03
	1.223437e-03	1.002100e-03	7.849361e-04	5.839831e-04	4.118053e-04
	2.757436e-04	1.758714e-04	1.078762e-04	6.525516e-05	4.033256e-05
	2.610452e-05	1.772176e-05	1.244684e-05	8.887262e-06	6.367057e-06
	4.552641e-06	3.247601e-06	2.309837e-06	1.631414e-06	1.134996e-06
	7.693816e-07	5.007635e-07	3.052906e-07	1.652406e-07	6.715246e-08
	1.000000e-60
massfraction-H2
	1.000000e-60	2.411031e-05	5.003129e-05	7.728839e-05	1.054332e-04
	1.341963e-04	1.633979e-04	1.928867e-04	2.225416e-04	2.522721e-04
	2.820150e-04	3.117313e-04	3.414015e-04	3.710218e-04	4.005998e-04
	4.301517e-04	4.596990e-04	4.892666e-04	5.188808e-04	5.485681e-04
	5.783543e-04	6.082645e-04	6.383229e-04	6.685534e-04	6.989804e-04
	7.296314e-04	7.605402e-04	7.917545e-04	8.233462e-04	8.554127e-04
	8.880629e-04	9.213427e-04	9.551195e-04	9.891352e-04	1.023255e-03
	1.057636e-03	1.092642e-03	1.128566e-03	1.165387e-03	1.202813e-03
	1.240610e-03	1.278855e-03	1.317863e-03	1.358009e-03	1.399315e-03
	1.441971e-03	1.486105e-03	1.531926e-03	1.579635e-03	1.629307e-03
	1.680850e-03	1.733862e-03	1.787318e-03	1.839454e-03	1.888198e-03
	1.931927e-03	1.969878e-03	2.002071e-03	2.029005e-03	2.051327e-03
	2.069611e-03	2.084262e-03	2.095508e-03	2.103439e-03	2.108071e-03
	2.109416e-03	2.107530e-03	2.102532e-03	2.094633e-03	2.084148e-03
	2.071399e-03	2.056604e-03	2.039850e-03	2.021174e-03	2.000630e-03
	1.978281e-03	1.954142e-03	1.928144e-03	1.900206e-03	1.870305e-03
	1.838476e-03	1.804734e-03	1.769007e-03	1.731145e-03	1.691004e-03
	1.648546e-03	1.603871e-03	1.557204e-03	1.508870e-03	1.459246e-03
	1.408665e-03	1.357283e-03	1.305073e-03	1.252046e-03	1.198508e-03
	1.145016e-03	1.092032e-03	1.039623e-03	9.874519e-04	9.349367e-04
	8.814251e-04	8.263082e-04	7.690279e-04	7.091345e-04	6.465010e-04
	5.816675e-04	5.161469e-04	4.523027e-04	3.928401e-04	3.400634e-04
	2.953114e-04	2.587420e-04	2.294760e-04	2.061271e-04	1.873123e-04
	1.719002e-04	1.590215e-04	1.480068e-04	1.383347e-04	1.295615e-04
	1.212649e-04	1.130630e-04	1.047493e-04	9.640474e-05	8.827173e-05
	8.047769e-05	7.292713e-05	6.541472e-05	5.778760e-05	5.009244e-05
	4.260352e-05	3.564245e-05	2.939155e-05	2.386333e-05	1.897857e-05
	1.465542e-05	1.083799e-05	7.487654e-06	4.576772e-06	2.089362e-06
	1.000000e-60
massfraction-H2O
	1.000000e-60	1.192946e-04	2.797931e-04	4.883396e-04	7.504963e-04
	1.071603e-03	1.456407e-03	1.908444e-03	2.430014e-03	3.022241e-03
	3.685205e-03	4.418096e-03	5.219388e-03	6.086999e-03	7.018435e-03
	8.010920e-03	9.061502e-03	1.016714e-02	1.132477e-02	1.253136e-02
	1.378398e-02	1.507980e-02	1.641620e-02	1.779077e-02	1.920137e-02
	2.064628e-02	2.212434e-02	2.363532e-02	2.518046e-02	2.676251e-02
	2.838502e-02	3.004861e-02	3.174497e-02	3.345941e-02	3.518346e-02
	3.692349e-02	3.869650e-02	4.051606e-02	4.237970e-02	4.427121e-02
	4.617736e-02	4.810079e-02	5.005588e-02	5.205893e-02	5.411099e-02
	5.621817e-02	5.838444e-02	6.061695e-02	6.292194e-02	6.529890e-02
	6.773867e-02	7.021760e-02	7.268422e-02	7.505682e-02	7.724585e-02
	7.918868e-02	8.086513e-02	8.229059e-02	8.350063e-02	8.453569e-02
	8.543216e-02	8.621866e-02	8.691600e-02	8.753841e-02	8.809502e-02
	8.859214e-02	8.903500e-02	8.942783e-02	8.977357e-02	9.007517e-02
	9.033716e-02	9.056523e-02	9.076468e-02	9.093922e-02	9.109106e-02
	9.122165e-02	9.133226e-02	9.142393e-02	9.149709e-02	9.155158e-02
	9.158695e-02	9.160264e-02	9.159791e-02	9.157154e-02	9.152180e-02
	9.144661e-02	9.134386e-02	9.121166e-02	9.104853e-02	9.085342e-02
	9.062544e-02	9.036299e-02	9.006326e-02	8.972304e-02	8.934072e-02
	8.891697e-02	8.845273e-02	8.794602e-02	8.738993e-02	8.677235e-02
	8.607599e-02	8.527813e-02	8.434855e-02	8.324719e-02	8.192398e-02
	8.032394e-02	7.840010e-02	7.612946e-02	7.352832e-02	7.065616e-02
	6.760469e-02	6.447058e-02	6.131718e-02	5.815734e-02	5.496301e-02
	5.168651e-02	4.827645e-02	4.469421e-02	4.094013e-02	3.705803e-02
	3.309803e-02	2.909070e-02	2.510102e-02	2.127944e-02	1.779146e-02
	1.470368e-02	1.197427e-02	9.531473e-03	7.341297e-03	5.434160e-03
	3.871786e-03	2.677237e-03	1.811389e-03	1.202498e-03	7.803330e-04
	4.910433e-04	2.959747e-04	1.670689e-04	8.389972e-05	3.178078e-05
	1.000000e-60
massfraction-HO2
	1.000000e-60	1.286921e-08	3.030299e-08	5.311246e-08	8.198709e-08
	1.176128e-07	1.606359e-07	2.115987e-07	2.709386e-07	3.389962e-07
	4.160295e-07	5.022291e-07	5.977331e-07	7.026384e-07	8.170100e-07
	9.408863e-07	1.074283e-06	1.217193e-06	1.369587e-06	1.531415e-06
	1.702602e-06	1.883052e-06	2.072650e-06	2.271263e-06	2.478750e-06
	2.694977e-06	2.919845e-06	3.153345e-06	3.395651e-06	3.647132e-06
	3.908242e-06	4.178894e-06	4.457431e-06	4.740977e-06	5.027526e-06
	5.317434e-06	5.612721e-06	5.914667e-06	6.221650e-06	6.529606e-06
	6.834908e-06	7.136458e-06	7.434821e-06	7.730456e-06	8.021047e-06
	8.304457e-06	8.577385e-06	8.835816e-06	9.074243e-06	9.285111e-06
	9.459336e-06	9.587471e-06	9.662358e-06	9.684097e-06	9.663185e-06
	9.616282e-06	9.557348e-06	9.492292e-06	9.419657e-06	9.334120e-06
	9.229426e-06	9.100027e-06	8.941934e-06	8.753321e-06	8.535067e-06
	8.290702e-06	8.025663e-06	7.746781e-06	7.462167e-06	7.179864e-06
	6.905528e-06	6.641638e-06	6.388823e-06	6.147626e-06	5.919210e-06
	5.704874e-06	5.505378e-06	5.321049e-06	5.152477e-06	5.000843e-06
	4.867593e-06	4.753981e-06	4.661023e-06	4.589848e-06	4.542030e-06
	4.519577e-06	4.524596e-06	4.558925e-06	4.623856e-06	4.720018e-06
	4.847579e-06	5.006865e-06	5.198978e-06	5.425380e-06	5.686578e-06
	5.981601e-06	6.309491e-06	6.671751e-06	7.073946e-06	7.526250e-06
	8.043736e-06	8.647153e-06	9.365287e-06	1.023792e-05	1.131729e-05
	1.266508e-05	1.434148e-05	1.639065e-05	1.882702e-05	2.163134e-05
	2.475720e-05	2.815015e-05	3.178366e-05	3.568540e-05	3.994073e-05
	4.467792e-05	5.004467e-05	5.614946e-05	6.291817e-05	6.990029e-05
	7.611262e-05	7.984581e-05	7.850558e-05	6.972264e-05	5.434612e-05
	3.709065e-05	2.254238e-05	1.249341e-05	6.520609e-06	3.342304e-06
	1.749590e-06	9.552206e-07	5.445269e-07	3.201272e-07	1.905129e-07
	1.125372e-07	6.462977e-08	3.507535e-08	1.702645e-08	6.257121e-09
	1.000000e-60
massfraction-H2O2
	1.000000e-60	1.314881e-09	3.099484e-09	5.435402e-09	8.386993e-09
	1.201084e-08	1.634929e-08	2.142131e-08	2.722060e-08	3.371568e-08
	4.085175e-08	4.855393e-08	5.673151e-08	6.528260e-08	7.409894e-08
	8.307033e-08	9.208842e-08	1.010497e-07	1.098576e-07	1.184239e-07
	1.266691e-07	1.345229e-07	1.419237e-07	1.488182e-07	1.551606e-07
	1.609119e-07	1.660394e-07	1.705157e-07	1.743176e-07	1.774223e-07
	1.798026e-07	1.814226e-07	1.822432e-07	1.822431e-07	1.814245e-07
	1.797876e-07	1.773031e-07	1.739176e-07	1.695937e-07	1.643402e-07
	1.581856e-07	1.511214e-07	1.430859e-07	1.340103e-07	1.238264e-07
	1.125282e-07	1.001370e-07	8.673443e-08	7.254027e-08	5.802081e-08
	4.394567e-08	3.134580e-08	2.126353e-08	1.423655e-08	9.956364e-09
	7.572564e-09	6.268020e-09	5.517540e-09	5.046947e-09	4.726441e-09
	4.497764e-09	4.338519e-09	4.247080e-09	4.237033e-09	4.335327e-09
	4.581329e-09	5.026200e-09	5.731186e-09	6.761586e-09	8.180012e-09
	1.004978e-08	1.244833e-08	1.547713e-08	1.925868e-08	2.392724e-08
	2.962980e-08	3.654539e-08	4.490529e-08	5.498971e-08	6.710903e-08
	8.160288e-08	9.887766e-08	1.194683e-07	1.440855e-07	1.736209e-07
	2.091176e-07	2.517519e-07	3.028310e-07	3.637846e-07	4.361808e-07
	5.218418e-07	6.231449e-07	7.433193e-07	8.862182e-07	1.055516e-06
	1.254182e-06	1.485136e-06	1.752844e-06	2.064826e-06	2.432703e-06
	2.873116e-06	3.409090e-06	4.073024e-06	4.911033e-06	5.987452e-06
	7.387598e-06	9.215870e-06	1.158919e-05	1.461649e-05	1.835104e-05
	2.270759e-05	2.739651e-05	3.198047e-05	3.602334e-05	3.920262e-05
	4.133940e-05	4.239258e-05	4.243755e-05	4.162739e-05	4.012021e-05
	3.798590e-05	3.518548e-05	3.169407e-05	2.767884e-05	2.349042e-05
	1.945525e-05	1.573528e-05	1.236759e-05	9.368206e-06	6.797103e-06
	4.732246e-06	3.188516e-06	2.097058e-06	1.350433e-06	8.484586e-07
	5.160719e-07	3.003175e-07	1.636062e-07	7.935339e-08	2.909497e-08
	1.000000e-60
massfraction-CO
	1.000000e-60	6.488347e-05	1.523007e-04	2.660575e-04	4.092876e-04
	5.850362e-04	7.960692e-04	1.044545e-03	1.332012e-03	1.659450e-03
	2.027349e-03	2.435805e-03	2.884606e-03	3.373323e-03	3.901373e-03
	4.468081e-03	5.072716e-03	5.714521e-03	6.392721e-03	7.106541e-03
	7.855204e-03	8.637945e-03	9.454023e-03	1.030274e-02	1.118345e-02
	1.209569e-02	1.303923e-02	1.401437e-02	1.502230e-02	1.606518e-02
	1.714574e-02	1.826473e-02	1.941676e-02	2.059179e-02	2.178367e-02
	2.299643e-02	2.424168e-02	2.552895e-02	2.685645e-02	2.821244e-02
	2.958694e-02	3.098131e-02	3.240548e-02	3.387067e-02	3.537773e-02
	3.693039e-02	3.853098e-02	4.018409e-02	4.189346e-02	4.365762e-02
	4.546842e-02	4.730670e-02	4.913254e-02	5.088401e-02	5.249430e-02
	5.391777e-02	5.514094e-02	5.617677e-02	5.705280e-02	5.779976e-02
	5.844503e-02	5.901009e-02	5.951055e-02	5.995713e-02	6.035678e-02
	6.071427e-02	6.103346e-02	6.131732e-02	6.156777e-02	6.178657e-02
	6.197650e-02	6.214115e-02	6.228372e-02	6.240613e-02	6.250910e-02
	6.259260e-02	6.265630e-02	6.269935e-02	6.272010e-02	6.271613e-02
	6.268441e-02	6.262138e-02	6.252252e-02	6.238187e-02	6.219194e-02
	6.194405e-02	6.162893e-02	6.123731e-02	6.076055e-02	6.019115e-02
	5.952226e-02	5.874588e-02	5.785145e-02	5.682887e-02	5.567504e-02
	5.439673e-02	5.300452e-02	5.150313e-02	4.988624e-02	4.813723e-02
	4.623286e-02	4.414702e-02	4.185157e-02	3.931942e-02	3.653499e-02
	3.351301e-02	3.031879e-02	2.706936e-02	2.391246e-02	2.098758e-02
	1.839054e-02	1.615529e-02	1.425578e-02	1.263144e-02	1.121532e-02
	9.950717e-03	8.795289e-03	7.721633e-03	6.718738e-03	5.786779e-03
	4.925451e-03	4.129852e-03	3.401858e-03	2.756217e-03	2.206328e-03
	1.749029e-03	1.367672e-03	1.045093e-03	7.717384e-04	5.468712e-04
	3.727701e-04	2.467363e-04	1.600079e-04	1.019560e-04	6.357717e-05
	3.848002e-05	2.233066e-05	1.215272e-05	5.895885e-06	2.163938e-06
	1.000000e-60
massfraction-CO2
	1.000000e-60	3.707189e-05	9.240374e-05	1.717785e-04	2.813012e-04
	4.276500e-04	6.178233e-04	8.586694e-04	1.156628e-03	1.517528e-03
	1.946454e-03	2.447684e-03	3.024668e-03	3.680062e-03	4.415780e-03
	5.233062e-03	6.132557e-03	7.114391e-03	8.178245e-03	9.323412e-03
	1.054887e-02	1.185335e-02	1.323538e-02	1.469342e-02	1.622587e-02
	1.783131e-02	1.950874e-02	2.125803e-02	2.308066e-02	2.497993e-02
	2.696026e-02	2.902245e-02	3.115593e-02	3.334116e-02	3.556568e-02
	3.783597e-02	4.017291e-02	4.259359e-02	4.509385e-02	4.765062e-02
	5.024406e-02	5.287561e-02	5.556291e-02	5.832564e-02	6.116466e-02
	6.408507e-02	6.708945e-02	7.018428e-02	7.337405e-02	7.665306e-02
	8.000286e-02	8.338449e-02	8.672159e-02	8.989959e-02	9.279880e-02
	9.534133e-02	9.750923e-02	9.933181e-02	1.008631e-01	1.021613e-01
	1.032772e-01	1.042505e-01	1.051101e-01	1.058760e-01	1.065615e-01
	1.071762e-01	1.077280e-01	1.082233e-01	1.086664e-01	1.090615e-01
	1.094142e-01	1.097317e-01	1.100210e-01	1.102872e-01	1.105334e-01
	1.107617e-01	1.109741e-01	1.111728e-01	1.113590e-01	1.115331e-01
	1.116950e-01	1.118444e-01	1.119810e-01	1.121044e-01	1.122134e-01
	1.123059e-01	1.123788e-01	1.124288e-01	1.124520e-01	1.124445e-01
	1.124024e-01	1.123211e-01	1.121952e-01	1.120179e-01	1.117824e-01
	1.114830e-01	1.111145e-01	1.106693e-01	1.101345e-01	1.094892e-01
	1.087028e-01	1.077326e-01	1.065187e-01	1.049774e-01	1.029976e-01
	1.004468e-01	9.719735e-02	9.316999e-02	8.838514e-02	8.298838e-02
	7.722609e-02	7.136805e-02	6.560742e-02	6.002085e-02	5.459700e-02
	4.928871e-02	4.404920e-02	3.886049e-02	3.376465e-02	2.885346e-02
	2.420859e-02	1.987396e-02	1.591683e-02	1.245806e-02	9.585574e-03
	7.275118e-03	5.423543e-03	3.928147e-03	2.727526e-03	1.800312e-03
	1.132846e-03	6.875217e-04	4.070834e-04	2.362560e-04	1.339723e-04
	7.367661e-05	3.886416e-05	1.926867e-05	8.556978e-06	2.897709e-06
	1.000000e-60
massfraction-CH
	1.000000e-60	3.459258e-27	5.056509e-28	1.745066e-28	2.947527e-28
	1.617246e-27	7.013897e-28	1.071998e-27	1.000000e-60	6.499159e-28
	1.000000e-60	1.000000e-60	1.000000e-60	1.000000e-60	1.000000e-60
	7.145489e-27	9.866972e-27	1.119787e-26	1.000000e-60	1.357306e-27
	1.000000e-60	1.000000e-60	6.368312e-26	2.015328e-25	6.878515e-25
	2.382251e-24	7.931479e-24	2.539290e-23	7.840698e-23	2.348010e-22
	6.814724e-22	1.923055e-21	5.260973e-21	1.389543e-20	3.544022e-20
	8.798677e-20	2.152327e-19	5.235297e-19	1.267649e-18	3.041650e-18
	7.214832e-18	1.699686e-17	4.013754e-17	9.582285e-17	2.325625e-16
	5.762111e-16	1.464879e-15	3.846976e-15	1.051046e-14	3.005090e-14
	9.032787e-14	2.858223e-13	9.444856e-13	3.191481e-12	1.071680e-11
	3.486847e-11	1.079473e-10	3.136543e-10	8.472261e-10	2.119116e-09
	4.917025e-09	1.063741e-08	2.158111e-08	4.126402e-08	7.461871e-08
	1.279835e-07	2.088771e-07	3.254002e-07	4.849641e-07	6.931594e-07
	9.543187e-07	1.273301e-06	1.656360e-06	2.110150e-06	2.640178e-06
	3.250698e-06	3.946370e-06	4.733245e-06	5.616940e-06	6.599720e-06
	7.679610e-06	8.852083e-06	1.011172e-05	1.145078e-05	1.285420e-05
	1.429379e-05	1.572512e-05	1.708788e-05	1.830885e-05	1.930870e-05
	2.001116e-05	2.035072e-05	2.027469e-05	1.974678e-05	1.876224e-05
	1.736421e-05	1.563810e-05	1.368570e-05	1.160426e-05	9.482657e-06
	7.407779e-06	5.469931e-06	3.759148e-06	2.355439e-06	1.312401e-06
	6.342013e-07	2.617761e-07	9.280029e-08	2.921929e-08	8.667332e-09
	2.595506e-09	8.285354e-10	2.872853e-10	1.065558e-10	4.089451e-11
	1.564313e-11	5.747650e-12	1.956987e-12	5.980121e-13	1.593598e-13
	3.570740e-14	6.368704e-15	8.589594e-16	8.760335e-17	7.176293e-18
	5.027642e-19	3.063732e-20	1.638579e-21	8.509350e-23	5.262339e-24
	4.380683e-25	4.909865e-26	7.156257e-27	1.278768e-27	2.589468e-28
	5.509525e-29	1.121229e-29	2.004138e-30	3.313918e-31	2.746698e-32
	1.000000e-60
massfraction-CHO
	1.000000e-60	7.283947e-19	1.788131e-18	3.197307e-18	4.947266e-18
	7.064287e-18	9.667276e-18	1.303025e-17	1.767666e-17	2.454875e-17
	3.533824e-17	5.314040e-17	8.374875e-17	1.382200e-16	2.379546e-16
	4.247219e-16	7.802756e-16	1.464223e-15	2.785808e-15	5.336907e-15
	1.023180e-14	1.952606e-14	3.692296e-14	6.891824e-14	1.265757e-13
	2.281524e-13	4.027802e-13	6.953654e-13	1.172774e-12	1.930943e-12
	3.101418e-12	4.850826e-12	7.360418e-12	1.079050e-11	1.526606e-11
	2.090056e-11	2.782401e-11	3.617320e-11	4.606231e-11	5.762082e-11
	7.113857e-11	8.724057e-11	1.070038e-10	1.320487e-10	1.646894e-10
	2.083401e-10	2.682161e-10	3.526324e-10	4.751564e-10	6.582578e-10
	9.400696e-10	1.385906e-09	2.104186e-09	3.263537e-09	5.108028e-09
	7.975937e-09	1.232246e-08	1.872914e-08	2.789365e-08	4.061531e-08
	5.780107e-08	8.047646e-08	1.097813e-07	1.469235e-07	1.930680e-07
	2.492472e-07	3.163367e-07	3.949300e-07	4.850267e-07	5.860387e-07
	6.974251e-07	8.193234e-07	9.525301e-07	1.097955e-06	1.256171e-06
	1.427523e-06	1.612648e-06	1.812687e-06	2.028812e-06	2.261625e-06
	2.511122e-06	2.777212e-06	3.060158e-06	3.360357e-06	3.677388e-06
	4.008868e-06	4.349731e-06	4.691939e-06	5.024432e-06	5.333596e-06
	5.604331e-06	5.821159e-06	5.968280e-06	6.029201e-06	5.988950e-06
	5.838977e-06	5.579929e-06	5.219424e-06	4.768147e-06	4.238332e-06
	3.645297e-06	3.010454e-06	2.363263e-06	1.741918e-06	1.191066e-06
	7.521298e-07	4.460585e-07	2.611892e-07	1.623300e-07	1.124717e-07
	8.643706e-08	7.115698e-08	6.076516e-08	5.269046e-08	4.569861e-08
	3.909679e-08	3.244411e-08	2.551466e-08	1.843941e-08	1.182135e-08
	6.485289e-09	2.937385e-09	1.070030e-09	3.149377e-10	7.746279e-11
	1.639011e-11	3.007466e-12	4.952256e-13	8.463591e-14	1.808307e-14
	4.834655e-15	1.474874e-15	4.855227e-16	1.663392e-16	5.731131e-17
	1.922267e-17	6.065229e-18	1.711977e-18	3.892956e-19	5.132884e-20
	1.000000e-60
massfraction-CH2
	1.000000e-60	8.573846e-22	1.759962e-21	2.713571e-21	3.741449e-21
	4.904722e-21	6.320589e-21	8.194031e-21	1.088147e-20	1.501912e-20
	2.178949e-20	3.348686e-20	5.474649e-20	9.528117e-20	1.761020e-19
	3.438870e-19	7.044968e-19	1.501407e-18	3.298546e-18	7.401921e-18
	1.681498e-17	3.835269e-17	8.718578e-17	1.962915e-16	4.354230e-16
	9.478635e-16	2.019383e-15	4.204574e-15	8.555706e-15	1.703501e-14
	3.325117e-14	6.369457e-14	1.195334e-13	2.191139e-13	3.923236e-13
	6.895135e-13	1.198453e-12	2.071511e-12	3.562412e-12	6.076717e-12
	1.026464e-11	1.721713e-11	2.883461e-11	4.845854e-11	8.196875e-11
	1.398745e-10	2.414549e-10	4.231780e-10	7.558313e-10	1.379742e-09
	2.579480e-09	4.939478e-09	9.638184e-09	1.892914e-08	3.682122e-08
	6.998567e-08	1.288270e-07	2.283026e-07	3.880829e-07	6.321404e-07
	9.882774e-07	1.487360e-06	2.161688e-06	3.041767e-06	4.151130e-06
	5.502005e-06	7.093927e-06	8.911638e-06	1.092075e-05	1.307293e-05
	1.532388e-05	1.764627e-05	2.002579e-05	2.244833e-05	2.489246e-05
	2.733291e-05	2.974829e-05	3.212163e-05	3.443231e-05	3.665035e-05
	3.873896e-05	4.066079e-05	4.237979e-05	4.385651e-05	4.504160e-05
	4.587401e-05	4.628607e-05	4.621201e-05	4.559779e-05	4.441035e-05
	4.264252e-05	4.030948e-05	3.744361e-05	3.410539e-05	3.040605e-05
	2.650738e-05	2.258313e-05	1.877568e-05	1.518418e-05	1.187857e-05
	8.917604e-06	6.356960e-06	4.243739e-06	2.606800e-06	1.444322e-06
	7.094064e-07	3.071855e-07	1.190489e-07	4.295771e-08	1.529693e-08
	5.713827e-09	2.335808e-09	1.054858e-09	5.168460e-10	2.667629e-10
	1.408488e-10	7.414852e-11	3.807593e-11	1.874484e-11	8.724216e-12
	3.772058e-12	1.474839e-12	5.087504e-13	1.553298e-13	4.365104e-14
	1.181584e-14	3.136847e-15	8.111860e-16	2.037832e-16	5.148668e-17
	1.409542e-17	4.475990e-18	1.684151e-18	7.340784e-19	3.553045e-19
	1.828337e-19	9.592283e-20	4.884145e-20	2.217729e-20	6.961091e-21
	1.000000e-60
massfraction-CH2O
	1.000000e-60	1.786671e-07	4.481187e-07	8.384857e-07	1.382127e-06
	2.114815e-06	3.074429e-06	4.298465e-06	5.822533e-06	7.679110e-06
	9.896640e-06	1.249898e-05	1.550517e-05	1.892941e-05	2.278128e-05
	2.706608e-05	3.178522e-05	3.693667e-05	4.251545e-05	4.851405e-05
	5.492295e-05	6.173108e-05	6.892632e-05	7.649606e-05	8.442774e-05
	9.270985e-05	1.013332e-04	1.102937e-04	1.195953e-04	1.292517e-04
	1.392821e-04	1.496875e-04	1.604121e-04	1.713564e-04	1.824576e-04
	1.937483e-04	2.053318e-04	2.172914e-04	2.296052e-04	2.421587e-04
	2.548544e-04	2.676993e-04	2.807785e-04	2.941857e-04	3.079191e-04
	3.219970e-04	3.364205e-04	3.512031e-04	3.663378e-04	3.817520e-04
	3.972880e-04	4.126561e-04	4.273561e-04	4.406989e-04	4.520177e-04
	4.609366e-04	4.674591e-04	4.718677e-04	4.745632e-04	4.759357e-04
	4.763075e-04	4.759267e-04	4.749835e-04	4.736299e-04	4.719941e-04
	4.701856e-04	4.682926e-04	4.663837e-04	4.645117e-04	4.627111e-04
	4.609913e-04	4.593380e-04	4.577240e-04	4.561201e-04	4.544988e-04
	4.528308e-04	4.510793e-04	4.491970e-04	4.471280e-04	4.448098e-04
	4.421703e-04	4.391192e-04	4.355357e-04	4.312589e-04	4.260847e-04
	4.197702e-04	4.120416e-04	4.026078e-04	3.911859e-04	3.775312e-04
	3.614543e-04	3.428061e-04	3.214734e-04	2.974814e-04	2.711680e-04
	2.432238e-04	2.144920e-04	1.857100e-04	1.574206e-04	1.300508e-04
	1.040367e-04	7.990659e-05	5.826974e-05	3.977073e-05	2.499308e-05
	1.425254e-05	7.338755e-06	3.454325e-06	1.535266e-06	6.742535e-07
	3.059371e-07	1.478220e-07	7.680224e-08	4.264128e-08	2.496009e-08
	1.518772e-08	9.490896e-09	6.036085e-09	3.889437e-09	2.538867e-09
	1.681418e-09	1.131713e-09	7.774817e-10	5.479128e-10	3.954061e-10
	2.892261e-10	2.111374e-10	1.511291e-10	1.042779e-10	6.861227e-11
	4.309809e-11	2.611553e-11	1.543440e-11	8.937448e-12	5.055119e-12
	2.772270e-12	1.458110e-12	7.207996e-13	3.191811e-13	1.077992e-13
	1.000000e-60
massfraction-CH3
	1.000000e-60	3.422625e-09	7.916066e-09	1.363315e-08	2.070517e-08
	2.928152e-08	3.952908e-08	5.162546e-08	6.576704e-08	8.217795e-08
	1.011195e-07	1.228993e-07	1.478815e-07	1.764956e-07	2.092476e-07
	2.467312e-07	2.896409e-07	3.387875e-07	3.951158e-07	4.597263e-07
	5.339025e-07	6.191437e-07	7.172064e-07	8.301575e-07	9.604421e-07
	1.110979e-06	1.285294e-06	1.487732e-06	1.723788e-06	2.000513e-06
	2.326936e-06	2.713812e-06	3.172097e-06	3.712441e-06	4.348474e-06
	5.102350e-06	6.008492e-06	7.112114e-06	8.462799e-06	1.011100e-05
	1.211723e-05	1.457184e-05	1.761027e-05	2.141893e-05	2.623874e-05
	3.239496e-05	4.034304e-05	5.074305e-05	6.454935e-05	8.311993e-05
	1.083801e-04	1.429643e-04	1.900575e-04	2.526754e-04	3.325242e-04
	4.291764e-04	5.400334e-04	6.610704e-04	7.879920e-04	9.169893e-04
	1.044923e-03	1.169068e-03	1.286842e-03	1.395652e-03	1.492947e-03
	1.576564e-03	1.645070e-03	1.697775e-03	1.734684e-03	1.756630e-03
	1.765133e-03	1.761869e-03	1.748216e-03	1.725220e-03	1.693775e-03
	1.654720e-03	1.608743e-03	1.556313e-03	1.497809e-03	1.433715e-03
	1.364640e-03	1.291167e-03	1.213702e-03	1.132515e-03	1.047956e-03
	9.606784e-04	8.716989e-04	7.823274e-04	6.940631e-04	6.084301e-04
	5.267526e-04	4.499484e-04	3.785748e-04	3.131842e-04	2.545317e-04
	2.032978e-04	1.596464e-04	1.231265e-04	9.294600e-05	6.828114e-05
	4.843512e-05	3.285181e-05	2.104682e-05	1.254934e-05	6.856427e-06
	3.393680e-06	1.522875e-06	6.311821e-07	2.504126e-07	9.935516e-08
	4.103204e-08	1.811721e-08	8.629665e-09	4.409629e-09	2.385971e-09
	1.347430e-09	7.834763e-10	4.635527e-10	2.767545e-10	1.658460e-10
	9.910876e-11	5.842876e-11	3.370278e-11	1.913763e-11	1.088828e-11
	6.267084e-12	3.621367e-12	2.066180e-12	1.148527e-12	6.223702e-13
	3.343969e-13	1.819814e-13	1.015479e-13	5.806588e-14	3.368165e-14
	1.953857e-14	1.113298e-14	6.058919e-15	2.976021e-15	1.112831e-15
	1.000000e-60
massfraction-CH4
	1.000000e-60	7.461709e-06	1.727049e-05	2.973987e-05	4.509960e-05
	6.356629e-05	8.532551e-05	1.105015e-04	1.391611e-04	1.713212e-04
	2.069587e-04	2.460197e-04	2.884295e-04	3.340997e-04	3.829347e-04
	4.348363e-04	4.897070e-04	5.474518e-04	6.079795e-04	6.712027e-04
	7.370389e-04	8.054104e-04	8.762453e-04	9.494787e-04	1.025055e-03
	1.102935e-03	1.183102e-03	1.265588e-03	1.350499e-03	1.438022e-03
	1.528392e-03	1.621677e-03	1.717439e-03	1.814858e-03	1.913448e-03
	2.013561e-03	2.116176e-03	2.222089e-03	2.331168e-03	2.442462e-03
	2.555169e-03	2.669416e-03	2.786024e-03	2.905919e-03	3.029139e-03
	3.155958e-03	3.286488e-03	3.420947e-03	3.559355e-03	3.701068e-03
	3.844495e-03	3.986479e-03	4.121263e-03	4.240418e-03	4.334923e-03
	4.398368e-03	4.428649e-03	4.427432e-03	4.398355e-03	4.345269e-03
	4.271319e-03	4.178816e-03	4.069523e-03	3.945088e-03	3.807455e-03
	3.658945e-03	3.502043e-03	3.339429e-03	3.174251e-03	3.009661e-03
	2.847699e-03	2.688873e-03	2.532815e-03	2.379237e-03	2.228341e-03
	2.080537e-03	1.935955e-03	1.794422e-03	1.655896e-03	1.520766e-03
	1.389674e-03	1.263134e-03	1.141332e-03	1.024292e-03	9.121948e-04
	8.055632e-04	7.051734e-04	6.118525e-04	5.263126e-04	4.490062e-04
	3.800046e-04	3.189544e-04	2.652431e-04	2.183288e-04	1.778848e-04
	1.436114e-04	1.149874e-04	9.125366e-05	7.158995e-05	5.527889e-05
	4.177187e-05	3.067801e-05	2.171274e-05	1.465951e-05	9.338960e-06
	5.565389e-06	3.098345e-06	1.627948e-06	8.261463e-07	4.180934e-07
	2.181273e-07	1.203979e-07	7.120646e-08	4.516137e-08	3.054635e-08
	2.187771e-08	1.647219e-08	1.293808e-08	1.050927e-08	8.736262e-09
	7.344612e-09	6.171455e-09	5.137995e-09	4.226264e-09	3.441256e-09
	2.777001e-09	2.211928e-09	1.723562e-09	1.300011e-09	9.427587e-10
	6.586957e-10	4.472929e-10	2.976662e-10	1.946279e-10	1.245223e-10
	7.731476e-11	4.600984e-11	2.565840e-11	1.274007e-11	4.776348e-12
	1.000000e-60
massfraction-C2H6
	1.000000e-60	1.392563e-06	3.487566e-06	6.515765e-06	1.072421e-05
	1.638571e-05	2.378901e-05	3.322014e-05	4.495152e-05	5.923315e-05
	7.628652e-05	9.630107e-05	1.194329e-04	1.458054e-04	1.755107e-04
	2.086125e-04	2.451486e-04	2.851340e-04	3.285639e-04	3.754158e-04
	4.256528e-04	4.792260e-04	5.360771e-04	5.961423e-04	6.593555e-04
	7.256558e-04	7.949974e-04	8.673699e-04	9.428279e-04	1.021500e-03
	1.103557e-03	1.189018e-03	1.277427e-03	1.367952e-03	1.460048e-03
	1.553952e-03	1.650486e-03	1.750301e-03	1.853151e-03	1.957996e-03
	2.063914e-03	2.170832e-03	2.279293e-03	2.389846e-03	2.502179e-03
	2.616032e-03	2.730859e-03	2.845993e-03	2.960267e-03	3.071522e-03
	3.176266e-03	3.269164e-03	3.342549e-03	3.387386e-03	3.396167e-03
	3.365832e-03	3.298331e-03	3.198939e-03	3.073828e-03	2.928415e-03
	2.766870e-03	2.592459e-03	2.408132e-03	2.217046e-03	2.022902e-03
	1.829710e-03	1.641252e-03	1.460981e-03	1.292157e-03	1.137229e-03
	9.969524e-04	8.705086e-04	7.564899e-04	6.537472e-04	5.615694e-04
	4.793745e-04	4.064222e-04	3.418715e-04	2.850150e-04	2.353448e-04
	1.924108e-04	1.556768e-04	1.245118e-04	9.828153e-05	7.643140e-05
	5.849184e-05	4.402849e-05	3.260258e-05	2.376525e-05	1.706895e-05
	1.208639e-05	8.432034e-06	5.783611e-06	3.892032e-06	2.569114e-06
	1.666420e-06	1.063528e-06	6.666662e-07	4.081048e-07	2.417311e-07
	1.368946e-07	7.305961e-08	3.610705e-08	1.618459e-08	6.439262e-09
	2.238131e-09	6.790797e-10	1.836317e-10	4.616419e-11	1.140807e-11
	2.934125e-12	8.218880e-13	2.568062e-13	8.985892e-14	3.497822e-14
	1.503672e-14	7.119127e-15	3.721747e-15	2.156926e-15	1.379361e-15
	9.545300e-16	6.944156e-16	5.169966e-16	3.870754e-16	2.891366e-16
	2.144679e-16	1.566569e-16	1.112182e-16	7.563370e-17	4.882320e-17
	3.000334e-17	1.776576e-17	1.025806e-17	5.804387e-18	3.208651e-18
	1.720101e-18	8.846852e-19	4.279654e-19	1.856929e-19	6.158029e-20
	1.000000e-60
massfraction-C2H
	1.000000e-60	5.417208e-31	4.164765e-29	1.227662e-28	3.017292e-28
	6.803443e-28	1.445781e-27	2.967224e-27	6.077694e-27	1.275025e-26
	2.721531e-26	6.090070e-26	1.434806e-25	3.558412e-25	9.289967e-25
	2.540642e-24	7.229650e-24	2.121972e-23	6.362230e-23	1.929622e-22
	5.865159e-22	1.771717e-21	5.280984e-21	1.544300e-20	4.411012e-20
	1.226927e-19	3.317640e-19	8.717779e-19	2.228368e-18	5.552646e-18
	1.352358e-17	3.222867e-17	7.493472e-17	1.691619e-16	3.704675e-16
	7.918640e-16	1.668313e-15	3.490253e-15	7.255281e-15	1.492110e-14
	3.028060e-14	6.083778e-14	1.218620e-13	2.448549e-13	4.951495e-13
	1.009753e-12	2.081682e-12	4.352799e-12	9.258707e-12	2.005783e-11
	4.422660e-11	9.885809e-11	2.214848e-10	4.875560e-10	1.030941e-09
	2.061658e-09	3.882253e-09	6.912136e-09	1.172680e-08	1.910565e-08
	3.008518e-08	4.600587e-08	6.853694e-08	9.964505e-08	1.414614e-07
	1.961033e-07	2.655218e-07	3.512351e-07	4.538313e-07	5.728219e-07
	7.073483e-07	8.570267e-07	1.021999e-06	1.202232e-06	1.396877e-06
	1.604343e-06	1.822882e-06	2.050725e-06	2.285376e-06	2.522903e-06
	2.758044e-06	2.984891e-06	3.197291e-06	3.388531e-06	3.550734e-06
	3.674804e-06	3.751343e-06	3.772083e-06	3.731390e-06	3.627430e-06
	3.462493e-06	3.242099e-06	2.973826e-06	2.667717e-06	2.337641e-06
	2.000407e-06	1.671841e-06	1.363329e-06	1.081534e-06	8.301561e-07
	6.116691e-07	4.280741e-07	2.805984e-07	1.691784e-07	9.183609e-08
	4.397368e-08	1.836834e-08	6.746303e-09	2.252949e-09	7.238634e-10
	2.386651e-10	8.481141e-11	3.301272e-11	1.389828e-11	6.168436e-12
	2.812960e-12	1.290676e-12	5.868681e-13	2.620004e-13	1.136836e-13
	4.671863e-14	1.729657e-14	5.465811e-15	1.457250e-15	3.456640e-16
	7.828326e-17	1.743435e-17	3.778467e-18	7.891753e-19	1.644832e-19
	3.723609e-20	9.925713e-21	3.201381e-21	1.217999e-21	5.193980e-22
	2.347148e-22	1.059243e-22	4.422314e-23	1.495450e-23	2.856529e-24
	1.000000e-60
massfraction-C2H2
	1.000000e-60	9.377005e-06	2.289043e-05	4.163859e-05	6.670672e-05
	9.923530e-05	1.403689e-04	1.911667e-04	2.525670e-04	3.253654e-04
	4.102061e-04	5.075845e-04	6.178563e-04	7.412527e-04	8.778960e-04
	1.027816e-03	1.190968e-03	1.367243e-03	1.556481e-03	1.758481e-03
	1.973011e-03	2.199815e-03	2.438625e-03	2.689170e-03	2.951188e-03
	3.224457e-03	3.508830e-03	3.804319e-03	4.111207e-03	4.430083e-03
	4.761721e-03	5.106291e-03	5.462067e-03	5.825856e-03	6.195655e-03
	6.572613e-03	6.960260e-03	7.361486e-03	7.775666e-03	8.199046e-03
	8.628417e-03	9.064099e-03	9.509092e-03	9.966760e-03	1.043731e-02
	1.092173e-02	1.142057e-02	1.193505e-02	1.246609e-02	1.301293e-02
	1.357267e-02	1.413889e-02	1.469873e-02	1.523249e-02	1.571899e-02
	1.614352e-02	1.650110e-02	1.679467e-02	1.703130e-02	1.721860e-02
	1.736260e-02	1.746694e-02	1.753289e-02	1.755993e-02	1.754640e-02
	1.749050e-02	1.739075e-02	1.724652e-02	1.705885e-02	1.683074e-02
	1.656546e-02	1.626471e-02	1.592827e-02	1.555544e-02	1.514632e-02
	1.470168e-02	1.422160e-02	1.370503e-02	1.315105e-02	1.256043e-02
	1.193562e-02	1.127931e-02	1.059313e-02	9.878036e-03	9.136184e-03
	8.372768e-03	7.596446e-03	6.818622e-03	6.052393e-03	5.310975e-03
	4.605657e-03	3.943995e-03	3.330245e-03	2.768478e-03	2.264436e-03
	1.823281e-03	1.445929e-03	1.128270e-03	8.634613e-04	6.445361e-04
	4.657457e-04	3.226990e-04	2.117818e-04	1.296463e-04	7.275485e-05
	3.685775e-05	1.676452e-05	6.934485e-06	2.705168e-06	1.052690e-06
	4.342071e-07	1.982277e-07	1.013414e-07	5.725792e-08	3.498179e-08
	2.267988e-08	1.541583e-08	1.092235e-08	8.053873e-09	6.165095e-09
	4.857018e-09	3.879966e-09	3.094459e-09	2.441354e-09	1.902758e-09
	1.465280e-09	1.109285e-09	8.166685e-10	5.771628e-10	3.883208e-10
	2.493852e-10	1.545936e-10	9.353412e-11	5.548011e-11	3.215915e-11
	1.807970e-11	9.748152e-12	4.937409e-12	2.237427e-12	7.716768e-13
	1.000000e-60
massfraction-CHCO
	1.000000e-60	3.832311e-06	8.868832e-06	1.526943e-05	2.315043e-05
	3.262081e-05	4.377290e-05	5.666679e-05	7.133240e-05	8.777332e-05
	1.059719e-04	1.258942e-04	1.474951e-04	1.707220e-04	1.955185e-04
	2.218267e-04	2.495886e-04	2.787480e-04	3.092503e-04	3.410432e-04
	3.740770e-04	4.083049e-04	4.436832e-04	4.801721e-04	5.177370e-04
	5.563511e-04	5.960005e-04	6.366937e-04	6.784768e-04	7.214353e-04
	7.656768e-04	8.112271e-04	8.578654e-04	9.051885e-04	9.529584e-04
	1.001346e-03	1.050821e-03	1.101762e-03	1.154101e-03	1.207378e-03
	1.261214e-03	1.315673e-03	1.371154e-03	1.428111e-03	1.486575e-03
	1.546709e-03	1.608619e-03	1.672504e-03	1.738530e-03	1.806674e-03
	1.876661e-03	1.947798e-03	2.018593e-03	2.086689e-03	2.149507e-03
	2.205232e-03	2.253252e-03	2.293947e-03	2.328240e-03	2.357154e-03
	2.381557e-03	2.402041e-03	2.418916e-03	2.432252e-03	2.441938e-03
	2.447778e-03	2.449564e-03	2.447127e-03	2.440398e-03	2.429475e-03
	2.414542e-03	2.395711e-03	2.372949e-03	2.346145e-03	2.315212e-03
	2.280091e-03	2.240646e-03	2.196606e-03	2.147654e-03	2.093565e-03
	2.034214e-03	1.969451e-03	1.898954e-03	1.822232e-03	1.738800e-03
	1.648400e-03	1.551138e-03	1.447522e-03	1.338482e-03	1.225315e-03
	1.109482e-03	9.923146e-04	8.749817e-04	7.590008e-04	6.467250e-04
	5.409817e-04	4.440717e-04	3.571430e-04	2.803914e-04	2.136105e-04
	1.566000e-04	1.092846e-04	7.157821e-05	4.321316e-05	2.355013e-05
	1.136541e-05	4.815556e-06	1.811327e-06	6.271757e-07	2.118673e-07
	7.463301e-08	2.891341e-08	1.258100e-08	6.089322e-09	3.199730e-09
	1.781934e-09	1.033540e-09	6.186572e-10	3.819056e-10	2.440371e-10
	1.614913e-10	1.098227e-10	7.564080e-11	5.184322e-11	3.486824e-11
	2.284708e-11	1.448400e-11	8.794232e-12	5.072788e-12	2.793860e-12
	1.503267e-12	8.131564e-13	4.505022e-13	2.565208e-13	1.489593e-13
	8.706096e-14	5.030796e-14	2.792350e-14	1.404223e-14	5.383345e-15
	1.000000e-60
massfraction-C3H3
	1.000000e-60	1.381554e-26	2.211429e-26	1.696992e-26	1.734795e-26
	2.698357e-26	2.853929e-26	2.341010e-26	1.000000e-60	1.000000e-60
	1.000000e-60	1.000000e-60	1.000000e-60	1.000000e-60	1.000000e-60
	1.000000e-60	1.932152e-25	1.472946e-25	1.000000e-60	1.000000e-60
	1.754190e-25	1.793960e-24	9.251476e-24	3.303558e-23	1.150306e-22
	3.940844e-22	1.313943e-21	4.284194e-21	1.374121e-20	4.356333e-20
	1.372410e-19	4.311094e-19	1.347646e-18	4.166373e-18	1.269080e-17
	3.822023e-17	1.148189e-16	3.464519e-16	1.048445e-15	3.155283e-15
	9.376268e-15	2.753482e-14	8.046805e-14	2.356442e-13	6.939517e-13
	2.055458e-12	6.133155e-12	1.848760e-11	5.643277e-11	1.743835e-10
	5.436549e-10	1.696207e-09	5.207407e-09	1.531534e-08	4.188219e-08
	1.041730e-07	2.336225e-07	4.740273e-07	8.803330e-07	1.518488e-06
	2.467291e-06	3.820127e-06	5.684056e-06	8.173394e-06	1.139535e-05
	1.543412e-05	2.033991e-05	2.611317e-05	3.267987e-05	3.989767e-05
	4.761243e-05	5.570729e-05	6.409521e-05	7.267563e-05	8.130681e-05
	8.981851e-05	9.804115e-05	1.058074e-04	1.129248e-04	1.191617e-04
	1.242687e-04	1.280083e-04	1.301642e-04	1.305323e-04	1.289230e-04
	1.251950e-04	1.193091e-04	1.113741e-04	1.016693e-04	9.062943e-05
	7.878391e-05	6.666851e-05	5.477109e-05	4.354996e-05	3.344361e-05
	2.479188e-05	1.773684e-05	1.221777e-05	8.053976e-06	5.028417e-06
	2.930039e-06	1.563117e-06	7.447684e-07	3.074811e-07	1.066850e-07
	3.062098e-08	7.437739e-09	1.635810e-09	3.485161e-10	7.287187e-11
	1.465295e-11	2.800443e-12	5.056163e-13	8.470112e-14	1.268927e-14
	1.613678e-15	1.645694e-16	1.326782e-17	1.032103e-18	1.190891e-19
	1.809631e-20	2.456814e-21	2.553229e-22	1.993910e-23	1.239904e-24
	6.533862e-26	2.951829e-27	1.140263e-28	4.106456e-30	1.678472e-31
	8.855705e-33	6.100179e-34	5.349866e-35	5.650282e-36	6.617716e-37
	7.843063e-38	8.614558e-39	8.097339e-40	5.192896e-41	1.527204e-42
	1.000000e-60
massfraction-C2H3
	1.000000e-60	2.117575e-18	4.681359e-18	7.768657e-18	1.153322e-17
	1.627711e-17	2.257568e-17	3.149428e-17	4.501701e-17	6.692930e-17
	1.047204e-16	1.738270e-16	3.073852e-16	5.792461e-16	1.159461e-15
	2.450079e-15	5.419975e-15	1.242981e-14	2.924551e-14	6.986537e-14
	1.677919e-13	4.014674e-13	9.493129e-13	2.203079e-12	4.988273e-12
	1.096576e-11	2.331244e-11	4.779342e-11	9.434497e-11	1.792814e-10
	3.281836e-10	5.789100e-10	9.826807e-10	1.602583e-09	2.514708e-09
	3.817521e-09	5.645934e-09	8.176257e-09	1.161062e-08	1.615648e-08
	2.204027e-08	2.956366e-08	3.915236e-08	5.136306e-08	6.687041e-08
	8.652092e-08	1.114693e-07	1.434631e-07	1.853319e-07	2.418764e-07
	3.215743e-07	4.394036e-07	6.206137e-07	9.047045e-07	1.348615e-06
	2.029250e-06	3.043867e-06	4.504408e-06	6.526610e-06	9.218600e-06
	1.267293e-05	1.695697e-05	2.209883e-05	2.806812e-05	3.475602e-05
	4.197516e-05	4.948200e-05	5.699525e-05	6.420970e-05	7.084733e-05
	7.672106e-05	8.174019e-05	8.586281e-05	8.905364e-05	9.127858e-05
	9.252008e-05	9.278268e-05	9.208307e-05	9.044535e-05	8.791129e-05
	8.454940e-05	8.044855e-05	7.570347e-05	7.040990e-05	6.467543e-05
	5.863323e-05	5.244229e-05	4.627441e-05	4.029680e-05	3.465272e-05
	2.944357e-05	2.471947e-05	2.049033e-05	1.675440e-05	1.351404e-05
	1.076409e-05	8.474216e-06	6.589756e-06	5.047910e-06	3.792292e-06
	2.778647e-06	1.973701e-06	1.350589e-06	8.853720e-07	5.546197e-07
	3.333818e-07	1.948218e-07	1.127265e-07	6.563419e-08	3.882696e-08
	2.345166e-08	1.449775e-08	9.156557e-09	5.864886e-09	3.763860e-09
	2.384981e-09	1.469725e-09	8.704194e-10	4.941153e-10	2.703470e-10
	1.420418e-10	6.946918e-11	3.014178e-11	1.131229e-11	3.752082e-12
	1.156611e-12	3.530720e-13	1.145925e-13	4.058401e-14	1.499173e-14
	5.528941e-15	2.019166e-15	7.325241e-16	2.627529e-16	9.173903e-17
	3.052233e-17	9.420950e-18	2.579966e-18	5.676356e-19	7.296406e-20
	1.000000e-60
massfraction-C2H4
	1.000000e-60	7.530802e-06	1.860293e-05	3.425956e-05	5.557233e-05
	8.369305e-05	1.198063e-04	1.650437e-04	2.204424e-04	2.869140e-04
	3.652272e-04	4.560015e-04	5.597096e-04	6.766862e-04	8.071404e-04
	9.511709e-04	1.108780e-03	1.279891e-03	1.464355e-03	1.661972e-03
	1.872492e-03	2.095637e-03	2.331104e-03	2.578584e-03	2.837773e-03
	3.108405e-03	3.390286e-03	3.683381e-03	3.987927e-03	4.304466e-03
	4.633722e-03	4.975825e-03	5.329022e-03	5.690104e-03	6.057051e-03
	6.430972e-03	6.815342e-03	7.212989e-03	7.623257e-03	8.042391e-03
	8.467175e-03	8.897883e-03	9.337415e-03	9.788992e-03	1.025268e-02
	1.072920e-02	1.121879e-02	1.172211e-02	1.223917e-02	1.276775e-02
	1.330255e-02	1.383327e-02	1.434126e-02	1.479940e-02	1.517891e-02
	1.545923e-02	1.563248e-02	1.570107e-02	1.567233e-02	1.555360e-02
	1.534991e-02	1.506386e-02	1.469681e-02	1.425075e-02	1.373029e-02
	1.314347e-02	1.250102e-02	1.181635e-02	1.110631e-02	1.038869e-02
	9.676666e-03	8.976268e-03	8.289114e-03	7.616729e-03	6.962441e-03
	6.330110e-03	5.722049e-03	5.139023e-03	4.582167e-03	4.054098e-03
	3.558031e-03	3.096184e-03	2.669181e-03	2.276802e-03	1.919129e-03
	1.596964e-03	1.311285e-03	1.062484e-03	8.499165e-04	6.717135e-04
	5.248134e-04	4.052732e-04	3.089478e-04	2.322232e-04	1.721619e-04
	1.261111e-04	9.141307e-05	6.552453e-05	4.628503e-05	3.203497e-05
	2.156650e-05	1.400494e-05	8.690459e-06	5.103019e-06	2.815460e-06
	1.461768e-06	7.263271e-07	3.563230e-07	1.783732e-07	9.295633e-08
	5.071765e-08	2.894418e-08	1.720887e-08	1.059122e-08	6.697605e-09
	4.325637e-09	2.844514e-09	1.906670e-09	1.310186e-09	9.288709e-10
	6.796966e-10	5.094331e-10	3.868790e-10	2.951273e-10	2.249746e-10
	1.705766e-10	1.275502e-10	9.286073e-11	6.489467e-11	4.314209e-11
	2.735084e-11	1.672431e-11	9.976620e-12	5.833211e-12	3.332575e-12
	1.846555e-12	9.814197e-13	4.902031e-13	2.192374e-13	7.472089e-14
	1.000000e-60
massfraction-C2H5
	1.000000e-60	1.050494e-10	2.625394e-10	4.894333e-10	8.037951e-10
	1.225510e-09	1.775568e-09	2.474703e-09	3.342626e-09	4.397425e-09
	5.655172e-09	7.129722e-09	8.832695e-09	1.077360e-08	1.296009e-08
	1.539826e-08	1.809309e-08	2.104891e-08	2.426995e-08	2.776095e-08
	3.152794e-08	3.557910e-08	3.992579e-08	4.458368e-08	4.957416e-08
	5.492611e-08	6.067807e-08	6.688169e-08	7.360657e-08	8.094441e-08
	8.901045e-08	9.792747e-08	1.077870e-07	1.186431e-07	1.305778e-07
	1.437792e-07	1.585545e-07	1.752442e-07	1.940838e-07	2.151492e-07
	2.384751e-07	2.642238e-07	2.926934e-07	3.241839e-07	3.588256e-07
	3.967457e-07	4.382633e-07	4.843820e-07	5.375635e-07	6.030239e-07
	6.907518e-07	8.179247e-07	1.010829e-06	1.305371e-06	1.746256e-06
	2.385777e-06	3.279944e-06	4.478836e-06	6.015010e-06	7.895482e-06
	1.009910e-05	1.257461e-05	1.523881e-05	1.797644e-05	2.064582e-05
	2.309701e-05	2.519549e-05	2.683751e-05	2.796016e-05	2.855212e-05
	2.864879e-05	2.830788e-05	2.758793e-05	2.654393e-05	2.523186e-05
	2.370917e-05	2.202888e-05	2.023646e-05	1.837436e-05	1.648684e-05
	1.461798e-05	1.280534e-05	1.107641e-05	9.450901e-06	7.945663e-06
	6.576967e-06	5.358505e-06	4.298306e-06	3.397107e-06	2.648063e-06
	2.037648e-06	1.547777e-06	1.159300e-06	8.553465e-07	6.219980e-07
	4.467648e-07	3.175748e-07	2.233326e-07	1.549008e-07	1.054073e-07
	6.991761e-08	4.489347e-08	2.770518e-08	1.633160e-08	9.178369e-09
	4.958339e-09	2.636205e-09	1.429329e-09	8.164438e-10	4.980888e-10
	3.228972e-10	2.195852e-10	1.544826e-10	1.109361e-10	8.029329e-11
	5.790783e-11	4.121090e-11	2.873595e-11	1.958158e-11	1.304973e-11
	8.477970e-12	5.268561e-12	3.001912e-12	1.502203e-12	6.647356e-13
	2.730167e-13	1.088267e-13	4.330290e-14	1.747873e-14	7.214704e-15
	3.057713e-15	1.331479e-15	5.933582e-16	2.680709e-16	1.211414e-16
	5.405454e-17	2.354398e-17	9.850989e-18	3.807549e-18	1.171748e-18
	1.000000e-60
massfraction-C3H4
	1.000000e-60	5.452770e-08	1.419878e-07	2.763966e-07	4.743363e-07
	7.554937e-07	1.142298e-06	1.658904e-06	2.330360e-06	3.181752e-06
	4.237437e-06	5.520401e-06	7.051765e-06	8.850452e-06	1.093299e-05
	1.331342e-05	1.600331e-05	1.901184e-05	2.234587e-05	2.601011e-05
	3.000727e-05	3.433830e-05	3.900261e-05	4.399840e-05	4.932300e-05
	5.497355e-05	6.094799e-05	6.724699e-05	7.387666e-05	8.084970e-05
	8.818292e-05	9.587976e-05	1.039003e-04	1.121691e-04	1.206359e-04
	1.293219e-04	1.383044e-04	1.476468e-04	1.573310e-04	1.672643e-04
	1.773653e-04	1.876350e-04	1.981372e-04	2.089429e-04	2.200524e-04
	2.314775e-04	2.432210e-04	2.552990e-04	2.677183e-04	2.804436e-04
	2.933877e-04	3.063815e-04	3.191108e-04	3.311153e-04	3.419179e-04
	3.512035e-04	3.588864e-04	3.650641e-04	3.699301e-04	3.736922e-04
	3.765258e-04	3.785583e-04	3.798722e-04	3.805168e-04	3.805222e-04
	3.799124e-04	3.787118e-04	3.769490e-04	3.746653e-04	3.719151e-04
	3.687463e-04	3.651788e-04	3.612032e-04	3.567979e-04	3.519447e-04
	3.466265e-04	3.408117e-04	3.344469e-04	3.274713e-04	3.198356e-04
	3.115039e-04	3.024365e-04	2.925724e-04	2.818319e-04	2.701421e-04
	2.574724e-04	2.438541e-04	2.293868e-04	2.142372e-04	1.986230e-04
	1.827747e-04	1.668859e-04	1.511020e-04	1.355855e-04	1.205776e-04
	1.063563e-04	9.312099e-05	8.092565e-05	6.971035e-05	5.937242e-05
	4.982228e-05	4.101007e-05	3.292415e-05	2.559364e-05	1.909795e-05
	1.356130e-05	9.108810e-06	5.784620e-06	3.499076e-06	2.046389e-06
	1.179789e-06	6.829611e-07	4.014698e-07	2.402202e-07	1.457488e-07
	8.912944e-08	5.462745e-08	3.344795e-08	2.048816e-08	1.261592e-08
	7.833452e-09	4.897110e-09	3.078609e-09	1.952900e-09	1.254670e-09
	8.137502e-10	5.260916e-10	3.328325e-10	2.023130e-10	1.169743e-10
	6.460906e-11	3.456283e-11	1.813308e-11	9.369960e-12	4.748435e-12
	2.340596e-12	1.110147e-12	4.971046e-13	2.007460e-13	6.245639e-14
	1.000000e-60
massfraction-C3H5
	1.000000e-60	9.786989e-09	2.568172e-08	5.040215e-08	8.722114e-08
	1.400782e-07	2.135229e-07	3.125273e-07	4.423213e-07	6.082182e-07
	8.154506e-07	1.069027e-06	1.373617e-06	1.733467e-06	2.152345e-06
	2.633512e-06	3.179708e-06	3.793160e-06	4.475596e-06	5.228269e-06
	6.051987e-06	6.947160e-06	7.913846e-06	8.951814e-06	1.006063e-05
	1.123978e-05	1.248891e-05	1.380820e-05	1.519897e-05	1.666390e-05
	1.820656e-05	1.982768e-05	2.151883e-05	2.326405e-05	2.505261e-05
	2.688886e-05	2.878904e-05	3.076652e-05	3.281734e-05	3.492176e-05
	3.706234e-05	3.923908e-05	4.146533e-05	4.375586e-05	4.611042e-05
	4.853108e-05	5.101776e-05	5.357296e-05	5.619664e-05	5.887900e-05
	6.159793e-05	6.431229e-05	6.694915e-05	6.940711e-05	7.158963e-05
	7.344585e-05	7.497894e-05	7.622373e-05	7.721980e-05	7.799379e-05
	7.855367e-05	7.888938e-05	7.897696e-05	7.878473e-05	7.828168e-05
	7.744618e-05	7.627125e-05	7.476816e-05	7.297154e-05	7.093548e-05
	6.871456e-05	6.634717e-05	6.385648e-05	6.126285e-05	5.859220e-05
	5.587275e-05	5.312606e-05	5.036553e-05	4.760452e-05	4.486268e-05
	4.216295e-05	3.952340e-05	3.695276e-05	3.445332e-05	3.202773e-05
	2.968328e-05	2.743066e-05	2.528072e-05	2.324224e-05	2.132006e-05
	1.951303e-05	1.781247e-05	1.620486e-05	1.468032e-05	1.323877e-05
	1.188634e-05	1.062581e-05	9.451032e-06	8.349089e-06	7.305538e-06
	6.308690e-06	5.351929e-06	4.433861e-06	3.559403e-06	2.742361e-06
	2.006830e-06	1.382979e-06	8.943969e-07	5.453418e-07	3.176830e-07
	1.802316e-07	1.015288e-07	5.750982e-08	3.286438e-08	1.887829e-08
	1.083189e-08	6.172324e-09	3.486551e-09	1.965111e-09	1.122393e-09
	6.615366e-10	4.078490e-10	2.644564e-10	1.791346e-10	1.245796e-10
	8.723620e-11	6.035581e-11	4.047310e-11	2.583196e-11	1.552555e-11
	8.817258e-12	4.798755e-12	2.538397e-12	1.313298e-12	6.629021e-13
	3.242142e-13	1.521684e-13	6.731747e-14	2.684340e-14	8.252124e-15
	1.000000e-60
massfraction-C3H6
	1.000000e-60	8.426817e-08	2.232413e-07	4.425834e-07	7.738625e-07
	1.255723e-06	1.933543e-06	2.857790e-06	4.082477e-06	5.663422e-06
	7.656530e-06	1.011622e-05	1.309412e-05	1.663798e-05	2.079100e-05
	2.559126e-05	3.107155e-05	3.725923e-05	4.417629e-05	5.183950e-05
	6.026073e-05	6.944729e-05	7.940241e-05	9.012595e-05	1.016152e-04
	1.138662e-04	1.268762e-04	1.406479e-04	1.551953e-04	1.705468e-04
	1.867396e-04	2.037810e-04	2.215813e-04	2.399707e-04	2.588332e-04
	2.782119e-04	2.982746e-04	3.191589e-04	3.408187e-04	3.630399e-04
	3.856326e-04	4.085901e-04	4.320458e-04	4.561453e-04	4.808737e-04
	5.062352e-04	5.322036e-04	5.587669e-04	5.858641e-04	6.132945e-04
	6.406633e-04	6.672682e-04	6.919124e-04	7.129202e-04	7.285581e-04
	7.376424e-04	7.398209e-04	7.354151e-04	7.250458e-04	7.093190e-04
	6.886938e-04	6.635073e-04	6.340732e-04	6.007990e-04	5.642917e-04
	5.253568e-04	4.849052e-04	4.439147e-04	4.034444e-04	3.644641e-04
	3.275698e-04	2.929257e-04	2.604720e-04	2.301568e-04	2.020125e-04
	1.760825e-04	1.523356e-04	1.306796e-04	1.110397e-04	9.338996e-05
	7.771146e-05	6.394008e-05	5.195880e-05	4.162963e-05	3.282699e-05
	2.544344e-05	1.937170e-05	1.448852e-05	1.065163e-05	7.704823e-06
	5.487453e-06	3.846327e-06	2.648341e-06	1.787850e-06	1.183395e-06
	7.695303e-07	4.923636e-07	3.094932e-07	1.900934e-07	1.130883e-07
	6.442912e-08	3.468462e-08	1.736263e-08	7.932234e-09	3.244747e-09
	1.171917e-09	3.733115e-10	1.066659e-10	2.832959e-11	7.350010e-12
	1.968532e-12	5.718225e-13	1.860901e-13	6.873672e-14	2.879023e-14
	1.357276e-14	7.148510e-15	4.209257e-15	2.816322e-15	2.179818e-15
	1.915481e-15	1.796621e-15	1.671800e-15	1.465236e-15	1.194158e-15
	9.172151e-16	6.715665e-16	4.681386e-16	3.075823e-16	1.887960e-16
	1.085184e-16	5.920556e-17	3.113835e-17	1.592494e-17	7.916918e-18
	3.805606e-18	1.753814e-18	7.617808e-19	2.984961e-19	9.033138e-20
	1.000000e-60
massfraction-N-C3H7
	1.000000e-60	1.435551e-11	3.808768e-11	7.563134e-11	1.324594e-10
	2.152894e-10	3.320293e-10	4.914982e-10	7.031588e-10	9.768153e-10
	1.322312e-09	1.749255e-09	2.266775e-09	2.883344e-09	3.606634e-09
	4.443426e-09	5.399556e-09	6.479889e-09	7.688301e-09	9.027680e-09
	1.049991e-08	1.210585e-08	1.384522e-08	1.571640e-08	1.771598e-08
	1.983796e-08	2.207226e-08	2.440215e-08	2.679965e-08	2.921624e-08
	3.156669e-08	3.370201e-08	3.538319e-08	3.629332e-08	3.609987e-08
	3.453935e-08	3.153071e-08	2.734819e-08	2.272081e-08	1.853510e-08
	1.527702e-08	1.290395e-08	1.117322e-08	9.888663e-09	8.930942e-09
	8.228285e-09	7.732449e-09	7.413431e-09	7.257009e-09	7.262552e-09
	7.443425e-09	7.829063e-09	8.465676e-09	9.413624e-09	1.074561e-08
	1.254758e-08	1.490585e-08	1.786790e-08	2.140433e-08	2.540198e-08
	2.968361e-08	3.402967e-08	3.819570e-08	4.193019e-08	4.499902e-08
	4.722002e-08	4.848971e-08	4.878962e-08	4.818407e-08	4.680798e-08
	4.482733e-08	4.239358e-08	3.962739e-08	3.663020e-08	3.349716e-08
	3.031514e-08	2.715291e-08	2.406072e-08	2.108132e-08	1.825727e-08
	1.562682e-08	1.321568e-08	1.103486e-08	9.085886e-09	7.367569e-09
	5.878365e-09	4.613835e-09	3.563753e-09	2.711418e-09	2.034536e-09
	1.507119e-09	1.102118e-09	7.945990e-10	5.640852e-10	3.944285e-10
	2.721808e-10	1.856221e-10	1.249466e-10	8.262618e-11	5.327691e-11
	3.317137e-11	1.971253e-11	1.102395e-11	5.704544e-12	2.682977e-12
	1.130703e-12	4.256058e-13	1.450141e-13	4.616548e-14	1.436867e-14
	4.595897e-15	1.577649e-15	5.978731e-16	2.537129e-16	1.215925e-16
	6.659160e-17	4.254115e-17	3.276692e-17	3.187303e-17	4.099424e-17
	7.137675e-17	1.599456e-16	3.009327e-16	3.302825e-16	2.689773e-16
	1.966298e-16	1.369791e-16	9.138596e-17	5.772033e-17	3.420892e-17
	1.910659e-17	1.020766e-17	5.294213e-18	2.683739e-18	1.326607e-18
	6.351735e-19	2.918274e-19	1.264296e-19	4.942710e-20	1.492817e-20
	1.000000e-60
massfraction-I-C3H7
	1.000000e-60	1.749204e-10	4.640959e-10	9.215712e-10	1.614054e-09
	2.623444e-09	4.046192e-09	5.989928e-09	8.570243e-09	1.190706e-08
	1.612105e-08	2.133031e-08	2.764769e-08	3.517872e-08	4.402020e-08
	5.425955e-08	6.597482e-08	7.923517e-08	9.410201e-08	1.106307e-07
	1.288726e-07	1.488785e-07	1.707014e-07	1.944009e-07	2.200480e-07
	2.477300e-07	2.775578e-07	3.096749e-07	3.442693e-07	3.815711e-07
	4.218200e-07	4.651220e-07	5.111823e-07	5.592013e-07	6.080642e-07
	6.564179e-07	7.022249e-07	7.418461e-07	7.693962e-07	7.774777e-07
	7.593828e-07	7.115906e-07	6.361537e-07	5.428408e-07	4.476554e-07
	3.656044e-07	3.028515e-07	2.572738e-07	2.244053e-07	2.009147e-07
	1.848421e-07	1.751514e-07	1.714513e-07	1.737703e-07	1.823818e-07
	1.976980e-07	2.200243e-07	2.490531e-07	2.835035e-07	3.212304e-07
	3.596122e-07	3.958884e-07	4.274012e-07	4.518140e-07	4.673638e-07
	4.731273e-07	4.691228e-07	4.562166e-07	4.359775e-07	4.103988e-07
	3.814058e-07	3.504801e-07	3.186594e-07	2.867512e-07	2.554726e-07
	2.254223e-07	1.970009e-07	1.704347e-07	1.458862e-07	1.235136e-07
	1.034327e-07	8.566069e-08	7.011291e-08	5.665145e-08	4.513580e-08
	3.543689e-08	2.741914e-08	2.092375e-08	1.576779e-08	1.175219e-08
	8.674055e-09	6.340859e-09	4.585849e-09	3.277654e-09	2.316243e-09
	1.621431e-09	1.125738e-09	7.740367e-10	5.246088e-10	3.478985e-10
	2.236153e-10	1.377394e-10	8.018530e-11	4.338577e-11	2.142879e-11
	9.520845e-12	3.790252e-12	1.369341e-12	4.631525e-13	1.533185e-13
	5.211269e-14	1.893113e-14	7.528160e-15	3.307029e-15	1.608916e-15
	8.712995e-16	5.322570e-16	3.748898e-16	3.065592e-16	2.653058e-16
	1.991924e-16	1.196092e-16	6.153980e-17	2.993956e-17	1.482873e-17
	7.734561e-18	4.237426e-18	2.381612e-18	1.332122e-18	7.226542e-19
	3.758942e-19	1.880694e-19	9.128109e-20	4.316011e-20	1.982130e-20
	8.788278e-21	3.735215e-21	1.501987e-21	5.506971e-22	1.590903e-22
	1.000000e-60
massfraction-C3H8
	1.000000e+00	9.990065e-01	9.976695e-01	9.959288e-01	9.937335e-01
	9.910330e-01	9.877799e-01	9.839359e-01	9.794714e-01	9.743657e-01
	9.686058e-01	9.621856e-01	9.551040e-01	9.473642e-01	9.389727e-01
	9.299381e-01	9.202706e-01	9.099815e-01	8.990829e-01	8.875876e-01
	8.755085e-01	8.628588e-01	8.496515e-01	8.358989e-01	8.216124e-01
	8.068009e-01	7.914690e-01	7.756128e-01	7.592139e-01	7.422379e-01
	7.246412e-01	7.064122e-01	6.876392e-01	6.684867e-01	6.490557e-01
	6.292812e-01	6.089745e-01	5.879810e-01	5.663305e-01	5.442154e-01
	5.217991e-01	4.990607e-01	4.758396e-01	4.520092e-01	4.274431e-01
	4.021454e-01	3.760774e-01	3.491682e-01	3.213618e-01	2.926887e-01
	2.632904e-01	2.334907e-01	2.039522e-01	1.756956e-01	1.498152e-01
	1.270552e-01	1.076307e-01	9.132558e-02	7.768873e-02	6.622118e-02
	5.648168e-02	4.812668e-02	4.090685e-02	3.464859e-02	2.923304e-02
	2.456942e-02	2.057659e-02	1.718171e-02	1.432275e-02	1.193780e-02
	9.955429e-03	8.301093e-03	6.910372e-03	5.735479e-03	4.742551e-03
	3.905047e-03	3.199344e-03	2.604650e-03	2.104443e-03	1.686144e-03
	1.339262e-03	1.053932e-03	8.207626e-04	6.314212e-04	4.790311e-04
	3.579874e-04	2.634517e-04	1.910040e-04	1.365605e-04	9.640597e-05
	6.726437e-05	4.637002e-05	3.152896e-05	2.110993e-05	1.392250e-05
	9.064836e-06	5.836001e-06	3.709630e-06	2.315762e-06	1.407657e-06
	8.240796e-07	4.585744e-07	2.386969e-07	1.139878e-07	4.889898e-08
	1.851339e-08	6.147197e-09	1.810543e-09	4.878767e-10	1.258589e-10
	3.267381e-11	8.903585e-12	2.607930e-12	8.249950e-13	2.799992e-13
	1.010785e-13	3.863069e-14	1.567904e-14	6.839775e-15	3.251544e-15
	1.691126e-15	9.531812e-16	5.731104e-16	3.617026e-16	2.358597e-16
	1.563021e-16	1.032690e-16	6.658766e-17	4.105614e-17	2.390999e-17
	1.318555e-17	6.979419e-18	3.595051e-18	1.812762e-18	8.922631e-19
	4.256970e-19	1.949903e-19	8.425355e-20	3.286334e-20	9.906437e-21
	1.000000e-60
V [kg/(s*m^2)]
	3.857479e-01	3.690017e-01	3.524962e-01	3.365104e-01	3.212263e-01
	3.066851e-01	2.928725e-01	2.797628e-01	2.673210e-01	2.555056e-01
	2.442716e-01	2.335721e-01	2.233600e-01	2.135898e-01	2.042180e-01
	1.952042e-01	1.865108e-01	1.781039e-01	1.699529e-01	1.620301e-01
	1.543113e-01	1.467747e-01	1.394011e-01	1.321732e-01	1.250753e-01
	1.180925e-01	1.112100e-01	1.044111e-01	9.767573e-02	9.097984e-02
	8.429908e-02	7.762363e-02	7.097959e-02	6.441535e-02	5.795212e-02
	5.155519e-02	4.515420e-02	3.869568e-02	3.218546e-02	2.567575e-02
	1.920524e-02	1.275671e-02	6.274313e-03	-2.930870e-04	-6.974535e-03
	-1.378765e-02	-2.075547e-02	-2.791302e-02	-3.529537e-02	-4.292016e-02
	-5.078265e-02	-5.883657e-02	-6.694778e-02	-7.487645e-02	-8.233812e-02
	-8.911311e-02	-9.510599e-02	-1.003363e-01	-1.048979e-01	-1.089109e-01
	-1.124907e-01	-1.157321e-01	-1.187064e-01	-1.214632e-01	-1.240338e-01
	-1.264386e-01	-1.286938e-01	-1.308108e-01	-1.327936e-01	-1.346445e-01
	-1.363747e-01	-1.380057e-01	-1.395620e-01	-1.410626e-01	-1.425186e-01
	-1.439377e-01	-1.453286e-01	-1.467022e-01	-1.480676e-01	-1.494295e-01
	-1.507896e-01	-1.521507e-01	-1.535186e-01	-1.549015e-01	-1.563065e-01
	-1.577367e-01	-1.591911e-01	-1.606658e-01	-1.621548e-01	-1.636518e-01
	-1.651528e-01	-1.666595e-01	-1.681795e-01	-1.697194e-01	-1.712782e-01
	-1.728482e-01	-1.744245e-01	-1.760139e-01	-1.776364e-01	-1.793221e-01
	-1.811085e-01	-1.830394e-01	-1.851684e-01	-1.875624e-01	-1.903000e-01
	-1.934613e-01	-1.971063e-01	-2.012531e-01	-2.058600e-01	-2.108249e-01
	-2.160061e-01	-2.212648e-01	-2.265231e-01	-2.317882e-01	-2.371358e-01
	-2.426798e-01	-2.485530e-01	-2.548877e-01	-2.617771e-01	-2.692643e-01
	-2.774057e-01	-2.863291e-01	-2.961306e-01	-3.066996e-01	-3.177675e-01
	-3.291901e-01	-3.411382e-01	-3.540303e-01	-3.683328e-01	-3.842656e-01
	-4.015755e-01	-4.196990e-01	-4.381404e-01	-4.566985e-01	-4.754356e-01
	-4.944860e-01	-5.139403e-01	-5.338372e-01	-5.541469e-01	-5.746957e-01
	-5.952660e-01
density [kg/m^3]
	1.767629e+00	1.765055e+00	1.761615e+00	1.757033e+00	1.750979e+00
	1.743041e+00	1.732739e+00	1.719568e+00	1.703026e+00	1.682665e+00
	1.658138e+00	1.629241e+00	1.595941e+00	1.558396e+00	1.516940e+00
	1.472061e+00	1.424363e+00	1.374517e+00	1.323214e+00	1.271124e+00
	1.218867e+00	1.166985e+00	1.115934e+00	1.066079e+00	1.017698e+00
	9.709861e-01	9.260623e-01	8.829740e-01	8.416997e-01	8.021664e-01
	7.642815e-01	7.280208e-01	6.935245e-01	6.609952e-01	6.304533e-01
	6.016499e-01	5.742144e-01	5.478972e-01	5.227083e-01	4.988131e-01
	4.762890e-01	4.550090e-01	4.347428e-01	4.152884e-01	3.966061e-01
	3.786258e-01	3.612949e-01	3.445488e-01	3.283459e-01	3.126936e-01
	2.976447e-01	2.833152e-01	2.699317e-01	2.578093e-01	2.472226e-01
	2.382691e-01	2.308531e-01	2.247574e-01	2.197227e-01	2.155083e-01
	2.119181e-01	2.088050e-01	2.060640e-01	2.036226e-01	2.014324e-01
	1.994591e-01	1.976753e-01	1.960597e-01	1.945984e-01	1.932797e-01
	1.920871e-01	1.909985e-01	1.899928e-01	1.890542e-01	1.881736e-01
	1.873450e-01	1.865625e-01	1.858202e-01	1.851141e-01	1.844435e-01
	1.838098e-01	1.832145e-01	1.826585e-01	1.821431e-01	1.816718e-01
	1.812507e-01	1.808884e-01	1.805948e-01	1.803796e-01	1.802518e-01
	1.802190e-01	1.802877e-01	1.804651e-01	1.807596e-01	1.811777e-01
	1.817212e-01	1.823887e-01	1.831812e-01	1.841075e-01	1.851862e-01
	1.864468e-01	1.879301e-01	1.896918e-01	1.918079e-01	1.943761e-01
	1.975114e-01	2.013305e-01	2.059347e-01	2.113885e-01	2.177046e-01
	2.248397e-01	2.327203e-01	2.413217e-01	2.507384e-01	2.612131e-01
	2.731365e-01	2.870576e-01	3.036862e-01	3.238141e-01	3.482473e-01
	3.779715e-01	4.143909e-01	4.588311e-01	5.112728e-01	5.699270e-01
	6.326767e-01	6.985927e-01	7.676401e-01	8.391106e-01	9.098494e-01
	9.743516e-01	1.027825e+00	1.068728e+00	1.098374e+00	1.119172e+00
	1.133397e+00	1.142879e+00	1.149029e+00	1.152905e+00	1.155273e+00
	1.156679e+00
cp [J/m^3K]
	1.677129e+03	1.677365e+03	1.677776e+03	1.678512e+03	1.679782e+03
	1.681867e+03	1.685114e+03	1.689920e+03	1.696717e+03	1.705936e+03
	1.717980e+03	1.733194e+03	1.751838e+03	1.774067e+03	1.799921e+03
	1.829319e+03	1.862069e+03	1.897875e+03	1.936356e+03	1.977061e+03
	2.019494e+03	2.063126e+03	2.107416e+03	2.151830e+03	2.195846e+03
	2.238973e+03	2.280756e+03	2.320792e+03	2.358730e+03	2.394266e+03
	2.427110e+03	2.456915e+03	2.483226e+03	2.505624e+03	2.523930e+03
	2.538180e+03	2.548432e+03	2.554600e+03	2.556507e+03	2.554061e+03
	2.547332e+03	2.536412e+03	2.521270e+03	2.501907e+03	2.477866e+03
	2.447780e+03	2.409624e+03	2.367029e+03	2.319683e+03	2.267419e+03
	2.210307e+03	2.148872e+03	2.084539e+03	2.019849e+03	1.957903e+03
	1.901254e+03	1.851219e+03	1.807909e+03	1.770643e+03	1.738435e+03
	1.710315e+03	1.685486e+03	1.663354e+03	1.643502e+03	1.625660e+03
	1.609632e+03	1.595252e+03	1.582375e+03	1.570897e+03	1.560716e+03
	1.551679e+03	1.543589e+03	1.536259e+03	1.529547e+03	1.523362e+03
	1.517634e+03	1.512296e+03	1.507281e+03	1.502533e+03	1.498018e+03
	1.493713e+03	1.489592e+03	1.485622e+03	1.481768e+03	1.477997e+03
	1.474294e+03	1.470649e+03	1.467062e+03	1.463536e+03	1.460074e+03
	1.456673e+03	1.453318e+03	1.449982e+03	1.446641e+03	1.443288e+03
	1.439930e+03	1.436568e+03	1.433178e+03	1.429707e+03	1.426081e+03
	1.422210e+03	1.417984e+03	1.413268e+03	1.407889e+03	1.401640e+03
	1.394298e+03	1.385676e+03	1.375681e+03	1.364368e+03	1.351955e+03
	1.338782e+03	1.325208e+03	1.311455e+03	1.297529e+03	1.283259e+03
	1.268368e+03	1.252541e+03	1.235486e+03	1.217070e+03	1.197156e+03
	1.173556e+03	1.147342e+03	1.120954e+03	1.097010e+03	1.077223e+03
	1.061703e+03	1.049578e+03	1.039898e+03	1.032038e+03	1.025722e+03
	1.020851e+03	1.017282e+03	1.014769e+03	1.013036e+03	1.011849e+03
	1.011041e+03	1.010495e+03	1.010131e+03	1.009891e+03	1.009735e+03
	1.009633e+03
lambda [W/m]
	1.571348e-02	1.575314e-02	1.580363e-02	1.586859e-02	1.595277e-02
	1.606255e-02	1.620580e-02	1.639161e-02	1.663003e-02	1.693167e-02
	1.730736e-02	1.776762e-02	1.832236e-02	1.898046e-02	1.974949e-02
	2.063553e-02	2.164299e-02	2.277452e-02	2.403103e-02	2.541169e-02
	2.691406e-02	2.853421e-02	3.026695e-02	3.210603e-02	3.404444e-02
	3.607479e-02	3.818975e-02	4.038282e-02	4.264928e-02	4.498644e-02
	4.739268e-02	4.986180e-02	5.237430e-02	5.490158e-02	5.742508e-02
	5.994877e-02	6.249205e-02	6.506884e-02	6.767010e-02	7.026859e-02
	7.284285e-02	7.539387e-02	7.793754e-02	8.048683e-02	8.304411e-02
	8.557370e-02	8.803196e-02	9.051413e-02	9.302144e-02	9.554796e-02
	9.807972e-02	1.005902e-01	1.030291e-01	1.053230e-01	1.073980e-01
	1.092095e-01	1.107526e-01	1.120521e-01	1.131480e-01	1.140823e-01
	1.148913e-01	1.156034e-01	1.162394e-01	1.168138e-01	1.173362e-01
	1.178134e-01	1.182505e-01	1.186517e-01	1.190192e-01	1.193546e-01
	1.196611e-01	1.199432e-01	1.202057e-01	1.204517e-01	1.206830e-01
	1.209005e-01	1.211048e-01	1.212968e-01	1.214766e-01	1.216434e-01
	1.217956e-01	1.219316e-01	1.220495e-01	1.221472e-01	1.222215e-01
	1.222683e-01	1.222826e-01	1.222592e-01	1.221931e-01	1.220801e-01
	1.219161e-01	1.216977e-01	1.214201e-01	1.210787e-01	1.206709e-01
	1.201976e-01	1.196617e-01	1.190631e-01	1.183970e-01	1.176523e-01
	1.168127e-01	1.158567e-01	1.147564e-01	1.134756e-01	1.119712e-01
	1.101992e-01	1.081269e-01	1.057447e-01	1.030758e-01	1.001774e-01
	9.713065e-02	9.401797e-02	9.088873e-02	8.774399e-02	8.454529e-02
	8.123381e-02	7.774439e-02	7.402139e-02	7.004743e-02	6.584528e-02
	6.137079e-02	5.671185e-02	5.204126e-02	4.761190e-02	4.365003e-02
	4.022538e-02	3.726855e-02	3.467936e-02	3.240430e-02	3.046075e-02
	2.889840e-02	2.772707e-02	2.689554e-02	2.632354e-02	2.593596e-02
	2.567652e-02	2.550559e-02	2.539510e-02	2.532517e-02	2.528198e-02
	2.525581e-02
mu [kg/s^2m]
	8.255382e-06	8.265175e-06	8.279258e-06	8.299117e-06	8.326533e-06
	8.363711e-06	8.413277e-06	8.478166e-06	8.561536e-06	8.666641e-06
	8.796686e-06	8.954681e-06	9.143310e-06	9.364816e-06	9.620926e-06
	9.912815e-06	1.024110e-05	1.060589e-05	1.100683e-05	1.144318e-05
	1.191392e-05	1.241782e-05	1.295359e-05	1.351989e-05	1.411547e-05
	1.473925e-05	1.539045e-05	1.606881e-05	1.677482e-05	1.750986e-05
	1.827591e-05	1.907371e-05	1.989981e-05	2.074742e-05	2.161257e-05
	2.249874e-05	2.341521e-05	2.437006e-05	2.536329e-05	2.638742e-05
	2.743615e-05	2.851172e-05	2.962327e-05	3.078002e-05	3.198800e-05
	3.325140e-05	3.457590e-05	3.596925e-05	3.743886e-05	3.898836e-05
	4.061597e-05	4.230972e-05	4.403678e-05	4.573902e-05	4.734696e-05
	4.880568e-05	5.008979e-05	5.120165e-05	5.216159e-05	5.299636e-05
	5.373175e-05	5.438891e-05	5.498377e-05	5.552754e-05	5.602755e-05
	5.648884e-05	5.691547e-05	5.731052e-05	5.767557e-05	5.801181e-05
	5.832198e-05	5.861052e-05	5.888208e-05	5.914017e-05	5.938676e-05
	5.962307e-05	5.985039e-05	6.007022e-05	6.028355e-05	6.049054e-05
	6.069072e-05	6.088366e-05	6.106917e-05	6.124707e-05	6.141666e-05
	6.157640e-05	6.172398e-05	6.185667e-05	6.197163e-05	6.206622e-05
	6.213831e-05	6.218629e-05	6.220876e-05	6.220410e-05	6.217090e-05
	6.210869e-05	6.201801e-05	6.189939e-05	6.175221e-05	6.157402e-05
	6.136046e-05	6.110521e-05	6.079947e-05	6.043137e-05	5.998600e-05
	5.944682e-05	5.879906e-05	5.803334e-05	5.714939e-05	5.615803e-05
	5.508020e-05	5.394073e-05	5.275595e-05	5.152568e-05	5.023379e-05
	4.885373e-05	4.735312e-05	4.570019e-05	4.387733e-05	4.188871e-05
	3.974629e-05	3.745814e-05	3.506353e-05	3.267116e-05	3.041696e-05
	2.837770e-05	2.655090e-05	2.490422e-05	2.342442e-05	2.213852e-05
	2.109213e-05	2.030137e-05	1.973757e-05	1.934918e-05	1.908631e-05
	1.891098e-05	1.879620e-05	1.872273e-05	1.867691e-05	1.864920e-05
	1.863292e-05
mDot_C3H8 [kg/m^3s]
	0.000000e+00	-5.520782e-12	-1.445684e-11	-2.964635e-11	-5.555868e-11
	-9.928899e-11	-1.721986e-10	-2.927643e-10	-4.918170e-10	-8.221343e-10
	-1.376071e-09	-2.318102e-09	-3.945169e-09	-6.798888e-09	-1.187445e-08
	-2.100918e-08	-3.760414e-08	-6.796216e-08	-1.237663e-07	-2.266693e-07
	-4.167846e-07	-7.683374e-07	-1.418263e-06	-2.617673e-06	-4.822467e-06
	-8.848801e-06	-1.613285e-05	-2.915668e-05	-5.214210e-05	-9.217503e-05
	-1.610020e-04	-2.776086e-04	-4.711087e-04	-7.839070e-04	-1.277822e-03
	-2.047651e-03	-3.244485e-03	-5.104788e-03	-7.975893e-03	-1.234156e-02
	-1.888537e-02	-2.864128e-02	-4.323687e-02	-6.521298e-02	-9.848878e-02
	-1.491425e-01	-2.268257e-01	-3.472020e-01	-5.359281e-01	-8.350182e-01
	-1.313373e+00	-2.082167e+00	-3.309685e+00	-5.224403e+00	-8.102332e+00
	-1.225549e+01	-1.801858e+01	-2.569440e+01	-3.545976e+01	-4.728566e+01
	-6.091342e+01	-7.586128e+01	-9.144656e+01	-1.068266e+02	-1.210746e+02
	-1.333169e+02	-1.428734e+02	-1.493284e+02	-1.525614e+02	-1.527571e+02
	-1.503180e+02	-1.457025e+02	-1.393219e+02	-1.315400e+02	-1.227070e+02
	-1.131581e+02	-1.031810e+02	-9.300617e+01	-8.283882e+01	-7.288450e+01
	-6.333711e+01	-5.434817e+01	-4.601416e+01	-3.839235e+01	-3.152555e+01
	-2.545193e+01	-2.019512e+01	-1.575140e+01	-1.208503e+01	-9.130059e+00
	-6.797457e+00	-4.986320e+00	-3.598687e+00	-2.551460e+00	-1.777336e+00
	-1.218558e+00	-8.233330e-01	-5.474118e-01	-3.563492e-01	-2.252663e-01
	-1.367986e-01	-7.875578e-02	-4.227900e-02	-2.073814e-02	-9.085335e-03
	-3.483456e-03	-1.157459e-03	-3.357822e-04	-8.741625e-05	-2.132499e-05
	-5.122558e-06	-1.265371e-06	-3.295702e-07	-9.090832e-08	-2.631053e-08
	-7.880372e-09	-2.413742e-09	-7.521866e-10	-2.399198e-10	-7.937719e-11
	-2.744578e-11	-9.848768e-12	-3.620410e-12	-1.358731e-12	-5.276386e-13
	-2.151225e-13	-9.136299e-14	-3.919333e-14	-1.635407e-14	-6.474285e-15
	-2.431252e-15	-8.801667e-16	-3.117102e-16	-1.081626e-16	-3.632831e-17
	-1.158410e-17	-3.418711e-18	-8.940972e-19	-1.877838e-19	-2.291513e-20
	0.000000e+00
ScalarDissRate [1/s]
	1.287364e-04	2.512893e-04	7.762469e-04	2.238177e-03	5.984284e-03
	1.485579e-02	3.436168e-02	7.433855e-02	1.510598e-01	2.896017e-01
	5.261546e-01	9.098994e-01	1.504086e+00	2.386039e+00	3.645961e+00
	5.384537e+00	7.709486e+00	1.073127e+01	1.455824e+01	1.929146e+01
	2.501965e+01	3.181435e+01	3.972572e+01	4.877922e+01	5.897327e+01
	7.027854e+01	8.263903e+01	9.597592e+01	1.101940e+02	1.251839e+02
	1.408161e+02	1.569030e+02	1.731446e+02	1.891687e+02	2.046681e+02
	2.194755e+02	2.334979e+02	2.465807e+02	2.584381e+02	2.687360e+02
	2.772347e+02	2.838238e+02	2.884539e+02	2.910000e+02	2.913586e+02
	2.893623e+02	2.850256e+02	2.782741e+02	2.691787e+02	2.578099e+02
	2.443489e+02	2.291454e+02	2.128185e+02	1.962719e+02	1.804900e+02
	1.662133e+02	1.537770e+02	1.431646e+02	1.341509e+02	1.264437e+02
	1.197675e+02	1.138997e+02	1.086743e+02	1.039739e+02	9.971949e+01
	9.585504e+01	9.233459e+01	8.912192e+01	8.619399e+01	8.353138e+01
	8.110367e+01	7.886866e+01	7.678377e+01	7.481672e+01	7.294743e+01
	7.116192e+01	6.944558e+01	6.778236e+01	6.615925e+01	6.456917e+01
	6.300881e+01	6.147402e+01	5.995743e+01	5.844971e+01	5.694332e+01
	5.543526e+01	5.392708e+01	5.242331e+01	5.093028e+01	4.945431e+01
	4.799922e+01	4.656332e+01	4.513982e+01	4.372314e+01	4.231530e+01
	4.092421e+01	3.955484e+01	3.820223e+01	3.685121e+01	3.548010e+01
	3.406417e+01	3.257753e+01	3.099195e+01	2.927678e+01	2.740334e+01
	2.535511e+01	2.314231e+01	2.081042e+01	1.843896e+01	1.612523e+01
	1.396010e+01	1.200440e+01	1.027455e+01	8.751464e+00	7.401198e+00
	6.191845e+00	5.100654e+00	4.116741e+00	3.242350e+00	2.485624e+00
	1.850188e+00	1.330496e+00	9.207414e-01	6.153362e-01	4.010882e-01
	2.565845e-01	1.602365e-01	9.619857e-02	5.449972e-02	2.880565e-02
	1.426831e-02	6.731833e-03	3.072821e-03	1.365677e-03	5.890557e-04
	2.450155e-04	9.779393e-05	3.733872e-05	1.362686e-05	4.780367e-06
	2.613370e-06
ZBilger
	1.000000e+00	9.991751e-01	9.980491e-01	9.965670e-01	9.946816e-01
	9.923464e-01	9.895178e-01	9.861604e-01	9.822465e-01	9.777568e-01
	9.726788e-01	9.670064e-01	9.607385e-01	9.538780e-01	9.464307e-01
	9.384049e-01	9.298103e-01	9.206579e-01	9.109594e-01	9.007270e-01
	8.899735e-01	8.787115e-01	8.669536e-01	8.547118e-01	8.419971e-01
	8.288184e-01	8.151803e-01	8.010802e-01	7.865024e-01	7.714168e-01
	7.557853e-01	7.395982e-01	7.229343e-01	7.059401e-01	6.887051e-01
	6.711719e-01	6.531732e-01	6.345724e-01	6.153959e-01	5.958146e-01
	5.759730e-01	5.558524e-01	5.353107e-01	5.142286e-01	4.925090e-01
	4.701472e-01	4.471092e-01	4.233314e-01	3.987630e-01	3.734288e-01
	3.474494e-01	3.211042e-01	2.949679e-01	2.699279e-01	2.469356e-01
	2.266359e-01	2.092117e-01	1.944695e-01	1.820095e-01	1.713886e-01
	1.622125e-01	1.541717e-01	1.470400e-01	1.406601e-01	1.349277e-01
	1.297685e-01	1.251203e-01	1.209326e-01	1.171702e-01	1.138006e-01
	1.107767e-01	1.080374e-01	1.055232e-01	1.031895e-01	1.010078e-01
	9.895733e-02	9.701745e-02	9.516672e-02	9.338799e-02	9.167124e-02
	9.001076e-02	8.840014e-02	8.682987e-02	8.528898e-02	8.376884e-02
	8.226588e-02	8.078127e-02	7.931920e-02	7.788554e-02	7.648606e-02
	7.512390e-02	7.379690e-02	7.249807e-02	7.122147e-02	6.996755e-02
	6.874113e-02	6.754344e-02	6.636625e-02	6.519197e-02	6.399662e-02
	6.275232e-02	6.142786e-02	5.998635e-02	5.838319e-02	5.656786e-02
	5.449205e-02	5.212559e-02	4.947197e-02	4.657917e-02	4.353535e-02
	4.044989e-02	3.742259e-02	3.450970e-02	3.171642e-02	2.901429e-02
	2.636477e-02	2.373418e-02	2.110596e-02	1.849580e-02	1.594708e-02
	1.350043e-02	1.117950e-02	9.024458e-03	7.110653e-03	5.499901e-03
	4.190619e-03	3.132692e-03	2.272593e-03	1.578275e-03	1.039740e-03
	6.509418e-04	3.914029e-04	2.285454e-04	1.303329e-04	7.262802e-05
	3.958221e-05	2.118190e-05	1.113365e-05	5.579247e-06	2.273834e-06
	0.000000e+00
ScalarDissRateBilger [1/s]
	1.770042e-02	2.526331e-02	4.763025e-02	8.622229e-02	1.494492e-01
	2.484637e-01	3.973989e-01	6.133016e-01	9.159935e-01	1.327806e+00
	1.873250e+00	2.578650e+00	3.471804e+00	4.581654e+00	5.938006e+00
	7.571278e+00	9.512270e+00	1.179195e+01	1.444120e+01	1.749058e+01
	2.097005e+01	2.490870e+01	2.933447e+01	3.427395e+01	3.975220e+01
	4.579303e+01	5.241963e+01	5.965656e+01	6.753301e+01	7.608452e+01
	8.535006e+01	9.534856e+01	1.060357e+02	1.173087e+02	1.290855e+02
	1.413740e+02	1.542542e+02	1.677786e+02	1.818684e+02	1.963200e+02
	2.109306e+02	2.255998e+02	2.401200e+02	2.547559e+02	2.693470e+02
	2.832690e+02	2.965518e+02	3.087191e+02	3.193488e+02	3.279025e+02
	3.337521e+02	3.362414e+02	3.348378e+02	3.294170e+02	3.204729e+02
	3.089807e+02	2.960046e+02	2.823694e+02	2.685441e+02	2.547104e+02
	2.408869e+02	2.270413e+02	2.131604e+02	1.992886e+02	1.855453e+02
	1.720995e+02	1.591288e+02	1.468065e+02	1.353061e+02	1.247571e+02
	1.151839e+02	1.065122e+02	9.863145e+01	9.145069e+01	8.491043e+01
	7.896255e+01	7.354988e+01	6.860879e+01	6.408570e+01	5.994343e+01
	5.615226e+01	5.267811e+01	4.947929e+01	4.651220e+01	4.373934e+01
	4.113298e+01	3.867339e+01	3.634606e+01	3.414094e+01	3.205175e+01
	3.007419e+01	2.820338e+01	2.643525e+01	2.477405e+01	2.323688e+01
	2.184604e+01	2.061545e+01	1.954393e+01	1.861913e+01	1.782428e+01
	1.714207e+01	1.655466e+01	1.604062e+01	1.557173e+01	1.511073e+01
	1.461235e+01	1.403143e+01	1.333745e+01	1.252730e+01	1.162506e+01
	1.066958e+01	9.698778e+00	8.736863e+00	7.791916e+00	6.861911e+00
	5.943322e+00	5.037358e+00	4.154951e+00	3.320465e+00	2.565009e+00
	1.911388e+00	1.365346e+00	9.279113e-01	5.997835e-01	3.719626e-01
	2.229831e-01	1.285983e-01	7.013394e-02	3.537429e-02	1.625590e-02
	6.828364e-03	2.666752e-03	9.839239e-04	3.446107e-04	1.138727e-04
	3.528538e-05	1.033110e-05	2.970003e-06	9.211934e-07	3.585448e-07
	2.378405e-07
ChiAnalytOverChiStoich
	1.000000e-10	1.000000e-10	1.000000e-10	7.918449e-03	2.081606e-02
	3.918269e-02	6.486266e-02	1.000426e-01	1.471992e-01	2.090118e-01
	2.882503e-01	3.876472e-01	5.097695e-01	6.568984e-01	8.309265e-01
	1.033278e+00	1.264853e+00	1.525999e+00	1.816504e+00	2.135608e+00
	2.482038e+00	2.854062e+00	3.249538e+00	3.665994e+00	4.100694e+00
	4.550733e+00	5.013137e+00	5.485010e+00	5.963697e+00	6.446769e+00
	6.931735e+00	7.414853e+00	7.889595e+00	8.347888e+00	8.783853e+00
	9.195518e+00	9.582682e+00	9.943059e+00	1.027029e+01	1.055609e+01
	1.079409e+01	1.098085e+01	1.111354e+01	1.118785e+01	1.119828e+01
	1.113882e+01	1.100362e+01	1.078664e+01	1.048194e+01	1.008517e+01
	9.595409e+00	9.018252e+00	8.371597e+00	7.689195e+00	7.014363e+00
	6.385196e+00	5.824071e+00	5.336909e+00	4.918259e+00	4.557783e+00
	4.244637e+00	3.969646e+00	3.725818e+00	3.508164e+00	3.313297e+00
	3.138723e+00	2.982291e+00	2.842189e+00	2.717105e+00	2.605803e+00
	2.506560e+00	2.417229e+00	2.335759e+00	2.260615e+00	2.190801e+00
	2.125596e+00	2.064292e+00	2.006167e+00	1.950654e+00	1.897413e+00
	1.846244e+00	1.796932e+00	1.749169e+00	1.702610e+00	1.656991e+00
	1.612201e+00	1.568273e+00	1.525329e+00	1.483533e+00	1.443041e+00
	1.403929e+00	1.366118e+00	1.329397e+00	1.293586e+00	1.258692e+00
	1.224836e+00	1.192041e+00	1.160070e+00	1.128443e+00	1.096527e+00
	1.063608e+00	1.028917e+00	9.915779e-01	9.505759e-01	9.048327e-01
	8.534457e-01	7.961026e-01	7.334337e-01	6.671677e-01	5.998608e-01
	5.342861e-01	4.726692e-01	4.160454e-01	3.643109e-01	3.167548e-01
	2.725995e-01	2.312794e-01	1.926007e-01	1.568624e-01	1.246327e-01
	9.626281e-02	7.175643e-02	5.116625e-02	3.467990e-02	2.214976e-02
	1.289079e-02	6.026799e-03	8.589505e-04	1.000000e-10	1.000000e-10
	1.000000e-10	1.000000e-10	1.000000e-10	1.000000e-10	1.000000e-10
	1.000000e-10	1.000000e-10	1.000000e-10	1.000000e-10	1.000000e-10
	1.000000e-10
ChiKWOverChiKWStoich
	6.163420e-11	6.164661e-11	6.166326e-11	4.884535e-03	1.284664e-02
	2.419688e-02	4.008837e-02	6.189731e-02	9.119710e-02	1.297128e-01
	1.792613e-01	2.416822e-01	3.187681e-01	4.121971e-01	5.234730e-01
	6.538753e-01	8.044193e-01	9.758286e-01	1.168516e+00	1.382577e+00
	1.617792e+00	1.873639e+00	2.149316e+00	2.443766e+00	2.755718e+00
	3.083732e+00	3.426265e+00	3.781782e+00	4.148886e+00	4.526328e+00
	4.912805e+00	5.305995e+00	5.701178e+00	6.092019e+00	6.473672e+00
	6.844523e+00	7.204706e+00	7.552726e+00	7.883249e+00	8.188566e+00
	8.462215e+00	8.700505e+00	8.900668e+00	9.058721e+00	9.168837e+00
	9.224678e+00	9.219644e+00	9.146753e+00	8.998594e+00	8.768341e+00
	8.451390e+00	8.048127e+00	7.569227e+00	7.040042e+00	6.497007e+00
	5.975432e+00	5.499027e+00	5.077418e+00	4.709449e+00	4.388567e+00
	4.106857e+00	3.857250e+00	3.634220e+00	3.433795e+00	3.253298e+00
	3.090764e+00	2.944458e+00	2.812900e+00	2.695026e+00	2.589807e+00
	2.495725e+00	2.410823e+00	2.333208e+00	2.261459e+00	2.194653e+00
	2.132123e+00	2.073205e+00	2.017219e+00	1.963622e+00	1.912092e+00
	1.862437e+00	1.814446e+00	1.767820e+00	1.722218e+00	1.677371e+00
	1.633162e+00	1.589614e+00	1.546838e+00	1.504989e+00	1.464222e+00
	1.424614e+00	1.386088e+00	1.348432e+00	1.311469e+00	1.275211e+00
	1.239800e+00	1.205283e+00	1.171440e+00	1.137791e+00	1.103689e+00
	1.068398e+00	1.031122e+00	9.909597e-01	9.468734e-01	8.977818e-01
	8.428242e-01	7.818019e-01	7.155327e-01	6.459778e-01	5.759120e-01
	5.082552e-01	4.452759e-01	3.879614e-01	3.361221e-01	2.889714e-01
	2.456849e-01	2.056762e-01	1.687406e-01	1.351480e-01	1.053989e-01
	7.975470e-02	5.813093e-02	4.046163e-02	2.675210e-02	1.668035e-02
	9.493454e-03	4.348656e-03	6.082506e-04	6.960960e-11	6.856693e-11
	6.772149e-11	6.708474e-11	6.663191e-11	6.632047e-11	6.610980e-11
	6.596923e-11	6.587708e-11	6.581796e-11	6.578094e-11	6.575843e-11
	6.574510e-11
ChiKWFact
	6.163420e-01	6.164661e-01	6.166326e-01	6.168550e-01	6.171503e-01
	6.175401e-01	6.180501e-01	6.187094e-01	6.195490e-01	6.206004e-01
	6.218945e-01	6.234591e-01	6.253180e-01	6.274898e-01	6.299872e-01
	6.328166e-01	6.359786e-01	6.394686e-01	6.432775e-01	6.473928e-01
	6.517996e-01	6.564815e-01	6.614219e-01	6.666041e-01	6.720127e-01
	6.776341e-01	6.834572e-01	6.894759e-01	6.956903e-01	7.021080e-01
	7.087410e-01	7.155901e-01	7.226199e-01	7.297678e-01	7.369968e-01
	7.443325e-01	7.518465e-01	7.595977e-01	7.675780e-01	7.757199e-01
	7.839677e-01	7.923344e-01	8.008849e-01	8.096929e-01	8.187722e-01
	8.281556e-01	8.378737e-01	8.479707e-01	8.584856e-01	8.694292e-01
	8.807743e-01	8.924264e-01	9.041557e-01	9.155759e-01	9.262434e-01
	9.358259e-01	9.441896e-01	9.513781e-01	9.575438e-01	9.628732e-01
	9.675403e-01	9.716861e-01	9.754152e-01	9.788010e-01	9.818916e-01
	9.847203e-01	9.873143e-01	9.896948e-01	9.918738e-01	9.938617e-01
	9.956775e-01	9.973498e-01	9.989079e-01	1.000373e+00	1.001758e+00
	1.003071e+00	1.004318e+00	1.005509e+00	1.006648e+00	1.007736e+00
	1.008770e+00	1.009747e+00	1.010663e+00	1.011516e+00	1.012299e+00
	1.013002e+00	1.013608e+00	1.014101e+00	1.014463e+00	1.014678e+00
	1.014734e+00	1.014618e+00	1.014319e+00	1.013824e+00	1.013124e+00
	1.012217e+00	1.011109e+00	1.009801e+00	1.008284e+00	1.006532e+00
	1.004503e+00	1.002143e+00	9.993766e-01	9.961050e-01	9.922075e-01
	9.875545e-01	9.820366e-01	9.755929e-01	9.682390e-01	9.600761e-01
	9.512791e-01	9.420455e-01	9.324977e-01	9.226244e-01	9.122875e-01
	9.012670e-01	8.892974e-01	8.761161e-01	8.615704e-01	8.456766e-01
	8.285100e-01	8.101146e-01	7.907875e-01	7.714009e-01	7.530712e-01
	7.364523e-01	7.215532e-01	7.081323e-01	6.960960e-01	6.856693e-01
	6.772149e-01	6.708474e-01	6.663191e-01	6.632047e-01	6.610980e-01
	6.596923e-01	6.587708e-01	6.581796e-01	6.578094e-01	6.575843e-01
	6.574510e-01
MolarMass [kg/kmole]
	4.409000e+01	4.403942e+01	4.397748e+01	4.390308e+01	4.381539e+01
	4.371349e+01	4.359658e+01	4.346411e+01	4.331582e+01	4.315172e+01
	4.297204e+01	4.277720e+01	4.256776e+01	4.234440e+01	4.210786e+01
	4.185894e+01	4.159845e+01	4.132721e+01	4.104606e+01	4.075581e+01
	4.045725e+01	4.015117e+01	3.983831e+01	3.951938e+01	3.919501e+01
	3.886579e+01	3.853217e+01	3.819442e+01	3.785250e+01	3.750607e+01
	3.715467e+01	3.679853e+01	3.643974e+01	3.608168e+01	3.572627e+01
	3.537236e+01	3.501674e+01	3.465708e+01	3.429428e+01	3.393188e+01
	3.357260e+01	3.321612e+01	3.286000e+01	3.250036e+01	3.214015e+01
	3.177731e+01	3.141180e+01	3.104302e+01	3.067061e+01	3.029541e+01
	2.991953e+01	2.954715e+01	2.918614e+01	2.884790e+01	2.854381e+01
	2.828060e+01	2.805890e+01	2.787480e+01	2.772222e+01	2.759498e+01
	2.748780e+01	2.739672e+01	2.731888e+01	2.725236e+01	2.719585e+01
	2.714835e+01	2.710898e+01	2.707691e+01	2.705140e+01	2.703168e+01
	2.701689e+01	2.700619e+01	2.699888e+01	2.699447e+01	2.699258e+01
	2.699293e+01	2.699526e+01	2.699938e+01	2.700515e+01	2.701245e+01
	2.702115e+01	2.703114e+01	2.704234e+01	2.705472e+01	2.706825e+01
	2.708290e+01	2.709856e+01	2.711512e+01	2.713244e+01	2.715034e+01
	2.716872e+01	2.718752e+01	2.720679e+01	2.722658e+01	2.724685e+01
	2.726747e+01	2.728834e+01	2.730953e+01	2.733127e+01	2.735394e+01
	2.737798e+01	2.740393e+01	2.743239e+01	2.746408e+01	2.749973e+01
	2.753996e+01	2.758493e+01	2.763421e+01	2.768676e+01	2.774109e+01
	2.779565e+01	2.784915e+01	2.790103e+01	2.795151e+01	2.800130e+01
	2.805131e+01	2.810238e+01	2.815509e+01	2.820945e+01	2.826493e+01
	2.832106e+01	2.837778e+01	2.843463e+01	2.848988e+01	2.854142e+01
	2.858829e+01	2.863102e+01	2.867054e+01	2.870723e+01	2.874037e+01
	2.876859e+01	2.879107e+01	2.880811e+01	2.882069e+01	2.882991e+01
	2.883666e+01	2.884159e+01	2.884518e+01	2.884779e+01	2.884968e+01
	2.885106e+01
TotalEnthalpy [J/kg]
	-2.352410e+06	-2.352030e+06	-2.351494e+06	-2.350741e+06	-2.349695e+06
	-2.348253e+06	-2.346292e+06	-2.343662e+06	-2.340199e+06	-2.335723e+06
	-2.330048e+06	-2.322985e+06	-2.314349e+06	-2.303967e+06	-2.291678e+06
	-2.277337e+06	-2.260820e+06	-2.242022e+06	-2.220864e+06	-2.197285e+06
	-2.171248e+06	-2.142741e+06	-2.111767e+06	-2.078352e+06	-2.042538e+06
	-2.004375e+06	-1.963923e+06	-1.921228e+06	-1.876311e+06	-1.829159e+06
	-1.779741e+06	-1.728131e+06	-1.674702e+06	-1.620065e+06	-1.564656e+06
	-1.508445e+06	-1.451056e+06	-1.392235e+06	-1.332266e+06	-1.271892e+06
	-1.211750e+06	-1.151974e+06	-1.092344e+06	-1.032768e+06	-9.732179e+05
	-9.140014e+05	-8.554254e+05	-7.977092e+05	-7.411519e+05	-6.862653e+05
	-6.337614e+05	-5.845830e+05	-5.399803e+05	-5.012712e+05	-4.692664e+05
	-4.438589e+05	-4.241886e+05	-4.090861e+05	-3.974226e+05	-3.882863e+05
	-3.810102e+05	-3.751357e+05	-3.703578e+05	-3.664766e+05	-3.633607e+05
	-3.609156e+05	-3.590643e+05	-3.577408e+05	-3.568860e+05	-3.564391e+05
	-3.563381e+05	-3.565288e+05	-3.569717e+05	-3.576393e+05	-3.585094e+05
	-3.595623e+05	-3.607826e+05	-3.621602e+05	-3.636865e+05	-3.653493e+05
	-3.671311e+05	-3.690133e+05	-3.709790e+05	-3.730108e+05	-3.750846e+05
	-3.771621e+05	-3.791890e+05	-3.810971e+05	-3.828075e+05	-3.842369e+05
	-3.853042e+05	-3.859332e+05	-3.860482e+05	-3.855675e+05	-3.844139e+05
	-3.825331e+05	-3.798958e+05	-3.764726e+05	-3.722009e+05	-3.669641e+05
	-3.605804e+05	-3.527950e+05	-3.432580e+05	-3.315009e+05	-3.169445e+05
	-2.989872e+05	-2.772170e+05	-2.516865e+05	-2.231509e+05	-1.930556e+05
	-1.632022e+05	-1.352015e+05	-1.099951e+05	-8.783645e+04	-6.859793e+04
	-5.209003e+04	-3.822102e+04	-2.704980e+04	-1.874709e+04	-1.339759e+04
	-1.075881e+04	-1.024620e+04	-1.108458e+04	-1.234908e+04	-1.324838e+04
	-1.341257e+04	-1.281411e+04	-1.154999e+04	-9.759883e+03	-7.658608e+03
	-5.538397e+03	-3.655274e+03	-2.127976e+03	-9.520983e+02	-6.907858e+01
	5.837730e+02	1.058669e+03	1.397668e+03	1.634271e+03	1.794752e+03
	1.900584e+03
trailer
Lewis numbers evaluated at maximum consumption
N2	-1
O2	1.01098
@ Z = 0.0763602
H	0.167825
@ Z = 0.120282
OH	0.671684
@ Z = 0.0967014
O	0.658477
@ Z = 0.0829974
H2	0.279137
@ Z = 0.0651764
H2O	-1
HO2	1.01981
@ Z = 0.00327372
H2O2	1.00629
@ Z = 0.0499516
CO	1.01071
@ Z = 0.056868
CO2	-1
CH	0.611412
@ Z = 0.0694055
CHO	1.15794
@ Z = 0.0651764
CH2	0.883357
@ Z = 0.0712697
CH2O	1.17023
@ Z = 0.0694055
CH3	0.922901
@ Z = 0.0813177
CH4	0.928314
@ Z = 0.0932213
C2H6	1.3317
@ Z = 0.112412
C2H	1.19317
@ Z = 0.0730261
C2H2	1.20917
@ Z = 0.0813177
CHCO	0.812473
@ Z = 0.0747118
C3H3	1.64067
@ Z = 0.07965
C2H3	1.14052
@ Z = 0.147699
C2H4	1.221
@ Z = 0.100151
C2H5	1.33271
@ Z = 0.0967014
C3H4	1.5991
@ Z = 0.0747118
C3H5	1.65279
@ Z = 0.0949627
C3H6	1.70851
@ Z = 0.107042
N-C3H7	1.72278
@ Z = 0.100151
I-C3H7	1.71845
@ Z = 0.1053
C3H8	1.68177
@ Z = 0.127306
Lewis numbers evaluated at maximum formation
N2	-1
O2	1.03885
@ Z = 0.00425984
H	0.169085
@ Z = 0.0763602
OH	0.665678
@ Z = 0.067391
O	0.649914
@ Z = 0.0599445
H2	0.27805
@ Z = 0.114276
H2O	0.754429
@ Z = 0.07965
HO2	1.00603
@ Z = 0.00845438
H2O2	0.997305
@ Z = 0.0275862
CO	1.02502
@ Z = 0.0829974
CO2	1.27881
@ Z = 0.067391
CH	0.615909
@ Z = 0.0846799
CHO	1.16681
@ Z = 0.0813177
CH2	0.889391
@ Z = 0.0897607
CH2O	1.17786
@ Z = 0.0863632
CH3	0.906693
@ Z = 0.120282
CH4	0.878495
@ Z = 0.139719
C2H6	1.22643
@ Z = 0.157343
C2H	1.1995
@ Z = 0.0914847
C2H2	1.1935
@ Z = 0.114276
CHCO	0.814209
@ Z = 0.103576
C3H3	1.64208
@ Z = 0.0984316
C2H3	1.21395
@ Z = 0.110593
C2H4	1.1665
@ Z = 0.136217
C2H5	1.30485
@ Z = 0.122473
C3H4	1.6016
@ Z = 0.101864
C3H5	1.60469
@ Z = 0.127306
C3H6	1.61476
@ Z = 0.143532
N-C3H7	1.66691
@ Z = 0.130028
I-C3H7	1.65773
@ Z = 0.132993
C3H8	-1
Lewis numbers evaluated at maximum mass fraction
N2	0.921399
@ Z = 7.53731e-06
O2	1.05241
@ Z = 7.53731e-06
H	0.168241
@ Z = 0.0694055
OH	0.663649
@ Z = 0.0627089
O	0.645889
@ Z = 0.0499516
H2	0.266307
@ Z = 0.139719
H2O	0.755013
@ Z = 0.103576
HO2	0.997674
@ Z = 0.0125103
H2O2	0.997213
@ Z = 0.0222977
CO	1.01989
@ Z = 0.108805
CO2	1.29176
@ Z = 0.0914847
CH	0.616145
@ Z = 0.0863632
CHO	1.16738
@ Z = 0.0829974
CH2	0.889251
@ Z = 0.0949627
CH2O	1.06778
@ Z = 0.16302
CH3	0.900585
@ Z = 0.1248
CH4	0.776936
@ Z = 0.196352
C2H6	1.07515
@ Z = 0.224056
C2H	1.19939
@ Z = 0.0932213
C2H2	1.12444
@ Z = 0.147699
CHCO	0.782145
@ Z = 0.136217
C3H3	1.64116
@ Z = 0.100151
C2H3	1.21196
@ Z = 0.112412
C2H4	1.04938
@ Z = 0.185801
C2H5	1.3002
@ Z = 0.1248
C3H4	1.50954
@ Z = 0.143532
C3H5	1.52503
@ Z = 0.152277
C3H6	1.44314
@ Z = 0.196352
N-C3H7	1.65773
@ Z = 0.132993
I-C3H7	1.02884
@ Z = 0.556121
C3H8	0.816048
@ Z = 0.99993
