header

title = "planar counterflow diffusion flame"
author = ""
date = "Thu Jul 11 20:15:41 2013"

fuel = "C3H8"
pressure = 1 [bar]
strainrate = 740 [1/s]
chiStoichAnal = 20.964 [1/s]
chiStoichAnalKW = 31.6528 [1/s]
FlameLocZ = 0.0857106 [K]
FlameLocBilger = 0.0731629 [K]
Tmax = 1759.03 [K]
stoichScalarDissRate = 32.2212 [1/s]
stoichScalarDissRateBilger = 21.3514 [1/s]

OxidizerSide
begin
	Temperature = 300 [K]
	Massfraction-N2 = 0.76708
	Massfraction-O2 = 0.23292
	Molefraction-N2 = 0.79
	Molefraction-O2 = 0.21
end

FuelSide
begin
	Temperature = 300 [K]
	Massfraction-C3H8 = 1
	Molefraction-C3H8 = 1
end

numOfSpecies = 31
gridPoints = 141

body
eta
	0.000000e+00	1.838005e-01	3.649962e-01	5.405952e-01	7.086106e-01
	8.685252e-01	1.020396e+00	1.164399e+00	1.300801e+00	1.429938e+00
	1.552187e+00	1.667947e+00	1.777620e+00	1.881601e+00	1.980268e+00
	2.073984e+00	2.163089e+00	2.247900e+00	2.328711e+00	2.405792e+00
	2.479395e+00	2.549747e+00	2.617063e+00	2.681541e+00	2.743366e+00
	2.802719e+00	2.859774e+00	2.914714e+00	2.967736e+00	3.019056e+00
	3.068910e+00	3.117433e+00	3.164511e+00	3.209866e+00	3.253356e+00
	3.295190e+00	3.335851e+00	3.375838e+00	3.415411e+00	3.454480e+00
	3.492776e+00	3.530159e+00	3.566775e+00	3.602939e+00	3.638930e+00
	3.674906e+00	3.710959e+00	3.747190e+00	3.783720e+00	3.820646e+00
	3.857994e+00	3.895591e+00	3.932915e+00	3.969084e+00	4.003062e+00
	4.034008e+00	4.061509e+00	4.085615e+00	4.106714e+00	4.125341e+00
	4.142015e+00	4.157165e+00	4.171105e+00	4.184051e+00	4.196132e+00
	4.207432e+00	4.218014e+00	4.227916e+00	4.237146e+00	4.245717e+00
	4.253688e+00	4.261159e+00	4.268247e+00	4.275050e+00	4.281645e+00
	4.288082e+00	4.294398e+00	4.300626e+00	4.306801e+00	4.312952e+00
	4.319100e+00	4.325259e+00	4.331452e+00	4.337716e+00	4.344100e+00
	4.350643e+00	4.357364e+00	4.364257e+00	4.371295e+00	4.378432e+00
	4.385627e+00	4.392875e+00	4.400218e+00	4.407701e+00	4.415318e+00
	4.423020e+00	4.430763e+00	4.438557e+00	4.446476e+00	4.454651e+00
	4.463252e+00	4.472480e+00	4.482562e+00	4.493757e+00	4.506372e+00
	4.520760e+00	4.537290e+00	4.556272e+00	4.577840e+00	4.601877e+00
	4.627994e+00	4.655653e+00	4.684431e+00	4.714224e+00	4.745315e+00
	4.778293e+00	4.813962e+00	4.853227e+00	4.896898e+00	4.945618e+00
	5.000159e+00	5.061737e+00	5.131467e+00	5.209250e+00	5.293716e+00
	5.383798e+00	5.480339e+00	5.586153e+00	5.704799e+00	5.838281e+00
	5.984949e+00	6.140246e+00	6.299693e+00	6.461189e+00	6.624994e+00
	6.792074e+00	6.963083e+00	7.138267e+00	7.317297e+00	7.498557e+00
	7.680054e+00
y [m]
	-1.165936e-03	-1.148178e-03	-1.130643e-03	-1.113612e-03	-1.097270e-03
	-1.081655e-03	-1.066751e-03	-1.052526e-03	-1.038939e-03	-1.025940e-03
	-1.013473e-03	-1.001481e-03	-9.899061e-04	-9.786901e-04	-9.677787e-04
	-9.571201e-04	-9.466662e-04	-9.363731e-04	-9.262012e-04	-9.161149e-04
	-9.060827e-04	-8.960769e-04	-8.860729e-04	-8.760488e-04	-8.659848e-04
	-8.558619e-04	-8.456611e-04	-8.353609e-04	-8.249348e-04	-8.143479e-04
	-8.035567e-04	-7.925336e-04	-7.813081e-04	-7.699609e-04	-7.585512e-04
	-7.470522e-04	-7.353484e-04	-7.232966e-04	-7.108056e-04	-6.978866e-04
	-6.846214e-04	-6.710615e-04	-6.571591e-04	-6.427902e-04	-6.278250e-04
	-6.121661e-04	-5.957348e-04	-5.784384e-04	-5.601639e-04	-5.407971e-04
	-5.202543e-04	-4.985647e-04	-4.759929e-04	-4.531001e-04	-4.306569e-04
	-4.094113e-04	-3.898794e-04	-3.722530e-04	-3.564359e-04	-3.421727e-04
	-3.291677e-04	-3.171602e-04	-3.059515e-04	-2.954084e-04	-2.854547e-04
	-2.760458e-04	-2.671503e-04	-2.587547e-04	-2.508672e-04	-2.434905e-04
	-2.365875e-04	-2.300798e-04	-2.238746e-04	-2.178892e-04	-2.120612e-04
	-2.063484e-04	-2.007211e-04	-1.951515e-04	-1.896102e-04	-1.840715e-04
	-1.785188e-04	-1.729398e-04	-1.673150e-04	-1.616106e-04	-1.557840e-04
	-1.497996e-04	-1.436418e-04	-1.373172e-04	-1.308529e-04	-1.242925e-04
	-1.176785e-04	-1.110180e-04	-1.042758e-04	-9.741664e-05	-9.044913e-05
	-8.342425e-05	-7.638749e-05	-6.933450e-05	-6.220270e-05	-5.488171e-05
	-4.722811e-05	-3.907742e-05	-3.024824e-05	-2.054120e-05	-9.731070e-06
	2.429089e-06	1.617271e-05	3.165159e-05	4.884538e-05	6.751371e-05
	8.720959e-05	1.074043e-04	1.276948e-04	1.479321e-04	1.682264e-04
	1.888449e-04	2.101139e-04	2.323196e-04	2.555821e-04	2.798348e-04
	3.049886e-04	3.310522e-04	3.578758e-04	3.848493e-04	4.111509e-04
	4.363710e-04	4.607875e-04	4.851045e-04	5.100321e-04	5.358641e-04
	5.622807e-04	5.886609e-04	6.145666e-04	6.399762e-04	6.651778e-04
	6.904916e-04	7.161346e-04	7.422257e-04	7.687732e-04	7.955782e-04
	8.223734e-04
f
	-3.450154e+00	-3.301438e+00	-3.154775e+00	-3.012556e+00	-2.876357e+00
	-2.746557e+00	-2.623063e+00	-2.505677e+00	-2.394121e+00	-2.288055e+00
	-2.187103e+00	-2.090868e+00	-1.998952e+00	-1.910964e+00	-1.826530e+00
	-1.745299e+00	-1.666941e+00	-1.591156e+00	-1.517671e+00	-1.446238e+00
	-1.376640e+00	-1.308680e+00	-1.242188e+00	-1.177007e+00	-1.113000e+00
	-1.050036e+00	-9.879899e-01	-9.267265e-01	-8.660887e-01	-8.058839e-01
	-7.458883e-01	-6.859820e-01	-6.263631e-01	-5.674759e-01	-5.096191e-01
	-4.526345e-01	-3.959497e-01	-3.389121e-01	-2.811715e-01	-2.228772e-01
	-1.644807e-01	-1.062638e-01	-4.806814e-02	1.055408e-02	7.002797e-02
	1.306026e-01	1.924199e-01	2.556435e-01	3.204769e-01	3.870866e-01
	4.555000e-01	5.253607e-01	5.956169e-01	6.644657e-01	7.297438e-01
	7.896306e-01	8.431423e-01	8.902318e-01	9.315665e-01	9.681284e-01
	1.000902e+00	1.030703e+00	1.058140e+00	1.083622e+00	1.107400e+00
	1.129635e+00	1.150447e+00	1.169909e+00	1.188038e+00	1.204861e+00
	1.220490e+00	1.235128e+00	1.249000e+00	1.262302e+00	1.275184e+00
	1.287745e+00	1.300055e+00	1.312179e+00	1.324184e+00	1.336129e+00
	1.348049e+00	1.359975e+00	1.371946e+00	1.384038e+00	1.396339e+00
	1.408924e+00	1.421825e+00	1.435029e+00	1.448480e+00	1.462090e+00
	1.475775e+00	1.489526e+00	1.503422e+00	1.517541e+00	1.531872e+00
	1.546318e+00	1.560793e+00	1.575316e+00	1.590021e+00	1.605146e+00
	1.620998e+00	1.637930e+00	1.656340e+00	1.676672e+00	1.699435e+00
	1.725206e+00	1.754555e+00	1.787908e+00	1.825350e+00	1.866508e+00
	1.910548e+00	1.956428e+00	2.003343e+00	2.051044e+00	2.099891e+00
	2.150680e+00	2.204449e+00	2.262282e+00	2.325003e+00	2.393098e+00
	2.467142e+00	2.548192e+00	2.637041e+00	2.732954e+00	2.833864e+00
	2.938372e+00	3.047410e+00	3.164027e+00	3.291909e+00	3.432993e+00
	3.585525e+00	3.745035e+00	3.907342e+00	4.070710e+00	4.235709e+00
	4.403529e+00	4.574976e+00	4.750402e+00	4.929548e+00	5.110851e+00
	5.292348e+00
df/deta
	8.089298e-01	8.091119e-01	8.094209e-01	8.099069e-01	8.106332e-01
	8.116817e-01	8.131530e-01	8.151646e-01	8.178477e-01	8.213418e-01
	8.257899e-01	8.313312e-01	8.380958e-01	8.461987e-01	8.557358e-01
	8.667813e-01	8.793858e-01	8.935764e-01	9.093575e-01	9.267120e-01
	9.456035e-01	9.659792e-01	9.877720e-01	1.010904e+00	1.035291e+00
	1.060842e+00	1.087470e+00	1.115094e+00	1.143651e+00	1.173104e+00
	1.203440e+00	1.234603e+00	1.266372e+00	1.298379e+00	1.330326e+00
	1.362167e+00	1.394100e+00	1.426382e+00	1.459101e+00	1.492062e+00
	1.524893e+00	1.557322e+00	1.589322e+00	1.621016e+00	1.652493e+00
	1.683726e+00	1.714609e+00	1.745021e+00	1.774829e+00	1.803841e+00
	1.831771e+00	1.858158e+00	1.882332e+00	1.903540e+00	1.921210e+00
	1.935189e+00	1.945766e+00	1.953502e+00	1.959024e+00	1.962885e+00
	1.965503e+00	1.967173e+00	1.968097e+00	1.968419e+00	1.968244e+00
	1.967658e+00	1.966734e+00	1.965537e+00	1.964130e+00	1.962568e+00
	1.960896e+00	1.959133e+00	1.957287e+00	1.955354e+00	1.953331e+00
	1.951213e+00	1.948998e+00	1.946681e+00	1.944254e+00	1.941708e+00
	1.939035e+00	1.936230e+00	1.933282e+00	1.930169e+00	1.926864e+00
	1.923337e+00	1.919570e+00	1.915555e+00	1.911302e+00	1.906830e+00
	1.902165e+00	1.897310e+00	1.892234e+00	1.886904e+00	1.881321e+00
	1.875519e+00	1.869535e+00	1.863364e+00	1.856950e+00	1.850185e+00
	1.842917e+00	1.834962e+00	1.826096e+00	1.816055e+00	1.804522e+00
	1.791115e+00	1.775432e+00	1.757122e+00	1.736020e+00	1.712252e+00
	1.686275e+00	1.658749e+00	1.630257e+00	1.601079e+00	1.571129e+00
	1.540071e+00	1.507455e+00	1.472880e+00	1.436215e+00	1.397673e+00
	1.357581e+00	1.316205e+00	1.274200e+00	1.233077e+00	1.194690e+00
	1.160142e+00	1.129441e+00	1.102102e+00	1.077846e+00	1.056949e+00
	1.039981e+00	1.027129e+00	1.017937e+00	1.011590e+00	1.007291e+00
	1.004427e+00	1.002561e+00	1.001379e+00	1.000655e+00	1.000233e+00
	1.000000e+00
Z
	1.000000e+00	9.999311e-01	9.998100e-01	9.996071e-01	9.992828e-01
	9.987858e-01	9.980527e-01	9.970094e-01	9.955734e-01	9.936569e-01
	9.911698e-01	9.880238e-01	9.841353e-01	9.794285e-01	9.738374e-01
	9.673071e-01	9.597947e-01	9.512696e-01	9.417135e-01	9.311199e-01
	9.194933e-01	9.068489e-01	8.932109e-01	8.786120e-01	8.630912e-01
	8.466921e-01	8.294600e-01	8.114374e-01	7.926583e-01	7.731410e-01
	7.528882e-01	7.319332e-01	7.104239e-01	6.886107e-01	6.667043e-01
	6.447441e-01	6.225995e-01	6.000953e-01	5.771686e-01	5.539557e-01
	5.307160e-01	5.076415e-01	4.847477e-01	4.619366e-01	4.391267e-01
	4.163135e-01	3.935456e-01	3.708710e-01	3.483248e-01	3.259639e-01
	3.038971e-01	2.823476e-01	2.617111e-01	2.425139e-01	2.252581e-01
	2.102370e-01	1.974664e-01	1.867315e-01	1.776915e-01	1.699890e-01
	1.633149e-01	1.574313e-01	1.521675e-01	1.474072e-01	1.430743e-01
	1.391157e-01	1.354900e-01	1.321676e-01	1.291305e-01	1.263609e-01
	1.238288e-01	1.214926e-01	1.193093e-01	1.172431e-01	1.152675e-01
	1.133646e-01	1.115218e-01	1.097278e-01	1.079716e-01	1.062441e-01
	1.045393e-01	1.028529e-01	1.011789e-01	9.950718e-02	9.782593e-02
	9.612595e-02	9.440414e-02	9.266374e-02	9.091325e-02	8.916504e-02
	8.743034e-02	8.571062e-02	8.399657e-02	8.227929e-02	8.056125e-02
	7.885490e-02	7.717071e-02	7.550687e-02	7.384825e-02	7.216976e-02
	7.044036e-02	6.862635e-02	6.669280e-02	6.460395e-02	6.232242e-02
	5.981139e-02	5.704318e-02	5.401327e-02	5.075588e-02	4.734716e-02
	4.389426e-02	4.050568e-02	3.725454e-02	3.416374e-02	3.121494e-02
	2.837162e-02	2.559744e-02	2.287035e-02	2.019555e-02	1.760171e-02
	1.511854e-02	1.276479e-02	1.057168e-02	8.597717e-03	6.895018e-03
	5.468397e-03	4.279121e-03	3.279266e-03	2.437386e-03	1.745523e-03
	1.206035e-03	8.103610e-04	5.338191e-04	3.456145e-04	2.190037e-04
	1.346955e-04	7.941424e-05	4.388671e-05	2.160149e-05	8.033156e-06
	0.000000e+00
temperature [K]
	3.000000e+02	3.000883e+02	3.002432e+02	3.005027e+02	3.009171e+02
	3.015515e+02	3.024863e+02	3.038146e+02	3.056392e+02	3.080679e+02
	3.112084e+02	3.151624e+02	3.200214e+02	3.258619e+02	3.327432e+02
	3.407059e+02	3.497726e+02	3.599488e+02	3.712253e+02	3.835808e+02
	3.969844e+02	4.113986e+02	4.267821e+02	4.430919e+02	4.602860e+02
	4.783256e+02	4.971782e+02	5.168222e+02	5.372529e+02	5.584893e+02
	5.805753e+02	6.035287e+02	6.272488e+02	6.515227e+02	6.761771e+02
	7.012262e+02	7.268829e+02	7.534276e+02	7.810279e+02	8.096227e+02
	8.389893e+02	8.689692e+02	8.996210e+02	9.311657e+02	9.638286e+02
	9.977474e+02	1.033027e+03	1.069779e+03	1.108114e+03	1.148110e+03
	1.189751e+03	1.232763e+03	1.276406e+03	1.319428e+03	1.360322e+03
	1.397806e+03	1.431167e+03	1.460337e+03	1.485739e+03	1.508010e+03
	1.527792e+03	1.545619e+03	1.561892e+03	1.576886e+03	1.590779e+03
	1.603686e+03	1.615697e+03	1.626867e+03	1.637216e+03	1.646765e+03
	1.655580e+03	1.663777e+03	1.671480e+03	1.678793e+03	1.685790e+03
	1.692513e+03	1.698988e+03	1.705232e+03	1.711260e+03	1.717077e+03
	1.722672e+03	1.728027e+03	1.733121e+03	1.737939e+03	1.742460e+03
	1.746636e+03	1.750389e+03	1.753617e+03	1.756200e+03	1.758022e+03
	1.758989e+03	1.759026e+03	1.758065e+03	1.756024e+03	1.752834e+03
	1.748480e+03	1.742996e+03	1.736415e+03	1.728719e+03	1.719812e+03
	1.709516e+03	1.697575e+03	1.683667e+03	1.667406e+03	1.648330e+03
	1.625913e+03	1.599617e+03	1.569012e+03	1.533949e+03	1.494677e+03
	1.451876e+03	1.406475e+03	1.359247e+03	1.310484e+03	1.259903e+03
	1.206809e+03	1.150317e+03	1.089627e+03	1.024458e+03	9.552300e+02
	8.826785e+02	8.076174e+02	7.318265e+02	6.587860e+02	5.923629e+02
	5.345696e+02	4.851243e+02	4.427975e+02	4.066906e+02	3.767259e+02
	3.531860e+02	3.358249e+02	3.236417e+02	3.153263e+02	3.097207e+02
	3.059826e+02	3.035289e+02	3.019508e+02	3.009605e+02	3.003572e+02
	3.000000e+02
massfraction-N2
	1.000000e-60	7.027282e-04	1.646509e-03	2.872214e-03	4.414065e-03
	6.305626e-03	8.577716e-03	1.125493e-02	1.435549e-02	1.789165e-02
	2.187043e-02	2.629450e-02	3.116311e-02	3.647282e-02	4.221841e-02
	4.839346e-02	5.499093e-02	6.200344e-02	6.942345e-02	7.724336e-02
	8.545552e-02	9.405233e-02	1.030262e-01	1.123700e-01	1.220768e-01
	1.321410e-01	1.425593e-01	1.533323e-01	1.644682e-01	1.759857e-01
	1.879145e-01	2.002683e-01	2.129949e-01	2.259810e-01	2.391335e-01
	2.524585e-01	2.660654e-01	2.800965e-01	2.946312e-01	3.096257e-01
	3.249506e-01	3.405101e-01	3.563203e-01	3.724958e-01	3.890922e-01
	4.061701e-01	4.237368e-01	4.417989e-01	4.603654e-01	4.794229e-01
	4.989044e-01	5.186198e-01	5.381775e-01	5.569934e-01	5.744320e-01
	5.900177e-01	6.035555e-01	6.151234e-01	6.249789e-01	6.334382e-01
	6.407932e-01	6.472757e-01	6.530541e-01	6.582432e-01	6.629181e-01
	6.671331e-01	6.709327e-01	6.743521e-01	6.774169e-01	6.801544e-01
	6.826048e-01	6.848182e-01	6.868437e-01	6.887210e-01	6.904793e-01
	6.921390e-01	6.937145e-01	6.952187e-01	6.966636e-01	6.980591e-01
	6.994120e-01	7.007276e-01	7.020124e-01	7.032754e-01	7.045267e-01
	7.057738e-01	7.070196e-01	7.082624e-01	7.094968e-01	7.107152e-01
	7.119110e-01	7.130844e-01	7.142427e-01	7.153929e-01	7.165338e-01
	7.176581e-01	7.187596e-01	7.198402e-01	7.209104e-01	7.219867e-01
	7.230887e-01	7.242374e-01	7.254541e-01	7.267599e-01	7.281765e-01
	7.297246e-01	7.314188e-01	7.332591e-01	7.352215e-01	7.372564e-01
	7.392967e-01	7.412762e-01	7.431529e-01	7.449164e-01	7.465817e-01
	7.481749e-01	7.497225e-01	7.512446e-01	7.527468e-01	7.542224e-01
	7.556635e-01	7.570681e-01	7.584256e-01	7.597050e-01	7.608701e-01
	7.619060e-01	7.628247e-01	7.636477e-01	7.643875e-01	7.650377e-01
	7.655805e-01	7.660067e-01	7.663256e-01	7.665580e-01	7.667259e-01
	7.668464e-01	7.669320e-01	7.669920e-01	7.670333e-01	7.670612e-01
	7.670796e-01
massfraction-O2
	1.000000e-60	1.365154e-05	3.207642e-05	5.611541e-05	8.648244e-05
	1.238787e-04	1.689499e-04	2.222144e-04	2.840585e-04	3.547419e-04
	4.344120e-04	5.231214e-04	6.208457e-04	7.275010e-04	8.429607e-04
	9.670707e-04	1.099661e-03	1.240551e-03	1.389559e-03	1.546498e-03
	1.711185e-03	1.883434e-03	2.063066e-03	2.249906e-03	2.443792e-03
	2.644588e-03	2.852202e-03	3.066628e-03	3.288007e-03	3.516690e-03
	3.753248e-03	3.997931e-03	4.249688e-03	4.506268e-03	4.765831e-03
	5.028499e-03	5.296431e-03	5.572423e-03	5.858026e-03	6.152371e-03
	6.452921e-03	6.757806e-03	7.067360e-03	7.383846e-03	7.708366e-03
	8.042136e-03	8.385342e-03	8.738171e-03	9.100882e-03	9.473336e-03
	9.854398e-03	1.024059e-02	1.062458e-02	1.099529e-02	1.134058e-02
	1.165135e-02	1.192384e-02	1.215959e-02	1.236372e-02	1.254262e-02
	1.270244e-02	1.284829e-02	1.298424e-02	1.311345e-02	1.323835e-02
	1.336098e-02	1.348315e-02	1.360633e-02	1.373139e-02	1.385892e-02
	1.398977e-02	1.412550e-02	1.426819e-02	1.442018e-02	1.458376e-02
	1.476115e-02	1.495455e-02	1.516644e-02	1.539983e-02	1.565807e-02
	1.594464e-02	1.626330e-02	1.661876e-02	1.701753e-02	1.746823e-02
	1.798072e-02	1.856496e-02	1.923001e-02	1.998314e-02	2.082894e-02
	2.177045e-02	2.281421e-02	2.397374e-02	2.526456e-02	2.669466e-02
	2.826095e-02	2.995688e-02	3.178445e-02	3.376106e-02	3.592142e-02
	3.831683e-02	4.101360e-02	4.409267e-02	4.765024e-02	5.180040e-02
	5.667243e-02	6.239308e-02	6.904978e-02	7.663882e-02	8.503164e-02
	9.397661e-02	1.031643e-01	1.123379e-01	1.213632e-01	1.302286e-01
	1.389896e-01	1.477151e-01	1.564391e-01	1.651148e-01	1.736251e-01
	1.818569e-01	1.897380e-01	1.971504e-01	2.038742e-01	2.097036e-01
	2.145973e-01	2.186721e-01	2.220850e-01	2.249412e-01	2.272693e-01
	2.290660e-01	2.303672e-01	2.312637e-01	2.318642e-01	2.322614e-01
	2.325212e-01	2.326885e-01	2.327940e-01	2.328590e-01	2.328978e-01
	2.329204e-01
massfraction-H
	1.000000e-60	1.997037e-17	4.126397e-17	6.384903e-17	8.791135e-17
	1.141815e-16	1.441236e-16	1.802085e-16	2.263875e-16	2.888753e-16
	3.775068e-16	5.081038e-16	7.065873e-16	1.016108e-15	1.509381e-15
	2.309962e-15	3.628671e-15	5.825290e-15	9.511489e-15	1.571917e-14
	2.616927e-14	4.368943e-14	7.284325e-14	1.208499e-13	1.988892e-13
	3.239153e-13	5.211558e-13	8.276066e-13	1.297106e-12	2.008032e-12
	3.075193e-12	4.664664e-12	7.005146e-12	1.039794e-11	1.524802e-11
	2.214482e-11	3.200464e-11	4.626214e-11	6.708303e-11	9.757667e-11
	1.421170e-10	2.071109e-10	3.025857e-10	4.448325e-10	6.603233e-10
	9.923046e-10	1.512611e-09	2.344109e-09	3.703011e-09	5.979691e-09
	9.896131e-09	1.680150e-08	2.918864e-08	5.153369e-08	9.157544e-08
	1.621163e-07	2.828701e-07	4.811422e-07	7.909110e-07	1.251403e-06
	1.906307e-06	2.802795e-06	3.989033e-06	5.509134e-06	7.395823e-06
	9.665422e-06	1.231632e-05	1.532480e-05	1.864049e-05	2.219749e-05
	2.594063e-05	2.984294e-05	3.390152e-05	3.812385e-05	4.251672e-05
	4.708056e-05	5.181119e-05	5.670606e-05	6.176698e-05	6.699432e-05
	7.238064e-05	7.791383e-05	8.358748e-05	8.940822e-05	9.538935e-05
	1.015321e-04	1.078099e-04	1.141648e-04	1.205106e-04	1.267406e-04
	1.327506e-04	1.384715e-04	1.438693e-04	1.489036e-04	1.534993e-04
	1.575664e-04	1.610442e-04	1.639172e-04	1.661971e-04	1.678941e-04
	1.689947e-04	1.694477e-04	1.691574e-04	1.679794e-04	1.657163e-04
	1.621167e-04	1.568963e-04	1.498024e-04	1.407314e-04	1.298433e-04
	1.176032e-04	1.046683e-04	9.165623e-05	7.898074e-05	6.683463e-05
	5.528830e-05	4.439281e-05	3.426164e-05	2.512304e-05	1.727248e-05
	1.094629e-05	6.245887e-06	3.131045e-06	1.363406e-06	5.188219e-07
	1.737903e-07	5.100575e-08	1.314786e-08	3.184032e-09	8.521811e-10
	2.814314e-10	1.091363e-10	4.595149e-11	2.006560e-11	8.798025e-12
	3.759940e-12	1.514727e-12	5.471678e-13	1.605689e-13	2.926776e-14
	1.000000e-60
massfraction-OH
	1.000000e-60	1.119244e-20	6.067694e-20	1.839869e-19	4.371844e-19
	9.090843e-19	1.742788e-18	3.173684e-18	5.599879e-18	9.712856e-18
	1.674123e-17	2.890815e-17	5.029351e-17	8.846289e-17	1.575406e-16
	2.839751e-16	5.172539e-16	9.495494e-16	1.751155e-15	3.233196e-15
	5.956361e-15	1.091542e-14	1.984587e-14	3.572348e-14	6.356423e-14
	1.116882e-13	1.937017e-13	3.316120e-13	5.607854e-13	9.379904e-13
	1.554586e-12	2.555840e-12	4.163161e-12	6.699392e-12	1.063535e-11
	1.669393e-11	2.605049e-11	4.065463e-11	6.368099e-11	1.001056e-10
	1.575516e-10	2.479746e-10	3.911225e-10	6.208360e-10	9.955462e-10
	1.616726e-09	2.663213e-09	4.457524e-09	7.594300e-09	1.319137e-08
	2.338167e-08	4.222398e-08	7.719282e-08	1.412070e-07	2.548396e-07
	4.486237e-07	7.659410e-07	1.266885e-06	2.032965e-06	3.172175e-06
	4.824931e-06	7.169440e-06	1.042392e-05	1.484113e-05	2.069158e-05
	2.824426e-05	3.774888e-05	4.939900e-05	6.327842e-05	7.936300e-05
	9.761483e-05	1.180864e-04	1.409440e-04	1.664280e-04	1.948023e-04
	2.263150e-04	2.611994e-04	2.997157e-04	3.421803e-04	3.889287e-04
	4.402540e-04	4.964227e-04	5.577804e-04	6.248668e-04	6.984005e-04
	7.790808e-04	8.673486e-04	9.632297e-04	1.066239e-03	1.175336e-03
	1.289173e-03	1.406732e-03	1.527531e-03	1.650872e-03	1.774985e-03
	1.897107e-03	2.014522e-03	2.125412e-03	2.228859e-03	2.324335e-03
	2.411070e-03	2.487503e-03	2.550897e-03	2.597089e-03	2.620397e-03
	2.613670e-03	2.568909e-03	2.479053e-03	2.340993e-03	2.158445e-03
	1.942748e-03	1.710098e-03	1.476190e-03	1.252288e-03	1.044644e-03
	8.563589e-04	6.891548e-04	5.442297e-04	4.220915e-04	3.213084e-04
	2.381085e-04	1.685078e-04	1.113993e-04	6.856409e-05	4.053219e-05
	2.414925e-05	1.495489e-05	9.649457e-06	6.399710e-06	4.304605e-06
	2.920706e-06	1.998826e-06	1.378310e-06	9.523035e-07	6.526721e-07
	4.381590e-07	2.835297e-07	1.723182e-07	9.313912e-08	3.783441e-08
	1.000000e-60
massfraction-O
	1.000000e-60	1.112314e-21	4.626012e-21	1.173242e-20	2.357621e-20
	4.147185e-20	6.720279e-20	1.035345e-19	1.550951e-19	2.297943e-19
	3.411621e-19	5.123279e-19	7.829261e-19	1.221149e-18	1.944724e-18
	3.157112e-18	5.209203e-18	8.702801e-18	1.466090e-17	2.480176e-17
	4.196906e-17	7.078936e-17	1.186494e-16	1.971111e-16	3.239177e-16
	5.258074e-16	8.424769e-16	1.332332e-15	2.081234e-15	3.216504e-15
	4.929920e-15	7.510328e-15	1.137983e-14	1.714263e-14	2.569418e-14
	3.846915e-14	5.792523e-14	8.839114e-14	1.374834e-13	2.184322e-13
	3.541860e-13	5.856655e-13	9.892146e-13	1.712815e-12	3.049361e-12
	5.588901e-12	1.054681e-11	2.049893e-11	4.106984e-11	8.490355e-11
	1.811851e-10	3.981962e-10	8.940282e-10	2.021324e-09	4.521458e-09
	9.842834e-09	2.056324e-08	4.077547e-08	7.629893e-08	1.347801e-07
	2.258772e-07	3.615147e-07	5.560287e-07	8.259210e-07	1.189034e-06
	1.663742e-06	2.268434e-06	3.019863e-06	3.930216e-06	5.007294e-06
	6.260607e-06	7.708812e-06	9.382719e-06	1.132454e-05	1.358634e-05
	1.622922e-05	1.932553e-05	2.296555e-05	2.726525e-05	3.236918e-05
	3.845081e-05	4.572083e-05	5.445105e-05	6.501143e-05	7.790213e-05
	9.375999e-05	1.133412e-04	1.374897e-04	1.670786e-04	2.029158e-04
	2.457097e-04	2.962401e-04	3.555260e-04	4.245589e-04	5.036785e-04
	5.922091e-04	6.888305e-04	7.923337e-04	9.020574e-04	1.017895e-03
	1.139992e-03	1.268258e-03	1.401882e-03	1.538824e-03	1.675383e-03
	1.805634e-03	1.920858e-03	2.009666e-03	2.059621e-03	2.060572e-03
	2.008265e-03	1.906069e-03	1.763050e-03	1.589932e-03	1.396138e-03
	1.189568e-03	9.779146e-04	7.703237e-04	5.781781e-04	4.126947e-04
	2.804578e-04	1.818270e-04	1.132108e-04	6.900895e-05	4.247651e-05
	2.711791e-05	1.810624e-05	1.253976e-05	8.874182e-06	6.333893e-06
	4.528580e-06	3.236833e-06	2.309296e-06	1.637062e-06	1.143491e-06
	7.783695e-07	5.087427e-07	3.114332e-07	1.692235e-07	6.901839e-08
	1.000000e-60
massfraction-H2
	1.000000e-60	2.254262e-05	4.677734e-05	7.227958e-05	9.864577e-05
	1.256306e-04	1.530678e-04	1.808153e-04	2.087580e-04	2.368081e-04
	2.649033e-04	2.930031e-04	3.210853e-04	3.491419e-04	3.771764e-04
	4.052004e-04	4.332321e-04	4.612932e-04	4.894076e-04	5.175999e-04
	5.458944e-04	5.743144e-04	6.028827e-04	6.316212e-04	6.605518e-04
	6.896985e-04	7.190895e-04	7.487626e-04	7.787725e-04	8.091987e-04
	8.401446e-04	8.716679e-04	9.036613e-04	9.358741e-04	9.681184e-04
	1.000452e-03	1.033176e-03	1.066662e-03	1.101122e-03	1.136482e-03
	1.172469e-03	1.208898e-03	1.245851e-03	1.283657e-03	1.322455e-03
	1.362463e-03	1.403762e-03	1.446445e-03	1.490623e-03	1.536368e-03
	1.583642e-03	1.632111e-03	1.680928e-03	1.728688e-03	1.773721e-03
	1.814606e-03	1.850525e-03	1.881322e-03	1.907327e-03	1.929062e-03
	1.947012e-03	1.961516e-03	1.972746e-03	1.980752e-03	1.985526e-03
	1.987072e-03	1.985459e-03	1.980833e-03	1.973454e-03	1.963677e-03
	1.951857e-03	1.938247e-03	1.922977e-03	1.906090e-03	1.887601e-03
	1.867523e-03	1.845876e-03	1.822661e-03	1.797847e-03	1.771395e-03
	1.743295e-03	1.713550e-03	1.682122e-03	1.648879e-03	1.613614e-03
	1.576147e-03	1.536420e-03	1.494537e-03	1.450772e-03	1.405551e-03
	1.359330e-03	1.312339e-03	1.264518e-03	1.215812e-03	1.166499e-03
	1.117169e-03	1.068369e-03	1.020288e-03	9.727212e-04	9.251934e-04
	8.771106e-04	8.279013e-04	7.771042e-04	7.244311e-04	6.697977e-04
	6.134182e-04	5.559888e-04	4.988378e-04	4.438830e-04	3.932153e-04
	3.485443e-04	3.107071e-04	2.795137e-04	2.540595e-04	2.331751e-04
	2.157644e-04	2.009172e-04	1.879091e-04	1.761762e-04	1.652578e-04
	1.547356e-04	1.442362e-04	1.335606e-04	1.228075e-04	1.122661e-04
	1.021290e-04	9.234119e-05	8.269653e-05	7.301944e-05	6.334263e-05
	5.395559e-05	4.522195e-05	3.736144e-05	3.039192e-05	2.421679e-05
	1.873612e-05	1.388216e-05	9.608756e-06	5.883782e-06	2.690522e-06
	1.000000e-60
massfraction-H2O
	1.000000e-60	1.160272e-04	2.719384e-04	4.744841e-04	7.292738e-04
	1.041742e-03	1.416779e-03	1.858124e-03	2.368316e-03	2.948737e-03
	3.599718e-03	4.320679e-03	5.110276e-03	5.966550e-03	6.887082e-03
	7.869136e-03	8.909782e-03	1.000599e-02	1.115470e-02	1.235289e-02
	1.359760e-02	1.488601e-02	1.621545e-02	1.758345e-02	1.898779e-02
	2.042658e-02	2.189844e-02	2.340270e-02	2.493982e-02	2.651180e-02
	2.812209e-02	2.977200e-02	3.145421e-02	3.315380e-02	3.485915e-02
	3.657175e-02	3.830619e-02	4.008080e-02	4.190556e-02	4.377501e-02
	4.567335e-02	4.758943e-02	4.952606e-02	5.149834e-02	5.351316e-02
	5.557897e-02	5.769759e-02	5.987091e-02	6.210136e-02	6.438897e-02
	6.672765e-02	6.909684e-02	7.145188e-02	7.372445e-02	7.583880e-02
	7.773674e-02	7.939271e-02	8.081368e-02	8.202865e-02	8.307423e-02
	8.398458e-02	8.478677e-02	8.550028e-02	8.613802e-02	8.670811e-02
	8.721615e-02	8.766675e-02	8.806359e-02	8.840951e-02	8.870796e-02
	8.896409e-02	8.918403e-02	8.937345e-02	8.953663e-02	8.967645e-02
	8.979465e-02	8.989231e-02	8.997012e-02	9.002847e-02	9.006736e-02
	9.008644e-02	9.008513e-02	9.006264e-02	9.001775e-02	8.994854e-02
	8.985248e-02	8.972678e-02	8.956886e-02	8.937676e-02	8.914960e-02
	8.888723e-02	8.858875e-02	8.825120e-02	8.787098e-02	8.744664e-02
	8.698003e-02	8.647394e-02	8.592847e-02	8.533888e-02	8.469513e-02
	8.398200e-02	8.317962e-02	8.226335e-02	8.120339e-02	7.996349e-02
	7.850103e-02	7.677136e-02	7.473789e-02	7.238740e-02	6.974157e-02
	6.685968e-02	6.382273e-02	6.070094e-02	5.752964e-02	5.430455e-02
	5.099583e-02	4.756457e-02	4.398057e-02	4.024480e-02	3.639323e-02
	3.246968e-02	2.850764e-02	2.457168e-02	2.079702e-02	1.733717e-02
	1.426856e-02	1.156997e-02	9.181947e-03	7.068033e-03	5.243369e-03
	3.751453e-03	2.607221e-03	1.773665e-03	1.184121e-03	7.728245e-04
	4.891270e-04	2.965039e-04	1.682917e-04	8.495019e-05	3.232917e-05
	1.000000e-60
massfraction-HO2
	1.000000e-60	2.182568e-08	5.135609e-08	8.998670e-08	1.389318e-07
	1.994152e-07	2.726100e-07	3.595315e-07	4.610338e-07	5.778215e-07
	7.104712e-07	8.594540e-07	1.025155e-06	1.207889e-06	1.407912e-06
	1.625436e-06	1.860626e-06	2.113609e-06	2.384467e-06	2.673236e-06
	2.979905e-06	3.304416e-06	3.646665e-06	4.006512e-06	4.383787e-06
	4.778319e-06	5.189978e-06	5.618752e-06	6.064876e-06	6.528967e-06
	7.012035e-06	7.514367e-06	8.033458e-06	8.564154e-06	9.101986e-06
	9.646420e-06	1.020102e-05	1.077045e-05	1.135649e-05	1.195558e-05
	1.256054e-05	1.316550e-05	1.376884e-05	1.437240e-05	1.497502e-05
	1.557494e-05	1.616721e-05	1.674529e-05	1.730063e-05	1.782170e-05
	1.829330e-05	1.869636e-05	1.901047e-05	1.922087e-05	1.932599e-05
	1.933781e-05	1.927370e-05	1.914746e-05	1.896585e-05	1.872988e-05
	1.843750e-05	1.808618e-05	1.767484e-05	1.720563e-05	1.668507e-05
	1.612368e-05	1.553447e-05	1.493234e-05	1.433335e-05	1.375169e-05
	1.319593e-05	1.266840e-05	1.216793e-05	1.169266e-05	1.124146e-05
	1.081427e-05	1.041162e-05	1.003396e-05	9.681522e-06	9.354841e-06
	9.055038e-06	8.783431e-06	8.541020e-06	8.328474e-06	8.146759e-06
	7.997833e-06	7.884656e-06	7.810563e-06	7.778476e-06	7.790198e-06
	7.846067e-06	7.945687e-06	8.089320e-06	8.277972e-06	8.511805e-06
	8.788985e-06	9.106911e-06	9.464922e-06	9.866272e-06	1.031909e-05
	1.083677e-05	1.143835e-05	1.214940e-05	1.300348e-05	1.404441e-05
	1.532768e-05	1.691749e-05	1.887737e-05	2.125410e-05	2.406436e-05
	2.728919e-05	3.088662e-05	3.482514e-05	3.911529e-05	4.382512e-05
	4.907018e-05	5.498654e-05	6.166934e-05	6.904194e-05	7.668848e-05
	8.370863e-05	8.851078e-05	8.856408e-05	8.112234e-05	6.596775e-05
	4.716467e-05	2.998662e-05	1.731714e-05	9.352081e-06	4.908909e-06
	2.602697e-06	1.427250e-06	8.133683e-07	4.771781e-07	2.833788e-07
	1.672148e-07	9.607763e-08	5.225411e-08	2.545469e-08	9.395053e-09
	1.000000e-60
massfraction-H2O2
	1.000000e-60	3.271586e-09	7.706421e-09	1.351079e-08	2.085228e-08
	2.988189e-08	4.071795e-08	5.342328e-08	6.799968e-08	8.438696e-08
	1.024664e-07	1.220676e-07	1.429775e-07	1.649514e-07	1.877244e-07
	2.110231e-07	2.345753e-07	2.581180e-07	2.814026e-07	3.041990e-07
	3.262978e-07	3.475102e-07	3.676685e-07	3.866247e-07	4.042493e-07
	4.204300e-07	4.350698e-07	4.480859e-07	4.594069e-07	4.689673e-07
	4.766980e-07	4.825054e-07	4.862748e-07	4.879259e-07	4.874493e-07
	4.848637e-07	4.801353e-07	4.731408e-07	4.637150e-07	4.517500e-07
	4.372493e-07	4.202510e-07	4.007017e-07	3.784467e-07	3.532398e-07
	3.249728e-07	2.936368e-07	2.593702e-07	2.225601e-07	1.840368e-07
	1.452871e-07	1.085953e-07	7.676205e-08	5.207087e-08	3.509191e-08
	2.455318e-08	1.840195e-08	1.484916e-08	1.272545e-08	1.137923e-08
	1.047723e-08	9.860609e-09	9.465788e-09	9.285816e-09	9.351675e-09
	9.721862e-09	1.047572e-08	1.170556e-08	1.350306e-08	1.594851e-08
	1.911782e-08	2.310358e-08	2.803056e-08	3.405854e-08	4.137786e-08
	5.020288e-08	6.077376e-08	7.337282e-08	8.834426e-08	1.060945e-07
	1.270805e-07	1.518243e-07	1.809789e-07	2.154289e-07	2.563610e-07
	3.052484e-07	3.637815e-07	4.338045e-07	5.172382e-07	6.159707e-07
	7.319654e-07	8.679162e-07	1.027901e-06	1.216976e-06	1.439846e-06
	1.699952e-06	2.000268e-06	2.345363e-06	2.743293e-06	3.207051e-06
	3.755808e-06	4.416181e-06	5.224207e-06	6.228268e-06	7.493855e-06
	9.108606e-06	1.118333e-05	1.384176e-05	1.718587e-05	2.123034e-05
	2.581609e-05	3.057905e-05	3.505351e-05	3.884305e-05	4.172396e-05
	4.363881e-05	4.464608e-05	4.486358e-05	4.440978e-05	4.334029e-05
	4.160107e-05	3.905143e-05	3.559905e-05	3.138613e-05	2.679743e-05
	2.224281e-05	1.797900e-05	1.411065e-05	1.068407e-05	7.764142e-06
	5.423305e-06	3.669621e-06	2.425126e-06	1.569939e-06	9.919059e-07
	6.068566e-07	3.552560e-07	1.946778e-07	9.495324e-08	3.499265e-08
	1.000000e-60
massfraction-CO
	1.000000e-60	6.653693e-05	1.560710e-04	2.725577e-04	4.193238e-04
	5.996294e-04	8.164650e-04	1.072215e-03	1.368639e-03	1.706906e-03
	2.087666e-03	2.511138e-03	2.977190e-03	3.485427e-03	4.035269e-03
	4.626017e-03	5.256908e-03	5.927145e-03	6.635916e-03	7.382407e-03
	8.165803e-03	8.985297e-03	9.840093e-03	1.072943e-02	1.165258e-02
	1.260897e-02	1.359820e-02	1.462030e-02	1.567597e-02	1.676694e-02
	1.789597e-02	1.906430e-02	2.026695e-02	2.149317e-02	2.273419e-02
	2.399060e-02	2.527270e-02	2.659390e-02	2.796164e-02	2.937177e-02
	3.081213e-02	3.227375e-02	3.375818e-02	3.527624e-02	3.683316e-02
	3.843471e-02	4.008164e-02	4.177470e-02	4.351483e-02	4.530098e-02
	4.712706e-02	4.897550e-02	5.080982e-02	5.257542e-02	5.421271e-02
	5.567687e-02	5.694929e-02	5.803690e-02	5.896354e-02	5.975855e-02
	6.044908e-02	6.105655e-02	6.159639e-02	6.207893e-02	6.251071e-02
	6.289623e-02	6.323908e-02	6.354195e-02	6.380676e-02	6.403572e-02
	6.423226e-02	6.440053e-02	6.454428e-02	6.466613e-02	6.476749e-02
	6.484877e-02	6.490969e-02	6.494950e-02	6.496692e-02	6.496008e-02
	6.492648e-02	6.486314e-02	6.476634e-02	6.463114e-02	6.445089e-02
	6.421728e-02	6.392091e-02	6.355221e-02	6.310240e-02	6.256479e-02
	6.193463e-02	6.120590e-02	6.036845e-02	5.941147e-02	5.833121e-02
	5.713472e-02	5.583425e-02	5.443754e-02	5.294240e-02	5.133613e-02
	4.959805e-02	4.770360e-02	4.562828e-02	4.335143e-02	4.085917e-02
	3.815028e-02	3.524727e-02	3.220776e-02	2.912779e-02	2.612520e-02
	2.331183e-02	2.076330e-02	1.850125e-02	1.650195e-02	1.471769e-02
	1.309822e-02	1.160181e-02	1.020052e-02	8.883571e-03	7.652484e-03
	6.509258e-03	5.451725e-03	4.484712e-03	3.626147e-03	2.892585e-03
	2.282183e-03	1.776225e-03	1.353194e-03	9.991213e-04	7.101156e-04
	4.865113e-04	3.239406e-04	2.113897e-04	1.355562e-04	8.507262e-05
	5.182093e-05	3.026315e-05	1.657031e-05	8.084848e-06	2.982556e-06
	1.000000e-60
massfraction-CO2
	1.000000e-60	3.400001e-05	8.466089e-05	1.572932e-04	2.575570e-04
	3.916828e-04	5.662430e-04	7.877253e-04	1.062286e-03	1.395549e-03
	1.792474e-03	2.257269e-03	2.793360e-03	3.403396e-03	4.089295e-03
	4.852315e-03	5.693136e-03	6.611933e-03	7.608449e-03	8.682053e-03
	9.831806e-03	1.105651e-02	1.235479e-02	1.372510e-02	1.516589e-02
	1.667566e-02	1.825317e-02	1.989780e-02	2.161004e-02	2.339205e-02
	2.524775e-02	2.717860e-02	2.917568e-02	3.122031e-02	3.329680e-02
	3.540511e-02	3.756163e-02	3.978813e-02	4.209641e-02	4.447865e-02
	4.691335e-02	4.938432e-02	5.189312e-02	5.445664e-02	5.708301e-02
	5.978020e-02	6.254787e-02	6.538535e-02	6.829211e-02	7.126390e-02
	7.428788e-02	7.733208e-02	8.033400e-02	8.320314e-02	8.584366e-02
	8.818661e-02	9.020710e-02	9.192158e-02	9.337260e-02	9.461016e-02
	9.567961e-02	9.661654e-02	9.744668e-02	9.818751e-02	9.885053e-02
	9.944399e-02	9.997467e-02	1.004479e-01	1.008675e-01	1.012378e-01
	1.015647e-01	1.018552e-01	1.021162e-01	1.023528e-01	1.025689e-01
	1.027668e-01	1.029479e-01	1.031135e-01	1.032644e-01	1.034009e-01
	1.035231e-01	1.036304e-01	1.037221e-01	1.037974e-01	1.038548e-01
	1.038921e-01	1.039059e-01	1.038923e-01	1.038469e-01	1.037659e-01
	1.036455e-01	1.034820e-01	1.032698e-01	1.030022e-01	1.026730e-01
	1.022787e-01	1.018172e-01	1.012845e-01	1.006713e-01	9.996134e-02
	9.912993e-02	9.814304e-02	9.695588e-02	9.551099e-02	9.373534e-02
	9.153986e-02	8.882744e-02	8.551478e-02	8.156918e-02	7.704147e-02
	7.207635e-02	6.687576e-02	6.162397e-02	5.643387e-02	5.134007e-02
	4.633110e-02	4.138350e-02	3.649165e-02	3.169470e-02	2.707005e-02
	2.269092e-02	1.860608e-02	1.488206e-02	1.162330e-02	8.907919e-03
	6.722966e-03	4.983502e-03	3.595760e-03	2.495720e-03	1.652781e-03
	1.046150e-03	6.393658e-04	3.814017e-04	2.230584e-04	1.274787e-04
	7.065775e-05	3.756244e-05	1.876352e-05	8.390953e-06	2.859193e-06
	1.000000e-60
massfraction-CH
	1.000000e-60	1.135368e-27	1.181866e-27	1.000000e-60	1.236859e-28
	1.000000e-60	2.400510e-27	1.000000e-60	1.000000e-60	1.000000e-60
	1.000000e-60	1.000000e-60	5.043731e-27	9.030876e-27	1.000000e-60
	8.262155e-27	1.000000e-60	1.837473e-26	3.139205e-26	4.186410e-26
	1.478085e-26	1.000000e-60	4.224439e-26	3.176567e-25	8.348332e-25
	2.698358e-24	9.024083e-24	2.841771e-23	8.750092e-23	2.588795e-22
	7.432515e-22	2.074140e-21	5.620544e-21	1.471615e-20	3.718245e-20
	9.116788e-20	2.194091e-19	5.243994e-19	1.253148e-18	2.993042e-18
	7.114552e-18	1.680394e-17	3.961258e-17	9.398221e-17	2.261852e-16
	5.552342e-16	1.396210e-15	3.613801e-15	9.681864e-15	2.700925e-14
	7.888459e-14	2.417528e-13	7.736185e-13	2.550804e-12	8.503460e-12
	2.807068e-11	8.967499e-11	2.706362e-10	7.575393e-10	1.951380e-09
	4.633081e-09	1.020113e-08	2.097238e-08	4.048480e-08	7.366798e-08
	1.267719e-07	2.070126e-07	3.217510e-07	4.771366e-07	6.771775e-07
	9.243989e-07	1.221463e-06	1.572056e-06	1.980649e-06	2.451728e-06
	2.988972e-06	3.595032e-06	4.272038e-06	5.021916e-06	5.845407e-06
	6.740576e-06	7.702640e-06	8.725246e-06	9.801407e-06	1.092155e-05
	1.206846e-05	1.321239e-05	1.430940e-05	1.530297e-05	1.612939e-05
	1.672765e-05	1.704816e-05	1.705201e-05	1.670942e-05	1.601086e-05
	1.498254e-05	1.368507e-05	1.219394e-05	1.058161e-05	8.911461e-06
	7.241676e-06	5.632154e-06	4.147569e-06	2.853476e-06	1.804595e-06
	1.030192e-06	5.219713e-07	2.325018e-07	9.153417e-08	3.262208e-08
	1.095307e-08	3.624042e-09	1.223370e-09	4.275771e-10	1.537996e-10
	5.577496e-11	1.980091e-11	6.650210e-12	2.040921e-12	5.528335e-13
	1.267018e-13	2.320341e-14	3.215492e-15	3.337375e-16	2.731544e-17
	1.891181e-18	1.146345e-19	6.147719e-21	3.130282e-22	1.841333e-23
	1.498578e-24	1.708017e-25	2.560019e-26	4.702846e-27	9.845122e-28
	2.086557e-28	4.607298e-29	5.874811e-30	9.198825e-31	1.594449e-30
	1.000000e-60
massfraction-CHO
	1.000000e-60	6.120564e-19	1.496556e-18	2.659055e-18	4.084826e-18
	5.793664e-18	7.885392e-18	1.058547e-17	1.431505e-17	1.982040e-17
	2.842722e-17	4.254157e-17	6.663709e-17	1.092062e-16	1.866278e-16
	3.308248e-16	6.043434e-16	1.129730e-15	2.145896e-15	4.114125e-15
	7.912768e-15	1.518508e-14	2.894197e-14	5.457240e-14	1.014786e-13
	1.856272e-13	3.333845e-13	5.870815e-13	1.012836e-12	1.711199e-12
	2.830830e-12	4.580366e-12	7.223730e-12	1.105283e-11	1.636346e-11
	2.346710e-11	3.272855e-11	4.457831e-11	5.946869e-11	7.781579e-11
	1.000572e-10	1.269091e-10	1.597143e-10	2.007546e-10	2.535019e-10
	3.231101e-10	4.172761e-10	5.479190e-10	7.340647e-10	1.006741e-09
	1.417673e-09	2.053503e-09	3.056657e-09	4.653601e-09	7.191908e-09
	1.118828e-08	1.736854e-08	2.666258e-08	4.016117e-08	5.908550e-08
	8.480354e-08	1.188520e-07	1.629202e-07	2.187565e-07	2.879887e-07
	3.719855e-07	4.717695e-07	5.877502e-07	7.193507e-07	8.651991e-07
	1.024045e-06	1.195555e-06	1.380308e-06	1.579337e-06	1.793663e-06
	2.024004e-06	2.270800e-06	2.534517e-06	2.815791e-06	3.115107e-06
	3.432372e-06	3.766987e-06	4.118385e-06	4.486432e-06	4.870902e-06
	5.269973e-06	5.678711e-06	6.088268e-06	6.485742e-06	6.854745e-06
	7.177453e-06	7.437116e-06	7.617809e-06	7.702515e-06	7.674841e-06
	7.524797e-06	7.252548e-06	6.866160e-06	6.376838e-06	5.796086e-06
	5.136210e-06	4.413476e-06	3.651878e-06	2.885657e-06	2.158123e-06
	1.516121e-06	9.993097e-07	6.261815e-07	3.861326e-07	2.464303e-07
	1.697918e-07	1.275588e-07	1.024892e-07	8.562808e-08	7.256952e-08
	6.110116e-08	5.006496e-08	3.896323e-08	2.797187e-08	1.794090e-08
	9.955318e-09	4.627485e-09	1.757039e-09	5.444042e-10	1.412755e-10
	3.162897e-11	6.227486e-12	1.132314e-12	2.217497e-13	5.557133e-14
	1.723396e-14	5.910004e-15	2.122692e-15	7.770609e-16	2.823612e-16
	9.906578e-17	3.251312e-17	9.503175e-18	2.228420e-18	3.017558e-19
	1.000000e-60
massfraction-CH2
	1.000000e-60	9.441736e-22	1.935310e-21	2.981681e-21	4.112356e-21
	5.397185e-21	6.966004e-21	9.043871e-21	1.202161e-20	1.659673e-20
	2.406393e-20	3.692856e-20	6.023362e-20	1.044983e-19	1.923586e-19
	3.738052e-19	7.614792e-19	1.612653e-18	3.518857e-18	7.839678e-18
	1.767771e-17	4.001827e-17	9.029134e-17	2.017824e-16	4.443724e-16
	9.605572e-16	2.032447e-15	4.203210e-15	8.493938e-15	1.678969e-14
	3.252767e-14	6.185248e-14	1.152901e-13	2.100029e-13	3.734230e-13
	6.504684e-13	1.117761e-12	1.908511e-12	3.250958e-12	5.521995e-12
	9.326437e-12	1.564515e-11	2.613479e-11	4.369028e-11	7.342136e-11
	1.244120e-10	2.130592e-10	3.696881e-10	6.518332e-10	1.171408e-09
	2.151222e-09	4.039729e-09	7.730321e-09	1.495114e-08	2.890920e-08
	5.526670e-08	1.032944e-07	1.866342e-07	3.232915e-07	5.351854e-07
	8.477846e-07	1.289466e-06	1.889865e-06	2.676505e-06	3.669790e-06
	4.878973e-06	6.300276e-06	7.914266e-06	9.683944e-06	1.156222e-05
	1.350761e-05	1.549395e-05	1.750758e-05	1.953934e-05	2.157858e-05
	2.361047e-05	2.561715e-05	2.758054e-05	2.948299e-05	3.130450e-05
	3.302053e-05	3.460372e-05	3.602665e-05	3.726170e-05	3.827643e-05
	3.902838e-05	3.946516e-05	3.953054e-05	3.917412e-05	3.836240e-05
	3.708634e-05	3.535572e-05	3.318828e-05	3.061771e-05	2.771732e-05
	2.460631e-05	2.142099e-05	1.827726e-05	1.525660e-05	1.241318e-05
	9.788886e-06	7.425474e-06	5.367486e-06	3.656332e-06	2.317641e-06
	1.349213e-06	7.139418e-07	3.426191e-07	1.508297e-07	6.254794e-08
	2.537124e-08	1.046443e-08	4.512574e-09	2.056358e-09	9.849953e-10
	4.884235e-10	2.457038e-10	1.226768e-10	5.953119e-11	2.751812e-11
	1.183040e-11	4.582057e-12	1.551615e-12	4.575429e-13	1.218582e-13
	3.097511e-14	7.789110e-15	1.953402e-15	4.899755e-16	1.265431e-16
	3.576477e-17	1.170492e-17	4.511362e-18	2.002011e-18	9.821229e-19
	5.109109e-19	2.708078e-19	1.395650e-19	6.458184e-20	2.117123e-20
	1.000000e-60
massfraction-CH2O
	1.000000e-60	2.262893e-07	5.669680e-07	1.060226e-06	1.747450e-06
	2.674682e-06	3.890997e-06	5.445391e-06	7.384818e-06	9.752519e-06
	1.258676e-05	1.592000e-05	1.977839e-05	2.418163e-05	2.914320e-05
	3.467079e-05	4.076690e-05	4.742945e-05	5.465238e-05	6.242627e-05
	7.073897e-05	7.957616e-05	8.892197e-05	9.875965e-05	1.090722e-04
	1.198436e-04	1.310599e-04	1.427120e-04	1.547990e-04	1.673320e-04
	1.803347e-04	1.938135e-04	2.077030e-04	2.218715e-04	2.362104e-04
	2.507196e-04	2.655124e-04	2.807367e-04	2.964713e-04	3.126607e-04
	3.291569e-04	3.458493e-04	3.627469e-04	3.799605e-04	3.975367e-04
	4.155191e-04	4.338887e-04	4.526155e-04	4.716563e-04	4.909214e-04
	5.102316e-04	5.292384e-04	5.473505e-04	5.637788e-04	5.777473e-04
	5.887674e-04	5.967738e-04	6.020645e-04	6.051245e-04	6.064516e-04
	6.064678e-04	6.055040e-04	6.038204e-04	6.016307e-04	5.991185e-04
	5.964392e-04	5.937153e-04	5.910378e-04	5.884694e-04	5.860408e-04
	5.837467e-04	5.815521e-04	5.794074e-04	5.772584e-04	5.750504e-04
	5.727290e-04	5.702367e-04	5.675088e-04	5.644691e-04	5.610303e-04
	5.570954e-04	5.525537e-04	5.472694e-04	5.410640e-04	5.337052e-04
	5.249131e-04	5.143798e-04	5.017964e-04	4.868904e-04	4.694757e-04
	4.494654e-04	4.267912e-04	4.013443e-04	3.731144e-04	3.424329e-04
	3.100408e-04	2.768545e-04	2.436576e-04	2.109873e-04	1.791956e-04
	1.485871e-04	1.195530e-04	9.263467e-05	6.850606e-05	4.786246e-05
	3.126272e-05	1.894151e-05	1.064111e-05	5.610710e-06	2.847837e-06
	1.438495e-06	7.458100e-07	4.046211e-07	2.309516e-07	1.380093e-07
	8.550179e-08	5.432065e-08	3.504083e-08	2.280026e-08	1.492932e-08
	9.843810e-09	6.553053e-09	4.431097e-09	3.065400e-09	2.170864e-09
	1.560284e-09	1.121945e-09	7.938613e-10	5.439560e-10	3.571512e-10
	2.247271e-10	1.367371e-10	8.126942e-11	4.737319e-11	2.698969e-11
	1.491425e-11	7.904913e-12	3.937154e-12	1.755698e-12	5.966818e-13
	1.000000e-60
massfraction-CH3
	1.000000e-60	4.196845e-09	9.700430e-09	1.670100e-08	2.536463e-08
	3.587932e-08	4.845392e-08	6.331001e-08	8.069150e-08	1.008755e-07
	1.241837e-07	1.509944e-07	1.817532e-07	2.169851e-07	2.573076e-07
	3.034446e-07	3.562434e-07	4.166929e-07	4.859461e-07	5.653461e-07
	6.564585e-07	7.611108e-07	8.814414e-07	1.019962e-06	1.179637e-06
	1.363991e-06	1.577258e-06	1.824607e-06	2.112476e-06	2.449078e-06
	2.845017e-06	3.313068e-06	3.866284e-06	4.516882e-06	5.279065e-06
	6.175105e-06	7.241073e-06	8.528728e-06	1.010235e-05	1.203210e-05
	1.439261e-05	1.727682e-05	2.082091e-05	2.522612e-05	3.076485e-05
	3.779990e-05	4.681770e-05	5.849704e-05	7.380183e-05	9.409990e-05
	1.213139e-04	1.580113e-04	2.072399e-04	2.719372e-04	3.539481e-04
	4.531302e-04	5.670509e-04	6.916245e-04	8.223872e-04	9.553924e-04
	1.087393e-03	1.215529e-03	1.336999e-03	1.448932e-03	1.548509e-03
	1.633396e-03	1.702073e-03	1.753874e-03	1.789015e-03	1.808664e-03
	1.814668e-03	1.808959e-03	1.793124e-03	1.768334e-03	1.735469e-03
	1.695272e-03	1.648419e-03	1.595502e-03	1.537003e-03	1.473363e-03
	1.405084e-03	1.332711e-03	1.256696e-03	1.177293e-03	1.094635e-03
	1.009004e-03	9.210676e-04	8.319324e-04	7.430815e-04	6.562382e-04
	5.730128e-04	4.944288e-04	4.209298e-04	3.529502e-04	2.912768e-04
	2.367586e-04	1.897531e-04	1.499406e-04	1.165783e-04	8.882137e-05
	6.592776e-05	4.732649e-05	3.258189e-05	2.131603e-05	1.312712e-05
	7.546207e-06	4.033712e-06	2.015446e-06	9.580279e-07	4.454660e-07
	2.090958e-07	1.017406e-07	5.209199e-08	2.813889e-08	1.593190e-08
	9.352206e-09	5.622329e-09	3.421406e-09	2.088962e-09	1.272266e-09
	7.682372e-10	4.554969e-10	2.629816e-10	1.483921e-10	8.319188e-11
	4.694799e-11	2.661076e-11	1.496009e-11	8.245711e-12	4.457430e-12
	2.399647e-12	1.312450e-12	7.379022e-13	4.259518e-13	2.496842e-13
	1.463784e-13	8.422346e-14	4.622203e-14	2.285690e-14	8.592112e-15
	1.000000e-60
massfraction-CH4
	1.000000e-60	6.088536e-06	1.408327e-05	2.424532e-05	3.677211e-05
	5.185149e-05	6.964667e-05	9.027138e-05	1.137922e-04	1.402337e-04
	1.695862e-04	2.018130e-04	2.368573e-04	2.746488e-04	3.151087e-04
	3.581553e-04	4.037065e-04	4.516825e-04	5.020065e-04	5.546055e-04
	6.094099e-04	6.663543e-04	7.253774e-04	7.864226e-04	8.494404e-04
	9.143911e-04	9.812518e-04	1.050028e-03	1.120774e-03	1.193610e-03
	1.268727e-03	1.346213e-03	1.425746e-03	1.506630e-03	1.588304e-03
	1.670827e-03	1.754893e-03	1.841392e-03	1.930824e-03	2.022926e-03
	2.116916e-03	2.212221e-03	2.308949e-03	2.407811e-03	2.509125e-03
	2.613243e-03	2.720152e-03	2.829780e-03	2.941977e-03	3.056293e-03
	3.171668e-03	3.285849e-03	3.394746e-03	3.492493e-03	3.572671e-03
	3.630286e-03	3.663133e-03	3.671832e-03	3.658715e-03	3.626463e-03
	3.577303e-03	3.512864e-03	3.434396e-03	3.343121e-03	3.240546e-03
	3.128514e-03	3.009089e-03	2.884619e-03	2.757801e-03	2.631202e-03
	2.506469e-03	2.384079e-03	2.263782e-03	2.145150e-03	2.027907e-03
	1.912030e-03	1.797655e-03	1.684899e-03	1.573804e-03	1.464473e-03
	1.357184e-03	1.252286e-03	1.149995e-03	1.050293e-03	9.530853e-04
	8.585005e-04	7.670534e-04	6.795788e-04	5.970696e-04	5.205003e-04
	4.505360e-04	3.872355e-04	3.301919e-04	2.790426e-04	2.337331e-04
	1.943023e-04	1.605262e-04	1.318282e-04	1.074584e-04	8.668879e-05
	6.892798e-05	5.375480e-05	4.089475e-05	3.017328e-05	2.146054e-05
	1.463074e-05	9.529384e-06	5.941613e-06	3.582773e-06	2.128463e-06
	1.275714e-06	7.890690e-07	5.114053e-07	3.493583e-07	2.512158e-07
	1.891872e-07	1.482123e-07	1.198679e-07	9.925757e-08	8.340795e-08
	7.046149e-08	5.929116e-08	4.934889e-08	4.052768e-08	3.289480e-08
	2.642697e-08	2.095571e-08	1.628103e-08	1.227699e-08	8.927004e-09
	6.266391e-09	4.278729e-09	2.864005e-09	1.883767e-09	1.212459e-09
	7.573220e-10	4.533490e-10	2.542645e-10	1.269225e-10	4.781366e-11
	1.000000e-60
massfraction-C2H6
	1.000000e-60	1.518850e-06	3.799890e-06	7.095008e-06	1.167635e-05
	1.784630e-05	2.592698e-05	3.624019e-05	4.909507e-05	6.477792e-05
	8.354479e-05	1.056167e-04	1.311771e-04	1.603715e-04	1.933092e-04
	2.300662e-04	2.706888e-04	3.151967e-04	3.635870e-04	4.158366e-04
	4.719056e-04	5.317395e-04	5.952726e-04	6.624309e-04	7.331364e-04
	8.073127e-04	8.848950e-04	9.658463e-04	1.050182e-03	1.137999e-03
	1.229477e-03	1.324671e-03	1.423120e-03	1.523874e-03	1.626132e-03
	1.729852e-03	1.835798e-03	1.944978e-03	2.057887e-03	2.174036e-03
	2.292241e-03	2.411558e-03	2.531864e-03	2.653707e-03	2.777097e-03
	2.901904e-03	3.027410e-03	3.152612e-03	3.276116e-03	3.395772e-03
	3.508227e-03	3.608268e-03	3.688482e-03	3.740174e-03	3.755760e-03
	3.731404e-03	3.668044e-03	3.570281e-03	3.444033e-03	3.294659e-03
	3.126315e-03	2.942302e-03	2.745727e-03	2.540095e-03	2.329618e-03
	2.118890e-03	1.912367e-03	1.714267e-03	1.528467e-03	1.357694e-03
	1.202733e-03	1.062684e-03	9.359459e-04	8.210047e-04	7.167253e-04
	6.223345e-04	5.372381e-04	4.608442e-04	3.925357e-04	3.317611e-04
	2.780669e-04	2.310117e-04	1.900777e-04	1.546749e-04	1.242368e-04
	9.830794e-05	7.653541e-05	5.859618e-05	4.413775e-05	3.275564e-05
	2.398755e-05	1.733684e-05	1.234256e-05	8.637224e-06	5.941764e-06
	4.028275e-06	2.698372e-06	1.785987e-06	1.164107e-06	7.424109e-07
	4.591905e-07	2.725751e-07	1.534822e-07	8.096271e-08	3.949149e-08
	1.759870e-08	7.114303e-09	2.618096e-09	8.939128e-10	2.929573e-10
	9.619178e-11	3.297036e-11	1.213958e-11	4.864893e-12	2.125131e-12
	1.009086e-12	5.197318e-13	2.903682e-13	1.759847e-13	1.150670e-13
	7.997266e-14	5.784717e-14	4.267466e-14	3.165405e-14	2.343204e-14
	1.722843e-14	1.248903e-14	8.823257e-15	5.994600e-15	3.881916e-15
	2.399808e-15	1.431229e-15	8.327794e-16	4.749820e-16	2.647046e-16
	1.430676e-16	7.418164e-17	3.616764e-17	1.580782e-17	5.276344e-18
	1.000000e-60
massfraction-C2H
	1.000000e-60	1.917783e-29	9.692977e-29	1.979355e-28	5.765228e-28
	1.250269e-27	2.655595e-27	5.378558e-27	1.107036e-26	2.272947e-26
	4.847316e-26	1.076518e-25	2.500143e-25	6.149879e-25	1.591146e-24
	4.313952e-24	1.218262e-23	3.553745e-23	1.060718e-22	3.207566e-22
	9.734881e-22	2.940106e-21	8.771483e-21	2.569491e-20	7.356397e-20
	2.051592e-19	5.562170e-19	1.464836e-18	3.749158e-18	9.341425e-18
	2.271744e-17	5.399985e-17	1.251371e-16	2.812442e-16	6.115607e-16
	1.291725e-15	2.674204e-15	5.477985e-15	1.116197e-14	2.260503e-14
	4.531423e-14	8.974947e-14	1.761903e-13	3.449774e-13	6.773613e-13
	1.338057e-12	2.664676e-12	5.360669e-12	1.091723e-11	2.254626e-11
	4.724569e-11	1.001882e-10	2.131492e-10	4.482638e-10	9.161881e-10
	1.796710e-09	3.362207e-09	6.006530e-09	1.028087e-08	1.693444e-08
	2.696102e-08	4.164020e-08	6.255174e-08	9.152614e-08	1.304990e-07
	1.813257e-07	2.455951e-07	3.243157e-07	4.175144e-07	5.242620e-07
	6.433523e-07	7.740018e-07	9.159393e-07	1.069055e-06	1.232994e-06
	1.406871e-06	1.589253e-06	1.778344e-06	1.972046e-06	2.167682e-06
	2.361715e-06	2.549895e-06	2.727638e-06	2.890165e-06	3.032087e-06
	3.146847e-06	3.226810e-06	3.264227e-06	3.252707e-06	3.188803e-06
	3.072967e-06	2.908751e-06	2.701213e-06	2.457215e-06	2.187178e-06
	1.904940e-06	1.624437e-06	1.356261e-06	1.106888e-06	8.798173e-07
	6.771501e-07	5.006907e-07	3.521813e-07	2.328803e-07	1.427656e-07
	7.991296e-08	4.028794e-08	1.817157e-08	7.384988e-09	2.770905e-09
	9.983558e-10	3.609675e-10	1.355471e-10	5.373117e-11	2.246063e-11
	9.790328e-12	4.383604e-12	1.986330e-12	8.986221e-13	3.988362e-13
	1.681120e-13	6.384720e-14	2.066204e-14	5.584378e-15	1.313939e-15
	2.892884e-16	6.247404e-17	1.334883e-17	2.821820e-18	6.088629e-19
	1.439532e-19	3.992404e-20	1.328259e-20	5.169075e-21	2.240260e-21
	1.024585e-21	4.668887e-22	1.966789e-22	6.714264e-23	1.296796e-23
	1.000000e-60
massfraction-C2H2
	1.000000e-60	8.345348e-06	2.035348e-05	3.700563e-05	5.928282e-05
	8.822304e-05	1.248756e-04	1.702219e-04	2.251410e-04	2.903879e-04
	3.665831e-04	4.542112e-04	5.536264e-04	6.650629e-04	7.886492e-04
	9.244251e-04	1.072358e-03	1.232355e-03	1.404276e-03	1.587942e-03
	1.783144e-03	1.989650e-03	2.207211e-03	2.435572e-03	2.674483e-03
	2.923715e-03	3.183091e-03	3.452542e-03	3.732181e-03	4.022397e-03
	4.323863e-03	4.636852e-03	4.959963e-03	5.290229e-03	5.625189e-03
	5.964901e-03	6.312074e-03	6.670265e-03	7.041428e-03	7.424366e-03
	7.815692e-03	8.212875e-03	8.616241e-03	9.028599e-03	9.451316e-03
	9.885793e-03	1.033208e-02	1.079021e-02	1.126022e-02	1.174158e-02
	1.223235e-02	1.272743e-02	1.321663e-02	1.368487e-02	1.411578e-02
	1.449695e-02	1.482279e-02	1.509437e-02	1.531687e-02	1.549653e-02
	1.563844e-02	1.574563e-02	1.581903e-02	1.585790e-02	1.586061e-02
	1.582541e-02	1.575102e-02	1.563722e-02	1.548546e-02	1.529893e-02
	1.508106e-02	1.483401e-02	1.455832e-02	1.425351e-02	1.391885e-02
	1.355398e-02	1.315891e-02	1.273358e-02	1.227768e-02	1.179107e-02
	1.127454e-02	1.072956e-02	1.015731e-02	9.557854e-03	8.930678e-03
	8.276692e-03	7.600031e-03	6.908583e-03	6.213592e-03	5.528636e-03
	4.866798e-03	4.236732e-03	3.642494e-03	3.088013e-03	2.580109e-03
	2.126299e-03	1.730283e-03	1.390267e-03	1.100892e-03	8.558299e-04
	6.495252e-04	4.778606e-04	3.379534e-04	2.275485e-04	1.442842e-04
	8.518596e-05	4.640948e-05	2.328798e-05	1.088239e-05	4.861312e-06
	2.156846e-06	9.896289e-07	4.840521e-07	2.560331e-07	1.465080e-07
	9.008918e-08	5.903454e-08	4.092854e-08	2.984326e-08	2.271385e-08
	1.782776e-08	1.419742e-08	1.129089e-08	8.877472e-09	6.884082e-09
	5.266356e-09	3.960379e-09	2.901724e-09	2.047806e-09	1.381000e-09
	8.913650e-10	5.560527e-10	3.387594e-10	2.023935e-10	1.181889e-10
	6.694398e-11	3.636359e-11	1.855073e-11	8.462769e-12	2.936237e-12
	1.000000e-60
massfraction-CHCO
	1.000000e-60	3.401730e-06	7.867387e-06	1.354186e-05	2.053397e-05
	2.894668e-05	3.886852e-05	5.035974e-05	6.345355e-05	7.815912e-05
	9.446579e-05	1.123473e-04	1.317659e-04	1.526755e-04	1.750256e-04
	1.987633e-04	2.238358e-04	2.501915e-04	2.777804e-04	3.065547e-04
	3.364689e-04	3.674799e-04	3.995472e-04	4.326332e-04	4.667045e-04
	5.017334e-04	5.377015e-04	5.746061e-04	6.124701e-04	6.513524e-04
	6.913481e-04	7.324975e-04	7.746237e-04	8.173544e-04	8.603927e-04
	9.037696e-04	9.478498e-04	9.930973e-04	1.039768e-03	1.087720e-03
	1.136548e-03	1.185955e-03	1.236007e-03	1.287085e-03	1.339364e-03
	1.393056e-03	1.448202e-03	1.504843e-03	1.563035e-03	1.622768e-03
	1.683874e-03	1.745804e-03	1.807383e-03	1.866816e-03	1.922119e-03
	1.971766e-03	2.015074e-03	2.052184e-03	2.083789e-03	2.110744e-03
	2.133801e-03	2.153481e-03	2.170048e-03	2.183544e-03	2.193847e-03
	2.200762e-03	2.204090e-03	2.203677e-03	2.199483e-03	2.191625e-03
	2.180310e-03	2.165697e-03	2.147829e-03	2.126644e-03	2.102025e-03
	2.073848e-03	2.041992e-03	2.006309e-03	1.966590e-03	1.922608e-03
	1.874171e-03	1.821114e-03	1.763195e-03	1.699991e-03	1.630918e-03
	1.555429e-03	1.473241e-03	1.384494e-03	1.289843e-03	1.190497e-03
	1.087983e-03	9.835652e-04	8.780774e-04	7.725872e-04	6.690766e-04
	5.702006e-04	4.782888e-04	3.946290e-04	3.195544e-04	2.528928e-04
	1.943977e-04	1.439903e-04	1.017652e-04	6.783500e-05	4.208143e-05
	2.395271e-05	1.236316e-05	5.764564e-06	2.453939e-06	9.802326e-07
	3.827612e-07	1.527072e-07	6.443827e-08	2.928035e-08	1.436105e-08
	7.552404e-09	4.218109e-09	2.481232e-09	1.529515e-09	9.843013e-10
	6.563482e-10	4.470838e-10	3.052797e-10	2.053339e-10	1.348467e-10
	8.641879e-11	5.397387e-11	3.264533e-11	1.899845e-11	1.067378e-11
	5.894631e-12	3.276762e-12	1.863095e-12	1.086179e-12	6.439768e-13
	3.830895e-13	2.245562e-13	1.260071e-13	6.386444e-14	2.461680e-14
	1.000000e-60
massfraction-C3H3
	1.000000e-60	1.000000e-60	1.000000e-60	1.000000e-60	1.000000e-60
	1.000000e-60	1.000000e-60	1.000000e-60	1.000000e-60	1.000000e-60
	1.000000e-60	1.000000e-60	1.000000e-60	1.846346e-25	1.000000e-60
	1.000000e-60	1.000000e-60	1.258324e-25	3.608743e-25	7.707623e-25
	7.544790e-25	1.184167e-24	1.815790e-24	9.883298e-24	3.587039e-23
	1.184735e-22	3.813639e-22	1.180297e-21	3.549960e-21	1.034728e-20
	2.941669e-20	8.188700e-20	2.233692e-19	5.960601e-19	1.558413e-18
	4.027002e-18	1.044251e-17	2.763553e-17	7.556779e-17	2.142440e-16
	6.267959e-16	1.879361e-15	5.755638e-15	1.800834e-14	5.754429e-14
	1.870505e-13	6.158304e-13	2.046291e-12	6.846245e-12	2.301278e-11
	7.746335e-11	2.592556e-10	8.505436e-10	2.678076e-09	7.904332e-09
	2.144654e-08	5.288330e-08	1.182642e-07	2.414628e-07	4.554507e-07
	8.039954e-07	1.343245e-06	2.141806e-06	3.277274e-06	4.827638e-06
	6.860218e-06	9.420958e-06	1.252047e-05	1.611992e-05	2.013760e-05
	2.448123e-05	2.907637e-05	3.386753e-05	3.880313e-05	4.382107e-05
	4.884128e-05	5.376824e-05	5.849885e-05	6.292493e-05	6.692788e-05
	7.037701e-05	7.313855e-05	7.508598e-05	7.610052e-05	7.606422e-05
	7.486308e-05	7.241201e-05	6.869238e-05	6.378600e-05	5.789179e-05
	5.130132e-05	4.432722e-05	3.725390e-05	3.036020e-05	2.394314e-05
	1.827022e-05	1.349804e-05	9.646951e-06	6.643596e-06	4.374983e-06
	2.723098e-06	1.577352e-06	8.338725e-07	3.929314e-07	1.605267e-07
	5.521394e-08	1.562504e-08	3.629131e-09	7.153420e-10	1.280834e-10
	2.235617e-11	3.923437e-12	6.829643e-13	1.140554e-13	1.763177e-14
	2.468250e-15	3.220522e-16	4.455992e-17	7.426821e-18	1.366701e-18
	2.334261e-19	3.276882e-20	3.494082e-21	2.770739e-22	1.714583e-23
	8.873508e-25	3.960349e-26	1.526528e-27	5.383752e-29	2.096285e-30
	1.084981e-31	7.644415e-33	6.932484e-34	7.616935e-35	9.321755e-36
	1.108786e-36	1.394508e-37	1.000000e-60	3.963853e-40	3.044712e-40
	1.000000e-60
massfraction-C2H3
	1.000000e-60	1.954503e-18	4.313669e-18	7.150315e-18	1.061455e-17
	1.499301e-17	2.082057e-17	2.907888e-17	4.159027e-17	6.182572e-17
	9.663868e-17	1.601160e-16	2.823902e-16	5.303342e-16	1.057189e-15
	2.223311e-15	4.892019e-15	1.115350e-14	2.607877e-14	6.189142e-14
	1.476260e-13	3.507177e-13	8.232350e-13	1.895992e-12	4.259243e-12
	9.287423e-12	1.958192e-11	3.981400e-11	7.795203e-11	1.469700e-10
	2.671575e-10	4.687084e-10	7.930506e-10	1.292096e-09	2.028650e-09
	3.083114e-09	4.566999e-09	6.636597e-09	9.497425e-09	1.339445e-08
	1.860383e-08	2.545961e-08	3.442063e-08	4.614211e-08	6.150972e-08
	8.168592e-08	1.082174e-07	1.432886e-07	1.901900e-07	2.541721e-07
	3.440435e-07	4.748449e-07	6.718508e-07	9.760289e-07	1.450660e-06
	2.187858e-06	3.309635e-06	4.957708e-06	7.276872e-06	1.040182e-05
	1.445009e-05	1.951201e-05	2.563246e-05	3.278496e-05	4.084708e-05
	4.960082e-05	5.875575e-05	6.796829e-05	7.686943e-05	8.513434e-05
	9.255160e-05	9.902515e-05	1.045215e-04	1.090219e-04	1.125038e-04
	1.149422e-04	1.163203e-04	1.166358e-04	1.158991e-04	1.141319e-04
	1.113730e-04	1.076823e-04	1.031327e-04	9.779726e-05	9.174768e-05
	8.507338e-05	7.790321e-05	7.041168e-05	6.280930e-05	5.532167e-05
	4.814877e-05	4.141803e-05	3.518599e-05	2.949130e-05	2.438838e-05
	1.992659e-05	1.611083e-05	1.289322e-05	1.019726e-05	7.943913e-06
	6.066814e-06	4.516736e-06	3.258329e-06	2.263940e-06	1.506969e-06
	9.578266e-07	5.822499e-07	3.417800e-07	1.973253e-07	1.145686e-07
	6.812054e-08	4.182697e-08	2.646776e-08	1.710078e-08	1.113254e-08
	7.199224e-09	4.566155e-09	2.816499e-09	1.686711e-09	9.811920e-10
	5.477756e-10	2.831179e-10	1.290718e-10	5.044082e-11	1.708652e-11
	5.208657e-12	1.507514e-12	4.490387e-13	1.478644e-13	5.308139e-14
	1.960027e-14	7.240575e-15	2.663713e-15	9.693678e-16	3.433696e-16
	1.158872e-16	3.627554e-17	1.007049e-17	2.244937e-18	2.927575e-19
	1.000000e-60
massfraction-C2H4
	1.000000e-60	7.441874e-06	1.836542e-05	3.380388e-05	5.482970e-05
	8.260323e-05	1.183260e-04	1.631569e-04	2.181685e-04	2.843141e-04
	3.624074e-04	4.531124e-04	5.569421e-04	6.742636e-04	8.053106e-04
	9.501991e-04	1.108945e-03	1.281478e-03	1.467658e-03	1.667285e-03
	1.880113e-03	2.105859e-03	2.344213e-03	2.594854e-03	2.857458e-03
	3.131726e-03	3.417416e-03	3.714400e-03	4.022759e-03	4.342875e-03
	4.675447e-03	5.020734e-03	5.377150e-03	5.741382e-03	6.110684e-03
	6.485091e-03	6.867561e-03	7.261981e-03	7.670466e-03	8.091657e-03
	8.521788e-03	8.958032e-03	9.400693e-03	9.852770e-03	1.031564e-02
	1.079064e-02	1.127755e-02	1.177595e-02	1.228523e-02	1.280366e-02
	1.332729e-02	1.384762e-02	1.434920e-02	1.480988e-02	1.520558e-02
	1.551718e-02	1.573468e-02	1.585685e-02	1.588750e-02	1.583125e-02
	1.569097e-02	1.546750e-02	1.516067e-02	1.477129e-02	1.430307e-02
	1.376346e-02	1.316333e-02	1.251702e-02	1.184238e-02	1.115753e-02
	1.047579e-02	9.803619e-03	9.142805e-03	8.493655e-03	7.856949e-03
	7.234596e-03	6.629109e-03	6.042654e-03	5.476799e-03	4.933241e-03
	4.414304e-03	3.922363e-03	3.458847e-03	3.023922e-03	2.617328e-03
	2.239655e-03	1.892743e-03	1.579038e-03	1.300699e-03	1.058862e-03
	8.528429e-04	6.797348e-04	5.354283e-04	4.162383e-04	3.194006e-04
	2.423976e-04	1.823076e-04	1.359147e-04	1.002201e-04	7.276813e-05
	5.170746e-05	3.569610e-05	2.374859e-05	1.509774e-05	9.093314e-06
	5.151813e-06	2.739605e-06	1.378444e-06	6.709999e-07	3.268052e-07
	1.648506e-07	8.810341e-08	5.016372e-08	3.022011e-08	1.903988e-08
	1.241399e-08	8.318186e-09	5.713929e-09	4.030121e-09	2.925271e-09
	2.181071e-09	1.657879e-09	1.272013e-09	9.766849e-10	7.463485e-10
	5.653517e-10	4.217641e-10	3.066284e-10	2.145598e-10	1.432830e-10
	9.144852e-11	5.634310e-11	3.387479e-11	1.996367e-11	1.149624e-11
	6.420468e-12	3.438971e-12	1.730554e-12	7.793279e-13	2.672468e-13
	1.000000e-60
massfraction-C2H5
	1.000000e-60	8.811933e-11	2.200016e-10	4.098921e-10	6.731037e-10
	1.026603e-09	1.488422e-09	2.076531e-09	2.808184e-09	3.699376e-09
	4.764485e-09	6.016060e-09	7.464759e-09	9.119419e-09	1.098728e-08
	1.307430e-08	1.538561e-08	1.792596e-08	2.070031e-08	2.371453e-08
	2.697613e-08	3.049524e-08	3.428568e-08	3.836629e-08	4.276240e-08
	4.750768e-08	5.264650e-08	5.823703e-08	6.435578e-08	7.110345e-08
	7.861088e-08	8.702769e-08	9.648510e-08	1.070801e-07	1.189226e-07
	1.322164e-07	1.473124e-07	1.646905e-07	1.848693e-07	2.082857e-07
	2.352592e-07	2.661274e-07	3.014333e-07	3.419848e-07	3.886713e-07
	4.424518e-07	5.044238e-07	5.762558e-07	6.609426e-07	7.641279e-07
	8.963937e-07	1.076518e-06	1.335184e-06	1.718174e-06	2.288041e-06
	3.123041e-06	4.308558e-06	5.919082e-06	8.000631e-06	1.056257e-05
	1.357700e-05	1.697678e-05	2.065152e-05	2.444588e-05	2.816780e-05
	3.161422e-05	3.460233e-05	3.699066e-05	3.869577e-05	3.970571e-05
	4.006989e-05	3.986624e-05	3.917283e-05	3.805828e-05	3.658423e-05
	3.481033e-05	3.279590e-05	3.059750e-05	2.826688e-05	2.585326e-05
	2.340595e-05	2.097192e-05	1.859035e-05	1.628985e-05	1.409243e-05
	1.202076e-05	1.010091e-05	8.359007e-06	6.815961e-06	5.483208e-06
	4.358664e-06	3.425535e-06	2.659200e-06	2.036842e-06	1.540364e-06
	1.153019e-06	8.564694e-07	6.317427e-07	4.618903e-07	3.334238e-07
	2.363559e-07	1.635237e-07	1.097177e-07	7.095880e-08	4.399751e-08
	2.606766e-08	1.478363e-08	8.111445e-09	4.401880e-09	2.434552e-09
	1.411270e-09	8.701015e-10	5.690747e-10	3.893835e-10	2.739721e-10
	1.951716e-10	1.390825e-10	9.834988e-11	6.875958e-11	4.746656e-11
	3.216979e-11	2.095072e-11	1.255297e-11	6.646124e-12	3.136196e-12
	1.384493e-12	5.986666e-13	2.605251e-13	1.152961e-13	5.193259e-14
	2.378412e-14	1.107260e-14	5.230336e-15	2.489862e-15	1.180923e-15
	5.515093e-16	2.507451e-16	1.091111e-16	4.359858e-17	1.374214e-17
	1.000000e-60
massfraction-C3H4
	1.000000e-60	4.604564e-08	1.197538e-07	2.329367e-07	3.996655e-07
	6.367374e-07	9.633991e-07	1.400521e-06	1.969896e-06	2.693504e-06
	3.592833e-06	4.688284e-06	5.998693e-06	7.540975e-06	9.329921e-06
	1.137812e-05	1.369598e-05	1.629176e-05	1.917171e-05	2.234017e-05
	2.579969e-05	2.955123e-05	3.359432e-05	3.792733e-05	4.254772e-05
	4.745254e-05	5.263912e-05	5.810630e-05	6.385627e-05	6.989670e-05
	7.624119e-05	8.289493e-05	8.982675e-05	9.697000e-05	1.042670e-04
	1.117141e-04	1.193665e-04	1.272990e-04	1.355521e-04	1.440954e-04
	1.528488e-04	1.617499e-04	1.708002e-04	1.800551e-04	1.895407e-04
	1.992795e-04	2.092634e-04	2.194827e-04	2.299264e-04	2.405688e-04
	2.513515e-04	2.621459e-04	2.727139e-04	2.827193e-04	2.918095e-04
	2.997280e-04	3.063739e-04	3.117911e-04	3.161132e-04	3.194955e-04
	3.220705e-04	3.239297e-04	3.251258e-04	3.256832e-04	3.256122e-04
	3.249218e-04	3.236276e-04	3.217579e-04	3.193612e-04	3.165036e-04
	3.132459e-04	3.096234e-04	3.056435e-04	3.012966e-04	2.965675e-04
	2.914433e-04	2.859127e-04	2.799606e-04	2.735634e-04	2.666962e-04
	2.593419e-04	2.514886e-04	2.431153e-04	2.341788e-04	2.246197e-04
	2.143908e-04	2.034873e-04	1.919629e-04	1.799340e-04	1.675764e-04
	1.550863e-04	1.426060e-04	1.302066e-04	1.179672e-04	1.060502e-04
	9.467402e-05	8.401184e-05	7.412420e-05	6.497489e-05	5.647963e-05
	4.855185e-05	4.113302e-05	3.420424e-05	2.778655e-05	2.193207e-05
	1.671726e-05	1.223393e-05	8.563889e-06	5.739065e-06	3.706854e-06
	2.336111e-06	1.457529e-06	9.108512e-07	5.734385e-07	3.636666e-07
	2.315500e-07	1.474006e-07	9.354078e-08	5.919646e-08	3.747191e-08
	2.378034e-08	1.512108e-08	9.633706e-09	6.171051e-09	3.988634e-09
	2.595678e-09	1.683396e-09	1.070784e-09	6.568965e-10	3.846744e-10
	2.155136e-10	1.168885e-10	6.210998e-11	3.247430e-11	1.663927e-11
	8.287784e-12	3.969968e-12	1.794221e-12	7.306810e-13	2.290018e-13
	1.000000e-60
massfraction-C3H5
	1.000000e-60	1.190645e-08	3.120387e-08	6.119083e-08	1.058655e-07
	1.700663e-07	2.594124e-07	3.800856e-07	5.386326e-07	7.417500e-07
	9.960762e-07	1.308003e-06	1.683518e-06	2.128077e-06	2.646531e-06
	3.243079e-06	3.921263e-06	4.683970e-06	5.533451e-06	6.471353e-06
	7.498755e-06	8.616214e-06	9.823822e-06	1.112127e-05	1.250796e-05
	1.398310e-05	1.554598e-05	1.719630e-05	1.893477e-05	2.076372e-05
	2.268729e-05	2.470706e-05	2.681354e-05	2.898638e-05	3.120791e-05
	3.347684e-05	3.580982e-05	3.822958e-05	4.074833e-05	4.335669e-05
	4.602999e-05	4.874900e-05	5.151385e-05	5.434123e-05	5.723882e-05
	6.021298e-05	6.326074e-05	6.637825e-05	6.956106e-05	7.279954e-05
	7.607322e-05	7.933908e-05	8.251995e-05	8.550975e-05	8.820176e-05
	9.052504e-05	9.245910e-05	9.402271e-05	9.525070e-05	9.617216e-05
	9.679909e-05	9.712377e-05	9.712216e-05	9.676140e-05	9.601028e-05
	9.484955e-05	9.327821e-05	9.131909e-05	8.902338e-05	8.646200e-05
	8.370236e-05	8.079078e-05	7.775337e-05	7.460658e-05	7.136636e-05
	6.805289e-05	6.468917e-05	6.129626e-05	5.789144e-05	5.449226e-05
	5.112003e-05	4.779680e-05	4.453848e-05	4.135144e-05	3.823722e-05
	3.520212e-05	3.226228e-05	2.944152e-05	2.676637e-05	2.426129e-05
	2.194051e-05	1.979920e-05	1.781794e-05	1.597964e-05	1.428020e-05
	1.272327e-05	1.130765e-05	1.002114e-05	8.844016e-06	7.754843e-06
	6.735079e-06	5.771893e-06	4.859127e-06	3.997378e-06	3.193245e-06
	2.458998e-06	1.811784e-06	1.269881e-06	8.455439e-07	5.375058e-07
	3.299547e-07	1.984801e-07	1.184501e-07	7.057700e-08	4.198533e-08
	2.484512e-08	1.456181e-08	8.439046e-09	4.859714e-09	2.815773e-09
	1.668070e-09	1.024600e-09	6.579558e-10	4.403969e-10	3.027603e-10
	2.098207e-10	1.439468e-10	9.602179e-11	6.123477e-11	3.694045e-11
	2.112235e-11	1.158978e-11	6.184310e-12	3.228637e-12	1.644793e-12
	8.119853e-13	3.846619e-13	1.717117e-13	6.904854e-14	2.138472e-14
	1.000000e-60
massfraction-C3H6
	1.000000e-60	8.875212e-08	2.348126e-07	4.651337e-07	8.130744e-07
	1.319685e-06	2.033433e-06	3.008572e-06	4.303549e-06	5.979163e-06
	8.096697e-06	1.071615e-05	1.389468e-05	1.768532e-05	2.213605e-05
	2.728930e-05	3.318163e-05	3.984365e-05	4.730004e-05	5.556980e-05
	6.466640e-05	7.459823e-05	8.536905e-05	9.697853e-05	1.094232e-04
	1.226975e-04	1.367961e-04	1.517169e-04	1.674667e-04	1.840666e-04
	2.015540e-04	2.199427e-04	2.391451e-04	2.589736e-04	2.792637e-04
	3.000003e-04	3.213319e-04	3.434625e-04	3.664989e-04	3.903499e-04
	4.147832e-04	4.396159e-04	4.648412e-04	4.906019e-04	5.169563e-04
	5.439455e-04	5.715192e-04	5.996077e-04	6.281169e-04	6.568751e-04
	6.855602e-04	7.135645e-04	7.398588e-04	7.630274e-04	7.815646e-04
	7.943068e-04	8.006908e-04	8.007184e-04	7.947053e-04	7.830108e-04
	7.659000e-04	7.435530e-04	7.161606e-04	6.840543e-04	6.478165e-04
	6.082833e-04	5.664640e-04	5.235076e-04	4.806593e-04	4.390318e-04
	3.993224e-04	3.617663e-04	3.263305e-04	2.929179e-04	2.614725e-04
	2.319996e-04	2.045291e-04	1.790671e-04	1.555885e-04	1.340691e-04
	1.145023e-04	9.687155e-05	8.111720e-05	6.713399e-05	5.480677e-05
	4.404861e-05	3.480251e-05	2.701409e-05	2.060573e-05	1.546427e-05
	1.143558e-05	8.333556e-06	5.973536e-06	4.202932e-06	2.902851e-06
	1.973059e-06	1.323246e-06	8.757576e-07	5.701028e-07	3.627187e-07
	2.235618e-07	1.320920e-07	7.394944e-08	3.873950e-08	1.874430e-08
	8.275149e-09	3.307486e-09	1.199076e-09	4.007538e-10	1.273546e-10
	4.011539e-11	1.308221e-11	4.576860e-12	1.757967e-12	7.504845e-13
	3.585787e-13	1.931848e-13	1.190730e-13	8.570422e-14	7.183335e-14
	6.662580e-14	6.384814e-14	5.959247e-14	5.204979e-14	4.210205e-14
	3.195476e-14	2.305516e-14	1.583886e-14	1.028596e-14	6.269688e-15
	3.596090e-15	1.965700e-15	1.039087e-15	5.353006e-16	2.684259e-16
	1.302443e-16	6.060304e-17	2.657278e-17	1.050417e-17	3.203431e-18
	1.000000e-60
massfraction-N-C3H7
	1.000000e-60	1.791535e-11	4.747008e-11	9.418249e-11	1.649048e-10
	2.680909e-10	4.137476e-10	6.131063e-10	8.782975e-10	1.221972e-09
	1.656911e-09	2.195660e-09	2.850196e-09	3.631655e-09	4.550137e-09
	5.614581e-09	6.832692e-09	8.210903e-09	9.754356e-09	1.146689e-08
	1.335101e-08	1.540782e-08	1.763689e-08	2.003591e-08	2.260019e-08
	2.532157e-08	2.818667e-08	3.117390e-08	3.424823e-08	3.735217e-08
	4.038968e-08	4.319605e-08	4.550483e-08	4.695417e-08	4.714896e-08
	4.574818e-08	4.256694e-08	3.773543e-08	3.188085e-08	2.605784e-08
	2.119805e-08	1.758517e-08	1.499134e-08	1.310368e-08	1.170827e-08
	1.068248e-08	9.949639e-09	9.461473e-09	9.191793e-09	9.132142e-09
	9.292824e-09	9.706481e-09	1.043266e-08	1.156369e-08	1.323171e-08
	1.560559e-08	1.885082e-08	2.305360e-08	2.816776e-08	3.402181e-08
	4.035851e-08	4.686549e-08	5.319435e-08	5.898148e-08	6.388312e-08
	6.762620e-08	7.004732e-08	7.110471e-08	7.087755e-08	6.954601e-08
	6.733521e-08	6.445360e-08	6.106694e-08	5.730485e-08	5.327642e-08
	4.908130e-08	4.481096e-08	4.054391e-08	3.634437e-08	3.226826e-08
	2.836791e-08	2.468810e-08	2.125910e-08	1.809523e-08	1.520236e-08
	1.258772e-08	1.026230e-08	8.235620e-09	6.509682e-09	5.075290e-09
	3.909565e-09	2.977011e-09	2.238138e-09	1.658990e-09	1.212939e-09
	8.768248e-10	6.281852e-10	4.460975e-10	3.131580e-10	2.161701e-10
	1.456730e-10	9.501220e-11	5.940475e-11	3.523535e-11	1.960720e-11
	1.012650e-11	4.818783e-12	2.114620e-12	8.675299e-13	3.418846e-13
	1.342605e-13	5.456080e-14	2.364349e-14	1.114329e-14	5.789945e-15
	3.368120e-15	2.249386e-15	1.798393e-15	1.825412e-15	2.479921e-15
	4.611400e-15	1.034893e-14	1.707796e-14	1.738427e-14	1.386285e-14
	1.005234e-14	6.962093e-15	4.627975e-15	2.923635e-15	1.740527e-15
	9.793763e-16	5.277790e-16	2.762469e-16	1.413581e-16	7.054607e-17
	3.410450e-17	1.582020e-17	6.917889e-18	2.728007e-18	8.302324e-19
	1.000000e-60
massfraction-I-C3H7
	1.000000e-60	1.703922e-10	4.514878e-10	8.957796e-10	1.568464e-09
	2.550004e-09	3.935692e-09	5.832565e-09	8.356358e-09	1.162798e-08
	1.576990e-08	2.090280e-08	2.714263e-08	3.459823e-08	4.336996e-08
	5.354898e-08	6.521745e-08	7.844927e-08	9.331150e-08	1.098664e-07
	1.281743e-07	1.482969e-07	1.703014e-07	1.942656e-07	2.202834e-07
	2.484709e-07	2.789740e-07	3.119773e-07	3.477153e-07	3.864810e-07
	4.286174e-07	4.743873e-07	5.236928e-07	5.759254e-07	6.301224e-07
	6.851473e-07	7.394777e-07	7.904475e-07	8.332725e-07	8.606888e-07
	8.642189e-07	8.369604e-07	7.766149e-07	6.881265e-07	5.847049e-07
	4.844140e-07	4.010935e-07	3.385021e-07	2.933527e-07	2.612379e-07
	2.391671e-07	2.255756e-07	2.199406e-07	2.225333e-07	2.342644e-07
	2.564071e-07	2.898901e-07	3.343210e-07	3.875725e-07	4.462207e-07
	5.062588e-07	5.635724e-07	6.142217e-07	6.547208e-07	6.824144e-07
	6.958780e-07	6.950727e-07	6.812278e-07	6.566091e-07	6.240584e-07
	5.862972e-07	5.454275e-07	5.029037e-07	4.597556e-07	4.167962e-07
	3.747311e-07	3.341597e-07	2.955344e-07	2.591643e-07	2.252795e-07
	1.940729e-07	1.656699e-07	1.400837e-07	1.172187e-07	9.693549e-08
	7.912072e-08	6.369709e-08	5.058551e-08	3.966800e-08	3.077120e-08
	2.365823e-08	1.804042e-08	1.362950e-08	1.018965e-08	7.542493e-09
	5.540344e-09	4.046875e-09	2.939062e-09	2.116296e-09	1.503043e-09
	1.045603e-09	7.066318e-10	4.596677e-10	2.849277e-10	1.664658e-10
	9.069387e-11	4.573813e-11	2.136475e-11	9.367387e-12	3.959247e-12
	1.671921e-12	7.313400e-13	3.407067e-13	1.719288e-13	9.491019e-14
	5.787442e-14	3.955140e-14	3.078585e-14	2.678442e-14	2.300457e-14
	1.671391e-14	1.003589e-14	5.321174e-15	2.688986e-15	1.372594e-15
	7.288690e-16	4.027017e-16	2.270952e-16	1.272829e-16	6.930655e-17
	3.630388e-17	1.835827e-17	9.037929e-18	4.348421e-18	2.037604e-18
	9.238333e-19	4.021082e-19	1.656216e-19	6.208387e-20	1.825149e-20
	1.000000e-60
massfraction-C3H8
	1.000000e+00	9.990173e-01	9.976965e-01	9.959774e-01	9.938083e-01
	9.911373e-01	9.879156e-01	9.841030e-01	9.796680e-01	9.745878e-01
	9.688476e-01	9.624394e-01	9.553610e-01	9.476150e-01	9.392072e-01
	9.301464e-01	9.204427e-01	9.101076e-01	8.991533e-01	8.875925e-01
	8.754383e-01	8.627041e-01	8.494030e-01	8.355481e-01	8.211516e-01
	8.062237e-01	7.907716e-01	7.747960e-01	7.582867e-01	7.412174e-01
	7.235457e-01	7.052530e-01	6.864178e-01	6.672091e-01	6.477651e-01
	6.280776e-01	6.079854e-01	5.872794e-01	5.658434e-01	5.437434e-01
	5.211707e-01	4.982672e-01	4.750096e-01	4.512799e-01	4.268962e-01
	4.018224e-01	3.760485e-01	3.495664e-01	3.223653e-01	2.944676e-01
	2.659755e-01	2.371733e-01	2.086415e-01	1.812433e-01	1.559162e-01
	1.333622e-01	1.138703e-01	9.732886e-02	8.336459e-02	7.152142e-02
	6.138098e-02	5.261456e-02	4.498556e-02	3.833247e-02	3.254584e-02
	2.754072e-02	2.324018e-02	1.957512e-02	1.648323e-02	1.389774e-02
	1.174115e-02	9.933610e-03	8.405613e-03	7.103527e-03	5.988234e-03
	5.031250e-03	4.210499e-03	3.507339e-03	2.905622e-03	2.391976e-03
	1.955547e-03	1.586904e-03	1.277156e-03	1.017896e-03	8.017926e-04
	6.230231e-04	4.770021e-04	3.597555e-04	2.674762e-04	1.963694e-04
	1.426130e-04	1.024870e-04	7.274997e-05	5.091236e-05	3.513767e-05
	2.397853e-05	1.622117e-05	1.087791e-05	7.207336e-06	4.688727e-06
	2.969619e-06	1.812813e-06	1.054683e-06	5.776342e-07	2.938367e-07
	1.369626e-07	5.789493e-08	2.214928e-08	7.759309e-09	2.555172e-09
	8.205121e-10	2.667912e-10	9.032194e-11	3.227676e-11	1.219861e-11
	4.861706e-12	2.039246e-12	9.027554e-13	4.254532e-13	2.154633e-13
	1.174695e-13	6.837436e-14	4.193128e-14	2.672794e-14	1.747494e-14
	1.155865e-14	7.611780e-15	4.899274e-15	3.025862e-15	1.772078e-15
	9.852530e-16	5.262899e-16	2.736528e-16	1.393136e-16	6.923780e-17
	3.335583e-17	1.542672e-17	6.728292e-18	2.647264e-18	8.041291e-19
	1.000000e-60
V [kg/(s*m^2)]
	4.357136e-01	4.169326e-01	3.984108e-01	3.804502e-01	3.632499e-01
	3.468577e-01	3.312618e-01	3.164374e-01	3.023491e-01	2.889543e-01
	2.762052e-01	2.640519e-01	2.524440e-01	2.413321e-01	2.306692e-01
	2.204106e-01	2.105150e-01	2.009442e-01	1.916638e-01	1.826428e-01
	1.738533e-01	1.652709e-01	1.568736e-01	1.486421e-01	1.405587e-01
	1.326072e-01	1.247714e-01	1.170346e-01	1.093768e-01	1.017736e-01
	9.419688e-02	8.663141e-02	7.910225e-02	7.166550e-02	6.435886e-02
	5.716238e-02	5.000377e-02	4.280059e-02	3.550864e-02	2.814675e-02
	2.077197e-02	1.341986e-02	6.070437e-03	-1.332856e-03	-8.843704e-03
	-1.649356e-02	-2.430036e-02	-3.228476e-02	-4.047245e-02	-4.888446e-02
	-5.752427e-02	-6.634684e-02	-7.521937e-02	-8.391416e-02	-9.215801e-02
	-9.972101e-02	-1.064789e-01	-1.124258e-01	-1.176458e-01	-1.222632e-01
	-1.264021e-01	-1.301656e-01	-1.336305e-01	-1.368486e-01	-1.398515e-01
	-1.426595e-01	-1.452879e-01	-1.477457e-01	-1.500352e-01	-1.521597e-01
	-1.541335e-01	-1.559821e-01	-1.577339e-01	-1.594139e-01	-1.610407e-01
	-1.626269e-01	-1.641816e-01	-1.657127e-01	-1.672288e-01	-1.687373e-01
	-1.702427e-01	-1.717487e-01	-1.732606e-01	-1.747876e-01	-1.763411e-01
	-1.779304e-01	-1.795597e-01	-1.812272e-01	-1.829259e-01	-1.846446e-01
	-1.863729e-01	-1.881096e-01	-1.898644e-01	-1.916475e-01	-1.934573e-01
	-1.952816e-01	-1.971097e-01	-1.989437e-01	-2.008009e-01	-2.027110e-01
	-2.047128e-01	-2.068512e-01	-2.091762e-01	-2.117438e-01	-2.146186e-01
	-2.178731e-01	-2.215795e-01	-2.257916e-01	-2.305202e-01	-2.357178e-01
	-2.412796e-01	-2.470737e-01	-2.529986e-01	-2.590226e-01	-2.651914e-01
	-2.716055e-01	-2.783959e-01	-2.856995e-01	-2.936203e-01	-3.022199e-01
	-3.115709e-01	-3.218065e-01	-3.330271e-01	-3.451398e-01	-3.578835e-01
	-3.710816e-01	-3.848518e-01	-3.995791e-01	-4.157292e-01	-4.335465e-01
	-4.528094e-01	-4.729536e-01	-4.934511e-01	-5.140825e-01	-5.349200e-01
	-5.561136e-01	-5.777653e-01	-5.999195e-01	-6.225436e-01	-6.454401e-01
	-6.683609e-01
density [kg/m^3]
	1.767629e+00	1.765155e+00	1.761848e+00	1.757442e+00	1.751617e+00
	1.743971e+00	1.734036e+00	1.721311e+00	1.705294e+00	1.685530e+00
	1.661652e+00	1.633432e+00	1.600810e+00	1.563910e+00	1.523040e+00
	1.478667e+00	1.431379e+00	1.381837e+00	1.330732e+00	1.278738e+00
	1.226483e+00	1.174521e+00	1.123322e+00	1.073267e+00	1.024648e+00
	9.776737e-01	9.324790e-01	8.891280e-01	8.476204e-01	8.078979e-01
	7.698625e-01	7.334688e-01	6.988367e-01	6.661772e-01	6.355672e-01
	6.068244e-01	5.795861e-01	5.535041e-01	5.284115e-01	5.043666e-01
	4.815244e-01	4.599404e-01	4.394997e-01	4.199865e-01	4.012888e-01
	3.833089e-01	3.660070e-01	3.493473e-01	3.333011e-01	3.178571e-01
	3.030387e-01	2.889410e-01	2.757610e-01	2.637642e-01	2.531884e-01
	2.441404e-01	2.365671e-01	2.302922e-01	2.250800e-01	2.206987e-01
	2.169539e-01	2.136994e-01	2.108312e-01	2.082784e-01	2.059942e-01
	2.039448e-01	2.021034e-01	2.004496e-01	1.989692e-01	1.976481e-01
	1.964669e-01	1.954016e-01	1.944296e-01	1.935324e-01	1.926972e-01
	1.919157e-01	1.911827e-01	1.904937e-01	1.898454e-01	1.892357e-01
	1.886643e-01	1.881321e-01	1.876401e-01	1.871892e-01	1.867811e-01
	1.864205e-01	1.861148e-01	1.858741e-01	1.857095e-01	1.856313e-01
	1.856481e-01	1.857667e-01	1.859950e-01	1.863427e-01	1.868175e-01
	1.874217e-01	1.881527e-01	1.890094e-01	1.899981e-01	1.911351e-01
	1.924483e-01	1.939767e-01	1.957704e-01	1.978924e-01	2.004216e-01
	2.034559e-01	2.071086e-01	2.114970e-01	2.167202e-01	2.228393e-01
	2.298617e-01	2.377533e-01	2.464980e-01	2.561648e-01	2.669594e-01
	2.792393e-01	2.935235e-01	3.104905e-01	3.309165e-01	3.556355e-01
	3.856718e-01	4.224030e-01	4.671244e-01	5.199666e-01	5.793630e-01
	6.430975e-01	7.097386e-01	7.786774e-01	8.489022e-01	9.174797e-01
	9.795883e-01	1.031038e+00	1.070491e+00	1.099212e+00	1.119479e+00
	1.133436e+00	1.142808e+00	1.148938e+00	1.152836e+00	1.155238e+00
	1.156679e+00
cp [J/m^3K]
	1.677129e+03	1.677324e+03	1.677678e+03	1.678328e+03	1.679475e+03
	1.681387e+03	1.684398e+03	1.688894e+03	1.695299e+03	1.704042e+03
	1.715530e+03	1.730115e+03	1.748070e+03	1.769567e+03	1.794659e+03
	1.823284e+03	1.855263e+03	1.890315e+03	1.928067e+03	1.968079e+03
	2.009857e+03	2.052877e+03	2.096599e+03	2.140482e+03	2.184004e+03
	2.226664e+03	2.267999e+03	2.307592e+03	2.345074e+03	2.380132e+03
	2.412484e+03	2.441807e+03	2.467668e+03	2.489651e+03	2.507546e+03
	2.521381e+03	2.531256e+03	2.537168e+03	2.538973e+03	2.536501e+03
	2.529712e+03	2.518691e+03	2.503508e+03	2.484221e+03	2.460413e+03
	2.432017e+03	2.394614e+03	2.352775e+03	2.306632e+03	2.256062e+03
	2.201115e+03	2.142268e+03	2.080775e+03	2.018780e+03	1.958918e+03
	1.903520e+03	1.853996e+03	1.810682e+03	1.773089e+03	1.740351e+03
	1.711569e+03	1.685992e+03	1.663068e+03	1.642419e+03	1.623806e+03
	1.607054e+03	1.592013e+03	1.578561e+03	1.566600e+03	1.556020e+03
	1.546651e+03	1.538288e+03	1.530733e+03	1.523823e+03	1.517442e+03
	1.511507e+03	1.505956e+03	1.500736e+03	1.495799e+03	1.491104e+03
	1.486620e+03	1.482322e+03	1.478183e+03	1.474167e+03	1.470235e+03
	1.466356e+03	1.462515e+03	1.458709e+03	1.454944e+03	1.451235e+03
	1.447591e+03	1.444002e+03	1.440434e+03	1.436857e+03	1.433262e+03
	1.429665e+03	1.426074e+03	1.422475e+03	1.418826e+03	1.415060e+03
	1.411089e+03	1.406816e+03	1.402126e+03	1.396890e+03	1.390954e+03
	1.384144e+03	1.376278e+03	1.367208e+03	1.356880e+03	1.345371e+03
	1.332901e+03	1.319763e+03	1.306202e+03	1.292310e+03	1.278007e+03
	1.263091e+03	1.247298e+03	1.230379e+03	1.212208e+03	1.192111e+03
	1.168395e+03	1.142691e+03	1.117164e+03	1.094081e+03	1.074937e+03
	1.059874e+03	1.048133e+03	1.038823e+03	1.031317e+03	1.025301e+03
	1.020647e+03	1.017212e+03	1.014773e+03	1.013075e+03	1.011900e+03
	1.011091e+03	1.010538e+03	1.010163e+03	1.009911e+03	1.009744e+03
	1.009633e+03
lambda [W/m]
	1.571348e-02	1.575107e-02	1.579898e-02	1.586070e-02	1.594083e-02
	1.604549e-02	1.618233e-02	1.636021e-02	1.658898e-02	1.687916e-02
	1.724149e-02	1.768656e-02	1.822436e-02	1.886391e-02	1.961295e-02
	2.047775e-02	2.146290e-02	2.257126e-02	2.380395e-02	2.516034e-02
	2.663818e-02	2.823369e-02	2.994179e-02	3.175628e-02	3.367015e-02
	3.567586e-02	3.776579e-02	3.993280e-02	4.217102e-02	4.447658e-02
	4.684767e-02	4.927915e-02	5.175308e-02	5.424076e-02	5.671920e-02
	5.918546e-02	6.165585e-02	6.415146e-02	6.668091e-02	6.923129e-02
	7.177673e-02	7.429910e-02	7.679934e-02	7.929015e-02	8.178137e-02
	8.427255e-02	8.665965e-02	8.905157e-02	9.145368e-02	9.386171e-02
	9.626579e-02	9.864313e-02	1.009504e-01	1.031268e-01	1.051101e-01
	1.068586e-01	1.083612e-01	1.096347e-01	1.107133e-01	1.116352e-01
	1.124347e-01	1.131387e-01	1.137667e-01	1.143320e-01	1.148433e-01
	1.153068e-01	1.157273e-01	1.161084e-01	1.164521e-01	1.167608e-01
	1.170380e-01	1.172887e-01	1.175175e-01	1.177281e-01	1.179231e-01
	1.181038e-01	1.182708e-01	1.184245e-01	1.185650e-01	1.186918e-01
	1.188039e-01	1.189002e-01	1.189790e-01	1.190385e-01	1.190760e-01
	1.190880e-01	1.190698e-01	1.190163e-01	1.189222e-01	1.187831e-01
	1.185957e-01	1.183566e-01	1.180611e-01	1.177038e-01	1.172817e-01
	1.167963e-01	1.162511e-01	1.156480e-01	1.149840e-01	1.142504e-01
	1.134329e-01	1.125124e-01	1.114662e-01	1.102674e-01	1.088852e-01
	1.072848e-01	1.054325e-01	1.033044e-01	1.008987e-01	9.824216e-02
	9.539087e-02	9.241450e-02	8.936812e-02	8.627214e-02	8.310887e-02
	7.983551e-02	7.639858e-02	7.275064e-02	6.887455e-02	6.476285e-02
	6.038681e-02	5.585433e-02	5.132113e-02	4.700855e-02	4.312370e-02
	3.975007e-02	3.684557e-02	3.432622e-02	3.213745e-02	3.028185e-02
	2.879171e-02	2.767008e-02	2.686907e-02	2.631426e-02	2.593545e-02
	2.567975e-02	2.550974e-02	2.539870e-02	2.532762e-02	2.528315e-02
	2.525581e-02
mu [kg/s^2m]
	8.255382e-06	8.264965e-06	8.278704e-06	8.298032e-06	8.324670e-06
	8.360762e-06	8.408866e-06	8.471862e-06	8.552870e-06	8.655133e-06
	8.781872e-06	8.936146e-06	9.120710e-06	9.337891e-06	9.589512e-06
	9.876840e-06	1.020059e-05	1.056096e-05	1.095766e-05	1.139004e-05
	1.185712e-05	1.235773e-05	1.289057e-05	1.345432e-05	1.404771e-05
	1.466959e-05	1.531909e-05	1.599573e-05	1.669964e-05	1.743181e-05
	1.819414e-05	1.898767e-05	1.980937e-05	2.065231e-05	2.151089e-05
	2.238601e-05	2.328551e-05	2.421973e-05	2.519522e-05	2.621048e-05
	2.725819e-05	2.833319e-05	2.943800e-05	3.058104e-05	3.177098e-05
	3.301342e-05	3.431239e-05	3.567223e-05	3.709737e-05	3.859102e-05
	4.015256e-05	4.177133e-05	4.341854e-05	4.504543e-05	4.659326e-05
	4.801181e-05	4.927301e-05	5.037372e-05	5.132963e-05	5.216473e-05
	5.290312e-05	5.356478e-05	5.416458e-05	5.471273e-05	5.521576e-05
	5.567816e-05	5.610350e-05	5.649429e-05	5.685190e-05	5.717787e-05
	5.747537e-05	5.774899e-05	5.800355e-05	5.824302e-05	5.847024e-05
	5.868702e-05	5.889448e-05	5.909354e-05	5.928502e-05	5.946940e-05
	5.964671e-05	5.981671e-05	5.997917e-05	6.013406e-05	6.028120e-05
	6.041976e-05	6.054798e-05	6.066337e-05	6.076297e-05	6.084381e-05
	6.090344e-05	6.094017e-05	6.095256e-05	6.093890e-05	6.089753e-05
	6.082786e-05	6.073047e-05	6.060615e-05	6.045473e-05	6.027431e-05
	6.006107e-05	5.980930e-05	5.951157e-05	5.915872e-05	5.873963e-05
	5.824115e-05	5.764928e-05	5.695178e-05	5.614215e-05	5.522270e-05
	5.420601e-05	5.311133e-05	5.195508e-05	5.074254e-05	4.946445e-05
	4.810016e-05	4.662215e-05	4.500252e-05	4.322439e-05	4.128774e-05
	3.920009e-05	3.697023e-05	3.463630e-05	3.229600e-05	3.007613e-05
	2.806013e-05	2.626096e-05	2.465625e-05	2.323206e-05	2.200527e-05
	2.100894e-05	2.025361e-05	1.971225e-05	1.933705e-05	1.908142e-05
	1.890971e-05	1.879647e-05	1.872342e-05	1.867750e-05	1.864950e-05
	1.863292e-05
mDot_C3H8 [kg/m^3s]
	0.000000e+00	-7.713722e-12	-2.207910e-11	-4.881533e-11	-9.688468e-11
	-1.803773e-10	-3.216770e-10	-5.569516e-10	-9.462087e-10	-1.591631e-09
	-2.671111e-09	-4.499790e-09	-7.643311e-09	-1.312651e-08	-2.281748e-08
	-4.013166e-08	-7.131471e-08	-1.277635e-07	-2.301954e-07	-4.160882e-07
	-7.528791e-07	-1.361227e-06	-2.455660e-06	-4.414706e-06	-7.899825e-06
	-1.405289e-05	-2.481688e-05	-4.344794e-05	-7.532726e-05	-1.292537e-04
	-2.195062e-04	-3.687759e-04	-6.113305e-04	-9.961471e-04	-1.592455e-03
	-2.502607e-03	-3.886282e-03	-5.995633e-03	-9.215873e-03	-1.410336e-02
	-2.143336e-02	-3.231275e-02	-4.841808e-02	-7.237414e-02	-1.082759e-01
	-1.624425e-01	-2.447068e-01	-3.706329e-01	-5.652033e-01	-8.688821e-01
	-1.347449e+00	-2.106082e+00	-3.305609e+00	-5.177659e+00	-8.038427e+00
	-1.230091e+01	-1.845203e+01	-2.694937e+01	-3.807671e+01	-5.184936e+01
	-6.799851e+01	-8.598247e+01	-1.050046e+02	-1.240530e+02	-1.419948e+02
	-1.577479e+02	-1.704523e+02	-1.795639e+02	-1.849071e+02	-1.866814e+02
	-1.853477e+02	-1.814382e+02	-1.754302e+02	-1.677218e+02	-1.586579e+02
	-1.485584e+02	-1.377255e+02	-1.264308e+02	-1.149097e+02	-1.033750e+02
	-9.203045e+01	-8.105946e+01	-7.060324e+01	-6.075292e+01	-5.157023e+01
	-4.311843e+01	-3.547157e+01	-2.869885e+01	-2.284392e+01	-1.791064e+01
	-1.385177e+01	-1.057002e+01	-7.946861e+00	-5.876736e+00	-4.275076e+00
	-3.065761e+00	-2.171968e+00	-1.520068e+00	-1.047696e+00	-7.069736e-01
	-4.632195e-01	-2.917583e-01	-1.746090e-01	-9.799824e-02	-5.082432e-02
	-2.398313e-02	-1.016389e-02	-3.847928e-03	-1.312003e-03	-4.123471e-04
	-1.237042e-04	-3.677392e-05	-1.114375e-05	-3.489019e-06	-1.128569e-06
	-3.744926e-07	-1.264728e-07	-4.330260e-08	-1.509326e-08	-5.406690e-09
	-2.001102e-09	-7.605195e-10	-2.929292e-10	-1.134420e-10	-4.452941e-11
	-1.802502e-11	-7.550422e-12	-3.209406e-12	-1.340569e-12	-5.365434e-13
	-2.048455e-13	-7.550214e-14	-2.721413e-14	-9.603919e-15	-3.278099e-15
	-1.061627e-15	-3.180010e-16	-8.434453e-17	-1.794467e-17	-2.214897e-18
	0.000000e+00
ScalarDissRate [1/s]
	1.598534e-04	3.108347e-04	9.554212e-04	2.745537e-03	7.328850e-03
	1.819154e-02	4.212418e-02	9.132066e-02	1.860825e-01	3.579029e-01
	6.525397e-01	1.132580e+00	1.878988e+00	2.991241e+00	4.585850e+00
	6.793291e+00	9.753496e+00	1.361022e+01	1.850458e+01	2.456829e+01
	3.191681e+01	4.064290e+01	5.081100e+01	6.245259e+01	7.556304e+01
	9.010029e+01	1.059857e+02	1.231077e+02	1.413290e+02	1.604932e+02
	1.804265e+02	2.008917e+02	2.215129e+02	2.418091e+02	2.613529e+02
	2.798889e+02	2.972991e+02	3.134638e+02	3.281396e+02	3.409540e+02
	3.515316e+02	3.596293e+02	3.651555e+02	3.680002e+02	3.681084e+02
	3.652452e+02	3.594976e+02	3.507719e+02	3.392294e+02	3.250006e+02
	3.083148e+02	2.895926e+02	2.695487e+02	2.491869e+02	2.296048e+02
	2.116839e+02	1.958951e+02	1.822967e+02	1.706643e+02	1.606602e+02
	1.519516e+02	1.442661e+02	1.374012e+02	1.312160e+02	1.256164e+02
	1.205350e+02	1.159167e+02	1.117200e+02	1.079173e+02	1.044803e+02
	1.013658e+02	9.851725e+01	9.587795e+01	9.340090e+01	9.105162e+01
	8.880657e+01	8.664891e+01	8.456391e+01	8.253737e+01	8.055756e+01
	7.861675e+01	7.670916e+01	7.482714e+01	7.295896e+01	7.109099e+01
	6.921288e+01	6.732117e+01	6.541933e+01	6.351650e+01	6.162585e+01
	5.975917e+01	5.791777e+01	5.609164e+01	5.427153e+01	5.246040e+01
	5.067171e+01	4.891673e+01	4.719403e+01	4.548883e+01	4.377688e+01
	4.202908e+01	4.021531e+01	3.830642e+01	3.627536e+01	3.409731e+01
	3.175283e+01	2.923649e+01	2.656887e+01	2.380641e+01	2.103715e+01
	1.836367e+01	1.587451e+01	1.361822e+01	1.160031e+01	9.798180e+00
	8.181837e+00	6.726737e+00	5.420187e+00	4.263351e+00	3.264112e+00
	2.425748e+00	1.741600e+00	1.203703e+00	8.028120e-01	5.209971e-01
	3.310941e-01	2.054218e-01	1.228902e-01	6.973129e-02	3.711598e-02
	1.858144e-02	8.873501e-03	4.101923e-03	1.846869e-03	8.072880e-04
	3.404327e-04	1.378198e-04	5.339671e-05	1.978270e-05	7.048300e-06
	3.891941e-06
ZBilger
	1.000000e+00	9.991762e-01	9.980543e-01	9.965793e-01	9.947031e-01
	9.923781e-01	9.895596e-01	9.862102e-01	9.823009e-01	9.778104e-01
	9.727246e-01	9.670361e-01	9.607426e-01	9.538464e-01	9.463534e-01
	9.382715e-01	9.296108e-01	9.203823e-01	9.105978e-01	9.002698e-01
	8.894111e-01	8.780346e-01	8.661531e-01	8.537792e-01	8.409247e-01
	8.275997e-01	8.138112e-01	7.995606e-01	7.848393e-01	7.696247e-01
	7.538793e-01	7.375872e-01	7.208187e-01	7.037246e-01	6.864279e-01
	6.689213e-01	6.510614e-01	6.326624e-01	6.136215e-01	5.939975e-01
	5.739604e-01	5.536359e-01	5.330032e-01	5.119509e-01	4.903306e-01
	4.681033e-01	4.452598e-01	4.217921e-01	3.976892e-01	3.729688e-01
	3.477183e-01	3.221838e-01	2.968715e-01	2.725350e-01	2.499931e-01
	2.298567e-01	2.123742e-01	1.974420e-01	1.847256e-01	1.738158e-01
	1.643353e-01	1.559848e-01	1.485473e-01	1.418747e-01	1.358701e-01
	1.304639e-01	1.255982e-01	1.212273e-01	1.173177e-01	1.138332e-01
	1.107212e-01	1.079168e-01	1.053570e-01	1.029905e-01	1.007798e-01
	9.869889e-02	9.672897e-02	9.485365e-02	9.305763e-02	9.132835e-02
	8.965715e-02	8.803731e-02	8.646075e-02	8.491637e-02	8.339203e-02
	8.187883e-02	8.037379e-02	7.887955e-02	7.740306e-02	7.595404e-02
	7.454068e-02	7.316286e-02	7.181191e-02	7.047977e-02	6.916707e-02
	6.788135e-02	6.662769e-02	6.540151e-02	6.418831e-02	6.296642e-02
	6.170976e-02	6.038979e-02	5.897594e-02	5.743523e-02	5.573109e-02
	5.382436e-02	5.167971e-02	4.927752e-02	4.662894e-02	4.378301e-02
	4.082216e-02	3.783990e-02	3.490775e-02	3.205738e-02	2.928373e-02
	2.656349e-02	2.387188e-02	2.119694e-02	1.855320e-02	1.597806e-02
	1.350869e-02	1.117139e-02	9.006934e-03	7.084257e-03	5.461542e-03
	4.142529e-03	3.084048e-03	2.234038e-03	1.556379e-03	1.034388e-03
	6.569714e-04	4.029716e-04	2.416383e-04	1.427507e-04	8.333303e-05
	4.819351e-05	2.767034e-05	1.564666e-05	8.340842e-06	3.533795e-06
	0.000000e+00
ScalarDissRateBilger [1/s]
	2.284510e-02	3.249250e-02	6.093597e-02	1.098489e-01	1.898263e-01
	3.149504e-01	5.031152e-01	7.759750e-01	1.158795e+00	1.680137e+00
	2.371446e+00	3.266593e+00	4.401399e+00	5.813191e+00	7.540405e+00
	9.622264e+00	1.209849e+01	1.500901e+01	1.839367e+01	2.229189e+01
	2.674231e+01	3.178239e+01	3.744798e+01	4.377300e+01	5.078915e+01
	5.852594e+01	6.701123e+01	7.627282e+01	8.634150e+01	9.725491e+01
	1.090587e+02	1.217784e+02	1.353618e+02	1.496724e+02	1.645748e+02
	1.800297e+02	1.961105e+02	2.129233e+02	2.304856e+02	2.486436e+02
	2.671137e+02	2.856298e+02	3.038371e+02	3.220124e+02	3.400174e+02
	3.570908e+02	3.733178e+02	3.880702e+02	4.008287e+02	4.109975e+02
	4.178960e+02	4.208130e+02	4.191827e+02	4.128746e+02	4.024017e+02
	3.888134e+02	3.733177e+02	3.569002e+02	3.401442e+02	3.232815e+02
	3.063388e+02	2.892776e+02	2.720863e+02	2.548320e+02	2.376767e+02
	2.208447e+02	2.045760e+02	1.891145e+02	1.746941e+02	1.614744e+02
	1.494786e+02	1.386111e+02	1.287290e+02	1.196992e+02	1.114193e+02
	1.038168e+02	9.683478e+01	9.041857e+01	8.451261e+01	7.906800e+01
	7.404603e+01	6.941154e+01	6.512415e+01	6.113600e+01	5.739915e+01
	5.387626e+01	5.054474e+01	4.739381e+01	4.442081e+01	4.162871e+01
	3.901943e+01	3.658415e+01	3.430613e+01	3.217763e+01	3.021021e+01
	2.842581e+01	2.683827e+01	2.544375e+01	2.422483e+01	2.315839e+01
	2.222119e+01	2.139174e+01	2.064861e+01	1.996681e+01	1.931390e+01
	1.864824e+01	1.792208e+01	1.709080e+01	1.612734e+01	1.503293e+01
	1.383693e+01	1.258355e+01	1.131295e+01	1.005034e+01	8.806338e+00
	7.585436e+00	6.394646e+00	5.250224e+00	4.181181e+00	3.221863e+00
	2.395910e+00	1.708514e+00	1.159610e+00	7.478296e-01	4.612892e-01
	2.742038e-01	1.567729e-01	8.506848e-02	4.297775e-02	1.993834e-02
	8.511062e-03	3.395591e-03	1.287632e-03	4.677083e-04	1.626101e-04
	5.426892e-05	1.774116e-05	5.972966e-06	2.255901e-06	1.050557e-06
	7.531417e-07
ChiAnalytOverChiStoich
	1.000000e-10	1.000000e-10	1.000000e-10	7.840468e-03	2.065962e-02
	3.891588e-02	6.445706e-02	9.948362e-02	1.464995e-01	2.082268e-01
	2.874926e-01	3.870988e-01	5.096860e-01	6.576046e-01	8.328061e-01
	1.036760e+00	1.270395e+00	1.534072e+00	1.827575e+00	2.150125e+00
	2.500416e+00	2.876662e+00	3.276656e+00	3.697839e+00	4.137374e+00
	4.592229e+00	5.059272e+00	5.535386e+00	6.017607e+00	6.503219e+00
	6.989673e+00	7.473406e+00	7.948115e+00	8.405598e+00	8.839176e+00
	9.245934e+00	9.625667e+00	9.977700e+00	1.029823e+01	1.058007e+01
	1.081526e+01	1.099801e+01	1.112474e+01	1.119210e+01	1.119561e+01
	1.112985e+01	1.098954e+01	1.076992e+01	1.046680e+01	1.007722e+01
	9.600891e+00	9.043421e+00	8.421043e+00	7.762917e+00	7.106543e+00
	6.486905e+00	5.927193e+00	5.435924e+00	5.009963e+00	4.640389e+00
	4.317171e+00	4.031666e+00	3.777320e+00	3.549549e+00	3.345277e+00
	3.162202e+00	2.998331e+00	2.852021e+00	2.721995e+00	2.606873e+00
	2.504742e+00	2.413311e+00	2.330393e+00	2.254228e+00	2.183530e+00
	2.117407e+00	2.055208e+00	1.996371e+00	1.940382e+00	1.886819e+00
	1.835391e+00	1.785868e+00	1.737987e+00	1.691399e+00	1.645731e+00
	1.600718e+00	1.556273e+00	1.512478e+00	1.469538e+00	1.427729e+00
	1.387275e+00	1.348157e+00	1.310114e+00	1.272912e+00	1.236563e+00
	1.201266e+00	1.167147e+00	1.134067e+00	1.101626e+00	1.069250e+00
	1.036270e+00	1.001984e+00	9.656706e-01	9.265969e-01	8.839985e-01
	8.371308e-01	7.854502e-01	7.289112e-01	6.682893e-01	6.052415e-01
	5.420518e-01	4.809982e-01	4.236246e-01	3.704876e-01	3.213840e-01
	2.758241e-01	2.333785e-01	1.938951e-01	1.576189e-01	1.250082e-01
	9.635432e-02	7.167498e-02	5.100754e-02	3.446456e-02	2.186661e-02
	1.256674e-02	5.724604e-03	6.360377e-04	1.000000e-10	1.000000e-10
	1.000000e-10	1.000000e-10	1.000000e-10	1.000000e-10	1.000000e-10
	1.000000e-10	1.000000e-10	1.000000e-10	1.000000e-10	1.000000e-10
	1.000000e-10
ChiKWOverChiKWStoich
	6.208983e-11	6.210185e-11	6.211797e-11	4.872028e-03	1.284370e-02
	2.420798e-02	4.012801e-02	6.199768e-02	9.141748e-02	1.301496e-01
	1.800576e-01	2.430348e-01	3.209304e-01	4.154759e-01	5.282217e-01
	6.604847e-01	8.133079e-01	9.874314e-01	1.183274e+00	1.400927e+00
	1.640154e+00	1.900407e+00	2.180841e+00	2.480347e+00	2.797581e+00
	3.131013e+00	3.478982e+00	3.839780e+00	4.211758e+00	4.593421e+00
	4.983384e+00	5.379429e+00	5.776975e+00	6.169532e+00	6.551490e+00
	6.920279e+00	7.275836e+00	7.617987e+00	7.943849e+00	8.247106e+00
	8.520032e+00	8.756447e+00	8.952399e+00	9.104522e+00	9.208065e+00
	9.257252e+00	9.245893e+00	9.167878e+00	9.017236e+00	8.788618e+00
	8.478441e+00	8.087612e+00	7.625972e+00	7.115426e+00	6.587413e+00
	6.074031e+00	5.599075e+00	5.174041e+00	4.799647e+00	4.470558e+00
	4.179590e+00	3.920170e+00	3.687195e+00	3.477086e+00	3.287479e+00
	3.116613e+00	2.962924e+00	2.825109e+00	2.702163e+00	2.592935e+00
	2.495735e+00	2.408476e+00	2.329139e+00	2.256085e+00	2.188116e+00
	2.124399e+00	2.064326e+00	2.007370e+00	1.953040e+00	1.900937e+00
	1.850781e+00	1.802351e+00	1.755392e+00	1.709557e+00	1.664478e+00
	1.619881e+00	1.575672e+00	1.531921e+00	1.488821e+00	1.446644e+00
	1.405617e+00	1.365721e+00	1.326699e+00	1.288311e+00	1.250576e+00
	1.213715e+00	1.177882e+00	1.142957e+00	1.108549e+00	1.074073e+00
	1.038842e+00	1.002132e+00	9.632021e-01	9.213090e-01	8.756930e-01
	8.256387e-01	7.706723e-01	7.108724e-01	6.471921e-01	5.814872e-01
	5.162108e-01	4.537337e-01	3.956026e-01	3.423191e-01	2.936121e-01
	2.489396e-01	2.078401e-01	1.701384e-01	1.360407e-01	1.059348e-01
	8.002155e-02	5.822592e-02	4.046531e-02	2.668121e-02	1.652988e-02
	9.291403e-03	4.147855e-03	4.524654e-04	6.997064e-11	6.896817e-11
	6.815688e-11	6.754381e-11	6.710546e-11	6.680207e-11	6.659543e-11
	6.645654e-11	6.636477e-11	6.630540e-11	6.626790e-11	6.624489e-11
	6.623113e-11
ChiKWFact
	6.208983e-01	6.210185e-01	6.211797e-01	6.213951e-01	6.216812e-01
	6.220591e-01	6.225542e-01	6.231949e-01	6.240123e-01	6.250380e-01
	6.263032e-01	6.278367e-01	6.296630e-01	6.318020e-01	6.342673e-01
	6.370664e-01	6.402009e-01	6.436669e-01	6.474559e-01	6.515560e-01
	6.559524e-01	6.606291e-01	6.655691e-01	6.707557e-01	6.761730e-01
	6.818067e-01	6.876447e-01	6.936787e-01	6.999059e-01	7.063304e-01
	7.129638e-01	7.198095e-01	7.268359e-01	7.339789e-01	7.411878e-01
	7.484673e-01	7.558787e-01	7.635013e-01	7.713802e-01	7.794946e-01
	7.877784e-01	7.961850e-01	8.047286e-01	8.134778e-01	8.224709e-01
	8.317501e-01	8.413354e-01	8.512482e-01	8.615086e-01	8.721275e-01
	8.830889e-01	8.943089e-01	9.055852e-01	9.165918e-01	9.269504e-01
	9.363526e-01	9.446419e-01	9.518237e-01	9.580204e-01	9.634016e-01
	9.681317e-01	9.723451e-01	9.761404e-01	9.795852e-01	9.827227e-01
	9.855832e-01	9.881910e-01	9.905642e-01	9.927140e-01	9.946532e-01
	9.964040e-01	9.979966e-01	9.994615e-01	1.000824e+00	1.002100e+00
	1.003302e+00	1.004437e+00	1.005509e+00	1.006523e+00	1.007482e+00
	1.008385e+00	1.009230e+00	1.010014e+00	1.010736e+00	1.011391e+00
	1.011972e+00	1.012465e+00	1.012855e+00	1.013122e+00	1.013249e+00
	1.013221e+00	1.013029e+00	1.012659e+00	1.012097e+00	1.011332e+00
	1.010363e+00	1.009197e+00	1.007839e+00	1.006284e+00	1.004511e+00
	1.002482e+00	1.000148e+00	9.974438e-01	9.942932e-01	9.906046e-01
	9.862721e-01	9.811854e-01	9.752524e-01	9.684311e-01	9.607522e-01
	9.523274e-01	9.433169e-01	9.338519e-01	9.239690e-01	9.135864e-01
	9.025302e-01	8.905712e-01	8.774764e-01	8.630984e-01	8.474227e-01
	8.304926e-01	8.123605e-01	7.933203e-01	7.741637e-01	7.559416e-01
	7.393649e-01	7.245663e-01	7.113814e-01	6.997064e-01	6.896817e-01
	6.815688e-01	6.754381e-01	6.710546e-01	6.680207e-01	6.659543e-01
	6.645654e-01	6.636477e-01	6.630540e-01	6.626790e-01	6.624489e-01
	6.623113e-01
MolarMass [kg/kmole]
	4.409000e+01	4.404125e+01	4.398143e+01	4.390937e+01	4.382417e+01
	4.372486e+01	4.361055e+01	4.348062e+01	4.333474e+01	4.317285e+01
	4.299512e+01	4.280194e+01	4.259382e+01	4.237143e+01	4.213551e+01
	4.188687e+01	4.162634e+01	4.135475e+01	4.107296e+01	4.078179e+01
	4.048207e+01	4.017458e+01	3.986009e+01	3.953934e+01	3.921301e+01
	3.888171e+01	3.854597e+01	3.820615e+01	3.786238e+01	3.751450e+01
	3.716204e+01	3.680505e+01	3.644545e+01	3.608669e+01	3.573137e+01
	3.537928e+01	3.502759e+01	3.467289e+01	3.431363e+01	3.395133e+01
	3.358942e+01	3.323026e+01	3.287350e+01	3.251547e+01	3.215767e+01
	3.179782e+01	3.143610e+01	3.107272e+01	3.070781e+01	3.034193e+01
	2.997657e+01	2.961533e+01	2.926507e+01	2.893539e+01	2.863607e+01
	2.837359e+01	2.814961e+01	2.796147e+01	2.780400e+01	2.767143e+01
	2.755874e+01	2.746209e+01	2.737875e+01	2.730691e+01	2.724536e+01
	2.719316e+01	2.714946e+01	2.711347e+01	2.708443e+01	2.706151e+01
	2.704378e+01	2.703032e+01	2.702037e+01	2.701336e+01	2.700888e+01
	2.700664e+01	2.700640e+01	2.700797e+01	2.701120e+01	2.701597e+01
	2.702216e+01	2.702970e+01	2.703848e+01	2.704849e+01	2.705973e+01
	2.707221e+01	2.708591e+01	2.710076e+01	2.711663e+01	2.713335e+01
	2.715072e+01	2.716865e+01	2.718718e+01	2.720636e+01	2.722615e+01
	2.724635e+01	2.726683e+01	2.728756e+01	2.730872e+01	2.733060e+01
	2.735363e+01	2.737829e+01	2.740508e+01	2.743457e+01	2.746734e+01
	2.750397e+01	2.754494e+01	2.759041e+01	2.764001e+01	2.769281e+01
	2.774750e+01	2.780266e+01	2.785733e+01	2.791123e+01	2.796469e+01
	2.801836e+01	2.807295e+01	2.812898e+01	2.818646e+01	2.824495e+01
	2.830403e+01	2.836354e+01	2.842291e+01	2.848050e+01	2.853425e+01
	2.858307e+01	2.862722e+01	2.866755e+01	2.870448e+01	2.873755e+01
	2.876569e+01	2.878825e+01	2.880549e+01	2.881838e+01	2.882796e+01
	2.883509e+01	2.884039e+01	2.884433e+01	2.884726e+01	2.884944e+01
	2.885106e+01
TotalEnthalpy [J/kg]
	-2.352410e+06	-2.352004e+06	-2.351433e+06	-2.350637e+06	-2.349539e+06
	-2.348039e+06	-2.346012e+06	-2.343313e+06	-2.339777e+06	-2.335226e+06
	-2.329472e+06	-2.322326e+06	-2.313602e+06	-2.303125e+06	-2.290732e+06
	-2.276276e+06	-2.259632e+06	-2.240694e+06	-2.219378e+06	-2.195625e+06
	-2.169395e+06	-2.140675e+06	-2.109468e+06	-2.075801e+06	-2.039716e+06
	-2.001269e+06	-1.960525e+06	-1.917543e+06	-1.872369e+06	-1.825013e+06
	-1.775452e+06	-1.723738e+06	-1.670217e+06	-1.615510e+06	-1.560157e+06
	-1.504283e+06	-1.447583e+06	-1.389634e+06	-1.330305e+06	-1.269991e+06
	-1.209426e+06	-1.149192e+06	-1.089419e+06	-1.030007e+06	-9.707599e+05
	-9.118718e+05	-8.536518e+05	-7.964468e+05	-7.405842e+05	-6.864783e+05
	-6.346903e+05	-5.860363e+05	-5.416238e+05	-5.026149e+05	-4.697864e+05
	-4.431927e+05	-4.222172e+05	-4.058717e+05	-3.931090e+05	-3.830331e+05
	-3.749672e+05	-3.684389e+05	-3.631321e+05	-3.588393e+05	-3.554210e+05
	-3.527725e+05	-3.508049e+05	-3.494386e+05	-3.485972e+05	-3.482010e+05
	-3.481713e+05	-3.484405e+05	-3.489586e+05	-3.496907e+05	-3.506111e+05
	-3.516988e+05	-3.529345e+05	-3.543009e+05	-3.557831e+05	-3.573660e+05
	-3.590312e+05	-3.607580e+05	-3.625251e+05	-3.643130e+05	-3.660999e+05
	-3.678541e+05	-3.695286e+05	-3.710600e+05	-3.723723e+05	-3.733838e+05
	-3.740174e+05	-3.742054e+05	-3.738816e+05	-3.729724e+05	-3.714092e+05
	-3.691510e+05	-3.661865e+05	-3.625083e+05	-3.580819e+05	-3.528247e+05
	-3.465969e+05	-3.392009e+05	-3.303811e+05	-3.198251e+05	-3.071605e+05
	-2.919740e+05	-2.738891e+05	-2.527232e+05	-2.287027e+05	-2.025945e+05
	-1.756497e+05	-1.492741e+05	-1.245779e+05	-1.021619e+05	-8.220240e+04
	-6.469563e+04	-4.964269e+04	-3.714226e+04	-2.738447e+04	-2.049875e+04
	-1.630404e+04	-1.433694e+04	-1.392604e+04	-1.423013e+04	-1.446230e+04
	-1.417399e+04	-1.325868e+04	-1.177714e+04	-9.858190e+03	-7.701741e+03
	-5.569809e+03	-3.689427e+03	-2.165120e+03	-9.886543e+02	-1.017477e+02
	5.569301e+02	1.038354e+03	1.383709e+03	1.625967e+03	1.791116e+03
	1.900584e+03
trailer
Lewis numbers evaluated at maximum consumption
N2	-1
O2	1.01272
@ Z = 0.0771707
H	0.166588
@ Z = 0.121493
OH	0.669978
@ Z = 0.0995072
O	0.658469
@ Z = 0.0822793
H2	0.279142
@ Z = 0.0623224
H2O	-1
HO2	1.02096
@ Z = 0.00327927
H2O2	1.0108
@ Z = 0.0540133
CO	1.0111
@ Z = 0.0540133
CO2	-1
CH	0.611372
@ Z = 0.0666928
CHO	1.15892
@ Z = 0.0623224
CH2	0.883275
@ Z = 0.0686264
CH2O	1.17097
@ Z = 0.0666928
CH3	0.922571
@ Z = 0.0788549
CH4	0.927876
@ Z = 0.089165
C2H6	1.3302
@ Z = 0.109728
C2H	1.1931
@ Z = 0.0704404
C2H2	1.20885
@ Z = 0.0788549
CHCO	0.812332
@ Z = 0.0721698
C3H3	1.64052
@ Z = 0.0771707
C2H3	1.14346
@ Z = 0.143074
C2H4	1.2208
@ Z = 0.0961259
C2H5	1.33234
@ Z = 0.0926637
C3H4	1.59892
@ Z = 0.0721698
C3H5	1.65224
@ Z = 0.0909132
C3H6	1.70871
@ Z = 0.102853
N-C3H7	1.72134
@ Z = 0.0978259
I-C3H7	1.71847
@ Z = 0.101179
C3H8	1.67402
@ Z = 0.126361
Lewis numbers evaluated at maximum formation
N2	-1
O2	1.04334
@ Z = 0.00327927
H	0.169204
@ Z = 0.0755069
OH	0.66651
@ Z = 0.0666928
O	0.65012
@ Z = 0.0570432
H2	0.277227
@ Z = 0.113365
H2O	0.755681
@ Z = 0.0805612
HO2	1.00785
@ Z = 0.00859772
H2O2	1.00071
@ Z = 0.0312149
CO	1.02493
@ Z = 0.0822793
CO2	1.27771
@ Z = 0.0666928
CH	0.615834
@ Z = 0.0839966
CHO	1.16699
@ Z = 0.0788549
CH2	0.888918
@ Z = 0.089165
CH2O	1.17819
@ Z = 0.0874303
CH3	0.903087
@ Z = 0.119309
CH4	0.880185
@ Z = 0.13549
C2H6	1.21682
@ Z = 0.157431
C2H	1.1987
@ Z = 0.0909132
C2H2	1.19263
@ Z = 0.111522
CHCO	0.81327
@ Z = 0.101179
C3H3	1.64102
@ Z = 0.0961259
C2H3	1.21256
@ Z = 0.107972
C2H4	1.15999
@ Z = 0.13549
C2H5	1.29961
@ Z = 0.121493
C3H4	1.59523
@ Z = 0.104539
C3H5	1.59743
@ Z = 0.126361
C3H6	1.60441
@ Z = 0.143074
N-C3H7	1.66732
@ Z = 0.126361
I-C3H7	1.64919
@ Z = 0.132168
C3H8	-1
Lewis numbers evaluated at maximum mass fraction
N2	0.921427
@ Z = 8.03316e-06
O2	1.05243
@ Z = 8.03316e-06
H	0.168467
@ Z = 0.0686264
OH	0.664789
@ Z = 0.0623224
O	0.646533
@ Z = 0.0473472
H2	0.26474
@ Z = 0.139116
H2O	0.753385
@ Z = 0.104539
HO2	1.0038
@ Z = 0.0105717
H2O2	0.999821
@ Z = 0.0228703
CO	1.01716
@ Z = 0.107972
CO2	1.2876
@ Z = 0.0944041
CH	0.615834
@ Z = 0.0839966
CHO	1.16793
@ Z = 0.0822793
CH2	0.888621
@ Z = 0.0926637
CH2O	1.0596
@ Z = 0.163315
CH3	0.896582
@ Z = 0.123829
CH4	0.786721
@ Z = 0.186731
C2H6	1.06648
@ Z = 0.225258
C2H	1.19838
@ Z = 0.0926637
C2H2	1.12784
@ Z = 0.143074
CHCO	0.777869
@ Z = 0.13549
C3H3	1.63877
@ Z = 0.0995072
C2H3	1.21056
@ Z = 0.109728
C2H4	1.05916
@ Z = 0.177691
C2H5	1.29468
@ Z = 0.123829
C3H4	1.48571
@ Z = 0.147407
C3H5	1.49627
@ Z = 0.157431
C3H6	1.46047
@ Z = 0.186731
N-C3H7	1.64919
@ Z = 0.132168
I-C3H7	1.03955
@ Z = 0.530716
C3H8	0.81198
@ Z = 0.999931
