header

title = "planar counterflow diffusion flame"
author = ""
date = "Thu Jul 11 20:15:47 2013"

fuel = "C3H8"
pressure = 1 [bar]
strainrate = 860 [1/s]
chiStoichAnal = 24.3636 [1/s]
chiStoichAnalKW = 36.433 [1/s]
FlameLocZ = 0.0856567 [K]
FlameLocBilger = 0.0728047 [K]
Tmax = 1684.37 [K]
stoichScalarDissRate = 36.3532 [1/s]
stoichScalarDissRateBilger = 26.4794 [1/s]

OxidizerSide
begin
	Temperature = 300 [K]
	Massfraction-N2 = 0.76708
	Massfraction-O2 = 0.23292
	Molefraction-N2 = 0.79
	Molefraction-O2 = 0.21
end

FuelSide
begin
	Temperature = 300 [K]
	Massfraction-C3H8 = 1
	Molefraction-C3H8 = 1
end

numOfSpecies = 31
gridPoints = 141

body
eta
	0.000000e+00	1.800559e-01	3.580876e-01	5.316920e-01	6.991409e-01
	8.598014e-01	1.013486e+00	1.160096e+00	1.299641e+00	1.432254e+00
	1.558147e+00	1.677575e+00	1.790838e+00	1.898257e+00	2.000162e+00
	2.096880e+00	2.188731e+00	2.276022e+00	2.359044e+00	2.438072e+00
	2.513364e+00	2.585162e+00	2.653691e+00	2.719163e+00	2.781782e+00
	2.841740e+00	2.899225e+00	2.954427e+00	3.007526e+00	3.058652e+00
	3.107854e+00	3.155089e+00	3.200271e+00	3.243367e+00	3.284476e+00
	3.323863e+00	3.361932e+00	3.399125e+00	3.435824e+00	3.472255e+00
	3.508398e+00	3.544015e+00	3.578851e+00	3.612865e+00	3.646235e+00
	3.679196e+00	3.711915e+00	3.744473e+00	3.776881e+00	3.809115e+00
	3.841134e+00	3.872882e+00	3.904239e+00	3.935014e+00	3.965007e+00
	3.994005e+00	4.021782e+00	4.048109e+00	4.072763e+00	4.095583e+00
	4.116514e+00	4.135627e+00	4.153083e+00	4.169079e+00	4.183823e+00
	4.197518e+00	4.210351e+00	4.222471e+00	4.233976e+00	4.244907e+00
	4.255268e+00	4.265070e+00	4.274318e+00	4.282999e+00	4.291109e+00
	4.298687e+00	4.305817e+00	4.312599e+00	4.319127e+00	4.325478e+00
	4.331708e+00	4.337852e+00	4.343934e+00	4.349976e+00	4.355998e+00
	4.362016e+00	4.368040e+00	4.374084e+00	4.380171e+00	4.386334e+00
	4.392619e+00	4.399092e+00	4.405844e+00	4.412961e+00	4.420497e+00
	4.428440e+00	4.436711e+00	4.445223e+00	4.453928e+00	4.462787e+00
	4.471749e+00	4.480804e+00	4.490023e+00	4.499532e+00	4.509489e+00
	4.520103e+00	4.531689e+00	4.544618e+00	4.559263e+00	4.576047e+00
	4.595454e+00	4.617924e+00	4.643714e+00	4.672794e+00	4.704885e+00
	4.739655e+00	4.776956e+00	4.817052e+00	4.860731e+00	4.909195e+00
	4.963848e+00	5.026125e+00	5.097137e+00	5.177314e+00	5.266369e+00
	5.363701e+00	5.469284e+00	5.584378e+00	5.711056e+00	5.850419e+00
	6.000927e+00	6.158762e+00	6.320024e+00	6.482735e+00	6.646907e+00
	6.813199e+00	6.982105e+00	7.153837e+00	7.328184e+00	7.504042e+00
	7.680054e+00
y [m]
	-1.061742e-03	-1.045606e-03	-1.029628e-03	-1.014015e-03	-9.989151e-04
	-9.843752e-04	-9.704002e-04	-9.569849e-04	-9.441129e-04	-9.317543e-04
	-9.198716e-04	-9.084219e-04	-8.973589e-04	-8.866344e-04	-8.762008e-04
	-8.660123e-04	-8.560257e-04	-8.462012e-04	-8.365028e-04	-8.268983e-04
	-8.173595e-04	-8.078613e-04	-7.983820e-04	-7.889023e-04	-7.794052e-04
	-7.698744e-04	-7.602942e-04	-7.506472e-04	-7.409162e-04	-7.310912e-04
	-7.211781e-04	-7.112047e-04	-7.012133e-04	-6.912414e-04	-6.812990e-04
	-6.713520e-04	-6.613209e-04	-6.511001e-04	-6.405829e-04	-6.296931e-04
	-6.184204e-04	-6.068289e-04	-5.950025e-04	-5.829628e-04	-5.706534e-04
	-5.579880e-04	-5.448929e-04	-5.313220e-04	-5.172542e-04	-5.026852e-04
	-4.876211e-04	-4.720799e-04	-4.561183e-04	-4.398438e-04	-4.233868e-04
	-4.069025e-04	-3.905741e-04	-3.746054e-04	-3.592113e-04	-3.445818e-04
	-3.308397e-04	-3.180211e-04	-3.060906e-04	-2.949716e-04	-2.845666e-04
	-2.747692e-04	-2.654748e-04	-2.565966e-04	-2.480812e-04	-2.399135e-04
	-2.321029e-04	-2.246551e-04	-2.175760e-04	-2.108873e-04	-2.046013e-04
	-1.986953e-04	-1.931121e-04	-1.877777e-04	-1.826226e-04	-1.775887e-04
	-1.726333e-04	-1.677303e-04	-1.628624e-04	-1.580132e-04	-1.531666e-04
	-1.483118e-04	-1.434411e-04	-1.385444e-04	-1.336041e-04	-1.285940e-04
	-1.234786e-04	-1.182039e-04	-1.126981e-04	-1.068926e-04	-1.007458e-04
	-9.427022e-05	-8.753529e-05	-8.061732e-05	-7.356167e-05	-6.640671e-05
	-5.919994e-05	-5.195541e-05	-4.462386e-05	-3.711303e-05	-2.931060e-05
	-2.106693e-05	-1.216129e-05	-2.342655e-06	8.621274e-06	2.097489e-05
	3.497255e-05	5.079469e-05	6.844470e-05	8.769600e-05	1.081504e-04
	1.293893e-04	1.511267e-04	1.733113e-04	1.961294e-04	2.198646e-04
	2.447387e-04	2.708043e-04	2.978276e-04	3.252759e-04	3.524987e-04
	3.789967e-04	4.046574e-04	4.297814e-04	4.548290e-04	4.800523e-04
	5.053136e-04	5.302494e-04	5.545910e-04	5.783604e-04	6.018029e-04
	6.251822e-04	6.486828e-04	6.724131e-04	6.963982e-04	7.205240e-04
	7.446291e-04
f
	-3.450154e+00	-3.304471e+00	-3.160375e+00	-3.019785e+00	-2.884067e+00
	-2.753693e+00	-2.628766e+00	-2.509305e+00	-2.395238e+00	-2.286381e+00
	-2.182484e+00	-2.083259e+00	-1.988383e+00	-1.897516e+00	-1.810321e+00
	-1.726468e+00	-1.645644e+00	-1.567557e+00	-1.491939e+00	-1.418546e+00
	-1.347160e+00	-1.277587e+00	-1.209654e+00	-1.143205e+00	-1.078101e+00
	-1.014214e+00	-9.514195e-01	-8.895897e-01	-8.286046e-01	-7.683951e-01
	-7.089933e-01	-6.505529e-01	-5.932981e-01	-5.374042e-01	-4.828792e-01
	-4.294910e-01	-3.767885e-01	-3.242218e-01	-2.712830e-01	-2.176589e-01
	-1.633850e-01	-1.088491e-01	-5.449680e-02	-4.573199e-04	5.349202e-02
	1.076816e-01	1.623556e-01	2.176200e-01	2.734650e-01	3.298124e-01
	3.865492e-01	4.435273e-01	5.004737e-01	5.569701e-01	6.125655e-01
	6.667790e-01	7.190933e-01	7.689830e-01	8.159413e-01	8.595800e-01
	8.997328e-01	9.364857e-01	9.701079e-01	1.000955e+00	1.029410e+00
	1.055853e+00	1.080634e+00	1.104037e+00	1.126246e+00	1.147336e+00
	1.167316e+00	1.186202e+00	1.204007e+00	1.220703e+00	1.236286e+00
	1.250834e+00	1.264506e+00	1.277498e+00	1.289989e+00	1.302127e+00
	1.314021e+00	1.325736e+00	1.337317e+00	1.348806e+00	1.360243e+00
	1.371654e+00	1.383060e+00	1.394486e+00	1.405974e+00	1.417586e+00
	1.429404e+00	1.441554e+00	1.454200e+00	1.467498e+00	1.481542e+00
	1.496305e+00	1.511632e+00	1.527355e+00	1.543380e+00	1.559630e+00
	1.576008e+00	1.592494e+00	1.609209e+00	1.626378e+00	1.644272e+00
	1.663251e+00	1.683853e+00	1.706696e+00	1.732378e+00	1.761555e+00
	1.794941e+00	1.833125e+00	1.876321e+00	1.924224e+00	1.976114e+00
	2.031204e+00	2.089027e+00	2.149745e+00	2.214249e+00	2.283894e+00
	2.360134e+00	2.444253e+00	2.536931e+00	2.637919e+00	2.746202e+00
	2.860644e+00	2.981003e+00	3.108594e+00	3.245606e+00	3.393198e+00
	3.549904e+00	3.712129e+00	3.876348e+00	4.040981e+00	4.206371e+00
	4.373412e+00	4.542760e+00	4.714736e+00	4.889200e+00	5.065101e+00
	5.241113e+00
df/deta
	8.089298e-01	8.090974e-01	8.093811e-01	8.098289e-01	8.105037e-01
	8.114878e-01	8.128848e-01	8.148177e-01	8.174259e-01	8.208607e-01
	8.252786e-01	8.308328e-01	8.376664e-01	8.459051e-01	8.556519e-01
	8.669832e-01	8.799470e-01	8.945624e-01	9.108213e-01	9.286903e-01
	9.481140e-01	9.690188e-01	9.913159e-01	1.014906e+00	1.039683e+00
	1.065538e+00	1.092363e+00	1.120059e+00	1.148530e+00	1.177665e+00
	1.207305e+00	1.237234e+00	1.267192e+00	1.296951e+00	1.326376e+00
	1.355475e+00	1.384392e+00	1.413336e+00	1.442500e+00	1.471967e+00
	1.501625e+00	1.531167e+00	1.560260e+00	1.588748e+00	1.616662e+00
	1.644081e+00	1.671021e+00	1.697422e+00	1.723159e+00	1.748070e+00
	1.771984e+00	1.794719e+00	1.816059e+00	1.835767e+00	1.853641e+00
	1.869531e+00	1.883338e+00	1.895034e+00	1.904666e+00	1.912367e+00
	1.918346e+00	1.922856e+00	1.926148e+00	1.928450e+00	1.929946e+00
	1.930786e+00	1.931082e+00	1.930917e+00	1.930355e+00	1.929449e+00
	1.928253e+00	1.926816e+00	1.925186e+00	1.923411e+00	1.921539e+00
	1.919601e+00	1.917612e+00	1.915570e+00	1.913466e+00	1.911289e+00
	1.909030e+00	1.906681e+00	1.904238e+00	1.901696e+00	1.899049e+00
	1.896290e+00	1.893416e+00	1.890419e+00	1.887289e+00	1.884005e+00
	1.880539e+00	1.876847e+00	1.872866e+00	1.868527e+00	1.863778e+00
	1.858604e+00	1.853036e+00	1.847120e+00	1.840884e+00	1.834351e+00
	1.827560e+00	1.820522e+00	1.813184e+00	1.805444e+00	1.797169e+00
	1.788169e+00	1.778154e+00	1.766767e+00	1.753637e+00	1.738333e+00
	1.720369e+00	1.699303e+00	1.674913e+00	1.647316e+00	1.616956e+00
	1.584412e+00	1.550154e+00	1.514338e+00	1.476754e+00	1.437042e+00
	1.394984e+00	1.350736e+00	1.305097e+00	1.259555e+00	1.215927e+00
	1.175779e+00	1.139953e+00	1.108582e+00	1.081579e+00	1.059047e+00
	1.041177e+00	1.027820e+00	1.018333e+00	1.011813e+00	1.007419e+00
	1.004506e+00	1.002614e+00	1.001415e+00	1.000678e+00	1.000243e+00
	1.000000e+00
Z
	1.000000e+00	9.999336e-01	9.998176e-01	9.996229e-01	9.993098e-01
	9.988254e-01	9.981028e-01	9.970620e-01	9.956123e-01	9.936554e-01
	9.910892e-01	9.878134e-01	9.837331e-01	9.787627e-01	9.728291e-01
	9.658734e-01	9.578525e-01	9.487391e-01	9.385214e-01	9.272024e-01
	9.147989e-01	9.013399e-01	8.868649e-01	8.714225e-01	8.550679e-01
	8.378611e-01	8.198631e-01	8.011332e-01	7.817302e-01	7.617268e-01
	7.412301e-01	7.203927e-01	6.993985e-01	6.784168e-01	6.575517e-01
	6.368063e-01	6.160853e-01	5.952425e-01	5.741399e-01	5.527151e-01
	5.310460e-01	5.093527e-01	4.878755e-01	4.667242e-01	4.458677e-01
	4.252359e-01	4.047955e-01	3.845706e-01	3.646297e-01	3.450591e-01
	3.259477e-01	3.073870e-01	2.894957e-01	2.724167e-01	2.562771e-01
	2.411844e-01	2.272292e-01	2.144780e-01	2.029711e-01	1.927044e-01
	1.836169e-01	1.755968e-01	1.685054e-01	1.622025e-01	1.565578e-01
	1.514555e-01	1.467967e-01	1.425040e-01	1.385245e-01	1.348287e-01
	1.314007e-01	1.282244e-01	1.252857e-01	1.225781e-01	1.200924e-01
	1.178070e-01	1.156897e-01	1.137045e-01	1.118201e-01	1.100113e-01
	1.082601e-01	1.065552e-01	1.048891e-01	1.032550e-01	1.016466e-01
	1.000596e-01	9.849104e-02	9.693727e-02	9.539255e-02	9.384883e-02
	9.229562e-02	9.071767e-02	8.909535e-02	8.741120e-02	8.565667e-02
	8.383894e-02	8.198050e-02	8.010425e-02	7.822338e-02	7.634840e-02
	7.449148e-02	7.265556e-02	7.082782e-02	6.898583e-02	6.710394e-02
	6.514961e-02	6.307655e-02	6.083592e-02	5.838853e-02	5.569881e-02
	5.273686e-02	4.949727e-02	4.601787e-02	4.238298e-02	3.870235e-02
	3.507639e-02	3.156970e-02	2.820144e-02	2.495583e-02	2.181148e-02
	1.876573e-02	1.584391e-02	1.310150e-02	1.060977e-02	8.427641e-03
	6.579083e-03	5.047545e-03	3.791831e-03	2.771776e-03	1.962346e-03
	1.346689e-03	9.012349e-04	5.919941e-04	3.824680e-04	2.421452e-04
	1.490918e-04	8.820608e-05	4.903529e-05	2.433758e-05	9.138984e-06
	0.000000e+00
temperature [K]
	3.000000e+02	3.000803e+02	3.002205e+02	3.004558e+02	3.008339e+02
	3.014185e+02	3.022900e+02	3.035438e+02	3.052875e+02	3.076363e+02
	3.107068e+02	3.146104e+02	3.194473e+02	3.253013e+02	3.322363e+02
	3.402945e+02	3.494963e+02	3.598423e+02	3.713153e+02	3.838842e+02
	3.975070e+02	4.121349e+02	4.277147e+02	4.441919e+02	4.615137e+02
	4.796307e+02	4.985003e+02	5.180892e+02	5.383713e+02	5.593121e+02
	5.808460e+02	6.028623e+02	6.252168e+02	6.477766e+02	6.704732e+02
	6.933441e+02	7.165373e+02	7.402673e+02	7.647541e+02	7.901468e+02
	8.164380e+02	8.434424e+02	8.709270e+02	8.988033e+02	9.271614e+02
	9.561537e+02	9.858959e+02	1.016444e+03	1.047792e+03	1.079881e+03
	1.112612e+03	1.145858e+03	1.179408e+03	1.212953e+03	1.246155e+03
	1.278650e+03	1.310049e+03	1.339965e+03	1.368034e+03	1.393982e+03
	1.417687e+03	1.439198e+03	1.458686e+03	1.476376e+03	1.492514e+03
	1.507340e+03	1.521074e+03	1.533893e+03	1.545914e+03	1.557193e+03
	1.567748e+03	1.577599e+03	1.586765e+03	1.595242e+03	1.603037e+03
	1.610200e+03	1.616817e+03	1.622988e+03	1.628800e+03	1.634318e+03
	1.639584e+03	1.644618e+03	1.649424e+03	1.654006e+03	1.658359e+03
	1.662471e+03	1.666325e+03	1.669899e+03	1.673173e+03	1.676125e+03
	1.678723e+03	1.680930e+03	1.682682e+03	1.683878e+03	1.684366e+03
	1.683963e+03	1.682495e+03	1.679832e+03	1.675883e+03	1.670599e+03
	1.663995e+03	1.656102e+03	1.646903e+03	1.636311e+03	1.624174e+03
	1.610242e+03	1.594090e+03	1.575175e+03	1.552939e+03	1.526763e+03
	1.495965e+03	1.459963e+03	1.418507e+03	1.371829e+03	1.320587e+03
	1.265569e+03	1.207354e+03	1.146010e+03	1.081033e+03	1.011715e+03
	9.376752e+02	8.593173e+02	7.784475e+02	6.984417e+02	6.233346e+02
	5.563490e+02	4.988541e+02	4.505884e+02	4.107476e+02	3.787735e+02
	3.542527e+02	3.364038e+02	3.239588e+02	3.155006e+02	3.098235e+02
	3.060528e+02	3.035829e+02	3.019925e+02	3.009892e+02	3.003715e+02
	3.000000e+02
massfraction-N2
	1.000000e-60	6.874427e-04	1.608841e-03	2.808743e-03	4.328027e-03
	6.207617e-03	8.485916e-03	1.119467e-02	1.435815e-02	1.799381e-02
	2.211229e-02	2.671789e-02	3.181001e-02	3.738414e-02	4.343279e-02
	4.994638e-02	5.691391e-02	6.432345e-02	7.216253e-02	8.041836e-02
	8.907798e-02	9.812841e-02	1.075568e-01	1.173504e-01	1.274974e-01
	1.379868e-01	1.488099e-01	1.599613e-01	1.714373e-01	1.832274e-01
	1.953013e-01	2.076019e-01	2.200519e-01	2.325792e-01	2.451464e-01
	2.577736e-01	2.705399e-01	2.835592e-01	2.969453e-01	3.107708e-01
	3.250204e-01	3.395815e-01	3.543165e-01	3.691715e-01	3.841815e-01
	3.993951e-01	4.148649e-01	4.305920e-01	4.465412e-01	4.626537e-01
	4.788564e-01	4.950629e-01	5.111493e-01	5.269525e-01	5.423059e-01
	5.570446e-01	5.710080e-01	5.840507e-01	5.960515e-01	6.069378e-01
	6.167056e-01	6.254184e-01	6.331820e-01	6.401164e-01	6.463404e-01
	6.519636e-01	6.570822e-01	6.617716e-01	6.660828e-01	6.700434e-01
	6.736688e-01	6.769769e-01	6.799859e-01	6.827080e-01	6.851600e-01
	6.873711e-01	6.893802e-01	6.912279e-01	6.929485e-01	6.945688e-01
	6.961080e-01	6.975785e-01	6.989889e-01	7.003469e-01	7.016596e-01
	7.029320e-01	7.041680e-01	7.053720e-01	7.065495e-01	7.077079e-01
	7.088556e-01	7.100043e-01	7.111682e-01	7.123592e-01	7.135825e-01
	7.148323e-01	7.160930e-01	7.173496e-01	7.185940e-01	7.198206e-01
	7.210224e-01	7.221988e-01	7.233589e-01	7.245174e-01	7.256906e-01
	7.268983e-01	7.281678e-01	7.295274e-01	7.309984e-01	7.325992e-01
	7.343444e-01	7.362337e-01	7.382418e-01	7.403176e-01	7.423979e-01
	7.444284e-01	7.463783e-01	7.482449e-01	7.500464e-01	7.518051e-01
	7.535335e-01	7.552292e-01	7.568712e-01	7.584253e-01	7.598571e-01
	7.611436e-01	7.622797e-01	7.632749e-01	7.641395e-01	7.648737e-01
	7.654713e-01	7.659337e-01	7.662769e-01	7.665257e-01	7.667044e-01
	7.668320e-01	7.669224e-01	7.669858e-01	7.670296e-01	7.670595e-01
	7.670796e-01
massfraction-O2
	1.000000e-60	2.360968e-05	5.540875e-05	9.700892e-05	1.499042e-04
	2.155945e-04	2.954926e-04	3.907732e-04	5.023398e-04	6.308421e-04
	7.766742e-04	9.399892e-04	1.120751e-03	1.318772e-03	1.533745e-03
	1.765279e-03	2.012928e-03	2.276207e-03	2.554611e-03	2.847624e-03
	3.154726e-03	3.475398e-03	3.809130e-03	4.155426e-03	4.513815e-03
	4.883872e-03	5.265251e-03	5.657728e-03	6.061148e-03	6.475105e-03
	6.898522e-03	7.329378e-03	7.764967e-03	8.202771e-03	8.641499e-03
	9.081867e-03	9.526651e-03	9.979817e-03	1.044533e-02	1.092570e-02
	1.142039e-02	1.192549e-02	1.243625e-02	1.295083e-02	1.347050e-02
	1.399695e-02	1.453207e-02	1.507594e-02	1.562744e-02	1.618462e-02
	1.674507e-02	1.730596e-02	1.786317e-02	1.841126e-02	1.894469e-02
	1.945797e-02	1.994578e-02	2.040329e-02	2.082645e-02	2.121287e-02
	2.156252e-02	2.187773e-02	2.216238e-02	2.242097e-02	2.265809e-02
	2.287816e-02	2.308537e-02	2.328338e-02	2.347512e-02	2.366271e-02
	2.384770e-02	2.403164e-02	2.421583e-02	2.440086e-02	2.458702e-02
	2.477518e-02	2.496714e-02	2.516552e-02	2.537326e-02	2.559341e-02
	2.582895e-02	2.608258e-02	2.635691e-02	2.665483e-02	2.697960e-02
	2.733456e-02	2.772313e-02	2.814933e-02	2.861833e-02	2.913702e-02
	2.971461e-02	3.036445e-02	3.110538e-02	3.196028e-02	3.295270e-02
	3.410067e-02	3.541167e-02	3.688772e-02	3.853247e-02	4.034688e-02
	4.232458e-02	4.446348e-02	4.677881e-02	4.930244e-02	5.207832e-02
	5.517037e-02	5.867844e-02	6.272559e-02	6.743590e-02	7.294186e-02
	7.937752e-02	8.683030e-02	9.527807e-02	1.045529e-01	1.143712e-01
	1.244231e-01	1.344624e-01	1.443617e-01	1.541023e-01	1.636980e-01
	1.731224e-01	1.822772e-01	1.909727e-01	1.989575e-01	2.060061e-01
	2.120036e-01	2.169753e-01	2.210391e-01	2.243204e-01	2.269019e-01
	2.288444e-01	2.302319e-01	2.311810e-01	2.318139e-01	2.322305e-01
	2.325020e-01	2.326764e-01	2.327866e-01	2.328548e-01	2.328960e-01
	2.329204e-01
massfraction-H
	1.000000e-60	2.082165e-17	4.303051e-17	6.671157e-17	9.219807e-17
	1.203750e-16	1.529121e-16	1.926134e-16	2.440162e-16	3.143816e-16
	4.153790e-16	5.660163e-16	7.977660e-16	1.163463e-15	1.752700e-15
	2.718300e-15	4.321355e-15	7.006724e-15	1.152716e-14	1.914250e-14
	3.193032e-14	5.325532e-14	8.845463e-14	1.458053e-13	2.378508e-13
	3.831821e-13	6.088215e-13	9.534625e-13	1.471846e-12	2.240237e-12
	3.362507e-12	4.976148e-12	7.258878e-12	1.044007e-11	1.482416e-11
	2.083667e-11	2.910188e-11	4.055544e-11	5.660146e-11	7.931121e-11
	1.116266e-10	1.575614e-10	2.226134e-10	3.147978e-10	4.464229e-10
	6.365336e-10	9.145922e-10	1.326153e-09	1.942030e-09	2.873191e-09
	4.295301e-09	6.489175e-09	9.903171e-09	1.525316e-08	2.370196e-08
	3.716850e-08	5.885397e-08	9.408519e-08	1.514382e-07	2.438855e-07
	3.895031e-07	6.114311e-07	9.371120e-07	1.397076e-06	2.023924e-06
	2.852013e-06	3.917519e-06	5.257017e-06	6.902589e-06	8.874051e-06
	1.117326e-05	1.378709e-05	1.668695e-05	1.982227e-05	2.313294e-05
	2.657083e-05	3.011255e-05	3.375722e-05	3.751403e-05	4.139495e-05
	4.540785e-05	4.955158e-05	5.381919e-05	5.820402e-05	6.269902e-05
	6.729234e-05	7.196793e-05	7.671100e-05	8.151253e-05	8.636977e-05
	9.128609e-05	9.627641e-05	1.013628e-04	1.065484e-04	1.117922e-04
	1.169889e-04	1.219812e-04	1.266173e-04	1.307849e-04	1.343959e-04
	1.373833e-04	1.397208e-04	1.414136e-04	1.424670e-04	1.428671e-04
	1.425727e-04	1.414968e-04	1.394925e-04	1.363662e-04	1.318850e-04
	1.257935e-04	1.178864e-04	1.081342e-04	9.679501e-05	8.440691e-05
	7.163391e-05	5.907423e-05	4.714388e-05	3.609488e-05	2.614371e-05
	1.756691e-05	1.068374e-05	5.729892e-06	2.655079e-06	1.052418e-06
	3.560202e-07	1.025300e-07	2.524566e-08	5.611416e-09	1.315848e-09
	3.847163e-10	1.396107e-10	5.699899e-11	2.445565e-11	1.059562e-11
	4.494253e-12	1.805399e-12	6.539674e-13	1.940276e-13	3.645019e-14
	1.000000e-60
massfraction-OH
	1.000000e-60	2.065604e-20	1.116561e-19	3.388793e-19	8.084536e-19
	1.691118e-18	3.264771e-18	5.989672e-18	1.064874e-17	1.861234e-17
	3.233715e-17	5.631234e-17	9.886894e-17	1.756381e-16	3.161493e-16
	5.763322e-16	1.061939e-15	1.971742e-15	3.675696e-15	6.853304e-15
	1.273285e-14	2.349505e-14	4.293807e-14	7.754844e-14	1.381920e-13
	2.427413e-13	4.201170e-13	7.164844e-13	1.204613e-12	1.997313e-12
	3.265266e-12	5.258644e-12	8.332775e-12	1.298378e-11	1.990929e-11
	3.012309e-11	4.516071e-11	6.741193e-11	1.006341e-10	1.506815e-10
	2.263883e-10	3.405686e-10	5.116967e-10	7.676565e-10	1.152479e-09
	1.736335e-09	2.631052e-09	4.014361e-09	6.168613e-09	9.542313e-09
	1.484884e-08	2.322320e-08	3.644878e-08	5.728507e-08	8.999455e-08
	1.411305e-07	2.207142e-07	3.440169e-07	5.340299e-07	8.246512e-07
	1.264243e-06	1.918966e-06	2.875235e-06	4.241140e-06	6.148318e-06
	8.755982e-06	1.225689e-05	1.687968e-05	2.287831e-05	3.050502e-05
	3.997909e-05	5.148085e-05	6.512803e-05	8.091488e-05	9.873696e-05
	1.184918e-04	1.401745e-04	1.639052e-04	1.898847e-04	2.183613e-04
	2.495853e-04	2.837616e-04	3.210601e-04	3.616605e-04	4.057481e-04
	4.534679e-04	5.049195e-04	5.602105e-04	6.195205e-04	6.831336e-04
	7.514704e-04	8.252168e-04	9.053416e-04	9.927530e-04	1.087810e-03
	1.189719e-03	1.296326e-03	1.404911e-03	1.512911e-03	1.617678e-03
	1.716413e-03	1.806935e-03	1.887953e-03	1.958461e-03	2.017183e-03
	2.062410e-03	2.091676e-03	2.101027e-03	2.085052e-03	2.037582e-03
	1.952628e-03	1.826449e-03	1.660659e-03	1.464346e-03	1.252790e-03
	1.042897e-03	8.483535e-04	6.770609e-04	5.314538e-04	4.103604e-04
	3.102291e-04	2.263148e-04	1.554148e-04	9.823273e-05	5.733235e-05
	3.219051e-05	1.838686e-05	1.103751e-05	6.960762e-06	4.545363e-06
	3.036812e-06	2.062320e-06	1.416255e-06	9.761855e-07	6.683389e-07
	4.488761e-07	2.910663e-07	1.775757e-07	9.653043e-08	3.948964e-08
	1.000000e-60
massfraction-O
	1.000000e-60	1.945014e-21	7.959401e-21	2.027178e-20	4.124580e-20
	7.379986e-20	1.219750e-19	1.919585e-19	2.939495e-19	4.453519e-19
	6.761459e-19	1.038124e-18	1.621043e-18	2.580826e-18	4.188592e-18
	6.914881e-18	1.157211e-17	1.955085e-17	3.320278e-17	5.644581e-17
	9.569348e-17	1.612410e-16	2.692718e-16	4.446868e-16	7.250163e-16
	1.165789e-15	1.847975e-15	2.888623e-15	4.456151e-15	6.791357e-15
	1.023466e-14	1.526044e-14	2.252472e-14	3.294599e-14	4.785591e-14
	6.928667e-14	1.004958e-13	1.468781e-13	2.175554e-13	3.280804e-13
	5.047647e-13	7.914534e-13	1.261445e-12	2.041505e-12	3.359189e-12
	5.630961e-12	9.628734e-12	1.679656e-11	2.985982e-11	5.400358e-11
	9.917091e-11	1.845561e-10	3.471386e-10	6.577364e-10	1.252091e-09
	2.390511e-09	4.570703e-09	8.732176e-09	1.658479e-08	3.105103e-08
	5.673313e-08	1.002845e-07	1.706137e-07	2.789366e-07	4.388498e-07
	6.666453e-07	9.819122e-07	1.407937e-06	1.971021e-06	2.698320e-06
	3.615351e-06	4.745997e-06	6.110769e-06	7.720904e-06	9.580284e-06
	1.169525e-05	1.408512e-05	1.678714e-05	1.985410e-05	2.335348e-05
	2.736474e-05	3.197572e-05	3.728584e-05	4.341524e-05	5.050867e-05
	5.873305e-05	6.828004e-05	7.938073e-05	9.232843e-05	1.075041e-04
	1.254121e-04	1.467614e-04	1.725525e-04	2.040715e-04	2.427801e-04
	2.900145e-04	3.466163e-04	4.129452e-04	4.890656e-04	5.744734e-04
	6.678340e-04	7.675717e-04	8.725307e-04	9.818550e-04	1.094579e-03
	1.209632e-03	1.325839e-03	1.440600e-03	1.548656e-03	1.642195e-03
	1.710895e-03	1.742480e-03	1.725326e-03	1.652779e-03	1.526611e-03
	1.357003e-03	1.159218e-03	9.493547e-04	7.418479e-04	5.496217e-04
	3.840043e-04	2.526499e-04	1.573828e-04	9.409906e-05	5.527849e-05
	3.292417e-05	2.041136e-05	1.327355e-05	8.974568e-06	6.219735e-06
	4.368940e-06	3.089726e-06	2.189433e-06	1.545021e-06	1.076257e-06
	7.320196e-07	4.790268e-07	2.942021e-07	1.607242e-07	6.600459e-08
	1.000000e-60
massfraction-H2
	1.000000e-60	1.919946e-05	3.986689e-05	6.172338e-05	8.448768e-05
	1.079711e-04	1.320288e-04	1.565223e-04	1.813288e-04	2.063504e-04
	2.315103e-04	2.567500e-04	2.820300e-04	3.073264e-04	3.326278e-04
	3.579322e-04	3.832446e-04	4.085746e-04	4.339350e-04	4.593401e-04
	4.848044e-04	5.103426e-04	5.359691e-04	5.616977e-04	5.875427e-04
	6.135199e-04	6.396482e-04	6.659529e-04	6.924610e-04	7.191815e-04
	7.460803e-04	7.730661e-04	8.000090e-04	8.267946e-04	8.533842e-04
	8.798576e-04	9.064122e-04	9.333097e-04	9.608061e-04	9.890694e-04
	1.018089e-03	1.047662e-03	1.077538e-03	1.107645e-03	1.138085e-03
	1.168975e-03	1.200471e-03	1.232617e-03	1.265385e-03	1.298703e-03
	1.332470e-03	1.366558e-03	1.400754e-03	1.434752e-03	1.468218e-03
	1.500798e-03	1.532113e-03	1.561780e-03	1.589426e-03	1.614746e-03
	1.637560e-03	1.657823e-03	1.675585e-03	1.690929e-03	1.703940e-03
	1.714685e-03	1.723194e-03	1.729449e-03	1.733385e-03	1.734933e-03
	1.734065e-03	1.730830e-03	1.725353e-03	1.717848e-03	1.708599e-03
	1.697881e-03	1.685881e-03	1.672686e-03	1.658312e-03	1.642733e-03
	1.625919e-03	1.607860e-03	1.588563e-03	1.568023e-03	1.546232e-03
	1.523197e-03	1.498936e-03	1.473457e-03	1.446726e-03	1.418653e-03
	1.389081e-03	1.357736e-03	1.324215e-03	1.288121e-03	1.249235e-03
	1.207720e-03	1.164163e-03	1.119262e-03	1.073550e-03	1.027533e-03
	9.817798e-04	9.366323e-04	8.920334e-04	8.476979e-04	8.032970e-04
	7.584109e-04	7.124357e-04	6.649243e-04	6.158985e-04	5.657246e-04
	5.151315e-04	4.654067e-04	4.183372e-04	3.757494e-04	3.388714e-04
	3.079642e-04	2.824261e-04	2.611512e-04	2.429002e-04	2.265620e-04
	2.112431e-04	1.962772e-04	1.812785e-04	1.661783e-04	1.511584e-04
	1.364761e-04	1.222650e-04	1.084746e-04	9.500636e-05	8.191645e-05
	6.948196e-05	5.804705e-05	4.781635e-05	3.878436e-05	3.082312e-05
	2.379989e-05	1.761517e-05	1.219413e-05	7.479326e-06	3.430650e-06
	1.000000e-60
massfraction-H2O
	1.000000e-60	1.087208e-04	2.545212e-04	4.444520e-04	6.849460e-04
	9.823825e-04	1.342652e-03	1.770468e-03	2.269208e-03	2.840990e-03
	3.486646e-03	4.205793e-03	4.997064e-03	5.858275e-03	6.786606e-03
	7.778777e-03	8.831202e-03	9.940128e-03	1.110174e-02	1.231225e-02
	1.356799e-02	1.486541e-02	1.620121e-02	1.757230e-02	1.897591e-02
	2.040963e-02	2.187154e-02	2.336035e-02	2.487515e-02	2.641424e-02
	2.797357e-02	2.954592e-02	3.112185e-02	3.269300e-02	3.425555e-02
	3.581290e-02	3.737553e-02	3.895780e-02	4.057376e-02	4.223218e-02
	4.393127e-02	4.565789e-02	4.739632e-02	4.914106e-02	5.089704e-02
	5.267047e-02	5.446844e-02	5.629189e-02	5.813766e-02	5.999995e-02
	6.187143e-02	6.374329e-02	6.560247e-02	6.743127e-02	6.921143e-02
	7.092460e-02	7.255254e-02	7.407830e-02	7.548727e-02	7.677002e-02
	7.792494e-02	7.895815e-02	7.988085e-02	8.070598e-02	8.144644e-02
	8.211417e-02	8.271949e-02	8.327030e-02	8.377150e-02	8.422528e-02
	8.463251e-02	8.499458e-02	8.531315e-02	8.558962e-02	8.582630e-02
	8.602702e-02	8.619646e-02	8.633904e-02	8.645813e-02	8.655600e-02
	8.663393e-02	8.669249e-02	8.673182e-02	8.675188e-02	8.675238e-02
	8.673286e-02	8.669273e-02	8.663127e-02	8.654746e-02	8.643980e-02
	8.630602e-02	8.614257e-02	8.594411e-02	8.570379e-02	8.541444e-02
	8.507066e-02	8.467073e-02	8.421513e-02	8.370411e-02	8.313877e-02
	8.252237e-02	8.185651e-02	8.113710e-02	8.035454e-02	7.949517e-02
	7.853881e-02	7.745356e-02	7.619930e-02	7.473382e-02	7.300934e-02
	7.097317e-02	6.858123e-02	6.581770e-02	6.270931e-02	5.932113e-02
	5.573285e-02	5.201039e-02	4.818420e-02	4.424632e-02	4.017515e-02
	3.596524e-02	3.164725e-02	2.730678e-02	2.308158e-02	1.912411e-02
	1.555114e-02	1.240882e-02	9.683066e-03	7.346436e-03	5.394343e-03
	3.835501e-03	2.655398e-03	1.801319e-03	1.199922e-03	7.822844e-04
	4.954758e-04	3.012343e-04	1.718819e-04	8.742497e-05	3.357262e-05
	1.000000e-60
massfraction-HO2
	1.000000e-60	3.516977e-08	8.265643e-08	1.449508e-07	2.244181e-07
	3.235050e-07	4.446257e-07	5.899624e-07	7.614345e-07	9.607393e-07
	1.189351e-06	1.448530e-06	1.739380e-06	2.062863e-06	2.419814e-06
	2.810946e-06	3.236847e-06	3.697976e-06	4.194657e-06	4.727076e-06
	5.295277e-06	5.899173e-06	6.538550e-06	7.213089e-06	7.922394e-06
	8.666043e-06	9.443658e-06	1.025503e-05	1.109998e-05	1.197773e-05
	1.288595e-05	1.382004e-05	1.477365e-05	1.574054e-05	1.671699e-05
	1.770363e-05	1.870573e-05	1.973128e-05	2.078821e-05	2.188097e-05
	2.300676e-05	2.415470e-05	2.531175e-05	2.647133e-05	2.763369e-05
	2.879984e-05	2.997022e-05	3.114036e-05	3.230172e-05	3.344250e-05
	3.454829e-05	3.560235e-05	3.658479e-05	3.747379e-05	3.824959e-05
	3.889597e-05	3.940129e-05	3.975897e-05	3.996692e-05	4.002674e-05
	3.994227e-05	3.971802e-05	3.935818e-05	3.886690e-05	3.824868e-05
	3.750851e-05	3.665193e-05	3.568636e-05	3.462377e-05	3.348314e-05
	3.228976e-05	3.107002e-05	2.984987e-05	2.865609e-05	2.751046e-05
	2.642428e-05	2.539825e-05	2.442674e-05	2.350310e-05	2.262174e-05
	2.177940e-05	2.097547e-05	2.021062e-05	1.948544e-05	1.880054e-05
	1.815723e-05	1.755712e-05	1.700140e-05	1.649046e-05	1.602429e-05
	1.560278e-05	1.522578e-05	1.489416e-05	1.461174e-05	1.438595e-05
	1.422658e-05	1.414234e-05	1.413767e-05	1.421325e-05	1.436761e-05
	1.459750e-05	1.489990e-05	1.527572e-05	1.573151e-05	1.627986e-05
	1.694202e-05	1.775369e-05	1.876566e-05	2.004141e-05	2.166134e-05
	2.372408e-05	2.633362e-05	2.957668e-05	3.350358e-05	3.813004e-05
	4.346103e-05	4.951806e-05	5.635488e-05	6.403430e-05	7.250710e-05
	8.137533e-05	8.954319e-05	9.478986e-05	9.369799e-05	8.316733e-05
	6.411399e-05	4.266807e-05	2.510443e-05	1.361830e-05	7.152279e-06
	3.791117e-06	2.075307e-06	1.178443e-06	6.882112e-07	4.070920e-07
	2.397459e-07	1.378689e-07	7.528675e-08	3.694194e-08	1.376321e-08
	1.000000e-60
massfraction-H2O2
	1.000000e-60	8.791853e-09	2.068511e-08	3.629633e-08	5.618137e-08
	8.086776e-08	1.108034e-07	1.462831e-07	1.874209e-07	2.341470e-07
	2.862029e-07	3.431524e-07	4.044124e-07	4.692849e-07	5.369932e-07
	6.067184e-07	6.776319e-07	7.489235e-07	8.198219e-07	8.896092e-07
	9.576288e-07	1.023290e-06	1.086065e-06	1.145492e-06	1.201167e-06
	1.252740e-06	1.299912e-06	1.342430e-06	1.380065e-06	1.412585e-06
	1.439742e-06	1.461308e-06	1.477139e-06	1.487227e-06	1.491684e-06
	1.490651e-06	1.484173e-06	1.472109e-06	1.454114e-06	1.429726e-06
	1.398558e-06	1.360508e-06	1.315736e-06	1.264356e-06	1.206178e-06
	1.140796e-06	1.067951e-06	9.875971e-07	9.000878e-07	8.062825e-07
	7.076616e-07	6.064536e-07	5.058191e-07	4.096838e-07	3.220238e-07
	2.461485e-07	1.840386e-07	1.359685e-07	1.006536e-07	7.578688e-08
	5.875339e-08	4.720975e-08	3.935718e-08	3.394914e-08	3.017649e-08
	2.754078e-08	2.575647e-08	2.468595e-08	2.429721e-08	2.463271e-08
	2.578314e-08	2.786945e-08	3.102713e-08	3.537639e-08	4.100796e-08
	4.800463e-08	5.648254e-08	6.662187e-08	7.866845e-08	9.293339e-08
	1.097807e-07	1.296060e-07	1.528425e-07	1.799942e-07	2.116481e-07
	2.484560e-07	2.911405e-07	3.405561e-07	3.977890e-07	4.642668e-07
	5.419157e-07	6.335162e-07	7.430977e-07	8.759904e-07	1.038585e-06
	1.237501e-06	1.478632e-06	1.767795e-06	2.112022e-06	2.518740e-06
	2.994435e-06	3.547044e-06	4.189947e-06	4.943485e-06	5.835486e-06
	6.905917e-06	8.216239e-06	9.850077e-06	1.190715e-05	1.450380e-05
	1.775793e-05	2.172930e-05	2.631608e-05	3.116591e-05	3.572323e-05
	3.945472e-05	4.208385e-05	4.363546e-05	4.429382e-05	4.422368e-05
	4.345006e-05	4.182129e-05	3.911099e-05	3.526059e-05	3.053826e-05
	2.542384e-05	2.039325e-05	1.578274e-05	1.177210e-05	8.450934e-06
	5.852643e-06	3.936231e-06	2.589097e-06	1.669932e-06	1.052873e-06
	6.442990e-07	3.782779e-07	2.084813e-07	1.025402e-07	3.816431e-08
	1.000000e-60
massfraction-CO
	1.000000e-60	6.563973e-05	1.537870e-04	2.687809e-04	4.146150e-04
	5.952877e-04	8.145497e-04	1.075499e-03	1.380499e-03	1.731234e-03
	2.128708e-03	2.573293e-03	3.064868e-03	3.602920e-03	4.186635e-03
	4.814988e-03	5.486817e-03	6.200867e-03	6.955834e-03	7.750387e-03
	8.583189e-03	9.452902e-03	1.035821e-02	1.129783e-02	1.227054e-02
	1.327524e-02	1.431104e-02	1.537738e-02	1.647387e-02	1.759945e-02
	1.875122e-02	1.992369e-02	2.110952e-02	2.230185e-02	2.349715e-02
	2.469737e-02	2.591005e-02	2.714602e-02	2.841609e-02	2.972713e-02
	3.107767e-02	3.245705e-02	3.385228e-02	3.525832e-02	3.667852e-02
	3.811755e-02	3.958046e-02	4.106742e-02	4.257522e-02	4.409840e-02
	4.563017e-02	4.716248e-02	4.868377e-02	5.017872e-02	5.163168e-02
	5.302709e-02	5.434976e-02	5.558587e-02	5.672381e-02	5.775648e-02
	5.868331e-02	5.951002e-02	6.024638e-02	6.090348e-02	6.149223e-02
	6.202269e-02	6.250352e-02	6.294137e-02	6.334042e-02	6.370263e-02
	6.402877e-02	6.431988e-02	6.457709e-02	6.480115e-02	6.499347e-02
	6.515663e-02	6.529389e-02	6.540831e-02	6.550201e-02	6.557614e-02
	6.563094e-02	6.566588e-02	6.567998e-02	6.567188e-02	6.563982e-02
	6.558166e-02	6.549493e-02	6.537673e-02	6.522347e-02	6.503045e-02
	6.479140e-02	6.449730e-02	6.413526e-02	6.368868e-02	6.313909e-02
	6.247038e-02	6.167341e-02	6.074464e-02	5.968223e-02	5.848891e-02
	5.717519e-02	5.575136e-02	5.421835e-02	5.256855e-02	5.079006e-02
	4.886372e-02	4.675695e-02	4.443736e-02	4.189021e-02	3.911622e-02
	3.613487e-02	3.299978e-02	2.980453e-02	2.666604e-02	2.369046e-02
	2.094365e-02	1.844345e-02	1.616898e-02	1.407933e-02	1.213683e-02
	1.032053e-02	8.628515e-03	7.077066e-03	5.692055e-03	4.494211e-03
	3.488327e-03	2.660547e-03	1.985988e-03	1.441511e-03	1.012528e-03
	6.888599e-04	4.567579e-04	2.971779e-04	1.901499e-04	1.192270e-04
	7.270797e-05	4.261243e-05	2.347476e-05	1.155182e-05	4.304033e-06
	1.000000e-60
massfraction-CO2
	1.000000e-60	2.964482e-05	7.367023e-05	1.369055e-04	2.247403e-04
	3.432566e-04	4.990139e-04	6.986227e-04	9.484495e-04	1.254418e-03
	1.621782e-03	2.054953e-03	2.557470e-03	3.131981e-03	3.780269e-03
	4.503325e-03	5.301428e-03	6.174240e-03	7.120899e-03	8.140104e-03
	9.230202e-03	1.038926e-02	1.161514e-02	1.290558e-02	1.425826e-02
	1.567094e-02	1.714159e-02	1.866864e-02	2.025075e-02	2.188558e-02
	2.356810e-02	2.528942e-02	2.703776e-02	2.880202e-02	3.057598e-02
	3.236161e-02	3.416938e-02	3.601475e-02	3.791327e-02	3.987460e-02
	4.189591e-02	4.396049e-02	4.604810e-02	4.815034e-02	5.027146e-02
	5.241774e-02	5.459564e-02	5.680443e-02	5.903823e-02	6.128784e-02
	6.354212e-02	6.578814e-02	6.800802e-02	7.017867e-02	7.227698e-02
	7.428056e-02	7.616809e-02	7.792090e-02	7.952407e-02	8.096956e-02
	8.225872e-02	8.340176e-02	8.441424e-02	8.531322e-02	8.611526e-02
	8.683540e-02	8.748660e-02	8.807894e-02	8.861911e-02	8.911079e-02
	8.955600e-02	8.995708e-02	9.031641e-02	9.063567e-02	9.091723e-02
	9.116492e-02	9.138361e-02	9.157809e-02	9.175218e-02	9.190861e-02
	9.204906e-02	9.217435e-02	9.228475e-02	9.238033e-02	9.246089e-02
	9.252590e-02	9.257460e-02	9.260606e-02	9.261909e-02	9.261209e-02
	9.258280e-02	9.252782e-02	9.244205e-02	9.231832e-02	9.214776e-02
	9.192129e-02	9.163161e-02	9.127305e-02	9.084006e-02	9.032805e-02
	8.973487e-02	8.905752e-02	8.828723e-02	8.740833e-02	8.639870e-02
	8.522591e-02	8.383921e-02	8.217187e-02	8.014896e-02	7.768428e-02
	7.468453e-02	7.107623e-02	6.684690e-02	6.207673e-02	5.692986e-02
	5.160212e-02	4.626006e-02	4.100239e-02	3.586275e-02	3.085390e-02
	2.600919e-02	2.139955e-02	1.713781e-02	1.335292e-02	1.013948e-02
	7.521465e-03	5.451138e-03	3.843047e-03	2.615696e-03	1.709085e-03
	1.073348e-03	6.530443e-04	3.883842e-04	2.266735e-04	1.294881e-04
	7.192164e-05	3.842845e-05	1.935215e-05	8.748481e-06	3.017364e-06
	1.000000e-60
massfraction-CH
	1.000000e-60	1.000000e-60	1.000000e-60	4.956848e-29	1.000000e-60
	1.000000e-60	5.216567e-29	1.000000e-60	1.610258e-29	1.853492e-28
	1.000000e-60	1.000000e-60	8.672522e-28	1.177295e-27	1.866127e-27
	1.635302e-27	5.433888e-27	1.000000e-60	1.000000e-60	1.000000e-60
	1.045529e-26	2.041551e-26	5.979832e-26	2.111132e-25	7.541245e-25
	2.540674e-24	8.208951e-24	2.545753e-23	7.596441e-23	2.182597e-22
	6.034589e-22	1.604192e-21	4.095018e-21	1.004192e-20	2.372869e-20
	5.437746e-20	1.219598e-19	2.703764e-19	5.976796e-19	1.324854e-18
	2.947227e-18	6.554540e-18	1.450858e-17	3.196045e-17	7.039208e-17
	1.559328e-16	3.491577e-16	7.928259e-16	1.828761e-15	4.288532e-15
	1.022937e-14	2.483008e-14	6.130385e-14	1.537502e-13	3.917016e-13
	1.015177e-12	2.681451e-12	7.216312e-12	1.965871e-11	5.343014e-11
	1.420666e-10	3.627125e-10	8.775267e-10	1.998413e-09	4.279374e-09
	8.641638e-09	1.653707e-08	3.013710e-08	5.248118e-08	8.746315e-08
	1.395820e-07	2.136078e-07	3.140278e-07	4.440581e-07	6.052566e-07
	7.982009e-07	1.023645e-06	1.283215e-06	1.579199e-06	1.914232e-06
	2.290664e-06	2.709811e-06	3.171878e-06	3.676356e-06	4.221810e-06
	4.805128e-06	5.421288e-06	6.063835e-06	6.725339e-06	7.397233e-06
	8.069294e-06	8.729478e-06	9.361587e-06	9.939637e-06	1.042363e-05
	1.076054e-05	1.089557e-05	1.078871e-05	1.042302e-05	9.807767e-06
	8.980573e-06	7.997363e-06	6.916189e-06	5.791217e-06	4.673710e-06
	3.609723e-06	2.638063e-06	1.797298e-06	1.123153e-06	6.326301e-07
	3.157438e-07	1.381805e-07	5.320773e-08	1.839555e-08	5.894501e-09
	1.807159e-09	5.411195e-10	1.584675e-10	4.446717e-11	1.150031e-11
	2.598760e-12	4.808540e-13	6.825158e-14	7.105631e-15	5.419082e-16
	3.178822e-17	1.535588e-18	6.478882e-20	2.608834e-21	1.220384e-22
	8.306228e-24	8.574572e-25	1.222478e-25	2.175586e-26	4.424049e-27
	9.501494e-28	1.998906e-28	3.717655e-29	5.262004e-30	3.597792e-31
	1.000000e-60
massfraction-CHO
	1.000000e-60	4.020427e-19	9.767281e-19	1.721525e-18	2.625383e-18
	3.706774e-18	5.042847e-18	6.798378e-18	9.274725e-18	1.300643e-17
	1.895332e-17	2.888215e-17	4.612836e-17	7.712213e-17	1.344571e-16
	2.430545e-16	4.524647e-16	8.611271e-16	1.663405e-15	3.238818e-15
	6.317050e-15	1.227440e-14	2.365017e-14	4.501766e-14	8.440720e-14
	1.555608e-13	2.814059e-13	4.992759e-13	8.684592e-13	1.480211e-12
	2.469123e-12	4.022831e-12	6.386566e-12	9.862912e-12	1.481312e-11
	2.167140e-11	3.097619e-11	4.340408e-11	5.978920e-11	8.110244e-11
	1.083648e-10	1.425596e-10	1.847536e-10	2.365337e-10	3.004971e-10
	3.805742e-10	4.824631e-10	6.141919e-10	7.870532e-10	1.017071e-09
	1.327238e-09	1.750890e-09	2.336163e-09	3.152747e-09	4.304504e-09
	5.949477e-09	8.331328e-09	1.182549e-08	1.699171e-08	2.461560e-08
	3.571716e-08	5.152256e-08	7.341406e-08	1.028800e-07	1.415031e-07
	1.910052e-07	2.533215e-07	3.305979e-07	4.249993e-07	5.383451e-07
	6.717960e-07	8.259434e-07	1.000622e-06	1.194291e-06	1.404533e-06
	1.629271e-06	1.867700e-06	2.120350e-06	2.388416e-06	2.673321e-06
	2.976211e-06	3.297518e-06	3.637100e-06	3.994658e-06	4.369648e-06
	4.760847e-06	5.166306e-06	5.583732e-06	6.010810e-06	6.445143e-06
	6.884020e-06	7.324527e-06	7.762423e-06	8.188772e-06	8.586670e-06
	8.929638e-06	9.185017e-06	9.321996e-06	9.316643e-06	9.154090e-06
	8.832264e-06	8.361404e-06	7.757773e-06	7.040138e-06	6.230597e-06
	5.353930e-06	4.436506e-06	3.514796e-06	2.640549e-06	1.869480e-06
	1.246515e-06	7.922270e-07	4.945874e-07	3.163651e-07	2.143942e-07
	1.547735e-07	1.165093e-07	8.834520e-08	6.488371e-08	4.422535e-08
	2.671261e-08	1.365815e-08	5.704941e-09	1.917106e-09	5.224280e-10
	1.187456e-10	2.368236e-11	4.608118e-12	1.046220e-12	3.030160e-13
	1.021949e-13	3.668471e-14	1.355947e-14	5.069648e-15	1.877407e-15
	6.720338e-16	2.256056e-16	6.765339e-17	1.632292e-17	2.276489e-18
	1.000000e-60
massfraction-CH2
	1.000000e-60	7.814989e-22	1.601560e-21	2.470269e-21	3.415142e-21
	4.496633e-21	5.825823e-21	7.596777e-21	1.015088e-20	1.410641e-20
	2.062696e-20	3.199466e-20	5.286780e-20	9.310080e-20	1.741917e-19
	3.442240e-19	7.127342e-19	1.532034e-18	3.385372e-18	7.615640e-18
	1.728051e-17	3.922050e-17	8.838889e-17	1.965858e-16	4.294035e-16
	9.178686e-16	1.915502e-15	3.898361e-15	7.735664e-15	1.496884e-14
	2.824112e-14	5.191247e-14	9.289887e-14	1.618633e-13	2.751074e-13
	4.579398e-13	7.507994e-13	1.219818e-12	1.974351e-12	3.194199e-12
	5.167120e-12	8.336860e-12	1.337861e-11	2.135171e-11	3.398285e-11
	5.412557e-11	8.651632e-11	1.390324e-10	2.248244e-10	3.659522e-10
	5.996802e-10	9.894096e-10	1.642804e-09	2.742272e-09	4.600457e-09
	7.759782e-09	1.316968e-08	2.248727e-08	3.851699e-08	6.573051e-08
	1.107118e-07	1.823761e-07	2.918988e-07	4.523869e-07	6.784924e-07
	9.861711e-07	1.392498e-06	1.914817e-06	2.568330e-06	3.362274e-06
	4.296836e-06	5.363876e-06	6.546737e-06	7.818132e-06	9.146218e-06
	1.050425e-05	1.187590e-05	1.325387e-05	1.463428e-05	1.601344e-05
	1.738510e-05	1.873891e-05	2.006190e-05	2.134061e-05	2.256073e-05
	2.370599e-05	2.475859e-05	2.570071e-05	2.651483e-05	2.718268e-05
	2.768358e-05	2.799250e-05	2.807571e-05	2.788728e-05	2.737302e-05
	2.648549e-05	2.520634e-05	2.355517e-05	2.158222e-05	1.936720e-05
	1.701569e-05	1.463222e-05	1.229762e-05	1.007248e-05	8.006899e-06
	6.139778e-06	4.498218e-06	3.111285e-06	2.007588e-06	1.194297e-06
	6.484023e-07	3.202266e-07	1.451685e-07	6.177463e-08	2.543042e-08
	1.041913e-08	4.328002e-09	1.830045e-09	7.791433e-10	3.266627e-10
	1.308003e-10	4.817943e-11	1.570747e-11	4.409637e-12	1.067996e-12
	2.329086e-13	4.874206e-14	1.028923e-14	2.259870e-15	5.352975e-16
	1.438433e-16	4.571687e-17	1.730827e-17	7.598576e-18	3.708283e-18
	1.928391e-18	1.026375e-18	5.339651e-19	2.516694e-19	8.611750e-20
	1.000000e-60
massfraction-CH2O
	1.000000e-60	2.912830e-07	7.283067e-07	1.362175e-06	2.250774e-06
	3.460133e-06	5.062220e-06	7.130412e-06	9.736128e-06	1.294636e-05
	1.682085e-05	2.140987e-05	2.675345e-05	3.288090e-05	3.981089e-05
	4.755204e-05	5.610389e-05	6.545795e-05	7.559893e-05	8.650594e-05
	9.815367e-05	1.105135e-04	1.235545e-04	1.372448e-04	1.515522e-04
	1.664460e-04	1.818986e-04	1.978876e-04	2.143939e-04	2.313889e-04
	2.488168e-04	2.665832e-04	2.845661e-04	3.026517e-04	3.207782e-04
	3.389679e-04	3.573286e-04	3.760175e-04	3.951910e-04	4.149441e-04
	4.352453e-04	4.559240e-04	4.767753e-04	4.977130e-04	5.187753e-04
	5.400164e-04	5.614892e-04	5.831683e-04	6.049702e-04	6.267689e-04
	6.484063e-04	6.696901e-04	6.903605e-04	7.100886e-04	7.285281e-04
	7.453289e-04	7.601550e-04	7.727207e-04	7.828294e-04	7.904234e-04
	7.956027e-04	7.985958e-04	7.996987e-04	7.992224e-04	7.974608e-04
	7.946735e-04	7.910803e-04	7.868681e-04	7.822066e-04	7.772601e-04
	7.721829e-04	7.670975e-04	7.620928e-04	7.572368e-04	7.525638e-04
	7.480619e-04	7.436780e-04	7.393338e-04	7.349436e-04	7.304189e-04
	7.256725e-04	7.206204e-04	7.151768e-04	7.092451e-04	7.027172e-04
	6.954782e-04	6.874056e-04	6.783606e-04	6.681738e-04	6.566338e-04
	6.434697e-04	6.283095e-04	6.106449e-04	5.898736e-04	5.654077e-04
	5.368824e-04	5.043518e-04	4.682124e-04	4.290416e-04	3.876873e-04
	3.453058e-04	3.030035e-04	2.615607e-04	2.215420e-04	1.834740e-04
	1.478256e-04	1.149852e-04	8.554180e-05	6.032046e-05	3.999118e-05
	2.479322e-05	1.440800e-05	7.964167e-06	4.298142e-06	2.333114e-06
	1.303692e-06	7.578490e-07	4.572219e-07	2.831323e-07	1.776171e-07
	1.118443e-07	7.060155e-08	4.505378e-08	2.944023e-08	1.981115e-08
	1.362739e-08	9.436199e-09	6.468963e-09	4.325809e-09	2.794331e-09
	1.741611e-09	1.053970e-09	6.242632e-10	3.630940e-10	2.067801e-10
	1.145166e-10	6.101309e-11	3.063953e-11	1.381356e-11	4.752250e-12
	1.000000e-60
massfraction-CH3
	1.000000e-60	4.499306e-09	1.038920e-08	1.790130e-08	2.725474e-08
	3.869264e-08	5.247984e-08	6.889280e-08	8.822920e-08	1.108244e-07
	1.370620e-07	1.673857e-07	2.023157e-07	2.424624e-07	2.885408e-07
	3.413862e-07	4.019710e-07	4.714248e-07	5.510568e-07	6.423831e-07
	7.471598e-07	8.674226e-07	1.005537e-06	1.164258e-06	1.346813e-06
	1.557006e-06	1.799360e-06	2.079321e-06	2.403442e-06	2.779362e-06
	3.215489e-06	3.720487e-06	4.303049e-06	4.972597e-06	5.741134e-06
	6.626222e-06	7.654289e-06	8.863051e-06	1.030301e-05	1.203685e-05
	1.413448e-05	1.666663e-05	1.970906e-05	2.336401e-05	2.778112e-05
	3.316312e-05	3.977369e-05	4.794358e-05	5.808684e-05	7.072382e-05
	8.651098e-05	1.062717e-04	1.309898e-04	1.617808e-04	1.998962e-04
	2.466555e-04	3.032917e-04	3.707145e-04	4.491692e-04	5.379973e-04
	6.356626e-04	7.400310e-04	8.486758e-04	9.590860e-04	1.068844e-03
	1.175740e-03	1.277771e-03	1.372984e-03	1.459324e-03	1.534710e-03
	1.597389e-03	1.646361e-03	1.681366e-03	1.702805e-03	1.711791e-03
	1.709885e-03	1.698647e-03	1.679318e-03	1.652785e-03	1.619661e-03
	1.580413e-03	1.535502e-03	1.485401e-03	1.430558e-03	1.371402e-03
	1.308407e-03	1.242100e-03	1.172978e-03	1.101441e-03	1.027768e-03
	9.521196e-04	8.744447e-04	7.945484e-04	7.124976e-04	6.290307e-04
	5.458674e-04	4.654911e-04	3.902011e-04	3.215417e-04	2.605444e-04
	2.078167e-04	1.632492e-04	1.261184e-04	9.552498e-05	7.064373e-05
	5.071363e-05	3.503177e-05	2.306106e-05	1.435894e-05	8.414561e-06
	4.638253e-06	2.424681e-06	1.225242e-06	6.145463e-07	3.139924e-07
	1.663623e-07	9.195325e-08	5.272359e-08	3.093192e-08	1.827654e-08
	1.073006e-08	6.195621e-09	3.492418e-09	1.916371e-09	1.030586e-09
	5.510447e-10	2.955778e-10	1.586654e-10	8.473052e-11	4.507082e-11
	2.415661e-11	1.323728e-11	7.476343e-12	4.339996e-12	2.560454e-12
	1.512048e-12	8.769761e-13	4.854598e-13	2.423362e-13	9.199005e-14
	1.000000e-60
massfraction-CH4
	1.000000e-60	4.513350e-06	1.042963e-05	1.797189e-05	2.733098e-05
	3.869174e-05	5.221897e-05	6.803523e-05	8.621941e-05	1.068130e-04
	1.298222e-04	1.552215e-04	1.829632e-04	2.129828e-04	2.452048e-04
	2.795468e-04	3.159237e-04	3.542500e-04	3.944413e-04	4.364160e-04
	4.800954e-04	5.254044e-04	5.722719e-04	6.206313e-04	6.704218e-04
	7.215910e-04	7.740987e-04	8.279228e-04	8.830511e-04	9.394384e-04
	9.969490e-04	1.055321e-03	1.114203e-03	1.173270e-03	1.232364e-03
	1.291596e-03	1.351352e-03	1.412175e-03	1.474605e-03	1.538985e-03
	1.605252e-03	1.672888e-03	1.741262e-03	1.810133e-03	1.879665e-03
	1.950075e-03	2.021597e-03	2.094207e-03	2.167690e-03	2.241689e-03
	2.315729e-03	2.389200e-03	2.461223e-03	2.530612e-03	2.596022e-03
	2.655960e-03	2.708828e-03	2.753043e-03	2.787213e-03	2.810385e-03
	2.822208e-03	2.822875e-03	2.812922e-03	2.793014e-03	2.763809e-03
	2.725859e-03	2.679563e-03	2.625237e-03	2.563295e-03	2.494453e-03
	2.419796e-03	2.340550e-03	2.258065e-03	2.173960e-03	2.089769e-03
	2.006481e-03	1.924386e-03	1.843272e-03	1.762779e-03	1.682561e-03
	1.602418e-03	1.522364e-03	1.442533e-03	1.363050e-03	1.284047e-03
	1.205731e-03	1.128365e-03	1.052166e-03	9.772424e-04	9.035964e-04
	8.311363e-04	7.596060e-04	6.886610e-04	6.182109e-04	5.486971e-04
	4.812491e-04	4.174336e-04	3.585241e-04	3.051623e-04	2.576468e-04
	2.160687e-04	1.801167e-04	1.491320e-04	1.224051e-04	9.934386e-05
	7.944509e-05	6.226886e-05	4.756198e-05	3.524854e-05	2.526752e-05
	1.750432e-05	1.177148e-05	7.780160e-06	5.153424e-06	3.495772e-06
	2.469730e-06	1.830913e-06	1.420829e-06	1.143353e-06	9.424245e-07
	7.858257e-07	6.554593e-07	5.422017e-07	4.425166e-07	3.556310e-07
	2.813759e-07	2.189504e-07	1.668959e-07	1.238478e-07	8.905486e-08
	6.209565e-08	4.222691e-08	2.818178e-08	1.849462e-08	1.189132e-08
	7.433845e-09	4.464013e-09	2.517595e-09	1.266699e-09	4.816501e-10
	1.000000e-60
massfraction-C2H6
	1.000000e-60	1.517557e-06	3.788900e-06	7.075834e-06	1.167410e-05
	1.792055e-05	2.618205e-05	3.683267e-05	5.023720e-05	6.673945e-05
	8.664882e-05	1.102299e-04	1.376997e-04	1.692252e-04	2.049249e-04
	2.448712e-04	2.890951e-04	3.375909e-04	3.903211e-04	4.472215e-04
	5.082055e-04	5.731690e-04	6.419937e-04	7.145520e-04	7.907118e-04
	8.703425e-04	9.533247e-04	1.039561e-03	1.128967e-03	1.221399e-03
	1.316555e-03	1.413916e-03	1.512795e-03	1.612537e-03	1.712767e-03
	1.813565e-03	1.915487e-03	2.019361e-03	2.126003e-03	2.235875e-03
	2.348715e-03	2.463461e-03	2.578843e-03	2.694226e-03	2.809634e-03
	2.925132e-03	3.040707e-03	3.155838e-03	3.269595e-03	3.380710e-03
	3.487617e-03	3.588415e-03	3.680693e-03	3.761561e-03	3.827926e-03
	3.876607e-03	3.904532e-03	3.909076e-03	3.888484e-03	3.842279e-03
	3.771314e-03	3.677400e-03	3.562821e-03	3.429995e-03	3.281254e-03
	3.118701e-03	2.944215e-03	2.759740e-03	2.567774e-03	2.371712e-03
	2.175603e-03	1.983287e-03	1.798224e-03	1.623721e-03	1.462111e-03
	1.314103e-03	1.178975e-03	1.055304e-03	9.416924e-04	8.370133e-04
	7.405079e-04	6.517613e-04	5.705000e-04	4.964237e-04	4.292204e-04
	3.686190e-04	3.143500e-04	2.660760e-04	2.233770e-04	1.857893e-04
	1.528418e-04	1.240503e-04	9.897581e-05	7.733216e-05	5.898850e-05
	4.389348e-05	3.192491e-05	2.276106e-05	1.593674e-05	1.097937e-05
	7.462932e-06	5.011229e-06	3.317337e-06	2.155090e-06	1.365892e-06
	8.377613e-07	4.913177e-07	2.719470e-07	1.405954e-07	6.733866e-08
	2.975977e-08	1.221289e-08	4.754945e-09	1.819385e-09	7.126624e-10
	2.962129e-10	1.338169e-10	6.638955e-11	3.614965e-11	2.145257e-11
	1.371414e-11	9.292585e-12	6.549185e-12	4.711155e-12	3.403503e-12
	2.440869e-12	1.723062e-12	1.186713e-12	7.895985e-13	5.041248e-13
	3.091163e-13	1.835021e-13	1.064450e-13	6.058676e-14	3.375297e-14
	1.828494e-14	9.532433e-15	4.687650e-15	2.072337e-15	7.005190e-16
	1.000000e-60
massfraction-C2H
	1.000000e-60	1.828466e-29	1.098649e-28	3.474345e-28	8.812238e-28
	1.987193e-27	4.210406e-27	8.659528e-27	1.769890e-26	3.675026e-26
	7.871282e-26	1.760018e-25	4.142312e-25	1.029568e-24	2.701956e-24
	7.453210e-24	2.145267e-23	6.381936e-23	1.941574e-22	5.975808e-22
	1.841784e-21	5.632565e-21	1.696028e-20	4.997095e-20	1.433917e-19
	3.994367e-19	1.078118e-18	2.817632e-18	7.131277e-18	1.748142e-17
	4.147803e-17	9.508919e-17	2.101928e-16	4.476243e-16	9.199370e-16
	1.833312e-15	3.568637e-15	6.839554e-15	1.299716e-14	2.459473e-14
	4.635378e-14	8.669470e-14	1.602651e-13	2.927564e-13	5.302751e-13
	9.564437e-13	1.723286e-12	3.106661e-12	5.605418e-12	1.011703e-11
	1.824807e-11	3.285656e-11	5.894237e-11	1.050608e-10	1.856402e-10
	3.246231e-10	5.610783e-10	9.578082e-10	1.613701e-09	2.680380e-09
	4.382222e-09	7.037221e-09	1.107486e-08	1.704858e-08	2.564780e-08
	3.771726e-08	5.428268e-08	7.655463e-08	1.058603e-07	1.434783e-07
	1.904412e-07	2.474625e-07	3.147900e-07	3.919006e-07	4.776581e-07
	5.708511e-07	6.706575e-07	7.767262e-07	8.888950e-07	1.006972e-06
	1.130484e-06	1.258468e-06	1.389530e-06	1.522008e-06	1.653942e-06
	1.782944e-06	1.906248e-06	2.020915e-06	2.123950e-06	2.212261e-06
	2.282547e-06	2.331170e-06	2.353735e-06	2.344769e-06	2.298364e-06
	2.210179e-06	2.080103e-06	1.913024e-06	1.717369e-06	1.504134e-06
	1.285730e-06	1.072974e-06	8.731912e-07	6.909684e-07	5.293444e-07
	3.899871e-07	2.733757e-07	1.798959e-07	1.096109e-07	6.095823e-08
	3.052995e-08	1.367977e-08	5.523984e-09	2.059270e-09	7.347296e-10
	2.604822e-10	9.444827e-11	3.551971e-11	1.383132e-11	5.495746e-12
	2.164852e-12	8.052010e-13	2.649702e-13	7.278980e-14	1.644841e-14
	3.205133e-15	5.826649e-16	1.049864e-16	1.941834e-17	3.842878e-18
	8.650738e-19	2.334604e-19	7.643770e-20	2.947148e-20	1.272114e-20
	5.820803e-21	2.664710e-21	1.132856e-21	3.926290e-22	7.751604e-23
	1.000000e-60
massfraction-C2H2
	1.000000e-60	6.747984e-06	1.642964e-05	2.988420e-05	4.799761e-05
	7.173073e-05	1.020767e-04	1.399848e-04	1.863196e-04	2.418394e-04
	3.071722e-04	3.828000e-04	4.690675e-04	5.661886e-04	6.742594e-04
	7.932736e-04	9.231395e-04	1.063695e-03	1.214722e-03	1.375960e-03
	1.547114e-03	1.727866e-03	1.917884e-03	2.116827e-03	2.324363e-03
	2.540177e-03	2.763997e-03	2.995620e-03	3.234887e-03	3.481488e-03
	3.734713e-03	3.993275e-03	4.255467e-03	4.519682e-03	4.785053e-03
	5.051930e-03	5.321926e-03	5.597394e-03	5.880696e-03	6.173313e-03
	6.474867e-03	6.782915e-03	7.094490e-03	7.408388e-03	7.725295e-03
	8.046191e-03	8.372109e-03	8.702997e-03	9.038039e-03	9.375916e-03
	9.715013e-03	1.005343e-02	1.038850e-02	1.071673e-02	1.103456e-02
	1.133845e-02	1.162494e-02	1.189081e-02	1.213329e-02	1.235050e-02
	1.254182e-02	1.270785e-02	1.284983e-02	1.296904e-02	1.306646e-02
	1.314256e-02	1.319716e-02	1.322929e-02	1.323730e-02	1.321927e-02
	1.317362e-02	1.309943e-02	1.299668e-02	1.286670e-02	1.271201e-02
	1.253522e-02	1.233795e-02	1.212050e-02	1.188231e-02	1.162236e-02
	1.133964e-02	1.103369e-02	1.070447e-02	1.035200e-02	9.976408e-03
	9.578341e-03	9.158976e-03	8.719570e-03	8.260995e-03	7.783586e-03
	7.287061e-03	6.769836e-03	6.229312e-03	5.664548e-03	5.079231e-03
	4.484297e-03	3.897047e-03	3.334675e-03	2.809844e-03	2.332135e-03
	1.908493e-03	1.540582e-03	1.225067e-03	9.568563e-04	7.311568e-04
	5.434442e-04	3.894342e-04	2.662489e-04	1.719728e-04	1.039694e-04
	5.840439e-05	3.048156e-05	1.496822e-05	7.103190e-06	3.374810e-06
	1.661649e-06	8.699496e-07	4.908936e-07	2.993798e-07	1.965274e-07
	1.375421e-07	1.010330e-07	7.633619e-08	5.813863e-08	4.398104e-08
	3.279630e-08	2.399955e-08	1.713050e-08	1.183110e-08	7.860092e-09
	5.027960e-09	3.119934e-09	1.893953e-09	1.128798e-09	6.586804e-10
	3.737458e-10	2.039674e-10	1.048495e-10	4.832794e-11	1.696397e-11
	1.000000e-60
massfraction-CHCO
	1.000000e-60	2.664946e-06	6.157449e-06	1.060844e-05	1.612946e-05
	2.282804e-05	3.079930e-05	4.011279e-05	5.081168e-05	6.291643e-05
	7.642598e-05	9.132022e-05	1.075654e-04	1.251176e-04	1.439260e-04
	1.639360e-04	1.850909e-04	2.073342e-04	2.306102e-04	2.548650e-04
	2.800465e-04	3.061055e-04	3.329952e-04	3.606719e-04	3.890957e-04
	4.182321e-04	4.480536e-04	4.785437e-04	5.096915e-04	5.414679e-04
	5.737933e-04	6.065188e-04	6.394465e-04	6.723960e-04	7.052811e-04
	7.381659e-04	7.712661e-04	8.048824e-04	8.393119e-04	8.747413e-04
	9.111329e-04	9.482029e-04	9.856092e-04	1.023227e-03	1.061155e-03
	1.099525e-03	1.138482e-03	1.178043e-03	1.218133e-03	1.258620e-03
	1.299340e-03	1.340094e-03	1.380592e-03	1.420444e-03	1.459249e-03
	1.496605e-03	1.532115e-03	1.565412e-03	1.596178e-03	1.624206e-03
	1.649452e-03	1.672028e-03	1.692144e-03	1.710027e-03	1.725883e-03
	1.739869e-03	1.752074e-03	1.762496e-03	1.771031e-03	1.777492e-03
	1.781670e-03	1.783383e-03	1.782506e-03	1.778997e-03	1.772929e-03
	1.764432e-03	1.753608e-03	1.740471e-03	1.724956e-03	1.706930e-03
	1.686235e-03	1.662724e-03	1.636263e-03	1.606703e-03	1.573882e-03
	1.537658e-03	1.497918e-03	1.454535e-03	1.407319e-03	1.355984e-03
	1.300120e-03	1.239080e-03	1.171961e-03	1.097885e-03	1.016442e-03
	9.282510e-04	8.352117e-04	7.398316e-04	6.445547e-04	5.518968e-04
	4.644087e-04	3.839123e-04	3.112006e-04	2.465074e-04	1.899176e-04
	1.413610e-04	1.006106e-04	6.761122e-05	4.236857e-05	2.445703e-05
	1.287359e-05	6.167045e-06	2.722541e-06	1.139671e-06	4.701061e-07
	1.984825e-07	8.828333e-08	4.202069e-08	2.148713e-08	1.177006e-08
	6.856391e-09	4.192858e-09	2.639591e-09	1.669981e-09	1.040182e-09
	6.323286e-10	3.751947e-10	2.173663e-10	1.229054e-10	6.818690e-11
	3.766256e-11	2.108597e-11	1.210711e-11	7.132952e-12	4.274583e-12
	2.570278e-12	1.522334e-12	8.627375e-13	4.415218e-13	1.717876e-13
	1.000000e-60
massfraction-C3H3
	1.000000e-60	1.000000e-60	1.000000e-60	1.000000e-60	1.000000e-60
	1.000000e-60	1.000000e-60	1.000000e-60	1.394131e-27	3.126971e-27
	1.000000e-60	1.000000e-60	9.338099e-27	4.887685e-27	1.659091e-26
	2.074596e-26	1.446248e-26	1.000000e-60	1.000000e-60	5.574195e-27
	1.176367e-25	2.633950e-25	8.595300e-25	3.068091e-24	1.087144e-23
	3.630183e-23	1.162414e-22	3.577642e-22	1.060251e-21	3.027483e-21
	8.329978e-21	2.207355e-20	5.628513e-20	1.381678e-19	3.275246e-19
	7.545370e-19	1.705126e-18	3.820238e-18	8.574706e-18	1.945487e-17
	4.490611e-17	1.059291e-16	2.568700e-16	6.466553e-16	1.708263e-15
	4.752808e-15	1.385321e-14	4.174497e-14	1.279046e-13	3.922158e-13
	1.188469e-12	3.525484e-12	1.016104e-11	2.827819e-11	7.575546e-11
	1.953521e-10	4.859774e-10	1.169728e-09	2.726862e-09	6.141282e-09
	1.329066e-08	2.748427e-08	5.411012e-08	1.013198e-07	1.807082e-07
	3.080084e-07	5.037845e-07	7.937052e-07	1.207396e-06	1.774958e-06
	2.521874e-06	3.465509e-06	4.610962e-06	5.944959e-06	7.438863e-06
	9.059743e-06	1.078022e-05	1.258054e-05	1.444342e-05	1.635002e-05
	1.827557e-05	2.018669e-05	2.204331e-05	2.380217e-05	2.541713e-05
	2.683872e-05	2.801667e-05	2.890364e-05	2.945688e-05	2.963768e-05
	2.941014e-05	2.873867e-05	2.758511e-05	2.591630e-05	2.372763e-05
	2.107825e-05	1.811119e-05	1.502130e-05	1.200380e-05	9.230935e-06
	6.831493e-06	4.863409e-06	3.319449e-06	2.157791e-06	1.323244e-06
	7.548377e-07	3.918987e-07	1.801462e-07	7.122178e-08	2.349167e-08
	6.286316e-09	1.346675e-09	2.341594e-10	3.455401e-11	4.618190e-12
	5.981727e-13	7.949261e-14	1.125138e-14	1.702826e-15	2.648504e-16
	3.928591e-17	5.071901e-18	5.209131e-19	3.983761e-20	2.230130e-21
	9.501765e-23	3.278029e-24	9.648898e-26	2.624576e-27	7.976199e-29
	3.407708e-30	2.157107e-31	1.854463e-32	1.958995e-33	2.318885e-34
	2.827200e-35	3.222331e-36	3.156365e-37	1.940157e-38	5.426652e-40
	1.000000e-60
massfraction-C2H3
	1.000000e-60	1.535186e-18	3.385336e-18	5.613590e-18	8.349921e-18
	1.183262e-17	1.650049e-17	2.316068e-17	3.332554e-17	4.991371e-17
	7.876936e-17	1.320817e-16	2.363344e-16	4.512532e-16	9.158828e-16
	1.962060e-15	4.394996e-15	1.018347e-14	2.413270e-14	5.784137e-14
	1.387514e-13	3.299793e-13	7.715929e-13	1.761516e-12	3.903570e-12
	8.358423e-12	1.723565e-11	3.415943e-11	6.502140e-11	1.188773e-10
	2.088389e-10	3.527088e-10	5.732205e-10	8.982627e-10	1.362018e-09
	2.008272e-09	2.896537e-09	4.110267e-09	5.766463e-09	8.024221e-09
	1.108660e-08	1.519524e-08	2.063741e-08	2.778990e-08	3.718204e-08
	4.953828e-08	6.582448e-08	8.729255e-08	1.155554e-07	1.527202e-07
	2.016310e-07	2.662876e-07	3.524383e-07	4.685541e-07	6.276516e-07
	8.500232e-07	1.167182e-06	1.627001e-06	2.298355e-06	3.272746e-06
	4.660706e-06	6.583583e-06	9.162912e-06	1.250954e-05	1.671611e-05
	2.185400e-05	2.797073e-05	3.507792e-05	4.312506e-05	5.197165e-05
	6.138485e-05	7.108077e-05	8.074777e-05	9.005431e-05	9.871617e-05
	1.065540e-04	1.134926e-04	1.195159e-04	1.246195e-04	1.287913e-04
	1.320057e-04	1.342294e-04	1.354349e-04	1.356076e-04	1.347463e-04
	1.328651e-04	1.299976e-04	1.261944e-04	1.215150e-04	1.160200e-04
	1.097659e-04	1.027916e-04	9.511965e-05	8.679542e-05	7.793860e-05
	6.878794e-05	5.968373e-05	5.095442e-05	4.283664e-05	3.549548e-05
	2.903573e-05	2.346938e-05	1.872851e-05	1.471972e-05	1.135685e-05
	8.560891e-06	6.259365e-06	4.403289e-06	2.961041e-06	1.894278e-06
	1.151062e-06	6.682844e-07	3.766421e-07	2.107706e-07	1.194938e-07
	6.927476e-08	4.095650e-08	2.444481e-08	1.455343e-08	8.549599e-09
	4.885002e-09	2.634868e-09	1.276833e-09	5.280697e-10	1.815308e-10
	5.213905e-11	1.292135e-11	2.999459e-12	7.578950e-13	2.294611e-13
	7.854528e-14	2.809976e-14	1.017222e-14	3.667957e-15	1.294168e-15
	4.375249e-16	1.379967e-16	3.882615e-17	8.821364e-18	1.178435e-18
	1.000000e-60
massfraction-C2H4
	1.000000e-60	6.851342e-06	1.687662e-05	3.107340e-05	5.052940e-05
	7.645114e-05	1.101161e-04	1.527830e-04	2.056350e-04	2.697446e-04
	3.460336e-04	4.352449e-04	5.379427e-04	6.545142e-04	7.851798e-04
	9.300102e-04	1.088945e-03	1.261815e-03	1.448358e-03	1.648241e-03
	1.861074e-03	2.086425e-03	2.323835e-03	2.572831e-03	2.832944e-03
	3.103728e-03	3.384786e-03	3.675817e-03	3.976570e-03	4.286612e-03
	4.605005e-03	4.930093e-03	5.259693e-03	5.591758e-03	5.925170e-03
	6.260351e-03	6.599308e-03	6.944975e-03	7.300290e-03	7.667082e-03
	8.044845e-03	8.430482e-03	8.820244e-03	9.212589e-03	9.608317e-03
	1.000858e-02	1.041455e-02	1.082601e-02	1.124170e-02	1.165968e-02
	1.207750e-02	1.249217e-02	1.289948e-02	1.329394e-02	1.366959e-02
	1.402010e-02	1.433883e-02	1.461909e-02	1.485453e-02	1.503984e-02
	1.517127e-02	1.524654e-02	1.526414e-02	1.522281e-02	1.512120e-02
	1.495775e-02	1.473057e-02	1.443789e-02	1.407927e-02	1.365735e-02
	1.317862e-02	1.265223e-02	1.208955e-02	1.150479e-02	1.091211e-02
	1.032179e-02	9.738731e-03	9.163768e-03	8.596307e-03	8.035657e-03
	7.482038e-03	6.937053e-03	6.402996e-03	5.881958e-03	5.375904e-03
	4.887108e-03	4.417943e-03	3.970264e-03	3.545058e-03	3.142576e-03
	2.762522e-03	2.403834e-03	2.065261e-03	1.747024e-03	1.451674e-03
	1.183958e-03	9.488916e-04	7.487185e-04	5.823431e-04	4.470579e-04
	3.394020e-04	2.550521e-04	1.894306e-04	1.385780e-04	9.940589e-05
	6.948310e-05	4.688072e-05	3.020902e-05	1.842208e-05	1.054739e-05
	5.640597e-06	2.826325e-06	1.348776e-06	6.314178e-07	3.004036e-07
	1.497044e-07	7.954483e-08	4.526487e-08	2.746691e-08	1.765155e-08
	1.193195e-08	8.416667e-09	6.131542e-09	4.552527e-09	3.394819e-09
	2.511653e-09	1.827705e-09	1.297241e-09	8.898608e-10	5.862058e-10
	3.711810e-10	2.276553e-10	1.364583e-10	8.025552e-11	4.619585e-11
	2.585280e-11	1.391661e-11	7.059101e-12	3.213066e-12	1.115074e-12
	1.000000e-60
massfraction-C2H5
	1.000000e-60	4.274874e-11	1.065131e-10	1.984910e-10	3.267791e-10
	5.005768e-10	7.298845e-10	1.024887e-09	1.395523e-09	1.851195e-09
	2.400442e-09	3.050704e-09	3.808301e-09	4.678466e-09	5.665467e-09
	6.772840e-09	8.003697e-09	9.361115e-09	1.084861e-08	1.247070e-08
	1.423359e-08	1.614595e-08	1.821980e-08	2.047158e-08	2.292338e-08
	2.560432e-08	2.855232e-08	3.181623e-08	3.545752e-08	3.954956e-08
	4.417392e-08	4.941501e-08	5.535727e-08	6.209141e-08	6.973093e-08
	7.843884e-08	8.845635e-08	1.001211e-07	1.138740e-07	1.302427e-07
	1.497810e-07	1.729949e-07	2.003675e-07	2.325320e-07	2.704085e-07
	3.151721e-07	3.682330e-07	4.311907e-07	5.059151e-07	5.947751e-07
	7.010905e-07	8.298736e-07	9.887630e-07	1.189403e-06	1.449696e-06
	1.796448e-06	2.268341e-06	2.918604e-06	3.814770e-06	5.033359e-06
	6.649240e-06	8.722979e-06	1.128959e-05	1.435069e-05	1.787264e-05
	2.178971e-05	2.600768e-05	3.040190e-05	3.481231e-05	3.904741e-05
	4.290836e-05	4.622664e-05	4.888071e-05	5.080244e-05	5.199021e-05
	5.249803e-05	5.240490e-05	5.178774e-05	5.071121e-05	4.922892e-05
	4.738927e-05	4.524193e-05	4.283918e-05	4.023273e-05	3.747335e-05
	3.461280e-05	3.170275e-05	2.879017e-05	2.591387e-05	2.310420e-05
	2.038395e-05	1.776658e-05	1.526066e-05	1.288286e-05	1.066513e-05
	8.653643e-06	6.893262e-06	5.403958e-06	4.177158e-06	3.190010e-06
	2.413097e-06	1.810873e-06	1.346883e-06	9.901865e-07	7.169495e-07
	5.086953e-07	3.510167e-07	2.336714e-07	1.491739e-07	9.091726e-08
	5.279548e-08	2.933272e-08	1.579815e-08	8.421697e-09	4.545039e-09
	2.526123e-09	1.457199e-09	8.713099e-10	5.362068e-10	3.366836e-10
	2.137527e-10	1.352499e-10	8.250067e-11	4.583177e-11	2.235539e-11
	9.817427e-12	4.119694e-12	1.740786e-12	7.604663e-13	3.442261e-13
	1.601574e-13	7.603035e-14	3.662676e-14	1.777520e-14	8.602391e-15
	4.108433e-15	1.915177e-15	8.561084e-16	3.514207e-16	1.133616e-16
	1.000000e-60
massfraction-C3H4
	1.000000e-60	3.607453e-08	9.358259e-08	1.820013e-07	3.130309e-07
	5.009796e-07	7.626063e-07	1.116448e-06	1.582156e-06	2.179865e-06
	2.929412e-06	3.849585e-06	4.957643e-06	6.268883e-06	7.796363e-06
	9.550773e-06	1.154041e-05	1.377127e-05	1.624711e-05	1.896970e-05
	2.193895e-05	2.515315e-05	2.860921e-05	3.230287e-05	3.622903e-05
	4.038217e-05	4.475687e-05	4.934856e-05	5.415299e-05	5.916259e-05
	6.436093e-05	6.971901e-05	7.519792e-05	8.075999e-05	8.638250e-05
	9.206870e-05	9.784933e-05	1.037718e-04	1.098844e-04	1.162168e-04
	1.227581e-04	1.294521e-04	1.362303e-04	1.430621e-04	1.499582e-04
	1.569360e-04	1.640128e-04	1.711821e-04	1.784206e-04	1.856940e-04
	1.929614e-04	2.001763e-04	2.072762e-04	2.141824e-04	2.208166e-04
	2.271033e-04	2.329704e-04	2.383533e-04	2.431980e-04	2.474709e-04
	2.511657e-04	2.543013e-04	2.569103e-04	2.590269e-04	2.606802e-04
	2.618900e-04	2.626644e-04	2.629986e-04	2.628773e-04	2.622836e-04
	2.612088e-04	2.596566e-04	2.576449e-04	2.552135e-04	2.524176e-04
	2.493086e-04	2.459170e-04	2.422495e-04	2.382981e-04	2.340471e-04
	2.294816e-04	2.245943e-04	2.193836e-04	2.138472e-04	2.079824e-04
	2.017926e-04	1.952869e-04	1.884732e-04	1.813505e-04	1.739066e-04
	1.661159e-04	1.579271e-04	1.492649e-04	1.400690e-04	1.303414e-04
	1.201950e-04	1.098555e-04	9.956715e-05	8.952237e-05	7.988828e-05
	7.081828e-05	6.239198e-05	5.459768e-05	4.738327e-05	4.069807e-05
	3.449053e-05	2.870382e-05	2.332486e-05	1.840488e-05	1.401979e-05
	1.024917e-05	7.164181e-06	4.794098e-06	3.094425e-06	1.950260e-06
	1.215762e-06	7.569324e-07	4.726379e-07	2.956604e-07	1.847014e-07
	1.149726e-07	7.132830e-08	4.426018e-08	2.760767e-08	1.734791e-08
	1.094771e-08	6.882642e-09	4.259003e-09	2.559925e-09	1.481477e-09
	8.258714e-10	4.472254e-10	2.375059e-10	1.241712e-10	6.370760e-11
	3.185581e-11	1.536779e-11	7.017747e-12	2.895987e-12	9.206956e-13
	1.000000e-60
massfraction-C3H5
	1.000000e-60	1.303527e-08	3.407201e-08	6.680007e-08	1.158489e-07
	1.869568e-07	2.869360e-07	4.234305e-07	6.046608e-07	8.391680e-07
	1.135488e-06	1.501828e-06	1.945844e-06	2.474434e-06	3.093602e-06
	3.808370e-06	4.622756e-06	5.539776e-06	6.561487e-06	7.689047e-06
	8.922789e-06	1.026230e-05	1.170654e-05	1.325390e-05	1.490239e-05
	1.664978e-05	1.849383e-05	2.043265e-05	2.246443e-05	2.458593e-05
	2.679014e-05	2.906465e-05	3.139279e-05	3.375835e-05	3.615148e-05
	3.857334e-05	4.103686e-05	4.356209e-05	4.616951e-05	4.887165e-05
	5.166374e-05	5.452159e-05	5.741576e-05	6.033296e-05	6.327746e-05
	6.625657e-05	6.927720e-05	7.233630e-05	7.542345e-05	7.852343e-05
	8.161815e-05	8.468687e-05	8.770187e-05	9.062841e-05	9.343189e-05
	9.607907e-05	9.853882e-05	1.007841e-04	1.027933e-04	1.045530e-04
	1.060591e-04	1.073142e-04	1.083213e-04	1.090790e-04	1.095789e-04
	1.098053e-04	1.097345e-04	1.093360e-04	1.085772e-04	1.074323e-04
	1.058918e-04	1.039649e-04	1.016805e-04	9.909306e-05	9.627161e-05
	9.327819e-05	9.015304e-05	8.691462e-05	8.357067e-05	8.012544e-05
	7.658653e-05	7.296955e-05	6.929497e-05	6.558255e-05	6.185174e-05
	5.812493e-05	5.442628e-05	5.077679e-05	4.719088e-05	4.367638e-05
	4.023527e-05	3.686051e-05	3.353984e-05	3.027183e-05	2.707774e-05
	2.400687e-05	2.112360e-05	1.847490e-05	1.607751e-05	1.393339e-05
	1.203766e-05	1.037077e-05	8.900303e-06	7.593138e-06	6.422552e-06
	5.366370e-06	4.405223e-06	3.529729e-06	2.742634e-06	2.051758e-06
	1.466471e-06	9.954964e-07	6.411389e-07	3.939647e-07	2.335593e-07
	1.352976e-07	7.736538e-08	4.389219e-08	2.472578e-08	1.384991e-08
	7.774305e-09	4.447751e-09	2.651196e-09	1.666451e-09	1.093203e-09
	7.301839e-10	4.848083e-10	3.140374e-10	1.955766e-10	1.161112e-10
	6.578754e-11	3.591400e-11	1.910086e-11	9.951170e-12	5.069066e-12
	2.509952e-12	1.196924e-12	5.398005e-13	2.199849e-13	6.912840e-14
	1.000000e-60
massfraction-C3H6
	1.000000e-60	8.820528e-08	2.327219e-07	4.608490e-07	8.075125e-07
	1.316725e-06	2.041602e-06	3.042790e-06	4.386642e-06	6.143268e-06
	8.383938e-06	1.117842e-05	1.459296e-05	1.868843e-05	2.351894e-05
	2.913090e-05	3.556257e-05	4.284395e-05	5.099685e-05	6.003537e-05
	6.996631e-05	8.078989e-05	9.250041e-05	1.050872e-04	1.185356e-04
	1.328286e-04	1.479485e-04	1.638798e-04	1.806075e-04	1.981043e-04
	2.163110e-04	2.351234e-04	2.544012e-04	2.740071e-04	2.938560e-04
	3.139543e-04	3.344056e-04	3.553730e-04	3.770226e-04	3.994539e-04
	4.226216e-04	4.463189e-04	4.702953e-04	4.944341e-04	5.187638e-04
	5.433370e-04	5.682005e-04	5.933151e-04	6.185761e-04	6.438317e-04
	6.688960e-04	6.935462e-04	7.174828e-04	7.403240e-04	7.616577e-04
	7.810456e-04	7.980271e-04	8.121402e-04	8.229500e-04	8.300976e-04
	8.333334e-04	8.325059e-04	8.275239e-04	8.183283e-04	8.048804e-04
	7.871527e-04	7.651296e-04	7.388466e-04	7.084877e-04	6.744932e-04
	6.375807e-04	5.986092e-04	5.585231e-04	5.183771e-04	4.791175e-04
	4.413488e-04	4.052890e-04	3.709010e-04	3.380779e-04	3.067262e-04
	2.768161e-04	2.483960e-04	2.215437e-04	1.963168e-04	1.727572e-04
	1.509110e-04	1.308159e-04	1.124748e-04	9.584682e-05	8.085959e-05
	6.742200e-05	5.542188e-05	4.475077e-05	3.535348e-05	2.723587e-05
	2.043665e-05	1.495980e-05	1.070978e-05	7.510798e-06	5.168923e-06
	3.500002e-06	2.334652e-06	1.530814e-06	9.819288e-07	6.122923e-07
	3.679166e-07	2.102659e-07	1.126453e-07	5.588505e-08	2.541071e-08
	1.051986e-08	3.979941e-09	1.403488e-09	4.784688e-10	1.653553e-10
	6.089701e-11	2.503195e-11	1.197352e-11	6.948974e-12	5.044477e-12
	4.420363e-12	4.220644e-12	4.024492e-12	3.630385e-12	3.005912e-12
	2.282780e-12	1.615348e-12	1.077901e-12	6.799400e-13	4.050801e-13
	2.288348e-13	1.239218e-13	6.513100e-14	3.344533e-14	1.676486e-14
	8.160742e-15	3.824304e-15	1.695184e-15	6.795651e-16	2.103962e-16
	1.000000e-60
massfraction-N-C3H7
	1.000000e-60	2.153230e-11	5.689537e-11	1.128461e-10	1.980552e-10
	3.234774e-10	5.023665e-10	7.498957e-10	1.082709e-09	1.518437e-09
	2.075047e-09	2.770169e-09	3.620587e-09	4.641757e-09	5.847445e-09
	7.249478e-09	8.857603e-09	1.067942e-08	1.272036e-08	1.498369e-08
	1.747052e-08	2.017968e-08	2.310751e-08	2.624735e-08	2.958871e-08
	3.311568e-08	3.680439e-08	4.061879e-08	4.450266e-08	4.836552e-08
	5.206423e-08	5.538682e-08	5.804929e-08	5.971440e-08	6.003144e-08
	5.869212e-08	5.550259e-08	5.048805e-08	4.402423e-08	3.690515e-08
	3.016976e-08	2.463063e-08	2.049506e-08	1.750468e-08	1.531500e-08
	1.368013e-08	1.245378e-08	1.154596e-08	1.089871e-08	1.047529e-08
	1.025366e-08	1.022385e-08	1.038863e-08	1.076512e-08	1.138961e-08
	1.232598e-08	1.367524e-08	1.558082e-08	1.821816e-08	2.176073e-08
	2.633025e-08	3.195473e-08	3.855146e-08	4.593469e-08	5.384218e-08
	6.196788e-08	6.998647e-08	7.756174e-08	8.435137e-08	9.003136e-08
	9.434618e-08	9.715687e-08	9.844520e-08	9.830550e-08	9.692810e-08
	9.454547e-08	9.137259e-08	8.757815e-08	8.329028e-08	7.861043e-08
	7.362915e-08	6.843778e-08	6.312666e-08	5.777754e-08	5.246409e-08
	4.725656e-08	4.221956e-08	3.740529e-08	3.284977e-08	2.857483e-08
	2.459106e-08	2.089688e-08	1.748586e-08	1.436400e-08	1.155607e-08
	9.100526e-09	7.028364e-09	5.337307e-09	3.992910e-09	2.948322e-09
	2.154018e-09	1.558917e-09	1.115825e-09	7.869614e-10	5.442236e-10
	3.665463e-10	2.380424e-10	1.474217e-10	8.626843e-11	4.733459e-11
	2.424627e-11	1.164727e-11	5.344644e-12	2.420332e-12	1.127011e-12
	5.626830e-13	3.130697e-13	2.017078e-13	1.582652e-13	1.627914e-13
	2.363908e-13	4.952789e-13	1.106595e-12	1.478507e-12	1.293818e-12
	9.499610e-13	6.472006e-13	4.200313e-13	2.596394e-13	1.522492e-13
	8.493095e-14	4.555066e-14	2.376868e-14	1.213912e-14	6.058521e-15
	2.938293e-15	1.372434e-15	6.065474e-16	2.425127e-16	7.491809e-17
	1.000000e-60
massfraction-I-C3H7
	1.000000e-60	1.317239e-10	3.480592e-10	6.903505e-10	1.211669e-09
	1.979098e-09	3.073858e-09	4.589033e-09	6.626903e-09	9.296073e-09
	1.270765e-08	1.697130e-08	2.219242e-08	2.846956e-08	3.589278e-08
	4.454290e-08	5.449177e-08	6.580343e-08	7.853614e-08	9.274543e-08
	1.084878e-07	1.258256e-07	1.448322e-07	1.655981e-07	1.882377e-07
	2.128962e-07	2.397570e-07	2.690491e-07	3.010434e-07	3.360211e-07
	3.742102e-07	4.157058e-07	4.604129e-07	5.080485e-07	5.581830e-07
	6.102692e-07	6.635512e-07	7.167479e-07	7.675430e-07	8.119777e-07
	8.441235e-07	8.568303e-07	8.439036e-07	8.026068e-07	7.352737e-07
	6.500209e-07	5.594062e-07	4.760409e-07	4.075900e-07	3.553137e-07
	3.167568e-07	2.889417e-07	2.697313e-07	2.578747e-07	2.528161e-07
	2.546589e-07	2.641671e-07	2.826850e-07	3.118288e-07	3.528869e-07
	4.061386e-07	4.704511e-07	5.433107e-07	6.211710e-07	6.999571e-07
	7.755435e-07	8.440638e-07	9.020322e-07	9.464585e-07	9.751537e-07
	9.871523e-07	9.828959e-07	9.640222e-07	9.331229e-07	8.932889e-07
	8.474219e-07	7.977500e-07	7.457772e-07	6.925336e-07	6.387829e-07
	5.851922e-07	5.324280e-07	4.811121e-07	4.317474e-07	3.847346e-07
	3.404210e-07	2.990852e-07	2.608908e-07	2.258722e-07	1.939649e-07
	1.650378e-07	1.388924e-07	1.153196e-07	9.421247e-08	7.559657e-08
	5.958543e-08	4.624560e-08	3.544708e-08	2.688699e-08	2.021812e-08
	1.510468e-08	1.122015e-08	8.271955e-09	6.030049e-09	4.325904e-09
	3.034489e-09	2.062025e-09	1.343534e-09	8.321311e-10	4.863846e-10
	2.672560e-10	1.387289e-10	6.930028e-11	3.440099e-11	1.765537e-11
	9.738826e-12	5.965421e-12	4.162916e-12	3.358395e-12	3.007802e-12
	2.538862e-12	1.730684e-12	9.696013e-13	4.900860e-13	2.411438e-13
	1.208238e-13	6.273980e-14	3.354685e-14	1.808155e-14	9.605167e-15
	4.964748e-15	2.495511e-15	1.226419e-15	5.909213e-16	2.783451e-16
	1.274583e-16	5.630887e-17	2.364271e-17	9.058873e-18	2.719386e-18
	1.000000e-60
massfraction-C3H8
	1.000000e+00	9.990430e-01	9.977590e-01	9.960835e-01	9.939558e-01
	9.913144e-01	9.881002e-01	9.842632e-01	9.797635e-01	9.745709e-01
	9.686654e-01	9.620366e-01	9.546819e-01	9.466054e-01	9.378163e-01
	9.283278e-01	9.181561e-01	9.073192e-01	8.958369e-01	8.837296e-01
	8.710185e-01	8.577246e-01	8.438694e-01	8.294736e-01	8.145571e-01
	7.991379e-01	7.832309e-01	7.668457e-01	7.499892e-01	7.326788e-01
	7.149599e-01	6.969175e-01	6.786657e-01	6.603107e-01	6.419076e-01
	6.234271e-01	6.047535e-01	5.857207e-01	5.661628e-01	5.459747e-01
	5.251796e-01	5.039426e-01	4.824646e-01	4.608395e-01	4.390149e-01
	4.168774e-01	3.943800e-01	3.715217e-01	3.483540e-01	3.249632e-01
	3.014560e-01	2.779591e-01	2.546530e-01	2.317759e-01	2.095715e-01
	1.882810e-01	1.681403e-01	1.493637e-01	1.321309e-01	1.165515e-01
	1.026357e-01	9.029707e-02	7.938839e-02	6.974254e-02	6.119490e-02
	5.359408e-02	4.680927e-02	4.073851e-02	3.531332e-02	3.049298e-02
	2.624816e-02	2.254187e-02	1.933269e-02	1.658237e-02	1.424515e-02
	1.226377e-02	1.057651e-02	9.127068e-03	7.870856e-03	6.774370e-03
	5.813456e-03	4.970967e-03	4.233501e-03	3.589248e-03	3.027828e-03
	2.540474e-03	2.119465e-03	1.757458e-03	1.447330e-03	1.182423e-03
	9.567121e-04	7.646777e-04	6.016072e-04	4.641601e-04	3.502229e-04
	2.583280e-04	1.867232e-04	1.326705e-04	9.284297e-05	6.411077e-05
	4.379483e-05	2.962462e-05	1.979749e-05	1.300797e-05	8.351875e-06
	5.196079e-06	3.093639e-06	1.738195e-06	9.104305e-07	4.395488e-07
	1.938981e-07	7.814236e-08	2.918026e-08	1.039235e-08	3.662730e-09
	1.323188e-09	5.028424e-10	2.038789e-10	8.863628e-11	4.139740e-11
	2.080141e-11	1.123387e-11	6.481554e-12	3.944502e-12	2.484941e-12
	1.588260e-12	1.011655e-12	6.317096e-13	3.808843e-13	2.195652e-13
	1.210151e-13	6.434069e-14	3.335641e-14	1.695042e-14	8.425581e-15
	4.072443e-15	1.896643e-15	8.360998e-16	3.335603e-16	1.028542e-16
	1.000000e-60
V [kg/(s*m^2)]
	4.697151e-01	4.498813e-01	4.302637e-01	4.111234e-01	3.926463e-01
	3.748967e-01	3.578886e-01	3.416249e-01	3.260954e-01	3.112752e-01
	2.971304e-01	2.836216e-01	2.707048e-01	2.583340e-01	2.464630e-01
	2.350470e-01	2.240433e-01	2.134123e-01	2.031174e-01	1.931254e-01
	1.834068e-01	1.739349e-01	1.646862e-01	1.556396e-01	1.467762e-01
	1.380784e-01	1.295293e-01	1.211116e-01	1.128089e-01	1.046118e-01
	9.652464e-02	8.856838e-02	8.077352e-02	7.316395e-02	6.574074e-02
	5.847230e-02	5.129721e-02	4.414061e-02	3.693334e-02	2.963279e-02
	2.224377e-02	1.481906e-02	7.419371e-03	6.226102e-05	-7.282576e-03
	-1.466012e-02	-2.210362e-02	-2.962749e-02	-3.723041e-02	-4.490172e-02
	-5.262606e-02	-6.038324e-02	-6.813610e-02	-7.582772e-02	-8.339664e-02
	-9.077745e-02	-9.789969e-02	-1.046918e-01	-1.110849e-01	-1.170260e-01
	-1.224925e-01	-1.274962e-01	-1.320736e-01	-1.362733e-01	-1.401472e-01
	-1.437472e-01	-1.471210e-01	-1.503072e-01	-1.533308e-01	-1.562021e-01
	-1.589222e-01	-1.614933e-01	-1.639174e-01	-1.661905e-01	-1.683120e-01
	-1.702926e-01	-1.721539e-01	-1.739227e-01	-1.756233e-01	-1.772758e-01
	-1.788950e-01	-1.804900e-01	-1.820667e-01	-1.836308e-01	-1.851878e-01
	-1.867414e-01	-1.882943e-01	-1.898499e-01	-1.914139e-01	-1.929947e-01
	-1.946037e-01	-1.962579e-01	-1.979795e-01	-1.997899e-01	-2.017020e-01
	-2.037118e-01	-2.057985e-01	-2.079390e-01	-2.101208e-01	-2.123331e-01
	-2.145628e-01	-2.168072e-01	-2.190830e-01	-2.214204e-01	-2.238564e-01
	-2.264404e-01	-2.292452e-01	-2.323551e-01	-2.358516e-01	-2.398237e-01
	-2.443690e-01	-2.495675e-01	-2.554484e-01	-2.619701e-01	-2.690345e-01
	-2.765347e-01	-2.844069e-01	-2.926732e-01	-3.014550e-01	-3.109367e-01
	-3.213162e-01	-3.327685e-01	-3.453860e-01	-3.591348e-01	-3.738768e-01
	-3.894573e-01	-4.058434e-01	-4.232140e-01	-4.418673e-01	-4.619610e-01
	-4.832954e-01	-5.053813e-01	-5.277386e-01	-5.501523e-01	-5.726689e-01
	-5.954105e-01	-6.184661e-01	-6.418793e-01	-6.656315e-01	-6.895793e-01
	-7.135421e-01
density [kg/m^3]
	1.767629e+00	1.765361e+00	1.762321e+00	1.758250e+00	1.752824e+00
	1.745635e+00	1.736198e+00	1.723983e+00	1.708445e+00	1.689075e+00
	1.665450e+00	1.637292e+00	1.604505e+00	1.567203e+00	1.525707e+00
	1.480519e+00	1.432283e+00	1.381726e+00	1.329605e+00	1.276656e+00
	1.223555e+00	1.170892e+00	1.119160e+00	1.068747e+00	1.019946e+00
	9.729584e-01	9.279059e-01	8.848418e-01	8.437723e-01	8.046960e-01
	7.676401e-01	7.326681e-01	6.998444e-01	6.691705e-01	6.405375e-01
	6.137161e-01	5.883946e-01	5.642550e-01	5.410411e-01	5.186139e-01
	4.969900e-01	4.763096e-01	4.567023e-01	4.381547e-01	4.205436e-01
	4.037474e-01	3.876594e-01	3.722331e-01	3.574564e-01	3.433378e-01
	3.298917e-01	3.171338e-01	3.050976e-01	2.938325e-01	2.833769e-01
	2.737585e-01	2.649970e-01	2.571007e-01	2.500655e-01	2.438640e-01
	2.384387e-01	2.337059e-01	2.295702e-01	2.259389e-01	2.227284e-01
	2.198660e-01	2.172909e-01	2.149562e-01	2.128298e-01	2.108927e-01
	2.091334e-01	2.075398e-01	2.061008e-01	2.048089e-01	2.036547e-01
	2.026232e-01	2.016957e-01	2.008528e-01	2.000790e-01	1.993625e-01
	1.986954e-01	1.980736e-01	1.974945e-01	1.969566e-01	1.964591e-01
	1.960021e-01	1.955867e-01	1.952144e-01	1.948866e-01	1.946055e-01
	1.943741e-01	1.941973e-01	1.940827e-01	1.940431e-01	1.940966e-01
	1.942640e-01	1.945643e-01	1.950119e-01	1.956177e-01	1.963886e-01
	1.973251e-01	1.984268e-01	1.997017e-01	2.011683e-01	2.028557e-01
	2.048088e-01	2.071015e-01	2.098324e-01	2.131138e-01	2.170844e-01
	2.219178e-01	2.278080e-01	2.349393e-01	2.434593e-01	2.534777e-01
	2.651063e-01	2.785316e-01	2.941188e-01	3.125207e-01	3.347168e-01
	3.620078e-01	3.959724e-01	4.381646e-01	4.895079e-01	5.497149e-01
	6.171669e-01	6.895733e-01	7.647039e-01	8.401116e-01	9.121938e-01
	9.763735e-01	1.029048e+00	1.069270e+00	1.098467e+00	1.119000e+00
	1.133093e+00	1.142544e+00	1.148736e+00	1.152699e+00	1.155171e+00
	1.156679e+00
cp [J/m^3K]
	1.677129e+03	1.677249e+03	1.677496e+03	1.677994e+03	1.678930e+03
	1.680559e+03	1.683212e+03	1.687282e+03	1.693210e+03	1.701455e+03
	1.712460e+03	1.726616e+03	1.744227e+03	1.765485e+03	1.790453e+03
	1.819059e+03	1.851097e+03	1.886246e+03	1.924087e+03	1.964125e+03
	2.005815e+03	2.048585e+03	2.091854e+03	2.135054e+03	2.177641e+03
	2.219109e+03	2.258996e+03	2.296896e+03	2.332443e+03	2.365294e+03
	2.395105e+03	2.421553e+03	2.444384e+03	2.463474e+03	2.478848e+03
	2.490631e+03	2.498967e+03	2.503933e+03	2.505499e+03	2.503542e+03
	2.497935e+03	2.488656e+03	2.475824e+03	2.459629e+03	2.440123e+03
	2.417160e+03	2.390732e+03	2.358661e+03	2.321803e+03	2.282267e+03
	2.240237e+03	2.195973e+03	2.149890e+03	2.102586e+03	2.054746e+03
	2.007114e+03	1.960479e+03	1.915619e+03	1.873257e+03	1.833948e+03
	1.797980e+03	1.765357e+03	1.735877e+03	1.709238e+03	1.685101e+03
	1.663130e+03	1.643021e+03	1.624530e+03	1.607497e+03	1.591848e+03
	1.577547e+03	1.564541e+03	1.552768e+03	1.542183e+03	1.532719e+03
	1.524255e+03	1.516632e+03	1.509688e+03	1.503286e+03	1.497320e+03
	1.491713e+03	1.486416e+03	1.481392e+03	1.476609e+03	1.472039e+03
	1.467657e+03	1.463447e+03	1.459387e+03	1.455453e+03	1.451616e+03
	1.447842e+03	1.444087e+03	1.440299e+03	1.436432e+03	1.432459e+03
	1.428387e+03	1.424252e+03	1.420087e+03	1.415902e+03	1.411701e+03
	1.407493e+03	1.403269e+03	1.398983e+03	1.394568e+03	1.389943e+03
	1.385001e+03	1.379590e+03	1.373531e+03	1.366641e+03	1.358723e+03
	1.349553e+03	1.338943e+03	1.326810e+03	1.313227e+03	1.298404e+03
	1.282587e+03	1.265953e+03	1.248515e+03	1.230104e+03	1.210471e+03
	1.188107e+03	1.161715e+03	1.133791e+03	1.107244e+03	1.084339e+03
	1.065970e+03	1.051790e+03	1.040906e+03	1.032488e+03	1.025991e+03
	1.021088e+03	1.017512e+03	1.014984e+03	1.013227e+03	1.012012e+03
	1.011174e+03	1.010599e+03	1.010206e+03	1.009938e+03	1.009757e+03
	1.009633e+03
lambda [W/m]
	1.571348e-02	1.574681e-02	1.578953e-02	1.584501e-02	1.591783e-02
	1.601408e-02	1.614148e-02	1.630914e-02	1.652737e-02	1.680733e-02
	1.716058e-02	1.759852e-02	1.813195e-02	1.877052e-02	1.952241e-02
	2.039400e-02	2.138970e-02	2.251182e-02	2.376060e-02	2.513428e-02
	2.662927e-02	2.824032e-02	2.996079e-02	3.178296e-02	3.369831e-02
	3.569791e-02	3.777282e-02	3.991457e-02	4.211496e-02	4.436457e-02
	4.665055e-02	4.895555e-02	5.125956e-02	5.354489e-02	5.580155e-02
	5.803077e-02	6.024429e-02	6.245915e-02	6.469135e-02	6.694892e-02
	6.922529e-02	7.149934e-02	7.374792e-02	7.596139e-02	7.814429e-02
	8.030430e-02	8.244411e-02	8.451050e-02	8.651719e-02	8.850355e-02
	9.046076e-02	9.237949e-02	9.424724e-02	9.604839e-02	9.776831e-02
	9.939362e-02	1.009120e-01	1.023131e-01	1.035887e-01	1.047354e-01
	1.057562e-01	1.066607e-01	1.074618e-01	1.081736e-01	1.088095e-01
	1.093817e-01	1.099006e-01	1.103744e-01	1.108086e-01	1.112062e-01
	1.115688e-01	1.118980e-01	1.121955e-01	1.124622e-01	1.126996e-01
	1.129103e-01	1.130979e-01	1.132662e-01	1.134178e-01	1.135550e-01
	1.136787e-01	1.137894e-01	1.138869e-01	1.139710e-01	1.140409e-01
	1.140959e-01	1.141348e-01	1.141562e-01	1.141586e-01	1.141399e-01
	1.140972e-01	1.140267e-01	1.139226e-01	1.137768e-01	1.135800e-01
	1.133228e-01	1.129989e-01	1.126043e-01	1.121362e-01	1.115938e-01
	1.109801e-01	1.102975e-01	1.095438e-01	1.087112e-01	1.077881e-01
	1.067565e-01	1.055866e-01	1.042421e-01	1.026868e-01	1.008821e-01
	9.878701e-02	9.636992e-02	9.362434e-02	9.057763e-02	8.728392e-02
	8.380271e-02	8.017564e-02	7.640910e-02	7.247215e-02	6.832058e-02
	6.387492e-02	5.911094e-02	5.421418e-02	4.943309e-02	4.500464e-02
	4.108121e-02	3.770300e-02	3.483212e-02	3.241737e-02	3.043561e-02
	2.888052e-02	2.772428e-02	2.690318e-02	2.633631e-02	2.595047e-02
	2.569067e-02	2.551791e-02	2.540465e-02	2.533149e-02	2.528501e-02
	2.525581e-02
mu [kg/s^2m]
	8.255382e-06	8.264538e-06	8.277600e-06	8.295958e-06	8.321331e-06
	8.355891e-06	8.402270e-06	8.463481e-06	8.542838e-06	8.643841e-06
	8.770017e-06	8.924723e-06	9.110996e-06	9.331390e-06	9.587874e-06
	9.881766e-06	1.021372e-05	1.058378e-05	1.099141e-05	1.143565e-05
	1.191518e-05	1.242845e-05	1.297381e-05	1.354955e-05	1.415406e-05
	1.478586e-05	1.544375e-05	1.612687e-05	1.683462e-05	1.756615e-05
	1.831955e-05	1.909129e-05	1.987669e-05	2.067139e-05	2.147324e-05
	2.228383e-05	2.310866e-05	2.395569e-05	2.483319e-05	2.574698e-05
	2.669734e-05	2.767805e-05	2.868100e-05	2.970320e-05	3.074814e-05
	3.182165e-05	3.292826e-05	3.407006e-05	3.524681e-05	3.645615e-05
	3.769433e-05	3.895630e-05	4.023367e-05	4.151410e-05	4.278394e-05
	4.402846e-05	4.523201e-05	4.637902e-05	4.745495e-05	4.844885e-05
	4.935585e-05	5.017762e-05	5.092056e-05	5.159325e-05	5.220494e-05
	5.276469e-05	5.328074e-05	5.375971e-05	5.420595e-05	5.462158e-05
	5.500741e-05	5.536447e-05	5.569379e-05	5.599571e-05	5.627103e-05
	5.652205e-05	5.675232e-05	5.696572e-05	5.716559e-05	5.735451e-05
	5.753417e-05	5.770552e-05	5.786899e-05	5.802494e-05	5.817354e-05
	5.831470e-05	5.844813e-05	5.857351e-05	5.869055e-05	5.879896e-05
	5.889830e-05	5.898802e-05	5.906707e-05	5.913335e-05	5.918339e-05
	5.921257e-05	5.921621e-05	5.919068e-05	5.913354e-05	5.904341e-05
	5.892034e-05	5.876503e-05	5.857723e-05	5.835509e-05	5.809521e-05
	5.779181e-05	5.743492e-05	5.701142e-05	5.650728e-05	5.590646e-05
	5.519055e-05	5.434243e-05	5.335172e-05	5.221891e-05	5.095452e-05
	4.957276e-05	4.808293e-05	4.648120e-05	4.474722e-05	4.285223e-05
	4.077223e-05	3.850121e-05	3.607231e-05	3.357089e-05	3.111733e-05
	2.882581e-05	2.676511e-05	2.495442e-05	2.339340e-05	2.208953e-05
	2.105411e-05	2.027867e-05	1.972619e-05	1.934479e-05	1.908601e-05
	1.891287e-05	1.879892e-05	1.872533e-05	1.867882e-05	1.865016e-05
	1.863292e-05
mDot_C3H8 [kg/m^3s]
	0.000000e+00	-9.515993e-12	-3.092338e-11	-7.482732e-11	-1.581200e-10
	-3.076208e-10	-5.662415e-10	-1.003678e-09	-1.736076e-09	-2.962484e-09
	-5.031937e-09	-8.567405e-09	-1.469597e-08	-2.547479e-08	-4.467597e-08
	-7.922035e-08	-1.417650e-07	-2.553037e-07	-4.612155e-07	-8.331149e-07
	-1.500311e-06	-2.686943e-06	-4.776268e-06	-8.414597e-06	-1.467627e-05
	-2.532053e-05	-4.318386e-05	-7.277084e-05	-1.211196e-04	-1.989902e-04
	-3.223421e-04	-5.139622e-04	-8.051898e-04	-1.238215e-03	-1.870161e-03
	-2.781054e-03	-4.087810e-03	-5.965231e-03	-8.675273e-03	-1.260278e-02
	-1.828813e-02	-2.645159e-02	-3.804502e-02	-5.440078e-02	-7.748491e-02
	-1.102059e-01	-1.568124e-01	-2.234520e-01	-3.189671e-01	-4.560260e-01
	-6.527672e-01	-9.351380e-01	-1.339670e+00	-1.917236e+00	-2.740101e+00
	-3.913060e+00	-5.590337e+00	-7.997332e+00	-1.144471e+01	-1.631547e+01
	-2.301021e+01	-3.186253e+01	-4.305478e+01	-5.656126e+01	-7.213779e+01
	-8.935025e+01	-1.076135e+02	-1.262098e+02	-1.442973e+02	-1.609621e+02
	-1.753487e+02	-1.868213e+02	-1.950182e+02	-1.998592e+02	-2.015523e+02
	-2.004998e+02	-1.971511e+02	-1.919002e+02	-1.850656e+02	-1.769066e+02
	-1.676546e+02	-1.575392e+02	-1.467899e+02	-1.356211e+02	-1.242315e+02
	-1.128136e+02	-1.015489e+02	-9.059165e+01	-8.005880e+01	-7.003274e+01
	-6.056719e+01	-5.168406e+01	-4.339086e+01	-3.572312e+01	-2.876235e+01
	-2.262531e+01	-1.741160e+01	-1.313645e+01	-9.729884e+00	-7.084910e+00
	-5.082262e+00	-3.594371e+00	-2.500857e+00	-1.703975e+00	-1.130052e+00
	-7.232239e-01	-4.409508e-01	-2.523020e-01	-1.335697e-01	-6.451016e-02
	-2.806890e-02	-1.094893e-02	-3.863399e-03	-1.263451e-03	-3.960671e-04
	-1.230234e-04	-3.879343e-05	-1.256133e-05	-4.177933e-06	-1.422547e-06
	-4.952221e-07	-1.764360e-07	-6.426521e-08	-2.368972e-08	-8.717817e-09
	-3.212977e-09	-1.208186e-09	-4.664240e-10	-1.816508e-10	-6.966778e-11
	-2.600783e-11	-9.478130e-12	-3.394567e-12	-1.193426e-12	-4.071024e-13
	-1.323585e-13	-4.001184e-14	-1.076846e-14	-2.336477e-15	-2.948364e-16
	0.000000e+00
ScalarDissRate [1/s]
	1.795674e-04	3.453548e-04	1.047638e-03	2.990908e-03	7.988129e-03
	1.995522e-02	4.670487e-02	1.026221e-01	2.122417e-01	4.145060e-01
	7.671223e-01	1.350237e+00	2.268697e+00	3.652149e+00	5.652639e+00
	8.439685e+00	1.219319e+01	1.709469e+01	2.331776e+01	3.101814e+01
	4.032441e+01	5.132976e+01	6.408528e+01	7.859531e+01	9.481513e+01
	1.126511e+02	1.319638e+02	1.525735e+02	1.742612e+02	1.967566e+02
	2.197215e+02	2.427476e+02	2.653913e+02	2.872417e+02	3.079846e+02
	3.274299e+02	3.454836e+02	3.620748e+02	3.770858e+02	3.903077e+02
	4.014396e+02	4.101657e+02	4.162820e+02	4.197243e+02	4.204896e+02
	4.186098e+02	4.140309e+02	4.068304e+02	3.971131e+02	3.850651e+02
	3.709788e+02	3.551512e+02	3.379564e+02	3.198456e+02	3.012930e+02
	2.827679e+02	2.647126e+02	2.475151e+02	2.314893e+02	2.168415e+02
	2.036472e+02	1.918607e+02	1.813579e+02	1.719828e+02	1.635739e+02
	1.559788e+02	1.490620e+02	1.427151e+02	1.368634e+02	1.314639e+02
	1.264921e+02	1.219217e+02	1.177281e+02	1.138968e+02	1.104090e+02
	1.072290e+02	1.043068e+02	1.015888e+02	9.902884e+01	9.659036e+01
	9.424708e+01	9.198245e+01	8.978523e+01	8.764524e+01	8.555334e+01
	8.350305e+01	8.148976e+01	7.950810e+01	7.755022e+01	7.560556e+01
	7.366077e+01	7.169700e+01	6.969046e+01	6.762062e+01	6.547833e+01
	6.327373e+01	6.103514e+01	5.879088e+01	5.655731e+01	5.434741e+01
	5.217600e+01	5.004715e+01	4.794710e+01	4.585210e+01	4.373619e+01
	4.156783e+01	3.930344e+01	3.690132e+01	3.433595e+01	3.159234e+01
	2.866900e+01	2.559574e+01	2.244605e+01	1.932985e+01	1.636402e+01
	1.363835e+01	1.119834e+01	9.047866e+00	7.166589e+00	5.532945e+00
	4.137107e+00	2.978555e+00	2.057282e+00	1.363761e+00	8.709005e-01
	5.382978e-01	3.224728e-01	1.862468e-01	1.026678e-01	5.360714e-02
	2.655957e-02	1.261973e-02	5.819932e-03	2.619485e-03	1.148199e-03
	4.878368e-04	2.001326e-04	7.907707e-05	3.007147e-05	1.104855e-05
	6.224498e-06
ZBilger
	1.000000e+00	9.991838e-01	9.980766e-01	9.966189e-01	9.947550e-01
	9.924283e-01	9.895846e-01	9.861776e-01	9.821704e-01	9.775348e-01
	9.722523e-01	9.663129e-01	9.597142e-01	9.524601e-01	9.445592e-01
	9.360241e-01	9.268701e-01	9.171147e-01	9.067764e-01	8.958750e-01
	8.844305e-01	8.724631e-01	8.599930e-01	8.470399e-01	8.336227e-01
	8.197582e-01	8.054605e-01	7.907389e-01	7.756002e-01	7.600604e-01
	7.441605e-01	7.279771e-01	7.116125e-01	6.951620e-01	6.786747e-01
	6.621241e-01	6.454064e-01	6.283730e-01	6.108753e-01	5.928195e-01
	5.742266e-01	5.552441e-01	5.360514e-01	5.167302e-01	4.972334e-01
	4.774653e-01	4.573795e-01	4.369747e-01	4.162961e-01	3.954199e-01
	3.744402e-01	3.534681e-01	3.326629e-01	3.122343e-01	2.923963e-01
	2.733603e-01	2.553320e-01	2.384975e-01	2.230119e-01	2.089678e-01
	1.963693e-01	1.851340e-01	1.751251e-01	1.661876e-01	1.581685e-01
	1.509265e-01	1.443380e-01	1.383056e-01	1.327642e-01	1.276782e-01
	1.230278e-01	1.187898e-01	1.149404e-01	1.114634e-01	1.083366e-01
	1.055218e-01	1.029686e-01	1.006249e-01	9.844652e-02	9.639910e-02
	9.445802e-02	9.260745e-02	9.083632e-02	8.913465e-02	8.749360e-02
	8.590663e-02	8.436877e-02	8.287460e-02	8.141700e-02	7.998709e-02
	7.857435e-02	7.716469e-02	7.574112e-02	7.428964e-02	7.280466e-02
	7.129388e-02	6.977662e-02	6.827092e-02	6.678555e-02	6.532613e-02
	6.389863e-02	6.250132e-02	6.112029e-02	5.973453e-02	5.832049e-02
	5.684905e-02	5.527967e-02	5.356788e-02	5.167375e-02	4.955706e-02
	4.717891e-02	4.451798e-02	4.158932e-02	3.845248e-02	3.519851e-02
	3.192104e-02	2.868994e-02	2.553761e-02	2.246412e-02	1.946264e-02
	1.654186e-02	1.373549e-02	1.110695e-02	8.737709e-03	6.696844e-03
	5.012996e-03	3.667156e-03	2.611898e-03	1.799067e-03	1.192743e-03
	7.628709e-04	4.751256e-04	2.914344e-04	1.774625e-04	1.076657e-04
	6.516839e-05	3.924416e-05	2.313963e-05	1.269322e-05	5.445437e-06
	0.000000e+00
ScalarDissRateBilger [1/s]
	2.715659e-02	3.829895e-02	7.096782e-02	1.269543e-01	2.186939e-01
	3.630539e-01	5.818916e-01	9.021224e-01	1.355587e+00	1.978749e+00
	2.812065e+00	3.899180e+00	5.286229e+00	7.021070e+00	9.152573e+00
	1.172999e+01	1.480239e+01	1.841811e+01	2.262425e+01	2.746612e+01
	3.298674e+01	3.922620e+01	4.622118e+01	5.400439e+01	6.260430e+01
	7.204508e+01	8.234706e+01	9.352790e+01	1.056007e+02	1.185637e+02
	1.323834e+02	1.469814e+02	1.622381e+02	1.780226e+02	1.942344e+02
	2.108394e+02	2.278782e+02	2.454345e+02	2.635839e+02	2.823287e+02
	3.015274e+02	3.208834e+02	3.399767e+02	3.585614e+02	3.767438e+02
	3.942170e+02	4.105338e+02	4.256837e+02	4.393139e+02	4.509358e+02
	4.601712e+02	4.666647e+02	4.701086e+02	4.702964e+02	4.671726e+02
	4.608515e+02	4.516217e+02	4.399260e+02	4.263188e+02	4.113847e+02
	3.956364e+02	3.794421e+02	3.630181e+02	3.464676e+02	3.298226e+02
	3.130760e+02	2.962102e+02	2.792363e+02	2.622353e+02	2.453793e+02
	2.289035e+02	2.130325e+02	1.979684e+02	1.839087e+02	1.709812e+02
	1.591953e+02	1.484580e+02	1.386293e+02	1.295770e+02	1.211929e+02
	1.134001e+02	1.061503e+02	9.940841e+01	9.313918e+01	8.730822e+01
	8.188685e+01	7.684932e+01	7.216657e+01	6.780379e+01	6.372237e+01
	5.988180e+01	5.623661e+01	5.274048e+01	4.936172e+01	4.609369e+01
	4.296067e+01	4.000820e+01	3.727433e+01	3.477710e+01	3.252746e+01
	3.053313e+01	2.878560e+01	2.725885e+01	2.592088e+01	2.474066e+01
	2.368544e+01	2.271731e+01	2.179696e+01	2.088294e+01	1.992487e+01
	1.886557e+01	1.765464e+01	1.626715e+01	1.471694e+01	1.305300e+01
	1.134090e+01	9.643492e+00	8.009241e+00	6.472120e+00	5.061718e+00
	3.809689e+00	2.743009e+00	1.877465e+00	1.216262e+00	7.454133e-01
	4.337137e-01	2.402113e-01	1.261193e-01	6.213219e-02	2.848958e-02
	1.219061e-02	4.932888e-03	1.917560e-03	7.233153e-04	2.661146e-04
	9.647424e-05	3.533121e-05	1.366030e-05	5.909103e-06	3.004783e-06
	2.209907e-06
ChiAnalytOverChiStoich
	1.000000e-10	1.000000e-10	1.000000e-10	7.588667e-03	2.028158e-02
	3.849435e-02	6.421410e-02	9.984928e-02	1.481802e-01	2.122728e-01
	2.953357e-01	4.005449e-01	5.308752e-01	6.889320e-01	8.768080e-01
	1.095976e+00	1.347223e+00	1.630622e+00	1.945540e+00	2.290680e+00
	2.664143e+00	3.063510e+00	3.485925e+00	3.928201e+00	4.386904e+00
	4.858459e+00	5.339244e+00	5.825684e+00	6.314192e+00	6.800809e+00
	7.280784e+00	7.748483e+00	8.197952e+00	8.624052e+00	9.023417e+00
	9.394752e+00	9.738182e+00	1.005386e+01	1.034067e+01	1.059538e+01
	1.081250e+01	1.098563e+01	1.110979e+01	1.118233e+01	1.120173e+01
	1.116610e+01	1.107310e+01	1.092066e+01	1.070763e+01	1.043431e+01
	1.010257e+01	9.716091e+00	9.281083e+00	8.806742e+00	8.304238e+00
	7.786127e+00	7.265765e+00	6.756344e+00	6.269967e+00	5.816096e+00
	5.400234e+00	5.023734e+00	4.684899e+00	4.380426e+00	4.106361e+00
	3.858655e+00	3.633561e+00	3.428029e+00	3.239983e+00	3.068265e+00
	2.912177e+00	2.770854e+00	2.643370e+00	2.529039e+00	2.426958e+00
	2.335715e+00	2.253526e+00	2.178594e+00	2.109417e+00	2.044831e+00
	1.984007e+00	1.926405e+00	1.871643e+00	1.819381e+00	1.769319e+00
	1.721235e+00	1.674957e+00	1.630303e+00	1.587044e+00	1.544907e+00
	1.503575e+00	1.462637e+00	1.421614e+00	1.380124e+00	1.338039e+00
	1.295610e+00	1.253403e+00	1.211929e+00	1.171427e+00	1.132043e+00
	1.093923e+00	1.057006e+00	1.020913e+00	9.851003e-01	9.489835e-01
	9.118697e-01	8.728259e-01	8.308918e-01	7.853081e-01	7.354156e-01
	6.807256e-01	6.213112e-01	5.581829e-01	4.933210e-01	4.291931e-01
	3.680129e-01	3.112158e-01	2.593316e-01	2.122573e-01	1.697832e-01
	1.319131e-01	9.887669e-02	7.102898e-02	4.858709e-02	3.134223e-02
	1.860858e-02	9.424943e-03	2.853137e-03	1.000000e-10	1.000000e-10
	1.000000e-10	1.000000e-10	1.000000e-10	1.000000e-10	1.000000e-10
	1.000000e-10	1.000000e-10	1.000000e-10	1.000000e-10	1.000000e-10
	1.000000e-10
ChiKWOverChiKWStoich
	6.269101e-11	6.270214e-11	6.271709e-11	4.760915e-03	1.272955e-02
	2.417441e-02	4.035682e-02	6.281443e-02	9.333736e-02	1.339235e-01
	1.867001e-01	2.538258e-01	3.373965e-01	4.393480e-01	5.613701e-01
	7.048378e-01	8.707611e-01	1.059753e+00	1.272017e+00	1.507350e+00
	1.765158e+00	2.044487e+00	2.344057e+00	2.662307e+00	2.997443e+00
	3.347493e+00	3.710370e+00	4.083938e+00	4.465965e+00	4.853833e+00
	5.244162e+00	5.632660e+00	6.014503e+00	6.385264e+00	6.741806e+00
	7.082733e+00	7.408016e+00	7.717890e+00	8.011680e+00	8.286820e+00
	8.538388e+00	8.759962e+00	8.945829e+00	9.092461e+00	9.197666e+00
	9.258968e+00	9.273449e+00	9.237994e+00	9.149982e+00	9.007758e+00
	8.810962e+00	8.560785e+00	8.260650e+00	7.916758e+00	7.537553e+00
	7.133310e+00	6.715667e+00	6.296776e+00	5.888393e+00	5.500382e+00
	5.139306e+00	4.808004e+00	4.506373e+00	4.232587e+00	3.983960e+00
	3.757485e+00	3.550246e+00	3.359829e+00	3.184623e+00	3.023802e+00
	2.876934e+00	2.743390e+00	2.622458e+00	2.513619e+00	2.416130e+00
	2.328736e+00	2.249801e+00	2.177653e+00	2.110885e+00	2.048403e+00
	1.989424e+00	1.933439e+00	1.880090e+00	1.829054e+00	1.780047e+00
	1.732856e+00	1.687317e+00	1.643254e+00	1.600442e+00	1.558611e+00
	1.517443e+00	1.476524e+00	1.435360e+00	1.393553e+00	1.350949e+00
	1.307778e+00	1.264600e+00	1.221929e+00	1.180017e+00	1.139027e+00
	1.099137e+00	1.060312e+00	1.022188e+00	9.842237e-01	9.458319e-01
	9.063100e-01	8.647046e-01	8.200445e-01	7.715933e-01	7.187490e-01
	6.611216e-01	5.989405e-01	5.334225e-01	4.667582e-01	4.015662e-01
	3.401121e-01	2.837951e-01	2.330640e-01	1.877341e-01	1.475256e-01
	1.123662e-01	8.237776e-02	5.775404e-02	3.850109e-02	2.419804e-02
	1.401241e-02	6.935484e-03	2.056585e-03	7.078719e-11	6.970969e-11
	6.885718e-11	6.822083e-11	6.776851e-11	6.745666e-11	6.724510e-11
	6.710341e-11	6.700994e-11	6.694935e-11	6.691086e-11	6.688695e-11
	6.687241e-11
ChiKWFact
	6.269101e-01	6.270214e-01	6.271709e-01	6.273717e-01	6.276406e-01
	6.279989e-01	6.284728e-01	6.290925e-01	6.298909e-01	6.309027e-01
	6.321622e-01	6.337014e-01	6.355478e-01	6.377233e-01	6.402429e-01
	6.431141e-01	6.463376e-01	6.499073e-01	6.538119e-01	6.580360e-01
	6.625612e-01	6.673677e-01	6.724347e-01	6.777421e-01	6.832707e-01
	6.890030e-01	6.949243e-01	7.010229e-01	7.072900e-01	7.137140e-01
	7.202743e-01	7.269371e-01	7.336592e-01	7.404018e-01	7.471456e-01
	7.539032e-01	7.607186e-01	7.676545e-01	7.747734e-01	7.821163e-01
	7.896778e-01	7.974021e-01	8.052206e-01	8.131097e-01	8.210933e-01
	8.292035e-01	8.374751e-01	8.459192e-01	8.545289e-01	8.632829e-01
	8.721505e-01	8.810936e-01	8.900524e-01	8.989429e-01	9.076755e-01
	9.161565e-01	9.242892e-01	9.319797e-01	9.391427e-01	9.457172e-01
	9.516822e-01	9.570579e-01	9.618934e-01	9.662502e-01	9.701923e-01
	9.737808e-01	9.770706e-01	9.801053e-01	9.829133e-01	9.855087e-01
	9.878979e-01	9.900885e-01	9.920888e-01	9.939028e-01	9.955384e-01
	9.970120e-01	9.983470e-01	9.995682e-01	1.000696e+00	1.001747e+00
	1.002730e+00	1.003651e+00	1.004513e+00	1.005317e+00	1.006063e+00
	1.006752e+00	1.007379e+00	1.007944e+00	1.008442e+00	1.008870e+00
	1.009223e+00	1.009494e+00	1.009669e+00	1.009730e+00	1.009648e+00
	1.009392e+00	1.008933e+00	1.008251e+00	1.007332e+00	1.006169e+00
	1.004766e+00	1.003127e+00	1.001249e+00	9.991102e-01	9.966789e-01
	9.939030e-01	9.906955e-01	9.869450e-01	9.825357e-01	9.773371e-01
	9.712014e-01	9.639945e-01	9.556410e-01	9.461551e-01	9.356305e-01
	9.241852e-01	9.118917e-01	8.987105e-01	8.844646e-01	8.689055e-01
	8.518194e-01	8.331363e-01	8.131054e-01	7.924141e-01	7.720589e-01
	7.530082e-01	7.358648e-01	7.208154e-01	7.078719e-01	6.970969e-01
	6.885718e-01	6.822083e-01	6.776851e-01	6.745666e-01	6.724510e-01
	6.710341e-01	6.700994e-01	6.694935e-01	6.691086e-01	6.688695e-01
	6.687241e-01
MolarMass [kg/kmole]
	4.409000e+01	4.404522e+01	4.398993e+01	4.392269e+01	4.384224e+01
	4.374728e+01	4.363659e+01	4.350929e+01	4.336486e+01	4.320305e+01
	4.302395e+01	4.282791e+01	4.261555e+01	4.238761e+01	4.214499e+01
	4.188869e+01	4.161973e+01	4.133919e+01	4.104812e+01	4.074758e+01
	4.043859e+01	4.012214e+01	3.979917e+01	3.947058e+01	3.913719e+01
	3.879976e+01	3.845892e+01	3.811518e+01	3.776895e+01	3.742086e+01
	3.707204e+01	3.672427e+01	3.637977e+01	3.604042e+01	3.570703e+01
	3.537889e+01	3.505381e+01	3.472896e+01	3.440170e+01	3.407059e+01
	3.373639e+01	3.340200e+01	3.307065e+01	3.274311e+01	3.241859e+01
	3.209706e+01	3.177673e+01	3.145763e+01	3.114053e+01	3.082657e+01
	3.051708e+01	3.021350e+01	2.991786e+01	2.963273e+01	2.936056e+01
	2.910362e+01	2.886398e+01	2.864340e+01	2.844320e+01	2.826393e+01
	2.810509e+01	2.796521e+01	2.784229e+01	2.773421e+01	2.763897e+01
	2.755479e+01	2.748019e+01	2.741402e+01	2.735555e+01	2.730435e+01
	2.726009e+01	2.722236e+01	2.719069e+01	2.716459e+01	2.714349e+01
	2.712669e+01	2.711348e+01	2.710323e+01	2.709549e+01	2.708992e+01
	2.708628e+01	2.708440e+01	2.708415e+01	2.708542e+01	2.708809e+01
	2.709210e+01	2.709735e+01	2.710377e+01	2.711132e+01	2.711997e+01
	2.712973e+01	2.714067e+01	2.715294e+01	2.716669e+01	2.718204e+01
	2.719898e+01	2.721729e+01	2.723672e+01	2.725709e+01	2.727823e+01
	2.729996e+01	2.732217e+01	2.734498e+01	2.736864e+01	2.739350e+01
	2.742000e+01	2.744884e+01	2.748079e+01	2.751654e+01	2.755675e+01
	2.760205e+01	2.765277e+01	2.770861e+01	2.776861e+01	2.783136e+01
	2.789547e+01	2.795998e+01	2.802458e+01	2.808959e+01	2.815552e+01
	2.822267e+01	2.829087e+01	2.835923e+01	2.842612e+01	2.848961e+01
	2.854814e+01	2.860104e+01	2.864845e+01	2.869061e+01	2.872728e+01
	2.875789e+01	2.878222e+01	2.880082e+01	2.881477e+01	2.882519e+01
	2.883299e+01	2.883885e+01	2.884326e+01	2.884660e+01	2.884913e+01
	2.885106e+01
TotalEnthalpy [J/kg]
	-2.352410e+06	-2.351948e+06	-2.351305e+06	-2.350417e+06	-2.349203e+06
	-2.347557e+06	-2.345349e+06	-2.342422e+06	-2.338602e+06	-2.333694e+06
	-2.327498e+06	-2.319807e+06	-2.310423e+06	-2.299155e+06	-2.285834e+06
	-2.270310e+06	-2.252459e+06	-2.232183e+06	-2.209413e+06	-2.184108e+06
	-2.156254e+06	-2.125862e+06	-2.092970e+06	-2.057635e+06	-2.019933e+06
	-1.979956e+06	-1.937802e+06	-1.893569e+06	-1.847362e+06	-1.799324e+06
	-1.749688e+06	-1.698810e+06	-1.647140e+06	-1.595104e+06	-1.542982e+06
	-1.490810e+06	-1.438373e+06	-1.385326e+06	-1.331341e+06	-1.276284e+06
	-1.220392e+06	-1.164282e+06	-1.108640e+06	-1.053841e+06	-9.998792e+05
	-9.466245e+05	-8.941239e+05	-8.425433e+05	-7.922180e+05	-7.434847e+05
	-6.966952e+05	-6.521954e+05	-6.103716e+05	-5.716243e+05	-5.362566e+05
	-5.044606e+05	-4.763202e+05	-4.518032e+05	-4.307712e+05	-4.129716e+05
	-3.980492e+05	-3.855913e+05	-3.751888e+05	-3.664807e+05	-3.591670e+05
	-3.530073e+05	-3.478150e+05	-3.434546e+05	-3.398339e+05	-3.368911e+05
	-3.345748e+05	-3.328294e+05	-3.315957e+05	-3.308127e+05	-3.304133e+05
	-3.303293e+05	-3.305012e+05	-3.308833e+05	-3.314429e+05	-3.321566e+05
	-3.330055e+05	-3.339717e+05	-3.350367e+05	-3.361827e+05	-3.373911e+05
	-3.386416e+05	-3.399114e+05	-3.411768e+05	-3.424138e+05	-3.435977e+05
	-3.447007e+05	-3.456911e+05	-3.465267e+05	-3.471446e+05	-3.474547e+05
	-3.473442e+05	-3.466980e+05	-3.454187e+05	-3.434293e+05	-3.406772e+05
	-3.371456e+05	-3.328329e+05	-3.277127e+05	-3.217188e+05	-3.147468e+05
	-3.066319e+05	-2.971020e+05	-2.858112e+05	-2.724129e+05	-2.565596e+05
	-2.379515e+05	-2.165198e+05	-1.926541e+05	-1.673078e+05	-1.418269e+05
	-1.175625e+05	-9.553064e+04	-7.628727e+04	-6.004377e+04	-4.689435e+04
	-3.690693e+04	-2.993296e+04	-2.555333e+04	-2.298941e+04	-2.126235e+04
	-1.956179e+04	-1.748310e+04	-1.497133e+04	-1.216329e+04	-9.296056e+03
	-6.637970e+03	-4.388314e+03	-2.613552e+03	-1.271449e+03	-2.775822e+02
	4.487716e+02	9.726822e+02	1.344965e+03	1.604835e+03	1.782205e+03
	1.900584e+03
trailer
Lewis numbers evaluated at maximum consumption
N2	-1
O2	1.01183
@ Z = 0.0744915
H	0.165105
@ Z = 0.117807
OH	0.664876
@ Z = 0.10006
O	0.656624
@ Z = 0.0819805
H2	0.278895
@ Z = 0.0608359
H2O	-1
HO2	1.02133
@ Z = 0.00379183
H2O2	1.01494
@ Z = 0.0608359
CO	1.00951
@ Z = 0.0494973
CO2	-1
CH	0.610126
@ Z = 0.0630766
CHO	1.15814
@ Z = 0.0583885
CH2	0.881385
@ Z = 0.0651496
CH2O	1.16981
@ Z = 0.0630766
CH3	0.920108
@ Z = 0.0763484
CH4	0.92469
@ Z = 0.0819805
C2H6	1.32618
@ Z = 0.103255
C2H	1.19068
@ Z = 0.0671039
C2H2	1.20537
@ Z = 0.0744915
CHCO	0.810696
@ Z = 0.0689858
C3H3	1.63627
@ Z = 0.0726556
C2H3	1.13463
@ Z = 0.138525
C2H4	1.21669
@ Z = 0.0907177
C2H5	1.32789
@ Z = 0.0874112
C3H4	1.59561
@ Z = 0.0689858
C3H5	1.64682
@ Z = 0.0856567
C3H6	1.70304
@ Z = 0.0969373
N-C3H7	1.71665
@ Z = 0.0907177
I-C3H7	1.71272
@ Z = 0.0953925
C3H8	1.668
@ Z = 0.120092
Lewis numbers evaluated at maximum formation
N2	-1
O2	1.04363
@ Z = 0.00379183
H	0.168933
@ Z = 0.0744915
OH	0.665885
@ Z = 0.0651496
O	0.650095
@ Z = 0.0556988
H2	0.275339
@ Z = 0.110011
H2O	0.754904
@ Z = 0.0801042
HO2	1.01113
@ Z = 0.00842764
H2O2	1.00368
@ Z = 0.0350764
CO	1.02185
@ Z = 0.0801042
CO2	1.27472
@ Z = 0.0671039
CH	0.613798
@ Z = 0.0801042
CHO	1.16486
@ Z = 0.0763484
CH2	0.885635
@ Z = 0.0856567
CH2O	1.17477
@ Z = 0.0856567
CH3	0.898862
@ Z = 0.113705
CH4	0.878777
@ Z = 0.128224
C2H6	1.22375
@ Z = 0.146797
C2H	1.19428
@ Z = 0.0874112
C2H2	1.18754
@ Z = 0.106555
CHCO	0.809639
@ Z = 0.0969373
C3H3	1.6347
@ Z = 0.0922956
C2H3	1.20867
@ Z = 0.101647
C2H4	1.15805
@ Z = 0.128224
C2H5	1.29408
@ Z = 0.11569
C3H4	1.57763
@ Z = 0.106555
C3H5	1.59173
@ Z = 0.120092
C3H6	1.60514
@ Z = 0.134829
N-C3H7	1.66139
@ Z = 0.120092
I-C3H7	1.64513
@ Z = 0.125286
C3H8	-1
Lewis numbers evaluated at maximum mass fraction
N2	0.921463
@ Z = 9.13898e-06
O2	1.05246
@ Z = 9.13898e-06
H	0.168308
@ Z = 0.0671039
OH	0.66445
@ Z = 0.0608359
O	0.648017
@ Z = 0.0494973
H2	0.262634
@ Z = 0.134829
H2O	0.749793
@ Z = 0.101647
HO2	1.00293
@ Z = 0.0131015
H2O2	1.00217
@ Z = 0.0249558
CO	1.01046
@ Z = 0.104889
CO2	1.27653
@ Z = 0.0953925
CH	0.613886
@ Z = 0.0819805
CHO	1.1654
@ Z = 0.0801042
CH2	0.885048
@ Z = 0.0890954
CH2O	1.03131
@ Z = 0.168505
CH3	0.889183
@ Z = 0.120092
CH4	0.791647
@ Z = 0.175597
C2H6	1.07053
@ Z = 0.214478
C2H	1.19378
@ Z = 0.0890954
C2H2	1.11985
@ Z = 0.138525
CHCO	0.776236
@ Z = 0.128224
C3H3	1.63349
@ Z = 0.0938488
C2H3	1.20681
@ Z = 0.103255
C2H4	1.06144
@ Z = 0.168505
C2H5	1.28952
@ Z = 0.117807
C3H4	1.47544
@ Z = 0.142504
C3H5	1.4894
@ Z = 0.151455
C3H6	1.44579
@ Z = 0.183617
N-C3H7	1.64513
@ Z = 0.125286
I-C3H7	1.62465
@ Z = 0.131401
C3H8	0.803558
@ Z = 0.999934
