header

title = "planar counterflow diffusion flame"
author = ""
date = "Thu Jul 11 20:17:46 2013"

fuel = "C3H8"
pressure = 1 [bar]
strainrate = 865 [1/s]
chiStoichAnal = 24.5052 [1/s]
chiStoichAnalKW = 36.5855 [1/s]
FlameLocZ = 0.0853939 [K]
FlameLocBilger = 0.0724824 [K]
Tmax = 1672.21 [K]
stoichScalarDissRate = 36.0167 [1/s]
stoichScalarDissRateBilger = 26.7318 [1/s]

OxidizerSide
begin
	Temperature = 300 [K]
	Massfraction-N2 = 0.76708
	Massfraction-O2 = 0.23292
	Molefraction-N2 = 0.79
	Molefraction-O2 = 0.21
end

FuelSide
begin
	Temperature = 300 [K]
	Massfraction-C3H8 = 1
	Molefraction-C3H8 = 1
end

numOfSpecies = 31
gridPoints = 141

body
eta
	0.000000e+00	1.826215e-01	3.633299e-01	5.398943e-01	7.106750e-01
	8.749641e-01	1.032430e+00	1.182842e+00	1.326076e+00	1.462120e+00
	1.591069e+00	1.713110e+00	1.828499e+00	1.937540e+00	2.040563e+00
	2.137915e+00	2.229941e+00	2.316986e+00	2.399379e+00	2.477439e+00
	2.551463e+00	2.621736e+00	2.688521e+00	2.752069e+00	2.812606e+00
	2.870321e+00	2.925359e+00	2.977835e+00	3.027855e+00	3.075532e+00
	3.120972e+00	3.164279e+00	3.205550e+00	3.244881e+00	3.282385e+00
	3.318282e+00	3.352909e+00	3.386616e+00	3.419711e+00	3.452447e+00
	3.484974e+00	3.517312e+00	3.549350e+00	3.580890e+00	3.611759e+00
	3.641933e+00	3.671542e+00	3.700735e+00	3.729610e+00	3.758211e+00
	3.786542e+00	3.814590e+00	3.842326e+00	3.869718e+00	3.896743e+00
	3.923367e+00	3.949528e+00	3.975147e+00	4.000120e+00	4.024301e+00
	4.047472e+00	4.069415e+00	4.090046e+00	4.109347e+00	4.127318e+00
	4.144009e+00	4.159509e+00	4.173932e+00	4.187401e+00	4.200045e+00
	4.211985e+00	4.223332e+00	4.234168e+00	4.244540e+00	4.254474e+00
	4.263990e+00	4.273112e+00	4.281864e+00	4.290246e+00	4.298223e+00
	4.305773e+00	4.312923e+00	4.319757e+00	4.326369e+00	4.332838e+00
	4.339219e+00	4.345532e+00	4.351775e+00	4.357952e+00	4.364083e+00
	4.370192e+00	4.376295e+00	4.382399e+00	4.388516e+00	4.394676e+00
	4.400931e+00	4.407358e+00	4.414053e+00	4.421136e+00	4.428757e+00
	4.437065e+00	4.446154e+00	4.456004e+00	4.466491e+00	4.477435e+00
	4.488650e+00	4.500048e+00	4.511773e+00	4.524199e+00	4.537797e+00
	4.553019e+00	4.570315e+00	4.590224e+00	4.613413e+00	4.640586e+00
	4.672370e+00	4.709177e+00	4.751024e+00	4.797592e+00	4.848574e+00
	4.904157e+00	4.965484e+00	5.034426e+00	5.112984e+00	5.202947e+00
	5.304864e+00	5.417582e+00	5.539840e+00	5.671742e+00	5.813947e+00
	5.965908e+00	6.125475e+00	6.289905e+00	6.457181e+00	6.626512e+00
	6.797818e+00	6.971153e+00	7.146494e+00	7.323615e+00	7.501766e+00
	7.680054e+00
y [m]
	-1.056206e-03	-1.039888e-03	-1.023716e-03	-1.007882e-03	-9.925233e-04
	-9.776932e-04	-9.634074e-04	-9.496707e-04	-9.364761e-04	-9.238048e-04
	-9.116277e-04	-8.999068e-04	-8.885989e-04	-8.776578e-04	-8.670371e-04
	-8.566918e-04	-8.465795e-04	-8.366614e-04	-8.269026e-04	-8.172722e-04
	-8.077432e-04	-7.982921e-04	-7.888985e-04	-7.795444e-04	-7.702149e-04
	-7.609009e-04	-7.516003e-04	-7.423173e-04	-7.330579e-04	-7.238287e-04
	-7.146366e-04	-7.054900e-04	-6.963973e-04	-6.873678e-04	-6.784053e-04
	-6.694848e-04	-6.605441e-04	-6.515068e-04	-6.422949e-04	-6.328354e-04
	-6.230759e-04	-6.129987e-04	-6.026281e-04	-5.920238e-04	-5.812477e-04
	-5.703162e-04	-5.591899e-04	-5.478157e-04	-5.361547e-04	-5.241860e-04
	-5.119037e-04	-4.993111e-04	-4.864197e-04	-4.732463e-04	-4.598063e-04
	-4.461238e-04	-4.322408e-04	-4.182154e-04	-4.041265e-04	-3.900853e-04
	-3.762582e-04	-3.628234e-04	-3.498889e-04	-3.375213e-04	-3.257733e-04
	-3.146617e-04	-3.041711e-04	-2.942622e-04	-2.848806e-04	-2.759637e-04
	-2.674454e-04	-2.592641e-04	-2.513742e-04	-2.437524e-04	-2.363902e-04
	-2.292820e-04	-2.224181e-04	-2.157875e-04	-2.093980e-04	-2.032807e-04
	-1.974611e-04	-1.919228e-04	-1.866060e-04	-1.814413e-04	-1.763694e-04
	-1.713486e-04	-1.663646e-04	-1.614204e-04	-1.565149e-04	-1.516332e-04
	-1.467566e-04	-1.418740e-04	-1.369811e-04	-1.320690e-04	-1.271148e-04
	-1.220770e-04	-1.168958e-04	-1.114953e-04	-1.057787e-04	-9.962811e-05
	-9.292671e-05	-8.560584e-05	-7.768899e-05	-6.928779e-05	-6.056199e-05
	-5.167353e-05	-4.270395e-05	-3.355551e-05	-2.395550e-05	-1.357184e-05
	-2.109390e-06	1.069808e-05	2.514721e-05	4.157440e-05	6.026879e-05
	8.137810e-05	1.048149e-04	1.301672e-04	1.567982e-04	1.841039e-04
	2.117634e-04	2.398714e-04	2.686760e-04	2.982464e-04	3.283935e-04
	3.585236e-04	3.878396e-04	4.159487e-04	4.430425e-04	4.694998e-04
	4.955113e-04	5.210605e-04	5.460869e-04	5.706289e-04	5.948443e-04
	6.189196e-04	6.430002e-04	6.671770e-04	6.914821e-04	7.158555e-04
	7.402027e-04
f
	-3.450154e+00	-3.302394e+00	-3.156130e+00	-3.013138e+00	-2.874708e+00
	-2.741369e+00	-2.613333e+00	-2.490718e+00	-2.373549e+00	-2.261750e+00
	-2.155158e+00	-2.053534e+00	-1.956584e+00	-1.863986e+00	-1.775407e+00
	-1.690513e+00	-1.608982e+00	-1.530510e+00	-1.454817e+00	-1.381646e+00
	-1.310767e+00	-1.241971e+00	-1.175074e+00	-1.109907e+00	-1.046327e+00
	-9.842329e-01	-9.235701e-01	-8.643228e-01	-8.064853e-01	-7.500503e-01
	-6.950121e-01	-6.413700e-01	-5.891233e-01	-5.382729e-01	-4.887892e-01
	-4.404864e-01	-3.929941e-01	-3.458955e-01	-2.987963e-01	-2.513567e-01
	-2.033667e-01	-1.548024e-01	-1.058433e-01	-5.681977e-02	-8.048906e-03
	4.038078e-02	8.862817e-02	1.368991e-01	1.853208e-01	2.339362e-01
	2.827227e-01	3.316227e-01	3.805514e-01	4.294114e-01	4.781190e-01
	5.265681e-01	5.746002e-01	6.220190e-01	6.685781e-01	7.139514e-01
	7.576704e-01	7.992699e-01	8.385341e-01	8.753837e-01	9.097821e-01
	9.417944e-01	9.715667e-01	9.992996e-01	1.025220e+00	1.049562e+00
	1.072555e+00	1.094407e+00	1.115271e+00	1.135236e+00	1.154349e+00
	1.172646e+00	1.190174e+00	1.206977e+00	1.223054e+00	1.238344e+00
	1.252798e+00	1.266473e+00	1.279530e+00	1.292148e+00	1.304479e+00
	1.316628e+00	1.328633e+00	1.340491e+00	1.352206e+00	1.363816e+00
	1.375370e+00	1.386894e+00	1.398401e+00	1.409914e+00	1.421487e+00
	1.433219e+00	1.445250e+00	1.457754e+00	1.470955e+00	1.485122e+00
	1.500522e+00	1.517312e+00	1.535442e+00	1.554668e+00	1.574641e+00
	1.595012e+00	1.615614e+00	1.636696e+00	1.658909e+00	1.683061e+00
	1.709896e+00	1.740120e+00	1.774553e+00	1.814166e+00	1.859895e+00
	1.912436e+00	1.972013e+00	2.038127e+00	2.109738e+00	2.185874e+00
	2.266325e+00	2.352185e+00	2.445339e+00	2.547571e+00	2.660167e+00
	2.782864e+00	2.913687e+00	3.051006e+00	3.195022e+00	3.346657e+00
	3.505653e+00	3.670216e+00	3.838031e+00	4.007513e+00	4.178233e+00
	4.350385e+00	4.524213e+00	4.699822e+00	4.877072e+00	5.055270e+00
	5.233558e+00
df/deta
	8.089298e-01	8.091014e-01	8.093939e-01	8.098595e-01	8.105679e-01
	8.116114e-01	8.131066e-01	8.151928e-01	8.180279e-01	8.217805e-01
	8.266214e-01	8.327126e-01	8.401986e-01	8.491970e-01	8.597940e-01
	8.720404e-01	8.859525e-01	9.015134e-01	9.186770e-01	9.373726e-01
	9.575099e-01	9.789842e-01	1.001681e+00	1.025480e+00	1.050258e+00
	1.075880e+00	1.102197e+00	1.129046e+00	1.156266e+00	1.183705e+00
	1.211218e+00	1.238667e+00	1.265926e+00	1.292878e+00	1.319436e+00
	1.345607e+00	1.371512e+00	1.397309e+00	1.423150e+00	1.449159e+00
	1.475386e+00	1.501778e+00	1.528165e+00	1.554300e+00	1.579951e+00
	1.605013e+00	1.629509e+00	1.653481e+00	1.676927e+00	1.699798e+00
	1.722011e+00	1.743473e+00	1.764077e+00	1.783722e+00	1.802318e+00
	1.819775e+00	1.835997e+00	1.850895e+00	1.864385e+00	1.876395e+00
	1.886858e+00	1.895759e+00	1.903179e+00	1.909245e+00	1.914097e+00
	1.917888e+00	1.920770e+00	1.922882e+00	1.924347e+00	1.925264e+00
	1.925715e+00	1.925764e+00	1.925460e+00	1.924844e+00	1.923951e+00
	1.922817e+00	1.921470e+00	1.919937e+00	1.918248e+00	1.916437e+00
	1.914541e+00	1.912581e+00	1.910558e+00	1.908461e+00	1.906278e+00
	1.903997e+00	1.901614e+00	1.899136e+00	1.896565e+00	1.893897e+00
	1.891124e+00	1.888239e+00	1.885241e+00	1.882124e+00	1.878873e+00
	1.875456e+00	1.871828e+00	1.867922e+00	1.863651e+00	1.858900e+00
	1.853542e+00	1.847474e+00	1.840660e+00	1.833147e+00	1.825037e+00
	1.816457e+00	1.807476e+00	1.797987e+00	1.787674e+00	1.776120e+00
	1.762892e+00	1.747542e+00	1.729530e+00	1.708202e+00	1.682895e+00
	1.653096e+00	1.618628e+00	1.579888e+00	1.537786e+00	1.493378e+00
	1.447410e+00	1.400027e+00	1.351200e+00	1.301352e+00	1.251582e+00
	1.203891e+00	1.160620e+00	1.123192e+00	1.091840e+00	1.066311e+00
	1.046296e+00	1.031311e+00	1.020586e+00	1.013183e+00	1.008209e+00
	1.004941e+00	1.002842e+00	1.001528e+00	1.000729e+00	1.000261e+00
	1.000000e+00
Z
	1.000000e+00	9.999309e-01	9.998094e-01	9.996038e-01	9.992700e-01
	9.987488e-01	9.979644e-01	9.968257e-01	9.952296e-01	9.930653e-01
	9.902205e-01	9.865875e-01	9.820689e-01	9.765821e-01	9.700628e-01
	9.624662e-01	9.537676e-01	9.439614e-01	9.330596e-01	9.210895e-01
	9.080916e-01	8.941173e-01	8.792261e-01	8.634835e-01	8.469609e-01
	8.297393e-01	8.119138e-01	7.935906e-01	7.748795e-01	7.558879e-01
	7.367204e-01	7.174786e-01	6.982583e-01	6.791494e-01	6.602230e-01
	6.414815e-01	6.228449e-01	6.042042e-01	5.854516e-01	5.664971e-01
	5.473020e-01	5.279033e-01	5.084205e-01	4.890322e-01	4.699072e-01
	4.511191e-01	4.326433e-01	4.144387e-01	3.964940e-01	3.788323e-01
	3.614996e-01	3.445477e-01	3.280314e-01	3.120034e-01	2.965054e-01
	2.815792e-01	2.672741e-01	2.536406e-01	2.407319e-01	2.286094e-01
	2.173562e-01	2.070365e-01	1.976411e-01	1.891255e-01	1.814373e-01
	1.745060e-01	1.682505e-01	1.625867e-01	1.574330e-01	1.527144e-01
	1.483633e-01	1.443220e-01	1.405473e-01	1.370104e-01	1.336921e-01
	1.305761e-01	1.276460e-01	1.248861e-01	1.222899e-01	1.198602e-01
	1.175980e-01	1.154880e-01	1.135006e-01	1.116048e-01	1.097752e-01
	1.079946e-01	1.062562e-01	1.045595e-01	1.029027e-01	1.012796e-01
	9.968284e-02	9.810826e-02	9.655382e-02	9.501626e-02	9.348816e-02
	9.195693e-02	9.040523e-02	8.881201e-02	8.715156e-02	8.539390e-02
	8.351160e-02	8.149277e-02	7.935167e-02	7.712516e-02	7.485992e-02
	7.259963e-02	7.036478e-02	6.813102e-02	6.583469e-02	6.340401e-02
	6.078295e-02	5.792952e-02	5.480367e-02	5.136814e-02	4.760948e-02
	4.355622e-02	3.929030e-02	3.494928e-02	3.069067e-02	2.663931e-02
	2.285519e-02	1.933399e-02	1.605993e-02	1.304541e-02	1.032729e-02
	7.964378e-03	6.002816e-03	4.433249e-03	3.203141e-03	2.256008e-03
	1.546636e-03	1.034121e-03	6.766172e-04	4.339073e-04	2.721616e-04
	1.659829e-04	9.735677e-05	5.375047e-05	2.655373e-05	9.943007e-06
	0.000000e+00
temperature [K]
	3.000000e+02	3.000825e+02	3.002278e+02	3.004733e+02	3.008716e+02
	3.014934e+02	3.024283e+02	3.037841e+02	3.056814e+02	3.082482e+02
	3.116109e+02	3.158865e+02	3.211744e+02	3.275511e+02	3.350662e+02
	3.437427e+02	3.535777e+02	3.645466e+02	3.766074e+02	3.897052e+02
	4.037770e+02	4.187556e+02	4.345733e+02	4.511642e+02	4.684645e+02
	4.864075e+02	5.049189e+02	5.239181e+02	5.433251e+02	5.630647e+02
	5.830655e+02	6.032583e+02	6.235779e+02	6.439619e+02	6.643642e+02
	6.848090e+02	7.054113e+02	7.263234e+02	7.477048e+02	7.697052e+02
	7.924252e+02	8.158828e+02	8.399954e+02	8.645964e+02	8.895133e+02
	9.146804e+02	9.401575e+02	9.660336e+02	9.923614e+02	1.019159e+03
	1.046410e+03	1.074061e+03	1.102036e+03	1.130251e+03	1.158619e+03
	1.187042e+03	1.215384e+03	1.243484e+03	1.271149e+03	1.298136e+03
	1.324123e+03	1.348790e+03	1.371980e+03	1.393624e+03	1.413690e+03
	1.432215e+03	1.449291e+03	1.465044e+03	1.479619e+03	1.493162e+03
	1.505816e+03	1.517709e+03	1.528937e+03	1.539558e+03	1.549607e+03
	1.559110e+03	1.568099e+03	1.576603e+03	1.584625e+03	1.592138e+03
	1.599126e+03	1.605620e+03	1.611703e+03	1.617456e+03	1.622946e+03
	1.628210e+03	1.633252e+03	1.638057e+03	1.642612e+03	1.646915e+03
	1.650965e+03	1.654747e+03	1.658238e+03	1.661418e+03	1.664265e+03
	1.666763e+03	1.668879e+03	1.670562e+03	1.671722e+03	1.672207e+03
	1.671783e+03	1.670123e+03	1.666863e+03	1.661698e+03	1.654473e+03
	1.645216e+03	1.634043e+03	1.620915e+03	1.605474e+03	1.587133e+03
	1.565262e+03	1.539234e+03	1.508323e+03	1.471651e+03	1.428325e+03
	1.377618e+03	1.319206e+03	1.253528e+03	1.181772e+03	1.105407e+03
	1.025548e+03	9.424795e+02	8.563711e+02	7.685137e+02	6.818192e+02
	6.008714e+02	5.301990e+02	4.717730e+02	4.250228e+02	3.885302e+02
	3.609370e+02	3.408651e+02	3.267955e+02	3.172104e+02	3.108070e+02
	3.065961e+02	3.038712e+02	3.021381e+02	3.010566e+02	3.003957e+02
	3.000000e+02
massfraction-N2
	1.000000e-60	7.037626e-04	1.651238e-03	2.892136e-03	4.473910e-03
	6.444085e-03	8.846939e-03	1.171919e-02	1.508822e-02	1.897140e-02
	2.337660e-02	2.830332e-02	3.374422e-02	3.968659e-02	4.611385e-02
	5.300687e-02	6.034507e-02	6.810719e-02	7.627193e-02	8.481829e-02
	9.372587e-02	1.029750e-01	1.125470e-01	1.224243e-01	1.325894e-01
	1.430213e-01	1.536929e-01	1.645714e-01	1.756222e-01	1.868115e-01
	1.981057e-01	2.094708e-01	2.208736e-01	2.322811e-01	2.436685e-01
	2.550493e-01	2.664865e-01	2.780623e-01	2.898610e-01	3.019600e-01
	3.144076e-01	3.272052e-01	3.402983e-01	3.535871e-01	3.669694e-01
	3.804166e-01	3.939199e-01	4.075316e-01	4.212663e-01	4.351143e-01
	4.490455e-01	4.630181e-01	4.769811e-01	4.908788e-01	5.046590e-01
	5.182634e-01	5.316205e-01	5.446512e-01	5.572670e-01	5.693654e-01
	5.808155e-01	5.915005e-01	6.013795e-01	6.104527e-01	6.187356e-01
	6.262698e-01	6.331154e-01	6.393426e-01	6.450233e-01	6.502269e-01
	6.550178e-01	6.594512e-01	6.635683e-01	6.673957e-01	6.709510e-01
	6.742499e-01	6.773098e-01	6.801478e-01	6.827732e-01	6.851866e-01
	6.873927e-01	6.894120e-01	6.912783e-01	6.930253e-01	6.946792e-01
	6.962583e-01	6.977706e-01	6.992186e-01	7.006059e-01	7.019401e-01
	7.032287e-01	7.044771e-01	7.056883e-01	7.068664e-01	7.080184e-01
	7.091547e-01	7.102888e-01	7.114358e-01	7.126137e-01	7.138421e-01
	7.151381e-01	7.165074e-01	7.179381e-01	7.194044e-01	7.208755e-01
	7.223243e-01	7.237395e-01	7.251378e-01	7.265593e-01	7.280475e-01
	7.296342e-01	7.313419e-01	7.331910e-01	7.351998e-01	7.373721e-01
	7.396878e-01	7.420974e-01	7.445247e-01	7.468894e-01	7.491361e-01
	7.512480e-01	7.532425e-01	7.551416e-01	7.569499e-01	7.586547e-01
	7.602228e-01	7.616124e-01	7.628047e-01	7.638075e-01	7.646355e-01
	7.652997e-01	7.658131e-01	7.661960e-01	7.664742e-01	7.666730e-01
	7.668136e-01	7.669120e-01	7.669802e-01	7.670269e-01	7.670585e-01
	7.670796e-01
massfraction-O2
	1.000000e-60	2.606921e-05	6.133906e-05	1.077451e-04	1.671512e-04
	2.414310e-04	3.323375e-04	4.413333e-04	5.695155e-04	7.175843e-04
	8.858574e-04	1.074313e-03	1.282647e-03	1.510334e-03	1.756685e-03
	2.020906e-03	2.302140e-03	2.599504e-03	2.912112e-03	3.239094e-03
	3.579608e-03	3.932847e-03	4.298044e-03	4.674484e-03	5.061460e-03
	5.458145e-03	5.863474e-03	6.276183e-03	6.694949e-03	7.118484e-03
	7.545515e-03	7.974762e-03	8.404979e-03	8.834940e-03	9.263726e-03
	9.691870e-03	1.012175e-02	1.055647e-02	1.099919e-02	1.145283e-02
	1.191917e-02	1.239827e-02	1.288810e-02	1.338493e-02	1.388495e-02
	1.438716e-02	1.489122e-02	1.539914e-02	1.591151e-02	1.642801e-02
	1.694759e-02	1.746875e-02	1.798967e-02	1.850838e-02	1.902302e-02
	1.953155e-02	2.003145e-02	2.051990e-02	2.099377e-02	2.144937e-02
	2.188198e-02	2.228731e-02	2.266393e-02	2.301196e-02	2.333205e-02
	2.362590e-02	2.389593e-02	2.414501e-02	2.437617e-02	2.459245e-02
	2.479685e-02	2.499216e-02	2.518077e-02	2.536458e-02	2.554522e-02
	2.572422e-02	2.590329e-02	2.608414e-02	2.626792e-02	2.645489e-02
	2.664501e-02	2.683922e-02	2.703999e-02	2.725054e-02	2.747434e-02
	2.771471e-02	2.797413e-02	2.825437e-02	2.855740e-02	2.888619e-02
	2.924439e-02	2.963553e-02	3.006294e-02	3.053060e-02	3.104443e-02
	3.161348e-02	3.225103e-02	3.297570e-02	3.381380e-02	3.480188e-02
	3.598603e-02	3.741444e-02	3.912453e-02	4.113351e-02	4.343571e-02
	4.600659e-02	4.882696e-02	5.192746e-02	5.540830e-02	5.941160e-02
	6.408345e-02	6.956705e-02	7.601839e-02	8.360229e-02	9.243918e-02
	1.025408e-01	1.137481e-01	1.256890e-01	1.378561e-01	1.497774e-01
	1.611598e-01	1.719297e-01	1.820863e-01	1.915601e-01	2.001986e-01
	2.077675e-01	2.140724e-01	2.191114e-01	2.230406e-01	2.260417e-01
	2.282661e-01	2.298530e-01	2.309439e-01	2.316727e-01	2.321501e-01
	2.324578e-01	2.326531e-01	2.327748e-01	2.328494e-01	2.328941e-01
	2.329204e-01
massfraction-H
	1.000000e-60	2.062016e-17	4.266054e-17	6.626554e-17	9.185480e-17
	1.204389e-16	1.539113e-16	1.954948e-16	2.504827e-16	3.274757e-16
	4.405313e-16	6.129388e-16	8.838298e-16	1.319679e-15	2.034146e-15
	3.221879e-15	5.215183e-15	8.576986e-15	1.424941e-14	2.378401e-14
	3.968639e-14	6.591320e-14	1.085624e-13	1.767988e-13	2.840440e-13
	4.494150e-13	6.993624e-13	1.069533e-12	1.607011e-12	2.373077e-12
	3.446535e-12	4.927737e-12	6.943659e-12	9.653873e-12	1.326007e-11
	1.803201e-11	2.435203e-11	3.276447e-11	4.404603e-11	5.930950e-11
	8.012893e-11	1.086873e-10	1.479355e-10	2.017692e-10	2.753641e-10
	3.760001e-10	5.143316e-10	7.060244e-10	9.737794e-10	1.350518e-09
	1.884074e-09	2.644295e-09	3.733531e-09	5.302811e-09	7.578041e-09
	1.089981e-08	1.578557e-08	2.303416e-08	3.389604e-08	5.033814e-08
	7.538621e-08	1.135932e-07	1.717826e-07	2.596940e-07	3.902142e-07
	5.794122e-07	8.462084e-07	1.211888e-06	1.699629e-06	2.334223e-06
	3.142128e-06	4.151139e-06	5.388367e-06	6.876603e-06	8.631585e-06
	1.066155e-05	1.296861e-05	1.554841e-05	1.838155e-05	2.142703e-05
	2.463383e-05	2.796760e-05	3.142419e-05	3.501612e-05	3.875922e-05
	4.266319e-05	4.671967e-05	5.090521e-05	5.519799e-05	5.958774e-05
	6.406803e-05	6.862501e-05	7.323780e-05	7.788853e-05	8.257136e-05
	8.729573e-05	9.208337e-05	9.696185e-05	1.019616e-04	1.071055e-04
	1.123760e-04	1.176692e-04	1.227735e-04	1.274136e-04	1.313299e-04
	1.343441e-04	1.363926e-04	1.374905e-04	1.376334e-04	1.367279e-04
	1.345967e-04	1.310115e-04	1.257030e-04	1.183764e-04	1.087979e-04
	9.694508e-05	8.317507e-05	6.831671e-05	5.349129e-05	3.974222e-05
	2.776984e-05	1.791726e-05	1.037043e-05	5.196685e-06	2.175382e-06
	7.452533e-07	2.095568e-07	4.929128e-08	1.021746e-08	2.143701e-09
	5.533462e-10	1.847981e-10	7.195517e-11	2.983839e-11	1.256301e-11
	5.200613e-12	2.047591e-12	7.301910e-13	2.142565e-13	3.991645e-14
	1.000000e-60
massfraction-OH
	1.000000e-60	2.308279e-20	1.254605e-19	3.834731e-19	9.229399e-19
	1.950649e-18	3.810208e-18	7.083691e-18	1.278421e-17	2.272362e-17
	4.021895e-17	7.145419e-17	1.281088e-16	2.324161e-16	4.268274e-16
	7.922399e-16	1.481780e-15	2.782065e-15	5.221554e-15	9.757057e-15
	1.808589e-14	3.315400e-14	5.996157e-14	1.068100e-13	1.871797e-13
	3.224499e-13	5.456761e-13	9.067094e-13	1.479071e-12	2.369022e-12
	3.727142e-12	5.762784e-12	8.762084e-12	1.310970e-11	1.931940e-11
	2.810138e-11	4.048426e-11	5.797862e-11	8.282440e-11	1.183705e-10
	1.695842e-10	2.437045e-10	3.510151e-10	5.057664e-10	7.276886e-10
	1.045293e-09	1.501183e-09	2.159342e-09	3.114623e-09	4.507269e-09
	6.543888e-09	9.528139e-09	1.390482e-08	2.032499e-08	2.974660e-08
	4.357706e-08	6.387544e-08	9.366055e-08	1.373541e-07	2.013841e-07
	2.948291e-07	4.304241e-07	6.267124e-07	9.102677e-07	1.317410e-06
	1.896274e-06	2.708326e-06	3.829682e-06	5.352571e-06	7.387543e-06
	1.006718e-05	1.354925e-05	1.801441e-05	2.365651e-05	3.067238e-05
	3.925691e-05	4.960389e-05	6.189875e-05	7.626629e-05	9.270928e-05
	1.111358e-04	1.315010e-04	1.539223e-04	1.786400e-04	2.059528e-04
	2.361545e-04	2.694247e-04	3.058150e-04	3.453679e-04	3.882175e-04
	4.345401e-04	4.844403e-04	5.379363e-04	5.950622e-04	6.560015e-04
	7.211831e-04	7.913154e-04	8.673736e-04	9.506443e-04	1.042666e-03
	1.144728e-03	1.256828e-03	1.376611e-03	1.499289e-03	1.618606e-03
	1.728277e-03	1.823706e-03	1.902727e-03	1.963931e-03	2.004193e-03
	2.017890e-03	1.997882e-03	1.936768e-03	1.828219e-03	1.669612e-03
	1.465576e-03	1.230580e-03	9.882273e-04	7.641179e-04	5.757936e-04
	4.274866e-04	3.125284e-04	2.208204e-04	1.456110e-04	8.665843e-05
	4.688499e-05	2.469189e-05	1.365888e-05	8.133978e-06	5.135896e-06
	3.366613e-06	2.257612e-06	1.533430e-06	1.045589e-06	7.085774e-07
	4.716188e-07	3.035163e-07	1.841064e-07	9.970532e-08	4.070201e-08
	1.000000e-60
massfraction-O
	1.000000e-60	2.074030e-21	8.539313e-21	2.188030e-20	4.483920e-20
	8.090558e-20	1.350292e-19	2.149686e-19	3.337648e-19	5.140225e-19
	7.952950e-19	1.246959e-18	1.990814e-18	3.240603e-18	5.370342e-18
	9.030378e-18	1.534021e-17	2.620072e-17	4.478543e-17	7.628956e-17
	1.290352e-16	2.160486e-16	3.572409e-16	5.823492e-16	9.347841e-16
	1.476445e-15	2.293547e-15	3.503869e-15	5.266394e-15	7.794556e-15
	1.137432e-14	1.638927e-14	2.335637e-14	3.297550e-14	4.620798e-14
	6.444431e-14	8.980434e-14	1.255745e-13	1.769351e-13	2.522033e-13
	3.648269e-13	5.365564e-13	8.023256e-13	1.217667e-12	1.871002e-12
	2.907158e-12	4.570101e-12	7.276028e-12	1.173599e-11	1.917052e-11
	3.168161e-11	5.290116e-11	8.911609e-11	1.512391e-10	2.583291e-10
	4.437831e-10	7.662362e-10	1.329219e-09	2.316364e-09	4.052749e-09
	7.100958e-09	1.240740e-08	2.153639e-08	3.695681e-08	6.230406e-08
	1.026140e-07	1.644744e-07	2.561228e-07	3.875463e-07	5.706657e-07
	8.197042e-07	1.151576e-06	1.585811e-06	2.143803e-06	2.848072e-06
	3.722161e-06	4.791274e-06	6.082213e-06	7.618514e-06	9.413932e-06
	1.147468e-05	1.381471e-05	1.647036e-05	1.949906e-05	2.297513e-05
	2.698520e-05	3.161588e-05	3.695127e-05	4.308972e-05	5.016320e-05
	5.833697e-05	6.779575e-05	7.874217e-05	9.142000e-05	1.061560e-04
	1.234135e-04	1.438539e-04	1.684118e-04	1.984278e-04	2.358101e-04
	2.830717e-04	3.430067e-04	4.179046e-04	5.086406e-04	6.140393e-04
	7.308382e-04	8.550234e-04	9.840247e-04	1.116978e-03	1.252296e-03
	1.385187e-03	1.507141e-03	1.606535e-03	1.669049e-03	1.678720e-03
	1.621446e-03	1.490670e-03	1.293853e-03	1.054590e-03	8.058114e-04
	5.776618e-04	3.886093e-04	2.454530e-04	1.461581e-04	8.291017e-05
	4.607534e-05	2.627302e-05	1.590976e-05	1.025246e-05	6.909729e-06
	4.779722e-06	3.347651e-06	2.352118e-06	1.645168e-06	1.135890e-06
	7.662641e-07	4.979034e-07	3.041101e-07	1.655327e-07	6.783860e-08
	1.000000e-60
massfraction-H2
	1.000000e-60	1.891558e-05	3.931643e-05	6.095902e-05	8.359209e-05
	1.070338e-04	1.311313e-04	1.557347e-04	1.807040e-04	2.059159e-04
	2.312679e-04	2.566803e-04	2.820942e-04	3.074691e-04	3.327794e-04
	3.580115e-04	3.831607e-04	4.082287e-04	4.332218e-04	4.581486e-04
	4.830196e-04	5.078460e-04	5.326393e-04	5.574115e-04	5.821725e-04
	6.069216e-04	6.316423e-04	6.563054e-04	6.808781e-04	7.053294e-04
	7.296281e-04	7.537416e-04	7.776376e-04	8.012836e-04	8.246619e-04
	8.478308e-04	8.709435e-04	8.941868e-04	9.177467e-04	9.417918e-04
	9.664321e-04	9.916855e-04	1.017462e-03	1.043586e-03	1.069879e-03
	1.096321e-03	1.122890e-03	1.149727e-03	1.176887e-03	1.204378e-03
	1.232167e-03	1.260203e-03	1.288410e-03	1.316706e-03	1.345010e-03
	1.373229e-03	1.401233e-03	1.428870e-03	1.455958e-03	1.482265e-03
	1.507477e-03	1.531284e-03	1.553519e-03	1.574088e-03	1.592913e-03
	1.609965e-03	1.625252e-03	1.638798e-03	1.650634e-03	1.660779e-03
	1.669240e-03	1.675998e-03	1.681001e-03	1.684178e-03	1.685465e-03
	1.684821e-03	1.682238e-03	1.677735e-03	1.671377e-03	1.663314e-03
	1.653758e-03	1.642895e-03	1.630803e-03	1.617474e-03	1.602858e-03
	1.586905e-03	1.569624e-03	1.551086e-03	1.531359e-03	1.510454e-03
	1.488357e-03	1.465082e-03	1.440670e-03	1.415145e-03	1.388452e-03
	1.360420e-03	1.330756e-03	1.299049e-03	1.264742e-03	1.227139e-03
	1.185556e-03	1.139662e-03	1.089811e-03	1.037054e-03	9.828491e-04
	9.286978e-04	8.755645e-04	8.233255e-04	7.709888e-04	7.175740e-04
	6.627540e-04	6.068322e-04	5.504749e-04	4.946921e-04	4.410186e-04
	3.913518e-04	3.474847e-04	3.105471e-04	2.804926e-04	2.561601e-04
	2.358452e-04	2.178463e-04	2.008426e-04	1.840126e-04	1.669935e-04
	1.499223e-04	1.332595e-04	1.173509e-04	1.022610e-04	8.797810e-05
	7.460387e-05	6.232091e-05	5.126662e-05	4.145894e-05	3.281758e-05
	2.523205e-05	1.860028e-05	1.283357e-05	7.854719e-06	3.599259e-06
	1.000000e-60
massfraction-H2O
	1.000000e-60	1.102047e-04	2.586536e-04	4.531359e-04	7.010466e-04
	1.009723e-03	1.385892e-03	1.834949e-03	2.360646e-03	2.964958e-03
	3.648133e-03	4.408880e-03	5.244612e-03	6.151718e-03	7.125848e-03
	8.162173e-03	9.255631e-03	1.040111e-02	1.159359e-02	1.282829e-02
	1.410070e-02	1.540665e-02	1.674235e-02	1.810442e-02	1.948972e-02
	2.089490e-02	2.231598e-02	2.374853e-02	2.518815e-02	2.663076e-02
	2.807252e-02	2.950971e-02	3.093884e-02	3.235659e-02	3.376072e-02
	3.515371e-02	3.654393e-02	3.794184e-02	3.935791e-02	4.080152e-02
	4.227849e-02	4.378902e-02	4.532686e-02	4.688061e-02	4.843885e-02
	4.999915e-02	5.156062e-02	5.313022e-02	5.471026e-02	5.630023e-02
	5.789738e-02	5.949763e-02	6.109587e-02	6.268650e-02	6.426429e-02
	6.582332e-02	6.735606e-02	6.885404e-02	7.030758e-02	7.170513e-02
	7.303167e-02	7.427343e-02	7.542518e-02	7.648632e-02	7.745785e-02
	7.834380e-02	7.915035e-02	7.988489e-02	8.055507e-02	8.116825e-02
	8.173123e-02	8.224970e-02	8.272768e-02	8.316742e-02	8.357015e-02
	8.393688e-02	8.426889e-02	8.456750e-02	8.483327e-02	8.506620e-02
	8.526709e-02	8.543850e-02	8.558402e-02	8.570671e-02	8.580857e-02
	8.589054e-02	8.595270e-02	8.599485e-02	8.601689e-02	8.601877e-02
	8.600020e-02	8.596068e-02	8.589969e-02	8.581657e-02	8.571019e-02
	8.557851e-02	8.541811e-02	8.522373e-02	8.498754e-02	8.469831e-02
	8.434169e-02	8.390273e-02	8.337037e-02	8.274074e-02	8.201773e-02
	8.121111e-02	8.032831e-02	7.936034e-02	7.827579e-02	7.702933e-02
	7.557280e-02	7.385611e-02	7.182056e-02	6.939765e-02	6.652310e-02
	6.315576e-02	5.929994e-02	5.502881e-02	5.047340e-02	4.577557e-02
	4.103575e-02	3.628391e-02	3.152664e-02	2.680803e-02	2.222487e-02
	1.794157e-02	1.413454e-02	1.088862e-02	8.189778e-03	5.993853e-03
	4.262598e-03	2.951238e-03	1.995977e-03	1.320979e-03	8.539471e-04
	5.361269e-04	3.233434e-04	1.833093e-04	9.283063e-05	3.555485e-05
	1.000000e-60
massfraction-HO2
	1.000000e-60	3.796930e-08	8.946867e-08	1.574207e-07	2.447062e-07
	3.543129e-07	4.891808e-07	6.519878e-07	8.450676e-07	1.070378e-06
	1.329517e-06	1.623762e-06	1.954107e-06	2.321296e-06	2.725840e-06
	3.168041e-06	3.647998e-06	4.165624e-06	4.720648e-06	5.312641e-06
	5.941023e-06	6.605089e-06	7.304032e-06	8.036976e-06	8.802913e-06
	9.600447e-06	1.042756e-05	1.128162e-05	1.215975e-05	1.305892e-05
	1.397602e-05	1.490775e-05	1.585078e-05	1.680169e-05	1.775765e-05
	1.871900e-05	1.969033e-05	2.067791e-05	2.168825e-05	2.272720e-05
	2.379800e-05	2.489964e-05	2.602606e-05	2.716707e-05	2.831217e-05
	2.945707e-05	3.059937e-05	3.174128e-05	3.288144e-05	3.401583e-05
	3.513796e-05	3.623958e-05	3.731084e-05	3.834086e-05	3.931850e-05
	4.023196e-05	4.106872e-05	4.181658e-05	4.246421e-05	4.300144e-05
	4.341960e-05	4.371386e-05	4.388395e-05	4.393082e-05	4.385554e-05
	4.365933e-05	4.334353e-05	4.290975e-05	4.236006e-05	4.169715e-05
	4.092423e-05	4.004550e-05	3.906770e-05	3.800188e-05	3.686338e-05
	3.566999e-05	3.443967e-05	3.318997e-05	3.194108e-05	3.071649e-05
	2.953657e-05	2.841022e-05	2.733455e-05	2.630270e-05	2.530887e-05
	2.435040e-05	2.342957e-05	2.255134e-05	2.171916e-05	2.093360e-05
	2.019454e-05	1.950307e-05	1.886102e-05	1.826935e-05	1.772749e-05
	1.723366e-05	1.678609e-05	1.638426e-05	1.602976e-05	1.572771e-05
	1.548891e-05	1.533059e-05	1.527271e-05	1.533111e-05	1.551258e-05
	1.581493e-05	1.623314e-05	1.677210e-05	1.745747e-05	1.833681e-05
	1.947536e-05	2.095674e-05	2.288981e-05	2.541271e-05	2.868250e-05
	3.286122e-05	3.810177e-05	4.452051e-05	5.216831e-05	6.098471e-05
	7.071233e-05	8.075010e-05	8.975201e-05	9.501174e-05	9.223046e-05
	7.779452e-05	5.483387e-05	3.279201e-05	1.762531e-05	9.086573e-06
	4.721557e-06	2.534414e-06	1.411011e-06	8.083800e-07	4.700451e-07
	2.728948e-07	1.551734e-07	8.404083e-08	4.102104e-08	1.523659e-08
	1.000000e-60
massfraction-H2O2
	1.000000e-60	1.028345e-08	2.425773e-08	4.270651e-08	6.636510e-08
	9.593436e-08	1.320069e-07	1.749758e-07	2.249845e-07	2.819017e-07
	3.453257e-07	4.146129e-07	4.889229e-07	5.672741e-07	6.486027e-07
	7.318193e-07	8.158572e-07	8.997091e-07	9.824509e-07	1.063256e-06
	1.141400e-06	1.216258e-06	1.287300e-06	1.354083e-06	1.416233e-06
	1.473422e-06	1.525353e-06	1.571781e-06	1.612533e-06	1.647508e-06
	1.676673e-06	1.700051e-06	1.717720e-06	1.729807e-06	1.736483e-06
	1.737941e-06	1.734307e-06	1.725560e-06	1.711523e-06	1.691880e-06
	1.666234e-06	1.634222e-06	1.595643e-06	1.550543e-06	1.499153e-06
	1.441678e-06	1.377902e-06	1.307705e-06	1.231015e-06	1.147974e-06
	1.059013e-06	9.648913e-07	8.667719e-07	7.662406e-07	6.652640e-07
	5.662022e-07	4.717194e-07	3.844827e-07	3.068334e-07	2.404609e-07
	1.861796e-07	1.436367e-07	1.113810e-07	8.752162e-08	7.017891e-08
	5.767617e-08	4.866253e-08	4.212646e-08	3.735086e-08	3.384948e-08
	3.130799e-08	2.953987e-08	2.845512e-08	2.803622e-08	2.831926e-08
	2.938177e-08	3.133674e-08	3.432843e-08	3.851380e-08	4.402878e-08
	5.097624e-08	5.947159e-08	6.970880e-08	8.197329e-08	9.663332e-08
	1.141196e-07	1.348629e-07	1.592686e-07	1.877840e-07	2.209855e-07
	2.595770e-07	3.043192e-07	3.560190e-07	4.156395e-07	4.845019e-07
	5.645365e-07	6.585735e-07	7.707092e-07	9.069840e-07	1.076322e-06
	1.291214e-06	1.567385e-06	1.922124e-06	2.372330e-06	2.932837e-06
	3.615271e-06	4.432620e-06	5.413660e-06	6.616551e-06	8.129216e-06
	1.006131e-05	1.254035e-05	1.570861e-05	1.969156e-05	2.449650e-05
	2.985520e-05	3.511832e-05	3.942680e-05	4.221744e-05	4.352492e-05
	4.370138e-05	4.296275e-05	4.121627e-05	3.821474e-05	3.388205e-05
	2.856083e-05	2.292085e-05	1.762586e-05	1.306397e-05	9.354241e-06
	6.481140e-06	4.359417e-06	2.858263e-06	1.830746e-06	1.143805e-06
	6.933387e-07	4.035589e-07	2.208675e-07	1.081178e-07	4.012378e-08
	1.000000e-60
massfraction-CO
	1.000000e-60	6.687636e-05	1.570861e-04	2.754435e-04	4.265563e-04
	6.150405e-04	8.451964e-04	1.120588e-03	1.443864e-03	1.816689e-03
	2.239791e-03	2.713067e-03	3.235737e-03	3.806488e-03	4.423625e-03
	5.085205e-03	5.789142e-03	6.533292e-03	7.315512e-03	8.133699e-03
	8.985814e-03	9.869906e-03	1.078412e-02	1.172671e-02	1.269597e-02
	1.368987e-02	1.470578e-02	1.574055e-02	1.679089e-02	1.785358e-02
	1.892545e-02	2.000327e-02	2.108393e-02	2.216432e-02	2.324212e-02
	2.431867e-02	2.539994e-02	2.649371e-02	2.760797e-02	2.875001e-02
	2.992440e-02	3.113125e-02	3.236544e-02	3.361758e-02	3.487808e-02
	3.614430e-02	3.741545e-02	3.869650e-02	3.998891e-02	4.129181e-02
	4.260244e-02	4.391696e-02	4.523063e-02	4.653831e-02	4.783516e-02
	4.911577e-02	5.037348e-02	5.160089e-02	5.278973e-02	5.393030e-02
	5.501028e-02	5.601856e-02	5.695116e-02	5.780799e-02	5.859033e-02
	5.930193e-02	5.994829e-02	6.053578e-02	6.107100e-02	6.156023e-02
	6.200921e-02	6.242281e-02	6.280448e-02	6.315622e-02	6.347915e-02
	6.377416e-02	6.404225e-02	6.428434e-02	6.450068e-02	6.469091e-02
	6.485524e-02	6.499527e-02	6.511343e-02	6.521165e-02	6.529089e-02
	6.535108e-02	6.539133e-02	6.541040e-02	6.540699e-02	6.537964e-02
	6.532643e-02	6.524506e-02	6.513300e-02	6.498733e-02	6.480417e-02
	6.457782e-02	6.429989e-02	6.395819e-02	6.353501e-02	6.300496e-02
	6.233469e-02	6.148737e-02	6.043246e-02	5.915557e-02	5.766385e-02
	5.598490e-02	5.414945e-02	5.216048e-02	4.998298e-02	4.756923e-02
	4.489002e-02	4.194280e-02	3.874386e-02	3.532859e-02	3.176531e-02
	2.815550e-02	2.462023e-02	2.128141e-02	1.822901e-02	1.549918e-02
	1.307727e-02	1.091552e-02	8.970524e-03	7.224178e-03	5.678145e-03
	4.350964e-03	3.258716e-03	2.390729e-03	1.714951e-03	1.198325e-03
	8.144606e-04	5.395667e-04	3.496546e-04	2.220383e-04	1.379013e-04
	8.328090e-05	4.838150e-05	2.646601e-05	1.296193e-05	4.815450e-06
	1.000000e-60
massfraction-CO2
	1.000000e-60	3.005504e-05	7.493346e-05	1.398275e-04	2.306710e-04
	3.542177e-04	5.177728e-04	7.287280e-04	9.941505e-04	1.320410e-03
	1.712901e-03	2.175867e-03	2.712333e-03	3.324114e-03	4.011895e-03
	4.775370e-03	5.613397e-03	6.524163e-03	7.505334e-03	8.554198e-03
	9.667785e-03	1.084297e-02	1.207655e-02	1.336537e-02	1.470617e-02
	1.609520e-02	1.752783e-02	1.899861e-02	2.050184e-02	2.203188e-02
	2.358315e-02	2.515005e-02	2.672707e-02	2.830887e-02	2.989121e-02
	3.147531e-02	3.306934e-02	3.468427e-02	3.633143e-02	3.802115e-02
	3.975976e-02	4.154695e-02	4.337460e-02	4.522822e-02	4.709305e-02
	4.896446e-02	5.084104e-02	5.272940e-02	5.463104e-02	5.654405e-02
	5.846373e-02	6.038378e-02	6.229668e-02	6.419433e-02	6.606920e-02
	6.791304e-02	6.971590e-02	7.146700e-02	7.315453e-02	7.476497e-02
	7.628144e-02	7.768926e-02	7.898406e-02	8.016698e-02	8.124114e-02
	8.221306e-02	8.309150e-02	8.388634e-02	8.460752e-02	8.526448e-02
	8.586580e-02	8.641876e-02	8.692874e-02	8.739916e-02	8.783226e-02
	8.822999e-02	8.859444e-02	8.892763e-02	8.923061e-02	8.950351e-02
	8.974703e-02	8.996373e-02	9.015751e-02	9.033193e-02	9.048952e-02
	9.063169e-02	9.075869e-02	9.087021e-02	9.096604e-02	9.104609e-02
	9.111011e-02	9.115748e-02	9.118730e-02	9.119857e-02	9.118998e-02
	9.115958e-02	9.110426e-02	9.101917e-02	9.089684e-02	9.072594e-02
	9.049051e-02	9.017091e-02	8.974724e-02	8.920348e-02	8.853033e-02
	8.772595e-02	8.678892e-02	8.570137e-02	8.441692e-02	8.286549e-02
	8.096513e-02	7.862482e-02	7.573877e-02	7.219031e-02	6.788355e-02
	6.278920e-02	5.699237e-02	5.072215e-02	4.429981e-02	3.802639e-02
	3.209376e-02	2.656611e-02	2.146515e-02	1.684269e-02	1.277808e-02
	9.366684e-03	6.659372e-03	4.606866e-03	3.095622e-03	2.012005e-03
	1.263080e-03	7.681856e-04	4.549311e-04	2.632273e-04	1.487118e-04
	8.166139e-05	4.318393e-05	2.156789e-05	9.695419e-06	3.332278e-06
	1.000000e-60
massfraction-CH
	1.000000e-60	1.117369e-27	1.000000e-60	1.000000e-60	1.000000e-60
	6.095514e-28	1.000000e-60	1.000000e-60	3.714469e-28	1.000000e-60
	1.000000e-60	1.000000e-60	2.571700e-28	3.147466e-27	1.000000e-60
	1.000000e-60	6.617438e-28	1.000000e-60	1.517733e-26	1.142588e-26
	2.668096e-26	6.233965e-26	6.904876e-26	3.617622e-25	1.095634e-24
	3.542201e-24	1.078659e-23	3.167453e-23	8.872688e-23	2.364726e-22
	6.028444e-22	1.473355e-21	3.457969e-21	7.816611e-21	1.707119e-20
	3.620864e-20	7.514733e-20	1.537872e-19	3.124951e-19	6.341746e-19
	1.290295e-18	2.635375e-18	5.395860e-18	1.103750e-17	2.248380e-17
	4.560527e-17	9.239403e-17	1.876974e-16	3.834499e-16	7.891804e-16
	1.637768e-15	3.428492e-15	7.240323e-15	1.542639e-14	3.318423e-14
	7.214842e-14	1.587448e-13	3.541515e-13	8.030686e-13	1.854414e-12
	4.354294e-12	1.034390e-11	2.470767e-11	5.879787e-11	1.376594e-10
	3.132649e-10	6.865021e-10	1.440739e-09	2.889610e-09	5.541777e-09
	1.018664e-08	1.800074e-08	3.065588e-08	5.038928e-08	8.001175e-08
	1.228607e-07	1.827220e-07	2.636624e-07	3.694573e-07	5.027070e-07
	6.645727e-07	8.558677e-07	1.078441e-06	1.335172e-06	1.629422e-06
	1.964258e-06	2.340995e-06	2.758752e-06	3.215677e-06	3.710057e-06
	4.239639e-06	4.800147e-06	5.385002e-06	5.986384e-06	6.596340e-06
	7.206950e-06	7.809164e-06	8.390431e-06	8.931803e-06	9.402850e-06
	9.754123e-06	9.913661e-06	9.800057e-06	9.355461e-06	8.579964e-06
	7.542420e-06	6.352198e-06	5.110054e-06	3.890013e-06	2.759651e-06
	1.791731e-06	1.044367e-06	5.353237e-07	2.364157e-07	8.874080e-08
	2.831302e-08	7.817331e-09	1.935166e-09	4.470537e-10	9.872878e-11
	2.064437e-11	3.875544e-12	5.992295e-13	6.913049e-14	5.450757e-15
	2.886724e-16	1.124506e-17	3.698601e-19	1.173775e-20	4.326809e-22
	2.350061e-23	2.044010e-24	2.570673e-25	4.147856e-26	7.808270e-27
	1.570650e-27	3.216499e-28	5.724603e-29	1.007040e-29	3.372302e-32
	1.000000e-60
massfraction-CHO
	1.000000e-60	3.759498e-19	9.145750e-19	1.613170e-18	2.463744e-18
	3.490932e-18	4.782300e-18	6.521410e-18	9.046499e-18	1.296866e-17
	1.941154e-17	3.049499e-17	5.031293e-17	8.691536e-17	1.563204e-16
	2.905788e-16	5.537755e-16	1.073190e-15	2.098548e-15	4.111553e-15
	8.022085e-15	1.550793e-14	2.958287e-14	5.551403e-14	1.022469e-13
	1.845104e-13	3.257526e-13	5.620223e-13	9.468714e-13	1.557156e-12
	2.499187e-12	3.914275e-12	5.982461e-12	8.922619e-12	1.299043e-11
	1.848897e-11	2.579374e-11	3.536843e-11	4.777865e-11	6.370488e-11
	8.393022e-11	1.093066e-10	1.407133e-10	1.790488e-10	2.253536e-10
	2.811514e-10	3.487547e-10	4.315084e-10	5.339247e-10	6.620172e-10
	8.237815e-10	1.029927e-09	1.294830e-09	1.637974e-09	2.086306e-09
	2.677428e-09	3.464271e-09	4.522935e-09	5.964525e-09	7.951822e-09
	1.071665e-08	1.458385e-08	2.001450e-08	2.763049e-08	3.820578e-08
	5.265517e-08	7.200827e-08	9.738779e-08	1.300022e-07	1.711609e-07
	2.223177e-07	2.850967e-07	3.612230e-07	4.523625e-07	5.600056e-07
	6.854551e-07	8.298884e-07	9.942829e-07	1.178778e-06	1.382053e-06
	1.601865e-06	1.836765e-06	2.087210e-06	2.354832e-06	2.641575e-06
	2.948970e-06	3.277082e-06	3.624531e-06	3.989749e-06	4.371838e-06
	4.769952e-06	5.182248e-06	5.605795e-06	6.037390e-06	6.474343e-06
	6.914633e-06	7.356294e-06	7.796120e-06	8.228176e-06	8.640801e-06
	9.010963e-06	9.298471e-06	9.447330e-06	9.399810e-06	9.117756e-06
	8.599141e-06	7.875869e-06	6.990024e-06	5.977228e-06	4.878914e-06
	3.761764e-06	2.714225e-06	1.821787e-06	1.140380e-06	6.793623e-07
	4.019142e-07	2.484791e-07	1.647364e-07	1.146895e-07	7.952598e-08
	5.166123e-08	2.958697e-08	1.411191e-08	5.348987e-09	1.561650e-09
	3.520130e-10	6.485336e-11	1.108806e-11	2.172565e-12	5.665181e-13
	1.818596e-13	6.360256e-14	2.296942e-14	8.375564e-15	3.025257e-15
	1.058757e-15	3.487713e-16	1.030917e-16	2.464085e-17	3.417705e-18
	1.000000e-60
massfraction-CH2
	1.000000e-60	7.434802e-22	1.525339e-21	2.357699e-21	3.270996e-21
	4.330234e-21	5.655989e-21	7.463542e-21	1.014102e-20	1.441005e-20
	2.166810e-20	3.473829e-20	5.955087e-20	1.089913e-19	2.118376e-19
	4.336767e-19	9.258477e-19	2.039006e-18	4.582327e-18	1.040113e-17
	2.362527e-17	5.327187e-17	1.184588e-16	2.584173e-16	5.508741e-16
	1.144124e-15	2.310018e-15	4.527324e-15	8.607989e-15	1.588232e-14
	2.846163e-14	4.960072e-14	8.418997e-14	1.394062e-13	2.256224e-13
	3.580705e-13	5.598481e-13	8.664670e-13	1.333062e-12	2.045924e-12
	3.139402e-12	4.819612e-12	7.395491e-12	1.131843e-11	1.724286e-11
	2.614660e-11	3.953601e-11	5.975138e-11	9.040521e-11	1.370778e-10
	2.083907e-10	3.176878e-10	4.856516e-10	7.444729e-10	1.144751e-09
	1.766525e-09	2.737173e-09	4.262098e-09	6.676560e-09	1.053042e-08
	1.670817e-08	2.660156e-08	4.238360e-08	6.729595e-08	1.058423e-07
	1.639198e-07	2.488168e-07	3.691187e-07	5.345679e-07	7.559350e-07
	1.044964e-06	1.414130e-06	1.875691e-06	2.439987e-06	3.113957e-06
	3.900528e-06	4.798841e-06	5.803962e-06	6.903584e-06	8.075823e-06
	9.294526e-06	1.054010e-05	1.180440e-05	1.308491e-05	1.437915e-05
	1.568120e-05	1.697798e-05	1.825129e-05	1.948381e-05	2.066164e-05
	2.177134e-05	2.279695e-05	2.372082e-05	2.452600e-05	2.519697e-05
	2.571778e-05	2.606837e-05	2.622018e-05	2.613164e-05	2.574281e-05
	2.497432e-05	2.374316e-05	2.200189e-05	1.978229e-05	1.721156e-05
	1.448531e-05	1.179710e-05	9.271553e-06	6.970529e-06	4.947626e-06
	3.269016e-06	1.983595e-06	1.090839e-06	5.375409e-07	2.364539e-07
	9.367304e-08	3.423132e-08	1.197517e-08	4.167652e-09	1.477495e-09
	5.320708e-10	1.883189e-10	6.210524e-11	1.796485e-11	4.323615e-12
	8.623252e-13	1.537428e-13	2.728174e-14	5.186898e-15	1.102067e-15
	2.716671e-16	8.001896e-17	2.829315e-17	1.173164e-17	5.482413e-18
	2.764993e-18	1.441778e-18	7.406950e-19	3.471707e-19	1.192347e-19
	1.000000e-60
massfraction-CH2O
	1.000000e-60	3.100216e-07	7.777437e-07	1.460764e-06	2.425851e-06
	3.749840e-06	5.516769e-06	7.812674e-06	1.072073e-05	1.431665e-05
	1.866504e-05	2.381687e-05	2.980827e-05	3.666021e-05	4.437926e-05
	5.295907e-05	6.238229e-05	7.262258e-05	8.364676e-05	9.541669e-05
	1.078910e-04	1.210267e-04	1.347802e-04	1.491089e-04	1.639701e-04
	1.793164e-04	1.950915e-04	2.112316e-04	2.276714e-04	2.443476e-04
	2.611987e-04	2.781639e-04	2.951849e-04	3.122053e-04	3.291818e-04
	3.461298e-04	3.631382e-04	3.803250e-04	3.978106e-04	4.157036e-04
	4.340691e-04	4.529016e-04	4.721130e-04	4.915488e-04	5.110521e-04
	5.305726e-04	5.500903e-04	5.696684e-04	5.893129e-04	6.089906e-04
	6.286346e-04	6.481561e-04	6.674466e-04	6.863836e-04	7.048397e-04
	7.226684e-04	7.396935e-04	7.557189e-04	7.705293e-04	7.838935e-04
	7.955677e-04	8.053665e-04	8.132312e-04	8.191866e-04	8.233166e-04
	8.257641e-04	8.267090e-04	8.263462e-04	8.248688e-04	8.224565e-04
	8.192701e-04	8.154510e-04	8.111286e-04	8.064289e-04	8.014730e-04
	7.963680e-04	7.911973e-04	7.860206e-04	7.808895e-04	7.758537e-04
	7.709422e-04	7.661358e-04	7.613654e-04	7.565408e-04	7.515663e-04
	7.463480e-04	7.408063e-04	7.348716e-04	7.284644e-04	7.214797e-04
	7.137942e-04	7.052825e-04	6.958197e-04	6.852638e-04	6.734270e-04
	6.600451e-04	6.447482e-04	6.270324e-04	6.062057e-04	5.813416e-04
	5.513494e-04	5.152787e-04	4.728294e-04	4.247556e-04	3.729180e-04
	3.199170e-04	2.681837e-04	2.190814e-04	1.731048e-04	1.308802e-04
	9.364445e-05	6.277795e-05	3.910076e-05	2.252576e-05	1.206864e-05
	6.132190e-06	3.051771e-06	1.542917e-06	8.137216e-07	4.508910e-07
	2.601934e-07	1.540772e-07	9.282912e-08	5.707830e-08	3.610140e-08
	2.351849e-08	1.560987e-08	1.038519e-08	6.821008e-09	4.372255e-09
	2.720689e-09	1.644827e-09	9.697960e-10	5.591174e-10	3.148737e-10
	1.723905e-10	9.089998e-11	4.527108e-11	2.029515e-11	6.957600e-12
	1.000000e-60
massfraction-CH3
	1.000000e-60	4.564261e-09	1.056439e-08	1.825939e-08	2.790447e-08
	3.978057e-08	5.419080e-08	7.145286e-08	9.190615e-08	1.159228e-07
	1.439214e-07	1.763822e-07	2.138605e-07	2.570000e-07	3.065452e-07
	3.633549e-07	4.284160e-07	5.028598e-07	5.879804e-07	6.852569e-07
	7.963801e-07	9.232853e-07	1.068192e-06	1.233657e-06	1.422609e-06
	1.638340e-06	1.884455e-06	2.164879e-06	2.483935e-06	2.846425e-06
	3.257651e-06	3.723406e-06	4.250013e-06	4.844312e-06	5.514093e-06
	6.270470e-06	7.130464e-06	8.117358e-06	9.261476e-06	1.060149e-05
	1.218404e-05	1.406217e-05	1.629229e-05	1.893166e-05	2.204208e-05
	2.570626e-05	3.003821e-05	3.518994e-05	4.134561e-05	4.872641e-05
	5.759703e-05	6.827574e-05	8.114321e-05	9.665547e-05	1.153665e-04
	1.379347e-04	1.651149e-04	1.977565e-04	2.367645e-04	2.829944e-04
	3.370016e-04	3.989247e-04	4.686946e-04	5.459110e-04	6.296597e-04
	7.186742e-04	8.114550e-04	9.063932e-04	1.001864e-03	1.096293e-03
	1.188190e-03	1.276106e-03	1.358520e-03	1.433813e-03	1.500448e-03
	1.557178e-03	1.603160e-03	1.637931e-03	1.661324e-03	1.673587e-03
	1.675514e-03	1.668241e-03	1.652810e-03	1.629955e-03	1.600144e-03
	1.563729e-03	1.521165e-03	1.473083e-03	1.420135e-03	1.362833e-03
	1.301614e-03	1.236990e-03	1.169566e-03	1.099892e-03	1.028315e-03
	9.549141e-04	8.795314e-04	8.018734e-04	7.215573e-04	6.382748e-04
	5.523007e-04	4.652150e-04	3.801830e-04	3.011769e-04	2.316699e-04
	1.736553e-04	1.271923e-04	9.078602e-05	6.254786e-05	4.107453e-05
	2.543526e-05	1.474761e-05	7.978477e-06	4.036173e-06	1.932489e-06
	8.955824e-07	4.134984e-07	1.958356e-07	9.702514e-08	5.043452e-08
	2.718359e-08	1.489699e-08	8.137469e-09	4.352470e-09	2.249241e-09
	1.129340e-09	5.640695e-10	2.848413e-10	1.456372e-10	7.532414e-11
	3.959881e-11	2.132971e-11	1.182906e-11	6.739408e-12	3.908603e-12
	2.275582e-12	1.305284e-12	7.168173e-13	3.560365e-13	1.347650e-13
	1.000000e-60
massfraction-CH4
	1.000000e-60	4.397016e-06	1.018512e-05	1.760429e-05	2.687023e-05
	3.819108e-05	5.175016e-05	6.768460e-05	8.607925e-05	1.069665e-04
	1.303318e-04	1.561217e-04	1.842529e-04	2.146209e-04	2.471079e-04
	2.815893e-04	3.179395e-04	3.560350e-04	3.957574e-04	4.369946e-04
	4.796418e-04	5.236018e-04	5.687850e-04	6.151105e-04	6.625003e-04
	7.108629e-04	7.600801e-04	8.100105e-04	8.605075e-04	9.114297e-04
	9.626385e-04	1.013995e-03	1.065363e-03	1.116610e-03	1.167640e-03
	1.218527e-03	1.269564e-03	1.321127e-03	1.373599e-03	1.427329e-03
	1.482534e-03	1.539227e-03	1.597171e-03	1.655928e-03	1.715051e-03
	1.774423e-03	1.833994e-03	1.893996e-03	1.954482e-03	2.015386e-03
	2.076542e-03	2.137711e-03	2.198590e-03	2.258820e-03	2.318014e-03
	2.375700e-03	2.431275e-03	2.484021e-03	2.533092e-03	2.577506e-03
	2.616147e-03	2.648018e-03	2.672489e-03	2.689190e-03	2.697952e-03
	2.698834e-03	2.692057e-03	2.677924e-03	2.656753e-03	2.628832e-03
	2.594379e-03	2.553549e-03	2.506508e-03	2.453546e-03	2.395108e-03
	2.331752e-03	2.264067e-03	2.192677e-03	2.118453e-03	2.042623e-03
	1.966430e-03	1.890555e-03	1.814946e-03	1.739237e-03	1.663063e-03
	1.586239e-03	1.508959e-03	1.431680e-03	1.354788e-03	1.278439e-03
	1.202719e-03	1.127833e-03	1.054077e-03	9.816781e-04	9.106543e-04
	8.407963e-04	7.717284e-04	7.030107e-04	6.341720e-04	5.648253e-04
	4.950301e-04	4.257608e-04	3.590083e-04	2.971684e-04	2.422082e-04
	1.951550e-04	1.558625e-04	1.232013e-04	9.579872e-05	7.272105e-05
	5.356217e-05	3.812599e-05	2.616524e-05	1.732144e-05	1.113981e-05
	7.075007e-06	4.551014e-06	3.050518e-06	2.172353e-06	1.645299e-06
	1.305872e-06	1.063435e-06	8.716504e-07	7.089059e-07	5.664701e-07
	4.427750e-07	3.388178e-07	2.541840e-07	1.865942e-07	1.335453e-07
	9.304693e-08	6.323079e-08	4.204459e-08	2.739715e-08	1.745792e-08
	1.081381e-08	6.439788e-09	3.607713e-09	1.807001e-09	6.852254e-10
	1.000000e-60
massfraction-C2H6
	1.000000e-60	1.549925e-06	3.882554e-06	7.281136e-06	1.207315e-05
	1.863492e-05	2.737768e-05	3.872251e-05	5.307738e-05	7.081561e-05
	9.225919e-05	1.176677e-04	1.472331e-04	1.810787e-04	2.192630e-04
	2.617863e-04	3.085994e-04	3.596121e-04	4.147021e-04	4.737230e-04
	5.365108e-04	6.028903e-04	6.726806e-04	7.456994e-04	8.217588e-04
	9.006404e-04	9.820729e-04	1.065738e-03	1.151299e-03	1.238425e-03
	1.326783e-03	1.416039e-03	1.505862e-03	1.595929e-03	1.685982e-03
	1.776070e-03	1.866633e-03	1.958266e-03	2.051579e-03	2.147109e-03
	2.245155e-03	2.345622e-03	2.447960e-03	2.551248e-03	2.654543e-03
	2.757452e-03	2.859730e-03	2.961534e-03	3.062683e-03	3.162747e-03
	3.261076e-03	3.356853e-03	3.449107e-03	3.536727e-03	3.618498e-03
	3.693021e-03	3.758656e-03	3.813579e-03	3.855806e-03	3.883280e-03
	3.894093e-03	3.886916e-03	3.861108e-03	3.816564e-03	3.753752e-03
	3.673595e-03	3.577302e-03	3.466214e-03	3.341692e-03	3.205045e-03
	3.057482e-03	2.900202e-03	2.734669e-03	2.562857e-03	2.387184e-03
	2.210215e-03	2.034355e-03	1.861820e-03	1.695061e-03	1.536793e-03
	1.389116e-03	1.252564e-03	1.126257e-03	1.008972e-03	8.997256e-04
	7.979702e-04	7.036946e-04	6.171096e-04	5.382026e-04	4.666432e-04
	4.020220e-04	3.440214e-04	2.923566e-04	2.466503e-04	2.063964e-04
	1.710134e-04	1.399321e-04	1.126647e-04	8.881788e-05	6.811879e-05
	5.046669e-05	3.591654e-05	2.451822e-05	1.610659e-05	1.025135e-05
	6.373661e-06	3.890659e-06	2.322154e-06	1.336548e-06	7.292468e-07
	3.719249e-07	1.755381e-07	7.610719e-08	3.023739e-08	1.111217e-08
	3.877944e-09	1.343079e-09	4.885620e-10	1.969832e-10	9.101805e-11
	4.838044e-11	2.894038e-11	1.884604e-11	1.291862e-11	9.040274e-12
	6.310271e-12	4.339460e-12	2.922910e-12	1.916900e-12	1.216534e-12
	7.454555e-13	4.423004e-13	2.554257e-13	1.440797e-13	7.934632e-14
	4.247699e-14	2.190794e-14	1.068130e-14	4.694489e-15	1.581107e-15
	1.000000e-60
massfraction-C2H
	1.000000e-60	1.000000e-60	1.298606e-28	3.710266e-28	1.032712e-27
	2.273504e-27	4.866577e-27	1.019389e-26	2.137903e-26	4.566095e-26
	1.014262e-25	2.357705e-25	5.785233e-25	1.505104e-24	4.125523e-24
	1.184649e-23	3.528196e-23	1.077595e-22	3.335369e-22	1.034397e-21
	3.181835e-21	9.624771e-21	2.843561e-20	8.163559e-20	2.269164e-19
	6.090707e-19	1.575393e-18	3.921001e-18	9.384413e-18	2.160119e-17
	4.785234e-17	1.021237e-16	2.102383e-16	4.181109e-16	8.048426e-16
	1.505481e-15	2.752962e-15	4.952128e-15	8.812017e-15	1.558337e-14
	2.746681e-14	4.828501e-14	8.452773e-14	1.469056e-13	2.527807e-13
	4.305951e-13	7.277951e-13	1.223948e-12	2.051620e-12	3.430721e-12
	5.723688e-12	9.523536e-12	1.579269e-11	2.608237e-11	4.288547e-11
	7.018039e-11	1.142543e-10	1.849817e-10	2.977437e-10	4.761676e-10
	7.554041e-10	1.186859e-09	1.847388e-09	2.850241e-09	4.355308e-09
	6.581201e-09	9.815561e-09	1.442418e-08	2.085992e-08	2.967364e-08
	4.153045e-08	5.722190e-08	7.764947e-08	1.037669e-07	1.365120e-07
	1.767580e-07	2.252890e-07	2.827383e-07	3.493193e-07	4.245399e-07
	5.073643e-07	5.968893e-07	6.928279e-07	7.952462e-07	9.042002e-07
	1.019410e-06	1.139838e-06	1.263721e-06	1.389084e-06	1.514039e-06
	1.636551e-06	1.754132e-06	1.863934e-06	1.963073e-06	2.048821e-06
	2.118481e-06	2.169030e-06	2.196664e-06	2.196381e-06	2.161555e-06
	2.084186e-06	1.957195e-06	1.779150e-06	1.558398e-06	1.312812e-06
	1.064636e-06	8.325051e-07	6.261770e-07	4.487391e-07	3.019424e-07
	1.877600e-07	1.062176e-07	5.377415e-08	2.398593e-08	9.351039e-09
	3.208722e-09	9.962725e-10	2.939852e-10	8.737871e-11	2.737908e-11
	9.164424e-12	3.176497e-12	1.061972e-12	3.110035e-13	7.279053e-14
	1.330597e-14	2.071761e-15	3.126161e-16	4.979558e-17	8.793616e-18
	1.805228e-18	4.483739e-19	1.361213e-19	4.927402e-20	2.028874e-20
	8.990721e-21	4.035708e-21	1.699212e-21	5.883000e-22	1.168341e-22
	1.000000e-60
massfraction-C2H2
	1.000000e-60	6.687080e-06	1.633062e-05	2.981786e-05	4.811076e-05
	7.225986e-05	1.033517e-04	1.424284e-04	1.904284e-04	2.481390e-04
	3.161689e-04	3.949383e-04	4.846832e-04	5.854696e-04	6.972157e-04
	8.197177e-04	9.526771e-04	1.095725e-03	1.248443e-03	1.410382e-03
	1.581078e-03	1.760061e-03	1.946867e-03	2.141049e-03	2.342156e-03
	2.549670e-03	2.762947e-03	2.981229e-03	3.203727e-03	3.429665e-03
	3.658275e-03	3.888788e-03	4.120450e-03	4.352526e-03	4.584444e-03
	4.816428e-03	5.049711e-03	5.285930e-03	5.526772e-03	5.773779e-03
	6.027900e-03	6.289127e-03	6.556305e-03	6.827354e-03	7.100149e-03
	7.374056e-03	7.648887e-03	7.925649e-03	8.204602e-03	8.485500e-03
	8.767688e-03	9.050277e-03	9.332186e-03	9.612249e-03	9.889365e-03
	1.016232e-02	1.042961e-02	1.068960e-02	1.094044e-02	1.117999e-02
	1.140552e-02	1.161456e-02	1.180610e-02	1.197985e-02	1.213574e-02
	1.227410e-02	1.239547e-02	1.250044e-02	1.258945e-02	1.266269e-02
	1.272000e-02	1.276079e-02	1.278398e-02	1.278813e-02	1.277169e-02
	1.273324e-02	1.267149e-02	1.258540e-02	1.247457e-02	1.233983e-02
	1.218311e-02	1.200604e-02	1.180880e-02	1.159038e-02	1.134925e-02
	1.108401e-02	1.079436e-02	1.048125e-02	1.014579e-02	9.788373e-03
	9.409204e-03	9.009203e-03	8.590105e-03	8.153597e-03	7.700363e-03
	7.229568e-03	6.738922e-03	6.225160e-03	5.684193e-03	5.112057e-03
	4.508396e-03	3.881945e-03	3.253666e-03	2.652490e-03	2.106375e-03
	1.634491e-03	1.242210e-03	9.221852e-04	6.626824e-04	4.552409e-04
	2.953943e-04	1.791282e-04	1.005073e-04	5.179036e-05	2.454042e-05
	1.087046e-05	4.663024e-06	2.039563e-06	9.597136e-07	5.041958e-07
	2.985839e-07	1.960858e-07	1.385528e-07	1.018052e-07	7.537810e-08
	5.507770e-08	3.941457e-08	2.757458e-08	1.879177e-08	1.241378e-08
	7.934797e-09	4.920565e-09	2.974293e-09	1.757736e-09	1.014682e-09
	5.694077e-10	3.076532e-10	1.568888e-10	7.192196e-11	2.516100e-11
	1.000000e-60
massfraction-CHCO
	1.000000e-60	2.608073e-06	6.040451e-06	1.043868e-05	1.592951e-05
	2.263467e-05	3.066053e-05	4.008536e-05	5.095572e-05	6.328640e-05
	7.706368e-05	9.225034e-05	1.087912e-04	1.266182e-04	1.456555e-04
	1.658233e-04	1.870414e-04	2.092312e-04	2.323175e-04	2.562293e-04
	2.809005e-04	3.062699e-04	3.322812e-04	3.588840e-04	3.860296e-04
	4.136629e-04	4.417136e-04	4.700994e-04	4.987359e-04	5.275426e-04
	5.564412e-04	5.853542e-04	6.142068e-04	6.429267e-04	6.714619e-04
	6.998569e-04	7.282768e-04	7.569319e-04	7.860347e-04	8.157774e-04
	8.462796e-04	8.775456e-04	9.094449e-04	9.417386e-04	9.741855e-04
	1.006728e-03	1.039347e-03	1.072180e-03	1.105273e-03	1.138610e-03
	1.172129e-03	1.205741e-03	1.239334e-03	1.272786e-03	1.305985e-03
	1.338801e-03	1.371074e-03	1.402624e-03	1.433247e-03	1.462699e-03
	1.490667e-03	1.516861e-03	1.541172e-03	1.563585e-03	1.584116e-03
	1.602836e-03	1.619854e-03	1.635293e-03	1.649270e-03	1.661878e-03
	1.673177e-03	1.683184e-03	1.691851e-03	1.699072e-03	1.704700e-03
	1.708575e-03	1.710536e-03	1.710426e-03	1.708108e-03	1.703516e-03
	1.696676e-03	1.687646e-03	1.676413e-03	1.662870e-03	1.646843e-03
	1.628127e-03	1.606575e-03	1.582119e-03	1.554702e-03	1.524198e-03
	1.490444e-03	1.453318e-03	1.412754e-03	1.368672e-03	1.320867e-03
	1.268926e-03	1.212187e-03	1.149736e-03	1.080357e-03	1.002573e-03
	9.150774e-04	8.176811e-04	7.123478e-04	6.033528e-04	4.963693e-04
	3.969679e-04	3.088283e-04	2.328754e-04	1.684892e-04	1.152920e-04
	7.350422e-05	4.305176e-05	2.285383e-05	1.087823e-05	4.638987e-06
	1.800755e-06	6.598371e-07	2.410443e-07	9.311608e-08	3.975336e-08
	1.907182e-08	1.016789e-08	5.858796e-09	3.518815e-09	2.116673e-09
	1.239026e-09	7.025514e-10	3.895970e-10	2.130111e-10	1.155536e-10
	6.281675e-11	3.464091e-11	1.955186e-11	1.131090e-11	6.664680e-12
	3.951430e-12	2.315085e-12	1.301919e-12	6.631022e-13	2.573160e-13
	1.000000e-60
massfraction-C3H3
	1.000000e-60	1.000000e-60	1.000000e-60	1.000000e-60	1.000000e-60
	1.000000e-60	1.000000e-60	1.000000e-60	1.000000e-60	6.147209e-27
	1.164847e-26	1.000000e-60	2.392786e-27	1.000000e-60	1.000000e-60
	1.000000e-60	1.000000e-60	1.000000e-60	9.187999e-26	1.000000e-60
	3.153591e-25	4.659198e-25	1.220335e-24	4.201469e-24	1.354537e-23
	4.291320e-23	1.312933e-22	3.825933e-22	1.065736e-21	2.829947e-21
	7.193953e-21	1.755228e-20	4.118622e-20	9.321307e-20	2.041021e-19
	4.345793e-19	9.065424e-19	1.867460e-18	3.827713e-18	7.862087e-18
	1.628231e-17	3.417357e-17	7.300844e-17	1.594672e-16	3.580196e-16
	8.318597e-16	2.010641e-15	5.055544e-15	1.313290e-14	3.484005e-14
	9.316570e-14	2.481652e-13	6.521904e-13	1.679327e-12	4.218755e-12
	1.031508e-11	2.451590e-11	5.664551e-11	1.274173e-10	2.796020e-10
	5.991979e-10	1.254772e-09	2.572136e-09	5.161452e-09	1.010583e-08
	1.922158e-08	3.537836e-08	6.286403e-08	1.077772e-07	1.784410e-07
	2.858515e-07	4.440628e-07	6.701500e-07	9.833631e-07	1.403636e-06
	1.949942e-06	2.638876e-06	3.482774e-06	4.484825e-06	5.633967e-06
	6.907399e-06	8.282086e-06	9.743223e-06	1.128026e-05	1.288095e-05
	1.452628e-05	1.618483e-05	1.781509e-05	1.937388e-05	2.082087e-05
	2.211557e-05	2.321489e-05	2.407617e-05	2.466183e-05	2.494037e-05
	2.488340e-05	2.446100e-05	2.363869e-05	2.237634e-05	2.063239e-05
	1.838520e-05	1.568069e-05	1.268172e-05	9.659529e-06	6.909873e-06
	4.647456e-06	2.942457e-06	1.741430e-06	9.441086e-07	4.550637e-07
	1.886836e-07	6.506028e-08	1.800658e-08	3.871858e-09	6.362387e-10
	8.087810e-11	8.347474e-12	7.622819e-13	6.882582e-14	6.782128e-15
	7.463924e-16	8.483595e-17	8.723282e-18	7.046858e-19	3.959724e-20
	1.486706e-21	4.035627e-23	9.043154e-25	1.904309e-26	4.515167e-28
	1.531363e-29	8.136214e-31	6.134225e-32	5.822103e-33	6.308121e-34
	7.095648e-35	7.919355e-36	6.608052e-37	4.661785e-38	1.000000e-60
	1.000000e-60
massfraction-C2H3
	1.000000e-60	1.485481e-18	3.281908e-18	5.459439e-18	8.160106e-18
	1.164492e-17	1.640108e-17	2.334493e-17	3.423717e-17	5.257019e-17
	8.555215e-17	1.487039e-16	2.768210e-16	5.507081e-16	1.163352e-15
	2.584664e-15	5.969896e-15	1.415753e-14	3.404767e-14	8.207710e-14
	1.962805e-13	4.614952e-13	1.058911e-12	2.356960e-12	5.065159e-12
	1.047032e-11	2.075971e-11	3.941207e-11	7.161957e-11	1.246968e-10
	2.084317e-10	3.353519e-10	5.209178e-10	7.836316e-10	1.145338e-09
	1.633092e-09	2.282803e-09	3.142807e-09	4.278425e-09	5.778007e-09
	7.758216e-09	1.036760e-08	1.378685e-08	1.822676e-08	2.393473e-08
	3.122831e-08	4.053217e-08	5.240696e-08	6.755626e-08	8.684966e-08
	1.113565e-07	1.424074e-07	1.816892e-07	2.314154e-07	2.946322e-07
	3.756443e-07	4.806475e-07	6.187748e-07	8.036050e-07	1.055143e-06
	1.401564e-06	1.881247e-06	2.546529e-06	3.464480e-06	4.713325e-06
	6.378638e-06	8.547788e-06	1.130460e-05	1.472489e-05	1.887342e-05
	2.380228e-05	2.954608e-05	3.610829e-05	4.344369e-05	5.145198e-05
	5.998599e-05	6.886739e-05	7.789444e-05	8.682637e-05	9.539090e-05
	1.033469e-04	1.105515e-04	1.169552e-04	1.225357e-04	1.272609e-04
	1.310784e-04	1.339194e-04	1.357257e-04	1.364704e-04	1.361518e-04
	1.347823e-04	1.323899e-04	1.290252e-04	1.247558e-04	1.196492e-04
	1.137571e-04	1.071078e-04	9.970938e-05	9.155292e-05	8.263038e-05
	7.299568e-05	6.286033e-05	5.264250e-05	4.287927e-05	3.405926e-05
	2.649135e-05	2.023972e-05	1.516138e-05	1.104887e-05	7.752199e-06
	5.189478e-06	3.292549e-06	1.970934e-06	1.112429e-06	5.968024e-07
	3.099994e-07	1.596837e-07	8.314595e-08	4.402056e-08	2.361107e-08
	1.274884e-08	6.813930e-09	3.456192e-09	1.550472e-09	5.699375e-10
	1.650653e-10	3.841597e-11	7.798013e-12	1.636055e-12	4.244784e-13
	1.346812e-13	4.657869e-14	1.645467e-14	5.786622e-15	1.990663e-15
	6.573683e-16	2.031955e-16	5.627887e-17	1.265241e-17	1.679067e-18
	1.000000e-60
massfraction-C2H4
	1.000000e-60	6.921882e-06	1.710429e-05	3.161849e-05	5.166198e-05
	7.857356e-05	1.137737e-04	1.586672e-04	2.145626e-04	2.826033e-04
	3.637194e-04	4.586019e-04	5.676971e-04	6.912153e-04	8.291533e-04
	9.813246e-04	1.147394e-03	1.326911e-03	1.519339e-03	1.724086e-03
	1.940525e-03	2.168011e-03	2.405902e-03	2.653572e-03	2.910393e-03
	3.175648e-03	3.448462e-03	3.727817e-03	4.012658e-03	4.301950e-03
	4.594677e-03	4.889819e-03	5.186390e-03	5.483422e-03	5.780171e-03
	6.076907e-03	6.375194e-03	6.677115e-03	6.984809e-03	7.300228e-03
	7.624565e-03	7.957783e-03	8.298384e-03	8.643690e-03	8.990966e-03
	9.339372e-03	9.688627e-03	1.003995e-02	1.039359e-02	1.074913e-02
	1.110559e-02	1.146165e-02	1.181568e-02	1.216587e-02	1.251037e-02
	1.284704e-02	1.317320e-02	1.348579e-02	1.378123e-02	1.405533e-02
	1.430306e-02	1.451969e-02	1.470206e-02	1.484770e-02	1.495435e-02
	1.502016e-02	1.504349e-02	1.502279e-02	1.495647e-02	1.484277e-02
	1.467979e-02	1.446548e-02	1.419825e-02	1.387778e-02	1.350560e-02
	1.308496e-02	1.262036e-02	1.211737e-02	1.158409e-02	1.103179e-02
	1.047225e-02	9.913048e-03	9.356085e-03	8.800666e-03	8.245969e-03
	7.692459e-03	7.143259e-03	6.603199e-03	6.076322e-03	5.564827e-03
	5.070247e-03	4.594710e-03	4.140672e-03	3.709824e-03	3.302427e-03
	2.917403e-03	2.552959e-03	2.207320e-03	1.879033e-03	1.567603e-03
	1.274939e-03	1.006490e-03	7.700477e-04	5.720212e-04	4.144260e-04
	2.945217e-04	2.060621e-04	1.414924e-04	9.434475e-05	6.026141e-05
	3.643078e-05	2.064333e-05	1.087189e-05	5.293740e-06	2.393640e-06
	1.025092e-06	4.313572e-07	1.871517e-07	8.747503e-08	4.517240e-08
	2.585914e-08	1.619314e-08	1.087027e-08	7.650050e-09	5.508404e-09
	3.967054e-09	2.816805e-09	1.958565e-09	1.325759e-09	8.686313e-10
	5.497628e-10	3.370572e-10	2.011936e-10	1.173230e-10	6.679650e-11
	3.696219e-11	1.969462e-11	9.908649e-12	4.485074e-12	1.551150e-12
	1.000000e-60
massfraction-C2H5
	1.000000e-60	3.705661e-11	9.263479e-11	1.733476e-10	2.868106e-10
	4.417534e-10	6.476987e-10	9.143889e-10	1.251275e-09	1.667051e-09
	2.169306e-09	2.764327e-09	3.457040e-09	4.251078e-09	5.148983e-09
	6.152507e-09	7.263007e-09	8.481904e-09	9.811203e-09	1.125408e-08
	1.281550e-08	1.450295e-08	1.632717e-08	1.830296e-08	2.044987e-08
	2.279214e-08	2.535859e-08	2.818280e-08	3.130406e-08	3.476788e-08
	3.862569e-08	4.293420e-08	4.775510e-08	5.315422e-08	5.920472e-08
	6.600773e-08	7.371445e-08	8.252805e-08	9.270885e-08	1.045831e-07
	1.185352e-07	1.349867e-07	1.543620e-07	1.770571e-07	2.034621e-07
	2.340879e-07	2.696205e-07	3.109444e-07	3.590478e-07	4.150301e-07
	4.801464e-07	5.559264e-07	6.443596e-07	7.482164e-07	8.715799e-07
	1.020472e-06	1.203684e-06	1.434015e-06	1.729772e-06	2.116276e-06
	2.626107e-06	3.299033e-06	4.183688e-06	5.334506e-06	6.803878e-06
	8.636000e-06	1.086044e-05	1.348764e-05	1.650664e-05	1.988483e-05
	2.356954e-05	2.748730e-05	3.153951e-05	3.560050e-05	3.952688e-05
	4.317437e-05	4.641358e-05	4.913766e-05	5.126282e-05	5.273975e-05
	5.356930e-05	5.379615e-05	5.347953e-05	5.267136e-05	5.141387e-05
	4.974613e-05	4.771552e-05	4.538194e-05	4.280852e-05	4.005187e-05
	3.716384e-05	3.419803e-05	3.120876e-05	2.824347e-05	2.533639e-05
	2.250763e-05	1.976727e-05	1.712130e-05	1.457496e-05	1.213856e-05
	9.839675e-06	7.732004e-06	5.884469e-06	4.349869e-06	3.141221e-06
	2.231508e-06	1.566751e-06	1.084964e-06	7.344342e-07	4.806339e-07
	3.014825e-07	1.802245e-07	1.022397e-07	5.493209e-08	2.807482e-08
	1.383119e-08	6.714518e-09	3.299662e-09	1.680157e-09	8.982114e-10
	5.047647e-10	2.949416e-10	1.750305e-10	1.003292e-10	5.115021e-11
	2.221830e-11	8.689523e-12	3.360843e-12	1.366320e-12	5.909309e-13
	2.679312e-13	1.250566e-13	5.929281e-14	2.827845e-14	1.344496e-14
	6.316875e-15	2.903896e-15	1.284208e-15	5.233670e-16	1.680803e-16
	1.000000e-60
massfraction-C3H4
	1.000000e-60	3.610544e-08	9.401400e-08	1.837060e-07	3.177562e-07
	5.117069e-07	7.838726e-07	1.154625e-06	1.645512e-06	2.278230e-06
	3.073616e-06	4.050757e-06	5.226298e-06	6.613961e-06	8.224310e-06
	1.006473e-05	1.213958e-05	1.445045e-05	1.699648e-05	1.977471e-05
	2.278048e-05	2.600769e-05	2.944922e-05	3.309719e-05	3.694286e-05
	4.097540e-05	4.518074e-05	4.954180e-05	5.404013e-05	5.865697e-05
	6.337324e-05	6.816947e-05	7.302630e-05	7.792451e-05	8.284839e-05
	8.779921e-05	9.280032e-05	9.788441e-05	1.030858e-04	1.084360e-04
	1.139539e-04	1.196374e-04	1.254590e-04	1.313708e-04	1.373235e-04
	1.432994e-04	1.492928e-04	1.553218e-04	1.613888e-04	1.674851e-04
	1.735929e-04	1.796896e-04	1.857482e-04	1.917406e-04	1.976400e-04
	2.034179e-04	2.090402e-04	2.144704e-04	2.196689e-04	2.245904e-04
	2.291794e-04	2.333871e-04	2.371953e-04	2.406013e-04	2.436068e-04
	2.462223e-04	2.484632e-04	2.503459e-04	2.518846e-04	2.530892e-04
	2.539633e-04	2.545031e-04	2.546970e-04	2.545291e-04	2.539833e-04
	2.530468e-04	2.517104e-04	2.499691e-04	2.478296e-04	2.453196e-04
	2.424825e-04	2.393523e-04	2.359352e-04	2.322174e-04	2.281765e-04
	2.237924e-04	2.190634e-04	2.140057e-04	2.086361e-04	2.029579e-04
	1.969692e-04	1.906776e-04	1.841007e-04	1.772532e-04	1.701313e-04
	1.627044e-04	1.549146e-04	1.466815e-04	1.379006e-04	1.284523e-04
	1.182511e-04	1.073367e-04	9.594542e-05	8.447723e-05	7.338355e-05
	6.304836e-05	5.366921e-05	4.520501e-05	3.748826e-05	3.040176e-05
	2.395128e-05	1.821659e-05	1.328420e-05	9.220758e-06	6.060259e-06
	3.770387e-06	2.236521e-06	1.285164e-06	7.301752e-07	4.174267e-07
	2.422633e-07	1.426064e-07	8.475132e-08	5.071280e-08	3.048559e-08
	1.836635e-08	1.105410e-08	6.607025e-09	3.884078e-09	2.224578e-09
	1.236236e-09	6.679194e-10	3.525190e-10	1.823115e-10	9.229866e-11
	4.553518e-11	2.170382e-11	9.816598e-12	4.024624e-12	1.274272e-12
	1.000000e-60
massfraction-C3H5
	1.000000e-60	1.355324e-08	3.556171e-08	7.005815e-08	1.222043e-07
	1.984684e-07	3.065788e-07	4.552581e-07	6.538721e-07	9.119982e-07
	1.238984e-06	1.643546e-06	2.133434e-06	2.715196e-06	3.394032e-06
	4.173759e-06	5.056843e-06	6.044498e-06	7.136808e-06	8.332876e-06
	9.630977e-06	1.102871e-05	1.252314e-05	1.411095e-05	1.578840e-05
	1.755078e-05	1.939189e-05	2.130422e-05	2.327955e-05	2.530953e-05
	2.738560e-05	2.949904e-05	3.164113e-05	3.380321e-05	3.597817e-05
	3.816638e-05	4.037803e-05	4.262744e-05	4.492970e-05	4.729866e-05
	4.974261e-05	5.226048e-05	5.484003e-05	5.745983e-05	6.009786e-05
	6.274611e-05	6.540193e-05	6.807310e-05	7.076046e-05	7.345988e-05
	7.616324e-05	7.886010e-05	8.153824e-05	8.418463e-05	8.678695e-05
	8.933183e-05	9.180353e-05	9.418516e-05	9.645854e-05	9.860340e-05
	1.005954e-04	1.024137e-04	1.040510e-04	1.055057e-04	1.067769e-04
	1.078648e-04	1.087689e-04	1.094857e-04	1.100080e-04	1.103237e-04
	1.104158e-04	1.102620e-04	1.098367e-04	1.091140e-04	1.080729e-04
	1.067003e-04	1.049911e-04	1.029494e-04	1.005961e-04	9.797590e-05
	9.514727e-05	9.215682e-05	8.902393e-05	8.575186e-05	8.234028e-05
	7.879469e-05	7.513752e-05	7.140479e-05	6.763019e-05	6.383601e-05
	6.004022e-05	5.626578e-05	5.253930e-05	4.888234e-05	4.530452e-05
	4.180242e-05	3.836323e-05	3.497030e-05	3.160501e-05	2.825245e-05
	2.491791e-05	2.164656e-05	1.852433e-05	1.564771e-05	1.308851e-05
	1.087709e-05	8.996265e-06	7.389236e-06	5.989981e-06	4.754072e-06
	3.665655e-06	2.724974e-06	1.935912e-06	1.301388e-06	8.207536e-07
	4.836785e-07	2.673269e-07	1.404982e-07	7.170761e-08	3.632004e-08
	1.857906e-08	9.723840e-09	5.289295e-09	3.044921e-09	1.861277e-09
	1.182766e-09	7.575863e-10	4.780454e-10	2.929609e-10	1.728146e-10
	9.787618e-11	5.341746e-11	2.827507e-11	1.458458e-11	7.334221e-12
	3.583561e-12	1.688418e-12	7.541419e-13	3.053107e-13	9.554138e-14
	1.000000e-60
massfraction-C3H6
	1.000000e-60	9.085611e-08	2.406593e-07	4.789354e-07	8.442048e-07
	1.385557e-06	2.162644e-06	3.243993e-06	4.704513e-06	6.622238e-06
	9.074805e-06	1.213610e-05	1.587334e-05	2.034482e-05	2.559844e-05
	3.167106e-05	3.858850e-05	4.636605e-05	5.500936e-05	6.451548e-05
	7.487408e-05	8.606859e-05	9.807749e-05	1.108755e-04	1.244332e-04
	1.387127e-04	1.536636e-04	1.692241e-04	1.853261e-04	2.018997e-04
	2.188732e-04	2.361730e-04	2.537251e-04	2.714560e-04	2.893046e-04
	3.072714e-04	3.254373e-04	3.439173e-04	3.628329e-04	3.822947e-04
	4.023674e-04	4.230380e-04	4.442015e-04	4.656771e-04	4.872796e-04
	5.089386e-04	5.306278e-04	5.524051e-04	5.742700e-04	5.961795e-04
	6.180553e-04	6.397960e-04	6.612806e-04	6.823747e-04	7.029400e-04
	7.228173e-04	7.418130e-04	7.597048e-04	7.762376e-04	7.911170e-04
	8.040036e-04	8.145827e-04	8.226329e-04	8.279739e-04	8.304443e-04
	8.299132e-04	8.262716e-04	8.194252e-04	8.092897e-04	7.957896e-04
	7.788555e-04	7.584368e-04	7.345477e-04	7.073300e-04	6.770782e-04
	6.442109e-04	6.092180e-04	5.726418e-04	5.351649e-04	4.976302e-04
	4.608334e-04	4.252298e-04	3.908878e-04	3.577245e-04	3.256684e-04
	2.947349e-04	2.650856e-04	2.369537e-04	2.105047e-04	1.857919e-04
	1.628278e-04	1.416438e-04	1.222728e-04	1.047021e-04	8.885470e-05
	7.460525e-05	6.181370e-05	5.035583e-05	4.013273e-05	3.108657e-05
	2.322915e-05	1.664137e-05	1.140335e-05	7.492445e-06	4.749477e-06
	2.927856e-06	1.764018e-06	1.034160e-06	5.812893e-07	3.074599e-07
	1.505842e-07	6.744730e-08	2.734487e-08	9.974826e-09	3.292910e-09
	1.008239e-09	3.006469e-10	9.418389e-11	3.410419e-11	1.581211e-11
	1.015173e-11	8.638675e-12	8.247167e-12	7.810357e-12	6.872007e-12
	5.424307e-12	3.866895e-12	2.556921e-12	1.596610e-12	9.470999e-13
	5.353547e-13	2.900406e-13	1.517876e-13	7.718820e-14	3.819775e-14
	1.834698e-14	8.493963e-15	3.728576e-15	1.484772e-15	4.577525e-16
	1.000000e-60
massfraction-N-C3H7
	1.000000e-60	2.277872e-11	6.042669e-11	1.204481e-10	2.126624e-10
	3.496155e-10	5.465929e-10	8.212015e-10	1.192740e-09	1.681366e-09
	2.307191e-09	3.089410e-09	4.045534e-09	5.190797e-09	6.537756e-09
	8.096093e-09	9.872590e-09	1.187121e-08	1.409326e-08	1.653755e-08
	1.920047e-08	2.207608e-08	2.515581e-08	2.842805e-08	3.187668e-08
	3.547806e-08	3.919702e-08	4.298305e-08	4.676618e-08	5.045114e-08
	5.390972e-08	5.697418e-08	5.943571e-08	6.105219e-08	6.157246e-08
	6.077269e-08	5.849088e-08	5.467843e-08	4.947606e-08	4.327917e-08
	3.673512e-08	3.059314e-08	2.542577e-08	2.142060e-08	1.843205e-08
	1.619977e-08	1.450227e-08	1.319615e-08	1.219130e-08	1.142805e-08
	1.086568e-08	1.047704e-08	1.024418e-08	1.015645e-08	1.021044e-08
	1.041104e-08	1.077326e-08	1.132534e-08	1.211335e-08	1.320596e-08
	1.469440e-08	1.668765e-08	1.930799e-08	2.267199e-08	2.685953e-08
	3.189403e-08	3.773190e-08	4.426461e-08	5.132938e-08	5.872411e-08
	6.622256e-08	7.358208e-08	8.054418e-08	8.684272e-08	9.223020e-08
	9.650802e-08	9.954477e-08	1.012778e-07	1.017114e-07	1.009279e-07
	9.908425e-08	9.636474e-08	9.292591e-08	8.888566e-08	8.433774e-08
	7.937076e-08	7.409011e-08	6.861633e-08	6.306043e-08	5.750848e-08
	5.203151e-08	4.669928e-08	4.157780e-08	3.671702e-08	3.214348e-08
	2.786256e-08	2.386705e-08	2.014708e-08	1.669456e-08	1.351031e-08
	1.061748e-08	8.067601e-09	5.921564e-09	4.211556e-09	2.919891e-09
	1.987275e-09	1.333369e-09	8.789614e-10	5.628449e-10	3.451923e-10
	2.003387e-10	1.090183e-10	5.521618e-11	2.594691e-11	1.140206e-11
	4.805963e-12	2.036313e-12	9.279243e-13	4.925389e-13	3.321442e-13
	3.142150e-13	4.551143e-13	1.013861e-12	2.358512e-12	2.937928e-12
	2.365956e-12	1.619285e-12	1.035205e-12	6.318666e-13	3.686862e-13
	2.057592e-13	1.103812e-13	5.733615e-14	2.899100e-14	1.428124e-14
	6.832941e-15	3.152509e-15	1.379558e-15	5.478586e-16	1.685220e-16
	1.000000e-60
massfraction-I-C3H7
	1.000000e-60	1.281059e-10	3.398372e-10	6.774074e-10	1.196072e-09
	1.966466e-09	3.074720e-09	4.620166e-09	6.711894e-09	9.464196e-09
	1.299165e-08	1.740444e-08	2.280443e-08	2.928228e-08	3.691581e-08
	4.576993e-08	5.589774e-08	6.734278e-08	8.014232e-08	9.433136e-08
	1.099473e-07	1.270352e-07	1.456529e-07	1.658770e-07	1.878051e-07
	2.115512e-07	2.372376e-07	2.649904e-07	2.949395e-07	3.272114e-07
	3.619091e-07	3.990848e-07	4.387097e-07	4.806335e-07	5.245691e-07
	5.701737e-07	6.170554e-07	6.645613e-07	7.115354e-07	7.560433e-07
	7.950477e-07	8.242775e-07	8.386119e-07	8.332495e-07	8.054397e-07
	7.558557e-07	6.888295e-07	6.120153e-07	5.345867e-07	4.644796e-07
	4.060913e-07	3.600398e-07	3.247303e-07	2.980846e-07	2.784091e-07
	2.645737e-07	2.559392e-07	2.522815e-07	2.537782e-07	2.610082e-07
	2.748834e-07	2.964689e-07	3.268168e-07	3.666964e-07	4.162122e-07
	4.746173e-07	5.403060e-07	6.109735e-07	6.838576e-07	7.559919e-07
	8.244235e-07	8.863282e-07	9.390672e-07	9.803329e-07	1.008421e-06
	1.022447e-06	1.022384e-06	1.008954e-06	9.835685e-07	9.483442e-07
	9.058019e-07	8.582138e-07	8.071655e-07	7.537152e-07	6.986686e-07
	6.427907e-07	5.869947e-07	5.322618e-07	4.793836e-07	4.288579e-07
	3.810219e-07	3.361870e-07	2.946158e-07	2.564307e-07	2.215772e-07
	1.898618e-07	1.610287e-07	1.348321e-07	1.110624e-07	8.958715e-08
	7.042820e-08	5.378702e-08	3.991720e-08	2.889940e-08	2.053567e-08
	1.441414e-08	1.002662e-08	6.885875e-09	4.618462e-09	2.985604e-09
	1.839288e-09	1.070307e-09	5.842103e-10	2.983626e-10	1.438426e-10
	6.722479e-11	3.193250e-11	1.644683e-11	9.836319e-12	7.196747e-12
	6.313742e-12	5.389656e-12	3.568468e-12	1.887145e-12	8.924760e-13
	4.110078e-13	1.947017e-13	9.681418e-14	4.988136e-14	2.592229e-14
	1.329110e-14	6.653615e-15	3.246894e-15	1.545976e-15	7.176077e-16
	3.237256e-16	1.410992e-16	5.860764e-17	2.228970e-17	6.659613e-18
	1.000000e-60
massfraction-C3H8
	1.000000e+00	9.990214e-01	9.977026e-01	9.959716e-01	9.937584e-01
	9.909918e-01	9.876044e-01	9.835383e-01	9.787489e-01	9.732056e-01
	9.668920e-01	9.598044e-01	9.519500e-01	9.433448e-01	9.340116e-01
	9.239780e-01	9.132747e-01	9.019339e-01	8.899886e-01	8.774716e-01
	8.644154e-01	8.508509e-01	8.368081e-01	8.223149e-01	8.073993e-01
	7.920936e-01	7.764396e-01	7.604869e-01	7.442873e-01	7.278913e-01
	7.113490e-01	6.947108e-01	6.780257e-01	6.613421e-01	6.446964e-01
	6.280687e-01	6.113671e-01	5.944718e-01	5.772598e-01	5.596188e-01
	5.414790e-01	5.228389e-01	5.037785e-01	4.844434e-01	4.649832e-01
	4.454802e-01	4.258631e-01	4.060986e-01	3.861654e-01	3.660779e-01
	3.458799e-01	3.256321e-01	3.054090e-01	2.852914e-01	2.653555e-01
	2.456864e-01	2.263887e-01	2.075780e-01	1.893839e-01	1.719571e-01
	1.554886e-01	1.401496e-01	1.260022e-01	1.130489e-01	1.012715e-01
	9.061355e-02	8.099292e-02	7.231352e-02	6.447661e-02	5.738784e-02
	5.096061e-02	4.512150e-02	3.981637e-02	3.501007e-02	3.067731e-02
	2.679308e-02	2.332832e-02	2.025248e-02	1.754214e-02	1.517956e-02
	1.313999e-02	1.138311e-02	9.860194e-03	8.528490e-03	7.355825e-03
	6.319900e-03	5.407022e-03	4.607391e-03	3.910497e-03	3.304553e-03
	2.778673e-03	2.324040e-03	1.933124e-03	1.598586e-03	1.312999e-03
	1.069224e-03	8.609301e-04	6.829237e-04	5.310762e-04	4.023501e-04
	2.949815e-04	2.082494e-04	1.414666e-04	9.282803e-05	5.924870e-05
	3.707512e-05	2.284594e-05	1.379718e-05	8.049921e-06	4.457048e-06
	2.305464e-06	1.099774e-06	4.780233e-07	1.875464e-07	6.643266e-08
	2.158850e-08	6.665246e-09	2.059090e-09	6.731882e-10	2.433773e-10
	9.940640e-11	4.579124e-11	2.343664e-11	1.304979e-11	7.696061e-12
	4.673255e-12	2.855614e-12	1.727903e-12	1.021706e-12	5.841415e-13
	3.215310e-13	1.708151e-13	8.809698e-14	4.430316e-14	2.173018e-14
	1.036003e-14	4.765419e-15	2.079978e-15	8.241767e-16	2.530443e-16
	1.000000e-60
V [kg/(s*m^2)]
	4.710785e-01	4.509037e-01	4.309330e-01	4.114091e-01	3.925081e-01
	3.743022e-01	3.568204e-01	3.400788e-01	3.240806e-01	3.088158e-01
	2.942619e-01	2.803862e-01	2.671488e-01	2.545058e-01	2.424113e-01
	2.308200e-01	2.196878e-01	2.089734e-01	1.986384e-01	1.886478e-01
	1.789701e-01	1.695768e-01	1.604427e-01	1.515449e-01	1.428639e-01
	1.343856e-01	1.261028e-01	1.180133e-01	1.101162e-01	1.024107e-01
	9.489586e-02	8.757165e-02	8.043796e-02	7.349493e-02	6.673851e-02
	6.014331e-02	5.365880e-02	4.722803e-02	4.079718e-02	3.431985e-02
	2.776738e-02	2.113648e-02	1.445167e-02	7.758083e-03	1.098985e-03
	-5.513528e-03	-1.210115e-02	-1.869199e-02	-2.530341e-02	-3.194127e-02
	-3.860251e-02	-4.527925e-02	-5.195988e-02	-5.863116e-02	-6.528161e-02
	-7.189678e-02	-7.845500e-02	-8.492950e-02	-9.128660e-02	-9.748179e-02
	-1.034511e-01	-1.091311e-01	-1.144921e-01	-1.195235e-01	-1.242202e-01
	-1.285911e-01	-1.326562e-01	-1.364428e-01	-1.399819e-01	-1.433055e-01
	-1.464450e-01	-1.494286e-01	-1.522773e-01	-1.550033e-01	-1.576129e-01
	-1.601112e-01	-1.625044e-01	-1.647988e-01	-1.669939e-01	-1.690815e-01
	-1.710550e-01	-1.729222e-01	-1.747050e-01	-1.764278e-01	-1.781115e-01
	-1.797703e-01	-1.814095e-01	-1.830285e-01	-1.846280e-01	-1.862133e-01
	-1.877908e-01	-1.893643e-01	-1.909355e-01	-1.925074e-01	-1.940876e-01
	-1.956895e-01	-1.973321e-01	-1.990394e-01	-2.008419e-01	-2.027762e-01
	-2.048789e-01	-2.071714e-01	-2.096469e-01	-2.122720e-01	-2.149990e-01
	-2.177804e-01	-2.205935e-01	-2.234718e-01	-2.265048e-01	-2.298025e-01
	-2.334665e-01	-2.375933e-01	-2.422947e-01	-2.477033e-01	-2.539472e-01
	-2.611210e-01	-2.692556e-01	-2.782827e-01	-2.880603e-01	-2.984558e-01
	-3.094405e-01	-3.211636e-01	-3.338827e-01	-3.478414e-01	-3.632150e-01
	-3.799678e-01	-3.978302e-01	-4.165795e-01	-4.362433e-01	-4.569472e-01
	-4.786564e-01	-5.011255e-01	-5.240387e-01	-5.471795e-01	-5.704894e-01
	-5.939948e-01	-6.177289e-01	-6.417063e-01	-6.659077e-01	-6.902386e-01
	-7.145817e-01
density [kg/m^3]
	1.767629e+00	1.765335e+00	1.762239e+00	1.758056e+00	1.752426e+00
	1.744893e+00	1.734913e+00	1.721891e+00	1.705221e+00	1.684356e+00
	1.658869e+00	1.628523e+00	1.593312e+00	1.553477e+00	1.509492e+00
	1.462019e+00	1.411839e+00	1.359788e+00	1.306688e+00	1.253300e+00
	1.200284e+00	1.148189e+00	1.097446e+00	1.048374e+00	1.001197e+00
	9.560719e-01	9.131132e-01	8.723911e-01	8.339283e-01	7.977027e-01
	7.636620e-01	7.317339e-01	7.018312e-01	6.738581e-01	6.476983e-01
	6.231593e-01	5.999762e-01	5.778918e-01	5.566894e-01	5.362030e-01
	5.163413e-01	4.970972e-01	4.785381e-01	4.607710e-01	4.438763e-01
	4.278245e-01	4.125623e-01	3.979770e-01	3.840085e-01	3.706229e-01
	3.578055e-01	3.455543e-01	3.338719e-01	3.227602e-01	3.122148e-01
	3.022328e-01	2.928184e-01	2.839779e-01	2.757214e-01	2.680656e-01
	2.610425e-01	2.546730e-01	2.489346e-01	2.437859e-01	2.391837e-01
	2.350758e-01	2.314061e-01	2.281185e-01	2.251603e-01	2.224838e-01
	2.200470e-01	2.178150e-01	2.157613e-01	2.138683e-01	2.121239e-01
	2.105175e-01	2.090384e-01	2.076768e-01	2.064269e-01	2.052877e-01
	2.042562e-01	2.033221e-01	2.024694e-01	2.016826e-01	2.009505e-01
	2.002657e-01	1.996261e-01	1.990320e-01	1.984832e-01	1.979785e-01
	1.975169e-01	1.970988e-01	1.967258e-01	1.963994e-01	1.961211e-01
	1.958928e-01	1.957181e-01	1.956040e-01	1.955624e-01	1.956128e-01
	1.957855e-01	1.961209e-01	1.966632e-01	1.974492e-01	1.984990e-01
	1.998126e-01	2.013826e-01	2.032267e-01	2.054101e-01	2.080369e-01
	2.112291e-01	2.151263e-01	2.199092e-01	2.258221e-01	2.331738e-01
	2.423345e-01	2.537226e-01	2.677506e-01	2.848086e-01	3.053395e-01
	3.300233e-01	3.600816e-01	3.973448e-01	4.439345e-01	5.016653e-01
	5.706321e-01	6.481241e-01	7.298065e-01	8.114399e-01	8.889149e-01
	9.579906e-01	1.015345e+00	1.059816e+00	1.092427e+00	1.115380e+00
	1.131035e+00	1.141429e+00	1.148165e+00	1.152431e+00	1.155074e+00
	1.156679e+00
cp [J/m^3K]
	1.677129e+03	1.677243e+03	1.677489e+03	1.678000e+03	1.678980e+03
	1.680710e+03	1.683557e+03	1.687965e+03	1.694425e+03	1.703443e+03
	1.715492e+03	1.730972e+03	1.750161e+03	1.773195e+03	1.800052e+03
	1.830553e+03	1.864377e+03	1.901092e+03	1.940177e+03	1.981059e+03
	2.023138e+03	2.065816e+03	2.108512e+03	2.150684e+03	2.191828e+03
	2.231476e+03	2.269195e+03	2.304600e+03	2.337373e+03	2.367274e+03
	2.394131e+03	2.417838e+03	2.438349e+03	2.455677e+03	2.469886e+03
	2.481109e+03	2.489500e+03	2.495162e+03	2.498124e+03	2.498348e+03
	2.495746e+03	2.490224e+03	2.481739e+03	2.470348e+03	2.456194e+03
	2.439517e+03	2.420164e+03	2.398239e+03	2.373733e+03	2.344238e+03
	2.311766e+03	2.277478e+03	2.241530e+03	2.204113e+03	2.165435e+03
	2.125739e+03	2.085334e+03	2.044577e+03	2.003880e+03	1.963731e+03
	1.924738e+03	1.887492e+03	1.852332e+03	1.819437e+03	1.788914e+03
	1.760751e+03	1.734845e+03	1.711029e+03	1.689109e+03	1.668882e+03
	1.650150e+03	1.632739e+03	1.616521e+03	1.601421e+03	1.587392e+03
	1.574391e+03	1.562364e+03	1.551253e+03	1.541028e+03	1.531687e+03
	1.523212e+03	1.515516e+03	1.508464e+03	1.501925e+03	1.495793e+03
	1.489999e+03	1.484509e+03	1.479309e+03	1.474382e+03	1.469696e+03
	1.465218e+03	1.460926e+03	1.456803e+03	1.452829e+03	1.448975e+03
	1.445200e+03	1.441455e+03	1.437684e+03	1.433821e+03	1.429793e+03
	1.425530e+03	1.420994e+03	1.416198e+03	1.411194e+03	1.406051e+03
	1.400834e+03	1.395560e+03	1.390145e+03	1.384400e+03	1.378095e+03
	1.371010e+03	1.362929e+03	1.353598e+03	1.342721e+03	1.330006e+03
	1.315232e+03	1.298325e+03	1.279446e+03	1.258959e+03	1.237266e+03
	1.214620e+03	1.189852e+03	1.160860e+03	1.130538e+03	1.102083e+03
	1.078031e+03	1.059402e+03	1.045621e+03	1.035486e+03	1.027980e+03
	1.022440e+03	1.018423e+03	1.015575e+03	1.013594e+03	1.012231e+03
	1.011301e+03	1.010670e+03	1.010244e+03	1.009957e+03	1.009764e+03
	1.009633e+03
lambda [W/m]
	1.571348e-02	1.574689e-02	1.579004e-02	1.584664e-02	1.592178e-02
	1.602228e-02	1.615678e-02	1.633556e-02	1.657021e-02	1.687314e-02
	1.725691e-02	1.773356e-02	1.831398e-02	1.900729e-02	1.982049e-02
	2.075814e-02	2.182233e-02	2.301269e-02	2.432658e-02	2.575933e-02
	2.730458e-02	2.895459e-02	3.070061e-02	3.253323e-02	3.444249e-02
	3.641748e-02	3.844600e-02	4.051490e-02	4.261110e-02	4.472223e-02
	4.683667e-02	4.894359e-02	5.103316e-02	5.309658e-02	5.512735e-02
	5.712650e-02	5.910377e-02	6.107185e-02	6.304314e-02	6.502808e-02
	6.703178e-02	6.905158e-02	7.107639e-02	7.308910e-02	7.507351e-02
	7.702303e-02	7.894064e-02	8.083049e-02	8.269278e-02	8.446781e-02
	8.619773e-02	8.790237e-02	8.957615e-02	9.121354e-02	9.281000e-02
	9.436081e-02	9.586022e-02	9.730214e-02	9.867981e-02	9.998522e-02
	1.012075e-01	1.023374e-01	1.033735e-01	1.043183e-01	1.051752e-01
	1.059502e-01	1.066507e-01	1.072849e-01	1.078609e-01	1.083864e-01
	1.088683e-01	1.093128e-01	1.097240e-01	1.101049e-01	1.104574e-01
	1.107829e-01	1.110831e-01	1.113594e-01	1.116126e-01	1.118423e-01
	1.120489e-01	1.122341e-01	1.124009e-01	1.125519e-01	1.126891e-01
	1.128134e-01	1.129246e-01	1.130222e-01	1.131057e-01	1.131745e-01
	1.132280e-01	1.132653e-01	1.132851e-01	1.132861e-01	1.132665e-01
	1.132240e-01	1.131549e-01	1.130537e-01	1.129124e-01	1.127186e-01
	1.124558e-01	1.121041e-01	1.116453e-01	1.110677e-01	1.103696e-01
	1.095590e-01	1.086455e-01	1.076244e-01	1.064676e-01	1.051333e-01
	1.035796e-01	1.017663e-01	9.964862e-02	9.717412e-02	9.429411e-02
	9.097616e-02	8.721882e-02	8.306993e-02	7.861886e-02	7.396160e-02
	6.916168e-02	6.417961e-02	5.894312e-02	5.362587e-02	4.845586e-02
	4.369358e-02	3.955246e-02	3.610139e-02	3.329128e-02	3.104745e-02
	2.930966e-02	2.801679e-02	2.709258e-02	2.645231e-02	2.601821e-02
	2.572866e-02	2.553840e-02	2.541519e-02	2.533647e-02	2.528684e-02
	2.525581e-02
mu [kg/s^2m]
	8.255382e-06	8.264748e-06	8.278186e-06	8.297211e-06	8.323736e-06
	8.360188e-06	8.409525e-06	8.475152e-06	8.560801e-06	8.670347e-06
	8.807594e-06	8.976043e-06	9.178675e-06	9.417782e-06	9.694865e-06
	1.001060e-05	1.036487e-05	1.075690e-05	1.118532e-05	1.164839e-05
	1.214409e-05	1.267026e-05	1.322475e-05	1.380550e-05	1.441050e-05
	1.503769e-05	1.568475e-05	1.634913e-05	1.702832e-05	1.771997e-05
	1.842186e-05	1.913180e-05	1.984775e-05	2.056771e-05	2.129023e-05
	2.201632e-05	2.275023e-05	2.349758e-05	2.426433e-05	2.505614e-05
	2.587699e-05	2.672791e-05	2.760626e-05	2.850628e-05	2.942185e-05
	3.035067e-05	3.129501e-05	3.225827e-05	3.324248e-05	3.424821e-05
	3.527463e-05	3.631969e-05	3.738044e-05	3.845337e-05	3.953505e-05
	4.062129e-05	4.170652e-05	4.278412e-05	4.384619e-05	4.488295e-05
	4.588148e-05	4.682923e-05	4.771978e-05	4.855031e-05	4.931947e-05
	5.002859e-05	5.068110e-05	5.128180e-05	5.183612e-05	5.234960e-05
	5.282763e-05	5.327495e-05	5.369512e-05	5.409030e-05	5.446180e-05
	5.481071e-05	5.513833e-05	5.544590e-05	5.573380e-05	5.600141e-05
	5.624850e-05	5.647664e-05	5.668902e-05	5.688888e-05	5.707874e-05
	5.726018e-05	5.743359e-05	5.759872e-05	5.775543e-05	5.790395e-05
	5.804451e-05	5.817698e-05	5.830096e-05	5.841606e-05	5.852207e-05
	5.861889e-05	5.870624e-05	5.878332e-05	5.884853e-05	5.889885e-05
	5.892908e-05	5.893149e-05	5.889686e-05	5.881693e-05	5.868691e-05
	5.850653e-05	5.827805e-05	5.800076e-05	5.766677e-05	5.726245e-05
	5.677237e-05	5.618036e-05	5.546708e-05	5.460839e-05	5.357807e-05
	5.235169e-05	5.091234e-05	4.925999e-05	4.741286e-05	4.539695e-05
	4.322968e-05	4.090518e-05	3.841112e-05	3.576481e-05	3.303534e-05
	3.035923e-05	2.789932e-05	2.575845e-05	2.395984e-05	2.249235e-05
	2.133945e-05	2.047419e-05	1.985294e-05	1.942224e-05	1.913098e-05
	1.893787e-05	1.881224e-05	1.873207e-05	1.868194e-05	1.865128e-05
	1.863292e-05
mDot_C3H8 [kg/m^3s]
	0.000000e+00	-9.854621e-12	-3.306766e-11	-8.193280e-11	-1.764632e-10
	-3.490745e-10	-6.526588e-10	-1.175003e-09	-2.065645e-09	-3.586103e-09
	-6.204023e-09	-1.076954e-08	-1.884484e-08	-3.331629e-08	-5.951976e-08
	-1.072793e-07	-1.945332e-07	-3.536493e-07	-6.421930e-07	-1.160895e-06
	-2.083050e-06	-3.701693e-06	-6.503929e-06	-1.128574e-05	-1.932434e-05
	-3.262522e-05	-5.425821e-05	-8.879703e-05	-1.428815e-04	-2.259156e-04
	-3.508957e-04	-5.353676e-04	-8.025355e-04	-1.182494e-03	-1.713967e-03
	-2.448706e-03	-3.459424e-03	-4.849280e-03	-6.765205e-03	-9.416925e-03
	-1.309894e-02	-1.821397e-02	-2.529400e-02	-3.501871e-02	-4.825512e-02
	-6.617161e-02	-9.041887e-02	-1.233066e-01	-1.680013e-01	-2.288111e-01
	-3.115570e-01	-4.240723e-01	-5.768509e-01	-7.839574e-01	-1.064431e+00
	-1.444096e+00	-1.958085e+00	-2.655083e+00	-3.603657e+00	-4.900724e+00
	-6.678370e+00	-9.110845e+00	-1.242595e+01	-1.689383e+01	-2.278741e+01
	-3.033972e+01	-3.969871e+01	-5.089508e+01	-6.382841e+01	-7.827063e+01
	-9.388248e+01	-1.102242e+02	-1.267531e+02	-1.428356e+02	-1.578060e+02
	-1.710496e+02	-1.820689e+02	-1.905103e+02	-1.961648e+02	-1.990046e+02
	-1.992106e+02	-1.971023e+02	-1.930066e+02	-1.871933e+02	-1.798825e+02
	-1.712790e+02	-1.616186e+02	-1.511743e+02	-1.402100e+02	-1.289454e+02
	-1.175696e+02	-1.062689e+02	-9.522182e+01	-8.457235e+01	-7.441177e+01
	-6.478119e+01	-5.568959e+01	-4.713616e+01	-3.912145e+01	-3.166520e+01
	-2.483953e+01	-1.878553e+01	-1.366896e+01	-9.587116e+00	-6.513204e+00
	-4.312685e+00	-2.793206e+00	-1.761460e+00	-1.066663e+00	-6.090714e-01
	-3.223323e-01	-1.556342e-01	-6.747401e-02	-2.588180e-02	-8.724776e-03
	-2.604542e-03	-7.066073e-04	-1.820283e-04	-4.685746e-05	-1.257971e-05
	-3.605688e-06	-1.104721e-06	-3.578795e-07	-1.203402e-07	-4.068695e-08
	-1.351547e-08	-4.500001e-09	-1.559474e-09	-5.647434e-10	-2.082785e-10
	-7.632978e-11	-2.748372e-11	-9.694024e-12	-3.338398e-12	-1.112644e-12
	-3.536689e-13	-1.048117e-13	-2.777008e-14	-5.962272e-15	-7.475594e-16
	0.000000e+00
ScalarDissRate [1/s]
	1.900605e-04	3.683176e-04	1.130646e-03	3.268396e-03	8.846486e-03
	2.240398e-02	5.313760e-02	1.182037e-01	2.471288e-01	4.869095e-01
	9.069691e-01	1.602867e+00	2.697668e+00	4.340201e+00	6.700028e+00
	9.959506e+00	1.430381e+01	1.990995e+01	2.693593e+01	3.551084e+01
	4.572672e+01	5.763256e+01	7.123070e+01	8.647571e+01	1.032735e+02
	1.214775e+02	1.408867e+02	1.612517e+02	1.822908e+02	2.037049e+02
	2.251883e+02	2.464389e+02	2.671696e+02	2.871173e+02	3.060615e+02
	3.238714e+02	3.405004e+02	3.559166e+02	3.700648e+02	3.828495e+02
	3.941179e+02	4.036687e+02	4.112879e+02	4.168027e+02	4.201470e+02
	4.212899e+02	4.203156e+02	4.172454e+02	4.120857e+02	4.049692e+02
	3.959729e+02	3.852957e+02	3.731522e+02	3.597546e+02	3.453282e+02
	3.301130e+02	3.143678e+02	2.983589e+02	2.823570e+02	2.666391e+02
	2.515021e+02	2.372055e+02	2.238847e+02	2.115955e+02	2.003533e+02
	1.901226e+02	1.808318e+02	1.723891e+02	1.646958e+02	1.576546e+02
	1.511741e+02	1.451746e+02	1.395953e+02	1.343954e+02	1.295469e+02
	1.250253e+02	1.208048e+02	1.168607e+02	1.131803e+02	1.097642e+02
	1.066092e+02	1.036904e+02	1.009629e+02	9.838153e+01	9.590967e+01
	9.352242e+01	9.120923e+01	8.896822e+01	8.679572e+01	8.468230e+01
	8.261757e+01	8.059509e+01	7.861151e+01	7.666195e+01	7.473649e+01
	7.281898e+01	7.088790e+01	6.891767e+01	6.687775e+01	6.473337e+01
	6.245399e+01	6.002882e+01	5.747885e+01	5.485147e+01	5.220448e+01
	4.959085e+01	4.703597e+01	4.451489e+01	4.196164e+01	3.930693e+01
	3.650577e+01	3.353606e+01	3.038688e+01	2.706105e+01	2.359551e+01
	2.007255e+01	1.661712e+01	1.337987e+01	1.049250e+01	8.027212e+00
	5.988954e+00	4.337093e+00	3.026362e+00	2.019965e+00	1.282896e+00
	7.755574e-01	4.495196e-01	2.513951e-01	1.354731e-01	6.994994e-02
	3.452963e-02	1.635521e-02	7.481651e-03	3.320663e-03	1.430738e-03
	5.973025e-04	2.411351e-04	9.401068e-05	3.538486e-05	1.289090e-05
	7.222699e-06
ZBilger
	1.000000e+00	9.991625e-01	9.980215e-01	9.965110e-01	9.945667e-01
	9.921234e-01	9.891186e-01	9.854994e-01	9.812240e-01	9.762640e-01
	9.706038e-01	9.642397e-01	9.571781e-01	9.494337e-01	9.410277e-01
	9.319857e-01	9.223364e-01	9.121100e-01	9.013374e-01	8.900495e-01
	8.782764e-01	8.660474e-01	8.533902e-01	8.403311e-01	8.268957e-01
	8.131141e-01	7.990242e-01	7.846711e-01	7.701017e-01	7.553615e-01
	7.404957e-01	7.255494e-01	7.105666e-01	6.955906e-01	6.806538e-01
	6.657381e-01	6.507609e-01	6.356147e-01	6.201890e-01	6.043835e-01
	5.881357e-01	5.714442e-01	5.543808e-01	5.370758e-01	5.196627e-01
	5.022092e-01	4.846630e-01	4.669880e-01	4.491648e-01	4.312059e-01
	4.131499e-01	3.950505e-01	3.769735e-01	3.589900e-01	3.411671e-01
	3.235793e-01	3.063183e-01	2.894852e-01	2.731933e-01	2.575742e-01
	2.427959e-01	2.290080e-01	2.162629e-01	2.045592e-01	1.938769e-01
	1.841618e-01	1.753361e-01	1.673096e-01	1.599893e-01	1.532859e-01
	1.471166e-01	1.414105e-01	1.361144e-01	1.311944e-01	1.266279e-01
	1.223948e-01	1.184726e-01	1.148392e-01	1.114825e-01	1.084013e-01
	1.055892e-01	1.030193e-01	1.006481e-01	9.843236e-02	9.633832e-02
	9.434287e-02	9.243556e-02	9.061309e-02	8.887055e-02	8.719848e-02
	8.558695e-02	8.402941e-02	8.252177e-02	8.105892e-02	7.963209e-02
	7.822836e-02	7.683140e-02	7.542265e-02	7.398080e-02	7.248239e-02
	7.090771e-02	6.925106e-02	6.752762e-02	6.576823e-02	6.400767e-02
	6.227461e-02	6.057753e-02	5.889028e-02	5.715714e-02	5.531529e-02
	5.331110e-02	5.109799e-02	4.862703e-02	4.584803e-02	4.272788e-02
	3.926960e-02	3.552863e-02	3.162272e-02	2.770561e-02	2.391582e-02
	2.033636e-02	1.698518e-02	1.386262e-02	1.099424e-02	8.432159e-03
	6.248736e-03	4.492794e-03	3.146198e-03	2.143926e-03	1.417015e-03
	9.080887e-04	5.667472e-04	3.470073e-04	2.099259e-04	1.261226e-04
	7.546973e-05	4.489396e-05	2.614700e-05	1.417853e-05	6.020935e-06
	0.000000e+00
ScalarDissRateBilger [1/s]
	2.795578e-02	3.958191e-02	7.385385e-02	1.330911e-01	2.311016e-01
	3.868644e-01	6.252180e-01	9.770163e-01	1.478877e+00	2.172477e+00
	3.103531e+00	4.320602e+00	5.873858e+00	7.813870e+00	1.019057e+01
	1.305235e+01	1.644540e+01	2.041310e+01	2.499553e+01	3.022908e+01
	3.614605e+01	4.277435e+01	5.013715e+01	5.825279e+01	6.713355e+01
	7.678194e+01	8.718651e+01	9.832096e+01	1.101469e+02	1.226165e+02
	1.356719e+02	1.492458e+02	1.632630e+02	1.776414e+02	1.923034e+02
	2.072177e+02	2.224168e+02	2.379594e+02	2.539045e+02	2.702942e+02
	2.871185e+02	3.042874e+02	3.216177e+02	3.388505e+02	3.554989e+02
	3.718021e+02	3.876613e+02	4.024509e+02	4.162560e+02	4.290321e+02
	4.404759e+02	4.503000e+02	4.582840e+02	4.642289e+02	4.679697e+02
	4.693792e+02	4.683808e+02	4.649647e+02	4.592004e+02	4.512527e+02
	4.414063e+02	4.300394e+02	4.175180e+02	4.041668e+02	3.902695e+02
	3.760349e+02	3.615959e+02	3.470221e+02	3.323388e+02	3.175455e+02
	3.026282e+02	2.875795e+02	2.724263e+02	2.572487e+02	2.421700e+02
	2.273298e+02	2.128594e+02	1.988794e+02	1.855331e+02	1.729862e+02
	1.613588e+02	1.506549e+02	1.407752e+02	1.315999e+02	1.230309e+02
	1.150051e+02	1.075031e+02	1.005248e+02	9.405652e+01	8.806176e+01
	8.249979e+01	7.733988e+01	7.255732e+01	6.812239e+01	6.399488e+01
	6.012574e+01	5.646238e+01	5.295413e+01	4.955267e+01	4.621601e+01
	4.292315e+01	3.969347e+01	3.659220e+01	3.370817e+01	3.112163e+01
	2.888067e+01	2.698346e+01	2.537831e+01	2.399229e+01	2.275990e+01
	2.162508e+01	2.052594e+01	1.938592e+01	1.812099e+01	1.666082e+01
	1.497175e+01	1.307375e+01	1.104647e+01	9.011146e+00	7.093567e+00
	5.387167e+00	3.935403e+00	2.747485e+00	1.814907e+00	1.121781e+00
	6.455890e-01	3.481890e-01	1.776275e-01	8.582425e-02	3.910168e-02
	1.677851e-02	6.817885e-03	2.647816e-03	9.913988e-04	3.606535e-04
	1.290730e-04	4.658930e-05	1.768844e-05	7.464071e-06	3.674755e-06
	2.648451e-06
ChiAnalytOverChiStoich
	1.000000e-10	1.000000e-10	1.000000e-10	8.276369e-03	2.165827e-02
	4.107235e-02	6.878204e-02	1.075506e-01	1.605680e-01	2.313069e-01
	3.233234e-01	4.400281e-01	5.844564e-01	7.590647e-01	9.655786e-01
	1.204902e+00	1.477092e+00	1.781381e+00	2.116258e+00	2.479557e+00
	2.868585e+00	3.280238e+00	3.711123e+00	4.157673e+00	4.616184e+00
	5.082738e+00	5.553141e+00	6.023050e+00	6.488215e+00	6.944642e+00
	7.388613e+00	7.816701e+00	8.225831e+00	8.613294e+00	8.976998e+00
	9.316275e+00	9.631739e+00	9.923967e+00	1.019282e+01	1.043715e+01
	1.065444e+01	1.084097e+01	1.099232e+01	1.110447e+01	1.117473e+01
	1.120193e+01	1.118551e+01	1.112470e+01	1.101871e+01	1.086710e+01
	1.067014e+01	1.042895e+01	1.014559e+01	9.823028e+00	9.464926e+00
	9.075767e+00	8.661067e+00	8.227209e+00	7.781435e+00	7.331961e+00
	6.888431e+00	6.460170e+00	6.053250e+00	5.671428e+00	5.317125e+00
	4.990945e+00	4.692069e+00	4.418722e+00	4.168630e+00	3.939345e+00
	3.728437e+00	3.533730e+00	3.353570e+00	3.186883e+00	3.032929e+00
	2.891008e+00	2.760315e+00	2.640032e+00	2.529666e+00	2.429063e+00
	2.337891e+00	2.255153e+00	2.179332e+00	2.108968e+00	2.042921e+00
	1.980412e+00	1.921075e+00	1.864767e+00	1.811302e+00	1.760353e+00
	1.711589e+00	1.664788e+00	1.619804e+00	1.576464e+00	1.534493e+00
	1.493499e+00	1.453004e+00	1.412481e+00	1.371341e+00	1.328955e+00
	1.284829e+00	1.238879e+00	1.191609e+00	1.143930e+00	1.096821e+00
	1.051054e+00	1.006838e+00	9.634844e-01	9.196005e-01	8.737057e-01
	8.246615e-01	7.716259e-01	7.138530e-01	6.507696e-01	5.824364e-01
	5.099352e-01	4.355478e-01	3.626202e-01	2.946328e-01	2.340499e-01
	1.817818e-01	1.374356e-01	1.003004e-01	6.990350e-02	4.588085e-02
	2.782011e-02	1.495314e-02	6.110911e-03	1.179747e-04	1.000000e-10
	1.000000e-10	1.000000e-10	1.000000e-10	1.000000e-10	1.000000e-10
	1.000000e-10	1.000000e-10	1.000000e-10	1.000000e-10	1.000000e-10
	1.000000e-10
ChiKWOverChiKWStoich
	6.279264e-11	6.280391e-11	6.281916e-11	5.200857e-03	1.361607e-02
	2.583673e-02	4.330219e-02	6.778044e-02	1.013311e-01	1.462265e-01
	2.048395e-01	2.795135e-01	3.724293e-01	4.854826e-01	6.201882e-01
	7.776137e-01	9.583468e-01	1.162490e+00	1.389682e+00	1.639133e+00
	1.909678e+00	2.199833e+00	2.507855e+00	2.831804e+00	3.169557e+00
	3.518735e+00	3.876637e+00	4.240308e+00	4.606717e+00	4.972880e+00
	5.335886e+00	5.692909e+00	6.041273e+00	6.378480e+00	6.702442e+00
	7.012273e+00	7.308312e+00	7.591031e+00	7.860418e+00	8.115671e+00
	8.354757e+00	8.574328e+00	8.770069e+00	8.937525e+00	9.073163e+00
	9.175016e+00	9.241703e+00	9.271993e+00	9.264387e+00	9.217523e+00
	9.130487e+00	9.002998e+00	8.835572e+00	8.629574e+00	8.387107e+00
	8.111117e+00	7.805592e+00	7.475495e+00	7.126792e+00	6.766580e+00
	6.403491e+00	6.046280e+00	5.701237e+00	5.372741e+00	5.063989e+00
	4.776504e+00	4.510422e+00	4.264882e+00	4.038428e+00	3.829318e+00
	3.635711e+00	3.455914e+00	3.288646e+00	3.133113e+00	2.988799e+00
	2.855200e+00	2.731689e+00	2.617602e+00	2.512569e+00	2.416526e+00
	2.329233e+00	2.249802e+00	2.176824e+00	2.108935e+00	2.045059e+00
	1.984463e+00	1.926805e+00	1.871962e+00	1.819760e+00	1.769893e+00
	1.722043e+00	1.675997e+00	1.631617e+00	1.588736e+00	1.547081e+00
	1.506266e+00	1.465810e+00	1.425174e+00	1.383750e+00	1.340880e+00
	1.296021e+00	1.249043e+00	1.200412e+00	1.151033e+00	1.101917e+00
	1.053902e+00	1.007259e+00	9.613294e-01	9.146957e-01	8.658479e-01
	8.136542e-01	7.573284e-01	6.962242e-01	6.299181e-01	5.586876e-01
	4.838847e-01	4.080637e-01	3.347650e-01	2.675030e-01	2.086109e-01
	1.587819e-01	1.174171e-01	8.362880e-02	5.675541e-02	3.621273e-02
	2.133856e-02	1.116284e-02	4.452921e-03	8.420160e-05	7.015618e-11
	6.920416e-11	6.849220e-11	6.798241e-11	6.762955e-11	6.739102e-11
	6.723274e-11	6.712955e-11	6.706347e-11	6.702192e-11	6.699632e-11
	6.698081e-11
ChiKWFact
	6.279264e-01	6.280391e-01	6.281916e-01	6.283984e-01	6.286779e-01
	6.290541e-01	6.295566e-01	6.302193e-01	6.310794e-01	6.321752e-01
	6.335436e-01	6.352174e-01	6.372234e-01	6.395800e-01	6.422969e-01
	6.453749e-01	6.488066e-01	6.525779e-01	6.566695e-01	6.610588e-01
	6.657214e-01	6.706323e-01	6.757672e-01	6.811031e-01	6.866185e-01
	6.922914e-01	6.980980e-01	7.040133e-01	7.100129e-01	7.160744e-01
	7.221770e-01	7.283006e-01	7.344271e-01	7.405390e-01	7.466240e-01
	7.526906e-01	7.587739e-01	7.649190e-01	7.711720e-01	7.775756e-01
	7.841570e-01	7.909192e-01	7.978362e-01	8.048586e-01	8.119359e-01
	8.190567e-01	8.262208e-01	8.334599e-01	8.407871e-01	8.482045e-01
	8.557041e-01	8.632695e-01	8.708780e-01	8.785045e-01	8.861250e-01
	8.937115e-01	9.012275e-01	9.086307e-01	9.158713e-01	9.228882e-01
	9.296007e-01	9.359320e-01	9.418472e-01	9.473348e-01	9.523923e-01
	9.570339e-01	9.612864e-01	9.651846e-01	9.687663e-01	9.720695e-01
	9.751300e-01	9.779792e-01	9.806404e-01	9.831277e-01	9.854498e-01
	9.876142e-01	9.896293e-01	9.915039e-01	9.932411e-01	9.948386e-01
	9.962968e-01	9.976269e-01	9.988494e-01	9.999843e-01	1.001047e+00
	1.002045e+00	1.002983e+00	1.003858e+00	1.004670e+00	1.005420e+00
	1.006108e+00	1.006733e+00	1.007293e+00	1.007784e+00	1.008204e+00
	1.008549e+00	1.008813e+00	1.008986e+00	1.009049e+00	1.008973e+00
	1.008711e+00	1.008204e+00	1.007387e+00	1.006209e+00	1.004646e+00
	1.002709e+00	1.000419e+00	9.977633e-01	9.946663e-01	9.910063e-01
	9.866524e-01	9.814710e-01	9.753047e-01	9.679587e-01	9.592252e-01
	9.489140e-01	9.368976e-01	9.231835e-01	9.079201e-01	8.913095e-01
	8.734748e-01	8.543424e-01	8.337829e-01	8.119108e-01	7.892777e-01
	7.670193e-01	7.465219e-01	7.286837e-01	7.137260e-01	7.015618e-01
	6.920416e-01	6.849220e-01	6.798241e-01	6.762955e-01	6.739102e-01
	6.723274e-01	6.712955e-01	6.706347e-01	6.702192e-01	6.699632e-01
	6.698081e-01
MolarMass [kg/kmole]
	4.409000e+01	4.404491e+01	4.398893e+01	4.392041e+01	4.383780e+01
	4.373955e+01	4.362426e+01	4.349090e+01	4.333887e+01	4.316803e+01
	4.297864e+01	4.277134e+01	4.254706e+01	4.230693e+01	4.205226e+01
	4.178439e+01	4.150475e+01	4.121469e+01	4.091558e+01	4.060868e+01
	4.029519e+01	3.997623e+01	3.965282e+01	3.932590e+01	3.899634e+01
	3.866505e+01	3.833310e+01	3.800165e+01	3.767179e+01	3.734455e+01
	3.702084e+01	3.670154e+01	3.638741e+01	3.607916e+01	3.577723e+01
	3.548104e+01	3.518878e+01	3.489831e+01	3.460756e+01	3.431480e+01
	3.401911e+01	3.372073e+01	3.342114e+01	3.312275e+01	3.282783e+01
	3.253590e+01	3.224912e+01	3.196524e+01	3.168389e+01	3.140524e+01
	3.112982e+01	3.085836e+01	3.059170e+01	3.033071e+01	3.007613e+01
	2.982878e+01	2.958964e+01	2.935976e+01	2.914034e+01	2.893272e+01
	2.873870e+01	2.855979e+01	2.839623e+01	2.824762e+01	2.811340e+01
	2.799264e+01	2.788419e+01	2.778683e+01	2.769933e+01	2.762059e+01
	2.754960e+01	2.748553e+01	2.742780e+01	2.737603e+01	2.732995e+01
	2.728932e+01	2.725383e+01	2.722313e+01	2.719698e+01	2.717512e+01
	2.715724e+01	2.714284e+01	2.713139e+01	2.712245e+01	2.711571e+01
	2.711095e+01	2.710805e+01	2.710688e+01	2.710731e+01	2.710923e+01
	2.711252e+01	2.711710e+01	2.712289e+01	2.712980e+01	2.713780e+01
	2.714688e+01	2.715712e+01	2.716866e+01	2.718173e+01	2.719664e+01
	2.721374e+01	2.723329e+01	2.725529e+01	2.727943e+01	2.730522e+01
	2.733213e+01	2.735982e+01	2.738853e+01	2.741907e+01	2.745247e+01
	2.748961e+01	2.753126e+01	2.757818e+01	2.763116e+01	2.769074e+01
	2.775695e+01	2.782913e+01	2.790566e+01	2.798430e+01	2.806293e+01
	2.814027e+01	2.821634e+01	2.829159e+01	2.836601e+01	2.843879e+01
	2.850792e+01	2.857096e+01	2.862652e+01	2.867453e+01	2.871526e+01
	2.874884e+01	2.877557e+01	2.879614e+01	2.881163e+01	2.882315e+01
	2.883171e+01	2.883807e+01	2.884281e+01	2.884636e+01	2.884903e+01
	2.885106e+01
TotalEnthalpy [J/kg]
	-2.352410e+06	-2.351923e+06	-2.351240e+06	-2.350293e+06	-2.348989e+06
	-2.347208e+06	-2.344804e+06	-2.341598e+06	-2.337393e+06	-2.331972e+06
	-2.325115e+06	-2.316604e+06	-2.306234e+06	-2.293821e+06	-2.279212e+06
	-2.262282e+06	-2.242944e+06	-2.221144e+06	-2.196862e+06	-2.170107e+06
	-2.140920e+06	-2.109363e+06	-2.075521e+06	-2.039496e+06	-2.001407e+06
	-1.961402e+06	-1.919667e+06	-1.876424e+06	-1.831912e+06	-1.786374e+06
	-1.740056e+06	-1.693205e+06	-1.646062e+06	-1.598864e+06	-1.551806e+06
	-1.504917e+06	-1.458020e+06	-1.410859e+06	-1.363179e+06	-1.314770e+06
	-1.265553e+06	-1.215650e+06	-1.165403e+06	-1.115317e+06	-1.065883e+06
	-1.017388e+06	-9.697453e+05	-9.229597e+05	-8.770732e+05	-8.322159e+05
	-7.886044e+05	-7.464396e+05	-7.059327e+05	-6.672801e+05	-6.306394e+05
	-5.961530e+05	-5.639610e+05	-5.341798e+05	-5.069016e+05	-4.822013e+05
	-4.601566e+05	-4.407658e+05	-4.238613e+05	-4.092100e+05	-3.965748e+05
	-3.857057e+05	-3.763597e+05	-3.683145e+05	-3.613766e+05	-3.553839e+05
	-3.502035e+05	-3.457313e+05	-3.418922e+05	-3.386344e+05	-3.359180e+05
	-3.337062e+05	-3.319612e+05	-3.306453e+05	-3.297231e+05	-3.291572e+05
	-3.289023e+05	-3.289095e+05	-3.291365e+05	-3.295526e+05	-3.301359e+05
	-3.308690e+05	-3.317331e+05	-3.327060e+05	-3.337645e+05	-3.348882e+05
	-3.360572e+05	-3.372489e+05	-3.384380e+05	-3.395985e+05	-3.407058e+05
	-3.417358e+05	-3.426606e+05	-3.434425e+05	-3.440258e+05	-3.443242e+05
	-3.442035e+05	-3.434743e+05	-3.419132e+05	-3.393157e+05	-3.355512e+05
	-3.305929e+05	-3.244719e+05	-3.171416e+05	-3.083746e+05	-2.978043e+05
	-2.850343e+05	-2.696865e+05	-2.513892e+05	-2.298324e+05	-2.049919e+05
	-1.773938e+05	-1.483063e+05	-1.196986e+05	-9.369375e+04	-7.184187e+04
	-5.476933e+04	-4.232887e+04	-3.388740e+04	-2.858235e+04	-2.529202e+04
	-2.279911e+04	-2.021089e+04	-1.722776e+04	-1.396891e+04	-1.070236e+04
	-7.701577e+03	-5.158474e+03	-3.140893e+03	-1.612694e+03	-4.879144e+02
	3.245153e+02	9.023527e+02	1.307217e+03	1.586354e+03	1.775212e+03
	1.900584e+03
trailer
Lewis numbers evaluated at maximum consumption
N2	-1
O2	1.01137
@ Z = 0.0748599
H	0.16464
@ Z = 0.117598
OH	0.663855
@ Z = 0.0996828
O	0.65601
@ Z = 0.0814928
H2	0.278761
@ Z = 0.0607829
H2O	-1
HO2	1.02301
@ Z = 0.00320314
H2O2	1.01453
@ Z = 0.0607829
CO	1.00838
@ Z = 0.0476095
CO2	-1
CH	0.609968
@ Z = 0.063404
CHO	1.15769
@ Z = 0.0579295
CH2	0.880234
@ Z = 0.063404
CH2O	1.16959
@ Z = 0.063404
CH3	0.919512
@ Z = 0.0771252
CH4	0.923806
@ Z = 0.0814928
C2H6	1.32612
@ Z = 0.10128
C2H	1.1647
@ Z = 0.113501
C2H2	1.2046
@ Z = 0.0748599
CHCO	0.810051
@ Z = 0.068131
C3H3	1.63529
@ Z = 0.0725996
C2H3	1.13429
@ Z = 0.13701
C2H4	1.21602
@ Z = 0.088812
C2H5	1.32697
@ Z = 0.0853939
C3H4	1.5943
@ Z = 0.068131
C3H5	1.64563
@ Z = 0.0835116
C3H6	1.70251
@ Z = 0.0950163
N-C3H7	1.71569
@ Z = 0.088812
I-C3H7	1.71206
@ Z = 0.0934882
C3H8	1.6705
@ Z = 0.117598
Lewis numbers evaluated at maximum formation
N2	-1
O2	1.04549
@ Z = 0.00320314
H	0.168843
@ Z = 0.0748599
OH	0.665799
@ Z = 0.0658347
O	0.649601
@ Z = 0.0548037
H2	0.275429
@ Z = 0.107995
H2O	0.754427
@ Z = 0.0793517
HO2	1.00799
@ Z = 0.0103273
H2O2	1.0036
@ Z = 0.0349493
CO	1.0209
@ Z = 0.0793517
CO2	1.27294
@ Z = 0.0658347
CH	0.613222
@ Z = 0.0793517
CHO	1.16427
@ Z = 0.0771252
CH2	0.88469
@ Z = 0.0853939
CH2O	1.17372
@ Z = 0.0853939
CH3	0.896645
@ Z = 0.113501
CH4	0.876803
@ Z = 0.127646
C2H6	1.215
@ Z = 0.148363
C2H	1.19298
@ Z = 0.0871516
C2H2	1.18534
@ Z = 0.106256
CHCO	0.808556
@ Z = 0.0965538
C3H3	1.63278
@ Z = 0.0919569
C2H3	1.20674
@ Z = 0.10128
C2H4	1.15552
@ Z = 0.127646
C2H5	1.29503
@ Z = 0.113501
C3H4	1.57783
@ Z = 0.104559
C3H5	1.59404
@ Z = 0.117598
C3H6	1.60341
@ Z = 0.133692
N-C3H7	1.65703
@ Z = 0.11986
I-C3H7	1.64105
@ Z = 0.124886
C3H8	-1
Lewis numbers evaluated at maximum mass fraction
N2	0.921472
@ Z = 9.94301e-06
O2	1.05247
@ Z = 9.94301e-06
H	0.168111
@ Z = 0.0658347
OH	0.664188
@ Z = 0.0607829
O	0.647284
@ Z = 0.0476095
H2	0.262347
@ Z = 0.133692
H2O	0.748787
@ Z = 0.10128
HO2	1.0035
@ Z = 0.0130454
H2O2	1.00251
@ Z = 0.0228552
CO	1.00862
@ Z = 0.104559
CO2	1.27447
@ Z = 0.0950163
CH	0.613305
@ Z = 0.0814928
CHO	1.1645
@ Z = 0.0793517
CH2	0.884004
@ Z = 0.088812
CH2O	1.02843
@ Z = 0.168251
CH3	0.890435
@ Z = 0.117598
CH4	0.790679
@ Z = 0.174506
C2H6	1.06242
@ Z = 0.217356
C2H	1.19242
@ Z = 0.088812
C2H2	1.11963
@ Z = 0.13701
CHCO	0.774581
@ Z = 0.127646
C3H3	1.63149
@ Z = 0.0934882
C2H3	1.20478
@ Z = 0.102903
C2H4	1.05834
@ Z = 0.168251
C2H5	1.29085
@ Z = 0.115488
C3H4	1.47649
@ Z = 0.140547
C3H5	1.49419
@ Z = 0.148363
C3H6	1.44719
@ Z = 0.181437
N-C3H7	1.64944
@ Z = 0.12229
I-C3H7	1.62186
@ Z = 0.130576
C3H8	0.801626
@ Z = 0.999931
