header

title = "planar counterflow diffusion flame"
author = ""
date = "Thu Jul 11 20:06:17 2013"

fuel = "C3H8"
pressure = 1 [bar]
strainrate = 40 [1/s]
chiStoichAnal = 1.13319 [1/s]
chiStoichAnalKW = 1.78953 [1/s]
FlameLocZ = 0.0797839 [K]
FlameLocBilger = 0.0697747 [K]
Tmax = 2056.43 [K]
stoichScalarDissRate = 1.87677 [1/s]
stoichScalarDissRateBilger = 1.07344 [1/s]

OxidizerSide
begin
	Temperature = 300 [K]
	Massfraction-N2 = 0.76708
	Massfraction-O2 = 0.23292
	Molefraction-N2 = 0.79
	Molefraction-O2 = 0.21
end

FuelSide
begin
	Temperature = 300 [K]
	Massfraction-C3H8 = 1
	Molefraction-C3H8 = 1
end

numOfSpecies = 31
gridPoints = 141

body
eta
	0.000000e+00	1.517877e-01	3.023292e-01	4.501190e-01	5.940420e-01
	7.336414e-01	8.687238e-01	9.991558e-01	1.124865e+00	1.245836e+00
	1.362108e+00	1.473762e+00	1.580916e+00	1.683714e+00	1.782321e+00
	1.876911e+00	1.967665e+00	2.054760e+00	2.138370e+00	2.218670e+00
	2.295831e+00	2.370006e+00	2.441324e+00	2.509900e+00	2.575851e+00
	2.639309e+00	2.700429e+00	2.759401e+00	2.816466e+00	2.871918e+00
	2.926056e+00	2.979004e+00	3.030477e+00	3.079996e+00	3.127488e+00
	3.173384e+00	3.218024e+00	3.261280e+00	3.302956e+00	3.343261e+00
	3.382698e+00	3.421712e+00	3.460567e+00	3.499413e+00	3.538384e+00
	3.577616e+00	3.617143e+00	3.656842e+00	3.696545e+00	3.736161e+00
	3.775645e+00	3.814834e+00	3.853300e+00	3.890364e+00	3.925286e+00
	3.957512e+00	3.986805e+00	4.013217e+00	4.036993e+00	4.058470e+00
	4.077982e+00	4.095812e+00	4.112198e+00	4.127365e+00	4.141547e+00
	4.154984e+00	4.167910e+00	4.180534e+00	4.193020e+00	4.205449e+00
	4.217775e+00	4.229802e+00	4.241260e+00	4.251951e+00	4.261833e+00
	4.270976e+00	4.279465e+00	4.287356e+00	4.294675e+00	4.301446e+00
	4.307722e+00	4.313582e+00	4.319120e+00	4.324431e+00	4.329599e+00
	4.334696e+00	4.339770e+00	4.344847e+00	4.349943e+00	4.355066e+00
	4.360216e+00	4.365413e+00	4.370710e+00	4.376177e+00	4.381840e+00
	4.387693e+00	4.393810e+00	4.400428e+00	4.407957e+00	4.416913e+00
	4.427855e+00	4.441302e+00	4.457549e+00	4.476553e+00	4.497978e+00
	4.521294e+00	4.545890e+00	4.571175e+00	4.596792e+00	4.622737e+00
	4.649276e+00	4.676827e+00	4.705904e+00	4.737187e+00	4.771792e+00
	4.811292e+00	4.856757e+00	4.907405e+00	4.961123e+00	5.016975e+00
	5.076473e+00	5.142763e+00	5.219734e+00	5.310912e+00	5.417695e+00
	5.538366e+00	5.668705e+00	5.804110e+00	5.941474e+00	6.079390e+00
	6.217710e+00	6.356908e+00	6.497517e+00	6.639890e+00	6.784142e+00
	6.930225e+00	7.077994e+00	7.227251e+00	7.377722e+00	7.528854e+00
	7.680054e+00
y [m]
	-5.174631e-03	-5.111563e-03	-5.048934e-03	-4.987350e-03	-4.927251e-03
	-4.868802e-03	-4.812049e-03	-4.757009e-03	-4.703665e-03	-4.651970e-03
	-4.601847e-03	-4.553196e-03	-4.505897e-03	-4.459812e-03	-4.414794e-03
	-4.370693e-03	-4.327354e-03	-4.284627e-03	-4.242367e-03	-4.200434e-03
	-4.158694e-03	-4.117029e-03	-4.075342e-03	-4.033548e-03	-3.991574e-03
	-3.949340e-03	-3.906755e-03	-3.863701e-03	-3.820011e-03	-3.775454e-03
	-3.729761e-03	-3.682783e-03	-3.634744e-03	-3.586129e-03	-3.537105e-03
	-3.487313e-03	-3.436423e-03	-3.384620e-03	-3.332214e-03	-3.279035e-03
	-3.224460e-03	-3.167826e-03	-3.108632e-03	-3.046486e-03	-2.980963e-03
	-2.911577e-03	-2.837971e-03	-2.760074e-03	-2.677943e-03	-2.591527e-03
	-2.500712e-03	-2.405701e-03	-2.307494e-03	-2.208030e-03	-2.109812e-03
	-2.015185e-03	-1.925764e-03	-1.842308e-03	-1.764857e-03	-1.692986e-03
	-1.626111e-03	-1.563678e-03	-1.505186e-03	-1.450090e-03	-1.397740e-03
	-1.347395e-03	-1.298280e-03	-1.249657e-03	-1.200929e-03	-1.151789e-03
	-1.102420e-03	-1.053635e-03	-1.006587e-03	-9.621777e-04	-9.206891e-04
	-8.819285e-04	-8.456091e-04	-8.115713e-04	-7.797657e-04	-7.501355e-04
	-7.225057e-04	-6.965647e-04	-6.719272e-04	-6.481991e-04	-6.250102e-04
	-6.020542e-04	-5.791278e-04	-5.561184e-04	-5.329622e-04	-5.096326e-04
	-4.861342e-04	-4.624024e-04	-4.381962e-04	-4.132163e-04	-3.873637e-04
	-3.606841e-04	-3.328756e-04	-3.028846e-04	-2.689090e-04	-2.287123e-04
	-1.799547e-04	-1.205832e-04	-4.969291e-05	3.199184e-05	1.223747e-04
	2.185279e-04	3.172665e-04	4.156780e-04	5.119846e-04	6.058824e-04
	6.980242e-04	7.894398e-04	8.812369e-04	9.747201e-04	1.071963e-03
	1.175456e-03	1.285391e-03	1.397383e-03	1.505475e-03	1.607688e-03
	1.706745e-03	1.806958e-03	1.912112e-03	2.023995e-03	2.141215e-03
	2.259942e-03	2.375969e-03	2.486688e-03	2.591634e-03	2.691656e-03
	2.788144e-03	2.882511e-03	2.975882e-03	3.069038e-03	3.162446e-03
	3.256361e-03	3.350896e-03	3.446070e-03	3.541812e-03	3.637840e-03
	3.733825e-03
f
	-3.450400e+00	-3.327594e+00	-3.205764e+00	-3.086114e+00	-2.969526e+00
	-2.856349e+00	-2.746709e+00	-2.640681e+00	-2.538284e+00	-2.439481e+00
	-2.344189e+00	-2.252284e+00	-2.163607e+00	-2.077975e+00	-1.995188e+00
	-1.915036e+00	-1.837305e+00	-1.761789e+00	-1.688288e+00	-1.616604e+00
	-1.546551e+00	-1.477965e+00	-1.410710e+00	-1.344675e+00	-1.279754e+00
	-1.215834e+00	-1.152784e+00	-1.090438e+00	-1.028567e+00	-9.668732e-01
	-9.050268e-01	-8.428868e-01	-7.808134e-01	-7.194606e-01	-6.590340e-01
	-5.990819e-01	-5.392314e-01	-4.797340e-01	-4.209639e-01	-3.627308e-01
	-3.043791e-01	-2.452767e-01	-1.850221e-01	-1.233677e-01	-6.007443e-02
	5.112611e-03	7.228407e-02	1.412479e-01	2.117007e-01	2.834451e-01
	3.563448e-01	4.300215e-01	5.035458e-01	5.754393e-01	6.440387e-01
	7.080100e-01	7.666582e-01	8.198988e-01	8.680831e-01	9.117897e-01
	9.516262e-01	9.881189e-01	1.021718e+00	1.052860e+00	1.082007e+00
	1.109638e+00	1.136225e+00	1.162193e+00	1.187869e+00	1.213412e+00
	1.238725e+00	1.263397e+00	1.286871e+00	1.308745e+00	1.328932e+00
	1.347579e+00	1.364867e+00	1.380910e+00	1.395764e+00	1.409487e+00
	1.422185e+00	1.434024e+00	1.445195e+00	1.455890e+00	1.466283e+00
	1.476517e+00	1.486688e+00	1.496847e+00	1.507026e+00	1.517240e+00
	1.527491e+00	1.537812e+00	1.548312e+00	1.559125e+00	1.570299e+00
	1.581821e+00	1.593827e+00	1.606780e+00	1.621465e+00	1.638859e+00
	1.659994e+00	1.685788e+00	1.716682e+00	1.752432e+00	1.792226e+00
	1.834911e+00	1.879231e+00	1.924032e+00	1.968630e+00	2.012988e+00
	2.057519e+00	2.102849e+00	2.149710e+00	2.199022e+00	2.252269e+00
	2.311434e+00	2.377522e+00	2.448841e+00	2.522120e+00	2.596009e+00
	2.672390e+00	2.754945e+00	2.847843e+00	2.954403e+00	3.075320e+00
	3.208066e+00	3.347977e+00	3.490526e+00	3.633019e+00	3.774535e+00
	3.915346e+00	4.056249e+00	4.198007e+00	4.341141e+00	4.485884e+00
	4.632273e+00	4.780226e+00	4.929585e+00	5.080106e+00	5.231257e+00
	5.382457e+00
df/deta
	8.089298e-01	8.090636e-01	8.092778e-01	8.096007e-01	8.100692e-01
	8.107315e-01	8.116488e-01	8.128958e-01	8.145608e-01	8.167448e-01
	8.195597e-01	8.231255e-01	8.275663e-01	8.330070e-01	8.395685e-01
	8.473644e-01	8.564966e-01	8.670526e-01	8.791027e-01	8.927004e-01
	9.078807e-01	9.246581e-01	9.430245e-01	9.629493e-01	9.843852e-01
	1.007277e+00	1.031569e+00	1.057218e+00	1.084211e+00	1.112579e+00
	1.142382e+00	1.173600e+00	1.205952e+00	1.238962e+00	1.272365e+00
	1.306257e+00	1.340716e+00	1.375471e+00	1.410173e+00	1.444804e+00
	1.479630e+00	1.514907e+00	1.550748e+00	1.587157e+00	1.624113e+00
	1.661576e+00	1.699376e+00	1.737157e+00	1.774491e+00	1.811001e+00
	1.846332e+00	1.880019e+00	1.911399e+00	1.939717e+00	1.964371e+00
	1.985120e+00	2.002111e+00	2.015755e+00	2.026565e+00	2.035050e+00
	2.041647e+00	2.046704e+00	2.050502e+00	2.053265e+00	2.055175e+00
	2.056368e+00	2.056935e+00	2.056927e+00	2.056362e+00	2.055239e+00
	2.053561e+00	2.051373e+00	2.048773e+00	2.045886e+00	2.042814e+00
	2.039623e+00	2.036356e+00	2.033053e+00	2.029759e+00	2.026511e+00
	2.023329e+00	2.020206e+00	2.017122e+00	2.014041e+00	2.010927e+00
	2.007745e+00	2.004468e+00	2.001080e+00	1.997570e+00	1.993932e+00
	1.990165e+00	1.986255e+00	1.982158e+00	1.977814e+00	1.973194e+00
	1.968294e+00	1.963042e+00	1.957215e+00	1.950409e+00	1.942080e+00
	1.931581e+00	1.918226e+00	1.901483e+00	1.881151e+00	1.857401e+00
	1.830742e+00	1.801921e+00	1.771785e+00	1.740974e+00	1.709718e+00
	1.677924e+00	1.645332e+00	1.611613e+00	1.576329e+00	1.538718e+00
	1.497821e+00	1.453624e+00	1.408123e+00	1.364148e+00	1.322933e+00
	1.283762e+00	1.245363e+00	1.206918e+00	1.168709e+00	1.132358e+00
	1.100069e+00	1.073434e+00	1.052760e+00	1.037341e+00	1.026101e+00
	1.018012e+00	1.012245e+00	1.008176e+00	1.005343e+00	1.003403e+00
	1.002099e+00	1.001239e+00	1.000685e+00	1.000337e+00	1.000124e+00
	1.000000e+00
Z
	1.000000e+00	9.999526e-01	9.998749e-01	9.997513e-01	9.995607e-01
	9.992751e-01	9.988586e-01	9.982668e-01	9.974474e-01	9.963404e-01
	9.948793e-01	9.929927e-01	9.906065e-01	9.876455e-01	9.840358e-01
	9.797068e-01	9.745928e-01	9.686345e-01	9.617806e-01	9.539878e-01
	9.452214e-01	9.354574e-01	9.246840e-01	9.129023e-01	9.001235e-01
	8.863648e-01	8.716445e-01	8.559753e-01	8.393521e-01	8.217441e-01
	8.031025e-01	7.834283e-01	7.628923e-01	7.417946e-01	7.203106e-01
	6.983833e-01	6.759682e-01	6.532480e-01	6.304603e-01	6.076266e-01
	5.845793e-01	5.611534e-01	5.372763e-01	5.129433e-01	4.881643e-01
	4.629552e-01	4.374109e-01	4.117542e-01	3.862460e-01	3.610911e-01
	3.364625e-01	3.125964e-01	2.898620e-01	2.687156e-01	2.495594e-01
	2.326036e-01	2.178297e-01	2.050527e-01	1.940037e-01	1.843973e-01
	1.759792e-01	1.685438e-01	1.619254e-01	1.559804e-01	1.505766e-01
	1.455922e-01	1.409194e-01	1.364681e-01	1.321723e-01	1.279985e-01
	1.239571e-01	1.201049e-01	1.165166e-01	1.132381e-01	1.102664e-01
	1.075665e-01	1.051010e-01	1.028451e-01	1.007834e-01	9.890161e-02
	9.717973e-02	9.559115e-02	9.410685e-02	9.269925e-02	9.134384e-02
	9.002114e-02	8.871856e-02	8.742917e-02	8.614905e-02	8.487644e-02
	8.361128e-02	8.234978e-02	8.107909e-02	7.978393e-02	7.845991e-02
	7.711013e-02	7.572034e-02	7.424023e-02	7.258620e-02	7.065961e-02
	6.836589e-02	6.563569e-02	6.246455e-02	5.892783e-02	5.515710e-02
	5.130518e-02	4.751526e-02	4.389925e-02	4.051148e-02	3.734784e-02
	3.437356e-02	3.154714e-02	2.883115e-02	2.618921e-02	2.357224e-02
	2.093321e-02	1.829499e-02	1.578402e-02	1.353409e-02	1.156919e-02
	9.820779e-03	8.211620e-03	6.697940e-03	5.284435e-03	4.019380e-03
	2.957837e-03	2.124431e-03	1.503088e-03	1.053680e-03	7.332744e-04
	5.060977e-04	3.455095e-04	2.325704e-04	1.538174e-04	9.954379e-05
	6.264940e-05	3.793542e-05	2.162910e-05	1.103421e-05	4.262343e-06
	0.000000e+00
temperature [K]
	3.000000e+02	3.000647e+02	3.001708e+02	3.003393e+02	3.005990e+02
	3.009879e+02	3.015546e+02	3.023586e+02	3.034703e+02	3.049695e+02
	3.069433e+02	3.094836e+02	3.126837e+02	3.166344e+02	3.214209e+02
	3.271192e+02	3.337941e+02	3.414969e+02	3.502648e+02	3.601220e+02
	3.710798e+02	3.831370e+02	3.962789e+02	4.104798e+02	4.257072e+02
	4.419290e+02	4.591192e+02	4.772663e+02	4.963880e+02	5.165389e+02
	5.378031e+02	5.602179e+02	5.836388e+02	6.077825e+02	6.325116e+02
	6.579592e+02	6.842525e+02	7.112575e+02	7.387688e+02	7.668343e+02
	7.957437e+02	8.258094e+02	8.572546e+02	8.902389e+02	9.249277e+02
	9.615054e+02	1.000071e+03	1.040579e+03	1.082891e+03	1.126875e+03
	1.172415e+03	1.219221e+03	1.266624e+03	1.313557e+03	1.358798e+03
	1.401332e+03	1.440586e+03	1.476435e+03	1.509079e+03	1.538905e+03
	1.566339e+03	1.591764e+03	1.615515e+03	1.637920e+03	1.659331e+03
	1.680121e+03	1.700678e+03	1.721377e+03	1.742543e+03	1.764378e+03
	1.786856e+03	1.809613e+03	1.832046e+03	1.853597e+03	1.873972e+03
	1.893115e+03	1.911040e+03	1.927719e+03	1.943094e+03	1.957137e+03
	1.969902e+03	1.981515e+03	1.992137e+03	2.001921e+03	2.010989e+03
	2.019411e+03	2.027192e+03	2.034281e+03	2.040593e+03	2.046016e+03
	2.050424e+03	2.053701e+03	2.055745e+03	2.056430e+03	2.055630e+03
	2.053300e+03	2.049449e+03	2.043982e+03	2.036558e+03	2.026604e+03
	2.013360e+03	1.995857e+03	1.973023e+03	1.943856e+03	1.907619e+03
	1.864076e+03	1.813690e+03	1.757621e+03	1.697162e+03	1.633128e+03
	1.565783e+03	1.495055e+03	1.420735e+03	1.342423e+03	1.259098e+03
	1.169526e+03	1.074845e+03	9.804501e+02	8.925766e+02	8.132921e+02
	7.407227e+02	6.722593e+02	6.064261e+02	5.437440e+02	4.867046e+02
	4.381882e+02	3.996961e+02	3.707726e+02	3.497329e+02	3.346708e+02
	3.239596e+02	3.163719e+02	3.110275e+02	3.072967e+02	3.047236e+02
	3.029736e+02	3.018008e+02	3.010269e+02	3.005239e+02	3.002024e+02
	3.000000e+02
massfraction-N2
	1.000000e-60	5.425804e-04	1.243339e-03	2.129691e-03	3.228273e-03
	4.567196e-03	6.174640e-03	8.076856e-03	1.029750e-02	1.285717e-02
	1.577329e-02	1.906010e-02	2.272890e-02	2.678845e-02	3.124530e-02
	3.610426e-02	4.136874e-02	4.704079e-02	5.312148e-02	5.961174e-02
	6.651211e-02	7.382181e-02	8.153780e-02	8.965479e-02	9.816696e-02
	1.070706e-01	1.163658e-01	1.260606e-01	1.361768e-01	1.467543e-01
	1.578459e-01	1.694781e-01	1.815816e-01	1.940153e-01	2.067119e-01
	2.197414e-01	2.331679e-01	2.469196e-01	2.608880e-01	2.750919e-01
	2.896702e-01	3.047692e-01	3.204859e-01	3.368803e-01	3.540095e-01
	3.719537e-01	3.906766e-01	4.101147e-01	4.301352e-01	4.506192e-01
	4.714495e-01	4.924267e-01	5.131869e-01	5.332191e-01	5.519916e-01
	5.691109e-01	5.844038e-01	5.978917e-01	6.097226e-01	6.201015e-01
	6.292320e-01	6.372888e-01	6.444201e-01	6.507618e-01	6.564449e-01
	6.615921e-01	6.663118e-01	6.706923e-01	6.747950e-01	6.786497e-01
	6.822490e-01	6.855534e-01	6.885209e-01	6.911430e-01	6.934512e-01
	6.954972e-01	6.973274e-01	6.989735e-01	7.004564e-01	7.017934e-01
	7.030036e-01	7.041091e-01	7.051324e-01	7.060936e-01	7.070100e-01
	7.078951e-01	7.087566e-01	7.095988e-01	7.104234e-01	7.112311e-01
	7.120217e-01	7.127981e-01	7.135689e-01	7.143449e-01	7.151310e-01
	7.159285e-01	7.167494e-01	7.176273e-01	7.186170e-01	7.197855e-01
	7.212032e-01	7.229306e-01	7.249881e-01	7.273353e-01	7.298789e-01
	7.324983e-01	7.350769e-01	7.375243e-01	7.397965e-01	7.418951e-01
	7.438450e-01	7.456764e-01	7.474176e-01	7.490960e-01	7.507471e-01
	7.524049e-01	7.540594e-01	7.556354e-01	7.570533e-01	7.583021e-01
	7.594288e-01	7.604870e-01	7.615111e-01	7.625045e-01	7.634368e-01
	7.642631e-01	7.649504e-01	7.654931e-01	7.659080e-01	7.662200e-01
	7.664533e-01	7.666276e-01	7.667573e-01	7.668535e-01	7.669243e-01
	7.669758e-01	7.670129e-01	7.670394e-01	7.670579e-01	7.670708e-01
	7.670796e-01
massfraction-O2
	1.000000e-60	1.086819e-08	2.496550e-08	4.286962e-08	6.514608e-08
	9.239281e-08	1.252109e-07	1.641628e-07	2.097567e-07	2.624364e-07
	3.225763e-07	3.904818e-07	4.663935e-07	5.504940e-07	6.429171e-07
	7.437565e-07	8.530748e-07	9.709058e-07	1.097263e-06	1.232160e-06
	1.375609e-06	1.527600e-06	1.688088e-06	1.856996e-06	2.034253e-06
	2.219853e-06	2.413902e-06	2.616698e-06	2.828879e-06	3.051517e-06
	3.286043e-06	3.533438e-06	3.792761e-06	4.061595e-06	4.339169e-06
	4.627827e-06	4.930044e-06	5.245489e-06	5.573086e-06	5.914894e-06
	6.276349e-06	6.663987e-06	7.084294e-06	7.544250e-06	8.052654e-06
	8.621514e-06	9.263303e-06	9.992999e-06	1.082810e-05	1.179270e-05
	1.291953e-05	1.424778e-05	1.581621e-05	1.765428e-05	1.977586e-05
	2.218024e-05	2.485937e-05	2.780562e-05	3.101879e-05	3.451027e-05
	3.830092e-05	4.241615e-05	4.688647e-05	5.175719e-05	5.710294e-05
	6.304190e-05	6.974959e-05	7.747354e-05	8.654385e-05	9.737045e-05
	1.103970e-04	1.259950e-04	1.443880e-04	1.657222e-04	1.902449e-04
	2.184185e-04	2.508509e-04	2.881399e-04	3.307799e-04	3.791964e-04
	4.339404e-04	4.959331e-04	5.666400e-04	6.481990e-04	7.435934e-04
	8.567537e-04	9.925325e-04	1.156792e-03	1.356701e-03	1.600894e-03
	1.899478e-03	2.265385e-03	2.717497e-03	3.281158e-03	3.982419e-03
	4.844558e-03	5.901967e-03	7.227597e-03	8.956788e-03	1.129564e-02
	1.451608e-02	1.892714e-02	2.477771e-02	3.215013e-02	4.092348e-02
	5.080155e-02	6.137735e-02	7.221563e-02	8.298564e-02	9.353195e-02
	1.038274e-01	1.139025e-01	1.238024e-01	1.335906e-01	1.433950e-01
	1.533513e-01	1.633436e-01	1.728761e-01	1.814379e-01	1.889366e-01
	1.956278e-01	2.018001e-01	2.076148e-01	2.130462e-01	2.179011e-01
	2.219613e-01	2.251309e-01	2.274750e-01	2.291530e-01	2.303349e-01
	2.311616e-01	2.317374e-01	2.321360e-01	2.324094e-01	2.325947e-01
	2.327184e-01	2.327998e-01	2.328526e-01	2.328862e-01	2.329073e-01
	2.329204e-01
massfraction-H
	1.000000e-60	5.547443e-19	1.193250e-18	1.890810e-18	2.610593e-18
	3.340395e-18	4.094466e-18	4.907670e-18	5.834476e-18	6.953926e-18
	8.381115e-18	1.028763e-17	1.293657e-17	1.674234e-17	2.237372e-17
	3.093278e-17	4.426784e-17	6.552267e-17	1.001042e-16	1.573920e-16
	2.537332e-16	4.176330e-16	6.986171e-16	1.182128e-15	2.014257e-15
	3.442440e-15	5.882014e-15	1.002645e-14	1.703584e-14	2.886464e-14
	4.882258e-14	8.238942e-14	1.380009e-13	2.276604e-13	3.685181e-13
	5.865984e-13	9.204745e-13	1.422614e-12	2.164671e-12	3.256252e-12
	4.875937e-12	7.311777e-12	1.102571e-11	1.677562e-11	2.585137e-11
	4.050672e-11	6.468809e-11	1.053440e-10	1.749425e-10	2.965613e-10
	5.140345e-10	9.111872e-10	1.645459e-09	3.000217e-09	5.453589e-09
	9.752021e-09	1.697191e-08	2.855732e-08	4.635098e-08	7.264840e-08
	1.102571e-07	1.625243e-07	2.333886e-07	3.276217e-07	4.513873e-07
	6.131313e-07	8.248169e-07	1.103510e-06	1.473038e-06	1.964960e-06
	2.616595e-06	3.463645e-06	4.531531e-06	5.834758e-06	7.385696e-06
	9.201664e-06	1.129965e-05	1.368450e-05	1.634260e-05	1.924675e-05
	2.237115e-05	2.570539e-05	2.925862e-05	3.305679e-05	3.713879e-05
	4.154670e-05	4.631105e-05	5.144240e-05	5.693000e-05	6.273529e-05
	6.878507e-05	7.499254e-05	8.128363e-05	8.755838e-05	9.362066e-05
	9.921530e-05	1.041561e-04	1.083379e-04	1.115817e-04	1.134449e-04
	1.131609e-04	1.098116e-04	1.027952e-04	9.232144e-05	7.944353e-05
	6.564536e-05	5.233255e-05	4.048967e-05	3.054116e-05	2.247404e-05
	1.607861e-05	1.110692e-05	7.332663e-06	4.556198e-06	2.597388e-06
	1.308297e-06	5.634304e-07	2.079792e-07	6.852845e-08	2.106108e-08
	6.233530e-09	1.843022e-09	5.614843e-10	1.770004e-10	5.778805e-11
	1.989788e-11	7.389512e-12	2.986943e-12	1.304308e-12	6.052137e-13
	2.927031e-13	1.448279e-13	7.211677e-14	3.560353e-14	1.716666e-14
	7.937122e-15	3.425206e-15	1.314777e-15	4.037072e-16	7.109963e-17
	1.000000e-60
massfraction-OH
	1.000000e-60	3.879989e-25	2.025074e-24	5.922518e-24	1.362602e-23
	2.749679e-23	5.116533e-23	9.027390e-23	1.537686e-22	2.561793e-22
	4.216932e-22	6.915116e-22	1.137280e-21	1.885864e-21	3.165521e-21
	5.392645e-21	9.335960e-21	1.642885e-20	2.936838e-20	5.327845e-20
	9.800047e-20	1.826990e-19	3.453907e-19	6.633584e-19	1.298546e-18
	2.601886e-18	5.359180e-18	1.138395e-17	2.498331e-17	5.667075e-17
	1.327289e-16	3.192243e-16	7.769606e-16	1.875371e-15	4.430318e-15
	1.022731e-14	2.307161e-14	5.058150e-14	1.073124e-13	2.213041e-13
	4.480850e-13	8.986185e-13	1.794720e-12	3.583277e-12	7.182454e-12
	1.452184e-11	2.969819e-11	6.144210e-11	1.284536e-10	2.711972e-10
	5.779515e-10	1.239643e-09	2.654681e-09	5.602009e-09	1.147362e-08
	2.251651e-08	4.202263e-08	7.444728e-08	1.255519e-07	2.027235e-07
	3.154801e-07	4.761013e-07	7.006041e-07	1.010689e-06	1.437403e-06
	2.027301e-06	2.852423e-06	4.026168e-06	5.726830e-06	8.227769e-06
	1.191998e-05	1.729370e-05	2.486974e-05	3.514088e-05	4.858962e-05
	6.573922e-05	8.711682e-05	1.131257e-04	1.439402e-04	1.795233e-04
	2.198014e-04	2.648811e-04	3.151733e-04	3.714307e-04	4.347727e-04
	5.066250e-04	5.885632e-04	6.822323e-04	7.893665e-04	9.116789e-04
	1.050626e-03	1.207691e-03	1.385015e-03	1.584415e-03	1.804458e-03
	2.039788e-03	2.285527e-03	2.541070e-03	2.807738e-03	3.081432e-03
	3.346133e-03	3.571686e-03	3.717407e-03	3.745738e-03	3.637230e-03
	3.397477e-03	3.054812e-03	2.650946e-03	2.226719e-03	1.812048e-03
	1.425728e-03	1.079295e-03	7.801099e-04	5.322587e-04	3.364993e-04
	1.923506e-04	9.856543e-05	4.716999e-05	2.279153e-05	1.171820e-05
	6.437506e-06	3.710697e-06	2.203788e-06	1.336402e-06	8.284322e-07
	5.278740e-07	3.472297e-07	2.357373e-07	1.643826e-07	1.168945e-07
	8.410975e-08	6.077645e-08	4.380255e-08	3.128652e-08	2.199793e-08
	1.509559e-08	9.978725e-09	6.204572e-09	3.440810e-09	1.437151e-09
	1.000000e-60
massfraction-O
	1.000000e-60	2.293581e-26	1.094518e-25	2.896049e-25	5.891930e-25
	1.030531e-24	1.640156e-24	2.454540e-24	3.530249e-24	4.956284e-24
	6.882773e-24	9.546034e-24	1.333521e-23	1.890650e-23	2.732723e-23
	4.041526e-23	6.123050e-23	9.505041e-23	1.509490e-22	2.446185e-22
	4.032185e-22	6.735819e-22	1.135871e-21	1.925983e-21	3.271875e-21
	5.552086e-21	9.389780e-21	1.580690e-20	2.648677e-20	4.423096e-20
	7.374329e-20	1.227766e-19	2.032873e-19	3.325439e-19	5.360871e-19
	8.547968e-19	1.354303e-18	2.135696e-18	3.360481e-18	5.315452e-18
	8.545892e-18	1.411593e-17	2.415947e-17	4.312337e-17	8.069349e-17
	1.588548e-16	3.289333e-16	7.134457e-16	1.611853e-15	3.778012e-15
	9.166996e-15	2.293964e-14	5.864781e-14	1.507053e-13	3.813332e-13
	9.319137e-13	2.169646e-12	4.779898e-12	9.961089e-12	1.971731e-11
	3.729457e-11	6.781092e-11	1.192048e-10	2.038598e-10	3.416636e-10
	5.659161e-10	9.349177e-10	1.555122e-09	2.627600e-09	4.539979e-09
	8.034926e-09	1.447470e-08	2.619775e-08	4.699698e-08	8.287718e-08
	1.432750e-07	2.425636e-07	4.013288e-07	6.470613e-07	1.014642e-06
	1.548359e-06	2.307250e-06	3.374241e-06	4.869870e-06	6.973304e-06
	9.950580e-06	1.418794e-05	2.023441e-05	2.885688e-05	4.108746e-05
	5.823388e-05	8.191351e-05	1.141735e-04	1.573623e-04	2.132848e-04
	2.823913e-04	3.646337e-04	4.613084e-04	5.754672e-04	7.098793e-04
	8.637643e-04	1.029115e-03	1.187382e-03	1.312716e-03	1.381680e-03
	1.382240e-03	1.317151e-03	1.201154e-03	1.053686e-03	8.919113e-04
	7.284329e-04	5.721463e-04	4.295831e-04	3.054915e-04	2.028235e-04
	1.236921e-04	6.963152e-05	3.817790e-05	2.196254e-05	1.369716e-05
	9.137325e-06	6.349445e-06	4.497219e-06	3.206909e-06	2.295649e-06
	1.653889e-06	1.203482e-06	8.856954e-07	6.579787e-07	4.915161e-07
	3.674171e-07	2.734372e-07	2.015997e-07	1.465233e-07	1.043945e-07
	7.235744e-08	4.819117e-08	3.013439e-08	1.678408e-08	7.034613e-09
	1.000000e-60
massfraction-H2
	1.000000e-60	1.892514e-05	3.911019e-05	6.036349e-05	8.249521e-05
	1.053802e-04	1.289204e-04	1.530207e-04	1.775923e-04	2.025567e-04
	2.278470e-04	2.534091e-04	2.792020e-04	3.051972e-04	3.313773e-04
	3.577345e-04	3.842696e-04	4.109883e-04	4.379010e-04	4.650240e-04
	4.923765e-04	5.199755e-04	5.478327e-04	5.759545e-04	6.043485e-04
	6.330309e-04	6.620307e-04	6.913984e-04	7.212226e-04	7.516363e-04
	7.828000e-04	8.147926e-04	8.474361e-04	8.803798e-04	9.134895e-04
	9.469878e-04	9.810715e-04	1.015591e-03	1.050314e-03	1.085327e-03
	1.121010e-03	1.157750e-03	1.195813e-03	1.235378e-03	1.276625e-03
	1.319823e-03	1.364899e-03	1.411811e-03	1.460336e-03	1.510296e-03
	1.561529e-03	1.613671e-03	1.665934e-03	1.717100e-03	1.765796e-03
	1.810882e-03	1.851688e-03	1.887997e-03	1.919909e-03	1.947682e-03
	1.971585e-03	1.991824e-03	2.008552e-03	2.021898e-03	2.031966e-03
	2.038788e-03	2.042268e-03	2.042129e-03	2.037894e-03	2.028932e-03
	2.014652e-03	1.994863e-03	1.970053e-03	1.941223e-03	1.909397e-03
	1.875325e-03	1.839572e-03	1.802703e-03	1.765312e-03	1.727919e-03
	1.690813e-03	1.653983e-03	1.617178e-03	1.580000e-03	1.541963e-03
	1.502575e-03	1.461434e-03	1.418247e-03	1.372793e-03	1.324936e-03
	1.274666e-03	1.221921e-03	1.166358e-03	1.107641e-03	1.046137e-03
	9.828628e-04	9.182713e-04	8.513970e-04	7.803590e-04	7.037739e-04
	6.218319e-04	5.364951e-04	4.512614e-04	3.700333e-04	2.960934e-04
	2.317097e-04	1.779891e-04	1.348926e-04	1.013330e-04	7.568291e-05
	5.636082e-05	4.207200e-05	3.179249e-05	2.466007e-05	1.989566e-05
	1.682063e-05	1.486400e-05	1.355146e-05	1.256394e-05	1.173173e-05
	1.096112e-05	1.019282e-05	9.388116e-06	8.530559e-06	7.633509e-06
	6.734330e-06	5.876044e-06	5.088062e-06	4.379988e-06	3.748552e-06
	3.185024e-06	2.680174e-06	2.226674e-06	1.819267e-06	1.454222e-06
	1.128562e-06	8.396031e-07	5.847424e-07	3.614206e-07	1.673313e-07
	1.000000e-60
massfraction-H2O
	1.000000e-60	9.391170e-05	2.152639e-04	3.688113e-04	5.591569e-04
	7.911308e-04	1.069533e-03	1.398770e-03	1.782717e-03	2.224623e-03
	2.727057e-03	3.291900e-03	3.920367e-03	4.613054e-03	5.370003e-03
	6.190774e-03	7.074518e-03	8.020001e-03	9.025689e-03	1.008992e-02
	1.121091e-02	1.238663e-02	1.361468e-02	1.489241e-02	1.621716e-02
	1.758676e-02	1.899976e-02	2.045598e-02	2.195743e-02	2.350868e-02
	2.511610e-02	2.678208e-02	2.849556e-02	3.023605e-02	3.199432e-02
	3.378022e-02	3.560256e-02	3.745173e-02	3.931362e-02	4.119146e-02
	4.310410e-02	4.507089e-02	4.710440e-02	4.921232e-02	5.140201e-02
	5.368423e-02	5.605399e-02	5.850455e-02	6.102055e-02	6.358888e-02
	6.619715e-02	6.882296e-02	7.142355e-02	7.393750e-02	7.629991e-02
	7.846189e-02	8.040102e-02	8.211857e-02	8.363157e-02	8.496432e-02
	8.614122e-02	8.718322e-02	8.810818e-02	8.893261e-02	8.967262e-02
	9.034343e-02	9.095851e-02	9.152869e-02	9.206125e-02	9.255916e-02
	9.302037e-02	9.343859e-02	9.380746e-02	9.412529e-02	9.439583e-02
	9.462539e-02	9.481963e-02	9.498260e-02	9.511734e-02	9.522676e-02
	9.531407e-02	9.538248e-02	9.543479e-02	9.547311e-02	9.549879e-02
	9.551243e-02	9.551397e-02	9.550283e-02	9.547797e-02	9.543782e-02
	9.538013e-02	9.530164e-02	9.519715e-02	9.505919e-02	9.487945e-02
	9.465001e-02	9.436003e-02	9.398774e-02	9.349321e-02	9.281598e-02
	9.187885e-02	9.060064e-02	8.892543e-02	8.684205e-02	8.437829e-02
	8.158890e-02	7.854808e-02	7.534130e-02	7.203671e-02	6.866329e-02
	6.521827e-02	6.168338e-02	5.803608e-02	5.424655e-02	5.025628e-02
	4.599581e-02	4.150213e-02	3.700589e-02	3.278396e-02	2.892844e-02
	2.534393e-02	2.189392e-02	1.849108e-02	1.514686e-02	1.198636e-02
	9.181803e-03	6.856302e-03	5.031669e-03	3.649192e-03	2.621342e-03
	1.864198e-03	1.309694e-03	9.064260e-04	6.159731e-04	4.093406e-04
	2.643652e-04	1.641229e-04	9.582948e-05	4.999090e-05	1.970938e-05
	1.000000e-60
massfraction-HO2
	1.000000e-60	1.899458e-11	4.368437e-11	7.510453e-11	1.142731e-10
	1.622685e-10	2.201781e-10	2.890236e-10	3.697326e-10	4.631193e-10
	5.698746e-10	6.905651e-10	8.256395e-10	9.754390e-10	1.140212e-09
	1.320126e-09	1.515284e-09	1.725719e-09	1.951411e-09	2.192311e-09
	2.448328e-09	2.719288e-09	3.004888e-09	3.304685e-09	3.618145e-09
	3.944713e-09	4.283863e-09	4.635186e-09	4.998575e-09	5.374259e-09
	5.762508e-09	6.162080e-09	6.567827e-09	6.971764e-09	7.368043e-09
	7.754413e-09	8.127191e-09	8.477950e-09	8.797497e-09	9.080078e-09
	9.321814e-09	9.517467e-09	9.659640e-09	9.739251e-09	9.745568e-09
	9.666554e-09	9.487670e-09	9.198801e-09	8.794727e-09	8.277480e-09
	7.659908e-09	6.974344e-09	6.282474e-09	5.673327e-09	5.240113e-09
	5.047839e-09	5.117732e-09	5.436280e-09	5.974309e-09	6.701884e-09
	7.594114e-09	8.630588e-09	9.793972e-09	1.107091e-08	1.245436e-08
	1.394503e-08	1.555172e-08	1.729066e-08	1.918411e-08	2.125909e-08
	2.354565e-08	2.607580e-08	2.889033e-08	3.205174e-08	3.565477e-08
	3.982738e-08	4.471442e-08	5.045270e-08	5.715415e-08	6.490955e-08
	7.382066e-08	8.404426e-08	9.582556e-08	1.095224e-07	1.256344e-07
	1.448179e-07	1.678742e-07	1.957530e-07	2.295851e-07	2.706848e-07
	3.205222e-07	3.809162e-07	4.545045e-07	5.447597e-07	6.550312e-07
	7.880674e-07	9.482046e-07	1.145253e-06	1.397267e-06	1.730246e-06
	2.174676e-06	2.757743e-06	3.488533e-06	4.349041e-06	5.300254e-06
	6.296288e-06	7.296819e-06	8.273478e-06	9.215325e-06	1.012801e-05
	1.102571e-05	1.192276e-05	1.282504e-05	1.371622e-05	1.452988e-05
	1.507887e-05	1.492478e-05	1.343904e-05	1.059739e-05	7.386310e-06
	4.715717e-06	2.845047e-06	1.653366e-06	9.359457e-07	5.230030e-07
	2.940259e-07	1.695509e-07	1.014529e-07	6.304901e-08	4.044394e-08
	2.652314e-08	1.759809e-08	1.169761e-08	7.718839e-09	5.011525e-09
	3.169804e-09	1.926921e-09	1.099971e-09	5.600165e-10	2.153117e-10
	1.000000e-60
massfraction-H2O2
	1.000000e-60	6.046752e-14	1.392096e-13	2.395388e-13	3.646377e-13
	5.177548e-13	7.019739e-13	9.199001e-13	1.173493e-12	1.463934e-12
	1.791537e-12	2.155719e-12	2.555015e-12	2.987151e-12	3.449151e-12
	3.937483e-12	4.448214e-12	4.977149e-12	5.519995e-12	6.072559e-12
	6.630812e-12	7.190893e-12	7.749106e-12	8.301991e-12	8.846472e-12
	9.379998e-12	9.900583e-12	1.040687e-11	1.089831e-11	1.137500e-11
	1.183729e-11	1.228406e-11	1.271090e-11	1.311224e-11	1.348633e-11
	1.383568e-11	1.416193e-11	1.446327e-11	1.473765e-11	1.498545e-11
	1.520738e-11	1.540058e-11	1.555544e-11	1.565193e-11	1.565317e-11
	1.549710e-11	1.508587e-11	1.430249e-11	1.305067e-11	1.133217e-11
	9.315954e-12	7.315224e-12	5.628029e-12	4.383444e-12	3.558433e-12
	3.074093e-12	2.849182e-12	2.817351e-12	2.932614e-12	3.170067e-12
	3.524492e-12	4.009600e-12	4.660793e-12	5.544274e-12	6.776311e-12
	8.560136e-12	1.125673e-11	1.552203e-11	2.256870e-11	3.464205e-11
	5.577038e-11	9.264169e-11	1.552434e-10	2.572099e-10	4.165144e-10
	6.568101e-10	1.008020e-09	1.504718e-09	2.182891e-09	3.077674e-09
	4.225654e-09	5.671984e-09	7.479150e-09	9.736341e-09	1.257143e-08
	1.616302e-08	2.075036e-08	2.664932e-08	3.427998e-08	4.419401e-08
	5.709561e-08	7.391682e-08	9.598529e-08	1.250691e-07	1.630091e-07
	2.113161e-07	2.717265e-07	3.475942e-07	4.447701e-07	5.708696e-07
	7.333406e-07	9.372165e-07	1.182666e-06	1.466164e-06	1.785467e-06
	2.144069e-06	2.552758e-06	3.028700e-06	3.596548e-06	4.291936e-06
	5.164036e-06	6.272897e-06	7.661298e-06	9.240868e-06	1.057244e-05
	1.090171e-05	9.949790e-06	8.398587e-06	6.939701e-06	5.747447e-06
	4.765353e-06	3.918762e-06	3.161855e-06	2.480175e-06	1.883476e-06
	1.387756e-06	9.990638e-07	7.082690e-07	4.969082e-07	3.455676e-07
	2.379703e-07	1.618542e-07	1.083930e-07	7.123797e-08	4.576587e-08
	2.857128e-08	1.715241e-08	9.693946e-09	4.902787e-09	1.878438e-09
	1.000000e-60
massfraction-CO
	1.000000e-60	3.985584e-05	9.141865e-05	1.567420e-04	2.378260e-04
	3.367812e-04	4.557237e-04	5.966254e-04	7.612607e-04	9.511728e-04
	1.167659e-03	1.411771e-03	1.684336e-03	1.985977e-03	2.317150e-03
	2.678167e-03	3.069233e-03	3.490446e-03	3.941824e-03	4.423375e-03
	4.935074e-03	5.476798e-03	6.048257e-03	6.648995e-03	7.278519e-03
	7.936494e-03	8.622879e-03	9.338194e-03	1.008401e-02	1.086319e-02
	1.167956e-02	1.253501e-02	1.342437e-02	1.433722e-02	1.526862e-02
	1.622366e-02	1.720702e-02	1.821342e-02	1.923491e-02	2.027287e-02
	2.133746e-02	2.243932e-02	2.358552e-02	2.478040e-02	2.602808e-02
	2.733443e-02	2.869676e-02	3.011052e-02	3.156612e-02	3.305502e-02
	3.456888e-02	3.609340e-02	3.760232e-02	3.905873e-02	4.042410e-02
	4.166987e-02	4.278339e-02	4.376609e-02	4.462857e-02	4.538558e-02
	4.605177e-02	4.663967e-02	4.715989e-02	4.762208e-02	4.803556e-02
	4.840894e-02	4.874970e-02	4.906364e-02	4.935439e-02	4.962289e-02
	4.986711e-02	5.008268e-02	5.026551e-02	5.041443e-02	5.053135e-02
	5.061929e-02	5.068046e-02	5.071585e-02	5.072555e-02	5.070923e-02
	5.066611e-02	5.059451e-02	5.049120e-02	5.035083e-02	5.016535e-02
	4.992362e-02	4.961154e-02	4.921226e-02	4.870629e-02	4.807229e-02
	4.728876e-02	4.633275e-02	4.517478e-02	4.378286e-02	4.214295e-02
	4.026902e-02	3.817209e-02	3.582017e-02	3.313884e-02	3.005975e-02
	2.657622e-02	2.277643e-02	1.885989e-02	1.508723e-02	1.169313e-02
	8.828654e-03	6.546735e-03	4.817095e-03	3.551630e-03	2.643067e-03
	1.996027e-03	1.536684e-03	1.210500e-03	9.769314e-04	8.052272e-04
	6.731726e-04	5.668441e-04	4.790481e-04	4.062092e-04	3.449615e-04
	2.914857e-04	2.427786e-04	1.972589e-04	1.549577e-04	1.172658e-04
	8.578540e-05	6.120225e-05	4.298629e-05	2.990112e-05	2.064176e-05
	1.412915e-05	9.564455e-06	6.382711e-06	4.184662e-06	2.684478e-06
	1.674876e-06	1.005572e-06	5.686599e-07	2.878800e-07	1.104218e-07
	1.000000e-60
massfraction-CO2
	1.000000e-60	3.181933e-05	7.684335e-05	1.390228e-04	2.228351e-04
	3.334464e-04	4.766144e-04	6.584709e-04	8.853577e-04	1.163653e-03
	1.499607e-03	1.899199e-03	2.368019e-03	2.911183e-03	3.533282e-03
	4.238353e-03	5.029873e-03	5.910727e-03	6.883236e-03	7.949306e-03
	9.110401e-03	1.036741e-02	1.172049e-02	1.316909e-02	1.471225e-02
	1.634917e-02	1.807959e-02	1.990457e-02	2.182783e-02	2.385655e-02
	2.600060e-02	2.826480e-02	3.063517e-02	3.308305e-02	3.559399e-02
	3.818057e-02	4.085445e-02	4.360030e-02	4.639518e-02	4.924166e-02
	5.216644e-02	5.519777e-02	5.835397e-02	6.164576e-02	6.508300e-02
	6.867960e-02	7.242669e-02	7.630860e-02	8.029592e-02	8.436192e-02
	8.848026e-02	9.260844e-02	9.667234e-02	1.005708e-01	1.042011e-01
	1.074901e-01	1.104090e-01	1.129668e-01	1.151966e-01	1.171414e-01
	1.188430e-01	1.203372e-01	1.216538e-01	1.228203e-01	1.238625e-01
	1.248044e-01	1.256673e-01	1.264686e-01	1.272212e-01	1.279326e-01
	1.286038e-01	1.292302e-01	1.298060e-01	1.303307e-01	1.308103e-01
	1.312548e-01	1.316727e-01	1.320702e-01	1.324507e-01	1.328166e-01
	1.331712e-01	1.335191e-01	1.338658e-01	1.342178e-01	1.345816e-01
	1.349640e-01	1.353705e-01	1.358056e-01	1.362723e-01	1.367721e-01
	1.373035e-01	1.378637e-01	1.384502e-01	1.390565e-01	1.396635e-01
	1.402395e-01	1.407519e-01	1.411668e-01	1.414242e-01	1.413994e-01
	1.408694e-01	1.395129e-01	1.369852e-01	1.330586e-01	1.277247e-01
	1.211971e-01	1.138388e-01	1.060629e-01	9.820439e-02	9.045002e-02
	8.287059e-02	7.547826e-02	6.826415e-02	6.120007e-02	5.420954e-02
	4.721466e-02	4.031954e-02	3.388262e-02	2.824374e-02	2.343768e-02
	1.927201e-02	1.554913e-02	1.216485e-02	9.130966e-03	6.545381e-03
	4.497409e-03	2.992537e-03	1.950225e-03	1.254178e-03	7.983582e-04
	5.028235e-04	3.125832e-04	1.912373e-04	1.147968e-04	6.738816e-05
	3.849093e-05	2.119416e-05	1.102948e-05	5.164966e-06	1.845658e-06
	1.000000e-60
massfraction-CH
	1.000000e-60	5.378370e-35	7.192675e-35	7.872924e-35	8.469932e-35
	1.760918e-34	1.761128e-34	1.467276e-34	1.000000e-60	3.179519e-34
	5.489992e-34	5.773042e-34	1.000000e-60	8.545605e-34	8.153065e-34
	5.461625e-33	3.330833e-33	1.675345e-32	3.117970e-32	9.390285e-32
	3.238604e-31	1.164334e-30	4.110921e-30	1.520286e-29	4.080537e-29
	1.000000e-60	1.336560e-27	4.345058e-27	8.684402e-27	3.970985e-26
	1.452260e-25	5.197945e-25	1.802189e-24	6.009033e-24	1.902762e-23
	5.761925e-23	1.678769e-22	4.695072e-22	1.258886e-21	3.265927e-21
	8.327441e-21	2.115327e-20	5.401765e-20	1.396632e-19	3.684835e-19
	1.000051e-18	2.805101e-18	8.137616e-18	2.440819e-17	7.583031e-17
	2.448261e-16	8.216274e-16	2.842974e-15	9.958513e-15	3.442077e-14
	1.143524e-13	3.577025e-13	1.040845e-12	2.807656e-12	7.043550e-12
	1.653807e-11	3.658973e-11	7.678757e-11	1.539736e-10	2.975224e-10
	5.592384e-10	1.032386e-09	1.888554e-09	3.447689e-09	6.304256e-09
	1.152452e-08	2.087631e-08	3.700164e-08	6.352765e-08	1.052748e-07
	1.686043e-07	2.614707e-07	3.927118e-07	5.706917e-07	8.020550e-07
	1.091635e-06	1.443453e-06	1.861611e-06	2.350342e-06	2.913138e-06
	3.549856e-06	4.251472e-06	4.994578e-06	5.736957e-06	6.414205e-06
	6.941174e-06	7.223207e-06	7.170387e-06	6.715011e-06	5.853761e-06
	4.688941e-06	3.396946e-06	2.158827e-06	1.136188e-06	4.540969e-07
	1.247440e-07	2.184136e-08	2.415509e-09	1.798488e-10	1.015258e-11
	5.139838e-13	2.909447e-14	2.241032e-15	2.378780e-16	3.081509e-17
	4.400549e-18	6.560472e-19	9.900448e-20	1.470553e-20	2.056137e-21
	2.542220e-22	2.678897e-23	2.527915e-24	2.384763e-25	2.388790e-26
	2.465794e-27	2.560429e-28	3.171745e-29	1.109327e-30	2.291195e-30
	1.000000e-60	1.000000e-60	6.797710e-32	1.000000e-60	1.000000e-60
	9.469273e-32	1.388536e-32	9.825397e-32	1.000000e-60	1.000000e-60
	1.323402e-32	1.000000e-60	1.000000e-60	1.000000e-60	9.818788e-34
	1.000000e-60
massfraction-CHO
	1.000000e-60	2.801198e-16	6.791250e-16	1.234635e-15	1.991326e-15
	3.003937e-15	4.338633e-15	6.074004e-15	8.303292e-15	1.113728e-14
	1.470795e-14	1.917289e-14	2.472049e-14	3.157566e-14	4.000601e-14
	5.032817e-14	6.291364e-14	7.819296e-14	9.665812e-14	1.188632e-13
	1.454152e-13	1.769491e-13	2.140805e-13	2.573311e-13	3.070253e-13
	3.631548e-13	4.252171e-13	4.920832e-13	5.619941e-13	6.327571e-13
	7.022238e-13	7.689286e-13	8.327430e-13	8.953161e-13	9.596776e-13
	1.029256e-12	1.107096e-12	1.195851e-12	1.298957e-12	1.422072e-12
	1.573620e-12	1.764886e-12	2.011108e-12	2.334573e-12	2.769744e-12
	3.370156e-12	4.217044e-12	5.435868e-12	7.228865e-12	9.938269e-12
	1.415779e-11	2.091982e-11	3.197178e-11	5.010608e-11	7.941359e-11
	1.252965e-10	1.941948e-10	2.931557e-10	4.295670e-10	6.112307e-10
	8.465056e-10	1.144301e-09	1.514330e-09	1.968286e-09	2.522120e-09
	3.199107e-09	4.033776e-09	5.077052e-09	6.402540e-09	8.113268e-09
	1.034437e-08	1.325551e-08	1.702156e-08	2.184233e-08	2.797691e-08
	3.577624e-08	4.567023e-08	5.810448e-08	7.346189e-08	9.201775e-08
	1.139749e-07	1.395496e-07	1.690295e-07	2.027768e-07	2.411873e-07
	2.845360e-07	3.326828e-07	3.847561e-07	4.388556e-07	4.917111e-07
	5.384772e-07	5.730410e-07	5.885101e-07	5.777829e-07	5.360185e-07
	4.647060e-07	3.721550e-07	2.701701e-07	1.728023e-07	9.594184e-08
	4.962929e-08	2.888862e-08	2.027113e-08	1.508078e-08	1.092018e-08
	7.593895e-09	5.121445e-09	3.399790e-09	2.250072e-09	1.495751e-09
	1.001436e-09	6.744963e-10	4.540780e-10	3.004993e-10	1.884815e-10
	1.048226e-10	4.728122e-11	1.638369e-11	4.540183e-12	1.093974e-12
	2.428004e-13	5.160093e-14	1.072308e-14	2.164267e-15	4.246940e-16
	8.392010e-17	1.757823e-17	4.047231e-18	1.031982e-18	2.875445e-19
	8.548646e-20	2.640735e-20	8.267333e-21	2.563278e-21	7.691001e-22
	2.172384e-22	5.548555e-23	1.193035e-23	1.843130e-24	1.240808e-25
	1.000000e-60
massfraction-CH2
	1.000000e-60	3.201047e-23	6.831032e-23	1.076098e-22	1.482031e-22
	1.901074e-22	2.352375e-22	2.872949e-22	3.521883e-22	4.392689e-22
	5.638821e-22	7.523786e-22	1.052094e-21	1.551760e-21	2.424498e-21
	4.020980e-21	7.076579e-21	1.318194e-20	2.587104e-20	5.317105e-20
	1.136135e-19	2.503933e-19	5.644620e-19	1.290828e-18	2.971500e-18
	6.840224e-18	1.566226e-17	3.554317e-17	7.981705e-17	1.774292e-16
	3.909479e-16	8.530160e-16	1.829679e-15	3.817713e-15	7.715450e-15
	1.516457e-14	2.910315e-14	5.445729e-14	9.923880e-14	1.770443e-13
	3.120522e-13	5.476911e-13	9.621286e-13	1.698206e-12	3.024161e-12
	5.456516e-12	9.997497e-12	1.860032e-11	3.511668e-11	6.731212e-11
	1.311786e-10	2.598133e-10	5.203831e-10	1.043112e-09	2.063659e-09
	3.974610e-09	7.376890e-09	1.312204e-08	2.235108e-08	3.654661e-08
	5.759220e-08	8.781814e-08	1.300643e-07	1.878658e-07	2.658668e-07
	3.705067e-07	5.110291e-07	7.008643e-07	9.592401e-07	1.312465e-06
	1.793021e-06	2.433933e-06	3.260640e-06	4.287865e-06	5.524151e-06
	6.975880e-06	8.641484e-06	1.050065e-05	1.250977e-05	1.460861e-05
	1.673491e-05	1.883528e-05	2.086493e-05	2.278054e-05	2.453152e-05
	2.604948e-05	2.724041e-05	2.798701e-05	2.815910e-05	2.763077e-05
	2.630821e-05	2.415707e-05	2.121268e-05	1.761081e-05	1.365304e-05
	9.774817e-06	6.364478e-06	3.650210e-06	1.738469e-06	6.317157e-07
	1.597683e-07	2.646031e-08	2.900959e-09	2.292688e-10	1.498524e-11
	9.680211e-13	7.655651e-14	8.751513e-15	1.420543e-15	2.882754e-16
	6.646301e-17	1.662841e-17	4.427399e-18	1.240574e-18	3.601048e-19
	1.061106e-19	3.164831e-20	9.943241e-21	3.489509e-21	1.383501e-21
	5.934486e-22	2.593808e-22	1.089599e-22	4.172942e-23	1.403434e-23
	4.160215e-24	1.167320e-24	3.440600e-25	1.143735e-25	4.377736e-26
	1.904834e-26	9.171406e-27	4.740377e-27	2.551128e-27	1.385681e-27
	7.337638e-28	3.626947e-28	1.569802e-28	5.277224e-29	9.750744e-30
	1.000000e-60
massfraction-CH2O
	1.000000e-60	3.022484e-08	7.338569e-08	1.335192e-07	2.152571e-07
	3.239917e-07	4.657870e-07	6.471629e-07	8.749210e-07	1.155953e-06
	1.497052e-06	1.904734e-06	2.385092e-06	2.943676e-06	3.585406e-06
	4.314517e-06	5.134530e-06	6.048206e-06	7.057560e-06	8.164014e-06
	9.368384e-06	1.067074e-05	1.207027e-05	1.356533e-05	1.515379e-05
	1.683362e-05	1.860332e-05	2.046272e-05	2.241428e-05	2.446389e-05
	2.661996e-05	2.888563e-05	3.124522e-05	3.366876e-05	3.614077e-05
	3.867244e-05	4.127363e-05	4.392769e-05	4.661093e-05	4.932416e-05
	5.209060e-05	5.493364e-05	5.786578e-05	6.089082e-05	6.400974e-05
	6.722460e-05	7.051241e-05	7.384133e-05	7.716265e-05	8.042406e-05
	8.356531e-05	8.650337e-05	8.912430e-05	9.129833e-05	9.291444e-05
	9.391290e-05	9.429374e-05	9.410212e-05	9.340622e-05	9.227849e-05
	9.078666e-05	8.899312e-05	8.695509e-05	8.472116e-05	8.232660e-05
	7.979234e-05	7.712852e-05	7.434240e-05	7.145166e-05	6.850223e-05
	6.558863e-05	6.285991e-05	6.048391e-05	5.858865e-05	5.723672e-05
	5.644500e-05	5.621131e-05	5.651844e-05	5.732479e-05	5.856129e-05
	6.014206e-05	6.197984e-05	6.399253e-05	6.609860e-05	6.820555e-05
	7.019132e-05	7.188390e-05	7.305079e-05	7.340060e-05	7.259845e-05
	7.030803e-05	6.624935e-05	6.023973e-05	5.228974e-05	4.282174e-05
	3.273065e-05	2.302876e-05	1.450972e-05	7.782867e-06	3.302204e-06
	1.021609e-06	2.176745e-07	3.206868e-08	3.494101e-09	3.140224e-10
	2.662451e-11	2.471937e-12	2.880889e-13	4.508817e-14	9.275870e-15
	2.364212e-15	7.116402e-16	2.465789e-16	9.726336e-17	4.342931e-17
	2.192581e-17	1.254914e-17	8.091313e-18	5.742951e-18	4.340985e-18
	3.385551e-18	2.657666e-18	2.059435e-18	1.551391e-18	1.125619e-18
	7.854240e-19	5.302009e-19	3.494330e-19	2.264479e-19	1.448120e-19
	9.141105e-20	5.685695e-20	3.476182e-20	2.083590e-20	1.220617e-20
	6.955350e-21	3.819989e-21	1.982732e-21	9.261224e-22	3.301584e-22
	1.000000e-60
massfraction-CH3
	1.000000e-60	1.867627e-10	4.229685e-10	7.160966e-10	1.073551e-09
	1.503699e-09	2.015738e-09	2.619450e-09	3.325428e-09	4.145381e-09
	5.092516e-09	6.181995e-09	7.431439e-09	8.861489e-09	1.049642e-08
	1.236483e-08	1.450038e-08	1.694256e-08	1.973771e-08	2.294049e-08
	2.661519e-08	3.083694e-08	3.569297e-08	4.128466e-08	4.773144e-08
	5.517687e-08	6.379674e-08	7.381247e-08	8.551473e-08	9.929562e-08
	1.156852e-07	1.353406e-07	1.589371e-07	1.871426e-07	2.209135e-07
	2.618617e-07	3.121421e-07	3.740136e-07	4.499899e-07	5.437484e-07
	6.608048e-07	8.085822e-07	9.967893e-07	1.239031e-06	1.555694e-06
	1.977272e-06	2.546878e-06	3.324464e-06	4.395002e-06	5.884320e-06
	7.981982e-06	1.096629e-05	1.521975e-05	2.121866e-05	2.948037e-05
	4.047274e-05	5.451825e-05	7.173154e-05	9.202753e-05	1.151824e-04
	1.408824e-04	1.687484e-04	1.983858e-04	2.294778e-04	2.618739e-04
	2.956246e-04	3.309670e-04	3.682744e-04	4.079514e-04	4.502506e-04
	4.949409e-04	5.409105e-04	5.861337e-04	6.282077e-04	6.649830e-04
	6.947445e-04	7.160700e-04	7.278749e-04	7.296842e-04	7.217935e-04
	7.050985e-04	6.807040e-04	6.496073e-04	6.125824e-04	5.702011e-04
	5.229829e-04	4.716254e-04	4.171323e-04	3.608034e-04	3.042208e-04
	2.491847e-04	1.973774e-04	1.500885e-04	1.084984e-04	7.391608e-05
	4.714603e-05	2.780833e-05	1.471562e-05	6.611506e-06	2.337592e-06
	6.004152e-07	1.062977e-07	1.309671e-08	1.206579e-09	9.272879e-11
	6.744511e-12	5.290350e-13	5.044529e-14	6.320960e-15	1.054202e-15
	2.255693e-16	5.898991e-17	1.817472e-17	6.444064e-18	2.581671e-18
	1.149892e-18	5.622171e-19	2.986891e-19	1.711068e-19	1.041364e-19
	6.558593e-20	4.153353e-20	2.577580e-20	1.539487e-20	8.816023e-21
	4.902016e-21	2.706477e-21	1.513697e-21	8.661509e-22	5.076708e-22
	3.035891e-22	1.841524e-22	1.126722e-22	6.917926e-23	4.239377e-23
	2.573351e-23	1.527557e-23	8.653289e-24	4.429182e-24	1.726535e-24
	1.000000e-60
massfraction-CH4
	1.000000e-60	1.421051e-05	3.220674e-05	5.454223e-05	8.172878e-05
	1.142964e-04	1.527602e-04	1.975755e-04	2.491276e-04	3.077264e-04
	3.736072e-04	4.469349e-04	5.278127e-04	6.162915e-04	7.123803e-04
	8.160557e-04	9.272714e-04	1.045959e-03	1.172035e-03	1.305423e-03
	1.446043e-03	1.593799e-03	1.748555e-03	1.910142e-03	2.078391e-03
	2.253185e-03	2.434492e-03	2.622434e-03	2.817409e-03	3.020152e-03
	3.231641e-03	3.452341e-03	3.680918e-03	3.914716e-03	4.152515e-03
	4.395665e-03	4.645393e-03	4.900402e-03	5.158730e-03	5.420783e-03
	5.689174e-03	5.966629e-03	6.254958e-03	6.555290e-03	6.868695e-03
	7.196686e-03	7.538550e-03	7.893117e-03	8.257831e-03	8.630203e-03
	9.007431e-03	9.384595e-03	9.752821e-03	1.009929e-02	1.040952e-02
	1.067062e-02	1.087340e-02	1.101258e-02	1.108588e-02	1.109281e-02
	1.103373e-02	1.090968e-02	1.072251e-02	1.047447e-02	1.016715e-02
	9.800465e-03	9.372186e-03	8.878368e-03	8.315155e-03	7.682380e-03
	6.989289e-03	6.259611e-03	5.527955e-03	4.826866e-03	4.176415e-03
	3.584526e-03	3.053542e-03	2.584371e-03	2.176579e-03	1.827228e-03
	1.530500e-03	1.278801e-03	1.064467e-03	8.808582e-04	7.226840e-04
	5.861072e-04	4.686017e-04	3.684411e-04	2.841977e-04	2.145422e-04
	1.581329e-04	1.133983e-04	7.858746e-05	5.216998e-05	3.295410e-05
	1.972350e-05	1.106297e-05	5.648131e-06	2.491721e-06	8.865582e-07
	2.372126e-07	4.572792e-08	6.448705e-09	7.146044e-10	6.889576e-11
	6.443505e-12	6.465285e-13	7.548810e-14	1.079022e-14	1.927303e-15
	4.310122e-16	1.200434e-16	4.137363e-17	1.753565e-17	9.063632e-18
	5.627360e-18	4.058271e-18	3.221848e-18	2.684251e-18	2.281154e-18
	1.943702e-18	1.639104e-18	1.352474e-18	1.081932e-18	8.358146e-19
	6.253039e-19	4.566948e-19	3.284839e-19	2.339793e-19	1.653757e-19
	1.158837e-19	8.030360e-20	5.486051e-20	3.682112e-20	2.417858e-20
	1.543667e-20	9.478314e-21	5.476716e-21	2.829241e-21	1.105533e-21
	1.000000e-60
massfraction-C2H6
	1.000000e-60	2.754372e-07	6.679036e-07	1.213578e-06	1.953875e-06
	2.936947e-06	4.216891e-06	5.851843e-06	7.902484e-06	1.043041e-05
	1.349658e-05	1.715983e-05	2.147577e-05	2.649583e-05	3.226663e-05
	3.882968e-05	4.622117e-05	5.447161e-05	6.360604e-05	7.364532e-05
	8.460592e-05	9.649857e-05	1.093268e-04	1.230870e-04	1.377716e-04
	1.533739e-04	1.698923e-04	1.873376e-04	2.057458e-04	2.251860e-04
	2.457534e-04	2.674943e-04	2.902745e-04	3.138175e-04	3.379823e-04
	3.628878e-04	3.886438e-04	4.150992e-04	4.420289e-04	4.694521e-04
	4.976192e-04	5.267929e-04	5.571358e-04	5.887314e-04	6.216464e-04
	6.559719e-04	6.915618e-04	7.281773e-04	7.654109e-04	8.028242e-04
	8.398945e-04	8.758217e-04	9.093575e-04	9.388568e-04	9.625702e-04
	9.790075e-04	9.871440e-04	9.864200e-04	9.766445e-04	9.578805e-04
	9.303955e-04	8.946980e-04	8.515569e-04	8.018979e-04	7.466237e-04
	6.864985e-04	6.221598e-04	5.542670e-04	4.837907e-04	4.123669e-04
	3.425842e-04	2.777866e-04	2.209634e-04	1.735164e-04	1.351158e-04
	1.045072e-04	8.032128e-05	6.138450e-05	4.671146e-05	3.544407e-05
	2.682830e-05	2.023120e-05	1.515688e-05	1.123678e-05	8.203528e-06
	5.866398e-06	4.088266e-06	2.763302e-06	1.802655e-06	1.129248e-06
	6.757930e-07	3.835047e-07	2.037003e-07	9.954992e-08	4.414919e-08
	1.759206e-08	6.159482e-09	1.793994e-09	3.958475e-10	5.901651e-11
	5.416175e-12	3.011863e-13	1.106797e-14	3.097489e-16	7.601130e-18
	1.846666e-19	4.919150e-21	1.558214e-22	6.183825e-24	3.149226e-25
	2.074673e-26	1.774929e-27	1.982923e-28	2.910680e-29	5.650918e-30
	1.483266e-30	5.558596e-31	3.049200e-31	2.245401e-31	1.922098e-31
	1.733348e-31	1.568527e-31	1.386878e-31	1.176406e-31	9.465751e-32
	7.212943e-32	5.245468e-32	3.684121e-32	2.523789e-32	1.696104e-32
	1.120396e-32	7.270190e-33	4.626321e-33	2.880358e-33	1.749129e-33
	1.030532e-33	5.831177e-34	3.102155e-34	1.474270e-34	5.294376e-35
	1.000000e-60
massfraction-C2H
	1.000000e-60	1.362074e-31	2.221000e-31	1.000000e-60	3.146073e-31
	1.908693e-31	3.110185e-31	1.000000e-60	2.837432e-31	1.000000e-60
	8.830316e-31	2.118069e-30	5.170781e-30	1.211135e-29	2.830037e-29
	6.310487e-29	1.548000e-28	4.045312e-28	1.101021e-27	3.127556e-27
	9.191320e-27	2.774417e-26	8.570771e-26	2.698754e-25	8.647181e-25
	2.820468e-24	9.369999e-24	3.175872e-23	1.098826e-22	3.882583e-22
	1.400229e-21	5.123278e-21	1.867745e-20	6.618509e-20	2.247699e-19
	7.327119e-19	2.298356e-18	6.892514e-18	1.965279e-17	5.361163e-17
	1.418486e-16	3.683443e-16	9.453921e-16	2.409257e-15	6.125834e-15
	1.562167e-14	4.005915e-14	1.032176e-13	2.666319e-13	6.895503e-13
	1.783818e-12	4.598694e-12	1.169898e-11	2.891677e-11	6.825871e-11
	1.517895e-10	3.157972e-10	6.145358e-10	1.123961e-09	1.947052e-09
	3.221273e-09	5.127618e-09	7.903627e-09	1.186863e-08	1.747196e-08
	2.537462e-08	3.657904e-08	5.262570e-08	7.585711e-08	1.096869e-07
	1.586049e-07	2.274420e-07	3.199401e-07	4.377140e-07	5.804305e-07
	7.463576e-07	9.319679e-07	1.131159e-06	1.335467e-06	1.535555e-06
	1.723153e-06	1.892015e-06	2.037508e-06	2.155661e-06	2.242343e-06
	2.292682e-06	2.301155e-06	2.262504e-06	2.172945e-06	2.031459e-06
	1.841160e-06	1.609405e-06	1.346597e-06	1.067297e-06	7.928079e-07
	5.468504e-07	3.453996e-07	1.937588e-07	9.129581e-08	3.338956e-08
	8.694911e-09	1.514984e-09	1.763683e-10	1.464672e-11	9.773983e-13
	6.220110e-14	4.692062e-15	4.940042e-16	7.149814e-17	1.278295e-17
	2.609707e-18	5.845383e-19	1.406400e-19	3.570926e-20	9.309019e-21
	2.395909e-21	5.912955e-22	1.423299e-22	3.546192e-23	9.438319e-24
	2.602896e-24	6.987376e-25	1.710196e-25	3.652478e-26	6.858344e-27
	1.215395e-27	2.269504e-28	4.915276e-29	1.292094e-29	4.121029e-30
	1.552504e-30	6.661893e-31	3.139010e-31	1.568850e-31	8.043372e-32
	4.083230e-32	1.966165e-32	8.431065e-33	2.855004e-33	5.385637e-34
	1.000000e-60
massfraction-C2H2
	1.000000e-60	1.032175e-05	2.448372e-05	4.346949e-05	6.834398e-05
	1.002976e-04	1.406121e-04	1.905995e-04	2.515633e-04	3.247626e-04
	4.113815e-04	5.125057e-04	6.291074e-04	7.620374e-04	9.120238e-04
	1.079676e-03	1.265490e-03	1.469848e-03	1.693032e-03	1.935256e-03
	2.196664e-03	2.477301e-03	2.777076e-03	3.095772e-03	3.433112e-03
	3.788877e-03	4.162984e-03	4.555652e-03	4.967675e-03	5.400582e-03
	5.856466e-03	6.336340e-03	6.837253e-03	7.353214e-03	7.881269e-03
	8.424162e-03	8.984422e-03	9.558922e-03	1.014297e-02	1.073722e-02
	1.134734e-02	1.197932e-02	1.263707e-02	1.332296e-02	1.403918e-02
	1.478881e-02	1.557018e-02	1.638028e-02	1.721326e-02	1.806381e-02
	1.892670e-02	1.979322e-02	2.064787e-02	2.146901e-02	2.223399e-02
	2.292538e-02	2.353399e-02	2.405757e-02	2.449796e-02	2.485831e-02
	2.514090e-02	2.534627e-02	2.547362e-02	2.552121e-02	2.548588e-02
	2.536173e-02	2.513850e-02	2.480039e-02	2.432597e-02	2.369091e-02
	2.287632e-02	2.188266e-02	2.073795e-02	1.948796e-02	1.817643e-02
	1.683516e-02	1.548899e-02	1.416250e-02	1.288001e-02	1.166080e-02
	1.051436e-02	9.440020e-03	8.430794e-03	7.477630e-03	6.572088e-03
	5.708893e-03	4.887832e-03	4.113096e-03	3.391338e-03	2.730689e-03
	2.139680e-03	1.623961e-03	1.184771e-03	8.225399e-04	5.388042e-04
	3.309575e-04	1.882590e-04	9.612864e-05	4.165119e-05	1.418497e-05
	3.504924e-06	5.960214e-07	7.040692e-08	6.223338e-09	4.659668e-10
	3.510491e-11	3.295779e-12	4.504310e-13	8.769940e-14	2.185686e-14
	6.474937e-15	2.208212e-15	8.585304e-16	3.800493e-16	1.914397e-16
	1.094852e-16	7.041730e-17	4.972125e-17	3.743458e-17	2.928721e-17
	2.328087e-17	1.845014e-17	1.434218e-17	1.079437e-17	7.813540e-18
	5.447163e-18	3.687160e-18	2.447432e-18	1.603907e-18	1.040690e-18
	6.682515e-19	4.236514e-19	2.644018e-19	1.619514e-19	9.702018e-20
	5.654939e-20	3.176232e-20	1.684783e-20	8.031921e-21	2.916916e-21
	1.000000e-60
massfraction-CHCO
	1.000000e-60	2.489201e-06	5.640937e-06	9.551690e-06	1.431043e-05
	2.000903e-05	2.673642e-05	3.457073e-05	4.357736e-05	5.380805e-05
	6.530098e-05	7.808159e-05	9.216396e-05	1.075526e-04	1.242442e-04
	1.422294e-04	1.614944e-04	1.820214e-04	2.037896e-04	2.267789e-04
	2.509691e-04	2.763363e-04	3.028503e-04	3.304752e-04	3.591752e-04
	3.889233e-04	4.197076e-04	4.515419e-04	4.844869e-04	5.186587e-04
	5.542137e-04	5.912204e-04	6.294456e-04	6.684390e-04	7.079933e-04
	7.483293e-04	7.896452e-04	8.317213e-04	8.742306e-04	9.172383e-04
	9.611691e-04	1.006462e-03	1.053404e-03	1.102167e-03	1.152912e-03
	1.205878e-03	1.260935e-03	1.317901e-03	1.376385e-03	1.436040e-03
	1.496522e-03	1.557244e-03	1.617136e-03	1.674699e-03	1.728372e-03
	1.777004e-03	1.820089e-03	1.857693e-03	1.890254e-03	1.918380e-03
	1.942676e-03	1.963667e-03	1.981802e-03	1.997488e-03	2.011101e-03
	2.022970e-03	2.033351e-03	2.042402e-03	2.050150e-03	2.056443e-03
	2.060912e-03	2.062960e-03	2.061854e-03	2.056847e-03	2.047192e-03
	2.032072e-03	2.010612e-03	1.982039e-03	1.945891e-03	1.902076e-03
	1.850691e-03	1.791731e-03	1.724906e-03	1.649597e-03	1.564885e-03
	1.469753e-03	1.363472e-03	1.245914e-03	1.117731e-03	9.806449e-04
	8.377234e-04	6.929032e-04	5.503184e-04	4.150573e-04	2.940787e-04
	1.939816e-04	1.174220e-04	6.315694e-05	2.846657e-05	9.911205e-06
	2.447736e-06	4.063919e-07	4.595420e-08	3.820649e-09	2.624862e-10
	1.729429e-11	1.316666e-12	1.387997e-13	2.130671e-14	4.363592e-15
	1.081234e-15	3.069027e-16	9.741860e-17	3.417867e-17	1.309219e-17
	5.388495e-18	2.348756e-18	1.080323e-18	5.311448e-19	2.832766e-19
	1.652699e-19	1.062710e-19	7.491748e-20	5.564725e-20	4.060081e-20
	2.742282e-20	1.700750e-20	1.001105e-20	5.796990e-21	3.372143e-21
	1.984778e-21	1.181469e-21	7.090455e-22	4.274769e-22	2.579593e-22
	1.549879e-22	9.175176e-23	5.229676e-23	2.715617e-23	1.079719e-23
	1.000000e-60
massfraction-C3H3
	1.000000e-60	2.016253e-12	5.140057e-12	9.868664e-12	1.687373e-11
	2.707776e-11	4.174008e-11	6.256594e-11	9.186460e-11	1.327667e-10
	1.895206e-10	2.678928e-10	3.757014e-10	5.235210e-10	7.256017e-10
	1.001056e-09	1.375377e-09	1.882323e-09	2.566297e-09	3.485371e-09
	4.714914e-09	6.351785e-09	8.519095e-09	1.137174e-08	1.510343e-08
	1.995593e-08	2.623127e-08	3.430959e-08	4.467904e-08	5.797882e-08
	7.505105e-08	9.693623e-08	1.247203e-07	1.594254e-07	2.023120e-07
	2.553363e-07	3.209666e-07	4.014987e-07	4.991726e-07	6.173550e-07
	7.613885e-07	9.385327e-07	1.157886e-06	1.430912e-06	1.772696e-06
	2.203554e-06	2.749001e-06	3.439734e-06	4.313270e-06	5.418466e-06
	6.819432e-06	8.594022e-06	1.082316e-05	1.357336e-05	1.688066e-05
	2.074695e-05	2.515008e-05	3.005778e-05	3.544199e-05	4.128805e-05
	4.759248e-05	5.435534e-05	6.158133e-05	6.929492e-05	7.756006e-05
	8.649430e-05	9.627648e-05	1.071477e-04	1.193960e-04	1.333080e-04
	1.490549e-04	1.665184e-04	1.852121e-04	2.044215e-04	2.234245e-04
	2.415609e-04	2.581333e-04	2.723514e-04	2.834275e-04	2.907395e-04
	2.939278e-04	2.928521e-04	2.874766e-04	2.777855e-04	2.637572e-04
	2.454184e-04	2.229834e-04	1.969932e-04	1.683792e-04	1.384727e-04
	1.089150e-04	8.133978e-05	5.705726e-05	3.706514e-05	2.202362e-05
	1.187017e-05	5.719661e-06	2.377837e-06	8.036612e-07	2.074939e-07
	3.981246e-08	5.842062e-09	6.986105e-10	7.197180e-11	6.631882e-12
	5.638961e-13	4.560862e-14	3.612094e-15	2.848087e-16	2.226221e-17
	1.688390e-18	1.202811e-19	7.723735e-21	4.216551e-22	1.769791e-23
	4.908582e-25	7.869471e-27	7.320082e-29	4.522483e-31	1.992758e-33
	5.542179e-36	7.533715e-39	3.913941e-42	7.439704e-45	4.531925e-46
	9.727702e-47	1.541139e-46	9.350203e-47	1.000000e-60	1.108926e-47
	1.000000e-60	6.643598e-48	4.846841e-48	9.729332e-49	1.000000e-60
	2.563360e-49	1.000000e-60	3.198980e-51	1.000000e-60	1.000000e-60
	1.000000e-60
massfraction-C2H3
	1.000000e-60	1.509241e-18	3.428339e-18	5.751189e-18	8.444463e-18
	1.155573e-17	1.525898e-17	1.989092e-17	2.603377e-17	3.468732e-17
	4.761178e-17	6.801948e-17	1.020130e-16	1.616742e-16	2.719188e-16
	4.861691e-16	9.231631e-16	1.855266e-15	3.923857e-15	8.670388e-15
	1.984916e-14	4.665511e-14	1.115543e-13	2.688924e-13	6.479795e-13
	1.549765e-12	3.655245e-12	8.452039e-12	1.904970e-11	4.159250e-11
	8.737535e-11	1.750903e-10	3.309066e-10	5.844154e-10	9.645546e-10
	1.499650e-09	2.213742e-09	3.116945e-09	4.207486e-09	5.488458e-09
	6.975768e-09	8.688897e-09	1.063722e-08	1.280961e-08	1.516753e-08
	1.764195e-08	2.014306e-08	2.263350e-08	2.525173e-08	2.842724e-08
	3.295003e-08	4.009346e-08	5.187904e-08	7.145914e-08	1.034261e-07
	1.537531e-07	2.292098e-07	3.364169e-07	4.810423e-07	6.674360e-07
	8.983979e-07	1.174816e-06	1.495540e-06	1.857880e-06	2.258353e-06
	2.692833e-06	3.155614e-06	3.637167e-06	4.120443e-06	4.576816e-06
	4.964622e-06	5.236417e-06	5.357011e-06	5.318077e-06	5.135666e-06
	4.837994e-06	4.457437e-06	4.027854e-06	3.581735e-06	3.145887e-06
	2.738001e-06	2.366638e-06	2.034011e-06	1.739044e-06	1.479381e-06
	1.252678e-06	1.057062e-06	8.905843e-07	7.504797e-07	6.328934e-07
	5.329555e-07	4.450338e-07	3.636747e-07	2.854753e-07	2.109474e-07
	1.441082e-07	8.925812e-08	4.858187e-08	2.214512e-08	8.022960e-09
	2.242463e-09	4.914039e-10	9.025554e-11	1.518903e-11	2.524816e-12
	4.361768e-13	8.110787e-14	1.665806e-14	3.832733e-15	9.906395e-16
	2.867492e-16	9.242811e-17	3.281123e-17	1.248630e-17	4.805186e-18
	1.713318e-18	5.353463e-19	1.550339e-19	4.666735e-20	1.550059e-20
	5.636774e-21	2.166523e-21	8.461165e-22	3.264715e-22	1.237464e-22
	4.663299e-23	1.778265e-23	6.942241e-24	2.776690e-24	1.130164e-24
	4.630892e-25	1.887582e-25	7.569176e-26	2.955981e-26	1.112875e-26
	3.986509e-27	1.330041e-27	3.962747e-28	9.538174e-29	1.331976e-29
	1.000000e-60
massfraction-C2H4
	1.000000e-60	4.917824e-06	1.178491e-05	2.114814e-05	3.361550e-05
	4.987887e-05	7.069783e-05	9.686762e-05	1.291964e-04	1.684826e-04
	2.154937e-04	2.709494e-04	3.355078e-04	4.097569e-04	4.942100e-04
	5.893037e-04	6.953994e-04	8.127810e-04	9.416600e-04	1.082196e-03
	1.234494e-03	1.398591e-03	1.574431e-03	1.761874e-03	1.960738e-03
	2.170866e-03	2.392179e-03	2.624772e-03	2.869081e-03	3.125978e-03
	3.396672e-03	3.681730e-03	3.979361e-03	4.285968e-03	4.599758e-03
	4.922328e-03	5.255150e-03	5.596333e-03	5.943066e-03	6.295702e-03
	6.657579e-03	7.032205e-03	7.421842e-03	7.827800e-03	8.251260e-03
	8.693871e-03	9.154356e-03	9.630504e-03	1.011814e-02	1.061298e-02
	1.110996e-02	1.160066e-02	1.207079e-02	1.250018e-02	1.286612e-02
	1.314804e-02	1.333074e-02	1.340497e-02	1.336636e-02	1.321390e-02
	1.294888e-02	1.257499e-02	1.209854e-02	1.152738e-02	1.086886e-02
	1.012829e-02	9.308923e-03	8.413773e-03	7.449776e-03	6.434014e-03
	5.400722e-03	4.402512e-03	3.495715e-03	2.717744e-03	2.077962e-03
	1.566312e-03	1.165917e-03	8.592090e-04	6.290945e-04	4.592910e-04
	3.350976e-04	2.443275e-04	1.776928e-04	1.284982e-04	9.203265e-05
	6.502000e-05	4.516179e-05	3.076490e-05	2.051463e-05	1.337232e-05
	8.515624e-06	5.289536e-06	3.189739e-06	1.856595e-06	1.041567e-06
	5.641939e-07	2.931885e-07	1.426300e-07	6.228770e-08	2.327570e-08
	7.172076e-09	1.806740e-09	3.836897e-10	7.275950e-11	1.312837e-11
	2.386614e-12	4.579437e-13	9.601927e-14	2.242768e-14	5.866275e-15
	1.716508e-15	5.613778e-16	2.055306e-16	8.442122e-17	3.888517e-17
	2.007099e-17	1.160699e-17	7.439626e-18	5.164626e-18	3.778627e-18
	2.837265e-18	2.138006e-18	1.587665e-18	1.146291e-18	7.996753e-19
	5.399823e-19	3.557148e-19	2.306887e-19	1.481427e-19	9.438772e-20
	5.960036e-20	3.719195e-20	2.286221e-20	1.379932e-20	8.149492e-21
	4.684670e-21	2.596435e-21	1.359970e-21	6.408079e-22	2.302869e-22
	1.000000e-60
massfraction-C2H5
	1.000000e-60	3.746511e-11	9.068490e-11	1.644613e-10	2.642679e-10
	3.964483e-10	5.681058e-10	7.868459e-10	1.060578e-09	1.397301e-09
	1.804902e-09	2.290969e-09	2.862644e-09	3.526508e-09	4.288509e-09
	5.153923e-09	6.127333e-09	7.212591e-09	8.412850e-09	9.730734e-09
	1.116832e-08	1.272698e-08	1.440715e-08	1.620840e-08	1.812980e-08
	2.017056e-08	2.233056e-08	2.461120e-08	2.701698e-08	2.955621e-08
	3.223954e-08	3.506923e-08	3.802020e-08	4.104307e-08	4.409725e-08
	4.716140e-08	5.019087e-08	5.308108e-08	5.569017e-08	5.786892e-08
	5.943905e-08	6.015609e-08	5.971171e-08	5.778944e-08	5.417570e-08
	4.893550e-08	4.260732e-08	3.626353e-08	3.110867e-08	2.789715e-08
	2.677427e-08	2.767897e-08	3.077153e-08	3.656793e-08	4.590197e-08
	5.983484e-08	7.952671e-08	1.060751e-07	1.403756e-07	1.830312e-07
	2.342475e-07	2.936948e-07	3.604547e-07	4.331386e-07	5.100751e-07
	5.893752e-07	6.688028e-07	7.454748e-07	8.154965e-07	8.738492e-07
	9.149949e-07	9.346220e-07	9.317144e-07	9.087380e-07	8.697106e-07
	8.183830e-07	7.578635e-07	6.910445e-07	6.208644e-07	5.501271e-07
	4.810777e-07	4.151748e-07	3.532182e-07	2.956187e-07	2.426176e-07
	1.944839e-07	1.516126e-07	1.144246e-07	8.319552e-08	5.796563e-08
	3.848680e-08	2.416960e-08	1.417911e-08	7.645463e-09	3.739547e-09
	1.645713e-09	6.415412e-10	2.135742e-10	5.798954e-11	1.293811e-11
	2.701150e-12	5.874047e-13	1.245135e-13	2.450641e-14	4.629790e-15
	8.894389e-16	1.831471e-16	4.204015e-17	1.098628e-17	3.284449e-18
	1.119062e-18	4.309008e-19	1.845174e-19	8.493679e-20	3.947162e-20
	1.702070e-20	6.420596e-21	2.154795e-21	6.865528e-22	2.160116e-22
	6.665482e-23	1.992537e-23	5.787235e-24	1.643277e-24	4.633387e-25
	1.334392e-25	4.023633e-26	1.280678e-26	4.268129e-27	1.466019e-27
	5.096852e-28	1.762970e-28	5.979109e-29	1.964495e-29	6.188363e-30
	1.849314e-30	5.176897e-31	1.335891e-31	3.114005e-32	6.175868e-33
	1.000000e-60
massfraction-C3H4
	1.000000e-60	5.748284e-09	1.441642e-08	2.714662e-08	4.534849e-08
	7.076142e-08	1.054630e-07	1.518376e-07	2.125415e-07	2.904520e-07
	3.886058e-07	5.101319e-07	6.581841e-07	8.358778e-07	1.046234e-06
	1.292134e-06	1.576277e-06	1.901143e-06	2.268964e-06	2.681761e-06
	3.141318e-06	3.649102e-06	4.206194e-06	4.813258e-06	5.470676e-06
	6.178767e-06	6.937985e-06	7.749285e-06	8.614767e-06	9.538108e-06
	1.052428e-05	1.157597e-05	1.268700e-05	1.384391e-05	1.503953e-05
	1.627950e-05	1.756914e-05	1.890071e-05	2.026258e-05	2.165542e-05
	2.309175e-05	2.458503e-05	2.614385e-05	2.777300e-05	2.947672e-05
	3.126091e-05	3.312046e-05	3.504603e-05	3.702141e-05	3.903149e-05
	4.106115e-05	4.308697e-05	4.506941e-05	4.695444e-05	4.868477e-05
	5.021373e-05	5.151277e-05	5.257088e-05	5.339126e-05	5.398716e-05
	5.437802e-05	5.458794e-05	5.464562e-05	5.458368e-05	5.443674e-05
	5.424054e-05	5.403329e-05	5.385961e-05	5.377614e-05	5.385567e-05
	5.418292e-05	5.483207e-05	5.583079e-05	5.714178e-05	5.867885e-05
	6.033142e-05	6.197121e-05	6.345301e-05	6.462829e-05	6.536817e-05
	6.557944e-05	6.520104e-05	6.418865e-05	6.250107e-05	6.009395e-05
	5.692586e-05	5.297943e-05	4.828578e-05	4.294058e-05	3.711556e-05
	3.105761e-05	2.504433e-05	1.933012e-05	1.415786e-05	9.774912e-06
	6.342043e-06	3.840254e-06	2.125504e-06	1.035977e-06	4.255615e-07
	1.423981e-07	3.846108e-08	8.608575e-09	1.685184e-09	3.074918e-10
	5.552401e-11	1.042817e-11	2.115915e-12	4.742592e-13	1.183020e-13
	3.284791e-14	1.014683e-14	3.491488e-15	1.340139e-15	5.726291e-16
	2.713366e-16	1.419039e-16	8.088820e-17	4.935817e-17	3.158515e-17
	2.067036e-17	1.348756e-17	8.582844e-18	5.247273e-18	3.073363e-18
	1.740111e-18	9.671628e-19	5.349701e-19	2.965026e-19	1.647850e-19
	9.153497e-20	5.056625e-20	2.764341e-20	1.488992e-20	7.870889e-21
	4.062616e-21	2.029900e-21	9.637694e-22	4.147311e-22	1.374591e-22
	1.000000e-60
massfraction-C3H5
	1.000000e-60	3.164440e-10	7.989376e-10	1.515166e-09	2.549827e-09
	4.008654e-09	6.019411e-09	8.730515e-09	1.230927e-08	1.693903e-08
	2.281550e-08	3.014258e-08	3.912804e-08	4.997927e-08	6.289952e-08
	7.808449e-08	9.571957e-08	1.159766e-07	1.390122e-07	1.649694e-07
	1.939754e-07	2.261372e-07	2.615359e-07	3.002249e-07	3.422386e-07
	3.876054e-07	4.363618e-07	4.885751e-07	5.443859e-07	6.040367e-07
	6.678539e-07	7.360171e-07	8.081284e-07	8.833138e-07	9.611038e-07
	1.041860e-06	1.125925e-06	1.212787e-06	1.301678e-06	1.392629e-06
	1.486443e-06	1.583976e-06	1.685760e-06	1.792057e-06	1.903063e-06
	2.019026e-06	2.139385e-06	2.263146e-06	2.388604e-06	2.513680e-06
	2.635518e-06	2.749525e-06	2.848575e-06	2.923513e-06	2.965518e-06
	2.969342e-06	2.935096e-06	2.867362e-06	2.772662e-06	2.657145e-06
	2.525628e-06	2.381779e-06	2.228538e-06	2.068285e-06	1.902829e-06
	1.733532e-06	1.561654e-06	1.388948e-06	1.218495e-06	1.055529e-06
	9.077051e-07	7.836411e-07	6.892834e-07	6.251557e-07	5.872775e-07
	5.700142e-07	5.679612e-07	5.763432e-07	5.909302e-07	6.080815e-07
	6.248919e-07	6.392012e-07	6.493967e-07	6.541497e-07	6.522075e-07
	6.422900e-07	6.231681e-07	5.939013e-07	5.541126e-07	5.042796e-07
	4.459705e-07	3.816399e-07	3.141203e-07	2.467496e-07	1.837668e-07
	1.292393e-07	8.520522e-08	5.163191e-08	2.775579e-08	1.267283e-08
	4.741583e-09	1.438605e-09	3.640666e-10	8.160848e-11	1.742500e-11
	3.795876e-12	8.909833e-13	2.335247e-13	6.926172e-14	2.313726e-14
	8.604080e-15	3.527967e-15	1.590087e-15	7.898044e-16	4.342375e-16
	2.653541e-16	1.797408e-16	1.319529e-16	1.014393e-16	7.939573e-17
	6.197501e-17	4.741440e-17	3.497991e-17	2.455197e-17	1.630114e-17
	1.028293e-17	6.238965e-18	3.690906e-18	2.148601e-18	1.235629e-18
	7.018596e-19	3.927988e-19	2.159600e-19	1.163237e-19	6.121991e-20
	3.135912e-20	1.551556e-20	7.285674e-21	3.099887e-21	1.016508e-21
	1.000000e-60
massfraction-C3H6
	1.000000e-60	2.741800e-08	6.979778e-08	1.335442e-07	2.268087e-07
	3.599129e-07	5.455092e-07	7.985126e-07	1.135981e-06	1.576872e-06
	2.141705e-06	2.852144e-06	3.730559e-06	4.799570e-06	6.081621e-06
	7.598595e-06	9.371477e-06	1.141997e-05	1.376226e-05	1.641515e-05
	1.939379e-05	2.271116e-05	2.637744e-05	3.039985e-05	3.478339e-05
	3.953232e-05	4.465153e-05	5.014906e-05	5.604054e-05	6.235236e-05
	6.911985e-05	7.636270e-05	8.403897e-05	9.205532e-05	1.003609e-04
	1.089935e-04	1.179887e-04	1.272909e-04	1.368167e-04	1.465684e-04
	1.566311e-04	1.670966e-04	1.780216e-04	1.894353e-04	2.013612e-04
	2.138309e-04	2.267944e-04	2.401618e-04	2.537788e-04	2.674666e-04
	2.809843e-04	2.939219e-04	3.055805e-04	3.149375e-04	3.207698e-04
	3.219354e-04	3.176937e-04	3.079063e-04	2.930339e-04	2.739669e-04
	2.518255e-04	2.278020e-04	2.030153e-04	1.783709e-04	1.544900e-04
	1.317373e-04	1.103122e-04	9.035366e-05	7.203683e-05	5.563076e-05
	4.149263e-05	2.994727e-05	2.106774e-05	1.457669e-05	9.982292e-06
	6.783330e-06	4.579056e-06	3.076672e-06	2.064212e-06	1.387580e-06
	9.362834e-07	6.338946e-07	4.296280e-07	2.905358e-07	1.953167e-07
	1.301204e-07	8.576325e-08	5.591103e-08	3.605332e-08	2.297441e-08
	1.441715e-08	8.825540e-09	5.172216e-09	2.826250e-09	1.401996e-09
	6.168645e-10	2.333202e-10	7.151448e-11	1.615620e-11	2.410336e-12
	2.198582e-13	1.242599e-14	4.989143e-16	1.764705e-17	6.628657e-19
	2.877563e-20	1.470864e-21	8.952763e-23	6.565352e-24	5.818518e-25
	6.265134e-26	8.422312e-27	4.678055e-28	1.000000e-60	1.000000e-60
	1.000000e-60	1.000000e-60	1.000000e-60	1.000000e-60	1.000000e-60
	1.000000e-60	1.000000e-60	1.000000e-60	1.000000e-60	1.000000e-60
	1.000000e-60	1.000000e-60	1.000000e-60	1.000000e-60	1.000000e-60
	1.000000e-60	1.000000e-60	1.000000e-60	1.000000e-60	1.000000e-60
	1.000000e-60	1.000000e-60	1.000000e-60	1.000000e-60	1.000000e-60
	1.000000e-60
massfraction-N-C3H7
	1.000000e-60	1.327622e-12	3.384142e-12	6.483954e-12	1.102823e-11
	1.752610e-11	2.660304e-11	3.899809e-11	5.555831e-11	7.722723e-11
	1.050281e-10	1.400438e-10	1.833943e-10	2.362145e-10	2.996326e-10
	3.747505e-10	4.626267e-10	5.642567e-10	6.805612e-10	8.123901e-10
	9.605103e-10	1.125575e-09	1.308089e-09	1.508384e-09	1.726633e-09
	1.962853e-09	2.216837e-09	2.487960e-09	2.774742e-09	3.073607e-09
	3.376020e-09	3.662402e-09	3.893971e-09	4.011544e-09	3.949001e-09
	3.660622e-09	3.166917e-09	2.587199e-09	2.067136e-09	1.667102e-09
	1.370600e-09	1.147371e-09	9.767314e-10	8.459402e-10	7.465688e-10
	6.726063e-10	6.196666e-10	5.848073e-10	5.663180e-10	5.636529e-10
	5.773159e-10	6.090043e-10	6.614588e-10	7.377570e-10	8.400557e-10
	9.681694e-10	1.118650e-09	1.284796e-09	1.457647e-09	1.627312e-09
	1.783908e-09	1.918212e-09	2.022366e-09	2.090408e-09	2.118186e-09
	2.102749e-09	2.041780e-09	1.933633e-09	1.778412e-09	1.580288e-09
	1.350491e-09	1.108370e-09	8.764885e-10	6.719909e-10	5.022458e-10
	3.670599e-10	2.628250e-10	1.848705e-10	1.282440e-10	8.810598e-11
	6.012053e-11	4.076812e-11	2.742854e-11	1.825439e-11	1.197267e-11
	7.712424e-12	4.870657e-12	3.016383e-12	1.835157e-12	1.099951e-12
	6.510393e-13	3.795329e-13	2.151979e-13	1.160644e-13	5.801877e-14
	2.618879e-14	1.030724e-14	3.330835e-15	8.066835e-16	1.324420e-16
	1.390159e-17	9.693989e-19	5.151574e-20	2.414119e-21	1.092856e-22
	5.085421e-24	2.587589e-25	1.525812e-26	1.085037e-27	9.430249e-29
	1.019247e-29	1.528272e-30	1.000000e-60	1.891853e-30	1.000000e-60
	1.000000e-60	1.000000e-60	1.000000e-60	1.000000e-60	1.000000e-60
	1.000000e-60	1.000000e-60	1.000000e-60	1.000000e-60	1.000000e-60
	1.000000e-60	1.000000e-60	1.000000e-60	1.000000e-60	1.000000e-60
	1.000000e-60	1.000000e-60	1.000000e-60	1.000000e-60	1.000000e-60
	1.000000e-60	1.000000e-60	1.000000e-60	1.000000e-60	1.000000e-60
	1.000000e-60
massfraction-I-C3H7
	1.000000e-60	4.115010e-11	1.048928e-10	2.009732e-10	3.418259e-10
	5.432326e-10	8.245808e-10	1.208778e-09	1.722082e-09	2.393739e-09
	3.255471e-09	4.340842e-09	5.684577e-09	7.321862e-09	9.287679e-09
	1.161620e-08	1.434027e-08	1.749079e-08	2.109635e-08	2.518343e-08
	2.977597e-08	3.489457e-08	4.055551e-08	4.677043e-08	5.354743e-08
	6.089315e-08	6.881451e-08	7.732161e-08	8.643287e-08	9.617566e-08
	1.065748e-07	1.175966e-07	1.290466e-07	1.405378e-07	1.515598e-07
	1.614160e-07	1.689206e-07	1.722433e-07	1.692700e-07	1.582729e-07
	1.388015e-07	1.129735e-07	8.593716e-08	6.331406e-08	4.726076e-08
	3.646590e-08	2.907331e-08	2.391394e-08	2.030978e-08	1.783671e-08
	1.621887e-08	1.528725e-08	1.494605e-08	1.513693e-08	1.580515e-08
	1.687460e-08	1.823862e-08	1.976635e-08	2.131878e-08	2.276461e-08
	2.398879e-08	2.489679e-08	2.541865e-08	2.551016e-08	2.514792e-08
	2.432103e-08	2.302569e-08	2.126739e-08	1.907436e-08	1.652148e-08
	1.375614e-08	1.099736e-08	8.473104e-09	6.332626e-09	4.616373e-09
	3.291728e-09	2.299661e-09	1.577896e-09	1.067298e-09	7.145452e-10
	4.746959e-10	3.129223e-10	2.041953e-10	1.313578e-10	8.286548e-11
	5.098110e-11	3.045002e-11	1.759831e-11	9.816250e-12	5.274809e-12
	2.727243e-12	1.352283e-12	6.375237e-13	2.826557e-13	1.171684e-13
	4.528856e-14	1.607147e-14	5.018007e-15	1.287603e-15	2.518026e-16
	3.542195e-17	3.523699e-18	2.573714e-19	1.495389e-20	7.634875e-22
	3.791366e-23	2.008971e-24	1.224155e-25	8.996063e-27	8.149193e-28
	9.176626e-29	1.293102e-29	2.305037e-30	5.280328e-31	1.593315e-31
	6.651012e-32	4.054897e-32	3.265055e-32	2.261103e-32	1.132698e-32
	5.224366e-33	2.499441e-33	1.252656e-33	6.490436e-34	3.451496e-34
	1.872192e-34	1.022472e-34	5.524495e-35	2.909643e-35	1.480551e-35
	7.239056e-36	3.386740e-36	1.511032e-36	6.411944e-37	2.581369e-37
	9.823140e-38	3.508700e-38	1.159738e-38	3.435088e-39	8.140914e-40
	1.000000e-60
massfraction-C3H8
	1.000000e+00	9.992406e-01	9.982591e-01	9.970151e-01	9.954689e-01
	9.935778e-01	9.912983e-01	9.885890e-01	9.854118e-01	9.817323e-01
	9.775209e-01	9.727523e-01	9.674058e-01	9.614648e-01	9.549163e-01
	9.477506e-01	9.399604e-01	9.315415e-01	9.224914e-01	9.128086e-01
	9.024928e-01	8.915460e-01	8.799740e-01	8.677864e-01	8.549936e-01
	8.416034e-01	8.276174e-01	8.130258e-01	7.977976e-01	7.818748e-01
	7.651797e-01	7.476746e-01	7.294655e-01	7.107668e-01	6.916807e-01
	6.721034e-01	6.519400e-01	6.312993e-01	6.103452e-01	5.890501e-01
	5.672067e-01	5.445969e-01	5.210769e-01	4.965587e-01	4.709589e-01
	4.442193e-01	4.162767e-01	3.872900e-01	3.574591e-01	3.269644e-01
	2.959840e-01	2.648208e-01	2.340238e-01	2.043631e-01	1.766416e-01
	1.514591e-01	1.290887e-01	1.095149e-01	9.253265e-02	7.785181e-02
	6.518170e-02	5.427105e-02	4.490366e-02	3.687957e-02	3.000876e-02
	2.411935e-02	1.906834e-02	1.474851e-02	1.109086e-02	8.059358e-03
	5.636998e-03	3.799440e-03	2.484590e-03	1.589986e-03	1.001550e-03
	6.222223e-04	3.815379e-04	2.314141e-04	1.393809e-04	8.371148e-05
	5.024375e-05	3.010712e-05	1.794425e-05	1.057905e-05	6.128329e-06
	3.465041e-06	1.901985e-06	1.009645e-06	5.167960e-07	2.545400e-07
	1.204830e-07	5.461514e-08	2.349007e-08	9.476142e-09	3.566848e-09
	1.251415e-09	4.032736e-10	1.142556e-10	2.652169e-11	4.670967e-12
	5.893864e-13	5.246726e-14	3.426793e-15	1.778295e-16	8.072464e-18
	3.529677e-19	1.622463e-20	8.417880e-22	5.155863e-23	3.797924e-24
	3.377353e-25	3.626800e-26	4.715355e-27	7.451840e-28	1.437682e-28
	3.445475e-29	1.063611e-29	4.293477e-30	2.172423e-30	1.279169e-30
	8.188114e-31	5.425655e-31	3.596391e-31	2.328920e-31	1.455019e-31
	8.758543e-32	5.118295e-32	2.933558e-32	1.660511e-32	9.305973e-33
	5.158042e-33	2.818938e-33	1.514028e-33	7.968163e-34	4.098098e-34
	2.051971e-34	9.929418e-35	4.564463e-35	1.904119e-35	6.135456e-36
	1.000000e-60
V [kg/(s*m^2)]
	1.013086e-01	9.770285e-02	9.412575e-02	9.061264e-02	8.718946e-02
	8.386641e-02	8.064724e-02	7.753412e-02	7.452758e-02	7.162659e-02
	6.882869e-02	6.613023e-02	6.352655e-02	6.101228e-02	5.858153e-02
	5.622814e-02	5.394587e-02	5.172861e-02	4.957051e-02	4.746576e-02
	4.540890e-02	4.339512e-02	4.142043e-02	3.948153e-02	3.757537e-02
	3.569860e-02	3.384735e-02	3.201679e-02	3.020018e-02	2.838875e-02
	2.657286e-02	2.474834e-02	2.292578e-02	2.112437e-02	1.935016e-02
	1.758989e-02	1.583259e-02	1.408566e-02	1.236009e-02	1.065029e-02
	8.936999e-03	7.201670e-03	5.432508e-03	3.622249e-03	1.763870e-03
	-1.501134e-04	-2.122362e-03	-4.147237e-03	-6.215830e-03	-8.322346e-03
	-1.046278e-02	-1.262603e-02	-1.478481e-02	-1.689571e-02	-1.890988e-02
	-2.078817e-02	-2.251016e-02	-2.407338e-02	-2.548814e-02	-2.677143e-02
	-2.794108e-02	-2.901256e-02	-2.999908e-02	-3.091345e-02	-3.176924e-02
	-3.258054e-02	-3.336117e-02	-3.412363e-02	-3.487749e-02	-3.562749e-02
	-3.637071e-02	-3.709511e-02	-3.778435e-02	-3.842658e-02	-3.901932e-02
	-3.956681e-02	-4.007441e-02	-4.054545e-02	-4.098159e-02	-4.138451e-02
	-4.175735e-02	-4.210494e-02	-4.243295e-02	-4.274697e-02	-4.305212e-02
	-4.335262e-02	-4.365124e-02	-4.394952e-02	-4.424840e-02	-4.454830e-02
	-4.484929e-02	-4.515232e-02	-4.546061e-02	-4.577809e-02	-4.610618e-02
	-4.644448e-02	-4.679701e-02	-4.717732e-02	-4.760848e-02	-4.811920e-02
	-4.873975e-02	-4.949711e-02	-5.040420e-02	-5.145386e-02	-5.262226e-02
	-5.387557e-02	-5.517687e-02	-5.649227e-02	-5.780174e-02	-5.910416e-02
	-6.041163e-02	-6.174261e-02	-6.311849e-02	-6.456638e-02	-6.612979e-02
	-6.786694e-02	-6.980740e-02	-7.190142e-02	-7.405300e-02	-7.622247e-02
	-7.846513e-02	-8.088905e-02	-8.361666e-02	-8.674543e-02	-9.029572e-02
	-9.419334e-02	-9.830130e-02	-1.024867e-01	-1.066705e-01	-1.108256e-01
	-1.149601e-01	-1.190972e-01	-1.232594e-01	-1.274620e-01	-1.317119e-01
	-1.360101e-01	-1.403541e-01	-1.447395e-01	-1.491591e-01	-1.535971e-01
	-1.580365e-01
density [kg/m^3]
	1.767629e+00	1.765658e+00	1.763142e+00	1.759921e+00	1.755798e+00
	1.750519e+00	1.743776e+00	1.735212e+00	1.724436e+00	1.711035e+00
	1.694599e+00	1.674758e+00	1.651206e+00	1.623739e+00	1.592280e+00
	1.556893e+00	1.517788e+00	1.475312e+00	1.429928e+00	1.382176e+00
	1.332641e+00	1.281929e+00	1.230634e+00	1.179316e+00	1.128469e+00
	1.078494e+00	1.029696e+00	9.822742e-01	9.363146e-01	8.918035e-01
	8.486776e-01	8.069805e-01	7.670421e-01	7.292903e-01	6.937965e-01
	6.602340e-01	6.283497e-01	5.982225e-01	5.699548e-01	5.433611e-01
	5.180796e-01	4.938153e-01	4.704117e-01	4.477963e-01	4.259143e-01
	4.046949e-01	3.842034e-01	3.644993e-01	3.456816e-01	3.278092e-01
	3.109084e-01	2.950423e-01	2.803536e-01	2.670292e-01	2.552159e-01
	2.449473e-01	2.361337e-01	2.286058e-01	2.221629e-01	2.166088e-01
	2.117757e-01	2.075304e-01	2.037674e-01	2.003965e-01	1.973363e-01
	1.945129e-01	1.918609e-01	1.893253e-01	1.868647e-01	1.844560e-01
	1.821022e-01	1.798357e-01	1.777036e-01	1.757397e-01	1.739508e-01
	1.723240e-01	1.708442e-01	1.695026e-01	1.682943e-01	1.672139e-01
	1.662511e-01	1.653914e-01	1.646191e-01	1.639206e-01	1.632857e-01
	1.627085e-01	1.621883e-01	1.617290e-01	1.613366e-01	1.610196e-01
	1.607872e-01	1.606483e-01	1.606119e-01	1.606890e-01	1.608901e-01
	1.612187e-01	1.616754e-01	1.622741e-01	1.630516e-01	1.640658e-01
	1.653911e-01	1.671201e-01	1.693584e-01	1.722178e-01	1.758104e-01
	1.802331e-01	1.855456e-01	1.917567e-01	1.988670e-01	2.069348e-01
	2.161024e-01	2.265964e-01	2.387307e-01	2.529565e-01	2.700269e-01
	2.910863e-01	3.171693e-01	3.482078e-01	3.830334e-01	4.209510e-01
	4.628152e-01	5.106468e-01	5.668880e-01	6.331697e-01	7.084101e-01
	7.879179e-01	8.648160e-01	9.331754e-01	9.900594e-01	1.035214e+00
	1.069907e+00	1.095924e+00	1.115025e+00	1.128763e+00	1.138441e+00
	1.145123e+00	1.149647e+00	1.152656e+00	1.154621e+00	1.155882e+00
	1.156679e+00
cp [J/m^3K]
	1.677129e+03	1.677300e+03	1.677569e+03	1.678013e+03	1.678741e+03
	1.679906e+03	1.681707e+03	1.684390e+03	1.688247e+03	1.693607e+03
	1.700820e+03	1.710245e+03	1.722226e+03	1.737073e+03	1.755040e+03
	1.776310e+03	1.800978e+03	1.829045e+03	1.860413e+03	1.894890e+03
	1.932201e+03	1.971987e+03	2.013815e+03	2.057193e+03	2.101599e+03
	2.146505e+03	2.191400e+03	2.235811e+03	2.279328e+03	2.321599e+03
	2.362286e+03	2.400917e+03	2.436743e+03	2.468975e+03	2.497229e+03
	2.521488e+03	2.541665e+03	2.557489e+03	2.568803e+03	2.575662e+03
	2.578121e+03	2.576086e+03	2.569344e+03	2.557634e+03	2.540650e+03
	2.518178e+03	2.489531e+03	2.449407e+03	2.404111e+03	2.353747e+03
	2.298515e+03	2.238963e+03	2.176298e+03	2.112460e+03	2.049762e+03
	1.990273e+03	1.935361e+03	1.885630e+03	1.841085e+03	1.801373e+03
	1.766024e+03	1.734587e+03	1.706644e+03	1.681779e+03	1.659559e+03
	1.639563e+03	1.621415e+03	1.604814e+03	1.589567e+03	1.575598e+03
	1.562960e+03	1.551785e+03	1.542162e+03	1.534023e+03	1.527158e+03
	1.521308e+03	1.516254e+03	1.511837e+03	1.507949e+03	1.504502e+03
	1.501420e+03	1.498625e+03	1.496049e+03	1.493633e+03	1.491330e+03
	1.489104e+03	1.486932e+03	1.484806e+03	1.482722e+03	1.480682e+03
	1.478689e+03	1.476739e+03	1.474812e+03	1.472879e+03	1.470923e+03
	1.468927e+03	1.466844e+03	1.464562e+03	1.461898e+03	1.458607e+03
	1.454392e+03	1.448932e+03	1.441968e+03	1.433374e+03	1.423158e+03
	1.411453e+03	1.398499e+03	1.384608e+03	1.370038e+03	1.354888e+03
	1.339114e+03	1.322595e+03	1.305173e+03	1.286637e+03	1.266613e+03
	1.244632e+03	1.220773e+03	1.196097e+03	1.169234e+03	1.142817e+03
	1.118671e+03	1.096994e+03	1.077762e+03	1.061184e+03	1.047581e+03
	1.037012e+03	1.029154e+03	1.023467e+03	1.019399e+03	1.016496e+03
	1.014423e+03	1.012942e+03	1.011888e+03	1.011144e+03	1.010624e+03
	1.010266e+03	1.010022e+03	1.009858e+03	1.009750e+03	1.009679e+03
	1.009633e+03
lambda [W/m]
	1.571348e-02	1.574390e-02	1.578106e-02	1.582703e-02	1.588453e-02
	1.595726e-02	1.604991e-02	1.616823e-02	1.631897e-02	1.650982e-02
	1.674932e-02	1.704659e-02	1.741113e-02	1.785254e-02	1.838025e-02
	1.900320e-02	1.972961e-02	2.056672e-02	2.152053e-02	2.259581e-02
	2.379589e-02	2.512245e-02	2.657522e-02	2.815201e-02	2.984905e-02
	3.166170e-02	3.358505e-02	3.561486e-02	3.774918e-02	3.998922e-02
	4.233835e-02	4.479357e-02	4.733119e-02	4.991283e-02	5.251686e-02
	5.515047e-02	5.781949e-02	6.050321e-02	6.317563e-02	6.583684e-02
	6.850907e-02	7.121414e-02	7.396331e-02	7.676009e-02	7.960624e-02
	8.250184e-02	8.543531e-02	8.826050e-02	9.109999e-02	9.393355e-02
	9.674419e-02	9.950731e-02	1.021816e-01	1.047129e-01	1.070497e-01
	1.091598e-01	1.110371e-01	1.126962e-01	1.141631e-01	1.154684e-01
	1.166404e-01	1.177027e-01	1.186746e-01	1.195737e-01	1.204172e-01
	1.212221e-01	1.220049e-01	1.227806e-01	1.235617e-01	1.243560e-01
	1.251624e-01	1.259684e-01	1.267532e-01	1.274984e-01	1.281947e-01
	1.288411e-01	1.294382e-01	1.299856e-01	1.304816e-01	1.309257e-01
	1.313202e-01	1.316694e-01	1.319787e-01	1.322524e-01	1.324936e-01
	1.327032e-01	1.328796e-01	1.330193e-01	1.331175e-01	1.331685e-01
	1.331662e-01	1.331043e-01	1.329759e-01	1.327721e-01	1.324862e-01
	1.321165e-01	1.316609e-01	1.311044e-01	1.304126e-01	1.295352e-01
	1.284116e-01	1.269749e-01	1.251672e-01	1.229541e-01	1.203307e-01
	1.173242e-01	1.139948e-01	1.104283e-01	1.067012e-01	1.028512e-01
	9.888104e-02	9.477449e-02	9.050896e-02	8.605194e-02	8.133624e-02
	7.628265e-02	7.094356e-02	6.560397e-02	6.049120e-02	5.581235e-02
	5.154127e-02	4.754532e-02	4.373184e-02	4.010903e-02	3.679214e-02
	3.392885e-02	3.160980e-02	2.982795e-02	2.850478e-02	2.754094e-02
	2.684595e-02	2.634830e-02	2.599488e-02	2.574660e-02	2.557452e-02
	2.545701e-02	2.537800e-02	2.532568e-02	2.529156e-02	2.526966e-02
	2.525581e-02
mu [kg/s^2m]
	8.255382e-06	8.262668e-06	8.272602e-06	8.286026e-06	8.303985e-06
	8.327804e-06	8.359111e-06	8.399833e-06	8.452182e-06	8.518629e-06
	8.601845e-06	8.704628e-06	8.829815e-06	8.980175e-06	9.158316e-06
	9.366589e-06	9.607007e-06	9.881181e-06	1.019029e-05	1.053509e-05
	1.091598e-05	1.133289e-05	1.178537e-05	1.227256e-05	1.279343e-05
	1.334698e-05	1.393243e-05	1.454955e-05	1.519912e-05	1.588320e-05
	1.660494e-05	1.736593e-05	1.816168e-05	1.898299e-05	1.982565e-05
	2.069466e-05	2.159490e-05	2.252233e-05	2.347041e-05	2.444125e-05
	2.544544e-05	2.649450e-05	2.759703e-05	2.875957e-05	2.998894e-05
	3.129278e-05	3.267567e-05	3.413657e-05	3.567091e-05	3.727432e-05
	3.894257e-05	4.066451e-05	4.241415e-05	4.414998e-05	4.582404e-05
	4.739587e-05	4.884180e-05	5.015526e-05	5.134246e-05	5.241674e-05
	5.339313e-05	5.428524e-05	5.510509e-05	5.586444e-05	5.657569e-05
	5.725165e-05	5.790499e-05	5.854737e-05	5.918830e-05	5.983329e-05
	6.048123e-05	6.112230e-05	6.174140e-05	6.232591e-05	6.287078e-05
	6.337701e-05	6.384688e-05	6.428116e-05	6.467949e-05	6.504203e-05
	6.537076e-05	6.566942e-05	6.594247e-05	6.619409e-05	6.642762e-05
	6.664510e-05	6.684689e-05	6.703201e-05	6.719863e-05	6.734432e-05
	6.746637e-05	6.756243e-05	6.763068e-05	6.766887e-05	6.767459e-05
	6.764703e-05	6.758684e-05	6.749270e-05	6.735839e-05	6.717245e-05
	6.691866e-05	6.657528e-05	6.611668e-05	6.551714e-05	6.475551e-05
	6.382110e-05	6.271879e-05	6.146975e-05	6.009945e-05	5.862326e-05
	5.704390e-05	5.535548e-05	5.354764e-05	5.160363e-05	4.948835e-05
	4.715626e-05	4.461889e-05	4.200632e-05	3.948971e-05	3.713879e-05
	3.490997e-05	3.272895e-05	3.054768e-05	2.837982e-05	2.631428e-05
	2.447315e-05	2.294632e-05	2.175380e-05	2.085850e-05	2.020160e-05
	1.972573e-05	1.938398e-05	1.914088e-05	1.896998e-05	1.885153e-05
	1.877071e-05	1.871643e-05	1.868056e-05	1.865723e-05	1.864231e-05
	1.863292e-05
mDot_C3H8 [kg/m^3s]
	0.000000e+00	-1.632951e-13	-3.518622e-13	-5.597232e-13	-7.783630e-13
	-1.008008e-12	-1.259026e-12	-1.551783e-12	-1.919301e-12	-2.414357e-12
	-3.123916e-12	-4.197273e-12	-5.901720e-12	-8.735486e-12	-1.366332e-11
	-2.262109e-11	-3.962287e-11	-7.323635e-11	-1.422030e-10	-2.883318e-10
	-6.061481e-10	-1.310727e-09	-2.890954e-09	-6.449282e-09	-1.443803e-08
	-3.221636e-08	-7.126188e-08	-1.556750e-07	-3.352814e-07	-7.120092e-07
	-1.492458e-06	-3.084406e-06	-6.241176e-06	-1.224422e-05	-2.319847e-05
	-4.260863e-05	-7.614306e-05	-1.322443e-04	-2.230934e-04	-3.674201e-04
	-5.956555e-04	-9.571078e-04	-1.530818e-03	-2.444786e-03	-3.911598e-03
	-6.290035e-03	-1.018119e-02	-1.657904e-02	-2.713331e-02	-4.462335e-02
	-7.376980e-02	-1.224394e-01	-2.030662e-01	-3.336712e-01	-5.373812e-01
	-8.395619e-01	-1.262819e+00	-1.821377e+00	-2.517387e+00	-3.340091e+00
	-4.266108e+00	-5.260167e+00	-6.277926e+00	-7.271005e+00	-8.191073e+00
	-8.990263e+00	-9.618583e+00	-1.002094e+01	-1.013772e+01	-9.914852e+00
	-9.328014e+00	-8.414815e+00	-7.283005e+00	-6.071227e+00	-4.896189e+00
	-3.831351e+00	-2.915186e+00	-2.162520e+00	-1.569940e+00	-1.120111e+00
	-7.878110e-01	-5.466492e-01	-3.736470e-01	-2.507516e-01	-1.644521e-01
	-1.048646e-01	-6.472630e-02	-3.853884e-02	-2.207221e-02	-1.213248e-02
	-6.389737e-03	-3.212473e-03	-1.527984e-03	-6.797774e-04	-2.810780e-04
	-1.077078e-04	-3.766135e-05	-1.151069e-05	-2.868134e-06	-5.389586e-07
	-7.183972e-08	-6.646243e-09	-4.405948e-10	-2.253412e-11	-9.760793e-13
	-3.942099e-14	-1.623004e-15	-7.335278e-17	-3.815763e-18	-2.328046e-19
	-1.667903e-20	-1.396329e-21	-1.358987e-22	-1.526818e-23	-1.955487e-24
	-2.845141e-25	-4.859207e-26	-1.033069e-26	-2.817017e-27	-9.517453e-28
	-3.693240e-28	-1.527210e-28	-6.352524e-29	-2.565778e-29	-9.978215e-30
	-3.786912e-30	-1.433914e-30	-5.504782e-31	-2.150532e-31	-8.507367e-32
	-3.375295e-32	-1.328095e-32	-5.128193e-33	-1.924537e-33	-6.952000e-34
	-2.387154e-34	-7.632961e-35	-2.181286e-35	-5.045879e-36	-6.791077e-37
	0.000000e+00
ScalarDissRate [1/s]
	5.992296e-06	1.057413e-05	2.827495e-05	7.233008e-05	1.762342e-04
	4.087390e-04	9.029196e-04	1.901465e-03	3.822257e-03	7.345880e-03
	1.352318e-02	2.389638e-02	4.062274e-02	6.658657e-02	1.054840e-01
	1.618661e-01	2.411293e-01	3.494396e-01	4.935968e-01	6.808571e-01
	9.186868e-01	1.214432e+00	1.574929e+00	2.006105e+00	2.512686e+00
	3.098056e+00	3.764179e+00	4.511763e+00	5.340767e+00	6.250754e+00
	7.240419e+00	8.303631e+00	9.422590e+00	1.057023e+01	1.172481e+01
	1.287583e+01	1.401060e+01	1.510444e+01	1.613177e+01	1.707860e+01
	1.793811e+01	1.870059e+01	1.935054e+01	1.986922e+01	2.023848e+01
	2.043672e+01	2.044057e+01	2.024306e+01	1.983605e+01	1.923430e+01
	1.845302e+01	1.751797e+01	1.647007e+01	1.536470e+01	1.426200e+01
	1.321252e+01	1.224799e+01	1.138141e+01	1.061208e+01	9.931645e+00
	9.329342e+00	8.794907e+00	8.319083e+00	7.893063e+00	7.508188e+00
	7.156209e+00	6.829715e+00	6.522528e+00	6.230169e+00	5.950352e+00
	5.683591e+00	5.433210e+00	5.203356e+00	4.996123e+00	4.810467e+00
	4.643466e+00	4.492235e+00	4.354796e+00	4.229875e+00	4.116359e+00
	4.012852e+00	3.917629e+00	3.828865e+00	3.744852e+00	3.664093e+00
	3.585401e+00	3.508010e+00	3.431491e+00	3.355598e+00	3.280212e+00
	3.205315e+00	3.130671e+00	3.055512e+00	2.978942e+00	2.900727e+00
	2.821101e+00	2.739318e+00	2.652594e+00	2.556347e+00	2.445398e+00
	2.315205e+00	2.163140e+00	1.990612e+00	1.803485e+00	1.610286e+00
	1.419954e+00	1.240062e+00	1.075808e+00	9.290965e-01	7.990182e-01
	6.834622e-01	5.802882e-01	4.877779e-01	4.045349e-01	3.291235e-01
	2.605644e-01	1.997268e-01	1.489895e-01	1.095830e-01	7.998260e-02
	5.756613e-02	4.027665e-02	2.693110e-02	1.696346e-02	1.001785e-02
	5.588040e-03	2.991950e-03	1.563102e-03	8.047195e-04	4.095172e-04
	2.056439e-04	1.014841e-04	4.901461e-05	2.309507e-05	1.059660e-05
	4.730093e-06	2.053621e-06	8.673777e-07	3.566240e-07	1.430631e-07
	8.534548e-08
ZBilger
	1.000000e+00	9.993849e-01	9.985791e-01	9.975465e-01	9.962514e-01
	9.946554e-01	9.927192e-01	9.904055e-01	9.876795e-01	9.845097e-01
	9.808687e-01	9.767333e-01	9.720841e-01	9.669055e-01	9.611854e-01
	9.549148e-01	9.480871e-01	9.406984e-01	9.327467e-01	9.242312e-01
	9.151520e-01	9.055116e-01	8.953159e-01	8.845741e-01	8.732964e-01
	8.614906e-01	8.491589e-01	8.362936e-01	8.228681e-01	8.088323e-01
	7.941185e-01	7.786942e-01	7.626536e-01	7.461863e-01	7.293827e-01
	7.121518e-01	6.944107e-01	6.762552e-01	6.578299e-01	6.391107e-01
	6.199155e-01	6.000530e-01	5.793975e-01	5.578722e-01	5.354044e-01
	5.119364e-01	4.874278e-01	4.620107e-01	4.358600e-01	4.091329e-01
	3.819831e-01	3.546712e-01	3.276705e-01	3.016434e-01	2.772770e-01
	2.550772e-01	2.352634e-01	2.178032e-01	2.025011e-01	1.890889e-01
	1.773013e-01	1.669109e-01	1.577254e-01	1.495685e-01	1.422709e-01
	1.356742e-01	1.296394e-01	1.240539e-01	1.188398e-01	1.139599e-01
	1.094239e-01	1.052807e-01	1.015795e-01	9.832581e-02	9.547441e-02
	9.295626e-02	9.070975e-02	8.869232e-02	8.687578e-02	8.523724e-02
	8.375212e-02	8.239284e-02	8.113177e-02	7.994400e-02	7.880838e-02
	7.770895e-02	7.663635e-02	7.558668e-02	7.455917e-02	7.355530e-02
	7.257806e-02	7.162740e-02	7.069610e-02	6.977471e-02	6.886004e-02
	6.795097e-02	6.703168e-02	6.606099e-02	6.497429e-02	6.369346e-02
	6.213767e-02	6.023871e-02	5.797081e-02	5.536251e-02	5.248260e-02
	4.942252e-02	4.628282e-02	4.315981e-02	4.011776e-02	3.717618e-02
	3.432544e-02	3.154558e-02	2.881662e-02	2.611654e-02	2.340773e-02
	2.065231e-02	1.788398e-02	1.524398e-02	1.287887e-02	1.081809e-02
	8.994056e-03	7.331174e-03	5.790583e-03	4.384419e-03	3.165815e-03
	2.185719e-03	1.455430e-03	9.432140e-04	5.975425e-04	3.696377e-04
	2.218472e-04	1.277024e-04	6.924799e-05	3.429836e-05	1.452412e-05
	4.232571e-06	-4.029759e-07	-1.878599e-06	-1.755665e-06	-9.600090e-07
	0.000000e+00
ScalarDissRateBilger [1/s]
	1.009527e-03	1.362008e-03	2.349239e-03	3.949316e-03	6.459379e-03
	1.028199e-02	1.594440e-02	2.411233e-02	3.560173e-02	5.138568e-02
	7.259677e-02	1.005251e-01	1.366134e-01	1.824495e-01	2.397576e-01
	3.103895e-01	3.963145e-01	4.996051e-01	6.224266e-01	7.670393e-01
	9.357828e-01	1.131034e+00	1.355150e+00	1.610430e+00	1.899123e+00
	2.223493e+00	2.585893e+00	2.988941e+00	3.435877e+00	3.930868e+00
	4.478945e+00	5.083963e+00	5.744413e+00	6.453658e+00	7.207871e+00
	8.010567e+00	8.864682e+00	9.763989e+00	1.069873e+01	1.166661e+01
	1.267271e+01	1.372170e+01	1.481324e+01	1.594197e+01	1.708712e+01
	1.825748e+01	1.943237e+01	2.056306e+01	2.160982e+01	2.253021e+01
	2.327995e+01	2.381232e+01	2.408407e+01	2.406897e+01	2.376984e+01
	2.321825e+01	2.246195e+01	2.155031e+01	2.052520e+01	1.941840e+01
	1.825439e+01	1.705437e+01	1.583786e+01	1.462139e+01	1.341678e+01
	1.223143e+01	1.107032e+01	9.939093e+00	8.847822e+00	7.814065e+00
	6.863874e+00	6.026941e+00	5.323578e+00	4.754243e+00	4.302172e+00
	3.944134e+00	3.658948e+00	3.429912e+00	3.243977e+00	3.090576e+00
	2.960889e+00	2.847591e+00	2.744726e+00	2.647465e+00	2.551757e+00
	2.454152e+00	2.351821e+00	2.242601e+00	2.125124e+00	1.999237e+00
	1.866537e+00	1.730216e+00	1.594539e+00	1.465378e+00	1.350635e+00
	1.257533e+00	1.188833e+00	1.142795e+00	1.115322e+00	1.100345e+00
	1.089170e+00	1.072803e+00	1.046878e+00	1.013032e+00	9.745787e-01
	9.325232e-01	8.857461e-01	8.331501e-01	7.746919e-01	7.110838e-01
	6.433442e-01	5.726194e-01	5.001899e-01	4.273893e-01	3.553129e-01
	2.852765e-01	2.202896e-01	1.646684e-01	1.208434e-01	8.757024e-02
	6.214995e-02	4.247862e-02	2.739628e-02	1.637022e-02	8.992018e-03
	4.570348e-03	2.187524e-03	1.004356e-03	4.468765e-04	1.928209e-04
	8.010358e-05	3.162445e-05	1.165844e-05	3.917910e-06	1.156084e-06
	2.788316e-07	4.586448e-08	2.227627e-09	9.894231e-10	3.620794e-09
	4.329466e-09
ChiAnalytOverChiStoich
	1.000000e-10	1.000000e-10	1.000000e-10	1.914777e-03	9.955222e-03
	2.100806e-02	3.607565e-02	5.640606e-02	8.350699e-02	1.191429e-01
	1.653124e-01	2.242065e-01	2.981475e-01	3.895145e-01	5.006586e-01
	6.338147e-01	7.910148e-01	9.739969e-01	1.184135e+00	1.422408e+00
	1.689343e+00	1.984956e+00	2.308687e+00	2.659399e+00	3.035472e+00
	3.434962e+00	3.855736e+00	4.295688e+00	4.753047e+00	5.226507e+00
	5.714921e+00	6.215440e+00	6.720747e+00	7.220714e+00	7.708748e+00
	8.183536e+00	8.642868e+00	9.079589e+00	9.486063e+00	9.858963e+00
	1.019732e+01	1.049846e+01	1.075679e+01	1.096462e+01	1.111307e+01
	1.119212e+01	1.119101e+01	1.109960e+01	1.091067e+01	1.062036e+01
	1.022829e+01	9.739700e+00	9.169369e+00	8.543412e+00	7.895460e+00
	7.258219e+00	6.656097e+00	6.102948e+00	5.603564e+00	5.156790e+00
	4.758795e+00	4.405116e+00	4.091203e+00	3.812225e+00	3.563054e+00
	3.338627e+00	3.134368e+00	2.946534e+00	2.772512e+00	2.611045e+00
	2.462373e+00	2.327931e+00	2.209052e+00	2.105597e+00	2.015805e+00
	1.937233e+00	1.867744e+00	1.805854e+00	1.750561e+00	1.701053e+00
	1.656491e+00	1.615972e+00	1.578615e+00	1.543642e+00	1.510401e+00
	1.478406e+00	1.447374e+00	1.417183e+00	1.387802e+00	1.359266e+00
	1.331650e+00	1.304943e+00	1.278932e+00	1.253350e+00	1.228107e+00
	1.203170e+00	1.178110e+00	1.151823e+00	1.122610e+00	1.088478e+00
	1.047464e+00	9.980829e-01	9.401200e-01	8.748726e-01	8.046672e-01
	7.322827e-01	6.605038e-01	5.917342e-01	5.273921e-01	4.677764e-01
	4.125543e-01	3.612305e-01	3.133748e-01	2.685916e-01	2.263316e-01
	1.861953e-01	1.488816e-01	1.162185e-01	8.946692e-02	6.815611e-02
	5.089099e-02	3.649179e-02	2.431872e-02	1.420830e-02	6.233246e-03
	3.577382e-04	1.000000e-10	1.000000e-10	1.000000e-10	1.000000e-10
	1.000000e-10	1.000000e-10	1.000000e-10	1.000000e-10	1.000000e-10
	1.000000e-10	1.000000e-10	1.000000e-10	1.000000e-10	1.000000e-10
	1.000000e-10
ChiKWOverChiKWStoich
	5.936379e-11	5.937295e-11	5.938466e-11	1.137372e-03	5.915293e-03
	1.248799e-02	2.145625e-02	3.357090e-02	4.974366e-02	7.104890e-02
	9.871525e-02	1.341065e-01	1.786928e-01	2.340143e-01	3.016387e-01
	3.831160e-01	4.799326e-01	5.934600e-01	7.249130e-01	8.753264e-01
	1.045518e+00	1.236036e+00	1.447106e+00	1.678609e+00	1.930128e+00
	2.201026e+00	2.490536e+00	2.797896e+00	3.122579e+00	3.464412e+00
	3.823393e+00	4.198322e+00	4.584565e+00	4.975003e+00	5.364868e+00
	5.753459e+00	6.139437e+00	6.517233e+00	6.880458e+00	7.226224e+00
	7.553951e+00	7.861865e+00	8.145664e+00	8.399035e+00	8.614392e+00
	8.783002e+00	8.894345e+00	8.937695e+00	8.903688e+00	8.785268e+00
	8.578014e+00	8.281719e+00	7.903820e+00	7.461931e+00	6.981999e+00
	6.491896e+00	6.014668e+00	5.565452e+00	5.151732e+00	4.775441e+00
	4.435577e+00	4.130032e+00	3.856164e+00	3.610738e+00	3.389974e+00
	3.189925e+00	3.006904e+00	2.837848e+00	2.680624e+00	2.534268e+00
	2.399140e+00	2.276663e+00	2.168146e+00	2.073524e+00	1.991232e+00
	1.919056e+00	1.855055e+00	1.797879e+00	1.746621e+00	1.700552e+00
	1.658919e+00	1.620901e+00	1.585695e+00	1.552580e+00	1.520951e+00
	1.490348e+00	1.460497e+00	1.431276e+00	1.402647e+00	1.374635e+00
	1.347304e+00	1.320633e+00	1.294400e+00	1.268321e+00	1.242299e+00
	1.216312e+00	1.189946e+00	1.162077e+00	1.130948e+00	1.094485e+00
	1.050659e+00	9.979599e-01	9.362100e-01	8.668254e-01	7.923142e-01
	7.156826e-01	6.399590e-01	5.677614e-01	5.006385e-01	4.389310e-01
	3.823022e-01	3.302419e-01	2.823082e-01	2.381003e-01	1.970819e-01
	1.588917e-01	1.242129e-01	9.466553e-02	7.115960e-02	5.298012e-02
	3.868350e-02	2.712034e-02	1.765965e-02	1.007664e-02	4.319740e-03
	2.427579e-04	6.666558e-11	6.573646e-11	6.504129e-11	6.453276e-11
	6.416523e-11	6.390174e-11	6.371450e-11	6.358294e-11	6.349178e-11
	6.342955e-11	6.338773e-11	6.336008e-11	6.334207e-11	6.333054e-11
	6.332327e-11
ChiKWFact
	5.936379e-01	5.937295e-01	5.938466e-01	5.939969e-01	5.941899e-01
	5.944382e-01	5.947570e-01	5.951648e-01	5.956825e-01	5.963337e-01
	5.971436e-01	5.981382e-01	5.993436e-01	6.007846e-01	6.024838e-01
	6.044605e-01	6.067302e-01	6.093038e-01	6.121875e-01	6.153836e-01
	6.188902e-01	6.227018e-01	6.268088e-01	6.311987e-01	6.358574e-01
	6.407716e-01	6.459302e-01	6.513267e-01	6.569637e-01	6.628541e-01
	6.690194e-01	6.754666e-01	6.821511e-01	6.889905e-01	6.959455e-01
	7.030529e-01	7.103471e-01	7.177895e-01	7.253228e-01	7.329599e-01
	7.407781e-01	7.488590e-01	7.572581e-01	7.660123e-01	7.751586e-01
	7.847486e-01	7.947758e-01	8.052270e-01	8.160536e-01	8.272103e-01
	8.386559e-01	8.503053e-01	8.619809e-01	8.734134e-01	8.843055e-01
	8.944200e-01	9.036329e-01	9.119284e-01	9.193671e-01	9.260490e-01
	9.320801e-01	9.375535e-01	9.425501e-01	9.471471e-01	9.514236e-01
	9.554600e-01	9.593334e-01	9.631140e-01	9.668574e-01	9.705952e-01
	9.743204e-01	9.779773e-01	9.814822e-01	9.847677e-01	9.878095e-01
	9.906173e-01	9.932065e-01	9.955838e-01	9.977494e-01	9.997059e-01
	1.001466e+00	1.003050e+00	1.004485e+00	1.005791e+00	1.006985e+00
	1.008077e+00	1.009066e+00	1.009944e+00	1.010697e+00	1.011307e+00
	1.011755e+00	1.012024e+00	1.012094e+00	1.011945e+00	1.011556e+00
	1.010923e+00	1.010046e+00	1.008903e+00	1.007427e+00	1.005518e+00
	1.003051e+00	9.998768e-01	9.958410e-01	9.908019e-01	9.846484e-01
	9.773311e-01	9.688952e-01	9.594873e-01	9.492719e-01	9.383351e-01
	9.266712e-01	9.142137e-01	9.008643e-01	8.864770e-01	8.707662e-01
	8.533608e-01	8.343068e-01	8.145480e-01	7.953732e-01	7.773348e-01
	7.601247e-01	7.431902e-01	7.261751e-01	7.092078e-01	6.930161e-01
	6.785909e-01	6.666558e-01	6.573646e-01	6.504129e-01	6.453276e-01
	6.416523e-01	6.390174e-01	6.371450e-01	6.358294e-01	6.349178e-01
	6.342955e-01	6.338773e-01	6.336008e-01	6.334207e-01	6.333054e-01
	6.332327e-01
MolarMass [kg/kmole]
	4.409000e+01	4.405034e+01	4.400311e+01	4.394740e+01	4.388235e+01
	4.380701e+01	4.372041e+01	4.362172e+01	4.351021e+01	4.338533e+01
	4.324669e+01	4.309407e+01	4.292737e+01	4.274667e+01	4.255214e+01
	4.234407e+01	4.212283e+01	4.188885e+01	4.164266e+01	4.138478e+01
	4.111577e+01	4.083624e+01	4.054690e+01	4.024851e+01	3.994186e+01
	3.962761e+01	3.930629e+01	3.897816e+01	3.864300e+01	3.830011e+01
	3.794843e+01	3.758788e+01	3.722126e+01	3.685330e+01	3.648618e+01
	3.611807e+01	3.574749e+01	3.537671e+01	3.500876e+01	3.464319e+01
	3.427658e+01	3.390565e+01	3.352862e+01	3.314476e+01	3.275350e+01
	3.235246e+01	3.194625e+01	3.153547e+01	3.112352e+01	3.071317e+01
	3.030690e+01	2.990850e+01	2.952443e+01	2.916321e+01	2.883303e+01
	2.853917e+01	2.828298e+01	2.806269e+01	2.787476e+01	2.771505e+01
	2.757971e+01	2.746555e+01	2.736992e+01	2.729044e+01	2.722498e+01
	2.717170e+01	2.712917e+01	2.709646e+01	2.707313e+01	2.705903e+01
	2.705406e+01	2.705761e+01	2.706826e+01	2.708401e+01	2.710298e+01
	2.712380e+01	2.714551e+01	2.716738e+01	2.718886e+01	2.720956e+01
	2.722933e+01	2.724820e+01	2.726636e+01	2.728402e+01	2.730145e+01
	2.731887e+01	2.733646e+01	2.735436e+01	2.737267e+01	2.739149e+01
	2.741088e+01	2.743098e+01	2.745204e+01	2.747437e+01	2.749806e+01
	2.752298e+01	2.754920e+01	2.757745e+01	2.760892e+01	2.764489e+01
	2.768607e+01	2.773229e+01	2.778219e+01	2.783363e+01	2.788458e+01
	2.793354e+01	2.797960e+01	2.802228e+01	2.806169e+01	2.809841e+01
	2.813320e+01	2.816683e+01	2.820000e+01	2.823339e+01	2.826795e+01
	2.830477e+01	2.834424e+01	2.838519e+01	2.842562e+01	2.846465e+01
	2.850303e+01	2.854205e+01	2.858268e+01	2.862480e+01	2.866672e+01
	2.870579e+01	2.873965e+01	2.876727e+01	2.878893e+01	2.880551e+01
	2.881805e+01	2.882745e+01	2.883443e+01	2.883956e+01	2.884327e+01
	2.884594e+01	2.884781e+01	2.884912e+01	2.885003e+01	2.885064e+01
	2.885106e+01
TotalEnthalpy [J/kg]
	-2.352410e+06	-2.352173e+06	-2.351854e+06	-2.351423e+06	-2.350839e+06
	-2.350049e+06	-2.348981e+06	-2.347548e+06	-2.345644e+06	-2.343148e+06
	-2.339920e+06	-2.335810e+06	-2.330654e+06	-2.324285e+06	-2.316532e+06
	-2.307225e+06	-2.296197e+06	-2.283293e+06	-2.268366e+06	-2.251283e+06
	-2.231925e+06	-2.210194e+06	-2.186016e+06	-2.159345e+06	-2.130156e+06
	-2.098440e+06	-2.064192e+06	-2.027395e+06	-1.987992e+06	-1.945865e+06
	-1.900847e+06	-1.852894e+06	-1.802383e+06	-1.750029e+06	-1.696266e+06
	-1.640958e+06	-1.583999e+06	-1.525871e+06	-1.467218e+06	-1.408142e+06
	-1.348263e+06	-1.287211e+06	-1.224871e+06	-1.161325e+06	-1.096725e+06
	-1.031334e+06	-9.654794e+05	-9.000748e+05	-8.361003e+05	-7.743978e+05
	-7.157296e+05	-6.609762e+05	-6.112157e+05	-5.674896e+05	-5.304062e+05
	-4.998912e+05	-4.752682e+05	-4.555506e+05	-4.397047e+05	-4.268078e+05
	-4.161162e+05	-4.070628e+05	-3.992191e+05	-3.922516e+05	-3.858911e+05
	-3.799164e+05	-3.741436e+05	-3.684212e+05	-3.626353e+05	-3.567257e+05
	-3.507179e+05	-3.447492e+05	-3.390331e+05	-3.337674e+05	-3.290673e+05
	-3.249746e+05	-3.215036e+05	-3.186637e+05	-3.164520e+05	-3.148417e+05
	-3.137823e+05	-3.132132e+05	-3.130797e+05	-3.133411e+05	-3.139713e+05
	-3.149552e+05	-3.162776e+05	-3.179138e+05	-3.198216e+05	-3.219352e+05
	-3.241605e+05	-3.263831e+05	-3.284772e+05	-3.302867e+05	-3.316019e+05
	-3.321896e+05	-3.318213e+05	-3.301937e+05	-3.267586e+05	-3.205777e+05
	-3.103132e+05	-2.944995e+05	-2.722983e+05	-2.442842e+05	-2.125127e+05
	-1.798422e+05	-1.490159e+05	-1.219866e+05	-9.958984e+04	-8.176353e+04
	-6.803836e+04	-5.786159e+04	-5.070972e+04	-4.608672e+04	-4.350506e+04
	-4.248681e+04	-4.246886e+04	-4.272669e+04	-4.259488e+04	-4.171558e+04
	-4.004437e+04	-3.755072e+04	-3.417372e+04	-2.992024e+04	-2.501693e+04
	-1.993047e+04	-1.518548e+04	-1.113113e+04	-7.867760e+03	-5.332696e+03
	-3.400003e+03	-1.940961e+03	-8.473021e+02	-3.345418e+01	5.670689e+02
	1.006023e+03	1.323602e+03	1.550848e+03	1.711520e+03	1.823550e+03
	1.900584e+03
trailer
Lewis numbers evaluated at maximum consumption
N2	-1
O2	0.993756
@ Z = 0.0757203
H	0.168232
@ Z = 0.0900211
OH	0.663169
@ Z = 0.0836113
O	0.649081
@ Z = 0.0797839
H2	0.275261
@ Z = 0.0706596
H2O	0.644469
@ Z = 0.205053
HO2	0.997588
@ Z = 0.00982078
H2O2	0.981761
@ Z = 0.0315471
CO	0.997994
@ Z = 0.0656357
CO2	1.28314
@ Z = 0.0861491
CH	0.60254
@ Z = 0.0725862
CHO	1.14149
@ Z = 0.0725862
CH2	0.872136
@ Z = 0.0757203
CH2O	1.15279
@ Z = 0.0742402
CH3	0.909096
@ Z = 0.0784599
CH4	0.918171
@ Z = 0.0926993
C2H6	1.32746
@ Z = 0.107566
C2H	1.17678
@ Z = 0.0757203
C2H2	1.19375
@ Z = 0.0810791
CHCO	0.802044
@ Z = 0.0771101
C3H3	1.61804
@ Z = 0.0797839
C2H3	1.20986
@ Z = 0.0900211
C2H4	1.20858
@ Z = 0.105101
C2H5	1.31715
@ Z = 0.0861491
C3H4	1.57973
@ Z = 0.0784599
C3H5	1.62497
@ Z = 0.0771101
C3H6	1.68145
@ Z = 0.120105
N-C3H7	0.998966
@ Z = 0.63046
I-C3H7	1.05306
@ Z = 0.512943
C3H8	1.67076
@ Z = 0.132172
Lewis numbers evaluated at maximum formation
N2	-1
O2	0.995687
@ Z = 0.018295
H	0.165993
@ Z = 0.0742402
OH	0.65567
@ Z = 0.0706596
O	0.638465
@ Z = 0.0624646
H2	0.278099
@ Z = 0.0861491
H2O	0.739297
@ Z = 0.0757203
HO2	0.984901
@ Z = 0.015784
H2O2	0.98639
@ Z = 0.0209332
CO	1.01173
@ Z = 0.0810791
CO2	1.26949
@ Z = 0.0706596
CH	0.607298
@ Z = 0.0810791
CHO	1.14876
@ Z = 0.0797839
CH2	0.877479
@ Z = 0.0836113
CH2O	1.16025
@ Z = 0.0823498
CH3	0.914475
@ Z = 0.0955912
CH4	0.885039
@ Z = 0.136468
C2H6	1.2414
@ Z = 0.15598
C2H	1.18486
@ Z = 0.0861491
C2H2	1.18709
@ Z = 0.113238
CHCO	0.807648
@ Z = 0.0900211
C3H3	1.62505
@ Z = 0.0913438
C2H3	1.20681
@ Z = 0.110266
C2H4	1.15189
@ Z = 0.145592
C2H5	1.31514
@ Z = 0.110266
C3H4	1.58773
@ Z = 0.0900211
C3H5	1.63416
@ Z = 0.0874292
C3H6	1.49438
@ Z = 0.184397
N-C3H7	0.969374
@ Z = 0.720311
I-C3H7	1.00787
@ Z = 0.607627
C3H8	-1
Lewis numbers evaluated at maximum mass fraction
N2	0.921299
@ Z = 4.26234e-06
O2	1.05234
@ Z = 4.26234e-06
H	0.165274
@ Z = 0.0706596
OH	0.64884
@ Z = 0.0589278
O	0.633305
@ Z = 0.0513052
H2	0.267368
@ Z = 0.140919
H2O	0.745608
@ Z = 0.0887186
HO2	0.979614
@ Z = 0.0209332
H2O2	0.98639
@ Z = 0.0209332
CO	1.01552
@ Z = 0.100783
CO2	1.27191
@ Z = 0.0725862
CH	0.607806
@ Z = 0.0823498
CHO	1.1498
@ Z = 0.0810791
CH2	0.878454
@ Z = 0.0861491
CH2O	0.973167
@ Z = 0.21783
CH3	0.914305
@ Z = 0.100783
CH4	0.802049
@ Z = 0.184397
C2H6	1.0987
@ Z = 0.21783
C2H	1.1857
@ Z = 0.0887186
C2H2	1.1116
@ Z = 0.15598
CHCO	0.800597
@ Z = 0.120105
C3H3	1.62555
@ Z = 0.0971797
C2H3	1.20204
@ Z = 0.116517
C2H4	1.02301
@ Z = 0.205053
C2H5	1.30588
@ Z = 0.120105
C3H4	1.58831
@ Z = 0.0971797
C3H5	1.31666
@ Z = 0.232604
C3H6	1.36733
@ Z = 0.232604
N-C3H7	0.963328
@ Z = 0.741795
I-C3H7	0.990697
@ Z = 0.653248
C3H8	0.823995
@ Z = 0.999953
