header

title = "planar counterflow diffusion flame"
author = ""
date = "Thu Jul 11 20:07:57 2013"

fuel = "C3H8"
pressure = 1 [bar]
strainrate = 260 [1/s]
chiStoichAnal = 7.36574 [1/s]
chiStoichAnalKW = 11.3751 [1/s]
FlameLocZ = 0.0847303 [K]
FlameLocBilger = 0.0726681 [K]
Tmax = 1917.25 [K]
stoichScalarDissRate = 11.8012 [1/s]
stoichScalarDissRateBilger = 6.98684 [1/s]

OxidizerSide
begin
	Temperature = 300 [K]
	Massfraction-N2 = 0.76708
	Massfraction-O2 = 0.23292
	Molefraction-N2 = 0.79
	Molefraction-O2 = 0.21
end

FuelSide
begin
	Temperature = 300 [K]
	Massfraction-C3H8 = 1
	Molefraction-C3H8 = 1
end

numOfSpecies = 31
gridPoints = 141

body
eta
	0.000000e+00	1.823559e-01	3.620581e-01	5.360955e-01	7.024863e-01
	8.607212e-01	1.010866e+00	1.153106e+00	1.287723e+00	1.415065e+00
	1.535523e+00	1.649509e+00	1.757436e+00	1.859713e+00	1.956729e+00
	2.048853e+00	2.136428e+00	2.219774e+00	2.299183e+00	2.374926e+00
	2.447251e+00	2.516386e+00	2.582544e+00	2.645921e+00	2.706708e+00
	2.765090e+00	2.821262e+00	2.875442e+00	2.927894e+00	2.978880e+00
	3.028566e+00	3.076928e+00	3.123731e+00	3.168769e+00	3.212202e+00
	3.254514e+00	3.296041e+00	3.336668e+00	3.376066e+00	3.414142e+00
	3.451167e+00	3.487580e+00	3.523753e+00	3.559906e+00	3.596173e+00
	3.632712e+00	3.669713e+00	3.707323e+00	3.745595e+00	3.784503e+00
	3.823966e+00	3.863784e+00	3.903388e+00	3.941691e+00	3.977345e+00
	4.009339e+00	4.037342e+00	4.061588e+00	4.082589e+00	4.100909e+00
	4.117079e+00	4.131547e+00	4.144673e+00	4.156729e+00	4.167908e+00
	4.178354e+00	4.188197e+00	4.197553e+00	4.206485e+00	4.215005e+00
	4.223117e+00	4.230845e+00	4.238217e+00	4.245251e+00	4.251974e+00
	4.258450e+00	4.264759e+00	4.270982e+00	4.277170e+00	4.283350e+00
	4.289530e+00	4.295711e+00	4.301900e+00	4.308101e+00	4.314312e+00
	4.320516e+00	4.326698e+00	4.332856e+00	4.338999e+00	4.345142e+00
	4.351297e+00	4.357491e+00	4.363765e+00	4.370165e+00	4.376705e+00
	4.383361e+00	4.390112e+00	4.396999e+00	4.404150e+00	4.411773e+00
	4.420151e+00	4.429641e+00	4.440664e+00	4.453694e+00	4.469211e+00
	4.487613e+00	4.509029e+00	4.533133e+00	4.559171e+00	4.586259e+00
	4.613751e+00	4.641356e+00	4.669082e+00	4.697153e+00	4.726010e+00
	4.756357e+00	4.789233e+00	4.825950e+00	4.867685e+00	4.915017e+00
	4.968116e+00	5.027422e+00	5.093292e+00	5.165098e+00	5.242205e+00
	5.326117e+00	5.420883e+00	5.531112e+00	5.659230e+00	5.803596e+00
	5.958836e+00	6.119237e+00	6.281842e+00	6.446210e+00	6.613018e+00
	6.783060e+00	6.956744e+00	7.134107e+00	7.314756e+00	7.497295e+00
	7.680054e+00
y [m]
	-2.014926e-03	-1.985202e-03	-1.955861e-03	-1.927380e-03	-1.900068e-03
	-1.873993e-03	-1.849123e-03	-1.825404e-03	-1.802764e-03	-1.781118e-03
	-1.760373e-03	-1.740428e-03	-1.721186e-03	-1.702548e-03	-1.684422e-03
	-1.666722e-03	-1.649366e-03	-1.632281e-03	-1.615401e-03	-1.598668e-03
	-1.582028e-03	-1.565436e-03	-1.548851e-03	-1.532235e-03	-1.515553e-03
	-1.498772e-03	-1.481852e-03	-1.464742e-03	-1.447370e-03	-1.429652e-03
	-1.411530e-03	-1.393009e-03	-1.374188e-03	-1.355178e-03	-1.335946e-03
	-1.316297e-03	-1.296071e-03	-1.275317e-03	-1.254216e-03	-1.232848e-03
	-1.211092e-03	-1.188696e-03	-1.165404e-03	-1.141027e-03	-1.115402e-03
	-1.088330e-03	-1.059559e-03	-1.028838e-03	-9.959598e-04	-9.607788e-04
	-9.231918e-04	-8.832343e-04	-8.413776e-04	-7.988176e-04	-7.573105e-04
	-7.184769e-04	-6.832376e-04	-6.517758e-04	-6.238105e-04	-5.988717e-04
	-5.764431e-04	-5.560446e-04	-5.372701e-04	-5.198028e-04	-5.034169e-04
	-4.879425e-04	-4.732186e-04	-4.590969e-04	-4.454993e-04	-4.324254e-04
	-4.198858e-04	-4.078553e-04	-3.963028e-04	-3.852136e-04	-3.745515e-04
	-3.642274e-04	-3.541151e-04	-3.440938e-04	-3.340799e-04	-3.240322e-04
	-3.139405e-04	-3.038030e-04	-2.936127e-04	-2.833625e-04	-2.730602e-04
	-2.627351e-04	-2.524180e-04	-2.421164e-04	-2.318174e-04	-2.215036e-04
	-2.111561e-04	-2.007389e-04	-1.901869e-04	-1.794298e-04	-1.684509e-04
	-1.572996e-04	-1.460191e-04	-1.345501e-04	-1.226899e-04	-1.101099e-04
	-9.636365e-05	-8.090339e-05	-6.310246e-05	-4.228505e-05	-1.782013e-05
	1.072609e-05	4.329872e-05	7.911228e-05	1.167710e-04	1.547926e-04
	1.921497e-04	2.283881e-04	2.634807e-04	2.976673e-04	3.313970e-04
	3.653277e-04	4.003256e-04	4.372978e-04	4.767110e-04	5.182265e-04
	5.610677e-04	6.046939e-04	6.485449e-04	6.916062e-04	7.332273e-04
	7.740617e-04	8.156933e-04	8.594384e-04	9.054888e-04	9.528503e-04
	9.999705e-04	1.045781e-03	1.090189e-03	1.133683e-03	1.176871e-03
	1.220252e-03	1.264132e-03	1.308657e-03	1.353826e-03	1.399355e-03
	1.444871e-03
f
	-3.450328e+00	-3.302780e+00	-3.157323e+00	-3.016363e+00	-2.881474e+00
	-2.753026e+00	-2.630922e+00	-2.514955e+00	-2.404839e+00	-2.300227e+00
	-2.200732e+00	-2.105953e+00	-2.015484e+00	-1.928928e+00	-1.845906e+00
	-1.766062e+00	-1.689069e+00	-1.614626e+00	-1.542462e+00	-1.472330e+00
	-1.404015e+00	-1.337321e+00	-1.272075e+00	-1.208121e+00	-1.145313e+00
	-1.083511e+00	-1.022562e+00	-9.622824e-01	-9.024247e-01	-8.427251e-01
	-7.830188e-01	-7.233719e-01	-6.641351e-01	-6.056643e-01	-5.478510e-01
	-4.901248e-01	-4.320656e-01	-3.738802e-01	-3.161163e-01	-2.590119e-01
	-2.022502e-01	-1.452161e-01	-8.734822e-02	-2.829847e-02	3.216364e-02
	9.432306e-02	1.585302e-01	2.250776e-01	2.940999e-01	3.655658e-01
	4.393322e-01	5.149851e-01	5.913555e-01	6.661693e-01	7.365405e-01
	8.002023e-01	8.562587e-01	9.050061e-01	9.473590e-01	9.843882e-01
	1.017119e+00	1.046433e+00	1.073045e+00	1.097495e+00	1.120169e+00
	1.141353e+00	1.161309e+00	1.180268e+00	1.198359e+00	1.215604e+00
	1.232010e+00	1.247627e+00	1.262512e+00	1.276700e+00	1.290249e+00
	1.303284e+00	1.315972e+00	1.328470e+00	1.340883e+00	1.353266e+00
	1.365631e+00	1.377981e+00	1.390327e+00	1.402678e+00	1.415028e+00
	1.427344e+00	1.439593e+00	1.451770e+00	1.463896e+00	1.475996e+00
	1.488096e+00	1.500245e+00	1.512522e+00	1.525016e+00	1.537751e+00
	1.550677e+00	1.563751e+00	1.577049e+00	1.590815e+00	1.605437e+00
	1.621448e+00	1.639502e+00	1.660360e+00	1.684854e+00	1.713787e+00
	1.747760e+00	1.786823e+00	1.830174e+00	1.876273e+00	1.923432e+00
	1.970466e+00	2.016861e+00	2.062621e+00	2.108105e+00	2.153984e+00
	2.201283e+00	2.251443e+00	2.306166e+00	2.366775e+00	2.433590e+00
	2.506308e+00	2.584987e+00	2.669580e+00	2.758883e+00	2.851882e+00
	2.950177e+00	3.058102e+00	3.180271e+00	3.318728e+00	3.471385e+00
	3.632736e+00	3.797351e+00	3.962747e+00	4.128916e+00	4.296860e+00
	4.467597e+00	4.641687e+00	4.819271e+00	5.000026e+00	5.182602e+00
	5.365361e+00
df/deta
	8.089298e-01	8.091185e-01	8.094374e-01	8.099372e-01	8.106815e-01
	8.117517e-01	8.132478e-01	8.152856e-01	8.179933e-01	8.215072e-01
	8.259652e-01	8.315017e-01	8.382417e-01	8.462956e-01	8.557560e-01
	8.666949e-01	8.791622e-01	8.931857e-01	9.087719e-01	9.259074e-01
	9.445608e-01	9.646853e-01	9.862214e-01	1.009100e+00	1.033245e+00
	1.058583e+00	1.085045e+00	1.112586e+00	1.141198e+00	1.170897e+00
	1.201662e+00	1.233351e+00	1.265660e+00	1.298261e+00	1.331080e+00
	1.364314e+00	1.398093e+00	1.432186e+00	1.466161e+00	1.499762e+00
	1.533063e+00	1.566314e+00	1.599719e+00	1.633343e+00	1.667160e+00
	1.701148e+00	1.735280e+00	1.769450e+00	1.803422e+00	1.836829e+00
	1.869217e+00	1.899999e+00	1.928336e+00	1.953194e+00	1.973743e+00
	1.989793e+00	2.001799e+00	2.010532e+00	2.016772e+00	2.021160e+00
	2.024183e+00	2.026191e+00	2.027426e+00	2.028058e+00	2.028206e+00
	2.027957e+00	2.027374e+00	2.026502e+00	2.025379e+00	2.024039e+00
	2.022517e+00	2.020843e+00	2.019040e+00	2.017131e+00	2.015133e+00
	2.013048e+00	2.010865e+00	2.008563e+00	2.006128e+00	2.003551e+00
	2.000828e+00	1.997959e+00	1.994941e+00	1.991769e+00	1.988447e+00
	1.984982e+00	1.981386e+00	1.977662e+00	1.973807e+00	1.969815e+00
	1.965677e+00	1.961379e+00	1.956888e+00	1.952170e+00	1.947208e+00
	1.942017e+00	1.936612e+00	1.930958e+00	1.924943e+00	1.918378e+00
	1.910989e+00	1.902413e+00	1.892197e+00	1.879796e+00	1.864618e+00
	1.846113e+00	1.824000e+00	1.798522e+00	1.770488e+00	1.740967e+00
	1.710839e+00	1.680614e+00	1.650464e+00	1.620313e+00	1.589865e+00
	1.558593e+00	1.525728e+00	1.490424e+00	1.452249e+00	1.411610e+00
	1.369466e+00	1.326676e+00	1.284241e+00	1.243673e+00	1.206098e+00
	1.171407e+00	1.138862e+00	1.108318e+00	1.080702e+00	1.057427e+00
	1.039365e+00	1.026272e+00	1.017161e+00	1.010961e+00	1.006811e+00
	1.004085e+00	1.002335e+00	1.001244e+00	1.000586e+00	1.000207e+00
	1.000000e+00
Z
	1.000000e+00	9.999315e-01	9.998116e-01	9.996114e-01	9.992928e-01
	9.988065e-01	9.980922e-01	9.970796e-01	9.956913e-01	9.938447e-01
	9.914564e-01	9.884442e-01	9.847310e-01	9.802463e-01	9.749286e-01
	9.687266e-01	9.615996e-01	9.535179e-01	9.444628e-01	9.344263e-01
	9.234102e-01	9.114256e-01	8.984921e-01	8.846357e-01	8.698882e-01
	8.542828e-01	8.378504e-01	8.206103e-01	8.025583e-01	7.836771e-01
	7.639742e-01	7.435352e-01	7.225560e-01	7.012525e-01	6.796804e-01
	6.577146e-01	6.352733e-01	6.125128e-01	5.897284e-01	5.670979e-01
	5.445771e-01	5.220005e-01	4.992256e-01	4.762003e-01	4.529265e-01
	4.294005e-01	4.056165e-01	3.816058e-01	3.574680e-01	3.333711e-01
	3.095212e-01	2.861969e-01	2.638593e-01	2.431772e-01	2.248154e-01
	2.091144e-01	1.959986e-01	1.851257e-01	1.760746e-01	1.684566e-01
	1.619478e-01	1.562933e-01	1.513001e-01	1.468271e-01	1.427748e-01
	1.390697e-01	1.356493e-01	1.324608e-01	1.294722e-01	1.266711e-01
	1.240485e-01	1.215891e-01	1.192778e-01	1.171040e-01	1.150540e-01
	1.131054e-01	1.112302e-01	1.094038e-01	1.076095e-01	1.058391e-01
	1.040904e-01	1.023626e-01	1.006541e-01	9.896326e-02	9.729109e-02
	9.564176e-02	9.401939e-02	9.242426e-02	9.085345e-02	8.930349e-02
	8.777086e-02	8.624972e-02	8.473028e-02	8.320259e-02	8.166459e-02
	8.012342e-02	7.858503e-02	7.704133e-02	7.546583e-02	7.381709e-02
	7.204105e-02	7.007463e-02	6.785037e-02	6.530241e-02	6.238038e-02
	5.906861e-02	5.541685e-02	5.155618e-02	4.766859e-02	4.391960e-02
	4.040564e-02	3.715473e-02	3.415226e-02	3.136276e-02	2.873931e-02
	2.622702e-02	2.376650e-02	2.130870e-02	1.884561e-02	1.642327e-02
	1.410699e-02	1.193960e-02	9.956100e-03	8.199699e-03	6.684179e-03
	5.373200e-03	4.216115e-03	3.191711e-03	2.315212e-03	1.612222e-03
	1.088580e-03	7.204938e-04	4.696500e-04	3.010487e-04	1.887622e-04
	1.148576e-04	6.703010e-05	3.671182e-05	1.794070e-05	6.635392e-06
	0.000000e+00
temperature [K]
	3.000000e+02	3.000933e+02	3.002566e+02	3.005288e+02	3.009616e+02
	3.016214e+02	3.025892e+02	3.039586e+02	3.058319e+02	3.083155e+02
	3.115149e+02	3.155292e+02	3.204468e+02	3.263414e+02	3.332697e+02
	3.412708e+02	3.503660e+02	3.605602e+02	3.718444e+02	3.841979e+02
	3.975910e+02	4.119880e+02	4.273497e+02	4.436359e+02	4.608083e+02
	4.788344e+02	4.976926e+02	5.173823e+02	5.379366e+02	5.594113e+02
	5.818423e+02	6.051853e+02	6.292764e+02	6.539304e+02	6.791469e+02
	7.051421e+02	7.320947e+02	7.599061e+02	7.882983e+02	8.171203e+02
	8.464971e+02	8.767271e+02	9.081090e+02	9.408483e+02	9.750991e+02
	1.011060e+03	1.048989e+03	1.089107e+03	1.131522e+03	1.176224e+03
	1.223113e+03	1.271884e+03	1.321699e+03	1.370941e+03	1.417545e+03
	1.459849e+03	1.497149e+03	1.529586e+03	1.557756e+03	1.582380e+03
	1.604158e+03	1.623697e+03	1.641492e+03	1.657923e+03	1.673264e+03
	1.687721e+03	1.701482e+03	1.714712e+03	1.727500e+03	1.739857e+03
	1.751772e+03	1.763258e+03	1.774329e+03	1.784979e+03	1.795217e+03
	1.805101e+03	1.814724e+03	1.824167e+03	1.833469e+03	1.842620e+03
	1.851575e+03	1.860275e+03	1.868659e+03	1.876660e+03	1.884193e+03
	1.891159e+03	1.897459e+03	1.903015e+03	1.907760e+03	1.911626e+03
	1.914543e+03	1.916443e+03	1.917252e+03	1.916883e+03	1.915247e+03
	1.912300e+03	1.908053e+03	1.902521e+03	1.895645e+03	1.887240e+03
	1.876971e+03	1.864352e+03	1.848766e+03	1.829489e+03	1.805743e+03
	1.776776e+03	1.742114e+03	1.701898e+03	1.657020e+03	1.608793e+03
	1.558374e+03	1.506477e+03	1.453365e+03	1.398935e+03	1.342705e+03
	1.283753e+03	1.220676e+03	1.151920e+03	1.076833e+03	9.966527e+02
	9.139299e+02	8.311071e+02	7.508757e+02	6.766002e+02	6.103625e+02
	5.516585e+02	4.988835e+02	4.514754e+02	4.104348e+02	3.772129e+02
	3.522928e+02	3.346862e+02	3.226446e+02	3.145308e+02	3.091177e+02
	3.055508e+02	3.032405e+02	3.017752e+02	3.008677e+02	3.003209e+02
	3.000000e+02
massfraction-N2
	1.000000e-60	6.966803e-04	1.630173e-03	2.839484e-03	4.356813e-03
	6.213527e-03	8.438126e-03	1.105292e-02	1.407404e-02	1.751184e-02
	2.137178e-02	2.565533e-02	3.036094e-02	3.548484e-02	4.102183e-02
	4.696576e-02	5.331000e-02	6.004764e-02	6.717171e-02	7.467526e-02
	8.255140e-02	9.079342e-02	9.939484e-02	1.083497e-01	1.176532e-01
	1.273029e-01	1.373009e-01	1.476586e-01	1.584033e-01	1.695715e-01
	1.811874e-01	1.932318e-01	2.056225e-01	2.182656e-01	2.311607e-01
	2.444160e-01	2.581177e-01	2.722089e-01	2.865411e-01	3.010306e-01
	3.157313e-01	3.307810e-01	3.463124e-01	3.624064e-01	3.791317e-01
	3.965081e-01	4.146265e-01	4.335336e-01	4.532183e-01	4.736041e-01
	4.945616e-01	5.158640e-01	5.370603e-01	5.574104e-01	5.760722e-01
	5.924644e-01	6.064429e-01	6.181996e-01	6.280737e-01	6.364177e-01
	6.435451e-01	6.497120e-01	6.551167e-01	6.599063e-01	6.641854e-01
	6.680325e-01	6.715154e-01	6.746918e-01	6.775986e-01	6.802546e-01
	6.826767e-01	6.848885e-01	6.869135e-01	6.887704e-01	6.904800e-01
	6.920688e-01	6.935657e-01	6.949952e-01	6.963741e-01	6.977115e-01
	6.990119e-01	7.002783e-01	7.015141e-01	7.027224e-01	7.039041e-01
	7.050577e-01	7.061814e-01	7.072761e-01	7.083447e-01	7.093900e-01
	7.104151e-01	7.114244e-01	7.124248e-01	7.134234e-01	7.144222e-01
	7.154172e-01	7.164056e-01	7.173936e-01	7.183991e-01	7.194491e-01
	7.205789e-01	7.218295e-01	7.232453e-01	7.248709e-01	7.267421e-01
	7.288730e-01	7.312330e-01	7.337330e-01	7.362447e-01	7.386493e-01
	7.408768e-01	7.429070e-01	7.447513e-01	7.464363e-01	7.479964e-01
	7.494709e-01	7.509012e-01	7.523229e-01	7.537496e-01	7.551644e-01
	7.565383e-01	7.578537e-01	7.590946e-01	7.602351e-01	7.612626e-01
	7.621954e-01	7.630641e-01	7.638806e-01	7.646264e-01	7.652670e-01
	7.657781e-01	7.661624e-01	7.664423e-01	7.666435e-01	7.667873e-01
	7.668892e-01	7.669605e-01	7.670098e-01	7.670431e-01	7.670653e-01
	7.670796e-01
massfraction-O2
	1.000000e-60	2.205820e-06	5.175930e-06	9.041227e-06	1.391135e-05
	1.989327e-05	2.708442e-05	3.556166e-05	4.538081e-05	5.657791e-05
	6.917174e-05	8.316683e-05	9.855665e-05	1.153265e-04	1.334561e-04
	1.529214e-04	1.736961e-04	1.957529e-04	2.190642e-04	2.436020e-04
	2.693392e-04	2.962489e-04	3.243053e-04	3.534847e-04	3.837672e-04
	4.151410e-04	4.476092e-04	4.812056e-04	5.160145e-04	5.521512e-04
	5.896895e-04	6.285638e-04	6.685064e-04	7.092128e-04	7.506808e-04
	7.932576e-04	8.372182e-04	8.823787e-04	9.282632e-04	9.746051e-04
	1.021579e-03	1.069626e-03	1.119172e-03	1.170475e-03	1.223758e-03
	1.279087e-03	1.336758e-03	1.396930e-03	1.459586e-03	1.524510e-03
	1.591330e-03	1.659389e-03	1.727340e-03	1.792945e-03	1.853649e-03
	1.907722e-03	1.954811e-03	1.995623e-03	2.031337e-03	2.063186e-03
	2.092306e-03	2.119698e-03	2.146229e-03	2.172663e-03	2.199673e-03
	2.227901e-03	2.258051e-03	2.290916e-03	2.327256e-03	2.367686e-03
	2.412755e-03	2.463092e-03	2.519334e-03	2.582017e-03	2.651761e-03
	2.729629e-03	2.817314e-03	2.917032e-03	3.031295e-03	3.162739e-03
	3.314094e-03	3.488386e-03	3.689193e-03	3.920665e-03	4.187210e-03
	4.493092e-03	4.842695e-03	5.241372e-03	5.695813e-03	6.213744e-03
	6.803911e-03	7.477173e-03	8.248147e-03	9.134447e-03	1.015139e-02
	1.130751e-02	1.260868e-02	1.407042e-02	1.572957e-02	1.765034e-02
	1.993097e-02	2.270817e-02	2.615867e-02	3.049566e-02	3.594546e-02
	4.269863e-02	5.081142e-02	6.010506e-02	7.017078e-02	8.052149e-02
	9.077602e-02	1.007213e-01	1.102805e-01	1.194649e-01	1.283485e-01
	1.370557e-01	1.457465e-01	1.545590e-01	1.634905e-01	1.723448e-01
	1.808619e-01	1.888726e-01	1.962367e-01	2.027790e-01	2.084327e-01
	2.133219e-01	2.176293e-01	2.214298e-01	2.246642e-01	2.272384e-01
	2.291361e-01	2.304530e-01	2.313372e-01	2.319219e-01	2.323044e-01
	2.325516e-01	2.327086e-01	2.328061e-01	2.328653e-01	2.329003e-01
	2.329204e-01
massfraction-H
	1.000000e-60	6.301077e-18	1.311637e-17	2.037400e-17	2.799393e-17
	3.607856e-17	4.499366e-17	5.542211e-17	6.845527e-17	8.576950e-17
	1.099630e-16	1.451633e-16	1.980954e-16	2.799512e-16	4.096625e-16
	6.196327e-16	9.657451e-16	1.544723e-15	2.523902e-15	4.191522e-15
	7.039997e-15	1.190055e-14	2.015506e-14	3.405989e-14	5.722741e-14
	9.532798e-14	1.571080e-13	2.559058e-13	4.120177e-13	6.562564e-13
	1.034737e-12	1.614205e-12	2.486609e-12	3.777072e-12	5.668868e-12
	8.449819e-12	1.255689e-11	1.859719e-11	2.738428e-11	4.008159e-11
	5.850607e-11	8.559445e-11	1.260849e-10	1.876087e-10	2.827146e-10
	4.327015e-10	6.749624e-10	1.076394e-09	1.759051e-09	2.951236e-09
	5.093168e-09	9.049354e-09	1.648614e-08	3.039919e-08	5.559630e-08
	9.891995e-08	1.693092e-07	2.780802e-07	4.395377e-07	6.715395e-07
	9.959165e-07	1.438530e-06	2.028873e-06	2.798770e-06	3.779709e-06
	5.000932e-06	6.490987e-06	8.278220e-06	1.038207e-05	1.280313e-05
	1.552745e-05	1.853817e-05	2.181438e-05	2.532694e-05	2.905155e-05
	3.298633e-05	3.715433e-05	4.158972e-05	4.632130e-05	5.136364e-05
	5.671658e-05	6.237324e-05	6.832621e-05	7.456401e-05	8.106024e-05
	8.776630e-05	9.462239e-05	1.015742e-04	1.085726e-04	1.155625e-04
	1.224807e-04	1.292656e-04	1.358640e-04	1.422114e-04	1.481998e-04
	1.536881e-04	1.585584e-04	1.627561e-04	1.662695e-04	1.690742e-04
	1.710823e-04	1.720935e-04	1.717585e-04	1.695671e-04	1.648983e-04
	1.571846e-04	1.462253e-04	1.324983e-04	1.171282e-04	1.014232e-04
	8.637650e-05	7.252334e-05	6.005338e-05	4.896157e-05	3.914540e-05
	3.046659e-05	2.280324e-05	1.612214e-05	1.054028e-05	6.245228e-06
	3.292482e-06	1.512832e-06	5.967057e-07	2.030963e-07	6.071826e-08
	1.627546e-08	4.157983e-09	1.149488e-09	3.677636e-10	1.308528e-10
	5.016239e-11	2.051695e-11	8.810095e-12	3.878616e-12	1.705616e-12
	7.288576e-13	2.928527e-13	1.051064e-13	3.032484e-14	5.154263e-15
	1.000000e-60
massfraction-OH
	1.000000e-60	6.567612e-22	3.568536e-21	1.082028e-20	2.569368e-20
	5.338016e-20	1.022430e-19	1.860437e-19	3.280613e-19	5.687118e-19
	9.797249e-19	1.690663e-18	2.938771e-18	5.162842e-18	9.179700e-18
	1.651408e-17	3.000937e-17	5.494364e-17	1.010364e-16	1.859921e-16
	3.416354e-16	6.243288e-16	1.132329e-15	2.034246e-15	3.615141e-15
	6.350907e-15	1.102901e-14	1.894950e-14	3.227251e-14	5.461397e-14
	9.201981e-14	1.544427e-13	2.578121e-13	4.275084e-13	7.061336e-13
	1.169514e-12	1.952397e-12	3.283671e-12	5.541021e-12	9.361140e-12
	1.587008e-11	2.712818e-11	4.695562e-11	8.248134e-11	1.472278e-10
	2.675207e-10	4.961499e-10	9.410964e-10	1.826568e-09	3.624539e-09
	7.342187e-09	1.513061e-08	3.141852e-08	6.451505e-08	1.279177e-07
	2.404152e-07	4.254214e-07	7.112709e-07	1.133516e-06	1.738701e-06
	2.589423e-06	3.769745e-06	5.390492e-06	7.592991e-06	1.054912e-05
	1.446223e-05	1.957813e-05	2.619442e-05	3.463329e-05	4.519012e-05
	5.812229e-05	7.367768e-05	9.207439e-05	1.134571e-04	1.379574e-04
	1.658278e-04	1.975159e-04	2.336162e-04	2.747600e-04	3.215264e-04
	3.744097e-04	4.338790e-04	5.004492e-04	5.746671e-04	6.569926e-04
	7.476781e-04	8.468648e-04	9.548048e-04	1.071885e-03	1.198454e-03
	1.334714e-03	1.480859e-03	1.637207e-03	1.803763e-03	1.979089e-03
	2.159850e-03	2.342033e-03	2.522780e-03	2.700953e-03	2.876168e-03
	3.047423e-03	3.211236e-03	3.359744e-03	3.479411e-03	3.551017e-03
	3.552416e-03	3.464901e-03	3.282701e-03	3.019009e-03	2.701306e-03
	2.359300e-03	2.016492e-03	1.688421e-03	1.384222e-03	1.108480e-03
	8.629137e-04	6.480411e-04	4.651958e-04	3.174503e-04	2.064522e-04
	1.285675e-04	7.664556e-05	4.412208e-05	2.540862e-05	1.522186e-05
	9.566323e-06	6.196507e-06	4.056216e-06	2.660044e-06	1.751650e-06
	1.166467e-06	7.883219e-07	5.386038e-07	3.688349e-07	2.504810e-07
	1.666525e-07	1.069504e-07	6.454175e-08	3.469424e-08	1.403652e-08
	1.000000e-60
massfraction-O
	1.000000e-60	4.098632e-23	1.837717e-22	4.727377e-22	9.461551e-22
	1.641190e-21	2.605962e-21	3.918817e-21	5.717157e-21	8.239960e-21
	1.189595e-20	1.737980e-20	2.587566e-20	3.941678e-20	6.152011e-20
	9.830049e-20	1.604100e-19	2.663722e-19	4.482258e-19	7.609016e-19
	1.297460e-18	2.213255e-18	3.763239e-18	6.358082e-18	1.064664e-17
	1.763577e-17	2.886555e-17	4.667600e-17	7.463796e-17	1.182337e-16
	1.858538e-16	2.901197e-16	4.495302e-16	6.915543e-16	1.060564e-15
	1.633956e-15	2.546809e-15	4.026663e-15	6.454710e-15	1.049817e-14
	1.739474e-14	2.953367e-14	5.163238e-14	9.316893e-14	1.736696e-13
	3.347066e-13	6.680685e-13	1.382558e-12	2.965975e-12	6.588473e-12
	1.513593e-11	3.585450e-11	8.667551e-11	2.090943e-10	4.882682e-10
	1.075582e-09	2.208163e-09	4.228439e-09	7.611658e-09	1.300156e-08
	2.125591e-08	3.350014e-08	5.118964e-08	7.617120e-08	1.107259e-07
	1.576607e-07	2.205883e-07	3.042924e-07	4.147551e-07	5.589330e-07
	7.450556e-07	9.835361e-07	1.287274e-06	1.671466e-06	2.155115e-06
	2.764883e-06	3.539798e-06	4.535166e-06	5.825868e-06	7.510412e-06
	9.717037e-06	1.261510e-05	1.643191e-05	2.147096e-05	2.812538e-05
	3.688391e-05	4.834758e-05	6.326714e-05	8.257270e-05	1.073674e-04
	1.389037e-04	1.785947e-04	2.280570e-04	2.889788e-04	3.625631e-04
	4.489146e-04	5.471747e-04	6.564869e-04	7.768640e-04	9.092660e-04
	1.055232e-03	1.215896e-03	1.390532e-03	1.574924e-03	1.759556e-03
	1.928555e-03	2.060404e-03	2.133532e-03	2.135692e-03	2.069153e-03
	1.946866e-03	1.784960e-03	1.597910e-03	1.397010e-03	1.190349e-03
	9.834821e-04	7.807637e-04	5.879651e-04	4.151515e-04	2.744399e-04
	1.719711e-04	1.043051e-04	6.302080e-05	3.926945e-05	2.579058e-05
	1.778337e-05	1.262954e-05	9.065795e-06	6.503956e-06	4.648452e-06
	3.316816e-06	2.367162e-06	1.685566e-06	1.190198e-06	8.265765e-07
	5.588802e-07	3.627905e-07	2.207026e-07	1.193161e-07	4.847536e-08
	1.000000e-60
massfraction-H2
	1.000000e-60	2.454238e-05	5.090304e-05	7.861073e-05	1.072214e-04
	1.364657e-04	1.661613e-04	1.961535e-04	2.263177e-04	2.565599e-04
	2.868140e-04	3.170380e-04	3.472105e-04	3.773258e-04	4.073904e-04
	4.374195e-04	4.674345e-04	4.974600e-04	5.275227e-04	5.576498e-04
	5.878682e-04	6.182043e-04	6.486836e-04	6.793317e-04	7.101761e-04
	7.412497e-04	7.725971e-04	8.042877e-04	8.364324e-04	8.691629e-04
	9.025670e-04	9.366086e-04	9.710834e-04	1.005768e-03	1.040704e-03
	1.076218e-03	1.112568e-03	1.149630e-03	1.187052e-03	1.224656e-03
	1.262626e-03	1.301354e-03	1.341222e-03	1.382479e-03	1.425373e-03
	1.469967e-03	1.516595e-03	1.565470e-03	1.616680e-03	1.670167e-03
	1.725753e-03	1.783011e-03	1.840888e-03	1.897437e-03	1.950228e-03
	1.997341e-03	2.037965e-03	2.072248e-03	2.100825e-03	2.124439e-03
	2.143767e-03	2.159340e-03	2.171525e-03	2.180531e-03	2.186449e-03
	2.189307e-03	2.189101e-03	2.185789e-03	2.179326e-03	2.169740e-03
	2.157162e-03	2.141766e-03	2.123765e-03	2.103424e-03	2.080989e-03
	2.056565e-03	2.030084e-03	2.001385e-03	1.970325e-03	1.936848e-03
	1.900989e-03	1.862820e-03	1.822404e-03	1.779802e-03	1.735147e-03
	1.688678e-03	1.640664e-03	1.591284e-03	1.540622e-03	1.488741e-03
	1.435709e-03	1.381520e-03	1.326035e-03	1.269124e-03	1.210995e-03
	1.152273e-03	1.093597e-03	1.035105e-03	9.762793e-04	9.161570e-04
	8.535669e-04	7.874487e-04	7.172132e-04	6.430554e-04	5.662486e-04
	4.891327e-04	4.149128e-04	3.469806e-04	2.879020e-04	2.387092e-04
	1.989603e-04	1.674152e-04	1.426359e-04	1.232813e-04	1.081857e-04
	9.636878e-05	8.702793e-05	7.953249e-05	7.339528e-05	6.819732e-05
	6.355637e-05	5.917215e-05	5.489564e-05	5.072981e-05	4.670182e-05
	4.274343e-05	3.871420e-05	3.451797e-05	3.019143e-05	2.590405e-05
	2.187174e-05	1.823444e-05	1.501557e-05	1.217675e-05	9.668827e-06
	7.452455e-06	5.500987e-06	3.794692e-06	2.317519e-06	1.057833e-06
	1.000000e-60
massfraction-H2O
	1.000000e-60	1.188007e-04	2.780683e-04	4.844554e-04	7.434098e-04
	1.060171e-03	1.439396e-03	1.884568e-03	2.397964e-03	2.980715e-03
	3.632933e-03	4.353857e-03	5.142029e-03	5.995442e-03	6.911690e-03
	7.888088e-03	8.921778e-03	1.000982e-02	1.114925e-02	1.233715e-02
	1.357070e-02	1.484720e-02	1.616414e-02	1.751923e-02	1.891051e-02
	2.033654e-02	2.179667e-02	2.329174e-02	2.482484e-02	2.640035e-02
	2.802083e-02	2.968287e-02	3.137479e-02	3.308386e-02	3.481038e-02
	3.656906e-02	3.837129e-02	4.020958e-02	4.206498e-02	4.392743e-02
	4.580471e-02	4.771503e-02	4.967564e-02	5.169706e-02	5.378859e-02
	5.595253e-02	5.820126e-02	6.054151e-02	6.297324e-02	6.548884e-02
	6.807474e-02	7.070581e-02	7.332951e-02	7.585696e-02	7.818481e-02
	8.023971e-02	8.200103e-02	8.348974e-02	8.474564e-02	8.581096e-02
	8.672370e-02	8.751506e-02	8.820928e-02	8.882426e-02	8.937259e-02
	8.986357e-02	9.030519e-02	9.070412e-02	9.106437e-02	9.138768e-02
	9.167574e-02	9.193116e-02	9.215658e-02	9.235424e-02	9.252666e-02
	9.267684e-02	9.280774e-02	9.292142e-02	9.301890e-02	9.310032e-02
	9.316537e-02	9.321363e-02	9.324461e-02	9.325769e-02	9.325210e-02
	9.322707e-02	9.318184e-02	9.311556e-02	9.302705e-02	9.291472e-02
	9.277665e-02	9.261026e-02	9.241188e-02	9.217690e-02	9.190124e-02
	9.158274e-02	9.122010e-02	9.080933e-02	9.034034e-02	8.979499e-02
	8.914522e-02	8.835154e-02	8.736258e-02	8.611598e-02	8.454529e-02
	8.259403e-02	8.024260e-02	7.753339e-02	7.456663e-02	7.146045e-02
	6.830491e-02	6.514778e-02	6.200264e-02	5.885994e-02	5.569021e-02
	5.244293e-02	4.904661e-02	4.542720e-02	4.156022e-02	3.751105e-02
	3.339637e-02	2.931262e-02	2.535648e-02	2.165660e-02	1.829251e-02
	1.523031e-02	1.238598e-02	9.732266e-03	7.336424e-03	5.309504e-03
	3.720973e-03	2.550848e-03	1.718700e-03	1.136952e-03	7.348502e-04
	4.604981e-04	2.765161e-04	1.556429e-04	7.804313e-05	2.955022e-05
	1.000000e-60
massfraction-HO2
	1.000000e-60	2.862602e-09	6.726379e-09	1.176678e-08	1.813293e-08
	2.597207e-08	3.542085e-08	4.659106e-08	5.956912e-08	7.441760e-08
	9.117829e-08	1.098758e-07	1.305213e-07	1.531155e-07	1.776514e-07
	2.041161e-07	2.324921e-07	2.627580e-07	2.948892e-07	3.288572e-07
	3.646301e-07	4.021723e-07	4.414440e-07	4.824024e-07	5.250026e-07
	5.692030e-07	6.149734e-07	6.623149e-07	7.112853e-07	7.619658e-07
	8.143538e-07	8.682198e-07	9.230234e-07	9.781506e-07	1.033371e-06
	1.088865e-06	1.144624e-06	1.199979e-06	1.253892e-06	1.305620e-06
	1.354928e-06	1.401793e-06	1.446032e-06	1.487151e-06	1.524477e-06
	1.556906e-06	1.583322e-06	1.602201e-06	1.611771e-06	1.610266e-06
	1.596330e-06	1.569704e-06	1.532495e-06	1.490517e-06	1.452514e-06
	1.426312e-06	1.415333e-06	1.418480e-06	1.432118e-06	1.451928e-06
	1.473907e-06	1.494725e-06	1.511740e-06	1.522939e-06	1.526915e-06
	1.522916e-06	1.510809e-06	1.490968e-06	1.464293e-06	1.432269e-06
	1.396746e-06	1.359571e-06	1.322463e-06	1.286969e-06	1.254293e-06
	1.225218e-06	1.200274e-06	1.180004e-06	1.165098e-06	1.156388e-06
	1.154763e-06	1.161110e-06	1.176322e-06	1.201326e-06	1.237050e-06
	1.284319e-06	1.343865e-06	1.416476e-06	1.503116e-06	1.604879e-06
	1.722989e-06	1.859010e-06	2.015190e-06	2.194298e-06	2.398580e-06
	2.628957e-06	2.886015e-06	3.172543e-06	3.495797e-06	3.868691e-06
	4.311205e-06	4.851591e-06	5.527069e-06	6.383273e-06	7.469192e-06
	8.827417e-06	1.047737e-05	1.240124e-05	1.454858e-05	1.686257e-05
	1.930959e-05	2.188756e-05	2.461930e-05	2.754508e-05	3.072392e-05
	3.424032e-05	3.820235e-05	4.268094e-05	4.749993e-05	5.188419e-05
	5.424202e-05	5.244493e-05	4.504308e-05	3.341455e-05	2.152204e-05
	1.236482e-05	6.539919e-06	3.315232e-06	1.683348e-06	8.840504e-07
	4.876968e-07	2.825614e-07	1.698003e-07	1.039948e-07	6.375697e-08
	3.844792e-08	2.237937e-08	1.224184e-08	5.966027e-09	2.195402e-09
	1.000000e-60
massfraction-H2O2
	1.000000e-60	1.312696e-10	3.087801e-10	5.404534e-10	8.325419e-10
	1.190496e-09	1.618301e-09	2.117581e-09	2.687401e-09	3.324276e-09
	4.022363e-09	4.773793e-09	5.569117e-09	6.397796e-09	7.248700e-09
	8.110575e-09	8.972433e-09	9.823868e-09	1.065527e-08	1.145795e-08
	1.222420e-08	1.294730e-08	1.362144e-08	1.424171e-08	1.480399e-08
	1.530489e-08	1.574167e-08	1.611213e-08	1.641439e-08	1.664620e-08
	1.680440e-08	1.688527e-08	1.688607e-08	1.680640e-08	1.664678e-08
	1.640540e-08	1.607856e-08	1.566538e-08	1.516969e-08	1.459570e-08
	1.394275e-08	1.320487e-08	1.237429e-08	1.144497e-08	1.041420e-08
	9.280334e-09	8.049781e-09	6.743391e-09	5.407824e-09	4.121410e-09
	2.985162e-09	2.093062e-09	1.485764e-09	1.122775e-09	9.176671e-10
	7.983761e-10	7.254975e-10	6.799778e-10	6.517951e-10	6.351948e-10
	6.270168e-10	6.261332e-10	6.333541e-10	6.516579e-10	6.866672e-10
	7.473504e-10	8.471352e-10	1.005434e-09	1.248546e-09	1.609025e-09
	2.124939e-09	2.840410e-09	3.804382e-09	5.067143e-09	6.682153e-09
	8.715991e-09	1.125946e-08	1.443167e-08	1.837705e-08	2.326096e-08
	2.926857e-08	3.661494e-08	4.556217e-08	5.643118e-08	6.959971e-08
	8.549379e-08	1.046126e-07	1.275918e-07	1.552530e-07	1.886175e-07
	2.289344e-07	2.777878e-07	3.372739e-07	4.100182e-07	4.987542e-07
	6.057833e-07	7.331314e-07	8.836949e-07	1.062691e-06	1.278740e-06
	1.545050e-06	1.880381e-06	2.309714e-06	2.864858e-06	3.584338e-06
	4.513709e-06	5.703299e-06	7.203963e-06	9.065106e-06	1.133774e-05
	1.407572e-05	1.730658e-05	2.095495e-05	2.475395e-05	2.824088e-05
	3.087974e-05	3.223331e-05	3.209352e-05	3.057558e-05	2.810732e-05
	2.518017e-05	2.210126e-05	1.902272e-05	1.607359e-05	1.336459e-05
	1.091990e-05	8.700235e-06	6.689174e-06	4.927696e-06	3.479605e-06
	2.375090e-06	1.583027e-06	1.035195e-06	6.634559e-07	4.147346e-07
	2.509912e-07	1.454112e-07	7.895832e-08	3.823070e-08	1.401065e-08
	1.000000e-60
massfraction-CO
	1.000000e-60	5.804683e-05	1.359747e-04	2.371066e-04	3.641986e-04
	5.199331e-04	7.067452e-04	9.265396e-04	1.180686e-03	1.470056e-03
	1.795091e-03	2.155882e-03	2.552252e-03	2.983828e-03	3.450108e-03
	3.950505e-03	4.484387e-03	5.051100e-03	5.649982e-03	6.280379e-03
	6.941642e-03	7.633141e-03	8.354270e-03	9.104471e-03	9.883284e-03
	1.069045e-02	1.152610e-02	1.239113e-02	1.328778e-02	1.421903e-02
	1.518685e-02	1.618958e-02	1.722035e-02	1.827130e-02	1.934241e-02
	2.044263e-02	2.157911e-02	2.274709e-02	2.393426e-02	2.513371e-02
	2.634993e-02	2.759433e-02	2.887790e-02	3.020733e-02	3.158833e-02
	3.302252e-02	3.451749e-02	3.607716e-02	3.770072e-02	3.938204e-02
	4.111068e-02	4.286818e-02	4.461762e-02	4.629816e-02	4.784031e-02
	4.919587e-02	5.035258e-02	5.132595e-02	5.214370e-02	5.283474e-02
	5.342481e-02	5.393492e-02	5.438135e-02	5.477609e-02	5.512758e-02
	5.544207e-02	5.572487e-02	5.598033e-02	5.621098e-02	5.641779e-02
	5.660150e-02	5.676332e-02	5.690430e-02	5.702507e-02	5.712634e-02
	5.720889e-02	5.727311e-02	5.731837e-02	5.734277e-02	5.734328e-02
	5.731598e-02	5.725623e-02	5.715845e-02	5.701611e-02	5.682181e-02
	5.656791e-02	5.624657e-02	5.584913e-02	5.536570e-02	5.478554e-02
	5.409737e-02	5.328860e-02	5.234376e-02	5.124631e-02	4.998657e-02
	4.856846e-02	4.700445e-02	4.530036e-02	4.344391e-02	4.140438e-02
	3.913644e-02	3.659111e-02	3.373290e-02	3.055939e-02	2.712382e-02
	2.354619e-02	2.001259e-02	1.673797e-02	1.389319e-02	1.154791e-02
	9.673765e-03	8.192408e-03	7.017078e-03	6.071723e-03	5.294820e-03
	4.637974e-03	4.063715e-03	3.545405e-03	3.069254e-03	2.632544e-03
	2.235869e-03	1.877340e-03	1.556262e-03	1.275570e-03	1.035255e-03
	8.285167e-04	6.469241e-04	4.869568e-04	3.508643e-04	2.424395e-04
	1.622971e-04	1.064452e-04	6.873631e-05	4.364015e-05	2.709907e-05
	1.632964e-05	9.438590e-06	5.121320e-06	2.480664e-06	9.100749e-07
	1.000000e-60
massfraction-CO2
	1.000000e-60	4.010001e-05	9.967836e-05	1.848353e-04	3.020237e-04
	4.583063e-04	6.610849e-04	9.176115e-04	1.234715e-03	1.618589e-03
	2.074652e-03	2.607474e-03	3.220764e-03	3.917397e-03	4.699470e-03
	5.568377e-03	6.524889e-03	7.569240e-03	8.701196e-03	9.920138e-03
	1.122512e-02	1.261496e-02	1.408826e-02	1.564357e-02	1.727947e-02
	1.899487e-02	2.078946e-02	2.266460e-02	2.462454e-02	2.667539e-02
	2.882102e-02	3.105725e-02	3.336803e-02	3.573479e-02	3.815635e-02
	4.065205e-02	4.323729e-02	4.590041e-02	4.861234e-02	5.135614e-02
	5.414093e-02	5.699179e-02	5.993274e-02	6.297786e-02	6.613839e-02
	6.941695e-02	7.282833e-02	7.637884e-02	8.006343e-02	8.386447e-02
	8.775419e-02	9.168672e-02	9.557561e-02	9.928367e-02	1.026592e-01
	1.056020e-01	1.080932e-01	1.101741e-01	1.119106e-01	1.133696e-01
	1.146093e-01	1.156769e-01	1.166088e-01	1.174316e-01	1.181646e-01
	1.188221e-01	1.194166e-01	1.199585e-01	1.204547e-01	1.209089e-01
	1.213244e-01	1.217055e-01	1.220566e-01	1.223808e-01	1.226819e-01
	1.229644e-01	1.232334e-01	1.234933e-01	1.237472e-01	1.239966e-01
	1.242425e-01	1.244852e-01	1.247252e-01	1.249625e-01	1.251969e-01
	1.254269e-01	1.256511e-01	1.258680e-01	1.260757e-01	1.262722e-01
	1.264541e-01	1.266176e-01	1.267577e-01	1.268673e-01	1.269365e-01
	1.269533e-01	1.269053e-01	1.267788e-01	1.265549e-01	1.262032e-01
	1.256738e-01	1.248875e-01	1.237257e-01	1.220215e-01	1.195654e-01
	1.161380e-01	1.115942e-01	1.059739e-01	9.954082e-02	9.268185e-02
	8.574350e-02	7.895086e-02	7.241384e-02	6.616134e-02	6.016492e-02
	5.435415e-02	4.863293e-02	4.292192e-02	3.723583e-02	3.171194e-02
	2.652074e-02	2.176755e-02	1.752929e-02	1.388865e-02	1.085434e-02
	8.330440e-03	6.200855e-03	4.412714e-03	2.976102e-03	1.906001e-03
	1.173371e-03	7.040903e-04	4.146376e-04	2.395414e-04	1.351340e-04
	7.391916e-05	3.880582e-05	1.917192e-05	8.498164e-06	2.876258e-06
	1.000000e-60
massfraction-CH
	1.000000e-60	1.000000e-60	1.000000e-60	1.000000e-60	1.000000e-60
	1.000000e-60	1.068054e-32	3.215857e-32	2.905888e-31	5.081237e-30
	1.060531e-28	1.000000e-60	1.391971e-27	1.077928e-27	1.000000e-60
	2.474364e-27	1.000000e-60	2.876477e-28	1.000000e-60	1.130839e-28
	5.842330e-28	2.199031e-27	9.901866e-27	2.707000e-26	1.072565e-25
	3.571764e-25	1.266473e-24	4.193740e-24	1.350175e-23	4.217875e-23
	1.280373e-22	3.768851e-22	1.070388e-21	2.922360e-21	7.705983e-21
	1.986066e-20	5.047321e-20	1.263527e-19	3.098369e-19	7.439318e-19
	1.762442e-18	4.167346e-18	9.936121e-18	2.405702e-17	5.947307e-17
	1.510496e-16	3.969845e-16	1.086556e-15	3.111399e-15	9.354449e-15
	2.963762e-14	9.910454e-14	3.467365e-13	1.235987e-12	4.309230e-12
	1.414395e-11	4.277313e-11	1.187224e-10	3.044142e-10	7.276717e-10
	1.635415e-09	3.479219e-09	7.042185e-09	1.360882e-08	2.515837e-08
	4.456541e-08	7.585038e-08	1.244532e-07	1.971852e-07	3.016448e-07
	4.456640e-07	6.372080e-07	8.838561e-07	1.191874e-06	1.566774e-06
	2.015457e-06	2.547849e-06	3.176386e-06	3.913854e-06	4.771003e-06
	5.754745e-06	6.867816e-06	8.108438e-06	9.467945e-06	1.092619e-05
	1.244742e-05	1.398115e-05	1.546571e-05	1.682854e-05	1.798550e-05
	1.884483e-05	1.931543e-05	1.931437e-05	1.877549e-05	1.767219e-05
	1.604916e-05	1.402498e-05	1.175306e-05	9.381849e-06	7.047644e-06
	4.884880e-06	3.035275e-06	1.627796e-06	7.213259e-07	2.543531e-07
	7.059117e-08	1.610752e-08	3.379867e-09	7.519595e-10	1.929684e-10
	5.661338e-11	1.812792e-11	6.091071e-12	2.089040e-12	7.140057e-13
	2.366799e-13	7.347874e-14	2.048896e-14	4.939972e-15	1.006710e-15
	1.711627e-16	2.382876e-17	2.697389e-18	2.560904e-19	2.110155e-20
	1.502664e-21	9.314375e-23	5.524922e-24	3.483370e-25	2.500767e-26
	2.241697e-27	2.648504e-28	4.016280e-29	7.311262e-30	1.433191e-30
	8.489651e-31	6.873626e-31	1.000000e-60	6.013254e-33	1.000000e-60
	1.000000e-60
massfraction-CHO
	1.000000e-60	8.980824e-19	2.213207e-18	4.002855e-18	6.299332e-18
	9.174140e-18	1.281720e-17	1.764250e-17	2.445421e-17	3.473725e-17
	5.120702e-17	7.887180e-17	1.270856e-16	2.134924e-16	3.715395e-16
	6.646289e-16	1.212357e-15	2.238221e-15	4.154280e-15	7.707087e-15
	1.422074e-14	2.598547e-14	4.684937e-14	8.306722e-14	1.444298e-13
	2.456249e-13	4.076594e-13	6.590477e-13	1.036351e-12	1.582834e-12
	2.342802e-12	3.349341e-12	4.607897e-12	6.091640e-12	7.761630e-12
	9.591073e-12	1.156993e-11	1.370537e-11	1.603782e-11	1.866090e-11
	2.173156e-11	2.547733e-11	3.021271e-11	3.637489e-11	4.460192e-11
	5.586376e-11	7.170393e-11	9.461748e-11	1.287287e-10	1.810440e-10
	2.638684e-10	3.991186e-10	6.246463e-10	1.000422e-09	1.609855e-09
	2.555125e-09	3.953111e-09	5.939441e-09	8.679261e-09	1.237658e-08
	1.728193e-08	2.369638e-08	3.197258e-08	4.250824e-08	5.572697e-08
	7.207258e-08	9.204851e-08	1.162411e-07	1.452161e-07	1.793770e-07
	2.189918e-07	2.643212e-07	3.155741e-07	3.728097e-07	4.361179e-07
	5.059410e-07	5.832008e-07	6.691288e-07	7.649800e-07	8.718198e-07
	9.904322e-07	1.121403e-06	1.265176e-06	1.421867e-06	1.590813e-06
	1.770120e-06	1.956659e-06	2.146281e-06	2.333581e-06	2.511376e-06
	2.670538e-06	2.800329e-06	2.888700e-06	2.922439e-06	2.888849e-06
	2.780115e-06	2.596883e-06	2.347051e-06	2.042022e-06	1.695436e-06
	1.325036e-06	9.565743e-07	6.248674e-07	3.653114e-07	1.961326e-07
	1.060723e-07	6.506530e-08	4.635337e-08	3.603987e-08	2.910808e-08
	2.397422e-08	2.001782e-08	1.688130e-08	1.430909e-08	1.210185e-08
	1.009538e-08	8.151170e-09	6.174777e-09	4.189396e-09	2.410461e-09
	1.125663e-09	4.171616e-10	1.229456e-10	2.970385e-11	6.102674e-12
	1.090461e-12	1.779951e-13	2.980273e-14	5.496207e-15	1.098032e-15
	2.381281e-16	5.687366e-17	1.478994e-17	4.060084e-18	1.134758e-18
	3.115164e-19	8.086714e-20	1.881783e-20	3.528539e-21	3.840352e-22
	1.000000e-60
massfraction-CH2
	1.000000e-60	4.079286e-22	8.427076e-22	1.304154e-21	1.796458e-21
	2.342103e-21	2.990805e-21	3.831552e-21	5.017136e-21	6.815151e-21
	9.714602e-21	1.465088e-20	2.349087e-20	4.010548e-20	7.279522e-20
	1.398778e-19	2.827216e-19	5.963387e-19	1.301155e-18	2.910155e-18
	6.612735e-18	1.513862e-17	3.465284e-17	7.878961e-17	1.769619e-16
	3.909305e-16	8.469053e-16	1.796641e-15	3.733362e-15	7.608527e-15
	1.521949e-14	2.984739e-14	5.719428e-14	1.068187e-13	1.949881e-13
	3.504334e-13	6.233786e-13	1.096668e-12	1.900966e-12	3.245400e-12
	5.482083e-12	9.225391e-12	1.555959e-11	2.640654e-11	4.522981e-11
	7.844491e-11	1.383089e-10	2.487303e-10	4.572341e-10	8.603928e-10
	1.659663e-09	3.282242e-09	6.618265e-09	1.340075e-08	2.664219e-08
	5.096711e-08	9.282879e-08	1.608243e-07	2.662247e-07	4.234981e-07
	6.507302e-07	9.697517e-07	1.405840e-06	1.986572e-06	2.739366e-06
	3.689293e-06	4.859439e-06	6.270410e-06	7.932486e-06	9.836946e-06
	1.195945e-05	1.426985e-05	1.673214e-05	1.930266e-05	2.194101e-05
	2.462221e-05	2.733553e-05	3.007175e-05	3.281079e-05	3.551687e-05
	3.814006e-05	4.062233e-05	4.290076e-05	4.490571e-05	4.655852e-05
	4.777460e-05	4.847274e-05	4.858075e-05	4.803575e-05	4.678761e-05
	4.480754e-05	4.209422e-05	3.867562e-05	3.462298e-05	3.008652e-05
	2.530810e-05	2.056521e-05	1.608797e-05	1.202794e-05	8.484527e-06
	5.535299e-06	3.248206e-06	1.656102e-06	7.071679e-07	2.463893e-07
	7.041074e-08	1.754567e-08	4.309014e-09	1.193053e-09	3.959607e-10
	1.533999e-10	6.582727e-11	3.007088e-11	1.425642e-11	6.884283e-12
	3.326810e-12	1.578005e-12	7.202225e-13	3.119889e-13	1.279519e-13
	4.985609e-14	1.846412e-14	6.534571e-15	2.252974e-15	7.645855e-16
	2.490541e-16	7.405741e-17	1.947472e-17	4.667490e-18	1.122402e-18
	3.030620e-19	9.787183e-20	3.772909e-20	1.674003e-20	8.175105e-21
	4.207439e-21	2.184791e-21	1.083279e-21	4.634726e-22	1.254595e-22
	1.000000e-60
massfraction-CH2O
	1.000000e-60	1.025844e-07	2.565730e-07	4.788361e-07	7.875216e-07
	1.202702e-06	1.745634e-06	2.437379e-06	3.297973e-06	4.345721e-06
	5.596700e-06	7.064445e-06	8.759812e-06	1.069098e-05	1.286354e-05
	1.528073e-05	1.794360e-05	2.085129e-05	2.400132e-05	2.738983e-05
	3.101184e-05	3.486155e-05	3.893256e-05	4.321824e-05	4.771220e-05
	5.240903e-05	5.730554e-05	6.240324e-05	6.771156e-05	7.324489e-05
	7.901153e-05	8.499830e-05	9.116076e-05	9.744865e-05	1.038585e-04
	1.104412e-04	1.172364e-04	1.242130e-04	1.312946e-04	1.384378e-04
	1.456668e-04	1.530470e-04	1.606403e-04	1.684822e-04	1.766005e-04
	1.849994e-04	1.937137e-04	2.027546e-04	2.121006e-04	2.216931e-04
	2.314397e-04	2.411888e-04	2.506699e-04	2.594715e-04	2.671478e-04
	2.734025e-04	2.781692e-04	2.815528e-04	2.837313e-04	2.848899e-04
	2.851929e-04	2.847750e-04	2.837434e-04	2.821864e-04	2.801839e-04
	2.778130e-04	2.751448e-04	2.722441e-04	2.691842e-04	2.660542e-04
	2.629428e-04	2.599219e-04	2.570502e-04	2.543769e-04	2.519322e-04
	2.497225e-04	2.477386e-04	2.459691e-04	2.444045e-04	2.430319e-04
	2.418254e-04	2.407357e-04	2.396828e-04	2.385494e-04	2.371769e-04
	2.353638e-04	2.328677e-04	2.294085e-04	2.246747e-04	2.183426e-04
	2.101052e-04	1.996956e-04	1.869036e-04	1.716426e-04	1.541091e-04
	1.348972e-04	1.148662e-04	9.484716e-05	7.548193e-05	5.729177e-05
	4.080505e-05	2.665771e-05	1.552310e-05	7.810574e-06	3.316385e-06
	1.188432e-06	3.750300e-07	1.135535e-07	3.631745e-08	1.302406e-08
	5.284332e-09	2.381466e-09	1.165717e-09	6.086902e-10	3.342895e-10
	1.908093e-10	1.120514e-10	6.729567e-11	4.143989e-11	2.642965e-11
	1.761665e-11	1.227873e-11	8.890378e-12	6.620709e-12	5.008363e-12
	3.787311e-12	2.808273e-12	2.004603e-12	1.361073e-12	8.779834e-13
	5.435023e-13	3.271593e-13	1.928606e-13	1.113573e-13	6.271996e-14
	3.423005e-14	1.792200e-14	8.829135e-15	3.902504e-15	1.317317e-15
	1.000000e-60
massfraction-CH3
	1.000000e-60	1.556423e-09	3.593076e-09	6.177845e-09	9.369566e-09
	1.323516e-08	1.784918e-08	2.329092e-08	2.964791e-08	3.701992e-08
	4.552309e-08	5.529406e-08	6.649428e-08	7.931427e-08	9.397828e-08
	1.107494e-07	1.299352e-07	1.518947e-07	1.770467e-07	2.058789e-07
	2.389604e-07	2.769564e-07	3.206470e-07	3.709512e-07	4.289603e-07
	4.959854e-07	5.736312e-07	6.639218e-07	7.695057e-07	8.938206e-07
	1.041085e-06	1.216016e-06	1.423346e-06	1.668274e-06	1.958804e-06
	2.307964e-06	2.732734e-06	3.250507e-06	3.878418e-06	4.638545e-06
	5.565297e-06	6.710237e-06	8.144461e-06	9.962375e-06	1.229374e-05
	1.532284e-05	1.932061e-05	2.467856e-05	3.195924e-05	4.197505e-05
	5.591624e-05	7.549604e-05	1.029511e-04	1.406412e-04	1.902215e-04
	2.519638e-04	3.247621e-04	4.066665e-04	4.954212e-04	5.887521e-04
	6.845556e-04	7.809175e-04	8.760334e-04	9.680860e-04	1.055171e-03
	1.135471e-03	1.207520e-03	1.270162e-03	1.322288e-03	1.362965e-03
	1.391838e-03	1.409171e-03	1.415589e-03	1.411957e-03	1.399286e-03
	1.378476e-03	1.350113e-03	1.314482e-03	1.271758e-03	1.222190e-03
	1.166194e-03	1.104313e-03	1.037150e-03	9.654017e-04	8.899763e-04
	8.120678e-04	7.329939e-04	6.539653e-04	5.760669e-04	5.003653e-04
	4.279123e-04	3.596185e-04	2.961862e-04	2.382898e-04	1.868014e-04
	1.425714e-04	1.059060e-04	7.636504e-05	5.306340e-05	3.508200e-05
	2.165194e-05	1.216309e-05	6.034423e-06	2.563612e-06	9.125324e-07
	2.727133e-07	7.132083e-08	1.770538e-08	4.592798e-09	1.338173e-09
	4.497656e-10	1.727940e-10	7.411971e-11	3.465315e-11	1.729402e-11
	9.048126e-12	4.884537e-12	2.688628e-12	1.503579e-12	8.578079e-13
	5.009230e-13	2.983208e-13	1.803778e-13	1.107668e-13	6.887271e-14
	4.273204e-14	2.587652e-14	1.503158e-14	8.361369e-15	4.524052e-15
	2.441098e-15	1.338868e-15	7.502497e-16	4.275683e-16	2.456783e-16
	1.407896e-16	7.928848e-17	4.277147e-17	2.090511e-17	7.804615e-18
	1.000000e-60
massfraction-CH4
	1.000000e-60	1.059626e-05	2.447956e-05	4.208460e-05	6.373335e-05
	8.972989e-05	1.203344e-04	1.557217e-04	1.959865e-04	2.411540e-04
	2.911926e-04	3.460281e-04	4.055566e-04	4.696549e-04	5.381899e-04
	6.110248e-04	6.880239e-04	7.690553e-04	8.539932e-04	9.427185e-04
	1.035119e-03	1.131091e-03	1.230539e-03	1.333378e-03	1.439543e-03
	1.548998e-03	1.661763e-03	1.777965e-03	1.897904e-03	2.021987e-03
	2.150474e-03	2.283152e-03	2.419125e-03	2.557382e-03	2.697947e-03
	2.842021e-03	2.990556e-03	3.142953e-03	3.297631e-03	3.453720e-03
	3.611831e-03	3.773472e-03	3.940082e-03	4.112534e-03	4.291570e-03
	4.477344e-03	4.670764e-03	4.872159e-03	5.081067e-03	5.296018e-03
	5.514407e-03	5.731599e-03	5.939084e-03	6.123647e-03	6.270299e-03
	6.368004e-03	6.412937e-03	6.407365e-03	6.356664e-03	6.266935e-03
	6.143666e-03	5.991240e-03	5.813005e-03	5.611723e-03	5.390146e-03
	5.151133e-03	4.897158e-03	4.630368e-03	4.353847e-03	4.072227e-03
	3.790394e-03	3.512169e-03	3.240742e-03	2.979099e-03	2.729109e-03
	2.490838e-03	2.263139e-03	2.044883e-03	1.835774e-03	1.636405e-03
	1.447875e-03	1.271218e-03	1.107129e-03	9.560672e-04	8.184486e-04
	6.946347e-04	5.846126e-04	4.878213e-04	4.033642e-04	3.302717e-04
	2.675634e-04	2.141968e-04	1.690943e-04	1.313163e-04	1.001831e-04
	7.511521e-05	5.538227e-05	4.007391e-05	2.827895e-05	1.925166e-05
	1.244766e-05	7.491916e-06	4.100492e-06	1.992693e-06	8.446458e-07
	3.116463e-07	1.026213e-07	3.181743e-08	9.938490e-09	3.319553e-09
	1.230399e-09	5.137633e-10	2.418057e-10	1.273995e-10	7.438195e-11
	4.759041e-11	3.299317e-11	2.450842e-11	1.926680e-11	1.577305e-11
	1.320012e-11	1.110958e-11	9.307812e-12	7.738928e-12	6.381745e-12
	5.195110e-12	4.132356e-12	3.175209e-12	2.340601e-12	1.657711e-12
	1.138686e-12	7.665728e-13	5.080862e-13	3.310712e-13	2.109772e-13
	1.304468e-13	7.733343e-14	4.300361e-14	2.131991e-14	7.989745e-15
	1.000000e-60
massfraction-C2H6
	1.000000e-60	9.098048e-07	2.272187e-06	4.234166e-06	6.953421e-06
	1.060416e-05	1.537077e-05	2.143613e-05	2.897464e-05	3.814667e-05
	4.909464e-05	6.194076e-05	7.678623e-05	9.371150e-05	1.127774e-04
	1.340267e-04	1.574859e-04	1.831672e-04	2.110704e-04	2.411847e-04
	2.734902e-04	3.079598e-04	3.445610e-04	3.832582e-04	4.240166e-04
	4.668082e-04	5.116240e-04	5.584958e-04	6.075273e-04	6.588679e-04
	7.126100e-04	7.686428e-04	8.265554e-04	8.858719e-04	9.465495e-04
	1.009057e-03	1.073758e-03	1.140335e-03	1.208028e-03	1.276374e-03
	1.345555e-03	1.416127e-03	1.488596e-03	1.563179e-03	1.639970e-03
	1.718774e-03	1.799577e-03	1.881983e-03	1.965066e-03	2.047229e-03
	2.126097e-03	2.198115e-03	2.258003e-03	2.299068e-03	2.315251e-03
	2.303657e-03	2.265177e-03	2.203156e-03	2.121724e-03	2.024815e-03
	1.915723e-03	1.797080e-03	1.671065e-03	1.539725e-03	1.405267e-03
	1.269998e-03	1.135962e-03	1.004960e-03	8.790978e-04	7.608057e-04
	6.520565e-04	5.538722e-04	4.666415e-04	3.903617e-04	3.244728e-04
	2.678893e-04	2.193558e-04	1.777980e-04	1.424273e-04	1.126520e-04
	8.794627e-05	6.775719e-05	5.149939e-05	3.859817e-05	2.852285e-05
	2.079076e-05	1.495537e-05	1.061272e-05	7.420546e-06	5.104136e-06
	3.446990e-06	2.278968e-06	1.468541e-06	9.175750e-07	5.540986e-07
	3.233320e-07	1.823331e-07	9.890019e-08	5.094248e-08	2.438829e-08
	1.052445e-08	3.938565e-09	1.224264e-09	3.037300e-10	5.880094e-11
	8.972047e-12	1.136904e-12	1.305756e-13	1.501467e-14	1.883109e-15
	2.726827e-16	4.697146e-17	9.737152e-18	2.431660e-18	7.279243e-19
	2.593392e-19	1.094676e-19	5.489834e-20	3.285262e-20	2.305007e-20
	1.802203e-20	1.478197e-20	1.217477e-20	9.864924e-21	7.819687e-21
	6.033565e-21	4.480892e-21	3.160317e-21	2.100384e-21	1.319702e-21
	7.947477e-22	4.657633e-22	2.676562e-22	1.508112e-22	8.294819e-23
	4.422987e-23	2.263843e-23	1.091208e-23	4.725750e-24	1.566315e-24
	1.000000e-60
massfraction-C2H
	1.000000e-60	2.701546e-30	6.210835e-30	1.675107e-29	4.041306e-29
	9.023565e-29	1.891395e-28	3.907278e-28	8.115028e-28	1.673481e-27
	3.574317e-27	7.951242e-27	1.855183e-26	4.558283e-26	1.177689e-25
	3.187275e-25	8.977980e-25	2.609931e-24	7.757171e-24	2.334816e-23
	7.051789e-23	2.119608e-22	6.295758e-22	1.837349e-21	5.245825e-21
	1.461086e-20	3.964509e-20	1.048334e-19	2.707506e-19	6.851397e-19
	1.702597e-18	4.152827e-18	9.904073e-18	2.302528e-17	5.238838e-17
	1.178506e-16	2.641213e-16	5.889347e-16	1.298398e-15	2.823271e-15
	6.081662e-15	1.307993e-14	2.827229e-14	6.163041e-14	1.357507e-13
	3.028801e-13	6.868765e-13	1.587071e-12	3.736830e-12	8.951735e-12
	2.176441e-11	5.344807e-11	1.309689e-10	3.129988e-10	7.095010e-10
	1.494702e-09	2.909273e-09	5.263541e-09	8.956397e-09	1.451146e-08
	2.263021e-08	3.425194e-08	5.061174e-08	7.327641e-08	1.041294e-07
	1.453465e-07	1.994582e-07	2.693690e-07	3.579555e-07	4.673959e-07
	5.989521e-07	7.531899e-07	9.297208e-07	1.126800e-06	1.341974e-06
	1.573195e-06	1.819074e-06	2.077940e-06	2.346607e-06	2.619686e-06
	2.889638e-06	3.147497e-06	3.383532e-06	3.587489e-06	3.748871e-06
	3.857857e-06	3.906720e-06	3.890543e-06	3.807114e-06	3.656966e-06
	3.443669e-06	3.173606e-06	2.855339e-06	2.500151e-06	2.124122e-06
	1.747836e-06	1.391283e-06	1.068336e-06	7.859796e-07	5.472646e-07
	3.538367e-07	2.069096e-07	1.058891e-07	4.575554e-08	1.622390e-08
	4.706737e-09	1.172195e-09	2.789979e-10	7.168339e-11	2.111305e-11
	7.033359e-12	2.555276e-12	9.835936e-13	3.932896e-13	1.607080e-13
	6.597917e-14	2.669405e-14	1.044282e-14	3.906894e-15	1.394186e-15
	4.698929e-16	1.454772e-16	4.065047e-17	1.054326e-17	2.651191e-18
	6.459754e-19	1.459152e-19	2.953884e-20	5.511637e-21	1.046479e-21
	2.281814e-22	6.126230e-23	2.019009e-23	7.821383e-24	3.372671e-24
	1.531734e-24	6.909670e-25	2.869374e-25	9.608211e-26	1.809765e-26
	1.000000e-60
massfraction-C2H2
	1.000000e-60	1.061800e-05	2.585510e-05	4.692434e-05	7.502807e-05
	1.114310e-04	1.574023e-04	2.141184e-04	2.826229e-04	3.638026e-04
	4.583778e-04	5.669043e-04	6.897846e-04	8.272829e-04	9.795437e-04
	1.146610e-03	1.328442e-03	1.524929e-03	1.735908e-03	1.961173e-03
	2.200483e-03	2.453576e-03	2.720176e-03	3.000009e-03	3.292826e-03
	3.598446e-03	3.916834e-03	4.248256e-03	4.593488e-03	4.953628e-03
	5.329376e-03	5.720031e-03	6.122833e-03	6.534617e-03	6.955252e-03
	7.388168e-03	7.836091e-03	8.297067e-03	8.766141e-03	9.240468e-03
	9.721713e-03	1.021429e-02	1.072244e-02	1.124870e-02	1.179513e-02
	1.236231e-02	1.295295e-02	1.356837e-02	1.420791e-02	1.486875e-02
	1.554630e-02	1.623268e-02	1.691268e-02	1.756155e-02	1.815107e-02
	1.866111e-02	1.908527e-02	1.942778e-02	1.969744e-02	1.990343e-02
	2.005337e-02	2.015260e-02	2.020402e-02	2.020837e-02	2.016474e-02
	2.007129e-02	1.992534e-02	1.972333e-02	1.946205e-02	1.914048e-02
	1.875990e-02	1.832253e-02	1.783176e-02	1.729294e-02	1.671134e-02
	1.608931e-02	1.542560e-02	1.471763e-02	1.396435e-02	1.316781e-02
	1.233325e-02	1.146763e-02	1.057850e-02	9.674232e-03	8.765234e-03
	7.864287e-03	6.984260e-03	6.135598e-03	5.326468e-03	4.564143e-03
	3.855150e-03	3.204199e-03	2.613835e-03	2.086350e-03	1.625844e-03
	1.236283e-03	9.171602e-04	6.621598e-04	4.619375e-04	3.075465e-04
	1.918312e-04	1.093788e-04	5.535302e-05	2.411014e-05	8.843111e-06
	2.743836e-06	7.607228e-07	2.104088e-07	6.536190e-08	2.403981e-08
	1.026713e-08	4.896607e-09	2.533597e-09	1.397839e-09	8.133523e-10
	4.952870e-10	3.141287e-10	2.074886e-10	1.435166e-10	1.044215e-10
	7.942558e-11	6.209231e-11	4.903177e-11	3.872662e-11	3.043703e-11
	2.360747e-11	1.781932e-11	1.289541e-11	8.864891e-12	5.796120e-12
	3.645830e-12	2.235938e-12	1.345901e-12	7.948520e-13	4.584517e-13
	2.564133e-13	1.376134e-13	6.946272e-14	3.142076e-14	1.083131e-14
	1.000000e-60
massfraction-CHCO
	1.000000e-60	4.062844e-06	9.384728e-06	1.613114e-05	2.442384e-05
	3.437711e-05	4.608767e-05	5.961883e-05	7.500247e-05	9.224299e-05
	1.113225e-04	1.322063e-04	1.548476e-04	1.791920e-04	2.051810e-04
	2.327544e-04	2.618525e-04	2.924168e-04	3.243914e-04	3.577230e-04
	3.923611e-04	4.282586e-04	4.653719e-04	5.036621e-04	5.430970e-04
	5.836566e-04	6.253413e-04	6.681908e-04	7.123090e-04	7.578365e-04
	8.048606e-04	8.532939e-04	9.028027e-04	9.530152e-04	1.003937e-03
	1.056001e-03	1.109544e-03	1.164344e-03	1.219832e-03	1.275696e-03
	1.332159e-03	1.389761e-03	1.449018e-03	1.510244e-03	1.573716e-03
	1.639504e-03	1.707977e-03	1.779334e-03	1.853562e-03	1.930417e-03
	2.009466e-03	2.089918e-03	2.170138e-03	2.247372e-03	2.318415e-03
	2.380969e-03	2.434330e-03	2.479050e-03	2.516242e-03	2.547074e-03
	2.572561e-03	2.593476e-03	2.610337e-03	2.623416e-03	2.632786e-03
	2.638380e-03	2.640036e-03	2.637488e-03	2.630401e-03	2.618491e-03
	2.601597e-03	2.579641e-03	2.552630e-03	2.520701e-03	2.484017e-03
	2.442552e-03	2.395986e-03	2.343808e-03	2.285500e-03	2.220673e-03
	2.149109e-03	2.070670e-03	1.985215e-03	1.892632e-03	1.793009e-03
	1.686770e-03	1.574561e-03	1.457005e-03	1.334722e-03	1.208562e-03
	1.079704e-03	9.495255e-04	8.194919e-04	6.915337e-04	5.686901e-04
	4.548340e-04	3.532557e-04	2.655244e-04	1.916795e-04	1.311556e-04
	8.338135e-05	4.792457e-05	2.407719e-05	1.019779e-05	3.541807e-06
	1.007267e-06	2.460664e-07	5.750234e-08	1.472755e-08	4.509058e-09
	1.644343e-09	6.813203e-10	3.077077e-10	1.475803e-10	7.391027e-11
	3.815537e-11	2.008813e-11	1.072467e-11	5.836518e-12	3.291250e-12
	1.958135e-12	1.241261e-12	8.367811e-13	5.892579e-13	4.198135e-13
	2.919567e-13	1.915656e-13	1.157140e-13	6.424831e-14	3.368956e-14
	1.739974e-14	9.145976e-15	4.951510e-15	2.754100e-15	1.560347e-15
	8.903340e-16	5.038513e-16	2.753550e-16	1.372193e-16	5.242945e-17
	1.000000e-60
massfraction-C3H3
	1.000000e-60	1.000000e-60	1.000000e-60	1.000000e-60	1.000000e-60
	1.000000e-60	1.044781e-29	1.956802e-28	6.203211e-28	1.788612e-27
	4.652858e-27	6.917784e-26	2.820651e-25	7.655676e-25	2.178401e-24
	7.017446e-24	2.294810e-23	7.590309e-23	2.476579e-22	8.020701e-22
	2.568212e-21	8.113983e-21	2.525000e-20	7.729090e-20	2.325121e-19
	6.871150e-19	1.995113e-18	5.698138e-18	1.604486e-17	4.467129e-17
	1.231813e-16	3.359254e-16	9.010586e-16	2.363997e-15	6.072101e-15
	1.538948e-14	3.872514e-14	9.652575e-14	2.366033e-13	5.684134e-13
	1.344027e-12	3.154583e-12	7.407546e-12	1.748696e-11	4.162853e-11
	1.001927e-10	2.445789e-10	6.071852e-10	1.533949e-09	3.936928e-09
	1.023036e-08	2.673612e-08	6.923396e-08	1.730641e-07	4.046159e-07
	8.640295e-07	1.672426e-06	2.952418e-06	4.815707e-06	7.361374e-06
	1.068377e-05	1.488220e-05	2.006654e-05	2.635390e-05	3.385450e-05
	4.266380e-05	5.287413e-05	6.456958e-05	7.775899e-05	9.231135e-05
	1.079842e-04	1.244890e-04	1.414816e-04	1.585493e-04	1.752898e-04
	1.913859e-04	2.065780e-04	2.205700e-04	2.329604e-04	2.432435e-04
	2.508636e-04	2.552881e-04	2.560575e-04	2.528195e-04	2.453848e-04
	2.338052e-04	2.184076e-04	1.997439e-04	1.785355e-04	1.556487e-04
	1.320494e-04	1.087015e-04	8.647613e-05	6.615736e-05	4.847164e-05
	3.394919e-05	2.271193e-05	1.446122e-05	8.679152e-06	4.828361e-06
	2.431859e-06	1.079849e-06	4.145541e-07	1.379248e-07	4.089049e-08
	1.101378e-08	2.655350e-09	5.639675e-10	1.070634e-10	1.878546e-11
	3.131242e-12	5.010598e-13	7.650553e-14	1.092054e-14	1.404791e-15
	1.535561e-16	1.304664e-17	7.647287e-19	2.737254e-20	5.550861e-22
	7.144355e-24	1.774757e-25	1.270199e-26	9.156874e-28	5.764824e-29
	3.107391e-30	1.422222e-31	5.981808e-33	2.548055e-34	1.180796e-35
	6.594840e-37	4.754320e-38	4.388415e-39	4.744017e-40	2.934739e-41
	9.064755e-42	9.270906e-42	3.738535e-43	1.000000e-60	1.000000e-60
	1.000000e-60
massfraction-C2H3
	1.000000e-60	2.117885e-18	4.706897e-18	7.833316e-18	1.160909e-17
	1.628260e-17	2.236292e-17	3.080900e-17	4.339351e-17	6.344969e-17
	9.747239e-17	1.586567e-16	2.749524e-16	5.079095e-16	9.978220e-16
	2.073789e-15	4.524909e-15	1.027039e-14	2.400666e-14	5.720204e-14
	1.375801e-13	3.309923e-13	7.900730e-13	1.857885e-12	4.277700e-12
	9.593049e-12	2.086011e-11	4.382849e-11	8.877230e-11	1.730786e-10
	3.243099e-10	5.825432e-10	9.998525e-10	1.637838e-09	2.570438e-09
	3.892723e-09	5.718661e-09	8.157814e-09	1.129667e-08	1.521489e-08
	2.001949e-08	2.585710e-08	3.289393e-08	4.128388e-08	5.116443e-08
	6.268503e-08	7.611083e-08	9.200387e-08	1.116125e-07	1.375333e-07
	1.747472e-07	2.322223e-07	3.251970e-07	4.773216e-07	7.204488e-07
	1.091104e-06	1.626448e-06	2.363448e-06	3.340603e-06	4.598331e-06
	6.177328e-06	8.114037e-06	1.043383e-05	1.314161e-05	1.621082e-05
	1.957984e-05	2.316005e-05	2.683897e-05	3.046934e-05	3.387473e-05
	3.688620e-05	3.937269e-05	4.124351e-05	4.244966e-05	4.298782e-05
	4.288687e-05	4.218557e-05	4.092252e-05	3.914220e-05	3.690558e-05
	3.429464e-05	3.140659e-05	2.834415e-05	2.521011e-05	2.210560e-05
	1.912544e-05	1.634572e-05	1.381434e-05	1.155403e-05	9.569933e-06
	7.853674e-06	6.385032e-06	5.136006e-06	4.078809e-06	3.192288e-06
	2.460202e-06	1.865420e-06	1.387902e-06	1.007698e-06	7.084707e-07
	4.780992e-07	3.075261e-07	1.882247e-07	1.100735e-07	6.178199e-08
	3.321816e-08	1.704409e-08	8.398832e-09	4.057475e-09	1.972803e-09
	9.851928e-10	5.104475e-10	2.746667e-10	1.525406e-10	8.629596e-11
	4.871018e-11	2.665614e-11	1.369346e-11	6.473222e-12	2.840406e-12
	1.180469e-12	4.620161e-13	1.668422e-13	5.632029e-14	1.874417e-14
	6.494378e-15	2.385385e-15	9.020892e-16	3.371471e-16	1.229645e-16
	4.431195e-17	1.598386e-17	5.764932e-18	2.054017e-18	7.106979e-19
	2.340988e-19	7.157452e-20	1.945028e-20	4.255210e-21	5.425398e-22
	1.000000e-60
massfraction-C2H4
	1.000000e-60	6.961124e-06	1.715042e-05	3.150830e-05	5.100319e-05
	7.667670e-05	1.096001e-04	1.507984e-04	2.012118e-04	2.616690e-04
	3.328707e-04	4.153834e-04	5.096422e-04	6.159582e-04	7.345298e-04
	8.654560e-04	1.008750e-03	1.164353e-03	1.332145e-03	1.511958e-03
	1.703585e-03	1.906792e-03	2.121326e-03	2.346929e-03	2.583361e-03
	2.830435e-03	3.088081e-03	3.356473e-03	3.636202e-03	3.928118e-03
	4.232752e-03	4.549497e-03	4.876081e-03	5.209902e-03	5.550822e-03
	5.901593e-03	6.264390e-03	6.637600e-03	7.017180e-03	7.400800e-03
	7.789773e-03	8.187621e-03	8.597697e-03	9.021933e-03	9.461841e-03
	9.917626e-03	1.039110e-02	1.088266e-02	1.139068e-02	1.191105e-02
	1.243689e-02	1.295658e-02	1.344948e-02	1.388442e-02	1.422688e-02
	1.445227e-02	1.455278e-02	1.453411e-02	1.440825e-02	1.418799e-02
	1.388407e-02	1.350437e-02	1.305435e-02	1.253846e-02	1.196185e-02
	1.133095e-02	1.065229e-02	9.932605e-03	9.182246e-03	8.416690e-03
	7.652661e-03	6.904035e-03	6.182573e-03	5.498751e-03	4.859170e-03
	4.265006e-03	3.713984e-03	3.203790e-03	2.733969e-03	2.305748e-03
	1.920820e-03	1.579965e-03	1.282578e-03	1.027023e-03	8.110870e-04
	6.320254e-04	4.862516e-04	3.694343e-04	2.770998e-04	2.051046e-04
	1.497456e-04	1.077344e-04	7.623401e-05	5.294686e-05	3.608980e-05
	2.420734e-05	1.602939e-05	1.048094e-05	6.738947e-06	4.229609e-06
	2.568947e-06	1.499637e-06	8.400244e-07	4.533266e-07	2.367216e-07
	1.192243e-07	5.752106e-08	2.669056e-08	1.215730e-08	5.585224e-09
	2.643145e-09	1.302870e-09	6.711236e-10	3.607380e-10	2.014497e-10
	1.161824e-10	6.881498e-11	4.181437e-11	2.627579e-11	1.729711e-11
	1.198163e-11	8.648603e-12	6.408230e-12	4.819696e-12	3.647729e-12
	2.744557e-12	2.018462e-12	1.426963e-12	9.600313e-13	6.152136e-13
	3.797829e-13	2.288486e-13	1.354684e-13	7.872648e-14	4.470222e-14
	2.462280e-14	1.301993e-14	6.479246e-15	2.892166e-15	9.851686e-16
	1.000000e-60
massfraction-C2H5
	1.000000e-60	8.403971e-11	2.094513e-10	3.894667e-10	6.381993e-10
	9.711886e-10	1.404829e-09	1.955319e-09	2.638059e-09	3.467179e-09
	4.455215e-09	5.612947e-09	6.949362e-09	8.471729e-09	1.018575e-08
	1.209577e-08	1.420504e-08	1.651598e-08	1.903055e-08	2.175053e-08
	2.467798e-08	2.781566e-08	3.116753e-08	3.473935e-08	3.853951e-08
	4.258006e-08	4.687838e-08	5.146000e-08	5.636261e-08	6.163480e-08
	6.732637e-08	7.347118e-08	8.007063e-08	8.711159e-08	9.462241e-08
	1.026893e-07	1.113796e-07	1.206485e-07	1.303456e-07	1.403084e-07
	1.504116e-07	1.605184e-07	1.703932e-07	1.796569e-07	1.878456e-07
	1.945142e-07	1.995414e-07	2.035019e-07	2.082327e-07	2.172734e-07
	2.359483e-07	2.713449e-07	3.327171e-07	4.320239e-07	5.833305e-07
	8.009185e-07	1.097678e-06	1.484815e-06	1.971837e-06	2.565280e-06
	3.266745e-06	4.070408e-06	4.960621e-06	5.909863e-06	6.877973e-06
	7.815610e-06	8.671191e-06	9.395189e-06	9.942014e-06	1.027738e-05
	1.038753e-05	1.027979e-05	9.977316e-06	9.514609e-06	8.930687e-06
	8.260779e-06	7.532694e-06	6.769211e-06	5.991869e-06	5.222399e-06
	4.481566e-06	3.786594e-06	3.149757e-06	2.578830e-06	2.078147e-06
	1.648954e-06	1.288883e-06	9.922896e-07	7.518700e-07	5.600728e-07
	4.095989e-07	2.934953e-07	2.053884e-07	1.398640e-07	9.252015e-08
	5.953366e-08	3.735239e-08	2.284217e-08	1.354841e-08	7.734040e-09
	4.220101e-09	2.204569e-09	1.123642e-09	5.785273e-10	3.086891e-10
	1.690625e-10	9.242213e-11	4.984083e-11	2.684676e-11	1.477003e-11
	8.441882e-12	5.047132e-12	3.150492e-12	2.036322e-12	1.344696e-12
	8.911660e-13	5.801139e-13	3.627586e-13	2.145080e-13	1.195773e-13
	6.300779e-14	3.105878e-14	1.383935e-14	5.389204e-15	1.846003e-15
	5.742042e-16	1.684845e-16	4.900940e-17	1.476926e-17	4.713615e-18
	1.602619e-18	5.768417e-19	2.161824e-19	8.270723e-20	3.174273e-20
	1.206131e-20	4.495186e-21	1.626191e-21	5.551551e-22	1.567509e-22
	1.000000e-60
massfraction-C3H4
	1.000000e-60	5.007611e-08	1.299773e-07	2.522527e-07	4.317529e-07
	6.861061e-07	1.035390e-06	1.501242e-06	2.106113e-06	2.872522e-06
	3.822366e-06	4.976351e-06	6.353557e-06	7.971134e-06	9.844129e-06
	1.198541e-05	1.440566e-05	1.711346e-05	2.011538e-05	2.341613e-05
	2.701869e-05	3.092451e-05	3.513371e-05	3.964541e-05	4.445820e-05
	4.957098e-05	5.498445e-05	6.070404e-05	6.674396e-05	7.312435e-05
	7.985851e-05	8.693412e-05	9.429998e-05	1.018951e-04	1.097131e-04
	1.178142e-04	1.262467e-04	1.349709e-04	1.438885e-04	1.529396e-04
	1.621504e-04	1.715998e-04	1.813639e-04	1.914854e-04	2.019961e-04
	2.129007e-04	2.242401e-04	2.360265e-04	2.482322e-04	2.607856e-04
	2.735797e-04	2.864463e-04	2.990829e-04	3.110219e-04	3.217513e-04
	3.309303e-04	3.384868e-04	3.445526e-04	3.493482e-04	3.531021e-04
	3.560164e-04	3.582548e-04	3.599424e-04	3.611713e-04	3.620083e-04
	3.625031e-04	3.626921e-04	3.625978e-04	3.622290e-04	3.615866e-04
	3.606642e-04	3.594443e-04	3.578985e-04	3.559914e-04	3.536777e-04
	3.508904e-04	3.475311e-04	3.434709e-04	3.385611e-04	3.326457e-04
	3.255746e-04	3.172063e-04	3.074100e-04	2.960805e-04	2.831713e-04
	2.687293e-04	2.528887e-04	2.358319e-04	2.177776e-04	1.989944e-04
	1.797963e-04	1.604996e-04	1.413877e-04	1.227511e-04	1.049718e-04
	8.848519e-05	7.360649e-05	6.040864e-05	4.877127e-05	3.851578e-05
	2.949808e-05	2.166419e-05	1.505408e-05	9.752089e-06	5.808451e-06
	3.152887e-06	1.564822e-06	7.247753e-07	3.239973e-07	1.447361e-07
	6.623040e-08	3.143734e-08	1.553475e-08	7.976876e-09	4.233181e-09
	2.303263e-09	1.273267e-09	7.106172e-10	4.012737e-10	2.316114e-10
	1.377399e-10	8.421310e-11	5.257009e-11	3.337724e-11	2.145005e-11
	1.376382e-11	8.630157e-12	5.184329e-12	2.957697e-12	1.611347e-12
	8.519440e-13	4.439633e-13	2.293329e-13	1.171152e-13	5.873547e-14
	2.869069e-14	1.350954e-14	6.019197e-15	2.424546e-15	7.537616e-16
	1.000000e-60
massfraction-C3H5
	1.000000e-60	3.628596e-09	9.490324e-09	1.856757e-08	3.204334e-08
	5.134123e-08	7.810476e-08	1.141308e-07	1.613111e-07	2.215696e-07
	2.968042e-07	3.888349e-07	4.993629e-07	6.299406e-07	7.819509e-07
	9.565971e-07	1.154898e-06	1.377692e-06	1.625641e-06	1.899241e-06
	2.198833e-06	2.524618e-06	2.876675e-06	3.254987e-06	3.659482e-06
	4.090103e-06	4.546939e-06	5.030471e-06	5.541920e-06	6.083012e-06
	6.654893e-06	7.256529e-06	7.883560e-06	8.530766e-06	9.197566e-06
	9.889067e-06	1.060937e-05	1.135503e-05	1.211759e-05	1.289188e-05
	1.368003e-05	1.448873e-05	1.532436e-05	1.619042e-05	1.708937e-05
	1.802129e-05	1.898907e-05	1.999277e-05	2.102835e-05	2.208691e-05
	2.315461e-05	2.420964e-05	2.521624e-05	2.612619e-05	2.689842e-05
	2.752429e-05	2.803020e-05	2.845731e-05	2.884077e-05	2.920029e-05
	2.954019e-05	2.985271e-05	3.012162e-05	3.032515e-05	3.043900e-05
	3.043995e-05	3.030862e-05	3.003062e-05	2.959935e-05	2.902038e-05
	2.831119e-05	2.749587e-05	2.660218e-05	2.565998e-05	2.469538e-05
	2.372530e-05	2.275780e-05	2.179695e-05	2.084677e-05	1.991213e-05
	1.899736e-05	1.810396e-05	1.722967e-05	1.636958e-05	1.551827e-05
	1.467143e-05	1.382536e-05	1.297620e-05	1.212076e-05	1.125819e-05
	1.039026e-05	9.519851e-06	8.649655e-06	7.784094e-06	6.933581e-06
	6.113974e-06	5.339157e-06	4.614149e-06	3.935313e-06	3.295682e-06
	2.689630e-06	2.117247e-06	1.587128e-06	1.116067e-06	7.250374e-07
	4.300212e-07	2.325272e-07	1.163391e-07	5.542270e-08	2.595718e-08
	1.224884e-08	5.906111e-09	2.926502e-09	1.490519e-09	7.774863e-10
	4.127419e-10	2.214624e-10	1.198834e-10	6.627361e-11	3.842701e-11
	2.393527e-11	1.603449e-11	1.131631e-11	8.194848e-12	5.962098e-12
	4.278437e-12	2.967415e-12	1.951642e-12	1.204039e-12	6.984147e-13
	3.865419e-13	2.075899e-13	1.091165e-13	5.615460e-14	2.817444e-14
	1.369417e-14	6.391670e-15	2.816096e-15	1.120543e-15	3.442560e-16
	1.000000e-60
massfraction-C3H6
	1.000000e-60	6.469888e-08	1.708171e-07	3.375629e-07	5.885585e-07
	9.527092e-07	1.463943e-06	2.160006e-06	3.081327e-06	4.269729e-06
	5.767166e-06	7.614550e-06	9.850781e-06	1.251197e-05	1.563088e-05
	1.923658e-05	2.335423e-05	2.800505e-05	3.320634e-05	3.897167e-05
	4.531102e-05	5.223110e-05	5.973570e-05	6.782623e-05	7.650260e-05
	8.576480e-05	9.561565e-05	1.060662e-04	1.171435e-04	1.288854e-04
	1.413170e-04	1.544158e-04	1.680861e-04	1.822127e-04	1.967810e-04
	2.119005e-04	2.276584e-04	2.439770e-04	2.606677e-04	2.776136e-04
	2.948576e-04	3.125414e-04	3.307994e-04	3.497016e-04	3.692926e-04
	3.895623e-04	4.105563e-04	4.322490e-04	4.545097e-04	4.770706e-04
	4.994950e-04	5.210494e-04	5.404731e-04	5.559090e-04	5.653617e-04
	5.675445e-04	5.623582e-04	5.506586e-04	5.336998e-04	5.126993e-04
	4.886241e-04	4.621621e-04	4.337943e-04	4.039068e-04	3.728966e-04
	3.411906e-04	3.091839e-04	2.772539e-04	2.458982e-04	2.157531e-04
	1.873994e-04	1.612158e-04	1.374374e-04	1.162028e-04	9.749360e-05
	8.112674e-05	6.684626e-05	5.442568e-05	4.370550e-05	3.457226e-05
	2.692113e-05	2.062706e-05	1.554238e-05	1.151060e-05	8.378276e-06
	5.998182e-06	4.228152e-06	2.935986e-06	2.007894e-06	1.351813e-06
	8.953504e-07	5.824675e-07	3.709611e-07	2.303364e-07	1.390859e-07
	8.168479e-08	4.665733e-08	2.579630e-08	1.363937e-08	6.764163e-09
	3.064708e-09	1.229552e-09	4.229054e-10	1.212297e-10	2.848007e-11
	5.500184e-12	9.040164e-13	1.355512e-13	2.028368e-14	3.300517e-15
	6.222636e-16	1.409642e-16	3.879432e-17	1.284171e-17	4.990370e-18
	2.209211e-18	1.084228e-18	5.823290e-19	3.476754e-19	2.400377e-19
	1.935496e-19	1.711697e-19	1.522381e-19	1.298801e-19	1.057079e-19
	8.242243e-20	6.126721e-20	4.289180e-20	2.797781e-20	1.697101e-20
	9.671625e-21	5.262973e-21	2.766871e-21	1.411593e-21	6.983436e-22
	3.337025e-22	1.529237e-22	6.614209e-23	2.585795e-23	7.819523e-24
	1.000000e-60
massfraction-N-C3H7
	1.000000e-60	7.276585e-12	1.924022e-11	3.808227e-11	6.650637e-11
	1.078295e-10	1.659550e-10	2.452372e-10	3.503519e-10	4.861487e-10
	6.575044e-10	8.691868e-10	1.125740e-09	1.431391e-09	1.789987e-09
	2.204944e-09	2.679228e-09	3.215339e-09	3.815310e-09	4.480717e-09
	5.212676e-09	6.011838e-09	6.878359e-09	7.811812e-09	8.810999e-09
	9.873564e-09	1.099522e-08	1.216828e-08	1.337869e-08	1.459854e-08
	1.577244e-08	1.679985e-08	1.752440e-08	1.775091e-08	1.729231e-08
	1.603719e-08	1.406340e-08	1.173756e-08	9.565394e-09	7.846143e-09
	6.578177e-09	5.640901e-09	4.933452e-09	4.394798e-09	3.987636e-09
	3.686076e-09	3.472742e-09	3.337393e-09	3.276278e-09	3.291204e-09
	3.389954e-09	3.586952e-09	3.902034e-09	4.354680e-09	4.954958e-09
	5.699017e-09	6.573925e-09	7.565762e-09	8.661543e-09	9.843279e-09
	1.108119e-08	1.233002e-08	1.352975e-08	1.460951e-08	1.549484e-08
	1.611890e-08	1.643249e-08	1.640754e-08	1.604035e-08	1.535792e-08
	1.441518e-08	1.328118e-08	1.202857e-08	1.072733e-08	9.434680e-09
	8.188238e-09	7.009192e-09	5.910996e-09	4.905327e-09	4.002818e-09
	3.210998e-09	2.531937e-09	1.962101e-09	1.494034e-09	1.118060e-09
	8.230819e-10	5.967656e-10	4.263956e-10	3.002277e-10	2.082533e-10
	1.422403e-10	9.553621e-11	6.292468e-11	4.050292e-11	2.543175e-11
	1.558709e-11	9.328743e-12	5.429792e-12	3.040198e-12	1.608737e-12
	7.851467e-13	3.431071e-13	1.300236e-13	4.147578e-14	1.092121e-14
	2.375873e-15	4.412164e-16	7.469379e-17	1.252715e-17	2.249760e-18
	4.582401e-19	1.098563e-19	3.170027e-20	1.113399e-20	4.759676e-21
	2.453349e-21	1.508107e-21	1.107868e-21	1.001419e-21	1.168005e-21
	1.786978e-21	3.414781e-21	6.375529e-21	7.424343e-21	6.206790e-21
	4.596387e-21	3.192874e-21	2.082955e-21	1.268613e-21	7.241671e-22
	3.935899e-22	2.073103e-22	1.067902e-22	5.382816e-23	2.644052e-23
	1.257804e-23	5.745809e-24	2.478844e-24	9.669627e-25	2.918547e-25
	1.000000e-60
massfraction-I-C3H7
	1.000000e-60	1.301527e-10	3.441411e-10	6.811640e-10	1.189590e-09
	1.928767e-09	2.968553e-09	4.386906e-09	6.267578e-09	8.697511e-09
	1.176423e-08	1.555347e-08	2.014716e-08	2.562188e-08	3.204783e-08
	3.948812e-08	4.799867e-08	5.762832e-08	6.841936e-08	8.040835e-08
	9.362724e-08	1.081047e-07	1.238681e-07	1.409451e-07	1.593671e-07
	1.791725e-07	2.004127e-07	2.231615e-07	2.475273e-07	2.736305e-07
	3.015259e-07	3.310729e-07	3.617936e-07	3.928837e-07	4.233378e-07
	4.517461e-07	4.756202e-07	4.909709e-07	4.929571e-07	4.773367e-07
	4.419694e-07	3.884816e-07	3.238548e-07	2.594579e-07	2.054928e-07
	1.653287e-07	1.365937e-07	1.158641e-07	1.008332e-07	9.013092e-08
	8.291763e-08	7.869803e-08	7.721758e-08	7.832487e-08	8.180610e-08
	8.731078e-08	9.442766e-08	1.027914e-07	1.120912e-07	1.219869e-07
	1.320309e-07	1.416451e-07	1.501524e-07	1.568428e-07	1.610651e-07
	1.623351e-07	1.604032e-07	1.552615e-07	1.471628e-07	1.366449e-07
	1.244375e-07	1.112958e-07	9.791442e-08	8.488819e-08	7.263760e-08
	6.137851e-08	5.118095e-08	4.205838e-08	3.401771e-08	2.706132e-08
	2.116966e-08	1.628605e-08	1.232029e-08	9.164193e-09	6.704900e-09
	4.830552e-09	3.431463e-09	2.405130e-09	1.663295e-09	1.134646e-09
	7.631810e-10	5.055295e-10	3.289344e-10	2.096111e-10	1.306735e-10
	7.981383e-11	4.781800e-11	2.800398e-11	1.586554e-11	8.547798e-12
	4.276363e-12	1.928928e-12	7.592110e-13	2.526805e-13	6.962580e-14
	1.588898e-14	3.102029e-15	5.522261e-16	9.696549e-17	1.802091e-17
	3.719041e-18	8.743835e-19	2.366355e-19	7.386367e-20	2.655184e-20
	1.099034e-20	5.282289e-21	3.024470e-21	2.135410e-21	1.780760e-21
	1.348483e-21	7.571098e-22	3.543157e-22	1.618497e-22	7.840215e-23
	4.080629e-23	2.227988e-23	1.235625e-23	6.759406e-24	3.568896e-24
	1.805258e-24	8.783210e-25	4.125723e-25	1.869559e-25	8.142406e-26
	3.393143e-26	1.346873e-26	5.047523e-27	1.733826e-27	4.770893e-28
	1.000000e-60
massfraction-C3H8
	1.000000e+00	9.990263e-01	9.977203e-01	9.960245e-01	9.938894e-01
	9.912659e-01	9.881082e-01	9.843787e-01	9.800484e-01	9.750968e-01
	9.695111e-01	9.632845e-01	9.564159e-01	9.489080e-01	9.407664e-01
	9.319992e-01	9.226160e-01	9.126272e-01	9.020442e-01	8.908787e-01
	8.791426e-01	8.668478e-01	8.540059e-01	8.406280e-01	8.267232e-01
	8.122973e-01	7.973491e-01	7.818632e-01	7.658007e-01	7.491086e-01
	7.317524e-01	7.137626e-01	6.952631e-01	6.763954e-01	6.571611e-01
	6.373999e-01	6.169842e-01	5.960002e-01	5.746695e-01	5.531173e-01
	5.312640e-01	5.089053e-01	4.858449e-01	4.619643e-01	4.372160e-01
	4.114658e-01	3.846350e-01	3.566572e-01	3.275527e-01	2.974394e-01
	2.665153e-01	2.351255e-01	2.039502e-01	1.740994e-01	1.468330e-01
	1.230198e-01	1.028761e-01	8.611559e-02	7.223280e-02	6.070270e-02
	5.106022e-02	4.292803e-02	3.601608e-02	3.011051e-02	2.505756e-02
	2.073959e-02	1.705492e-02	1.391720e-02	1.126380e-02	9.048082e-03
	7.221897e-03	5.731253e-03	4.524725e-03	3.556832e-03	2.785088e-03
	2.170117e-03	1.678722e-03	1.285677e-03	9.726676e-04	7.259015e-04
	5.340828e-04	3.872524e-04	2.765676e-04	1.944421e-04	1.345686e-04
	9.175153e-05	6.169404e-05	4.092192e-05	2.676283e-05	1.724435e-05
	1.093735e-05	6.816771e-06	4.161578e-06	2.479595e-06	1.440108e-06
	8.168489e-07	4.533148e-07	2.453077e-07	1.280071e-07	6.322129e-08
	2.879643e-08	1.171720e-08	4.112379e-09	1.203936e-09	2.873757e-10
	5.586608e-11	9.128457e-12	1.336339e-12	1.897859e-13	2.809391e-14
	4.548575e-15	8.251788e-16	1.689496e-16	3.891981e-17	9.992106e-18
	2.822445e-18	8.671714e-19	2.895321e-19	1.069364e-19	4.490215e-20
	2.169789e-20	1.187734e-20	7.135141e-21	4.559452e-21	3.017892e-21
	2.015314e-21	1.320652e-21	8.290298e-22	4.916325e-22	2.754994e-22
	1.478262e-22	7.715746e-23	3.947997e-23	1.979733e-23	9.683939e-24
	4.590650e-24	2.090757e-24	8.996237e-25	3.501318e-25	1.054760e-25
	1.000000e-60
V [kg/(s*m^2)]
	2.582819e-01	2.472369e-01	2.363483e-01	2.257965e-01	2.156990e-01
	2.060838e-01	1.969434e-01	1.882625e-01	1.800195e-01	1.721885e-01
	1.647406e-01	1.576458e-01	1.508735e-01	1.443941e-01	1.381793e-01
	1.322025e-01	1.264390e-01	1.208664e-01	1.154643e-01	1.102145e-01
	1.051006e-01	1.001081e-01	9.522398e-02	9.043653e-02	8.573493e-02
	8.110858e-02	7.654614e-02	7.203376e-02	6.755297e-02	6.308403e-02
	5.861459e-02	5.414958e-02	4.971528e-02	4.533832e-02	4.101059e-02
	3.668936e-02	3.234322e-02	2.798762e-02	2.366358e-02	1.938890e-02
	1.513988e-02	1.087047e-02	6.538642e-03	2.118344e-03	-2.407680e-03
	-7.060759e-03	-1.186712e-02	-1.684867e-02	-2.201549e-02	-2.736523e-02
	-3.288717e-02	-3.855034e-02	-4.426721e-02	-4.986756e-02	-5.513535e-02
	-5.990089e-02	-6.409711e-02	-6.774621e-02	-7.091663e-02	-7.368853e-02
	-7.613864e-02	-7.833305e-02	-8.032514e-02	-8.215543e-02	-8.385271e-02
	-8.543850e-02	-8.693233e-02	-8.835152e-02	-8.970578e-02	-9.099671e-02
	-9.222478e-02	-9.339383e-02	-9.450811e-02	-9.557014e-02	-9.658440e-02
	-9.756016e-02	-9.850996e-02	-9.944549e-02	-1.003748e-01	-1.013017e-01
	-1.022273e-01	-1.031518e-01	-1.040760e-01	-1.050006e-01	-1.059250e-01
	-1.068470e-01	-1.077639e-01	-1.086755e-01	-1.095832e-01	-1.104889e-01
	-1.113947e-01	-1.123041e-01	-1.132232e-01	-1.141584e-01	-1.151117e-01
	-1.160793e-01	-1.170580e-01	-1.180535e-01	-1.190839e-01	-1.201785e-01
	-1.213770e-01	-1.227285e-01	-1.242899e-01	-1.261234e-01	-1.282893e-01
	-1.308324e-01	-1.337565e-01	-1.370017e-01	-1.404525e-01	-1.439827e-01
	-1.475036e-01	-1.509765e-01	-1.544020e-01	-1.578068e-01	-1.612412e-01
	-1.647819e-01	-1.685367e-01	-1.726331e-01	-1.771701e-01	-1.821717e-01
	-1.876152e-01	-1.935049e-01	-1.998372e-01	-2.065222e-01	-2.134839e-01
	-2.208419e-01	-2.289209e-01	-2.380661e-01	-2.484307e-01	-2.598581e-01
	-2.719364e-01	-2.842590e-01	-2.966401e-01	-3.090791e-01	-3.216509e-01
	-3.344318e-01	-3.474636e-01	-3.607571e-01	-3.742878e-01	-3.879550e-01
	-4.016358e-01
density [kg/m^3]
	1.767629e+00	1.765051e+00	1.761621e+00	1.757071e+00	1.751078e+00
	1.743238e+00	1.733086e+00	1.720124e+00	1.703863e+00	1.683859e+00
	1.659767e+00	1.631378e+00	1.598649e+00	1.561720e+00	1.520903e+00
	1.476667e+00	1.429590e+00	1.380323e+00	1.329541e+00	1.277904e+00
	1.226021e+00	1.174432e+00	1.123595e+00	1.073877e+00	1.025560e+00
	9.788404e-01	9.338335e-01	8.905709e-01	8.489993e-01	8.090299e-01
	7.706231e-01	7.338626e-01	6.989605e-01	6.660733e-01	6.350662e-01
	6.055786e-01	5.773696e-01	5.505111e-01	5.251942e-01	5.014353e-01
	4.790215e-01	4.576602e-01	4.371258e-01	4.173018e-01	3.981089e-01
	3.795275e-01	3.614665e-01	3.438971e-01	3.268487e-01	3.103889e-01
	2.945994e-01	2.795973e-01	2.656013e-01	2.529406e-01	2.419245e-01
	2.326652e-01	2.250428e-01	2.188038e-01	2.136689e-01	2.093921e-01
	2.057740e-01	2.026605e-01	1.999364e-01	1.975180e-01	1.953463e-01
	1.933775e-01	1.915749e-01	1.899076e-01	1.883566e-01	1.869134e-01
	1.855717e-01	1.843226e-01	1.831577e-01	1.820712e-01	1.810565e-01
	1.801028e-01	1.791975e-01	1.783302e-01	1.774954e-01	1.766925e-01
	1.759240e-01	1.751938e-01	1.745059e-01	1.738648e-01	1.732764e-01
	1.727479e-01	1.722861e-01	1.718966e-01	1.715840e-01	1.713534e-01
	1.712104e-01	1.711607e-01	1.712113e-01	1.713709e-01	1.716480e-01
	1.720469e-01	1.725672e-01	1.732100e-01	1.739854e-01	1.749171e-01
	1.760459e-01	1.774300e-01	1.791454e-01	1.812850e-01	1.839568e-01
	1.872794e-01	1.913596e-01	1.962553e-01	2.019520e-01	2.083851e-01
	2.154994e-01	2.232892e-01	2.318119e-01	2.411957e-01	2.516691e-01
	2.636163e-01	2.776582e-01	2.946964e-01	3.157691e-01	3.417598e-01
	3.733441e-01	4.112673e-01	4.559989e-01	5.069006e-01	5.627917e-01
	6.236030e-01	6.905573e-01	7.641282e-01	8.416287e-01	9.167990e-01
	9.825632e-01	1.034986e+00	1.074176e+00	1.102304e+00	1.121913e+00
	1.135232e+00	1.144039e+00	1.149705e+00	1.153251e+00	1.155405e+00
	1.156679e+00
cp [J/m^3K]
	1.677129e+03	1.677389e+03	1.677831e+03	1.678599e+03	1.679901e+03
	1.682011e+03	1.685268e+03	1.690063e+03	1.696817e+03	1.705954e+03
	1.717874e+03	1.732919e+03	1.751353e+03	1.773337e+03	1.798921e+03
	1.828041e+03	1.860522e+03	1.896086e+03	1.934374e+03	1.974955e+03
	2.017351e+03	2.061052e+03	2.105534e+03	2.150272e+03	2.194759e+03
	2.238512e+03	2.281094e+03	2.322122e+03	2.361279e+03	2.398273e+03
	2.432754e+03	2.464261e+03	2.492268e+03	2.516378e+03	2.536492e+03
	2.552656e+03	2.564789e+03	2.572672e+03	2.576186e+03	2.575404e+03
	2.570439e+03	2.561286e+03	2.547805e+03	2.529787e+03	2.507117e+03
	2.477596e+03	2.439386e+03	2.396018e+03	2.347198e+03	2.292833e+03
	2.233055e+03	2.168411e+03	2.100360e+03	2.031672e+03	1.965923e+03
	1.906093e+03	1.853621e+03	1.808521e+03	1.770015e+03	1.737082e+03
	1.708713e+03	1.684036e+03	1.662356e+03	1.643148e+03	1.626038e+03
	1.610742e+03	1.597010e+03	1.584626e+03	1.573451e+03	1.563412e+03
	1.554434e+03	1.546410e+03	1.539236e+03	1.532817e+03	1.527056e+03
	1.521839e+03	1.517047e+03	1.512586e+03	1.508387e+03	1.504409e+03
	1.500624e+03	1.497011e+03	1.493544e+03	1.490203e+03	1.486973e+03
	1.483846e+03	1.480816e+03	1.477874e+03	1.475004e+03	1.472193e+03
	1.469429e+03	1.466696e+03	1.463971e+03	1.461231e+03	1.458464e+03
	1.455674e+03	1.452859e+03	1.449993e+03	1.447012e+03	1.443815e+03
	1.440268e+03	1.436197e+03	1.431390e+03	1.425598e+03	1.418557e+03
	1.410031e+03	1.399910e+03	1.388310e+03	1.375577e+03	1.362149e+03
	1.348369e+03	1.334418e+03	1.320336e+03	1.306058e+03	1.291416e+03
	1.276129e+03	1.259785e+03	1.241914e+03	1.222246e+03	1.200967e+03
	1.176267e+03	1.148824e+03	1.121982e+03	1.098337e+03	1.078925e+03
	1.063292e+03	1.050519e+03	1.039993e+03	1.031481e+03	1.024889e+03
	1.020046e+03	1.016635e+03	1.014285e+03	1.012680e+03	1.011590e+03
	1.010857e+03	1.010370e+03	1.010051e+03	1.009845e+03	1.009715e+03
	1.009633e+03
lambda [W/m]
	1.571348e-02	1.575354e-02	1.580431e-02	1.586935e-02	1.595331e-02
	1.606241e-02	1.620434e-02	1.638798e-02	1.662314e-02	1.692023e-02
	1.728985e-02	1.774238e-02	1.828758e-02	1.893427e-02	1.969006e-02
	2.056109e-02	2.155191e-02	2.266541e-02	2.390278e-02	2.526357e-02
	2.674575e-02	2.834585e-02	3.005916e-02	3.187995e-02	3.380180e-02
	3.581804e-02	3.792244e-02	4.011035e-02	4.238014e-02	4.473193e-02
	4.716279e-02	4.966053e-02	5.220033e-02	5.475613e-02	5.732206e-02
	5.991394e-02	6.254245e-02	6.519087e-02	6.782724e-02	7.043408e-02
	7.301964e-02	7.560589e-02	7.821174e-02	8.084526e-02	8.350726e-02
	8.616091e-02	8.877258e-02	9.143529e-02	9.414133e-02	9.687554e-02
	9.961840e-02	1.023415e-01	1.049936e-01	1.074945e-01	1.097581e-01
	1.117313e-01	1.134101e-01	1.148253e-01	1.160213e-01	1.170415e-01
	1.179237e-01	1.186986e-01	1.193903e-01	1.200165e-01	1.205901e-01
	1.211205e-01	1.216162e-01	1.220842e-01	1.225287e-01	1.229511e-01
	1.233517e-01	1.237318e-01	1.240927e-01	1.244344e-01	1.247579e-01
	1.250651e-01	1.253590e-01	1.256418e-01	1.259140e-01	1.261747e-01
	1.264215e-01	1.266516e-01	1.268620e-01	1.270492e-01	1.272093e-01
	1.273379e-01	1.274308e-01	1.274844e-01	1.274949e-01	1.274587e-01
	1.273719e-01	1.272301e-01	1.270283e-01	1.267605e-01	1.264219e-01
	1.260117e-01	1.255315e-01	1.249812e-01	1.243530e-01	1.236301e-01
	1.227851e-01	1.217807e-01	1.205712e-01	1.191051e-01	1.173303e-01
	1.152027e-01	1.127062e-01	1.098747e-01	1.067929e-01	1.035654e-01
	1.002743e-01	9.696357e-02	9.364466e-02	9.030488e-02	8.690934e-02
	8.339849e-02	7.968681e-02	7.568172e-02	7.134266e-02	6.673407e-02
	6.189789e-02	5.698139e-02	5.223180e-02	4.787810e-02	4.402916e-02
	4.062782e-02	3.755603e-02	3.476271e-02	3.229851e-02	3.025760e-02
	2.869075e-02	2.756081e-02	2.677510e-02	2.623878e-02	2.587730e-02
	2.563703e-02	2.548017e-02	2.537983e-02	2.531705e-02	2.527872e-02
	2.525581e-02
mu [kg/s^2m]
	8.255382e-06	8.265040e-06	8.278888e-06	8.298370e-06	8.325222e-06
	8.361598e-06	8.410054e-06	8.473454e-06	8.554882e-06	8.657517e-06
	8.784496e-06	8.938776e-06	9.123000e-06	9.339391e-06	9.589676e-06
	9.875044e-06	1.019615e-05	1.055315e-05	1.094573e-05	1.137323e-05
	1.183470e-05	1.232899e-05	1.285484e-05	1.341100e-05	1.399629e-05
	1.460978e-05	1.525090e-05	1.591987e-05	1.661807e-05	1.734770e-05
	1.811032e-05	1.890483e-05	1.972610e-05	2.056825e-05	2.143169e-05
	2.232432e-05	2.325282e-05	2.421439e-05	2.519996e-05	2.620473e-05
	2.723346e-05	2.829711e-05	2.940680e-05	3.057052e-05	3.179452e-05
	3.308658e-05	3.445653e-05	3.591299e-05	3.746059e-05	3.909953e-05
	4.082612e-05	4.262845e-05	4.447396e-05	4.630019e-05	4.802739e-05
	4.959134e-05	5.096441e-05	5.215159e-05	5.317521e-05	5.406245e-05
	5.483956e-05	5.552919e-05	5.614964e-05	5.671483e-05	5.723480e-05
	5.771712e-05	5.816857e-05	5.859510e-05	5.900018e-05	5.938475e-05
	5.974926e-05	6.009506e-05	6.042344e-05	6.073509e-05	6.103113e-05
	6.131401e-05	6.158698e-05	6.185283e-05	6.211313e-05	6.236804e-05
	6.261673e-05	6.285800e-05	6.309062e-05	6.331319e-05	6.352386e-05
	6.372029e-05	6.390021e-05	6.406187e-05	6.420383e-05	6.432467e-05
	6.442288e-05	6.449704e-05	6.454574e-05	6.456720e-05	6.455952e-05
	6.452158e-05	6.445358e-05	6.435606e-05	6.422809e-05	6.406610e-05
	6.386318e-05	6.360892e-05	6.328967e-05	6.288882e-05	6.238772e-05
	6.176714e-05	6.101263e-05	6.012260e-05	5.911244e-05	5.800848e-05
	5.683523e-05	5.560799e-05	5.433198e-05	5.300342e-05	5.160855e-05
	5.012114e-05	4.850030e-05	4.669713e-05	4.468141e-05	4.247052e-05
	4.011919e-05	3.768395e-05	3.523581e-05	3.287808e-05	3.068807e-05
	2.866536e-05	2.676887e-05	2.499011e-05	2.338187e-05	2.202518e-05
	2.097025e-05	2.020325e-05	1.966740e-05	1.930086e-05	1.905377e-05
	1.888981e-05	1.878314e-05	1.871529e-05	1.867320e-05	1.864782e-05
	1.863292e-05
mDot_C3H8 [kg/m^3s]
	0.000000e+00	-1.962543e-12	-4.453270e-12	-7.805210e-12	-1.255009e-11
	-1.958771e-11	-3.040968e-11	-4.746812e-11	-7.485657e-11	-1.195721e-10
	-1.938686e-10	-3.196716e-10	-5.369439e-10	-9.197003e-10	-1.607006e-09
	-2.863629e-09	-5.200036e-09	-9.612432e-09	-1.806760e-08	-3.448865e-08
	-6.676087e-08	-1.307866e-07	-2.585580e-07	-5.138621e-07	-1.021936e-06
	-2.023690e-06	-3.971899e-06	-7.698752e-06	-1.470707e-05	-2.766481e-05
	-5.119143e-05	-9.296577e-05	-1.650394e-04	-2.856055e-04	-4.828212e-04
	-8.022747e-04	-1.316138e-03	-2.129860e-03	-3.389404e-03	-5.303221e-03
	-8.191035e-03	-1.256073e-02	-1.921653e-02	-2.941951e-02	-4.516459e-02
	-6.968831e-02	-1.083432e-01	-1.700180e-01	-2.694672e-01	-4.312791e-01
	-6.967354e-01	-1.134256e+00	-1.849743e+00	-2.984638e+00	-4.688618e+00
	-7.078977e+00	-1.021960e+01	-1.413153e+01	-1.881044e+01	-2.422410e+01
	-3.029537e+01	-3.688020e+01	-4.375323e+01	-5.060522e+01	-5.705860e+01
	-6.271487e+01	-6.721525e+01	-7.027231e+01	-7.168839e+01	-7.140256e+01
	-6.951869e+01	-6.626696e+01	-6.194998e+01	-5.690412e+01	-5.144481e+01
	-4.581705e+01	-4.019122e+01	-3.469529e+01	-2.944432e+01	-2.454696e+01
	-2.009557e+01	-1.615145e+01	-1.274044e+01	-9.859641e+00	-7.485890e+00
	-5.579909e+00	-4.087033e+00	-2.942736e+00	-2.082294e+00	-1.447293e+00
	-9.873925e-01	-6.602320e-01	-4.314539e-01	-2.746192e-01	-1.699932e-01
	-1.024662e-01	-6.021208e-02	-3.437415e-02	-1.886044e-02	-9.767052e-03
	-4.653063e-03	-1.974770e-03	-7.200043e-04	-2.175732e-04	-5.306703e-05
	-1.038672e-05	-1.675496e-06	-2.365728e-07	-3.162670e-08	-4.307415e-09
	-6.286026e-10	-1.008657e-10	-1.792938e-11	-3.515025e-12	-7.502964e-13
	-1.710740e-13	-4.077725e-14	-1.001401e-14	-2.548428e-15	-6.896413e-16
	-2.031520e-16	-6.518319e-17	-2.256121e-17	-8.434498e-18	-3.405316e-18
	-1.446836e-18	-6.177370e-19	-2.541858e-19	-9.876952e-20	-3.639573e-20
	-1.298793e-20	-4.576314e-21	-1.598387e-21	-5.484872e-22	-1.821120e-22
	-5.741992e-23	-1.677998e-23	-4.356942e-24	-9.115390e-25	-1.111033e-25
	0.000000e+00
ScalarDissRate [1/s]
	5.640388e-05	1.092115e-04	3.334603e-04	9.519456e-04	2.524614e-03
	6.226771e-03	1.432988e-02	3.088232e-02	6.257744e-02	1.197339e-01
	2.172648e-01	3.754842e-01	6.206014e-01	9.847917e-01	1.505782e+00
	2.225949e+00	3.190982e+00	4.448188e+00	6.044544e+00	8.024625e+00
	1.042849e+01	1.328970e+01	1.663345e+01	2.047521e+01	2.481968e+01
	2.966067e+01	3.498198e+01	4.076016e+01	4.696859e+01	5.357408e+01
	6.052256e+01	6.771983e+01	7.502263e+01	8.227629e+01	8.937945e+01
	9.628386e+01	1.029155e+02	1.091267e+02	1.147492e+02	1.196725e+02
	1.238501e+02	1.272519e+02	1.298273e+02	1.315097e+02	1.321911e+02
	1.317925e+02	1.302530e+02	1.275097e+02	1.235731e+02	1.184725e+02
	1.122978e+02	1.052190e+02	9.753301e+01	8.968859e+01	8.219515e+01
	7.544053e+01	6.958997e+01	6.462425e+01	6.043109e+01	5.687485e+01
	5.382771e+01	5.118221e+01	4.885370e+01	4.677874e+01	4.491181e+01
	4.321874e+01	4.167008e+01	4.024080e+01	3.891516e+01	3.768605e+01
	3.654769e+01	3.549151e+01	3.450912e+01	3.359418e+01	3.273924e+01
	3.193347e+01	3.116426e+01	3.042055e+01	2.969486e+01	2.898331e+01
	2.828444e+01	2.759746e+01	2.692126e+01	2.625483e+01	2.559816e+01
	2.495257e+01	2.431941e+01	2.369854e+01	2.308866e+01	2.248831e+01
	2.189605e+01	2.130961e+01	2.072526e+01	2.013927e+01	1.955106e+01
	1.896354e+01	1.837927e+01	1.779558e+01	1.720308e+01	1.658726e+01
	1.592968e+01	1.520983e+01	1.440745e+01	1.350544e+01	1.249527e+01
	1.138336e+01	1.019942e+01	8.997266e+00	7.839981e+00	6.777011e+00
	5.830893e+00	5.001962e+00	4.278961e+00	3.646718e+00	3.089480e+00
	2.592391e+00	2.142698e+00	1.732447e+00	1.362118e+00	1.038869e+00
	7.690371e-01	5.522687e-01	3.847553e-01	2.614010e-01	1.740760e-01
	1.130063e-01	7.027129e-02	4.102754e-02	2.224047e-02	1.123863e-02
	5.388592e-03	2.498955e-03	1.130747e-03	4.987560e-04	2.133145e-04
	8.795988e-05	3.483484e-05	1.322235e-05	4.809166e-06	1.684447e-06
	9.201585e-07
ZBilger
	1.000000e+00	9.992011e-01	9.981134e-01	9.966842e-01	9.948680e-01
	9.926195e-01	9.898967e-01	9.866646e-01	9.828961e-01	9.785716e-01
	9.736787e-01	9.682105e-01	9.621654e-01	9.555455e-01	9.483561e-01
	9.406043e-01	9.322993e-01	9.234510e-01	9.140703e-01	9.041684e-01
	8.937570e-01	8.828475e-01	8.714513e-01	8.595791e-01	8.472399e-01
	8.344398e-01	8.211784e-01	8.074428e-01	7.931993e-01	7.784013e-01
	7.630193e-01	7.470805e-01	7.306955e-01	7.139898e-01	6.969652e-01
	6.794799e-01	6.614216e-01	6.428665e-01	6.240112e-01	6.049661e-01
	5.856607e-01	5.659148e-01	5.455552e-01	5.244772e-01	5.026327e-01
	4.799167e-01	4.562529e-01	4.315824e-01	4.059221e-01	3.793735e-01
	3.521067e-01	3.244180e-01	2.968933e-01	2.704917e-01	2.463016e-01
	2.250708e-01	2.069801e-01	1.917759e-01	1.790157e-01	1.682414e-01
	1.590457e-01	1.510969e-01	1.441380e-01	1.379791e-01	1.324848e-01
	1.275540e-01	1.230990e-01	1.190456e-01	1.153460e-01	1.119758e-01
	1.089125e-01	1.061246e-01	1.035817e-01	1.012584e-01	9.912755e-02
	9.715452e-02	9.530238e-02	9.353988e-02	9.184580e-02	9.020818e-02
	8.862109e-02	8.708036e-02	8.558153e-02	8.412071e-02	8.269668e-02
	8.131150e-02	7.996756e-02	7.866446e-02	7.739971e-02	7.617084e-02
	7.497564e-02	7.381031e-02	7.266812e-02	7.154225e-02	7.043124e-02
	6.933904e-02	6.826710e-02	6.720591e-02	6.613279e-02	6.501459e-02
	6.380865e-02	6.246393e-02	6.092258e-02	5.912288e-02	5.700901e-02
	5.454670e-02	5.174966e-02	4.869781e-02	4.552151e-02	4.235308e-02
	3.928178e-02	3.634704e-02	3.355345e-02	3.088570e-02	2.831486e-02
	2.580068e-02	2.329491e-02	2.075744e-02	1.819024e-02	1.565277e-02
	1.322432e-02	1.095904e-02	8.902339e-03	7.106149e-03	5.587188e-03
	4.307751e-03	3.216359e-03	2.291239e-03	1.542011e-03	9.803860e-04
	5.943529e-04	3.471085e-04	1.957166e-04	1.058777e-04	5.428871e-05
	2.595342e-05	1.133329e-05	4.403484e-06	1.470077e-06	3.864629e-07
	0.000000e+00
ScalarDissRateBilger [1/s]
	7.670092e-03	1.091125e-02	2.046526e-02	3.689014e-02	6.373566e-02
	1.057161e-01	1.688164e-01	2.602724e-01	3.885204e-01	5.630897e-01
	7.944662e-01	1.093941e+00	1.473462e+00	1.945498e+00	2.522914e+00
	3.218866e+00	4.046708e+00	5.019900e+00	6.151920e+00	7.456168e+00
	8.945866e+00	1.063395e+01	1.253297e+01	1.465504e+01	1.701183e+01
	1.961490e+01	2.247628e+01	2.561019e+01	2.903544e+01	3.277428e+01
	3.684470e+01	4.124770e+01	4.595640e+01	5.093236e+01	5.616783e+01
	6.169657e+01	6.754162e+01	7.366054e+01	7.996349e+01	8.638118e+01
	9.289852e+01	9.952956e+01	1.062736e+02	1.130182e+02	1.198182e+02
	1.266134e+02	1.331406e+02	1.392470e+02	1.446902e+02	1.491704e+02
	1.523491e+02	1.538730e+02	1.534369e+02	1.509277e+02	1.465622e+02
	1.408391e+02	1.343214e+02	1.274544e+02	1.205140e+02	1.136401e+02
	1.068827e+02	1.002453e+02	9.371775e+01	8.729914e+01	8.101115e+01
	7.489256e+01	6.898130e+01	6.331394e+01	5.794581e+01	5.294872e+01
	4.837772e+01	4.425178e+01	4.056797e+01	3.731204e+01	3.445155e+01
	3.193572e+01	2.970826e+01	2.772107e+01	2.593907e+01	2.433719e+01
	2.289514e+01	2.159270e+01	2.040834e+01	1.932071e+01	1.831059e+01
	1.736167e+01	1.645932e+01	1.558973e+01	1.474134e+01	1.390697e+01
	1.308455e+01	1.227608e+01	1.148678e+01	1.072662e+01	1.001296e+01
	9.367326e+00	8.806213e+00	8.334750e+00	7.948379e+00	7.638076e+00
	7.392928e+00	7.199630e+00	7.039268e+00	6.884491e+00	6.702303e+00
	6.464309e+00	6.159484e+00	5.798488e+00	5.404593e+00	4.999506e+00
	4.595518e+00	4.196725e+00	3.803093e+00	3.413277e+00	3.025561e+00
	2.638092e+00	2.249538e+00	1.862014e+00	1.486175e+00	1.140806e+00
	8.430703e-01	5.992293e-01	4.088383e-01	2.687340e-01	1.710106e-01
	1.047029e-01	6.043137e-02	3.208715e-02	1.543836e-02	6.745594e-03
	2.725589e-03	1.038082e-03	3.744836e-04	1.267023e-04	3.943373e-05
	1.100102e-05	2.663782e-06	5.371104e-07	8.616631e-08	1.131572e-08
	3.121369e-09
ChiAnalytOverChiStoich
	1.000000e-10	1.000000e-10	1.000000e-10	7.175097e-03	1.946370e-02
	3.689992e-02	6.120929e-02	9.444218e-02	1.389288e-01	1.972023e-01
	2.718967e-01	3.656316e-01	4.808920e-01	6.199162e-01	7.845974e-01
	9.764057e-01	1.196332e+00	1.444855e+00	1.721932e+00	2.027005e+00
	2.359032e+00	2.716520e+00	3.097587e+00	3.500020e+00	3.921360e+00
	4.359005e+00	4.810351e+00	5.273019e+00	5.745104e+00	6.224811e+00
	6.709421e+00	7.194095e+00	7.671481e+00	8.134199e+00	8.578663e+00
	9.004582e+00	9.409834e+00	9.787481e+00	1.012897e+01	1.042871e+01
	1.068447e+01	1.089440e+01	1.105476e+01	1.115960e+01	1.120178e+01
	1.117354e+01	1.106620e+01	1.087074e+01	1.057902e+01	1.018560e+01
	9.689167e+00	9.095103e+00	8.421608e+00	7.705189e+00	6.995160e+00
	6.335532e+00	5.750988e+00	5.246874e+00	4.816930e+00	4.450509e+00
	4.136361e+00	3.864482e+00	3.626739e+00	3.416926e+00	3.230527e+00
	3.064084e+00	2.914559e+00	2.779354e+00	2.656761e+00	2.545837e+00
	2.445703e+00	2.355201e+00	2.273208e+00	2.198799e+00	2.130994e+00
	2.068611e+00	2.010416e+00	1.955381e+00	1.902811e+00	1.852311e+00
	1.803678e+00	1.756767e+00	1.711426e+00	1.667522e+00	1.625006e+00
	1.583925e+00	1.544333e+00	1.506202e+00	1.469441e+00	1.433963e+00
	1.399690e+00	1.366499e+00	1.334188e+00	1.302558e+00	1.271563e+00
	1.241307e+00	1.211824e+00	1.182847e+00	1.153761e+00	1.123689e+00
	1.091534e+00	1.056024e+00	1.015779e+00	9.694245e-01	9.158808e-01
	8.547857e-01	7.871180e-01	7.154863e-01	6.434930e-01	5.744116e-01
	5.101844e-01	4.514510e-01	3.980466e-01	3.494252e-01	3.048566e-01
	2.635242e-01	2.246310e-01	1.876725e-01	1.528574e-01	1.210852e-01
	9.322317e-02	6.955323e-02	5.006319e-02	3.464313e-02	2.279677e-02
	1.368488e-02	6.549338e-03	9.670277e-04	1.000000e-10	1.000000e-10
	1.000000e-10	1.000000e-10	1.000000e-10	1.000000e-10	1.000000e-10
	1.000000e-10	1.000000e-10	1.000000e-10	1.000000e-10	1.000000e-10
	1.000000e-10
ChiKWOverChiKWStoich
	6.070406e-11	6.071630e-11	6.073265e-11	4.359187e-03	1.183066e-02
	2.244294e-02	3.725846e-02	5.754784e-02	8.476840e-02	1.205248e-01
	1.665160e-01	2.244740e-01	2.960996e-01	3.830013e-01	4.866387e-01
	6.082757e-01	7.489415e-01	9.094029e-01	1.090146e+00	1.291365e+00
	1.512969e+00	1.754581e+00	2.015562e+00	2.295038e+00	2.591935e+00
	2.905049e+00	3.233132e+00	3.575070e+00	3.930082e+00	4.297487e+00
	4.675907e+00	5.062262e+00	5.451264e+00	5.837267e+00	6.217515e+00
	6.592098e+00	6.959714e+00	7.314683e+00	7.649320e+00	7.958197e+00
	8.239007e+00	8.490206e+00	8.708683e+00	8.889144e+00	9.024970e+00
	9.108425e+00	9.131065e+00	9.083323e+00	8.955418e+00	8.738898e+00
	8.428116e+00	8.022633e+00	7.532611e+00	6.984807e+00	6.420056e+00
	5.878681e+00	5.386850e+00	4.954227e+00	4.579371e+00	4.255777e+00
	3.975407e+00	3.730619e+00	3.514970e+00	3.323444e+00	3.152361e+00
	2.998871e+00	2.860420e+00	2.734783e+00	2.620513e+00	2.516840e+00
	2.423028e+00	2.338061e+00	2.260933e+00	2.190813e+00	2.126805e+00
	2.067810e+00	2.012674e+00	1.960428e+00	1.910412e+00	1.862246e+00
	1.815732e+00	1.770724e+00	1.727070e+00	1.684635e+00	1.643363e+00
	1.603297e+00	1.564487e+00	1.526903e+00	1.490458e+00	1.455064e+00
	1.420646e+00	1.387080e+00	1.354161e+00	1.321685e+00	1.289603e+00
	1.258035e+00	1.227033e+00	1.196348e+00	1.165357e+00	1.133157e+00
	1.098600e+00	1.060360e+00	1.017008e+00	9.671539e-01	9.097536e-01
	8.445588e-01	7.727536e-01	6.972225e-01	6.218374e-01	5.500450e-01
	4.838351e-01	4.238086e-01	3.697268e-01	3.209678e-01	2.767396e-01
	2.361893e-01	1.985148e-01	1.632326e-01	1.305594e-01	1.013365e-01
	7.630336e-02	5.559704e-02	3.904832e-02	2.637152e-02	1.695500e-02
	9.956375e-03	4.665324e-03	6.750555e-04	6.852024e-11	6.743803e-11
	6.659969e-11	6.599226e-11	6.556899e-11	6.527992e-11	6.508522e-11
	6.495601e-11	6.487189e-11	6.481830e-11	6.478498e-11	6.476482e-11
	6.475293e-11
ChiKWFact
	6.070406e-01	6.071630e-01	6.073265e-01	6.075440e-01	6.078320e-01
	6.082110e-01	6.087060e-01	6.093447e-01	6.101570e-01	6.111735e-01
	6.124237e-01	6.139348e-01	6.157300e-01	6.178275e-01	6.202400e-01
	6.229743e-01	6.260315e-01	6.294077e-01	6.330945e-01	6.370804e-01
	6.413516e-01	6.458927e-01	6.506877e-01	6.557212e-01	6.609786e-01
	6.664477e-01	6.721199e-01	6.779930e-01	6.840750e-01	6.903802e-01
	6.969167e-01	7.036690e-01	7.105882e-01	7.176204e-01	7.247651e-01
	7.320827e-01	7.396213e-01	7.473509e-01	7.551927e-01	7.631044e-01
	7.711197e-01	7.793181e-01	7.877771e-01	7.965469e-01	8.056727e-01
	8.151782e-01	8.251309e-01	8.355758e-01	8.465266e-01	8.579655e-01
	8.698494e-01	8.820826e-01	8.944385e-01	9.065069e-01	9.177853e-01
	9.278908e-01	9.366825e-01	9.442245e-01	9.506826e-01	9.562450e-01
	9.610879e-01	9.653606e-01	9.691819e-01	9.726415e-01	9.758037e-01
	9.787171e-01	9.814247e-01	9.839636e-01	9.863563e-01	9.886098e-01
	9.907285e-01	9.927223e-01	9.946003e-01	9.963683e-01	9.980342e-01
	9.996129e-01	1.001123e+00	1.002581e+00	1.003995e+00	1.005364e+00
	1.006683e+00	1.007945e+00	1.009141e+00	1.010262e+00	1.011297e+00
	1.012230e+00	1.013050e+00	1.013744e+00	1.014302e+00	1.014715e+00
	1.014972e+00	1.015061e+00	1.014970e+00	1.014684e+00	1.014188e+00
	1.013476e+00	1.012551e+00	1.011414e+00	1.010051e+00	1.008425e+00
	1.006473e+00	1.004106e+00	1.001211e+00	9.976578e-01	9.933100e-01
	9.880357e-01	9.817506e-01	9.744736e-01	9.663468e-01	9.575799e-01
	9.483534e-01	9.387698e-01	9.288530e-01	9.185592e-01	9.077700e-01
	8.962719e-01	8.837373e-01	8.697735e-01	8.541258e-01	8.369024e-01
	8.185021e-01	7.993452e-01	7.799805e-01	7.612337e-01	7.437456e-01
	7.275457e-01	7.123353e-01	6.980726e-01	6.852024e-01	6.743803e-01
	6.659969e-01	6.599226e-01	6.556899e-01	6.527992e-01	6.508522e-01
	6.495601e-01	6.487189e-01	6.481830e-01	6.478498e-01	6.476482e-01
	6.475293e-01
MolarMass [kg/kmole]
	4.409000e+01	4.403941e+01	4.397773e+01	4.390391e+01	4.381716e+01
	4.371662e+01	4.360149e+01	4.347125e+01	4.332566e+01	4.316472e+01
	4.298865e+01	4.279785e+01	4.259287e+01	4.237434e+01	4.214299e+01
	4.189955e+01	4.164483e+01	4.137959e+01	4.110464e+01	4.082074e+01
	4.052865e+01	4.022910e+01	3.992279e+01	3.961037e+01	3.929245e+01
	3.896952e+01	3.864190e+01	3.830962e+01	3.797224e+01	3.762908e+01
	3.727993e+01	3.692588e+01	3.656974e+01	3.621441e+01	3.586002e+01
	3.550381e+01	3.514382e+01	3.478194e+01	3.442217e+01	3.406659e+01
	3.371384e+01	3.336072e+01	3.300442e+01	3.264357e+01	3.227591e+01
	3.190420e+01	3.152584e+01	3.114060e+01	3.074946e+01	3.035457e+01
	2.995894e+01	2.956706e+01	2.918706e+01	2.883136e+01	2.851310e+01
	2.824017e+01	2.801290e+01	2.782637e+01	2.767378e+01	2.754856e+01
	2.744513e+01	2.735909e+01	2.728716e+01	2.722693e+01	2.717673e+01
	2.713529e+01	2.710153e+01	2.707455e+01	2.705370e+01	2.703845e+01
	2.702820e+01	2.702230e+01	2.702011e+01	2.702105e+01	2.702457e+01
	2.703023e+01	2.703774e+01	2.704689e+01	2.705755e+01	2.706959e+01
	2.708284e+01	2.709716e+01	2.711240e+01	2.712845e+01	2.714517e+01
	2.716242e+01	2.718007e+01	2.719802e+01	2.721625e+01	2.723475e+01
	2.725354e+01	2.727267e+01	2.729226e+01	2.731244e+01	2.733326e+01
	2.735461e+01	2.737641e+01	2.739872e+01	2.742191e+01	2.744652e+01
	2.747332e+01	2.750317e+01	2.753692e+01	2.757526e+01	2.761847e+01
	2.766626e+01	2.771753e+01	2.777044e+01	2.782300e+01	2.787370e+01
	2.792194e+01	2.796778e+01	2.801162e+01	2.805401e+01	2.809561e+01
	2.813723e+01	2.817985e+01	2.822442e+01	2.827131e+01	2.831996e+01
	2.836939e+01	2.841901e+01	2.846818e+01	2.851561e+01	2.856034e+01
	2.860265e+01	2.864354e+01	2.868323e+01	2.872053e+01	2.875336e+01
	2.878008e+01	2.880051e+01	2.881559e+01	2.882653e+01	2.883441e+01
	2.884003e+01	2.884402e+01	2.884682e+01	2.884877e+01	2.885012e+01
	2.885106e+01
TotalEnthalpy [J/kg]
	-2.352410e+06	-2.352072e+06	-2.351595e+06	-2.350924e+06	-2.349987e+06
	-2.348689e+06	-2.346911e+06	-2.344513e+06	-2.341335e+06	-2.337205e+06
	-2.331942e+06	-2.325362e+06	-2.317287e+06	-2.307545e+06	-2.295975e+06
	-2.282436e+06	-2.266802e+06	-2.248967e+06	-2.228845e+06	-2.206374e+06
	-2.181509e+06	-2.154230e+06	-2.124534e+06	-2.092434e+06	-2.057962e+06
	-2.021153e+06	-1.982041e+06	-1.940636e+06	-1.896893e+06	-1.850734e+06
	-1.802147e+06	-1.751314e+06	-1.698706e+06	-1.644867e+06	-1.589950e+06
	-1.533653e+06	-1.475784e+06	-1.416772e+06	-1.357430e+06	-1.298283e+06
	-1.239286e+06	-1.180085e+06	-1.120396e+06	-1.060196e+06	-9.996768e+05
	-9.388794e+05	-8.781170e+05	-8.177360e+05	-7.583248e+05	-7.006842e+05
	-6.457238e+05	-5.944909e+05	-5.482951e+05	-5.085388e+05	-4.760902e+05
	-4.507492e+05	-4.314337e+05	-4.167633e+05	-4.054924e+05	-3.966617e+05
	-3.895799e+05	-3.837663e+05	-3.788939e+05	-3.747447e+05	-3.711770e+05
	-3.680960e+05	-3.654322e+05	-3.631364e+05	-3.611824e+05	-3.595602e+05
	-3.582596e+05	-3.572650e+05	-3.565598e+05	-3.561277e+05	-3.559506e+05
	-3.560119e+05	-3.563019e+05	-3.568197e+05	-3.575699e+05	-3.585574e+05
	-3.597830e+05	-3.612427e+05	-3.629277e+05	-3.648223e+05	-3.668997e+05
	-3.691176e+05	-3.714211e+05	-3.737494e+05	-3.760362e+05	-3.782066e+05
	-3.801769e+05	-3.818580e+05	-3.831554e+05	-3.839619e+05	-3.841569e+05
	-3.836274e+05	-3.822877e+05	-3.800622e+05	-3.768358e+05	-3.724026e+05
	-3.664173e+05	-3.583565e+05	-3.474985e+05	-3.329417e+05	-3.137418e+05
	-2.892224e+05	-2.595286e+05	-2.260950e+05	-1.914214e+05	-1.581006e+05
	-1.279009e+05	-1.016096e+05	-7.933914e+04	-6.086080e+04	-4.581040e+04
	-3.381681e+04	-2.459636e+04	-1.803109e+04	-1.413454e+04	-1.278022e+04
	-1.342899e+04	-1.512195e+04	-1.692017e+04	-1.811276e+04	-1.839366e+04
	-1.776423e+04	-1.630223e+04	-1.410887e+04	-1.140535e+04	-8.563523e+03
	-5.968109e+03	-3.835421e+03	-2.188450e+03	-9.555750e+02	-4.794386e+01
	6.115753e+02	1.083778e+03	1.416096e+03	1.645301e+03	1.799456e+03
	1.900584e+03
trailer
Lewis numbers evaluated at maximum consumption
N2	-1
O2	1.00546
@ Z = 0.0770413
H	0.169524
@ Z = 0.11123
OH	0.670233
@ Z = 0.0908534
O	0.656128
@ Z = 0.0832026
H2	0.27831
@ Z = 0.0700746
H2O	-1
HO2	1.01159
@ Z = 0.0053732
H2O2	0.994212
@ Z = 0.0404056
CO	1.00768
@ Z = 0.0623804
CO2	1.2897
@ Z = 0.105839
CH	0.608978
@ Z = 0.0720411
CHO	1.15155
@ Z = 0.0678504
CH2	0.879923
@ Z = 0.0738171
CH2O	1.16445
@ Z = 0.0720411
CH3	0.919365
@ Z = 0.0816646
CH4	0.925952
@ Z = 0.0972911
C2H6	1.33219
@ Z = 0.113105
C2H	1.18868
@ Z = 0.0754658
C2H2	1.20539
@ Z = 0.0832026
CHCO	0.809731
@ Z = 0.0770413
C3H3	1.63374
@ Z = 0.0801234
C2H3	1.22026
@ Z = 0.0908534
C2H4	1.21801
@ Z = 0.10409
C2H5	1.33
@ Z = 0.0972911
C3H4	1.59339
@ Z = 0.0770413
C3H5	1.63747
@ Z = 0.0738171
C3H6	1.70612
@ Z = 0.109404
N-C3H7	1.71855
@ Z = 0.10409
I-C3H7	1.08865
@ Z = 0.452926
C3H8	1.68144
@ Z = 0.129472
Lewis numbers evaluated at maximum formation
N2	-1
O2	1.02834
@ Z = 0.00668418
H	0.168033
@ Z = 0.0754658
OH	0.661753
@ Z = 0.0678504
O	0.645021
@ Z = 0.0590686
H2	0.279006
@ Z = 0.11123
H2O	0.748932
@ Z = 0.0770413
HO2	0.994531
@ Z = 0.0119396
H2O2	0.991008
@ Z = 0.0237665
CO	1.02152
@ Z = 0.0832026
CO2	1.27624
@ Z = 0.0678504
CH	0.613773
@ Z = 0.0847303
CHO	1.16148
@ Z = 0.0816646
CH2	0.886732
@ Z = 0.0893035
CH2O	1.17315
@ Z = 0.0862497
CH3	0.915722
@ Z = 0.113105
CH4	0.882834
@ Z = 0.13907
C2H6	1.24935
@ Z = 0.1513
C2H	1.19623
@ Z = 0.0908534
C2H2	1.19355
@ Z = 0.115054
CHCO	0.814351
@ Z = 0.100654
C3H3	1.63922
@ Z = 0.0972911
C2H3	1.21246
@ Z = 0.113105
C2H4	1.16503
@ Z = 0.13907
C2H5	1.30978
@ Z = 0.121589
C3H4	1.60131
@ Z = 0.0972911
C3H5	1.61162
@ Z = 0.126671
C3H6	1.61101
@ Z = 0.146827
N-C3H7	1.67452
@ Z = 0.129472
I-C3H7	1.0245
@ Z = 0.567098
C3H8	-1
Lewis numbers evaluated at maximum mass fraction
N2	0.92135
@ Z = 6.63539e-06
O2	1.05237
@ Z = 6.63539e-06
H	0.167212
@ Z = 0.0700746
OH	0.65745
@ Z = 0.0590686
O	0.640294
@ Z = 0.0476686
H2	0.26785
@ Z = 0.13907
H2O	0.753956
@ Z = 0.0989633
HO2	0.990551
@ Z = 0.014107
H2O2	0.991008
@ Z = 0.0237665
CO	1.02176
@ Z = 0.105839
CO2	1.28794
@ Z = 0.0801234
CH	0.614116
@ Z = 0.0862497
CHO	1.16227
@ Z = 0.0832026
CH2	0.88716
@ Z = 0.0924243
CH2O	1.07527
@ Z = 0.161948
CH3	0.910197
@ Z = 0.119278
CH4	0.780837
@ Z = 0.195999
C2H6	1.07915
@ Z = 0.224815
C2H	1.19651
@ Z = 0.0940194
C2H2	1.13125
@ Z = 0.146827
CHCO	0.786202
@ Z = 0.135649
C3H3	1.63841
@ Z = 0.100654
C2H3	1.21044
@ Z = 0.115054
C2H4	1.03425
@ Z = 0.195999
C2H5	1.30545
@ Z = 0.124048
C3H4	1.54074
@ Z = 0.135649
C3H5	1.57603
@ Z = 0.13907
C3H6	1.41628
@ Z = 0.209114
N-C3H7	0.974943
@ Z = 0.701253
I-C3H7	1.01457
@ Z = 0.589728
C3H8	0.82012
@ Z = 0.999931
