header

title = "planar counterflow diffusion flame"
author = ""
date = "Thu Jul 11 20:18:36 2013"

fuel = "C3H8"
pressure = 1 [bar]
strainrate = 870 [1/s]
chiStoichAnal = 24.6469 [1/s]
chiStoichAnalKW = 35.31 [1/s]
FlameLocZ = 0.143444 [K]
FlameLocBilger = 0.0662853 [K]
Tmax = 1469.09 [K]
stoichScalarDissRate = 35.2826 [1/s]
stoichScalarDissRateBilger = 11.8646 [1/s]

OxidizerSide
begin
	Temperature = 300 [K]
	Massfraction-N2 = 0.76708
	Massfraction-O2 = 0.23292
	Molefraction-N2 = 0.79
	Molefraction-O2 = 0.21
end

FuelSide
begin
	Temperature = 300 [K]
	Massfraction-C3H8 = 1
	Molefraction-C3H8 = 1
end

numOfSpecies = 31
gridPoints = 141

body
eta
	0.000000e+00	1.851026e-01	3.668538e-01	5.422164e-01	7.073990e-01
	8.605705e-01	1.003520e+00	1.136919e+00	1.261596e+00	1.378636e+00
	1.488471e+00	1.592042e+00	1.689790e+00	1.782434e+00	1.870386e+00
	1.954151e+00	2.034085e+00	2.110520e+00	2.183745e+00	2.253983e+00
	2.321487e+00	2.386422e+00	2.449010e+00	2.509386e+00	2.567758e+00
	2.624239e+00	2.679007e+00	2.732159e+00	2.783861e+00	2.834216e+00
	2.883361e+00	2.931402e+00	2.978479e+00	3.024734e+00	3.070298e+00
	3.115234e+00	3.159446e+00	3.202890e+00	3.245375e+00	3.286801e+00
	3.327275e+00	3.366834e+00	3.405577e+00	3.443644e+00	3.481074e+00
	3.517309e+00	3.550740e+00	3.580946e+00	3.610340e+00	3.641722e+00
	3.675638e+00	3.710681e+00	3.745828e+00	3.780934e+00	3.815860e+00
	3.850488e+00	3.884720e+00	3.918373e+00	3.951120e+00	3.982499e+00
	4.012030e+00	4.039394e+00	4.064410e+00	4.087022e+00	4.107308e+00
	4.125463e+00	4.141784e+00	4.156577e+00	4.170197e+00	4.182957e+00
	4.195074e+00	4.206765e+00	4.218189e+00	4.229429e+00	4.240541e+00
	4.251576e+00	4.262568e+00	4.273535e+00	4.284432e+00	4.295141e+00
	4.305568e+00	4.315572e+00	4.325053e+00	4.334064e+00	4.342634e+00
	4.350800e+00	4.358673e+00	4.366322e+00	4.373787e+00	4.381127e+00
	4.388406e+00	4.395659e+00	4.402904e+00	4.410147e+00	4.417402e+00
	4.424697e+00	4.432094e+00	4.439676e+00	4.447525e+00	4.455705e+00
	4.464262e+00	4.473225e+00	4.482646e+00	4.492666e+00	4.503513e+00
	4.515441e+00	4.528753e+00	4.543762e+00	4.560668e+00	4.579486e+00
	4.600051e+00	4.622074e+00	4.645434e+00	4.670045e+00	4.695686e+00
	4.722388e+00	4.750244e+00	4.779475e+00	4.810336e+00	4.843247e+00
	4.879147e+00	4.918690e+00	4.962722e+00	5.012957e+00	5.071425e+00
	5.140174e+00	5.221201e+00	5.315594e+00	5.423760e+00	5.547795e+00
	5.690496e+00	5.852562e+00	6.031266e+00	6.221085e+00	6.417597e+00
	6.619122e+00	6.825168e+00	7.035329e+00	7.248914e+00	7.464394e+00
	7.680054e+00
y [m]
	-1.098791e-03	-1.082300e-03	-1.066082e-03	-1.050401e-03	-1.035585e-03
	-1.021785e-03	-1.008828e-03	-9.966424e-04	-9.851385e-04	-9.742060e-04
	-9.637892e-04	-9.537896e-04	-9.441510e-04	-9.347935e-04	-9.256651e-04
	-9.167048e-04	-9.078674e-04	-8.991094e-04	-8.903943e-04	-8.816909e-04
	-8.729678e-04	-8.642014e-04	-8.553646e-04	-8.464382e-04	-8.373952e-04
	-8.282193e-04	-8.188857e-04	-8.093792e-04	-7.996728e-04	-7.897483e-04
	-7.795786e-04	-7.691410e-04	-7.583997e-04	-7.473144e-04	-7.358404e-04
	-7.239509e-04	-7.116570e-04	-6.989619e-04	-6.859222e-04	-6.725718e-04
	-6.588873e-04	-6.448649e-04	-6.304748e-04	-6.156656e-04	-6.004226e-04
	-5.849881e-04	-5.701265e-04	-5.632743e-04	-5.586376e-04	-5.487453e-04
	-5.380678e-04	-5.270456e-04	-5.160019e-04	-5.049857e-04	-4.940409e-04
	-4.832039e-04	-4.725024e-04	-4.619890e-04	-4.517589e-04	-4.419488e-04
	-4.327003e-04	-4.241075e-04	-4.162226e-04	-4.090631e-04	-4.026075e-04
	-3.967957e-04	-3.915366e-04	-3.867366e-04	-3.822867e-04	-3.780886e-04
	-3.740746e-04	-3.701752e-04	-3.663390e-04	-3.625396e-04	-3.587578e-04
	-3.549749e-04	-3.511785e-04	-3.473622e-04	-3.435397e-04	-3.397430e-04
	-3.359948e-04	-3.323411e-04	-3.288153e-04	-3.253957e-04	-3.220721e-04
	-3.188319e-04	-3.156314e-04	-3.124414e-04	-3.092432e-04	-3.060077e-04
	-3.027026e-04	-2.993047e-04	-2.957995e-04	-2.921743e-04	-2.884155e-04
	-2.845015e-04	-2.803934e-04	-2.760355e-04	-2.713699e-04	-2.663458e-04
	-2.609244e-04	-2.550790e-04	-2.487740e-04	-2.419163e-04	-2.343558e-04
	-2.259282e-04	-2.164444e-04	-2.057259e-04	-1.937047e-04	-1.804711e-04
	-1.662555e-04	-1.513637e-04	-1.359701e-04	-1.202036e-04	-1.042624e-04
	-8.817855e-05	-7.194486e-05	-5.549105e-05	-3.874179e-05	-2.156272e-05
	-3.598932e-06	1.528957e-05	3.525955e-05	5.674014e-05	8.009976e-05
	1.054766e-04	1.327653e-04	1.614414e-04	1.908415e-04	2.208717e-04
	2.516650e-04	2.830050e-04	3.143714e-04	3.451793e-04	3.752149e-04
	4.047253e-04	4.340367e-04	4.633741e-04	4.928324e-04	5.223323e-04
	5.517260e-04
f
	-3.450154e+00	-3.300364e+00	-3.153217e+00	-3.011149e+00	-2.877194e+00
	-2.752708e+00	-2.636327e+00	-2.527390e+00	-2.425124e+00	-2.328851e+00
	-2.237721e+00	-2.151599e+00	-2.069228e+00	-1.991031e+00	-1.915492e+00
	-1.843421e+00	-1.773280e+00	-1.705982e+00	-1.640256e+00	-1.576791e+00
	-1.514784e+00	-1.454472e+00	-1.395657e+00	-1.338005e+00	-1.281950e+00
	-1.226586e+00	-1.172917e+00	-1.119608e+00	-1.068005e+00	-1.016593e+00
	-9.667612e-01	-9.171742e-01	-8.688599e-01	-8.210123e-01	-7.739484e-01
	-7.278691e-01	-6.822835e-01	-6.382443e-01	-5.954503e-01	-5.542803e-01
	-5.150665e-01	-4.776605e-01	-4.420938e-01	-4.085194e-01	-3.769140e-01
	-3.478024e-01	-3.223549e-01	-3.078818e-01	-2.968982e-01	-2.822485e-01
	-2.631453e-01	-2.401165e-01	-2.139544e-01	-1.849449e-01	-1.535293e-01
	-1.199365e-01	-8.451661e-02	-4.764987e-02	-9.958039e-03	2.775314e-02
	6.460299e-02	9.985645e-02	1.329831e-01	1.636356e-01	1.916832e-01
	2.172189e-01	2.405107e-01	2.618943e-01	2.818054e-01	3.006533e-01
	3.187208e-01	3.363076e-01	3.536399e-01	3.708329e-01	3.879614e-01
	4.051102e-01	4.223145e-01	4.396065e-01	4.569190e-01	4.740317e-01
	4.908091e-01	5.070033e-01	5.224243e-01	5.371642e-01	5.512475e-01
	5.647180e-01	5.777632e-01	5.904864e-01	6.029461e-01	6.152347e-01
	6.274593e-01	6.396799e-01	6.519195e-01	6.641907e-01	6.765132e-01
	6.889358e-01	7.015570e-01	7.145183e-01	7.279632e-01	7.420024e-01
	7.567129e-01	7.721465e-01	7.883901e-01	8.056857e-01	8.244108e-01
	8.450117e-01	8.680008e-01	8.939010e-01	9.230173e-01	9.553165e-01
	9.904394e-01	1.027838e+00	1.067308e+00	1.108252e+00	1.150697e+00
	1.194316e+00	1.239299e+00	1.286011e+00	1.334440e+00	1.385633e+00
	1.440220e+00	1.499318e+00	1.563844e+00	1.635727e+00	1.717133e+00
	1.810007e+00	1.915784e+00	2.034375e+00	2.165198e+00	2.309688e+00
	2.469913e+00	2.646399e+00	2.835589e+00	3.032723e+00	3.233957e+00
	3.438349e+00	3.646029e+00	3.857071e+00	4.071074e+00	4.286701e+00
	4.502361e+00
df/deta
	8.089298e-01	8.091431e-01	8.095009e-01	8.100475e-01	8.108514e-01
	8.121465e-01	8.137803e-01	8.159706e-01	8.188968e-01	8.221857e-01
	8.267195e-01	8.313478e-01	8.376391e-01	8.437742e-01	8.517755e-01
	8.594758e-01	8.689457e-01	8.781292e-01	8.886767e-01	8.990965e-01
	9.102610e-01	9.215228e-01	9.328037e-01	9.443994e-01	9.552845e-01
	9.666179e-01	9.766100e-01	9.869975e-01	9.955864e-01	1.004268e+00
	1.010895e+00	1.017016e+00	1.021004e+00	1.023597e+00	1.024056e+00
	1.021958e+00	1.017717e+00	1.010103e+00	9.995019e-01	9.854984e-01
	9.675959e-01	9.457724e-01	9.197382e-01	8.889982e-01	8.532509e-01
	8.128278e-01	7.699189e-01	4.878104e-01	3.805506e-01	4.738574e-01
	5.689135e-01	6.611076e-01	7.477672e-01	8.288112e-01	9.044031e-01
	9.746305e-01	1.039833e+00	1.100119e+00	1.155504e+00	1.205797e+00
	1.250836e+00	1.290790e+00	1.325926e+00	1.356622e+00	1.383384e+00
	1.406707e+00	1.427228e+00	1.445453e+00	1.461926e+00	1.477149e+00
	1.491314e+00	1.504797e+00	1.517770e+00	1.530380e+00	1.542582e+00
	1.554589e+00	1.566260e+00	1.577706e+00	1.588901e+00	1.599549e+00
	1.609751e+00	1.619304e+00	1.628077e+00	1.636248e+00	1.643801e+00
	1.650766e+00	1.657306e+00	1.663472e+00	1.669291e+00	1.674793e+00
	1.680047e+00	1.685071e+00	1.689862e+00	1.694417e+00	1.698730e+00
	1.702805e+00	1.706647e+00	1.710267e+00	1.713677e+00	1.716854e+00
	1.719754e+00	1.722321e+00	1.724497e+00	1.726222e+00	1.727391e+00
	1.727890e+00	1.727506e+00	1.725946e+00	1.722858e+00	1.717909e+00
	1.710880e+00	1.701713e+00	1.690366e+00	1.676924e+00	1.661521e+00
	1.644268e+00	1.625266e+00	1.604331e+00	1.581785e+00	1.556917e+00
	1.529953e+00	1.500266e+00	1.467581e+00	1.431371e+00	1.391204e+00
	1.347018e+00	1.299648e+00	1.251309e+00	1.204063e+00	1.159458e+00
	1.119404e+00	1.084572e+00	1.057631e+00	1.037431e+00	1.023303e+00
	1.013909e+00	1.007931e+00	1.004196e+00	1.001957e+00	1.000681e+00
	1.000000e+00
Z
	1.000000e+00	9.998846e-01	9.996929e-01	9.994049e-01	9.989898e-01
	9.983151e-01	9.974723e-01	9.963371e-01	9.947936e-01	9.930692e-01
	9.905954e-01	9.880771e-01	9.844820e-01	9.809380e-01	9.760806e-01
	9.712668e-01	9.650537e-01	9.587348e-01	9.511007e-01	9.430773e-01
	9.339486e-01	9.240650e-01	9.133553e-01	9.014959e-01	8.890954e-01
	8.751770e-01	8.609317e-01	8.449088e-01	8.286322e-01	8.104747e-01
	7.919487e-01	7.716340e-01	7.506235e-01	7.280717e-01	7.042983e-01
	6.793880e-01	6.527799e-01	6.253263e-01	5.966462e-01	5.670412e-01
	5.367356e-01	5.055743e-01	4.735485e-01	4.407368e-01	4.071504e-01
	3.734263e-01	3.412889e-01	5.371592e-01	7.682733e-01	7.437722e-01
	7.170378e-01	6.891273e-01	6.608818e-01	6.325308e-01	6.042087e-01
	5.761281e-01	5.484165e-01	5.213194e-01	4.951476e-01	4.703316e-01
	4.472919e-01	4.262580e-01	4.073457e-01	3.905482e-01	3.757337e-01
	3.627142e-01	3.512010e-01	3.409405e-01	3.316486e-01	3.230663e-01
	3.150686e-01	3.074672e-01	3.001638e-01	2.930863e-01	2.862345e-01
	2.795278e-01	2.729981e-01	2.666055e-01	2.603695e-01	2.543962e-01
	2.486802e-01	2.433046e-01	2.383186e-01	2.336527e-01	2.292914e-01
	2.252076e-01	2.213236e-01	2.176016e-01	2.140184e-01	2.105440e-01
	2.071405e-01	2.037889e-01	2.004809e-01	1.972113e-01	1.939737e-01
	1.907542e-01	1.875286e-01	1.842627e-01	1.809223e-01	1.774845e-01
	1.739363e-01	1.702722e-01	1.664793e-01	1.625127e-01	1.583053e-01
	1.537761e-01	1.488449e-01	1.434436e-01	1.375638e-01	1.312740e-01
	1.247030e-01	1.179976e-01	1.112214e-01	1.045640e-01	9.797009e-02
	9.155869e-02	8.530016e-02	7.915700e-02	7.320118e-02	6.726653e-02
	6.142750e-02	5.557815e-02	4.972675e-02	4.383862e-02	3.791326e-02
	3.201569e-02	2.629495e-02	2.098858e-02	1.625899e-02	1.216240e-02
	8.739239e-03	5.979624e-03	3.939949e-03	2.496877e-03	1.530807e-03
	9.069364e-04	5.158748e-04	2.749607e-04	1.307504e-04	4.710196e-05
	0.000000e+00
temperature [K]
	3.000000e+02	3.002057e+02	3.005538e+02	3.010973e+02	3.019066e+02
	3.031748e+02	3.048406e+02	3.070985e+02	3.101321e+02	3.137256e+02
	3.185794e+02	3.239170e+02	3.309499e+02	3.384134e+02	3.478558e+02
	3.577623e+02	3.697133e+02	3.822819e+02	3.967366e+02	4.120651e+02
	4.289716e+02	4.470577e+02	4.663473e+02	4.871289e+02	5.087535e+02
	5.321553e+02	5.561257e+02	5.820688e+02	6.084609e+02	6.369055e+02
	6.658819e+02	6.968310e+02	7.286455e+02	7.622237e+02	7.972768e+02
	8.336832e+02	8.721561e+02	9.116482e+02	9.526494e+02	9.948543e+02
	1.037931e+03	1.082192e+03	1.127779e+03	1.174587e+03	1.222715e+03
	1.271315e+03	1.317935e+03	1.083644e+03	7.930264e+02	7.891041e+02
	7.846551e+02	7.796899e+02	7.743654e+02	7.689562e+02	7.634675e+02
	7.581285e+02	7.530177e+02	7.483236e+02	7.442126e+02	7.408862e+02
	7.385010e+02	7.371180e+02	7.367182e+02	7.371951e+02	7.383883e+02
	7.400957e+02	7.421539e+02	7.444087e+02	7.467657e+02	7.491912e+02
	7.515874e+02	7.539773e+02	7.563525e+02	7.587348e+02	7.610996e+02
	7.636211e+02	7.663203e+02	7.694567e+02	7.733518e+02	7.780906e+02
	7.842167e+02	7.919002e+02	8.011407e+02	8.123153e+02	8.253975e+02
	8.403214e+02	8.574027e+02	8.767148e+02	8.982688e+02	9.220693e+02
	9.483294e+02	9.770605e+02	1.008143e+03	1.041351e+03	1.076392e+03
	1.112970e+03	1.150806e+03	1.189676e+03	1.229315e+03	1.269115e+03
	1.308171e+03	1.345357e+03	1.379535e+03	1.409739e+03	1.434927e+03
	1.454090e+03	1.465913e+03	1.469094e+03	1.462794e+03	1.447260e+03
	1.423931e+03	1.394910e+03	1.361919e+03	1.326405e+03	1.289351e+03
	1.251289e+03	1.212398e+03	1.172355e+03	1.131459e+03	1.088527e+03
	1.043638e+03	9.958073e+02	9.444914e+02	8.887552e+02	8.279161e+02
	7.619088e+02	6.922617e+02	6.228418e+02	5.568565e+02	4.966177e+02
	4.446074e+02	4.007712e+02	3.680795e+02	3.440468e+02	3.274831e+02
	3.165544e+02	3.095990e+02	3.052047e+02	3.025120e+02	3.009162e+02
	3.000000e+02
massfraction-N2
	1.000000e-60	5.502255e-04	1.248444e-03	2.078883e-03	3.056444e-03
	4.314281e-03	5.613730e-03	7.097968e-03	8.785198e-03	1.042632e-02
	1.245771e-02	1.426728e-02	1.657346e-02	1.856474e-02	2.106962e-02
	2.325204e-02	2.588311e-02	2.825811e-02	3.095484e-02	3.351209e-02
	3.623612e-02	3.895710e-02	4.168475e-02	4.454634e-02	4.726718e-02
	5.024184e-02	5.296348e-02	5.601480e-02	5.875693e-02	6.184153e-02
	6.463269e-02	6.769866e-02	7.056800e-02	7.356438e-02	7.653519e-02
	7.940940e-02	8.246820e-02	8.532755e-02	8.822701e-02	9.109583e-02
	9.381715e-02	9.651035e-02	9.921122e-02	1.018679e-01	1.045235e-01
	1.071412e-01	1.096246e-01	1.000000e-60	4.273704e-01	4.328071e-01
	4.387573e-01	4.449997e-01	4.513893e-01	4.579622e-01	4.647232e-01
	4.717224e-01	4.789825e-01	4.865100e-01	4.942640e-01	5.021425e-01
	5.099989e-01	5.177039e-01	5.251413e-01	5.322257e-01	5.389229e-01
	5.452319e-01	5.512157e-01	5.569397e-01	5.625078e-01	5.680374e-01
	5.735802e-01	5.792433e-01	5.850909e-01	5.911643e-01	5.974440e-01
	6.039731e-01	6.106715e-01	6.175176e-01	6.244168e-01	6.311412e-01
	6.376185e-01	6.436656e-01	6.491643e-01	6.541739e-01	6.586925e-01
	6.627502e-01	6.664431e-01	6.698170e-01	6.729060e-01	6.757482e-01
	6.783910e-01	6.808607e-01	6.831742e-01	6.853462e-01	6.873920e-01
	6.893301e-01	6.911825e-01	6.929748e-01	6.947309e-01	6.964658e-01
	6.981882e-01	6.999030e-01	7.016185e-01	7.033554e-01	7.051383e-01
	7.069996e-01	7.089634e-01	7.110462e-01	7.132414e-01	7.155203e-01
	7.178442e-01	7.201815e-01	7.225375e-01	7.248281e-01	7.271304e-01
	7.293796e-01	7.316004e-01	7.338082e-01	7.359603e-01	7.381423e-01
	7.402970e-01	7.424846e-01	7.447038e-01	7.469698e-01	7.492891e-01
	7.516472e-01	7.539944e-01	7.562407e-01	7.583237e-01	7.602153e-01
	7.618791e-01	7.633069e-01	7.644246e-01	7.652740e-01	7.658865e-01
	7.663141e-01	7.666054e-01	7.668035e-01	7.669360e-01	7.670231e-01
	7.670796e-01
massfraction-O2
	1.000000e-60	1.483500e-04	3.463674e-04	6.004542e-04	9.136090e-04
	1.291373e-03	1.726651e-03	2.226683e-03	2.792740e-03	3.414256e-03
	4.110209e-03	4.852060e-03	5.673081e-03	6.533941e-03	7.474989e-03
	8.454169e-03	9.510740e-03	1.060764e-02	1.177538e-02	1.298844e-02
	1.426381e-02	1.559144e-02	1.697229e-02	1.841360e-02	1.990011e-02
	2.145602e-02	2.305133e-02	2.472363e-02	2.643385e-02	2.822677e-02
	3.006210e-02	3.198184e-02	3.395689e-02	3.601589e-02	3.815341e-02
	4.036700e-02	4.267533e-02	4.504487e-02	4.748344e-02	4.997655e-02
	5.251458e-02	5.510525e-02	5.775293e-02	6.045660e-02	6.321765e-02
	6.598711e-02	6.862667e-02	1.000000e-60	8.615495e-02	8.894718e-02
	9.203473e-02	9.529503e-02	9.863016e-02	1.020210e-01	1.054431e-01
	1.088768e-01	1.122998e-01	1.156813e-01	1.189759e-01	1.221253e-01
	1.250712e-01	1.277762e-01	1.302198e-01	1.323971e-01	1.343187e-01
	1.360057e-01	1.374900e-01	1.388010e-01	1.399708e-01	1.410268e-01
	1.419788e-01	1.428403e-01	1.436107e-01	1.442822e-01	1.448331e-01
	1.452469e-01	1.454871e-01	1.455219e-01	1.453066e-01	1.448135e-01
	1.440146e-01	1.429111e-01	1.415376e-01	1.398943e-01	1.380125e-01
	1.359257e-01	1.336200e-01	1.311024e-01	1.283855e-01	1.254781e-01
	1.223645e-01	1.190484e-01	1.155453e-01	1.118777e-01	1.080707e-01
	1.041453e-01	1.001168e-01	9.599101e-02	9.177416e-02	8.750483e-02
	8.324990e-02	7.910037e-02	7.515298e-02	7.149189e-02	6.822020e-02
	6.545428e-02	6.337809e-02	6.222554e-02	6.224590e-02	6.361153e-02
	6.634006e-02	7.029940e-02	7.534838e-02	8.112975e-02	8.760583e-02
	9.450126e-02	1.017343e-01	1.093248e-01	1.169936e-01	1.250868e-01
	1.332509e-01	1.417376e-01	1.505162e-01	1.595988e-01	1.689716e-01
	1.785400e-01	1.880275e-01	1.969576e-01	2.050327e-01	2.120947e-01
	2.179907e-01	2.227762e-01	2.262571e-01	2.287251e-01	2.303703e-01
	2.314226e-01	2.320733e-01	2.324714e-01	2.327080e-01	2.328442e-01
	2.329204e-01
massfraction-H
	1.000000e-60	9.188828e-18	1.929834e-17	3.159044e-17	4.818763e-17
	7.405700e-17	1.116259e-16	1.684631e-16	2.586518e-16	3.855568e-16
	5.999194e-16	8.928461e-16	1.404184e-15	2.101248e-15	3.330418e-15
	5.023845e-15	7.981571e-15	1.212525e-14	1.916175e-14	2.921677e-14
	4.555839e-14	6.938216e-14	1.059489e-13	1.602757e-13	2.382590e-13
	3.558908e-13	5.134938e-13	7.516955e-13	1.052058e-12	1.496492e-12
	2.033715e-12	2.785128e-12	3.679612e-12	4.809396e-12	6.177025e-12
	7.622910e-12	9.449245e-12	1.108320e-11	1.255104e-11	1.353969e-11
	1.283244e-11	9.317706e-12	9.793894e-13	1.000000e-60	1.000000e-60
	1.000000e-60	1.000000e-60	1.000000e-60	1.000000e-60	1.000000e-60
	1.000000e-60	1.000000e-60	1.000000e-60	1.000000e-60	1.000000e-60
	1.000000e-60	1.000000e-60	1.000000e-60	1.000000e-60	1.000000e-60
	1.000000e-60	1.000000e-60	1.000000e-60	1.000000e-60	1.000000e-60
	1.000000e-60	1.000000e-60	1.000000e-60	1.000000e-60	1.000000e-60
	1.000000e-60	1.000000e-60	1.000000e-60	1.000000e-60	1.000000e-60
	1.000000e-60	1.000000e-60	1.000000e-60	1.000000e-60	1.000000e-60
	1.000000e-60	1.000000e-60	1.000000e-60	1.000000e-60	1.000000e-60
	1.000000e-60	1.000000e-60	1.000000e-60	1.000000e-60	1.000000e-60
	1.000000e-60	1.000000e-60	1.000000e-60	1.000000e-60	1.000000e-60
	1.000000e-60	1.000000e-60	1.000000e-60	1.000000e-60	1.000000e-60
	1.000000e-60	1.000000e-60	1.000000e-60	1.000000e-60	1.000000e-60
	1.000000e-60	1.000000e-60	1.000000e-60	1.000000e-60	1.000000e-60
	1.000000e-60	1.000000e-60	1.000000e-60	3.879169e-06	9.982338e-06
	1.401586e-05	1.635292e-05	1.712490e-05	1.705231e-05	1.573956e-05
	1.418691e-05	1.208013e-05	9.627378e-06	7.111007e-06	4.758496e-06
	2.757138e-06	1.320782e-06	5.314591e-07	1.663861e-07	4.054233e-08
	8.478388e-09	1.598549e-09	4.361187e-10	1.379704e-10	4.692976e-11
	1.632200e-11	5.672753e-12	1.795556e-12	4.689399e-13	7.701734e-14
	1.000000e-60
massfraction-OH
	1.000000e-60	1.738416e-19	8.983155e-19	2.603898e-18	5.919053e-18
	1.235462e-17	2.280980e-17	4.007049e-17	6.949986e-17	1.127885e-16
	1.922471e-16	3.034538e-16	5.189978e-16	8.187645e-16	1.413025e-15
	2.258499e-15	3.915829e-15	6.370507e-15	1.099611e-14	1.817119e-14
	3.097015e-14	5.168991e-14	8.647596e-14	1.447755e-13	2.371140e-13
	3.955760e-13	6.351252e-13	1.049098e-12	1.657764e-12	2.696773e-12
	4.216723e-12	6.727318e-12	1.046446e-11	1.634567e-11	2.541318e-11
	3.886164e-11	6.040578e-11	9.175544e-11	1.392030e-10	2.103158e-10
	3.120563e-10	4.604382e-10	6.791234e-10	9.946261e-10	1.451734e-09
	2.093741e-09	2.877282e-09	1.000000e-60	5.683177e-09	5.933176e-09
	6.301895e-09	6.330617e-09	5.348527e-09	2.175722e-09	1.000000e-60
	1.000000e-60	1.000000e-60	1.000000e-60	1.000000e-60	1.000000e-60
	1.000000e-60	1.000000e-60	1.000000e-60	1.000000e-60	1.000000e-60
	1.000000e-60	1.000000e-60	1.000000e-60	1.000000e-60	1.000000e-60
	1.000000e-60	1.000000e-60	1.000000e-60	1.000000e-60	1.000000e-60
	1.000000e-60	1.000000e-60	1.000000e-60	1.000000e-60	1.000000e-60
	1.000000e-60	1.000000e-60	1.000000e-60	1.000000e-60	1.000000e-60
	1.000000e-60	1.000000e-60	1.000000e-60	1.000000e-60	1.000000e-60
	1.000000e-60	1.000000e-60	1.000000e-60	1.000000e-60	1.000000e-60
	1.000000e-60	1.000000e-60	1.000000e-60	1.000000e-60	1.000000e-60
	1.000000e-60	1.000000e-60	1.000000e-60	1.000000e-60	1.000000e-60
	1.000000e-60	1.000000e-60	1.000000e-60	1.000000e-60	1.000000e-60
	1.000000e-60	1.000000e-60	3.358171e-06	1.291806e-04	2.007011e-04
	2.349428e-04	2.435198e-04	2.319730e-04	2.153778e-04	1.867158e-04
	1.634473e-04	1.388162e-04	1.155270e-04	9.444692e-05	7.432793e-05
	5.360304e-05	3.328666e-05	1.739642e-05	7.203217e-06	2.201324e-06
	3.387235e-07	1.000000e-60	1.000000e-60	1.000000e-60	1.000000e-60
	1.000000e-60	1.000000e-60	1.000000e-60	1.000000e-60	1.000000e-60
	1.000000e-60
massfraction-O
	1.000000e-60	8.564488e-21	3.728446e-20	7.598724e-20	1.536050e-19
	3.241602e-19	4.955685e-19	9.235361e-19	1.364660e-18	2.115943e-18
	3.509502e-18	5.137565e-18	8.535858e-18	1.279710e-17	2.054568e-17
	3.071539e-17	4.999286e-17	7.596084e-17	1.218082e-16	1.848427e-16
	2.891260e-16	4.386543e-16	6.684507e-16	1.009945e-15	1.495110e-15
	2.239554e-15	3.215302e-15	4.751786e-15	6.658141e-15	9.648610e-15
	1.328326e-14	1.875327e-14	2.559790e-14	3.507932e-14	4.796241e-14
	6.389457e-14	8.855483e-14	1.193801e-13	1.635435e-13	2.292473e-13
	3.187151e-13	4.524412e-13	6.670582e-13	1.005337e-12	1.572883e-12
	2.547871e-12	4.097853e-12	1.000000e-60	1.146306e-11	1.073690e-11
	8.859821e-12	1.501236e-12	1.000000e-60	1.000000e-60	1.000000e-60
	1.000000e-60	1.000000e-60	1.000000e-60	1.000000e-60	1.000000e-60
	1.000000e-60	1.000000e-60	1.000000e-60	1.000000e-60	1.000000e-60
	1.000000e-60	1.000000e-60	1.000000e-60	1.000000e-60	1.000000e-60
	1.000000e-60	1.000000e-60	1.000000e-60	1.000000e-60	1.000000e-60
	1.000000e-60	1.000000e-60	1.000000e-60	1.000000e-60	1.000000e-60
	1.000000e-60	1.000000e-60	1.000000e-60	1.000000e-60	1.000000e-60
	1.000000e-60	1.000000e-60	1.000000e-60	1.000000e-60	1.000000e-60
	1.000000e-60	1.000000e-60	1.000000e-60	1.000000e-60	1.000000e-60
	1.000000e-60	1.000000e-60	1.000000e-60	1.000000e-60	1.000000e-60
	1.000000e-60	1.000000e-60	1.000000e-60	1.000000e-60	1.000000e-60
	1.000000e-60	1.000000e-60	1.000000e-60	1.000000e-60	1.000000e-60
	1.000000e-60	1.000000e-60	1.000000e-60	1.000000e-60	1.000000e-60
	1.000000e-60	1.000000e-60	7.198723e-05	1.441588e-04	1.763679e-04
	1.891627e-04	1.802950e-04	1.560655e-04	1.247780e-04	9.215462e-05
	6.181899e-05	3.730205e-05	2.081193e-05	1.051012e-05	4.833296e-06
	2.070657e-06	7.225374e-07	2.727777e-07	1.043904e-07	5.484111e-08
	4.543839e-08	4.602930e-08	3.899107e-08	2.680785e-08	1.294983e-08
	1.000000e-60
massfraction-H2
	1.000000e-60	1.000000e-60	1.000000e-60	1.000000e-60	1.000000e-60
	1.000000e-60	1.000000e-60	1.000000e-60	1.000000e-60	1.000000e-60
	1.000000e-60	1.000000e-60	1.000000e-60	1.000000e-60	1.000000e-60
	1.000000e-60	1.000000e-60	1.000000e-60	1.000000e-60	1.000000e-60
	1.000000e-60	1.000000e-60	1.000000e-60	1.000000e-60	1.000000e-60
	1.000000e-60	1.000000e-60	1.000000e-60	1.000000e-60	1.000000e-60
	1.000000e-60	1.000000e-60	1.000000e-60	1.000000e-60	1.000000e-60
	1.000000e-60	1.000000e-60	1.000000e-60	1.000000e-60	1.000000e-60
	1.000000e-60	1.000000e-60	1.000000e-60	1.000000e-60	1.000000e-60
	1.000000e-60	1.000000e-60	1.000000e-60	1.000000e-60	1.000000e-60
	1.000000e-60	1.000000e-60	1.000000e-60	1.000000e-60	1.000000e-60
	1.000000e-60	1.000000e-60	1.000000e-60	1.000000e-60	1.000000e-60
	1.000000e-60	1.000000e-60	1.000000e-60	1.000000e-60	1.000000e-60
	1.000000e-60	1.000000e-60	1.000000e-60	1.000000e-60	1.000000e-60
	1.000000e-60	1.000000e-60	1.000000e-60	1.000000e-60	1.000000e-60
	1.000000e-60	1.000000e-60	1.000000e-60	1.000000e-60	1.000000e-60
	1.000000e-60	6.245867e-05	2.359999e-04	4.010979e-04	5.553843e-04
	6.978386e-04	8.299992e-04	9.521501e-04	1.064375e-03	1.167158e-03
	1.261274e-03	1.346894e-03	1.423926e-03	1.492257e-03	1.551859e-03
	1.602830e-03	1.645373e-03	1.679620e-03	1.705343e-03	1.722036e-03
	1.729071e-03	1.725883e-03	1.712075e-03	1.687264e-03	1.651074e-03
	1.602512e-03	1.541065e-03	1.467023e-03	1.382562e-03	1.292034e-03
	1.200890e-03	1.113779e-03	1.032799e-03	9.627250e-04	8.993915e-04
	8.449331e-04	7.968369e-04	7.540662e-04	7.161558e-04	6.807539e-04
	6.479503e-04	6.160565e-04	5.845215e-04	5.523706e-04	5.186812e-04
	4.828086e-04	4.445217e-04	4.043484e-04	3.630462e-04	3.208679e-04
	2.781542e-04	2.355632e-04	1.950388e-04	1.577136e-04	1.244113e-04
	9.514841e-05	6.970197e-05	4.770141e-05	2.890259e-05	1.309020e-05
	1.000000e-60
massfraction-H2O
	1.000000e-60	4.032046e-05	8.837558e-05	1.393745e-04	1.949504e-04
	2.757114e-04	3.439165e-04	4.212863e-04	5.101240e-04	5.728745e-04
	6.747036e-04	7.250578e-04	8.288983e-04	8.689343e-04	9.626997e-04
	9.931030e-04	1.065486e-03	1.085143e-03	1.127387e-03	1.133434e-03
	1.140656e-03	1.129160e-03	1.098823e-03	1.065489e-03	9.966418e-04
	9.367794e-04	8.301689e-04	7.385798e-04	5.955794e-04	4.664396e-04
	2.882382e-04	1.150046e-04	1.000000e-60	1.000000e-60	1.000000e-60
	1.000000e-60	1.000000e-60	1.000000e-60	1.000000e-60	1.000000e-60
	1.000000e-60	1.000000e-60	1.000000e-60	1.000000e-60	1.000000e-60
	1.000000e-60	1.000000e-60	1.000000e-60	2.318982e-02	2.301483e-02
	2.281408e-02	2.259662e-02	2.237320e-02	2.215257e-02	2.194166e-02
	2.175121e-02	2.158978e-02	2.146695e-02	2.139132e-02	2.136904e-02
	2.140179e-02	2.148752e-02	2.162131e-02	2.179754e-02	2.201171e-02
	2.226042e-02	2.254382e-02	2.286326e-02	2.322389e-02	2.363451e-02
	2.410212e-02	2.463986e-02	2.526157e-02	2.598011e-02	2.680551e-02
	2.775459e-02	2.883246e-02	3.004984e-02	3.140850e-02	3.287394e-02
	3.443617e-02	3.604849e-02	3.766073e-02	3.927189e-02	4.085744e-02
	4.240077e-02	4.391819e-02	4.540860e-02	4.686812e-02	4.829607e-02
	4.970256e-02	5.108748e-02	5.244675e-02	5.377515e-02	5.506804e-02
	5.632329e-02	5.754064e-02	5.872232e-02	5.987045e-02	6.097767e-02
	6.203017e-02	6.300971e-02	6.389816e-02	6.468025e-02	6.533447e-02
	6.583841e-02	6.615179e-02	6.622210e-02	6.599308e-02	6.542500e-02
	6.451228e-02	6.328476e-02	6.177449e-02	6.004196e-02	5.811998e-02
	5.605425e-02	5.386906e-02	5.155056e-02	4.915970e-02	4.660278e-02
	4.394862e-02	4.112284e-02	3.811292e-02	3.488879e-02	3.142705e-02
	2.772945e-02	2.386927e-02	2.002085e-02	1.631793e-02	1.285358e-02
	9.750600e-03	7.031938e-03	4.905703e-03	3.279041e-03	2.112492e-03
	1.312325e-03	7.833293e-04	4.368003e-04	2.165032e-04	8.092416e-05
	1.000000e-60
massfraction-HO2
	1.000000e-60	1.581796e-07	3.693390e-07	6.401779e-07	9.748060e-07
	1.382664e-06	1.853980e-06	2.400951e-06	3.028559e-06	3.723621e-06
	4.519792e-06	5.376970e-06	6.352939e-06	7.389489e-06	8.558442e-06
	9.794774e-06	1.117155e-05	1.262945e-05	1.422905e-05	1.592902e-05
	1.776692e-05	1.972835e-05	2.182087e-05	2.406262e-05	2.642863e-05
	2.897108e-05	3.163400e-05	3.449806e-05	3.748682e-05	4.069744e-05
	4.404953e-05	4.763606e-05	5.139940e-05	5.540520e-05	5.964716e-05
	6.412548e-05	6.888879e-05	7.386920e-05	7.908998e-05	8.452283e-05
	9.014841e-05	9.598608e-05	1.020474e-04	1.083331e-04	1.148492e-04
	1.214820e-04	1.278937e-04	1.000000e-60	1.681669e-04	1.753393e-04
	1.834012e-04	1.920749e-04	2.011322e-04	2.105405e-04	2.202487e-04
	2.301928e-04	2.402900e-04	2.504028e-04	2.603306e-04	2.698146e-04
	2.786013e-04	2.865321e-04	2.935396e-04	2.996371e-04	3.049003e-04
	3.094050e-04	3.132428e-04	3.164460e-04	3.190345e-04	3.210192e-04
	3.222487e-04	3.226660e-04	3.221343e-04	3.204816e-04	3.174149e-04
	3.129143e-04	3.066075e-04	2.985394e-04	2.887755e-04	2.773374e-04
	2.648661e-04	2.517741e-04	2.385277e-04	2.254299e-04	2.126618e-04
	2.003787e-04	1.885580e-04	1.772118e-04	1.663733e-04	1.560409e-04
	1.461742e-04	1.367769e-04	1.278738e-04	1.194873e-04	1.116242e-04
	1.042665e-04	9.737218e-05	9.087924e-05	8.472502e-05	7.887659e-05
	7.331580e-05	6.802790e-05	6.298170e-05	5.811246e-05	5.336186e-05
	4.867744e-05	4.408755e-05	3.972051e-05	3.584213e-05	3.280168e-05
	3.089622e-05	3.023790e-05	3.074325e-05	3.248224e-05	3.502263e-05
	3.837312e-05	4.236733e-05	4.695316e-05	5.216878e-05	5.800463e-05
	6.456436e-05	7.180268e-05	7.977859e-05	8.826677e-05	9.644525e-05
	1.027254e-04	1.034545e-04	9.328104e-05	7.308799e-05	4.871571e-05
	2.880976e-05	1.560141e-05	8.499214e-06	4.609598e-06	2.521372e-06
	1.383389e-06	7.503880e-07	3.885798e-07	1.817633e-07	6.488061e-08
	1.000000e-60
massfraction-H2O2
	1.000000e-60	8.688093e-08	2.036232e-07	3.544111e-07	5.409044e-07
	7.649955e-07	1.023701e-06	1.319349e-06	1.651061e-06	2.013428e-06
	2.411402e-06	2.832385e-06	3.285562e-06	3.754972e-06	4.250829e-06
	4.757437e-06	5.283083e-06	5.814936e-06	6.357471e-06	6.902077e-06
	7.449249e-06	7.994604e-06	8.535299e-06	9.070393e-06	9.594874e-06
	1.011003e-05	1.060963e-05	1.109584e-05	1.156246e-05	1.201140e-05
	1.243715e-05	1.284038e-05	1.321687e-05	1.356577e-05	1.388366e-05
	1.416739e-05	1.441225e-05	1.461427e-05	1.476892e-05	1.487267e-05
	1.492387e-05	1.491947e-05	1.485647e-05	1.473238e-05	1.454381e-05
	1.429257e-05	1.399596e-05	1.000000e-60	1.276659e-05	1.254279e-05
	1.220401e-05	1.174220e-05	1.115943e-05	1.045322e-05	9.627146e-06
	8.689448e-06	7.657814e-06	6.564014e-06	5.457540e-06	4.402244e-06
	3.460368e-06	2.671173e-06	2.046658e-06	1.574726e-06	1.228783e-06
	9.792574e-07	7.987419e-07	6.665502e-07	5.671374e-07	4.896501e-07
	4.271683e-07	3.738581e-07	3.253604e-07	2.779191e-07	2.279325e-07
	1.707217e-07	1.019792e-07	1.569607e-08	1.000000e-60	1.000000e-60
	1.000000e-60	1.000000e-60	1.000000e-60	1.000000e-60	1.000000e-60
	1.000000e-60	1.000000e-60	1.000000e-60	1.000000e-60	1.000000e-60
	1.000000e-60	1.000000e-60	1.000000e-60	1.000000e-60	1.000000e-60
	1.000000e-60	1.000000e-60	1.000000e-60	1.000000e-60	1.000000e-60
	1.000000e-60	1.000000e-60	1.000000e-60	1.000000e-60	1.000000e-60
	1.000000e-60	1.000000e-60	1.000000e-60	1.000000e-60	1.000000e-60
	1.000000e-60	1.000000e-60	1.000000e-60	1.000000e-60	1.000000e-60
	1.000000e-60	1.000000e-60	1.766464e-07	2.369148e-06	4.225241e-06
	5.567338e-06	6.695544e-06	7.720194e-06	8.720091e-06	9.710184e-06
	1.058784e-05	1.106203e-05	1.079173e-05	9.680382e-06	7.909424e-06
	5.996527e-06	4.179465e-06	2.868318e-06	1.874945e-06	1.181494e-06
	7.220303e-07	4.302789e-07	2.392337e-07	1.179772e-07	4.377509e-08
	1.000000e-60
massfraction-CO
	1.000000e-60	3.028147e-05	6.720737e-05	1.080863e-04	1.540057e-04
	2.179115e-04	2.763182e-04	3.428746e-04	4.193034e-04	4.815868e-04
	5.718016e-04	6.313432e-04	7.290671e-04	7.875813e-04	8.858571e-04
	9.445380e-04	1.036714e-03	1.095906e-03	1.176587e-03	1.235590e-03
	1.301575e-03	1.358859e-03	1.408254e-03	1.461728e-03	1.493625e-03
	1.540464e-03	1.555320e-03	1.591676e-03	1.590687e-03	1.611628e-03
	1.596230e-03	1.595656e-03	1.566636e-03	1.537561e-03	1.493804e-03
	1.428640e-03	1.367651e-03	1.277286e-03	1.180643e-03	1.072849e-03
	9.436007e-04	8.037399e-04	6.561546e-04	4.956982e-04	3.264536e-04
	1.523583e-04	1.000000e-60	1.000000e-60	2.896241e-02	2.904443e-02
	2.912947e-02	2.921580e-02	2.930519e-02	2.940451e-02	2.951829e-02
	2.965489e-02	2.982030e-02	3.002030e-02	3.025830e-02	3.053374e-02
	3.084153e-02	3.117497e-02	3.152597e-02	3.188718e-02	3.225392e-02
	3.262344e-02	3.299778e-02	3.337987e-02	3.377647e-02	3.419717e-02
	3.464818e-02	3.514209e-02	3.569127e-02	3.630814e-02	3.700336e-02
	3.779801e-02	3.870495e-02	3.974989e-02	4.095856e-02	4.232866e-02
	4.388918e-02	4.563120e-02	4.753102e-02	4.961294e-02	5.186683e-02
	5.428167e-02	5.689128e-02	5.970505e-02	6.272380e-02	6.595153e-02
	6.941061e-02	7.310111e-02	7.700606e-02	8.109558e-02	8.533111e-02
	8.967283e-02	9.408244e-02	9.852309e-02	1.029440e-01	1.072506e-01
	1.113101e-01	1.149613e-01	1.180398e-01	1.203943e-01	1.218627e-01
	1.222641e-01	1.213972e-01	1.190902e-01	1.152968e-01	1.101873e-01
	1.041306e-01	9.755991e-02	9.077732e-02	8.419418e-02	7.777200e-02
	7.171100e-02	6.595897e-02	6.048201e-02	5.532551e-02	5.032209e-02
	4.552770e-02	4.083429e-02	3.624061e-02	3.170809e-02	2.722577e-02
	2.283304e-02	1.862711e-02	1.476519e-02	1.135436e-02	8.425253e-03
	5.997316e-03	4.061428e-03	2.643788e-03	1.654525e-03	1.001523e-03
	5.857862e-04	3.288781e-04	1.731033e-04	8.135382e-05	2.899937e-05
	1.000000e-60
massfraction-CO2
	1.000000e-60	1.000000e-60	1.000000e-60	1.000000e-60	1.000000e-60
	1.000000e-60	1.000000e-60	1.000000e-60	1.000000e-60	1.000000e-60
	1.000000e-60	1.000000e-60	1.000000e-60	1.000000e-60	1.000000e-60
	1.000000e-60	1.000000e-60	1.000000e-60	1.000000e-60	1.000000e-60
	1.000000e-60	1.000000e-60	1.000000e-60	1.000000e-60	1.000000e-60
	1.000000e-60	1.000000e-60	1.000000e-60	1.000000e-60	1.000000e-60
	1.000000e-60	1.000000e-60	1.000000e-60	1.000000e-60	1.000000e-60
	1.000000e-60	1.000000e-60	1.000000e-60	1.000000e-60	1.000000e-60
	1.000000e-60	1.000000e-60	1.000000e-60	1.000000e-60	1.000000e-60
	1.000000e-60	1.000000e-60	1.000000e-60	1.867292e-03	3.662309e-04
	1.000000e-60	1.000000e-60	1.000000e-60	1.000000e-60	1.000000e-60
	1.000000e-60	1.000000e-60	1.000000e-60	1.000000e-60	1.000000e-60
	1.000000e-60	1.000000e-60	1.000000e-60	1.000000e-60	1.000000e-60
	1.000000e-60	1.000000e-60	1.000000e-60	1.000000e-60	1.000000e-60
	1.000000e-60	1.000000e-60	1.000000e-60	1.000000e-60	1.000000e-60
	1.000000e-60	1.000000e-60	1.000000e-60	1.000000e-60	1.000000e-60
	1.000000e-60	1.000000e-60	1.000000e-60	1.000000e-60	1.000000e-60
	1.000000e-60	1.000000e-60	1.000000e-60	1.000000e-60	1.000000e-60
	1.000000e-60	1.000000e-60	6.455746e-04	2.376297e-03	4.201296e-03
	6.123746e-03	8.151420e-03	1.029937e-02	1.258689e-02	1.502180e-02
	1.760094e-02	2.031007e-02	2.313301e-02	2.606766e-02	2.911116e-02
	3.226462e-02	3.549239e-02	3.871365e-02	4.177693e-02	4.448189e-02
	4.663771e-02	4.811748e-02	4.886271e-02	4.893585e-02	4.834825e-02
	4.721757e-02	4.562927e-02	4.360201e-02	4.132900e-02	3.865742e-02
	3.583689e-02	3.275056e-02	2.943642e-02	2.592825e-02	2.226492e-02
	1.851522e-02	1.483411e-02	1.145531e-02	8.497513e-03	6.019123e-03
	4.061545e-03	2.564114e-03	1.560059e-03	9.016946e-04	5.002119e-04
	2.674148e-04	1.378830e-04	6.665590e-05	2.885492e-05	9.534369e-06
	1.000000e-60
massfraction-CH
	1.000000e-60	2.290142e-21	1.000000e-60	3.377703e-21	9.230755e-22
	1.000000e-60	1.000000e-60	1.000000e-60	9.859032e-22	4.918824e-21
	1.000000e-60	2.747535e-21	1.000000e-60	1.613801e-21	1.000000e-60
	1.000000e-60	1.000000e-60	1.000000e-60	1.000000e-60	1.000000e-60
	1.000000e-60	1.000000e-60	1.000000e-60	1.067621e-20	1.000000e-60
	9.176057e-20	1.000000e-60	1.000000e-60	1.000000e-60	1.000000e-60
	1.476341e-20	4.072170e-20	5.572065e-21	1.000000e-60	1.000000e-60
	1.000000e-60	3.839747e-19	1.257669e-19	2.083941e-20	1.469294e-19
	1.000000e-60	1.000000e-60	1.000000e-60	1.000000e-60	1.000000e-60
	1.000000e-60	1.000000e-60	1.000000e-60	1.000000e-60	1.000000e-60
	1.000000e-60	1.000000e-60	1.000000e-60	1.000000e-60	1.000000e-60
	1.000000e-60	1.000000e-60	1.000000e-60	1.000000e-60	1.000000e-60
	1.000000e-60	1.000000e-60	1.000000e-60	1.000000e-60	1.000000e-60
	1.000000e-60	1.000000e-60	1.000000e-60	1.000000e-60	1.000000e-60
	1.000000e-60	1.000000e-60	1.000000e-60	1.000000e-60	1.000000e-60
	1.000000e-60	1.000000e-60	1.000000e-60	1.000000e-60	1.000000e-60
	1.000000e-60	1.000000e-60	1.000000e-60	1.000000e-60	1.000000e-60
	1.000000e-60	1.000000e-60	1.000000e-60	1.000000e-60	1.000000e-60
	1.000000e-60	1.000000e-60	1.000000e-60	1.000000e-60	1.000000e-60
	1.000000e-60	1.000000e-60	1.000000e-60	1.000000e-60	1.000000e-60
	6.750517e-06	1.277447e-05	1.686517e-05	1.886053e-05	1.876873e-05
	1.692298e-05	1.383140e-05	1.016816e-05	6.677012e-06	3.921656e-06
	2.087049e-06	1.029046e-06	4.780660e-07	2.112315e-07	9.075342e-08
	3.841474e-08	1.590226e-08	6.458564e-09	2.577925e-09	9.670861e-10
	3.534158e-10	1.172329e-10	3.424268e-11	8.405525e-12	1.624520e-12
	2.238980e-13	1.997476e-14	1.285672e-15	5.428840e-17	1.715133e-18
	5.038065e-20	1.451467e-21	6.571105e-23	5.701674e-24	9.478602e-25
	1.000000e-60	5.761272e-25	1.000000e-60	1.000000e-60	6.043415e-25
	1.000000e-60
massfraction-CHO
	1.000000e-60	1.000000e-60	1.000000e-60	1.000000e-60	1.000000e-60
	1.000000e-60	1.000000e-60	1.000000e-60	1.000000e-60	1.000000e-60
	1.000000e-60	1.000000e-60	1.000000e-60	1.000000e-60	1.000000e-60
	5.327370e-18	6.550667e-17	1.871447e-16	4.471221e-16	9.487487e-16
	1.929157e-15	3.774746e-15	7.155830e-15	1.337921e-14	2.411245e-14
	4.335758e-14	7.467085e-14	1.290910e-13	2.131718e-13	3.539366e-13
	5.636097e-13	8.984980e-13	1.390602e-12	2.130293e-12	3.222347e-12
	4.712201e-12	6.854352e-12	9.567216e-12	1.293449e-11	1.678885e-11
	2.025795e-11	2.212969e-11	2.047106e-11	1.235270e-11	1.000000e-60
	1.000000e-60	1.000000e-60	1.000000e-60	9.294216e-10	8.577465e-10
	8.555060e-10	8.973504e-10	9.574498e-10	1.021091e-09	9.858897e-10
	8.208221e-10	3.013704e-10	1.000000e-60	1.000000e-60	1.000000e-60
	1.000000e-60	1.000000e-60	1.000000e-60	1.000000e-60	1.000000e-60
	1.000000e-60	1.000000e-60	1.000000e-60	1.000000e-60	1.000000e-60
	1.000000e-60	1.000000e-60	1.000000e-60	1.000000e-60	1.000000e-60
	1.000000e-60	1.000000e-60	1.000000e-60	1.000000e-60	1.000000e-60
	1.000000e-60	1.000000e-60	1.000000e-60	1.000000e-60	1.000000e-60
	1.000000e-60	1.000000e-60	1.000000e-60	1.000000e-60	1.000000e-60
	1.000000e-60	1.000000e-60	1.000000e-60	1.000000e-60	3.204496e-06
	8.573487e-06	1.435664e-05	2.041436e-05	2.658142e-05	3.258407e-05
	3.806060e-05	4.259793e-05	4.579351e-05	4.727485e-05	4.668117e-05
	4.395672e-05	3.919133e-05	3.279321e-05	2.559344e-05	1.866079e-05
	1.286607e-05	8.564404e-06	5.605636e-06	3.651097e-06	2.423526e-06
	1.645091e-06	1.143625e-06	8.072433e-07	5.761402e-07	4.049296e-07
	2.796320e-07	1.840961e-07	1.127512e-07	6.249716e-08	3.037131e-08
	1.237500e-08	4.077557e-09	1.157752e-09	2.868644e-10	7.186843e-11
	2.047555e-11	6.114186e-12	1.986016e-12	6.380432e-13	2.036610e-13
	6.370070e-14	1.907505e-14	5.121771e-15	1.112023e-15	1.405455e-16
	1.000000e-60
massfraction-CH2
	1.000000e-60	1.000000e-60	1.000000e-60	1.000000e-60	1.000000e-60
	1.000000e-60	1.000000e-60	1.000000e-60	1.000000e-60	1.000000e-60
	1.000000e-60	4.441386e-21	2.367027e-20	5.391197e-20	1.433377e-19
	2.757041e-19	6.729891e-19	1.253713e-18	2.957438e-18	5.525953e-18
	1.249268e-17	2.373659e-17	5.028863e-17	9.780380e-17	1.904148e-16
	3.787487e-16	6.774190e-16	1.356381e-15	2.277867e-15	4.443127e-15
	7.261788e-15	1.320589e-14	2.167907e-14	3.532080e-14	5.904441e-14
	8.335402e-14	1.411171e-13	1.995229e-13	2.760440e-13	3.999435e-13
	4.622578e-13	4.373576e-13	2.972947e-13	1.000000e-60	1.000000e-60
	1.000000e-60	1.000000e-60	1.000000e-60	1.000000e-60	1.000000e-60
	1.000000e-60	1.000000e-60	1.000000e-60	1.000000e-60	1.000000e-60
	1.000000e-60	1.000000e-60	1.000000e-60	1.000000e-60	1.000000e-60
	1.000000e-60	1.000000e-60	1.000000e-60	1.000000e-60	1.000000e-60
	1.000000e-60	1.000000e-60	1.000000e-60	1.000000e-60	1.000000e-60
	1.000000e-60	1.000000e-60	1.000000e-60	1.000000e-60	1.000000e-60
	1.000000e-60	1.000000e-60	1.000000e-60	1.000000e-60	1.000000e-60
	1.000000e-60	1.000000e-60	1.000000e-60	1.000000e-60	1.000000e-60
	1.000000e-60	1.000000e-60	1.000000e-60	1.000000e-60	1.000000e-60
	1.000000e-60	1.000000e-60	1.000000e-60	1.000000e-60	1.000000e-60
	9.193310e-06	2.451505e-05	3.828440e-05	4.999450e-05	5.908262e-05
	6.504973e-05	6.759511e-05	6.670816e-05	6.260429e-05	5.566512e-05
	4.671900e-05	3.671817e-05	2.677041e-05	1.800670e-05	1.120680e-05
	6.532746e-06	3.633943e-06	1.958738e-06	1.030071e-06	5.403623e-07
	2.831891e-07	1.489992e-07	7.846582e-08	4.146109e-08	2.161858e-08
	1.111859e-08	5.523589e-09	2.597594e-09	1.122369e-09	4.286453e-10
	1.376606e-10	3.597343e-11	7.913092e-12	1.528433e-12	2.773610e-13
	5.184005e-14	1.026792e-14	2.498316e-15	7.396726e-16	2.690096e-16
	1.141404e-16	5.265353e-17	2.478752e-17	1.093958e-17	3.660713e-18
	1.000000e-60
massfraction-CH2O
	1.000000e-60	9.528067e-07	2.353409e-06	4.302987e-06	6.908063e-06
	1.040707e-05	1.465603e-05	1.989023e-05	2.624301e-05	3.343778e-05
	4.215528e-05	5.154675e-05	6.275335e-05	7.452505e-05	8.824961e-05
	1.025348e-04	1.187383e-04	1.356104e-04	1.542067e-04	1.736638e-04
	1.945564e-04	2.165440e-04	2.396423e-04	2.640790e-04	2.893231e-04
	3.161331e-04	3.435183e-04	3.726243e-04	4.022006e-04	4.335593e-04
	4.654499e-04	4.990492e-04	5.334503e-04	5.693892e-04	6.066273e-04
	6.450592e-04	6.851974e-04	7.261745e-04	7.682934e-04	8.112423e-04
	8.547657e-04	8.990630e-04	9.442107e-04	9.901367e-04	1.036870e-03
	1.083562e-03	1.127894e-03	1.000000e-60	1.678362e-03	1.728678e-03
	1.783971e-03	1.841972e-03	1.900902e-03	1.960404e-03	2.020054e-03
	2.079478e-03	2.138312e-03	2.196022e-03	2.251906e-03	2.305042e-03
	2.354507e-03	2.399759e-03	2.440379e-03	2.476062e-03	2.506670e-03
	2.531974e-03	2.552090e-03	2.566943e-03	2.576583e-03	2.581089e-03
	2.579869e-03	2.572912e-03	2.559786e-03	2.540411e-03	2.514526e-03
	2.483098e-03	2.446727e-03	2.407472e-03	2.368142e-03	2.331701e-03
	2.302036e-03	2.281917e-03	2.272659e-03	2.275091e-03	2.288889e-03
	2.313182e-03	2.347664e-03	2.391512e-03	2.443652e-03	2.502703e-03
	2.567393e-03	2.635471e-03	2.703863e-03	2.768752e-03	2.825739e-03
	2.870044e-03	2.896460e-03	2.899364e-03	2.872742e-03	2.810399e-03
	2.707254e-03	2.560720e-03	2.371239e-03	2.141036e-03	1.874805e-03
	1.581298e-03	1.274475e-03	9.737249e-04	7.025173e-04	4.805203e-04
	3.154322e-04	2.020939e-04	1.281603e-04	8.218222e-05	5.330445e-05
	3.546563e-05	2.407352e-05	1.667627e-05	1.175088e-05	8.348448e-06
	5.961906e-06	4.247301e-06	3.014398e-06	2.123727e-06	1.485150e-06
	1.035269e-06	7.224017e-07	5.044478e-07	3.494990e-07	2.362383e-07
	1.532035e-07	9.429659e-08	5.522728e-08	3.097164e-08	1.675171e-08
	8.734056e-09	4.360712e-09	2.046402e-09	8.627161e-10	2.787250e-10
	1.000000e-60
massfraction-CH3
	1.000000e-60	6.124315e-09	1.391311e-08	2.338146e-08	3.463300e-08
	4.844968e-08	6.358601e-08	8.096196e-08	1.009433e-07	1.219802e-07
	1.474153e-07	1.729011e-07	2.045211e-07	2.355965e-07	2.743406e-07
	3.125533e-07	3.595526e-07	4.068889e-07	4.634505e-07	5.223243e-07
	5.900717e-07	6.633919e-07	7.442943e-07	8.355694e-07	9.320984e-07
	1.045501e-06	1.161136e-06	1.301247e-06	1.440936e-06	1.612359e-06
	1.783193e-06	1.989250e-06	2.200561e-06	2.441142e-06	2.702987e-06
	2.968406e-06	3.282967e-06	3.576972e-06	3.879752e-06	4.173003e-06
	4.379949e-06	4.488854e-06	4.456842e-06	4.141776e-06	3.402733e-06
	2.017269e-06	1.000000e-60	1.000000e-60	3.508236e-05	1.295948e-05
	1.000000e-60	1.000000e-60	1.000000e-60	1.000000e-60	1.000000e-60
	1.000000e-60	1.000000e-60	1.000000e-60	1.000000e-60	1.000000e-60
	1.000000e-60	1.000000e-60	1.000000e-60	1.000000e-60	1.000000e-60
	1.000000e-60	1.000000e-60	1.000000e-60	1.000000e-60	1.000000e-60
	1.000000e-60	1.000000e-60	1.000000e-60	1.000000e-60	1.000000e-60
	1.000000e-60	1.000000e-60	1.000000e-60	1.000000e-60	7.052331e-04
	1.502477e-03	2.240633e-03	2.885866e-03	3.434848e-03	3.880266e-03
	4.224478e-03	4.478487e-03	4.648233e-03	4.739576e-03	4.759076e-03
	4.713063e-03	4.606976e-03	4.446764e-03	4.239188e-03	3.991547e-03
	3.710961e-03	3.403828e-03	3.075618e-03	2.731721e-03	2.379651e-03
	2.028780e-03	1.689556e-03	1.371397e-03	1.080610e-03	8.221333e-04
	5.991132e-04	4.149636e-04	2.715797e-04	1.681898e-04	9.970734e-05
	5.767382e-05	3.320431e-05	1.929141e-05	1.161534e-05	7.140564e-06
	4.554447e-06	2.972245e-06	1.982172e-06	1.345427e-06	9.166168e-07
	6.268297e-07	4.246470e-07	2.837242e-07	1.850118e-07	1.163252e-07
	6.984045e-08	3.990572e-08	2.190323e-08	1.172338e-08	6.135734e-09
	3.140811e-09	1.582981e-09	8.039310e-10	4.169419e-10	2.219517e-10
	1.199863e-10	6.456230e-11	3.348849e-11	1.579119e-11	5.700648e-12
	1.000000e-60
massfraction-CH4
	1.000000e-60	1.000000e-60	1.000000e-60	1.000000e-60	1.000000e-60
	1.000000e-60	1.000000e-60	1.000000e-60	1.000000e-60	1.000000e-60
	1.000000e-60	1.000000e-60	1.000000e-60	1.000000e-60	1.000000e-60
	1.000000e-60	1.000000e-60	1.000000e-60	1.000000e-60	1.000000e-60
	1.000000e-60	1.000000e-60	1.000000e-60	1.000000e-60	1.000000e-60
	1.000000e-60	1.000000e-60	1.000000e-60	1.000000e-60	1.000000e-60
	1.000000e-60	1.000000e-60	1.000000e-60	1.000000e-60	1.000000e-60
	1.000000e-60	1.000000e-60	1.000000e-60	1.000000e-60	1.000000e-60
	1.000000e-60	1.000000e-60	1.000000e-60	1.000000e-60	1.000000e-60
	1.000000e-60	1.000000e-60	1.000000e-60	1.000000e-60	1.000000e-60
	1.000000e-60	1.000000e-60	1.000000e-60	1.000000e-60	1.000000e-60
	1.000000e-60	1.000000e-60	1.000000e-60	1.000000e-60	1.000000e-60
	1.000000e-60	1.000000e-60	1.000000e-60	1.000000e-60	1.000000e-60
	1.000000e-60	1.000000e-60	1.000000e-60	1.000000e-60	1.000000e-60
	1.000000e-60	1.000000e-60	1.000000e-60	1.000000e-60	2.445610e-04
	8.022912e-04	1.374649e-03	1.951664e-03	2.515949e-03	3.042232e-03
	3.514503e-03	3.914262e-03	4.233189e-03	4.474623e-03	4.642605e-03
	4.744415e-03	4.787753e-03	4.779033e-03	4.724380e-03	4.629654e-03
	4.498983e-03	4.336778e-03	4.147826e-03	3.937153e-03	3.709665e-03
	3.469573e-03	3.220089e-03	2.963263e-03	2.700748e-03	2.435481e-03
	2.171410e-03	1.913101e-03	1.664510e-03	1.427600e-03	1.203766e-03
	9.941549e-04	8.013703e-04	6.289486e-04	4.812316e-04	3.612005e-04
	2.686518e-04	2.002441e-04	1.507783e-04	1.160112e-04	9.115051e-05
	7.355924e-05	6.076335e-05	5.128522e-05	4.408551e-05	3.837637e-05
	3.368082e-05	2.964392e-05	2.605726e-05	2.273626e-05	1.957132e-05
	1.652572e-05	1.361834e-05	1.092403e-05	8.518084e-06	6.421993e-06
	4.647077e-06	3.210972e-06	2.125853e-06	1.356268e-06	8.380103e-07
	5.002478e-07	2.859038e-07	1.531691e-07	7.323063e-08	2.652638e-08
	1.000000e-60
massfraction-C2H6
	1.000000e-60	3.044009e-07	6.219445e-07	7.642840e-07	6.839073e-07
	1.039907e-06	5.910465e-07	1.000000e-60	1.000000e-60	1.000000e-60
	1.000000e-60	1.000000e-60	1.000000e-60	1.000000e-60	1.000000e-60
	1.000000e-60	1.000000e-60	1.000000e-60	1.000000e-60	1.000000e-60
	1.000000e-60	1.000000e-60	1.000000e-60	1.000000e-60	1.000000e-60
	1.000000e-60	1.000000e-60	1.000000e-60	1.000000e-60	1.000000e-60
	1.000000e-60	1.000000e-60	1.000000e-60	1.000000e-60	1.000000e-60
	1.000000e-60	1.000000e-60	1.000000e-60	1.000000e-60	1.000000e-60
	1.000000e-60	1.000000e-60	1.000000e-60	1.000000e-60	1.000000e-60
	1.000000e-60	1.000000e-60	1.000000e-60	1.193604e-03	1.182532e-03
	1.169710e-03	1.158347e-03	1.152539e-03	1.156739e-03	1.176823e-03
	1.219142e-03	1.292455e-03	1.406795e-03	1.574329e-03	1.806711e-03
	2.113153e-03	2.500544e-03	2.969746e-03	3.514836e-03	4.124238e-03
	4.779996e-03	5.466610e-03	6.166806e-03	6.869051e-03	7.565196e-03
	8.236572e-03	8.872701e-03	9.452238e-03	9.951109e-03	1.033401e-02
	1.057716e-02	1.064610e-02	1.052328e-02	1.019727e-02	9.684537e-03
	9.016579e-03	8.246862e-03	7.436155e-03	6.618242e-03	5.827957e-03
	5.088075e-03	4.401305e-03	3.773310e-03	3.207764e-03	2.704030e-03
	2.257525e-03	1.865774e-03	1.526430e-03	1.236330e-03	9.913538e-04
	7.865517e-04	6.166588e-04	4.765448e-04	3.618385e-04	2.692775e-04
	1.960565e-04	1.394930e-04	9.682262e-05	6.526880e-05	4.245993e-05
	2.640956e-05	1.557159e-05	8.650191e-06	4.536877e-06	2.274569e-06
	1.111672e-06	5.408430e-07	2.660596e-07	1.357878e-07	7.168488e-08
	3.989057e-08	2.325369e-08	1.426991e-08	9.199534e-09	6.194601e-09
	4.339271e-09	3.138617e-09	2.333039e-09	1.764265e-09	1.343225e-09
	1.019028e-09	7.616526e-10	5.557160e-10	3.930992e-10	2.667783e-10
	1.717102e-10	1.041003e-10	5.969759e-11	3.268841e-11	1.723891e-11
	8.757458e-12	4.258085e-12	1.947479e-12	8.014779e-13	2.534567e-13
	1.000000e-60
massfraction-C2H
	1.000000e-60	1.000000e-60	1.000000e-60	2.393496e-23	3.622060e-23
	8.662592e-23	8.739585e-23	1.000000e-60	9.219537e-23	9.687537e-23
	1.000000e-60	1.000000e-60	1.000000e-60	1.000000e-60	8.695448e-23
	1.000000e-60	1.000000e-60	1.000000e-60	4.802593e-22	8.995899e-22
	2.239872e-21	5.309199e-21	1.362367e-20	3.198830e-20	8.843463e-20
	2.246075e-19	5.207113e-19	1.331133e-18	2.927499e-18	7.371283e-18
	1.599507e-17	3.790698e-17	8.327748e-17	1.816818e-16	4.058324e-16
	8.160371e-16	1.827619e-15	3.713594e-15	7.485061e-15	1.530577e-14
	2.920266e-14	5.486041e-14	1.039840e-13	1.923544e-13	3.527284e-13
	6.314964e-13	1.046753e-12	1.000000e-60	1.162114e-12	6.404820e-13
	1.000000e-60	1.000000e-60	1.000000e-60	1.000000e-60	1.000000e-60
	1.000000e-60	1.000000e-60	1.000000e-60	1.000000e-60	1.000000e-60
	1.000000e-60	1.000000e-60	1.000000e-60	1.000000e-60	1.000000e-60
	1.000000e-60	1.000000e-60	1.000000e-60	1.000000e-60	1.000000e-60
	1.000000e-60	1.000000e-60	1.000000e-60	1.000000e-60	1.000000e-60
	1.000000e-60	1.000000e-60	1.000000e-60	1.000000e-60	1.000000e-60
	1.000000e-60	1.000000e-60	1.000000e-60	1.000000e-60	1.000000e-60
	1.000000e-60	1.000000e-60	1.000000e-60	1.000000e-60	1.000000e-60
	1.000000e-60	1.000000e-60	1.000000e-60	1.000000e-60	4.397629e-07
	1.977653e-06	3.309144e-06	4.383600e-06	5.170737e-06	5.643953e-06
	5.794151e-06	5.639002e-06	5.222640e-06	4.599783e-06	3.828424e-06
	3.000411e-06	2.193008e-06	1.478582e-06	9.138331e-07	5.192840e-07
	2.748455e-07	1.380193e-07	6.659284e-08	3.185569e-08	1.500396e-08
	7.184017e-09	3.454847e-09	1.683433e-09	8.409440e-10	4.157572e-10
	2.107572e-10	1.043636e-10	4.977187e-11	2.208324e-11	8.650743e-12
	2.795956e-12	7.042395e-13	1.431341e-13	2.412362e-14	3.689012e-15
	5.724037e-16	9.020873e-17	1.842002e-17	4.559269e-18	1.403483e-18
	5.120291e-19	2.037837e-19	7.950611e-20	2.631858e-20	5.098653e-21
	1.000000e-60
massfraction-C2H2
	1.000000e-60	1.000000e-60	1.000000e-60	1.000000e-60	1.000000e-60
	1.000000e-60	1.000000e-60	1.000000e-60	1.000000e-60	1.000000e-60
	1.000000e-60	1.000000e-60	1.000000e-60	1.000000e-60	1.000000e-60
	1.000000e-60	1.000000e-60	1.000000e-60	1.000000e-60	1.000000e-60
	1.000000e-60	1.000000e-60	1.000000e-60	1.000000e-60	1.000000e-60
	1.000000e-60	1.000000e-60	1.000000e-60	1.000000e-60	1.000000e-60
	1.000000e-60	1.000000e-60	1.000000e-60	1.000000e-60	1.000000e-60
	1.000000e-60	1.000000e-60	1.000000e-60	1.000000e-60	1.000000e-60
	1.000000e-60	1.000000e-60	1.000000e-60	1.000000e-60	1.000000e-60
	1.000000e-60	1.000000e-60	1.000000e-60	1.000000e-60	1.000000e-60
	1.000000e-60	1.000000e-60	1.000000e-60	1.000000e-60	1.000000e-60
	1.000000e-60	1.000000e-60	1.000000e-60	1.000000e-60	1.000000e-60
	1.000000e-60	1.000000e-60	1.000000e-60	1.000000e-60	1.000000e-60
	1.000000e-60	1.000000e-60	1.000000e-60	1.000000e-60	1.000000e-60
	1.000000e-60	1.000000e-60	1.000000e-60	1.000000e-60	1.000000e-60
	1.000000e-60	1.000000e-60	1.000000e-60	1.000000e-60	2.743557e-03
	5.952978e-03	9.250755e-03	1.247883e-02	1.556757e-02	1.842129e-02
	2.097529e-02	2.321699e-02	2.511636e-02	2.664750e-02	2.779795e-02
	2.856168e-02	2.893068e-02	2.890397e-02	2.849224e-02	2.771773e-02
	2.661029e-02	2.520252e-02	2.352476e-02	2.160711e-02	1.949427e-02
	1.724709e-02	1.494011e-02	1.264832e-02	1.043014e-02	8.337499e-03
	6.413739e-03	4.711455e-03	3.281055e-03	2.160822e-03	1.352710e-03
	8.147475e-04	4.793340e-04	2.788437e-04	1.645668e-04	9.811495e-05
	6.037485e-05	3.819485e-05	2.502941e-05	1.702471e-05	1.197325e-05
	8.716115e-06	6.528934e-06	5.020503e-06	3.928356e-06	3.094971e-06
	2.427637e-06	1.873257e-06	1.409694e-06	1.029176e-06	7.226283e-07
	4.831879e-07	3.055877e-07	1.836817e-07	1.057098e-07	5.869199e-08
	3.142336e-08	1.611107e-08	7.761185e-09	3.354784e-09	1.108791e-09
	1.000000e-60
massfraction-CHCO
	1.000000e-60	1.000000e-60	1.000000e-60	1.000000e-60	1.000000e-60
	1.000000e-60	1.000000e-60	1.000000e-60	1.000000e-60	1.000000e-60
	1.000000e-60	1.000000e-60	1.000000e-60	1.000000e-60	1.000000e-60
	1.000000e-60	1.000000e-60	1.000000e-60	1.000000e-60	1.000000e-60
	1.000000e-60	1.000000e-60	1.000000e-60	1.000000e-60	1.000000e-60
	1.000000e-60	1.000000e-60	1.000000e-60	1.000000e-60	1.000000e-60
	1.000000e-60	1.000000e-60	1.000000e-60	1.000000e-60	1.000000e-60
	1.000000e-60	1.000000e-60	1.000000e-60	1.000000e-60	1.000000e-60
	1.000000e-60	1.000000e-60	1.000000e-60	1.000000e-60	1.000000e-60
	1.000000e-60	1.000000e-60	1.000000e-60	1.000000e-60	1.000000e-60
	1.000000e-60	1.000000e-60	1.000000e-60	1.000000e-60	1.000000e-60
	1.000000e-60	1.000000e-60	1.000000e-60	1.000000e-60	1.000000e-60
	1.000000e-60	1.000000e-60	1.000000e-60	1.000000e-60	1.000000e-60
	1.000000e-60	1.000000e-60	1.000000e-60	1.000000e-60	1.000000e-60
	1.000000e-60	1.000000e-60	1.000000e-60	1.000000e-60	1.000000e-60
	1.000000e-60	1.000000e-60	1.000000e-60	1.000000e-60	1.000000e-60
	1.000000e-60	1.000000e-60	1.000000e-60	1.970365e-04	5.940009e-04
	9.871275e-04	1.375547e-03	1.754834e-03	2.119552e-03	2.465098e-03
	2.787923e-03	3.081848e-03	3.339339e-03	3.552665e-03	3.714700e-03
	3.819424e-03	3.861886e-03	3.837693e-03	3.742570e-03	3.574218e-03
	3.334481e-03	3.031036e-03	2.676793e-03	2.286782e-03	1.878679e-03
	1.470930e-03	1.086493e-03	7.494331e-04	4.803132e-04	2.872317e-04
	1.623858e-04	8.824645e-05	4.675796e-05	2.511339e-05	1.345119e-05
	7.441305e-06	4.196954e-06	2.445287e-06	1.474659e-06	9.119926e-07
	5.844826e-07	3.828242e-07	2.557709e-07	1.725597e-07	1.159460e-07
	7.633344e-08	4.846142e-08	2.948723e-08	1.721289e-08	9.639458e-09
	5.192404e-09	2.715813e-09	1.415635e-09	7.485957e-10	4.054003e-10
	2.232495e-10	1.227742e-10	6.532800e-11	3.167801e-11	1.176225e-11
	1.000000e-60
massfraction-C3H3
	1.000000e-60	1.000000e-60	1.000000e-60	1.000000e-60	5.192954e-21
	4.693581e-21	8.193045e-21	1.000000e-60	1.209380e-20	9.012872e-23
	1.861473e-22	1.325621e-20	1.000000e-60	1.000000e-60	1.000000e-60
	3.220513e-20	3.806969e-20	1.000000e-60	1.000000e-60	1.000000e-60
	1.000000e-60	1.000000e-60	1.000000e-60	8.377782e-21	3.465989e-19
	5.208708e-19	8.620688e-20	1.000000e-60	1.000000e-60	1.000000e-60
	2.790794e-19	1.000000e-60	4.606234e-19	1.000000e-60	1.000000e-60
	1.000000e-60	2.847612e-18	1.000000e-60	1.000000e-60	1.000000e-60
	1.000000e-60	1.000000e-60	1.000000e-60	1.000000e-60	1.000000e-60
	1.000000e-60	1.000000e-60	1.000000e-60	1.000000e-60	1.000000e-60
	1.000000e-60	1.000000e-60	1.000000e-60	1.000000e-60	1.000000e-60
	1.000000e-60	1.000000e-60	1.000000e-60	1.000000e-60	1.000000e-60
	1.000000e-60	1.000000e-60	1.000000e-60	1.000000e-60	1.000000e-60
	1.000000e-60	1.000000e-60	1.000000e-60	1.000000e-60	1.000000e-60
	1.000000e-60	1.000000e-60	1.000000e-60	1.000000e-60	1.000000e-60
	1.000000e-60	1.000000e-60	1.000000e-60	1.000000e-60	1.000000e-60
	1.000000e-60	1.000000e-60	1.000000e-60	1.000000e-60	1.000000e-60
	1.000000e-60	1.000000e-60	1.000000e-60	1.000000e-60	1.000000e-60
	1.000000e-60	1.000000e-60	1.000000e-60	1.000000e-60	1.000000e-60
	5.740989e-06	1.843452e-05	2.680843e-05	3.108229e-05	3.171131e-05
	2.941566e-05	2.513146e-05	1.985928e-05	1.447821e-05	9.671443e-06
	5.814106e-06	3.080084e-06	1.406483e-06	5.469250e-07	1.822770e-07
	5.318723e-08	1.378622e-08	3.194426e-09	8.244555e-10	1.854182e-10
	4.806567e-11	1.136961e-11	2.891170e-12	7.546213e-13	1.726134e-13
	4.826120e-14	1.164078e-14	2.467114e-15	4.537261e-16	6.808496e-17
	7.274239e-18	4.477766e-19	2.338804e-20	6.560929e-22	1.497440e-23
	2.813411e-25	4.034646e-27	1.418890e-28	5.541370e-30	1.142199e-30
	1.000000e-60	1.000000e-60	1.000000e-60	1.000000e-60	3.361657e-33
	1.000000e-60
massfraction-C2H3
	1.000000e-60	1.000000e-60	1.000000e-60	1.000000e-60	1.000000e-60
	1.000000e-60	1.000000e-60	1.000000e-60	1.000000e-60	1.000000e-60
	1.000000e-60	1.000000e-60	4.883962e-17	1.725592e-16	5.976783e-16
	1.295846e-15	3.588465e-15	7.253304e-15	1.867363e-14	3.730454e-14
	8.980040e-14	1.802596e-13	3.983266e-13	8.042991e-13	1.608207e-12
	3.225271e-12	5.860248e-12	1.132581e-11	1.895353e-11	3.384262e-11
	5.232074e-11	8.229497e-11	1.146822e-10	1.482618e-10	1.692806e-10
	1.313618e-10	2.457148e-11	1.000000e-60	1.000000e-60	1.000000e-60
	1.000000e-60	1.000000e-60	1.000000e-60	1.000000e-60	1.000000e-60
	1.000000e-60	1.000000e-60	1.000000e-60	1.000000e-60	1.000000e-60
	1.000000e-60	1.000000e-60	1.000000e-60	1.000000e-60	1.000000e-60
	1.000000e-60	1.000000e-60	1.000000e-60	1.000000e-60	1.000000e-60
	1.000000e-60	1.000000e-60	1.000000e-60	1.000000e-60	1.000000e-60
	1.000000e-60	1.000000e-60	1.000000e-60	1.000000e-60	1.000000e-60
	1.000000e-60	1.000000e-60	1.000000e-60	1.000000e-60	1.000000e-60
	1.000000e-60	1.000000e-60	1.000000e-60	1.000000e-60	1.000000e-60
	1.000000e-60	1.000000e-60	3.034574e-06	1.255590e-04	2.446110e-04
	3.541323e-04	4.520891e-04	5.359731e-04	6.038195e-04	6.546821e-04
	6.891456e-04	7.077042e-04	7.112541e-04	7.011874e-04	6.792605e-04
	6.473396e-04	6.070979e-04	5.601317e-04	5.081407e-04	4.528496e-04
	3.961027e-04	3.398017e-04	2.855800e-04	2.344193e-04	1.870169e-04
	1.442371e-04	1.068953e-04	7.571080e-05	5.120865e-05	3.328439e-05
	2.105387e-05	1.316046e-05	8.213874e-06	5.191842e-06	3.325758e-06
	2.175343e-06	1.444531e-06	9.710622e-07	6.600166e-07	4.478413e-07
	3.037592e-07	2.025669e-07	1.306524e-07	7.921383e-08	4.335388e-08
	2.019763e-08	7.513494e-09	2.244603e-09	5.054080e-10	9.032683e-11
	1.641966e-11	3.516767e-12	1.025288e-12	3.090170e-13	9.292503e-14
	2.721305e-14	7.586274e-15	1.891617e-15	3.825690e-16	4.574005e-17
	1.000000e-60
massfraction-C2H4
	1.000000e-60	1.000000e-60	1.000000e-60	1.000000e-60	1.000000e-60
	1.000000e-60	1.000000e-60	1.000000e-60	1.000000e-60	1.000000e-60
	1.000000e-60	1.000000e-60	1.000000e-60	1.000000e-60	1.000000e-60
	1.000000e-60	1.000000e-60	1.000000e-60	1.000000e-60	1.000000e-60
	1.000000e-60	1.000000e-60	1.000000e-60	1.000000e-60	1.000000e-60
	1.000000e-60	1.000000e-60	1.000000e-60	1.000000e-60	1.000000e-60
	1.000000e-60	1.000000e-60	1.000000e-60	1.000000e-60	1.000000e-60
	1.000000e-60	1.000000e-60	1.000000e-60	1.000000e-60	1.000000e-60
	1.000000e-60	1.000000e-60	1.000000e-60	1.000000e-60	1.000000e-60
	1.000000e-60	1.000000e-60	1.000000e-60	5.048586e-04	2.409955e-04
	1.000000e-60	1.000000e-60	1.000000e-60	1.000000e-60	1.000000e-60
	1.000000e-60	1.000000e-60	1.000000e-60	1.000000e-60	1.000000e-60
	1.000000e-60	1.000000e-60	1.000000e-60	1.000000e-60	1.000000e-60
	8.071000e-04	2.106823e-03	3.676926e-03	5.530197e-03	7.689595e-03
	1.015279e-02	1.293917e-02	1.604650e-02	1.944476e-02	2.304742e-02
	2.678454e-02	3.047928e-02	3.397804e-02	3.706683e-02	3.949686e-02
	4.115177e-02	4.194417e-02	4.191829e-02	4.118534e-02	3.987144e-02
	3.811781e-02	3.602344e-02	3.368276e-02	3.118384e-02	2.859726e-02
	2.596937e-02	2.335127e-02	2.079322e-02	1.833888e-02	1.602145e-02
	1.386073e-02	1.186430e-02	1.003080e-02	8.357975e-03	6.850731e-03
	5.515846e-03	4.357773e-03	3.373200e-03	2.548794e-03	1.869737e-03
	1.321352e-03	8.926062e-04	5.724586e-04	3.481249e-04	2.020744e-04
	1.134496e-04	6.257281e-05	3.430276e-05	1.912330e-05	1.080134e-05
	6.301295e-06	3.776386e-06	2.339315e-06	1.498794e-06	9.882504e-07
	6.716105e-07	4.679531e-07	3.345838e-07	2.443106e-07	1.812096e-07
	1.356650e-07	1.014627e-07	7.491062e-08	5.401594e-08	3.755364e-08
	2.486827e-08	1.555675e-08	9.239638e-09	5.247072e-09	2.871968e-09
	1.515086e-09	7.654665e-10	3.634499e-10	1.549561e-10	5.058122e-11
	1.000000e-60
massfraction-C2H5
	1.000000e-60	1.000000e-60	1.000000e-60	1.000000e-60	1.000000e-60
	1.000000e-60	1.000000e-60	1.000000e-60	1.000000e-60	1.000000e-60
	1.000000e-60	1.000000e-60	1.000000e-60	1.000000e-60	1.000000e-60
	1.000000e-60	1.000000e-60	1.000000e-60	1.000000e-60	1.000000e-60
	1.000000e-60	1.000000e-60	1.000000e-60	1.000000e-60	1.000000e-60
	1.000000e-60	1.000000e-60	1.000000e-60	1.000000e-60	1.000000e-60
	1.000000e-60	1.000000e-60	1.000000e-60	1.000000e-60	1.000000e-60
	1.000000e-60	1.000000e-60	1.000000e-60	1.000000e-60	1.000000e-60
	1.000000e-60	1.000000e-60	1.000000e-60	1.000000e-60	1.000000e-60
	1.000000e-60	1.000000e-60	1.000000e-60	1.000000e-60	1.000000e-60
	1.000000e-60	1.000000e-60	1.000000e-60	1.000000e-60	1.000000e-60
	1.000000e-60	1.000000e-60	1.000000e-60	1.000000e-60	1.000000e-60
	1.000000e-60	1.000000e-60	1.000000e-60	1.000000e-60	1.000000e-60
	1.000000e-60	1.000000e-60	1.000000e-60	1.000000e-60	1.000000e-60
	1.000000e-60	1.000000e-60	1.000000e-60	1.000000e-60	1.000000e-60
	1.000000e-60	1.000000e-60	2.299886e-05	8.130501e-05	1.413380e-04
	1.988187e-04	2.483774e-04	2.863573e-04	3.130086e-04	3.281163e-04
	3.328255e-04	3.292562e-04	3.188789e-04	3.031156e-04	2.833018e-04
	2.607675e-04	2.366293e-04	2.118864e-04	1.873875e-04	1.637906e-04
	1.415319e-04	1.208346e-04	1.017987e-04	8.450089e-05	6.902756e-05
	5.544745e-05	4.378190e-05	3.395878e-05	2.579634e-05	1.909945e-05
	1.370964e-05	9.489999e-06	6.309133e-06	4.032626e-06	2.496302e-06
	1.514181e-06	9.111801e-07	5.475466e-07	3.320519e-07	2.030148e-07
	1.261431e-07	7.932443e-08	5.054009e-08	3.266227e-08	2.127339e-08
	1.400403e-08	9.258337e-09	6.130679e-09	4.013082e-09	2.529061e-09
	1.465598e-09	7.455054e-10	3.354962e-10	1.385799e-10	5.594597e-11
	2.307071e-11	9.762441e-12	4.224939e-12	1.840659e-12	8.009252e-13
	3.442982e-13	1.446624e-13	5.835433e-14	2.174511e-14	6.451396e-15
	1.000000e-60
massfraction-C3H4
	1.000000e-60	1.000000e-60	1.000000e-60	1.000000e-60	1.000000e-60
	1.000000e-60	1.000000e-60	1.000000e-60	1.000000e-60	1.000000e-60
	1.000000e-60	1.000000e-60	1.000000e-60	1.000000e-60	1.000000e-60
	1.000000e-60	1.000000e-60	1.000000e-60	1.000000e-60	1.000000e-60
	1.000000e-60	1.000000e-60	1.000000e-60	1.000000e-60	1.000000e-60
	1.000000e-60	1.000000e-60	1.000000e-60	1.000000e-60	1.000000e-60
	1.000000e-60	1.000000e-60	1.000000e-60	1.000000e-60	1.000000e-60
	1.000000e-60	1.000000e-60	1.000000e-60	1.000000e-60	1.000000e-60
	1.000000e-60	1.000000e-60	1.000000e-60	1.000000e-60	1.000000e-60
	1.000000e-60	1.000000e-60	1.000000e-60	1.000000e-60	1.000000e-60
	1.000000e-60	1.000000e-60	1.000000e-60	1.000000e-60	1.000000e-60
	1.000000e-60	1.000000e-60	1.000000e-60	1.000000e-60	1.000000e-60
	1.000000e-60	1.000000e-60	1.000000e-60	1.000000e-60	1.000000e-60
	1.000000e-60	1.000000e-60	1.000000e-60	1.000000e-60	1.000000e-60
	1.000000e-60	1.000000e-60	1.000000e-60	1.000000e-60	1.000000e-60
	1.000000e-60	1.000000e-60	9.350023e-06	4.911624e-05	9.166218e-05
	1.360337e-04	1.802144e-04	2.223463e-04	2.619174e-04	2.980702e-04
	3.303509e-04	3.589543e-04	3.837812e-04	4.047271e-04	4.217935e-04
	4.350293e-04	4.443764e-04	4.497778e-04	4.512357e-04	4.488251e-04
	4.426703e-04	4.329081e-04	4.196302e-04	4.028755e-04	3.827821e-04
	3.596356e-04	3.338923e-04	3.060787e-04	2.765894e-04	2.457932e-04
	2.139872e-04	1.817545e-04	1.499762e-04	1.199570e-04	9.311102e-05
	7.045462e-05	5.228858e-05	3.820012e-05	2.783497e-05	2.011090e-05
	1.457443e-05	1.055121e-05	7.645424e-06	5.557111e-06	4.020789e-06
	2.907454e-06	2.084937e-06	1.482579e-06	1.040840e-06	7.184894e-07
	4.865268e-07	3.226528e-07	2.095867e-07	1.328217e-07	8.118349e-08
	4.724362e-08	2.590738e-08	1.350769e-08	6.736818e-09	3.243898e-09
	1.508872e-09	6.745178e-10	2.846134e-10	1.086499e-10	3.213885e-11
	1.000000e-60
massfraction-C3H5
	1.000000e-60	1.234825e-08	3.063412e-08	5.458858e-08	8.515329e-08
	1.343514e-07	1.862510e-07	2.510885e-07	3.352409e-07	4.103317e-07
	5.287208e-07	6.149800e-07	7.642707e-07	8.634313e-07	1.035234e-06
	1.148939e-06	1.331038e-06	1.459795e-06	1.638723e-06	1.780863e-06
	1.945511e-06	2.097113e-06	2.238793e-06	2.394142e-06	2.506935e-06
	2.658340e-06	2.740573e-06	2.877868e-06	2.930979e-06	3.041574e-06
	3.068923e-06	3.137774e-06	3.142350e-06	3.153021e-06	3.134367e-06
	3.069966e-06	3.024448e-06	2.914336e-06	2.797721e-06	2.662544e-06
	2.484340e-06	2.290964e-06	2.090600e-06	1.872489e-06	1.647965e-06
	1.424695e-06	1.221241e-06	1.000000e-60	7.249597e-05	7.306510e-05
	7.370726e-05	7.440835e-05	7.516244e-05	7.598456e-05	7.688743e-05
	7.788859e-05	7.900620e-05	8.025600e-05	8.165062e-05	8.319087e-05
	8.486856e-05	8.668707e-05	8.867041e-05	9.088644e-05	9.346360e-05
	9.657388e-05	1.004427e-04	1.053014e-04	1.114239e-04	1.191503e-04
	1.287587e-04	1.406384e-04	1.551706e-04	1.725957e-04	1.929141e-04
	2.161196e-04	2.415245e-04	2.683356e-04	2.951662e-04	3.197924e-04
	3.407380e-04	3.563489e-04	3.658895e-04	3.696175e-04	3.679277e-04
	3.615853e-04	3.513367e-04	3.378692e-04	3.218823e-04	3.039941e-04
	2.846839e-04	2.644471e-04	2.437839e-04	2.231530e-04	2.029328e-04
	1.833852e-04	1.646520e-04	1.467803e-04	1.297954e-04	1.137822e-04
	9.885179e-05	8.510909e-05	7.259292e-05	6.122953e-05	5.092568e-05
	4.159118e-05	3.320659e-05	2.580308e-05	1.946939e-05	1.427882e-05
	1.021860e-05	7.172107e-06	4.946261e-06	3.398097e-06	2.304404e-06
	1.563523e-06	1.054592e-06	7.090997e-07	4.768798e-07	3.177541e-07
	2.118132e-07	1.401650e-07	9.267947e-08	6.145440e-08	4.107567e-08
	2.780632e-08	1.900173e-08	1.293765e-08	8.616791e-09	5.497922e-09
	3.306006e-09	1.853506e-09	9.781875e-10	4.896377e-10	2.350518e-10
	1.084758e-10	4.796343e-11	1.997929e-11	7.524824e-12	2.197648e-12
	1.000000e-60
massfraction-C3H6
	1.000000e-60	4.446856e-08	1.054898e-07	1.696211e-07	2.311708e-07
	3.679478e-07	4.465487e-07	5.267233e-07	6.433503e-07	5.606755e-07
	6.682088e-07	3.650007e-07	3.780538e-07	1.000000e-60	1.000000e-60
	1.000000e-60	1.000000e-60	1.000000e-60	1.000000e-60	1.000000e-60
	1.000000e-60	1.000000e-60	1.000000e-60	1.000000e-60	1.000000e-60
	1.000000e-60	1.000000e-60	1.000000e-60	1.000000e-60	1.000000e-60
	1.000000e-60	1.000000e-60	1.000000e-60	1.000000e-60	1.000000e-60
	1.000000e-60	1.000000e-60	1.000000e-60	1.000000e-60	1.000000e-60
	1.000000e-60	1.000000e-60	1.000000e-60	1.000000e-60	1.000000e-60
	1.000000e-60	1.000000e-60	1.000000e-60	3.606250e-04	3.550360e-04
	3.489525e-04	3.427877e-04	3.369767e-04	3.318798e-04	3.279350e-04
	3.256732e-04	3.258165e-04	3.293012e-04	3.374224e-04	3.517521e-04
	3.740917e-04	4.065943e-04	4.515237e-04	5.110713e-04	5.871130e-04
	6.805197e-04	7.918611e-04	9.206399e-04	1.066646e-03	1.230135e-03
	1.408757e-03	1.601755e-03	1.805807e-03	2.015623e-03	2.220995e-03
	2.414221e-03	2.579619e-03	2.706044e-03	2.780177e-03	2.791211e-03
	2.740237e-03	2.632455e-03	2.481451e-03	2.299932e-03	2.100633e-03
	1.894904e-03	1.688418e-03	1.486761e-03	1.294642e-03	1.115025e-03
	9.489093e-04	7.975982e-04	6.621235e-04	5.429007e-04	4.396554e-04
	3.514667e-04	2.770042e-04	2.147101e-04	1.631072e-04	1.210914e-04
	8.766094e-05	6.177695e-05	4.228560e-05	2.797296e-05	1.776835e-05
	1.071463e-05	6.068117e-06	3.200781e-06	1.573519e-06	7.298548e-07
	3.259654e-07	1.430732e-07	6.276756e-08	2.894752e-08	1.373769e-08
	7.022816e-09	3.828526e-09	2.281064e-09	1.508108e-09	1.110105e-09
	9.210027e-10	8.336649e-10	7.942346e-10	7.683000e-10	7.319178e-10
	6.670267e-10	5.643777e-10	4.364611e-10	3.093806e-10	2.023450e-10
	1.223273e-10	6.833839e-11	3.562765e-11	1.755172e-11	8.271332e-12
	3.739786e-12	1.616352e-12	6.581706e-13	2.425736e-13	6.948122e-14
	1.000000e-60
massfraction-N-C3H7
	1.000000e-60	3.284378e-11	8.380058e-11	1.557461e-10	2.538427e-10
	4.050762e-10	5.833132e-10	8.126444e-10	1.111033e-09	1.425728e-09
	1.867430e-09	2.286317e-09	2.882480e-09	3.425113e-09	4.174610e-09
	4.859190e-09	5.750275e-09	6.590669e-09	7.605038e-09	8.606819e-09
	9.725917e-09	1.088405e-08	1.208664e-08	1.338099e-08	1.463646e-08
	1.601786e-08	1.726836e-08	1.862128e-08	1.972531e-08	2.078331e-08
	2.137958e-08	2.152651e-08	2.071186e-08	1.855053e-08	1.419299e-08
	6.739453e-09	1.000000e-60	1.000000e-60	1.000000e-60	1.000000e-60
	1.000000e-60	1.000000e-60	1.000000e-60	1.000000e-60	1.000000e-60
	1.000000e-60	1.000000e-60	1.000000e-60	2.877557e-08	2.512569e-08
	1.593351e-08	9.749308e-09	5.624695e-09	2.644827e-09	1.855186e-10
	1.000000e-60	1.000000e-60	1.000000e-60	1.000000e-60	1.000000e-60
	1.000000e-60	1.000000e-60	1.000000e-60	1.000000e-60	1.000000e-60
	1.000000e-60	1.000000e-60	1.000000e-60	1.000000e-60	1.000000e-60
	1.000000e-60	1.000000e-60	1.000000e-60	1.000000e-60	2.565361e-08
	1.128223e-07	2.114775e-07	3.157236e-07	4.203123e-07	5.065173e-07
	5.789512e-07	6.277850e-07	6.490366e-07	6.532737e-07	6.389807e-07
	6.097297e-07	5.725634e-07	5.292165e-07	4.819821e-07	4.324820e-07
	3.833026e-07	3.355781e-07	2.903627e-07	2.484570e-07	2.103509e-07
	1.762249e-07	1.459195e-07	1.192122e-07	9.596432e-08	7.598475e-08
	5.910865e-08	4.514415e-08	3.381655e-08	2.475093e-08	1.757472e-08
	1.204794e-08	7.914337e-09	4.953434e-09	2.956048e-09	1.697484e-09
	9.533112e-10	5.339651e-10	3.029761e-10	1.762744e-10	1.079317e-10
	6.975938e-11	4.846336e-11	3.649823e-11	3.051934e-11	2.879292e-11
	3.194238e-11	4.257416e-11	7.001607e-11	1.363025e-10	2.363313e-10
	2.854810e-10	2.541976e-10	1.908331e-10	1.304899e-10	8.324868e-11
	4.950446e-11	2.732928e-11	1.411683e-11	6.905781e-12	3.236830e-12
	1.457038e-12	6.273188e-13	2.545576e-13	9.353194e-14	2.672293e-14
	1.000000e-60
massfraction-I-C3H7
	1.000000e-60	1.000000e-60	1.000000e-60	1.000000e-60	1.000000e-60
	1.000000e-60	1.000000e-60	1.000000e-60	1.000000e-60	1.000000e-60
	1.000000e-60	1.000000e-60	1.000000e-60	1.000000e-60	1.000000e-60
	1.000000e-60	1.000000e-60	1.000000e-60	1.000000e-60	1.000000e-60
	1.000000e-60	1.000000e-60	1.000000e-60	1.000000e-60	1.000000e-60
	1.000000e-60	1.000000e-60	1.000000e-60	1.000000e-60	1.000000e-60
	1.000000e-60	1.000000e-60	1.000000e-60	1.000000e-60	1.000000e-60
	1.000000e-60	1.000000e-60	1.000000e-60	1.000000e-60	1.000000e-60
	1.000000e-60	1.000000e-60	1.000000e-60	1.000000e-60	1.000000e-60
	1.000000e-60	1.000000e-60	1.000000e-60	1.000000e-60	1.447402e-07
	4.543523e-07	4.884236e-07	4.037669e-07	3.054821e-07	2.225436e-07
	1.594995e-07	1.043694e-07	5.064881e-08	1.000000e-60	1.000000e-60
	1.000000e-60	1.000000e-60	1.000000e-60	1.000000e-60	1.000000e-60
	1.000000e-60	1.000000e-60	1.000000e-60	1.000000e-60	1.000000e-60
	1.000000e-60	1.000000e-60	6.182977e-07	1.388817e-06	2.262934e-06
	3.218861e-06	4.150804e-06	5.021667e-06	5.770237e-06	6.224814e-06
	6.498124e-06	6.527794e-06	6.332694e-06	6.029052e-06	5.618473e-06
	5.143166e-06	4.655106e-06	4.165238e-06	3.687586e-06	3.229845e-06
	2.804025e-06	2.413153e-06	2.059839e-06	1.745124e-06	1.468279e-06
	1.226986e-06	1.017247e-06	8.352802e-07	6.785664e-07	5.446489e-07
	4.315507e-07	3.374179e-07	2.601158e-07	1.969864e-07	1.454490e-07
	1.043522e-07	7.226134e-08	4.803768e-08	3.066011e-08	1.893092e-08
	1.147428e-08	6.959583e-09	4.290525e-09	2.694460e-09	1.787081e-09
	1.243723e-09	9.262252e-10	7.388650e-10	6.355058e-10	5.818881e-10
	5.431316e-10	4.793141e-10	3.772070e-10	2.598204e-10	1.586947e-10
	8.835776e-11	4.630001e-11	2.370802e-11	1.216138e-11	6.274197e-12
	3.204977e-12	1.583815e-12	7.500396e-13	3.398689e-13	1.480944e-13
	6.203902e-14	2.489605e-14	9.455759e-15	3.283692e-15	9.023405e-16
	1.000000e-60
massfraction-C3H8
	1.000000e+00	9.992752e-01	9.983537e-01	9.972607e-01	9.959778e-01
	9.943149e-01	9.926165e-01	9.906812e-01	9.884827e-01	9.863875e-01
	9.837605e-01	9.814990e-01	9.785524e-01	9.761138e-01	9.729675e-01
	9.703454e-01	9.671142e-01	9.643130e-01	9.610931e-01	9.581335e-01
	9.549858e-01	9.518995e-01	9.488618e-01	9.456865e-01	9.427762e-01
	9.395562e-01	9.367644e-01	9.335564e-01	9.308576e-01	9.277288e-01
	9.250871e-01	9.221179e-01	9.194996e-01	9.167728e-01	9.141596e-01
	9.117616e-01	9.091769e-01	9.069445e-01	9.047148e-01	9.025789e-01
	9.006992e-01	8.989043e-01	8.971440e-01	8.954917e-01	8.938834e-01
	8.923309e-01	8.908924e-01	1.000000e-60	4.389899e-01	4.332854e-01
	4.270691e-01	4.205455e-01	4.138420e-01	4.068853e-01	3.996404e-01
	3.920107e-01	3.839323e-01	3.753553e-01	3.662814e-01	3.567876e-01
	3.470120e-01	3.370764e-01	3.270923e-01	3.171362e-01	3.072232e-01
	2.973396e-01	2.873873e-01	2.772755e-01	2.668464e-01	2.558996e-01
	2.443554e-01	2.320148e-01	2.187568e-01	2.045259e-01	1.894241e-01
	1.734256e-01	1.568363e-01	1.398346e-01	1.228028e-01	1.064527e-01
	9.106976e-02	7.716953e-02	6.503046e-02	5.448376e-02	4.547801e-02
	3.787070e-02	3.140099e-02	2.591768e-02	2.129656e-02	1.741362e-02
	1.414537e-02	1.140752e-02	9.131871e-03	7.256579e-03	5.723473e-03
	4.477623e-03	3.469201e-03	2.654927e-03	2.000329e-03	1.480140e-03
	1.073696e-03	7.626187e-04	5.293784e-04	3.573861e-04	2.330035e-04
	1.452505e-04	8.573751e-05	4.752928e-05	2.472138e-05	1.216934e-05
	5.761741e-06	2.672113e-06	1.230398e-06	5.779682e-07	2.753026e-07
	1.362426e-07	6.944402e-08	3.680832e-08	2.028109e-08	1.156480e-08
	6.836809e-09	4.163005e-09	2.614602e-09	1.682543e-09	1.101694e-09
	7.288748e-10	4.822423e-10	3.154747e-10	2.016613e-10	1.238708e-10
	7.191686e-11	3.907425e-11	1.996426e-11	9.690921e-12	4.516413e-12
	2.024088e-12	8.683817e-13	3.513399e-13	1.287726e-13	3.671619e-14
	1.000000e-60
V [kg/(s*m^2)]
	4.724381e-01	4.519270e-01	4.317778e-01	4.123240e-01	3.939812e-01
	3.769351e-01	3.609987e-01	3.460818e-01	3.320782e-01	3.188953e-01
	3.064166e-01	2.946237e-01	2.833444e-01	2.726368e-01	2.622931e-01
	2.524242e-01	2.428196e-01	2.336044e-01	2.246043e-01	2.159140e-01
	2.074231e-01	1.991645e-01	1.911108e-01	1.832164e-01	1.755406e-01
	1.679594e-01	1.606104e-01	1.533108e-01	1.462446e-01	1.392046e-01
	1.323810e-01	1.255909e-01	1.189751e-01	1.124232e-01	1.059787e-01
	9.966892e-02	9.342676e-02	8.739637e-02	8.153648e-02	7.589898e-02
	7.052932e-02	6.540723e-02	6.053700e-02	5.593957e-02	5.161177e-02
	4.762544e-02	4.414085e-02	4.215901e-02	4.065500e-02	3.864899e-02
	3.603314e-02	3.287974e-02	2.929730e-02	2.532496e-02	2.102315e-02
	1.642321e-02	1.157307e-02	6.524815e-03	1.363579e-03	-3.800306e-03
	-8.846248e-03	-1.367359e-02	-1.820971e-02	-2.240702e-02	-2.624766e-02
	-2.974432e-02	-3.293373e-02	-3.586184e-02	-3.858831e-02	-4.116920e-02
	-4.364323e-02	-4.605143e-02	-4.842478e-02	-5.077906e-02	-5.312451e-02
	-5.547274e-02	-5.782857e-02	-6.019641e-02	-6.256705e-02	-6.491033e-02
	-6.720771e-02	-6.942522e-02	-7.153685e-02	-7.355523e-02	-7.548369e-02
	-7.732823e-02	-7.911454e-02	-8.085676e-02	-8.256290e-02	-8.424562e-02
	-8.591956e-02	-8.759296e-02	-8.926896e-02	-9.094927e-02	-9.263662e-02
	-9.433768e-02	-9.606593e-02	-9.784076e-02	-9.968180e-02	-1.016042e-01
	-1.036186e-01	-1.057319e-01	-1.079562e-01	-1.103245e-01	-1.128886e-01
	-1.157095e-01	-1.188575e-01	-1.224041e-01	-1.263910e-01	-1.308139e-01
	-1.356233e-01	-1.407444e-01	-1.461492e-01	-1.517557e-01	-1.575677e-01
	-1.635406e-01	-1.697003e-01	-1.760966e-01	-1.827282e-01	-1.897382e-01
	-1.972128e-01	-2.053053e-01	-2.141410e-01	-2.239841e-01	-2.351313e-01
	-2.478487e-01	-2.623331e-01	-2.785720e-01	-2.964859e-01	-3.162714e-01
	-3.382114e-01	-3.623780e-01	-3.882842e-01	-4.152783e-01	-4.428337e-01
	-4.708216e-01	-4.992598e-01	-5.281583e-01	-5.574622e-01	-5.869886e-01
	-6.165194e-01
density [kg/m^3]
	1.767629e+00	1.765545e+00	1.762392e+00	1.757882e+00	1.751597e+00
	1.742285e+00	1.730674e+00	1.715574e+00	1.696121e+00	1.674024e+00
	1.645366e+00	1.615314e+00	1.577500e+00	1.539540e+00	1.494081e+00
	1.449369e+00	1.398805e+00	1.349371e+00	1.296558e+00	1.244854e+00
	1.192272e+00	1.140602e+00	1.090069e+00	1.040218e+00	9.928320e-01
	9.459491e-01	9.021814e-01	8.588995e-01	8.188113e-01	7.793398e-01
	7.427342e-01	7.070220e-01	6.734310e-01	6.408943e-01	6.099074e-01
	5.805388e-01	5.522181e-01	5.256904e-01	5.005269e-01	4.768423e-01
	4.547056e-01	4.338432e-01	4.141139e-01	3.954951e-01	3.778806e-01
	3.614879e-01	3.469166e-01	4.259980e+57	4.988986e-01	4.997087e-01
	5.001880e-01	5.006054e-01	5.012341e-01	5.019031e-01	5.026216e-01
	5.032385e-01	5.037053e-01	5.039048e-01	5.037481e-01	5.031391e-01
	5.020220e-01	5.003986e-01	4.983224e-01	4.958999e-01	4.932610e-01
	4.901255e-01	4.867694e-01	4.834027e-01	4.800622e-01	4.767417e-01
	4.735005e-01	4.703053e-01	4.671620e-01	4.640682e-01	4.608684e-01
	4.574229e-01	4.540268e-01	4.505541e-01	4.468673e-01	4.410903e-01
	4.346278e-01	4.273635e-01	4.191474e-01	4.104315e-01	4.013609e-01
	3.920750e-01	3.824467e-01	3.725076e-01	3.623256e-01	3.519671e-01
	3.414203e-01	3.307632e-01	3.199867e-01	3.091516e-01	2.985818e-01
	2.883673e-01	2.785786e-01	2.692588e-01	2.604427e-01	2.522233e-01
	2.447192e-01	2.380630e-01	2.323553e-01	2.276516e-01	2.240190e-01
	2.215272e-01	2.203049e-01	2.204989e-01	2.222145e-01	2.254324e-01
	2.299860e-01	2.356222e-01	2.421518e-01	2.493245e-01	2.571412e-01
	2.655907e-01	2.747238e-01	2.846777e-01	2.955264e-01	3.077770e-01
	3.216356e-01	3.377569e-01	3.568449e-01	3.800482e-01	4.089172e-01
	4.454342e-01	4.915122e-01	5.477231e-01	6.142065e-01	6.904285e-01
	7.730028e-01	8.594031e-01	9.374298e-01	1.004406e+00	1.056439e+00
	1.093886e+00	1.119215e+00	1.135913e+00	1.146473e+00	1.152896e+00
	1.156679e+00
cp [J/m^3K]
	1.677129e+03	1.677705e+03	1.678847e+03	1.680822e+03	1.683948e+03
	1.689003e+03	1.695910e+03	1.705431e+03	1.718370e+03	1.733938e+03
	1.754859e+03	1.778141e+03	1.808424e+03	1.840782e+03	1.881035e+03
	1.923306e+03	1.973343e+03	2.025670e+03	2.084638e+03	2.146375e+03
	2.213018e+03	2.282868e+03	2.355684e+03	2.431928e+03	2.509352e+03
	2.590103e+03	2.670641e+03	2.753973e+03	2.836226e+03	2.920396e+03
	3.003142e+03	3.086691e+03	3.169145e+03	3.251670e+03	3.333460e+03
	3.414322e+03	3.494657e+03	3.573698e+03	3.651843e+03	3.729278e+03
	3.794464e+03	3.857498e+03	3.919913e+03	3.981669e+03	4.042569e+03
	4.101423e+03	4.155467e+03	1.131695e-55	2.198170e+03	2.179368e+03
	2.160456e+03	2.141585e+03	2.122002e+03	2.101879e+03	2.081137e+03
	2.059837e+03	2.037931e+03	2.015528e+03	1.992810e+03	1.970143e+03
	1.947951e+03	1.926494e+03	1.905900e+03	1.886104e+03	1.866848e+03
	1.850080e+03	1.834433e+03	1.818840e+03	1.802831e+03	1.785916e+03
	1.767736e+03	1.747824e+03	1.725780e+03	1.701314e+03	1.675246e+03
	1.647660e+03	1.617678e+03	1.585576e+03	1.552032e+03	1.527293e+03
	1.504526e+03	1.484509e+03	1.468437e+03	1.455142e+03	1.444256e+03
	1.435259e+03	1.427870e+03	1.421858e+03	1.416998e+03	1.413022e+03
	1.409642e+03	1.406519e+03	1.404039e+03	1.402956e+03	1.402231e+03
	1.401762e+03	1.401394e+03	1.400936e+03	1.400266e+03	1.399264e+03
	1.397838e+03	1.395884e+03	1.393337e+03	1.390129e+03	1.386177e+03
	1.381391e+03	1.375674e+03	1.368935e+03	1.361163e+03	1.352453e+03
	1.342987e+03	1.332977e+03	1.322519e+03	1.312145e+03	1.301430e+03
	1.290444e+03	1.279163e+03	1.267566e+03	1.255706e+03	1.243091e+03
	1.229876e+03	1.215682e+03	1.199312e+03	1.180055e+03	1.158280e+03
	1.134791e+03	1.111097e+03	1.089249e+03	1.070426e+03	1.054905e+03
	1.042604e+03	1.032847e+03	1.025733e+03	1.020495e+03	1.016795e+03
	1.014245e+03	1.012518e+03	1.011339e+03	1.010539e+03	1.009999e+03
	1.009633e+03
lambda [W/m]
	1.571348e-02	1.573737e-02	1.577560e-02	1.583283e-02	1.591564e-02
	1.604313e-02	1.620752e-02	1.642846e-02	1.672373e-02	1.707190e-02
	1.754390e-02	1.806300e-02	1.875313e-02	1.948906e-02	2.043146e-02
	2.142891e-02	2.264879e-02	2.394647e-02	2.545970e-02	2.708450e-02
	2.889974e-02	3.086469e-02	3.298319e-02	3.528792e-02	3.770551e-02
	4.033903e-02	4.304947e-02	4.599071e-02	4.898642e-02	5.220982e-02
	5.548495e-02	5.896306e-02	6.251766e-02	6.623859e-02	7.008466e-02
	7.403729e-02	7.816200e-02	8.235183e-02	8.665581e-02	9.105093e-02
	9.524396e-02	9.947533e-02	1.037878e-01	1.081678e-01	1.126174e-01
	1.170531e-01	1.212506e-01	2.911235e-01	6.182457e-02	6.137313e-02
	6.085887e-02	6.030193e-02	5.971766e-02	5.912891e-02	5.853668e-02
	5.795938e-02	5.740333e-02	5.688384e-02	5.641484e-02	5.601343e-02
	5.569307e-02	5.545871e-02	5.530844e-02	5.523299e-02	5.521836e-02
	5.526356e-02	5.534783e-02	5.545321e-02	5.557057e-02	5.569541e-02
	5.581914e-02	5.594159e-02	5.606049e-02	5.617579e-02	5.630266e-02
	5.645691e-02	5.661606e-02	5.679578e-02	5.701544e-02	5.734736e-02
	5.776852e-02	5.841333e-02	5.938818e-02	6.047138e-02	6.165521e-02
	6.292360e-02	6.430008e-02	6.578837e-02	6.738653e-02	6.909137e-02
	7.091127e-02	7.283698e-02	7.484038e-02	7.691098e-02	7.904726e-02
	8.122853e-02	8.343499e-02	8.564981e-02	8.785377e-02	9.000861e-02
	9.206271e-02	9.395323e-02	9.562086e-02	9.701717e-02	9.809046e-02
	9.879001e-02	9.905065e-02	9.881007e-02	9.803525e-02	9.675406e-02
	9.505789e-02	9.306956e-02	9.088326e-02	8.863605e-02	8.633381e-02
	8.397742e-02	8.157436e-02	7.910791e-02	7.660134e-02	7.397138e-02
	7.123748e-02	6.833270e-02	6.518585e-02	6.173126e-02	5.795696e-02
	5.389077e-02	4.965103e-02	4.547375e-02	4.152664e-02	3.791081e-02
	3.474483e-02	3.201750e-02	2.992669e-02	2.834803e-02	2.723166e-02
	2.647666e-02	2.598365e-02	2.566326e-02	2.545983e-02	2.533337e-02
	2.525581e-02
mu [kg/s^2m]
	8.255382e-06	8.266546e-06	8.283133e-06	8.306480e-06	8.338659e-06
	8.386169e-06	8.445184e-06	8.522344e-06	8.622835e-06	8.738451e-06
	8.892307e-06	9.057403e-06	9.273325e-06	9.497718e-06	9.780136e-06
	1.007103e-05	1.041988e-05	1.078069e-05	1.119216e-05	1.162180e-05
	1.209019e-05	1.258400e-05	1.310279e-05	1.365407e-05	1.421731e-05
	1.481898e-05	1.542254e-05	1.606767e-05	1.670940e-05	1.739237e-05
	1.807248e-05	1.878895e-05	1.951116e-05	2.026301e-05	2.103379e-05
	2.181922e-05	2.263716e-05	2.346010e-05	2.430106e-05	2.515264e-05
	2.600648e-05	2.687040e-05	2.774746e-05	2.863467e-05	2.953451e-05
	3.043142e-05	3.128219e-05	3.583385e-05	2.804419e-05	2.805857e-05
	2.807565e-05	2.808532e-05	2.808753e-05	2.809005e-05	2.809311e-05
	2.810387e-05	2.812508e-05	2.816220e-05	2.821929e-05	2.830024e-05
	2.840698e-05	2.853932e-05	2.869524e-05	2.887096e-05	2.906225e-05
	2.925810e-05	2.945808e-05	2.966148e-05	2.986845e-05	3.008134e-05
	3.029919e-05	3.052600e-05	3.076408e-05	3.101601e-05	3.127881e-05
	3.155858e-05	3.185731e-05	3.218212e-05	3.253938e-05	3.287824e-05
	3.324718e-05	3.364987e-05	3.408215e-05	3.456032e-05	3.508490e-05
	3.564937e-05	3.626501e-05	3.693432e-05	3.765740e-05	3.843418e-05
	3.927068e-05	4.016625e-05	4.111669e-05	4.211464e-05	4.314992e-05
	4.421317e-05	4.529637e-05	4.639375e-05	4.749820e-05	4.859355e-05
	4.965662e-05	5.065916e-05	5.157387e-05	5.237905e-05	5.305175e-05
	5.357022e-05	5.390499e-05	5.402651e-05	5.391537e-05	5.357692e-05
	5.304433e-05	5.236650e-05	5.158389e-05	5.073167e-05	4.983044e-05
	4.889135e-05	4.791841e-05	4.690362e-05	4.585116e-05	4.472836e-05
	4.353321e-05	4.223553e-05	4.081392e-05	3.923306e-05	3.746026e-05
	3.547563e-05	3.330402e-05	3.104842e-05	2.880511e-05	2.665575e-05
	2.470579e-05	2.297994e-05	2.163464e-05	2.060864e-05	1.988104e-05
	1.939104e-05	1.907487e-05	1.887334e-05	1.874917e-05	1.867536e-05
	1.863292e-05
mDot_C3H8 [kg/m^3s]
	0.000000e+00	-3.124462e-11	-1.527968e-10	-4.344151e-10	-9.771209e-10
	-2.022524e-09	-3.708052e-09	-6.468075e-09	-1.112985e-08	-1.792104e-08
	-3.024593e-08	-4.729444e-08	-7.990000e-08	-1.246230e-07	-2.119605e-07
	-3.343343e-07	-5.705581e-07	-9.153603e-07	-1.556620e-06	-2.540827e-06
	-4.284305e-06	-7.096521e-06	-1.183187e-05	-1.979725e-05	-3.257721e-05
	-5.467118e-05	-8.861910e-05	-1.475397e-04	-2.348068e-04	-3.827251e-04
	-5.958740e-04	-9.381951e-04	-1.424106e-03	-2.141317e-03	-3.162896e-03
	-4.508534e-03	-6.452069e-03	-8.822371e-03	-1.180160e-02	-1.538949e-02
	-1.894938e-02	-2.195766e-02	-2.326165e-02	-3.087241e-02	-4.194400e-02
	-5.637959e-02	-7.254217e-02	-7.314200e+04	-1.068370e-01	-1.100031e-01
	-1.148400e-01	-1.131217e-01	-9.376322e-02	-3.739369e-02	-9.243931e-53
	-8.804803e-53	-8.378043e-53	-7.967795e-53	-7.578274e-53	-7.215628e-53
	-6.885173e-53	-6.588501e-53	-6.324798e-53	-6.090688e-53	-5.880734e-53
	-5.678702e-53	-5.482469e-53	-5.289057e-53	-5.092637e-53	-4.887882e-53
	-4.671404e-53	-4.439380e-53	-4.189345e-53	-3.920685e-53	-3.632228e-53
	-3.325448e-53	-3.010656e-53	-2.692786e-53	-2.380093e-53	-2.066569e-53
	-1.778468e-53	-1.522610e-53	-1.300416e-53	-1.111666e-53	-9.529973e-54
	-8.200165e-54	-7.069550e-54	-6.101341e-54	-5.267751e-54	-4.543795e-54
	-3.907516e-54	-3.344839e-54	-2.844061e-54	-2.397937e-54	-2.004682e-54
	-1.659012e-54	-1.356137e-54	-1.091710e-54	-8.624470e-55	-6.666619e-55
	-5.030712e-55	-3.700147e-55	-2.647301e-55	-1.833737e-55	-1.221324e-55
	-7.745349e-56	-4.630945e-56	-2.588152e-56	-1.350034e-56	-6.626719e-57
	-3.110322e-57	-1.421974e-57	-5.768105e-05	-2.127944e-03	-2.073539e-03
	-1.333477e-03	-7.506339e-04	-4.816093e-04	-3.018596e-04	-1.696471e-04
	-9.457599e-05	-5.043243e-05	-2.589532e-05	-1.282626e-05	-6.069604e-06
	-2.667446e-06	-1.046492e-06	-3.598793e-07	-1.003531e-07	-2.090005e-08
	-2.563031e-09	-1.522191e-10	-2.068223e-11	-2.822591e-12	-5.417628e-13
	-1.685961e-13	-6.500599e-14	-2.059345e-14	-4.939526e-15	-6.604895e-16
	0.000000e+00
ScalarDissRate [1/s]
	5.200380e-04	9.457049e-04	2.450256e-03	5.844157e-03	1.632003e-02
	3.579621e-02	7.014811e-02	1.473849e-01	2.462771e-01	4.678890e-01
	7.299791e-01	1.250807e+00	1.860816e+00	2.902095e+00	4.163982e+00
	5.999172e+00	8.348187e+00	1.130537e+01	1.528572e+01	1.979697e+01
	2.602358e+01	3.260734e+01	4.171698e+01	5.099517e+01	6.355358e+01
	7.635567e+01	9.276565e+01	1.100143e+02	1.304428e+02	1.530594e+02
	1.774131e+02	2.060417e+02	2.340139e+02	2.685679e+02	2.998372e+02
	3.398760e+02	3.796111e+02	4.179735e+02	4.633072e+02	5.034991e+02
	5.441574e+02	5.887767e+02	6.312145e+02	6.713774e+02	7.104356e+02
	7.463807e+02	7.112798e+03	4.564620e+121	1.535964e+04	6.989413e+02
	7.140701e+02	7.284102e+02	7.391044e+02	7.465215e+02	7.505423e+02
	7.504518e+02	7.466148e+02	7.388044e+02	7.275498e+02	7.123001e+02
	6.945776e+02	6.753906e+02	6.551308e+02	6.354953e+02	6.162959e+02
	5.974511e+02	5.797097e+02	5.627072e+02	5.479690e+02	5.326528e+02
	5.179095e+02	5.050682e+02	4.931646e+02	4.803242e+02	4.686179e+02
	4.568790e+02	4.442651e+02	4.346535e+02	4.229982e+02	4.087898e+02
	3.967437e+02	3.834842e+02	3.725757e+02	3.627282e+02	3.519305e+02
	3.422896e+02	3.337008e+02	3.249864e+02	3.160638e+02	3.075234e+02
	2.995850e+02	2.917729e+02	2.838528e+02	2.756547e+02	2.676380e+02
	2.596437e+02	2.515690e+02	2.436944e+02	2.360276e+02	2.283474e+02
	2.206606e+02	2.130048e+02	2.052982e+02	1.971241e+02	1.887015e+02
	1.801874e+02	1.710577e+02	1.611892e+02	1.505797e+02	1.394074e+02
	1.281463e+02	1.175412e+02	1.057396e+02	9.474292e+01	8.525306e+01
	7.546493e+01	6.696794e+01	5.841724e+01	5.082027e+01	4.367605e+01
	3.643399e+01	3.039097e+01	2.468919e+01	1.937860e+01	1.465587e+01
	1.060886e+01	7.253481e+00	4.688401e+00	2.887409e+00	1.664336e+00
	8.936577e-01	4.433817e-01	2.020383e-01	8.890811e-02	3.686614e-02
	1.444896e-02	5.398704e-03	1.938376e-03	6.608120e-04	2.148169e-04
	1.113905e-04
ZBilger
	1.000000e+00	9.992564e-01	9.983038e-01	9.971590e-01	9.958032e-01
	9.940679e-01	9.922556e-01	9.901864e-01	9.878373e-01	9.855318e-01
	9.827076e-01	9.801597e-01	9.769578e-01	9.741584e-01	9.706861e-01
	9.676305e-01	9.639900e-01	9.606825e-01	9.569593e-01	9.534193e-01
	9.496680e-01	9.459246e-01	9.421784e-01	9.382650e-01	9.345381e-01
	9.304915e-01	9.267731e-01	9.226396e-01	9.189024e-01	9.147346e-01
	9.109394e-01	9.067984e-01	9.028359e-01	8.986232e-01	8.944200e-01
	8.903083e-01	8.859542e-01	8.818143e-01	8.776064e-01	8.734167e-01
	8.693822e-01	8.653609e-01	8.613088e-01	8.572847e-01	8.532369e-01
	8.492238e-01	8.454243e-01	2.429522e-01	4.576828e-01	4.512586e-01
	4.434579e-01	4.352013e-01	4.267375e-01	4.180260e-01	4.090644e-01
	3.997948e-01	3.901912e-01	3.802478e-01	3.700167e-01	3.596238e-01
	3.492439e-01	3.390196e-01	3.290658e-01	3.194492e-01	3.101675e-01
	3.017385e-01	2.938235e-01	2.861533e-01	2.785685e-01	2.708886e-01
	2.630184e-01	2.547842e-01	2.460605e-01	2.367563e-01	2.270775e-01
	2.169887e-01	2.063309e-01	1.951400e-01	1.835789e-01	1.741730e-01
	1.652677e-01	1.570383e-01	1.497626e-01	1.431859e-01	1.372384e-01
	1.318992e-01	1.270480e-01	1.226272e-01	1.185951e-01	1.149036e-01
	1.114979e-01	1.083507e-01	1.050409e-01	1.012829e-01	9.769661e-02
	9.428382e-02	9.103060e-02	8.791056e-02	8.491746e-02	8.206623e-02
	7.938955e-02	7.691692e-02	7.467138e-02	7.265213e-02	7.084310e-02
	6.921393e-02	6.771883e-02	6.628532e-02	6.481673e-02	6.320701e-02
	6.137539e-02	5.929187e-02	5.694059e-02	5.432409e-02	5.157505e-02
	4.876017e-02	4.588892e-02	4.286422e-02	3.985203e-02	3.676148e-02
	3.369819e-02	3.057093e-02	2.738673e-02	2.413680e-02	2.082569e-02
	1.749004e-02	1.422970e-02	1.121130e-02	8.536290e-03	6.252101e-03
	4.394352e-03	2.933220e-03	1.900673e-03	1.192284e-03	7.330678e-04
	4.442294e-04	2.649709e-04	1.521959e-04	8.015316e-05	3.269887e-05
	0.000000e+00
ScalarDissRateBilger [1/s]
	2.158021e-02	2.872040e-02	4.647903e-02	7.307289e-02	1.290863e-01
	1.932579e-01	2.671171e-01	3.962198e-01	4.955481e-01	6.917982e-01
	8.393888e-01	1.098543e+00	1.306482e+00	1.609106e+00	1.886203e+00
	2.204094e+00	2.553169e+00	2.861850e+00	3.275569e+00	3.567405e+00
	4.031162e+00	4.300337e+00	4.794964e+00	5.042098e+00	5.538096e+00
	5.785032e+00	6.240511e+00	6.511473e+00	6.874547e+00	7.192364e+00
	7.405950e+00	7.910167e+00	8.240372e+00	8.856504e+00	8.738190e+00
	9.176268e+00	9.357614e+00	9.238173e+00	9.608745e+00	9.474515e+00
	9.340024e+00	9.607761e+00	9.788116e+00	9.919478e+00	1.018473e+01
	1.049690e+01	9.064697e+04	3.329334e+121	1.528301e+04	5.343125e+01
	6.162954e+01	6.457440e+01	6.806844e+01	7.260680e+01	7.844561e+01
	8.592376e+01	9.505588e+01	1.061536e+02	1.193860e+02	1.348058e+02
	1.526824e+02	1.735642e+02	1.984429e+02	2.293516e+02	2.504344e+02
	2.668712e+02	2.994594e+02	3.450352e+02	4.020478e+02	4.708401e+02
	5.539074e+02	6.552735e+02	7.762244e+02	8.928181e+02	9.965322e+02
	1.122785e+03	1.270246e+03	1.411331e+03	1.243926e+03	1.002842e+03
	9.461650e+02	8.564846e+02	7.660794e+02	6.970421e+02	6.273341e+02
	5.589482e+02	4.951627e+02	4.345454e+02	3.781665e+02	3.272933e+02
	2.818646e+02	2.743078e+02	3.277461e+02	3.511537e+02	3.145258e+02
	2.779381e+02	2.428179e+02	2.091359e+02	1.760298e+02	1.435861e+02
	1.130620e+02	8.582743e+01	6.259628e+01	4.381988e+01	2.972214e+01
	2.002206e+01	1.396260e+01	1.074454e+01	9.609725e+00	9.906365e+00
	1.106125e+01	1.263667e+01	1.436683e+01	1.549554e+01	1.557110e+01
	1.517127e+01	1.508470e+01	1.452245e+01	1.336202e+01	1.192430e+01
	1.020152e+01	8.825762e+00	7.402500e+00	5.966285e+00	4.623161e+00
	3.415114e+00	2.352298e+00	1.510023e+00	9.133055e-01	5.068046e-01
	2.582906e-01	1.202059e-01	5.057389e-02	2.090592e-02	8.165927e-03
	3.074143e-03	1.152350e-03	4.459579e-04	1.815520e-04	8.071506e-05
	5.368289e-05
ChiAnalytOverChiStoich
	1.000000e-10	1.000000e-10	1.000000e-10	4.232351e-03	1.293251e-02
	2.538980e-02	3.994912e-02	5.846040e-02	8.184731e-02	1.071775e-01
	1.413104e-01	1.749328e-01	2.208393e-01	2.641784e-01	3.219034e-01
	3.761764e-01	4.448761e-01	5.109162e-01	5.891657e-01	6.672027e-01
	7.535519e-01	8.432529e-01	9.363451e-01	1.036929e+00	1.135691e+00
	1.245986e+00	1.349969e+00	1.468303e+00	1.577606e+00	1.701901e+00
	1.817115e+00	1.944856e+00	2.068912e+00	2.202578e+00	2.337595e+00
	2.471109e+00	2.613875e+00	2.750789e+00	2.890970e+00	3.031429e+00
	3.167400e+00	3.303509e+00	3.441143e+00	3.578207e+00	3.716362e+00
	3.853516e+00	3.983465e+00	6.893211e+00	1.107493e+01	1.103347e+01
	1.097537e+01	1.090468e+01	1.082248e+01	1.072768e+01	1.061949e+01
	1.049635e+01	1.035690e+01	1.020000e+01	1.002554e+01	9.835067e+00
	9.631837e+00	9.419278e+00	9.200869e+00	8.979425e+00	8.756263e+00
	8.545826e+00	8.341702e+00	8.138051e+00	7.931206e+00	7.716430e+00
	7.490973e+00	7.249531e+00	6.987848e+00	6.702462e+00	6.399182e+00
	6.076686e+00	5.729683e+00	5.359273e+00	4.971274e+00	4.652537e+00
	4.349018e+00	4.067702e+00	3.818863e+00	3.594257e+00	3.391748e+00
	3.210714e+00	3.047057e+00	2.898780e+00	2.764385e+00	2.642157e+00
	2.530168e+00	2.427418e+00	2.320191e+00	2.199581e+00	2.085711e+00
	1.978569e+00	1.877632e+00	1.782007e+00	1.691432e+00	1.606275e+00
	1.527388e+00	1.455474e+00	1.391002e+00	1.333738e+00	1.283028e+00
	1.237855e+00	1.196826e+00	1.157882e+00	1.118394e+00	1.075601e+00
	1.027550e+00	9.737475e-01	9.141645e-01	8.493317e-01	7.829568e-01
	7.169263e-01	6.516830e-01	5.853655e-01	5.218997e-01	4.595845e-01
	4.007518e-01	3.438460e-01	2.893344e-01	2.374370e-01	1.886338e-01
	1.438239e-01	1.044505e-01	7.207606e-02	4.679825e-02	2.784620e-02
	1.427633e-02	4.795138e-03	1.000000e-10	1.000000e-10	1.000000e-10
	1.000000e-10	1.000000e-10	1.000000e-10	1.000000e-10	1.000000e-10
	1.000000e-10
ChiKWOverChiKWStoich
	6.543699e-11	6.544766e-11	6.546384e-11	2.771643e-03	8.473332e-03
	1.664762e-02	2.621831e-02	3.841418e-02	5.386788e-02	7.066978e-02
	9.340528e-02	1.159356e-01	1.468628e-01	1.763120e-01	2.157941e-01
	2.533308e-01	3.012219e-01	3.478700e-01	4.036777e-01	4.601361e-01
	5.233572e-01	5.899822e-01	6.601570e-01	7.369974e-01	8.138330e-01
	9.006390e-01	9.842739e-01	1.080383e+00	1.171366e+00	1.275757e+00
	1.375054e+00	1.486292e+00	1.596839e+00	1.717529e+00	1.841946e+00
	1.967853e+00	2.104356e+00	2.238870e+00	2.379095e+00	2.522499e+00
	2.664899e+00	2.810352e+00	2.960198e+00	3.112629e+00	3.269213e+00
	3.427513e+00	3.580044e+00	3.608675e+00	9.120751e+00	9.083257e+00
	9.033462e+00	8.973580e+00	8.903400e+00	8.822740e+00	8.730930e+00
	8.627288e+00	8.510882e+00	8.381201e+00	8.238424e+00	8.084124e+00
	7.921065e+00	7.751953e+00	7.579359e+00	7.405145e+00	7.229890e+00
	7.066415e+00	6.908477e+00	6.750548e+00	6.589459e+00	6.421272e+00
	6.243478e+00	6.051712e+00	5.842338e+00	5.612389e+00	5.367070e+00
	5.105518e+00	4.822367e+00	4.518736e+00	4.199690e+00	3.942497e+00
	3.698198e+00	3.472876e+00	3.275600e+00	3.098577e+00	2.939869e+00
	2.798889e+00	2.672497e+00	2.559072e+00	2.457359e+00	2.365905e+00
	2.283178e+00	2.208307e+00	2.128891e+00	2.036430e+00	1.948764e+00
	1.865829e+00	1.787113e+00	1.711783e+00	1.639605e+00	1.570859e+00
	1.506278e+00	1.446460e+00	1.391854e+00	1.342293e+00	1.297171e+00
	1.255496e+00	1.215802e+00	1.175944e+00	1.133331e+00	1.085515e+00
	1.031159e+00	9.705206e-01	9.041847e-01	8.332665e-01	7.616290e-01
	6.912503e-01	6.226023e-01	5.539146e-01	4.889616e-01	4.259925e-01
	3.672202e-01	3.111357e-01	2.581855e-01	2.085737e-01	1.627648e-01
	1.215931e-01	8.631286e-02	5.813085e-02	3.682050e-02	2.138318e-02
	1.071868e-02	3.527894e-03	7.240177e-11	7.151292e-11	7.088442e-11
	7.046155e-11	7.018827e-11	7.001340e-11	6.990491e-11	6.983968e-11
	6.980154e-11
ChiKWFact
	6.543699e-01	6.544766e-01	6.546384e-01	6.548707e-01	6.551961e-01
	6.556815e-01	6.562926e-01	6.570973e-01	6.581509e-01	6.593715e-01
	6.609935e-01	6.627436e-01	6.650214e-01	6.673974e-01	6.703690e-01
	6.734361e-01	6.770917e-01	6.808749e-01	6.851683e-01	6.896496e-01
	6.945205e-01	6.996504e-01	7.050360e-01	7.107502e-01	7.165974e-01
	7.228323e-01	7.291084e-01	7.358041e-01	7.424960e-01	7.496066e-01
	7.567241e-01	7.642171e-01	7.718253e-01	7.797813e-01	7.879661e-01
	7.963441e-01	8.050716e-01	8.139013e-01	8.229401e-01	8.321153e-01
	8.413522e-01	8.507171e-01	8.602366e-01	8.698852e-01	8.796810e-01
	8.894509e-01	8.987261e-01	5.235115e-01	8.235493e-01	8.232458e-01
	8.230666e-01	8.229108e-01	8.226765e-01	8.224277e-01	8.221610e-01
	8.219325e-01	8.217599e-01	8.216862e-01	8.217441e-01	8.219693e-01
	8.223835e-01	8.229880e-01	8.237655e-01	8.246791e-01	8.256822e-01
	8.268850e-01	8.281856e-01	8.295043e-01	8.308269e-01	8.321558e-01
	8.334668e-01	8.347729e-01	8.360712e-01	8.373624e-01	8.387119e-01
	8.401813e-01	8.416464e-01	8.431622e-01	8.447914e-01	8.473865e-01
	8.503524e-01	8.537687e-01	8.577423e-01	8.620912e-01	8.667710e-01
	8.717340e-01	8.770750e-01	8.828102e-01	8.889352e-01	8.954444e-01
	9.023819e-01	9.097350e-01	9.175501e-01	9.258263e-01	9.343404e-01
	9.430195e-01	9.517910e-01	9.605926e-01	9.693591e-01	9.779516e-01
	9.861792e-01	9.938068e-01	1.000612e+00	1.006415e+00	1.011024e+00
	1.014251e+00	1.015855e+00	1.015600e+00	1.013355e+00	1.009217e+00
	1.003512e+00	9.966861e-01	9.890832e-01	9.810849e-01	9.727600e-01
	9.641859e-01	9.553760e-01	9.462714e-01	9.368882e-01	9.269081e-01
	9.163283e-01	9.048693e-01	8.923430e-01	8.784379e-01	8.628613e-01
	8.454303e-01	8.263516e-01	8.065210e-01	7.867923e-01	7.679033e-01
	7.508009e-01	7.357231e-01	7.240177e-01	7.151292e-01	7.088442e-01
	7.046155e-01	7.018827e-01	7.001340e-01	6.990491e-01	6.983968e-01
	6.980154e-01
MolarMass [kg/kmole]
	4.409000e+01	4.406822e+01	4.404053e+01	4.400726e+01	4.396777e+01
	4.391774e+01	4.386478e+01	4.380412e+01	4.373523e+01	4.366560e+01
	4.358209e+01	4.350292e+01	4.340695e+01	4.331779e+01	4.321168e+01
	4.311230e+01	4.299817e+01	4.288871e+01	4.276830e+01	4.264932e+01
	4.252376e+01	4.239604e+01	4.226602e+01	4.213045e+01	4.199629e+01
	4.185371e+01	4.171522e+01	4.156660e+01	4.142326e+01	4.126954e+01
	4.112051e+01	4.096266e+01	4.079784e+01	4.061595e+01	4.042973e+01
	4.024020e+01	4.004356e+01	3.984603e+01	3.964499e+01	3.944228e+01
	3.923978e+01	3.903598e+01	3.883039e+01	3.862370e+01	3.841560e+01
	3.820979e+01	3.801430e+01	3.838148e+59	3.289484e+01	3.278528e+01
	3.263171e+01	3.245228e+01	3.227114e+01	3.208849e+01	3.190505e+01
	3.172082e+01	3.153621e+01	3.135203e+01	3.117010e+01	3.099327e+01
	3.082489e+01	3.066768e+01	3.052387e+01	3.039515e+01	3.028234e+01
	3.015942e+01	3.003620e+01	2.991909e+01	2.980640e+01	2.969639e+01
	2.958883e+01	2.948261e+01	2.937782e+01	2.927518e+01	2.916394e+01
	2.904180e+01	2.892808e+01	2.882431e+01	2.873317e+01	2.853550e+01
	2.833879e+01	2.813816e+01	2.791923e+01	2.771999e+01	2.754394e+01
	2.739317e+01	2.726362e+01	2.715322e+01	2.706033e+01	2.698320e+01
	2.692008e+01	2.686992e+01	2.682142e+01	2.676681e+01	2.672155e+01
	2.668439e+01	2.665493e+01	2.663338e+01	2.661971e+01	2.661423e+01
	2.661708e+01	2.662915e+01	2.665097e+01	2.668316e+01	2.672652e+01
	2.678219e+01	2.685099e+01	2.693294e+01	2.702611e+01	2.712630e+01
	2.722815e+01	2.732689e+01	2.741996e+01	2.749596e+01	2.756581e+01
	2.763111e+01	2.769294e+01	2.774856e+01	2.780116e+01	2.785501e+01
	2.790884e+01	2.796452e+01	2.802240e+01	2.808333e+01	2.814813e+01
	2.821723e+01	2.828996e+01	2.836394e+01	2.843711e+01	2.850813e+01
	2.857495e+01	2.863658e+01	2.868852e+01	2.873126e+01	2.876477e+01
	2.879043e+01	2.880984e+01	2.882466e+01	2.883595e+01	2.884453e+01
	2.885106e+01
TotalEnthalpy [J/kg]
	-2.352410e+06	-2.351024e+06	-2.349068e+06	-2.346436e+06	-2.342992e+06
	-2.338292e+06	-2.332639e+06	-2.325569e+06	-2.316729e+06	-2.306722e+06
	-2.293850e+06	-2.280070e+06	-2.262389e+06	-2.243887e+06	-2.220686e+06
	-2.196437e+06	-2.167065e+06	-2.136021e+06	-2.099866e+06	-2.061043e+06
	-2.017458e+06	-1.969964e+06	-1.918261e+06	-1.861282e+06	-1.800690e+06
	-1.733451e+06	-1.663033e+06	-1.584822e+06	-1.503462e+06	-1.413529e+06
	-1.319850e+06	-1.217382e+06	-1.110939e+06	-9.975478e+05	-8.767233e+05
	-7.487591e+05	-6.105375e+05	-4.660224e+05	-3.129696e+05	-1.523826e+05
	1.435126e+04	1.883265e+05	3.702513e+05	5.598499e+05	7.576745e+05
	9.602796e+05	1.157190e+06	4.268528e-52	-5.916236e+05	-5.766882e+05
	-5.709218e+05	-5.675921e+05	-5.645085e+05	-5.611151e+05	-5.574658e+05
	-5.531186e+05	-5.479739e+05	-5.417567e+05	-5.343246e+05	-5.255627e+05
	-5.154850e+05	-5.042143e+05	-4.919564e+05	-4.789967e+05	-4.656222e+05
	-4.498259e+05	-4.326465e+05	-4.148615e+05	-3.964316e+05	-3.771816e+05
	-3.572586e+05	-3.364738e+05	-3.148709e+05	-2.926082e+05	-2.710585e+05
	-2.505920e+05	-2.312332e+05	-2.133037e+05	-1.973819e+05	-1.503902e+05
	-1.012209e+05	-5.497486e+04	-1.279865e+04	2.704965e+04	6.280864e+04
	9.347725e+04	1.197654e+05	1.419298e+05	1.601974e+05	1.748440e+05
	1.862402e+05	1.945946e+05	1.948110e+05	1.835887e+05	1.693367e+05
	1.526393e+05	1.335517e+05	1.117879e+05	8.733400e+04	6.026630e+04
	3.111052e+04	-1.526564e+02	-3.321690e+04	-6.791168e+04	-1.041014e+05
	-1.416249e+05	-1.799422e+05	-2.180200e+05	-2.540757e+05	-2.858841e+05
	-3.114544e+05	-3.295575e+05	-3.396829e+05	-3.418730e+05	-3.368661e+05
	-3.274747e+05	-3.143704e+05	-2.966270e+05	-2.775378e+05	-2.561711e+05
	-2.350336e+05	-2.129752e+05	-1.904951e+05	-1.679934e+05	-1.457737e+05
	-1.242091e+05	-1.038447e+05	-8.521529e+04	-6.837666e+04	-5.320426e+04
	-3.967857e+04	-2.805505e+04	-1.881048e+04	-1.188612e+04	-6.986388e+03
	-3.645439e+03	-1.431160e+03	2.091538e+01	9.541014e+02	1.540331e+03
	1.900584e+03
trailer
Lewis numbers evaluated at maximum consumption
N2	-1
O2	1.01436
@ Z = 0.170272
H	1.05102e+58
@ Z = 0.537159
OH	0.664229
@ Z = 0.0979701
O	3.97542e+58
@ Z = 0.537159
H2	0.28005
@ Z = 0.162513
H2O	0.758686
@ Z = 0.180922
HO2	5.96058e+58
@ Z = 0.537159
H2O2	5.99608e+58
@ Z = 0.537159
CO	1.01369
@ Z = 0.177485
CO2	-1
CH	0.614075
@ Z = 0.162513
CHO	7.00771e+58
@ Z = 0.537159
CH2	5.358e+58
@ Z = 0.537159
CH2O	1.17339
@ Z = 0.0979701
CH3	0.833959
@ Z = 0.221324
CH4	0.917627
@ Z = 0.0979701
C2H6	7.91437e+58
@ Z = 0.537159
C2H	7.08932e+58
@ Z = 0.537159
C2H2	1.19893
@ Z = 0.0672665
CHCO	4.78991e+58
@ Z = 0.537159
C3H3	9.64445e+58
@ Z = 0.537159
C2H3	7.21494e+58
@ Z = 0.537159
C2H4	1.21281
@ Z = 0.079157
C2H5	7.85685e+58
@ Z = 0.537159
C3H4	1.59021
@ Z = 0.0979701
C3H5	9.63689e+58
@ Z = 0.537159
C3H6	1.00052e+59
@ Z = 0.537159
N-C3H7	1.7119
@ Z = 0.170272
I-C3H7	1.71451
@ Z = 0.166479
C3H8	1.00887e+59
@ Z = 0.537159
Lewis numbers evaluated at maximum formation
N2	-1
O2	5.92361e+58
@ Z = 0.537159
H	0.169744
@ Z = 0.170272
OH	4.04129e+58
@ Z = 0.537159
O	0.655857
@ Z = 0.166479
H2	1.78733e+58
@ Z = 0.537159
H2O	4.75297e+58
@ Z = 0.537159
HO2	0.943124
@ Z = 0.214018
H2O2	0.692351
@ Z = 0.34094
CO	6.02853e+58
@ Z = 0.537159
CO2	7.3765e+58
@ Z = 0.537159
CH	3.75045e+58
@ Z = 0.537159
CHO	1.20016
@ Z = 0.0320157
CH2	0.402048
@ Z = 0.990595
CH2O	7.05944e+58
@ Z = 0.537159
CH3	5.55442e+58
@ Z = 0.537159
CH4	5.56675e+58
@ Z = 0.537159
C2H6	1.22558
@ Z = 0.221324
C2H	1.20762
@ Z = 0.0262949
C2H2	7.15366e+58
@ Z = 0.537159
CHCO	0.808182
@ Z = 0.177485
C3H3	1.63727
@ Z = 0.162513
C2H3	1.23956
@ Z = 0.0209886
C2H4	7.24123e+58
@ Z = 0.537159
C2H5	0.811171
@ Z = 0.768273
C3H4	9.36283e+58
@ Z = 0.537159
C3H5	-1
C3H6	1.5846
@ Z = 0.217602
N-C3H7	1.00472e+59
@ Z = 0.537159
I-C3H7	1.00472e+59
@ Z = 0.537159
C3H8	-1
Lewis numbers evaluated at maximum mass fraction
N2	0.921959
@ Z = 4.7102e-05
O2	1.0528
@ Z = 4.7102e-05
H	0.167547
@ Z = 0.079157
OH	0.663419
@ Z = 0.0853002
O	0.649966
@ Z = 0.0614275
H2	0.278612
@ Z = 0.173936
H2O	0.76078
@ Z = 0.143444
HO2	0.713636
@ Z = 0.307467
H2O2	0.48329
@ Z = 0.536736
CO	1.02244
@ Z = 0.153776
CO2	1.26231
@ Z = 0.104564
CH	0.614075
@ Z = 0.162513
CHO	1.1677
@ Z = 0.162513
CH2	0.882857
@ Z = 0.170272
CH2O	1.16833
@ Z = 0.184263
CH3	0.862935
@ Z = 0.210544
CH4	0.837924
@ Z = 0.221324
C2H6	1.02199
@ Z = 0.272998
C2H	1.18844
@ Z = 0.173936
C2H2	1.15027
@ Z = 0.203789
CHCO	0.801526
@ Z = 0.187529
C3H3	1.62783
@ Z = 0.177485
C2H3	1.17836
@ Z = 0.200481
C2H4	1.02209
@ Z = 0.243305
C2H5	1.20066
@ Z = 0.225208
C3H4	1.55499
@ Z = 0.197211
C3H5	1.44257
@ Z = 0.233653
C3H6	1.39001
@ Z = 0.254396
N-C3H7	1.50622
@ Z = 0.233653
I-C3H7	1.44899
@ Z = 0.243305
C3H8	0.727259
@ Z = 0.999885
