header

title = "planar counterflow diffusion flame"
author = ""
date = "Thu Jul 11 20:01:11 2013"

fuel = "C3H8"
pressure = 1 [bar]
strainrate = 80 [1/s]
chiStoichAnal = 2.26638 [1/s]
chiStoichAnalKW = 3.55307 [1/s]
FlameLocZ = 0.0818871 [K]
FlameLocBilger = 0.0709 [K]
Tmax = 2012.09 [K]
stoichScalarDissRate = 3.71514 [1/s]
stoichScalarDissRateBilger = 2.13801 [1/s]

OxidizerSide
begin
	Temperature = 300 [K]
	Massfraction-N2 = 0.76708
	Massfraction-O2 = 0.23292
	Molefraction-N2 = 0.79
	Molefraction-O2 = 0.21
end

FuelSide
begin
	Temperature = 300 [K]
	Massfraction-C3H8 = 1
	Molefraction-C3H8 = 1
end

numOfSpecies = 31
gridPoints = 141

body
eta
	0.000000e+00	1.592689e-01	3.169901e-01	4.713229e-01	6.209251e-01
	7.652789e-01	9.042167e-01	1.037658e+00	1.165597e+00	1.288091e+00
	1.405255e+00	1.517245e+00	1.624250e+00	1.726482e+00	1.824161e+00
	1.917517e+00	2.006777e+00	2.092164e+00	2.173891e+00	2.252164e+00
	2.327178e+00	2.399118e+00	2.468156e+00	2.534460e+00	2.598188e+00
	2.659497e+00	2.718550e+00	2.775526e+00	2.830650e+00	2.884193e+00
	2.936449e+00	2.987620e+00	3.037595e+00	3.085993e+00	3.132605e+00
	3.177696e+00	3.221693e+00	3.264682e+00	3.306440e+00	3.346862e+00
	3.386184e+00	3.424823e+00	3.463145e+00	3.501394e+00	3.539767e+00
	3.578503e+00	3.617835e+00	3.657854e+00	3.698471e+00	3.739519e+00
	3.780858e+00	3.822278e+00	3.863232e+00	3.902746e+00	3.939718e+00
	3.973358e+00	4.003386e+00	4.029937e+00	4.053377e+00	4.074167e+00
	4.092755e+00	4.109525e+00	4.124784e+00	4.138770e+00	4.151680e+00
	4.163703e+00	4.175042e+00	4.185922e+00	4.196547e+00	4.207037e+00
	4.217387e+00	4.227462e+00	4.237083e+00	4.246140e+00	4.254630e+00
	4.262612e+00	4.270165e+00	4.277362e+00	4.284262e+00	4.290884e+00
	4.297225e+00	4.303291e+00	4.309122e+00	4.314776e+00	4.320307e+00
	4.325755e+00	4.331148e+00	4.336506e+00	4.341845e+00	4.347177e+00
	4.352514e+00	4.357896e+00	4.363394e+00	4.369081e+00	4.374990e+00
	4.381103e+00	4.387411e+00	4.393998e+00	4.401115e+00	4.409210e+00
	4.418960e+00	4.431261e+00	4.446805e+00	4.465727e+00	4.487695e+00
	4.511977e+00	4.537725e+00	4.564228e+00	4.590999e+00	4.617884e+00
	4.644985e+00	4.672546e+00	4.700920e+00	4.730627e+00	4.762455e+00
	4.797533e+00	4.837244e+00	4.882733e+00	4.934108e+00	4.990269e+00
	5.050024e+00	5.113639e+00	5.183394e+00	5.262998e+00	5.356405e+00
	5.465883e+00	5.590258e+00	5.725275e+00	5.865861e+00	6.008509e+00
	6.152019e+00	6.296491e+00	6.442404e+00	6.590237e+00	6.740279e+00
	6.892613e+00	7.047144e+00	7.203665e+00	7.361832e+00	7.520899e+00
	7.680054e+00
y [m]
	-3.654905e-03	-3.608110e-03	-3.561706e-03	-3.516218e-03	-3.472023e-03
	-3.429252e-03	-3.387928e-03	-3.348045e-03	-3.309568e-03	-3.272439e-03
	-3.236581e-03	-3.201899e-03	-3.168285e-03	-3.135625e-03	-3.103802e-03
	-3.072695e-03	-3.042188e-03	-3.012169e-03	-2.982532e-03	-2.953177e-03
	-2.924014e-03	-2.894959e-03	-2.865937e-03	-2.836879e-03	-2.807722e-03
	-2.778405e-03	-2.748863e-03	-2.719021e-03	-2.688773e-03	-2.657973e-03
	-2.626438e-03	-2.594019e-03	-2.560758e-03	-2.526912e-03	-2.492667e-03
	-2.457876e-03	-2.422231e-03	-2.385657e-03	-2.348357e-03	-2.310466e-03
	-2.271802e-03	-2.231961e-03	-2.190515e-03	-2.147106e-03	-2.101373e-03
	-2.052847e-03	-2.000994e-03	-1.945399e-03	-1.885866e-03	-1.822328e-03
	-1.754714e-03	-1.683116e-03	-1.608343e-03	-1.532282e-03	-1.457503e-03
	-1.386336e-03	-1.320236e-03	-1.259740e-03	-1.204711e-03	-1.154626e-03
	-1.108827e-03	-1.066681e-03	-1.027648e-03	-9.913020e-04	-9.572676e-04
	-9.251558e-04	-8.945022e-04	-8.647506e-04	-8.353805e-04	-8.060754e-04
	-7.768582e-04	-7.481276e-04	-7.204236e-04	-6.941032e-04	-6.692215e-04
	-6.456382e-04	-6.231586e-04	-6.015860e-04	-5.807700e-04	-5.606666e-04
	-5.413078e-04	-5.226904e-04	-5.047084e-04	-4.871931e-04	-4.699885e-04
	-4.529804e-04	-4.360878e-04	-4.192526e-04	-4.024330e-04	-3.856029e-04
	-3.687255e-04	-3.516859e-04	-3.342677e-04	-3.162492e-04	-2.975421e-04
	-2.782139e-04	-2.583137e-04	-2.375926e-04	-2.152927e-04	-1.900516e-04
	-1.598446e-04	-1.220558e-04	-7.483696e-05	-1.819483e-05	4.636816e-05
	1.161614e-04	1.882640e-04	2.603134e-04	3.307399e-04	3.989767e-04
	4.651508e-04	5.297020e-04	5.932366e-04	6.565871e-04	7.209206e-04
	7.877063e-04	8.583500e-04	9.332279e-04	1.010722e-03	1.087802e-03
	1.162182e-03	1.233953e-03	1.305237e-03	1.378739e-03	1.456360e-03
	1.538027e-03	1.621524e-03	1.703891e-03	1.783027e-03	1.858392e-03
	1.930671e-03	2.000919e-03	2.070087e-03	2.138910e-03	2.207881e-03
	2.277298e-03	2.347302e-03	2.417931e-03	2.489122e-03	2.560601e-03
	2.632047e-03
f
	-3.450421e+00	-3.321561e+00	-3.193915e+00	-3.068955e+00	-2.947747e+00
	-2.830683e+00	-2.717866e+00	-2.609324e+00	-2.505017e+00	-2.404846e+00
	-2.308665e+00	-2.216284e+00	-2.127490e+00	-2.042045e+00	-1.959707e+00
	-1.880227e+00	-1.803362e+00	-1.728877e+00	-1.656550e+00	-1.586170e+00
	-1.517546e+00	-1.450500e+00	-1.384868e+00	-1.320503e+00	-1.257269e+00
	-1.195033e+00	-1.133663e+00	-1.073004e+00	-1.012851e+00	-9.529310e-01
	-8.929272e-01	-8.326108e-01	-7.721209e-01	-7.119701e-01	-6.525061e-01
	-5.934758e-01	-5.343827e-01	-4.751572e-01	-4.161776e-01	-3.576818e-01
	-2.994129e-01	-2.408096e-01	-1.813365e-01	-1.206115e-01	-5.829958e-02
	6.027522e-03	7.281462e-02	1.422827e-01	2.143289e-01	2.886775e-01
	3.650613e-01	4.430456e-01	5.214886e-01	5.983247e-01	6.711355e-01
	7.380674e-01	7.982957e-01	8.518748e-01	8.993978e-01	9.416949e-01
	9.796082e-01	1.013877e+00	1.045101e+00	1.073746e+00	1.100201e+00
	1.124845e+00	1.148087e+00	1.170386e+00	1.192152e+00	1.213628e+00
	1.234803e+00	1.255396e+00	1.275040e+00	1.293512e+00	1.310803e+00
	1.327042e+00	1.342385e+00	1.356986e+00	1.370964e+00	1.384361e+00
	1.397169e+00	1.409404e+00	1.421146e+00	1.432515e+00	1.443620e+00
	1.454539e+00	1.465330e+00	1.476035e+00	1.486683e+00	1.497295e+00
	1.507899e+00	1.518572e+00	1.529452e+00	1.540682e+00	1.552322e+00
	1.564334e+00	1.576696e+00	1.589570e+00	1.603434e+00	1.619145e+00
	1.637979e+00	1.661598e+00	1.691207e+00	1.726884e+00	1.767791e+00
	1.812359e+00	1.858870e+00	1.905936e+00	1.952644e+00	1.998705e+00
	2.044278e+00	2.089748e+00	2.135644e+00	2.182716e+00	2.232057e+00
	2.285160e+00	2.343723e+00	2.408894e+00	2.480242e+00	2.555789e+00
	2.633688e+00	2.714124e+00	2.799707e+00	2.894455e+00	3.002276e+00
	3.124923e+00	3.260508e+00	3.404348e+00	3.551443e+00	3.698694e+00
	3.845384e+00	3.992023e+00	4.139389e+00	4.288179e+00	4.438835e+00
	4.591550e+00	4.746308e+00	4.902954e+00	5.061183e+00	5.220273e+00
	5.379427e+00
df/deta
	8.089298e-01	8.090761e-01	8.093136e-01	8.096751e-01	8.102031e-01
	8.109526e-01	8.119928e-01	8.134071e-01	8.152922e-01	8.177565e-01
	8.209172e-01	8.248960e-01	8.298157e-01	8.357950e-01	8.429446e-01
	8.513632e-01	8.611350e-01	8.723268e-01	8.849874e-01	8.991467e-01
	9.148165e-01	9.319908e-01	9.506480e-01	9.707524e-01	9.922573e-01
	1.015108e+00	1.039250e+00	1.064636e+00	1.091245e+00	1.119098e+00
	1.148253e+00	1.178736e+00	1.210389e+00	1.242831e+00	1.275741e+00
	1.309121e+00	1.343124e+00	1.377676e+00	1.412435e+00	1.447140e+00
	1.481818e+00	1.516682e+00	1.551926e+00	1.587639e+00	1.623859e+00
	1.660651e+00	1.698040e+00	1.735873e+00	1.773775e+00	1.811248e+00
	1.847779e+00	1.882773e+00	1.915369e+00	1.944519e+00	1.969377e+00
	1.989666e+00	2.005676e+00	2.018023e+00	2.027403e+00	2.034454e+00
	2.039697e+00	2.043529e+00	2.046251e+00	2.048084e+00	2.049201e+00
	2.049732e+00	2.049774e+00	2.049387e+00	2.048601e+00	2.047421e+00
	2.045858e+00	2.043952e+00	2.041771e+00	2.039394e+00	2.036875e+00
	2.034249e+00	2.031532e+00	2.028730e+00	2.025848e+00	2.022900e+00
	2.019910e+00	2.016896e+00	2.013856e+00	2.010775e+00	2.007634e+00
	2.004417e+00	2.001113e+00	1.997713e+00	1.994209e+00	1.990595e+00
	1.986865e+00	1.982990e+00	1.978915e+00	1.974580e+00	1.969950e+00
	1.965026e+00	1.959810e+00	1.954219e+00	1.948022e+00	1.940784e+00
	1.931813e+00	1.920127e+00	1.904820e+00	1.885465e+00	1.862135e+00
	1.835464e+00	1.806397e+00	1.775880e+00	1.744689e+00	1.713235e+00
	1.681623e+00	1.649785e+00	1.617533e+00	1.584533e+00	1.550232e+00
	1.513878e+00	1.474731e+00	1.432661e+00	1.388788e+00	1.345195e+00
	1.303619e+00	1.264431e+00	1.226912e+00	1.190231e+00	1.154312e+00
	1.120296e+00	1.090131e+00	1.065351e+00	1.046295e+00	1.032264e+00
	1.022167e+00	1.014994e+00	1.009958e+00	1.006470e+00	1.004093e+00
	1.002505e+00	1.001466e+00	1.000802e+00	1.000390e+00	1.000142e+00
	1.000000e+00
Z
	1.000000e+00	9.999481e-01	9.998616e-01	9.997221e-01	9.995053e-01
	9.991789e-01	9.987017e-01	9.980244e-01	9.970893e-01	9.958317e-01
	9.941819e-01	9.920671e-01	9.894137e-01	9.861494e-01	9.822058e-01
	9.775200e-01	9.720356e-01	9.657047e-01	9.584878e-01	9.503547e-01
	9.412844e-01	9.312653e-01	9.202944e-01	9.083768e-01	8.955252e-01
	8.817572e-01	8.670931e-01	8.515487e-01	8.351251e-01	8.177992e-01
	7.995253e-01	7.802765e-01	7.601459e-01	7.393719e-01	7.181630e-01
	6.965231e-01	6.743563e-01	6.517165e-01	6.288320e-01	6.058846e-01
	5.828632e-01	5.596320e-01	5.360644e-01	5.120994e-01	4.877042e-01
	4.628233e-01	4.374177e-01	4.115678e-01	3.854889e-01	3.594546e-01
	3.337281e-01	3.086098e-01	2.845762e-01	2.622753e-01	2.422977e-01
	2.249322e-01	2.101227e-01	1.975926e-01	1.869793e-01	1.779219e-01
	1.701077e-01	1.632865e-01	1.572666e-01	1.519032e-01	1.470813e-01
	1.427003e-01	1.386632e-01	1.348739e-01	1.312519e-01	1.277499e-01
	1.243648e-01	1.211349e-01	1.181090e-01	1.153115e-01	1.127335e-01
	1.103475e-01	1.081235e-01	1.060339e-01	1.040578e-01	1.021857e-01
	1.004157e-01	9.874304e-02	9.715412e-02	9.563091e-02	9.415759e-02
	9.272272e-02	9.131824e-02	8.993835e-02	8.857885e-02	8.723696e-02
	8.590914e-02	8.458599e-02	8.325076e-02	8.188715e-02	8.048948e-02
	7.906381e-02	7.761455e-02	7.612471e-02	7.454233e-02	7.277660e-02
	7.069788e-02	6.814898e-02	6.504309e-02	6.143128e-02	5.746309e-02
	5.334768e-02	4.928143e-02	4.540126e-02	4.178055e-02	3.843035e-02
	3.532615e-02	3.243219e-02	2.971039e-02	2.711916e-02	2.461106e-02
	2.213703e-02	1.966238e-02	1.719824e-02	1.482076e-02	1.263340e-02
	1.069463e-02	8.987988e-03	7.455795e-03	6.048007e-03	4.751105e-03
	3.593944e-03	2.623117e-03	1.863187e-03	1.301085e-03	8.991805e-04
	6.158215e-04	4.171819e-04	2.786891e-04	1.828950e-04	1.173799e-04
	7.319949e-05	4.387907e-05	2.474767e-05	1.248212e-05	4.767252e-06
	0.000000e+00
temperature [K]
	3.000000e+02	3.000712e+02	3.001898e+02	3.003808e+02	3.006774e+02
	3.011238e+02	3.017755e+02	3.026993e+02	3.039727e+02	3.056815e+02
	3.079168e+02	3.107718e+02	3.143375e+02	3.186994e+02	3.239333e+02
	3.301033e+02	3.372598e+02	3.454386e+02	3.546611e+02	3.649352e+02
	3.762571e+02	3.886129e+02	4.019811e+02	4.163349e+02	4.316445e+02
	4.478807e+02	4.650188e+02	4.830462e+02	5.019754e+02	5.218536e+02
	5.427617e+02	5.647679e+02	5.878138e+02	6.116837e+02	6.362000e+02
	6.614242e+02	6.875425e+02	7.145748e+02	7.423341e+02	7.706808e+02
	7.997094e+02	8.296841e+02	8.608839e+02	8.935307e+02	9.278382e+02
	9.640877e+02	1.002590e+03	1.043562e+03	1.087021e+03	1.132823e+03
	1.180802e+03	1.230646e+03	1.281551e+03	1.332048e+03	1.380381e+03
	1.425149e+03	1.465664e+03	1.501877e+03	1.534148e+03	1.563028e+03
	1.589093e+03	1.612860e+03	1.634752e+03	1.655104e+03	1.674198e+03
	1.692308e+03	1.709737e+03	1.726841e+03	1.743955e+03	1.761302e+03
	1.778902e+03	1.796523e+03	1.813806e+03	1.830467e+03	1.846389e+03
	1.861576e+03	1.876072e+03	1.889927e+03	1.903163e+03	1.915741e+03
	1.927580e+03	1.938633e+03	1.948921e+03	1.958501e+03	1.967415e+03
	1.975667e+03	1.983238e+03	1.990085e+03	1.996149e+03	2.001356e+03
	2.005632e+03	2.008908e+03	2.011102e+03	2.012088e+03	2.011706e+03
	2.009840e+03	2.006457e+03	2.001546e+03	1.994945e+03	1.986201e+03
	1.974462e+03	1.958439e+03	1.936892e+03	1.909022e+03	1.874382e+03
	1.833103e+03	1.785859e+03	1.733666e+03	1.677663e+03	1.618677e+03
	1.557139e+03	1.493209e+03	1.426841e+03	1.357680e+03	1.284948e+03
	1.207507e+03	1.124431e+03	1.036359e+03	9.466897e+02	8.603826e+02
	7.809604e+02	7.088771e+02	6.425140e+02	5.802341e+02	5.218131e+02
	4.688851e+02	4.239243e+02	3.883884e+02	3.619129e+02	3.428836e+02
	3.294166e+02	3.199508e+02	3.133385e+02	3.087587e+02	3.056235e+02
	3.035079e+02	3.021032e+02	3.011864e+02	3.005984e+02	3.002286e+02
	3.000000e+02
massfraction-N2
	1.000000e-60	5.786894e-04	1.333077e-03	2.293250e-03	3.487263e-03
	4.943990e-03	6.691666e-03	8.755565e-03	1.115732e-02	1.391461e-02
	1.704119e-02	2.054713e-02	2.443926e-02	2.872164e-02	3.339614e-02
	3.846292e-02	4.392083e-02	4.976782e-02	5.600119e-02	6.261777e-02
	6.961412e-02	7.698657e-02	8.473139e-02	9.284492e-02	1.013239e-01
	1.101662e-01	1.193723e-01	1.289485e-01	1.389131e-01	1.493007e-01
	1.601614e-01	1.715368e-01	1.834011e-01	1.956469e-01	2.081857e-01
	2.210499e-01	2.343327e-01	2.480404e-01	2.620730e-01	2.763534e-01
	2.909217e-01	3.059002e-01	3.214142e-01	3.375556e-01	3.544057e-01
	3.720915e-01	3.906795e-01	4.102269e-01	4.306638e-01	4.518509e-01
	4.736280e-01	4.957651e-01	5.178176e-01	5.390894e-01	5.588329e-01
	5.765273e-01	5.919951e-01	6.053283e-01	6.167669e-01	6.266008e-01
	6.351053e-01	6.425132e-01	6.490101e-01	6.547402e-01	6.598218e-01
	6.643612e-01	6.684612e-01	6.722221e-01	6.757246e-01	6.790142e-01
	6.820952e-01	6.849390e-01	6.875162e-01	6.898246e-01	6.918911e-01
	6.937547e-01	6.954526e-01	6.970165e-01	6.984700e-01	6.998265e-01
	7.010923e-01	7.022747e-01	7.033861e-01	7.044413e-01	7.054523e-01
	7.064276e-01	7.073732e-01	7.082929e-01	7.091895e-01	7.100647e-01
	7.109208e-01	7.117641e-01	7.126055e-01	7.134558e-01	7.143193e-01
	7.151939e-01	7.160791e-01	7.169877e-01	7.179543e-01	7.190377e-01
	7.203235e-01	7.219197e-01	7.238982e-01	7.262448e-01	7.288698e-01
	7.316248e-01	7.343575e-01	7.369554e-01	7.393569e-01	7.415504e-01
	7.435529e-01	7.453918e-01	7.470970e-01	7.487006e-01	7.502384e-01
	7.517469e-01	7.532537e-01	7.547585e-01	7.562206e-01	7.575814e-01
	7.588074e-01	7.599103e-01	7.609283e-01	7.618971e-01	7.628296e-01
	7.637064e-01	7.644866e-01	7.651359e-01	7.656462e-01	7.660329e-01
	7.663215e-01	7.665358e-01	7.666943e-01	7.668109e-01	7.668962e-01
	7.669579e-01	7.670020e-01	7.670331e-01	7.670548e-01	7.670696e-01
	7.670796e-01
massfraction-O2
	1.000000e-60	2.226862e-07	5.142820e-07	8.869897e-07	1.352291e-06
	1.922027e-06	2.607809e-06	3.420077e-06	4.367797e-06	5.458311e-06
	6.697316e-06	8.088946e-06	9.635935e-06	1.133981e-05	1.320113e-05
	1.521964e-05	1.739454e-05	1.972455e-05	2.220812e-05	2.484345e-05
	2.762862e-05	3.056162e-05	3.364038e-05	3.686292e-05	4.022740e-05
	4.373245e-05	4.737776e-05	5.116533e-05	5.510190e-05	5.920068e-05
	6.348093e-05	6.795839e-05	7.262241e-05	7.743031e-05	8.234711e-05
	8.738533e-05	9.258130e-05	9.793724e-05	1.034139e-04	1.089813e-04
	1.146553e-04	1.204834e-04	1.265145e-04	1.327844e-04	1.393249e-04
	1.461859e-04	1.533941e-04	1.609739e-04	1.689025e-04	1.771338e-04
	1.856199e-04	1.942971e-04	2.030367e-04	2.116362e-04	2.198950e-04
	2.277110e-04	2.351108e-04	2.422104e-04	2.491666e-04	2.561454e-04
	2.633061e-04	2.707951e-04	2.787450e-04	2.872764e-04	2.965120e-04
	3.066053e-04	3.177852e-04	3.304120e-04	3.449881e-04	3.621144e-04
	3.823845e-04	4.062164e-04	4.338068e-04	4.652944e-04	5.009787e-04
	5.414059e-04	5.873393e-04	6.397679e-04	6.998481e-04	7.686661e-04
	8.471207e-04	9.362188e-04	1.037570e-03	1.153610e-03	1.287462e-03
	1.442848e-03	1.624170e-03	1.836638e-03	2.086389e-03	2.380529e-03
	2.727625e-03	3.139730e-03	3.634876e-03	4.236703e-03	4.969850e-03
	5.854928e-03	6.911453e-03	8.174372e-03	9.720200e-03	1.169684e-02
	1.435873e-02	1.809591e-02	2.330832e-02	3.020737e-02	3.874070e-02
	4.856793e-02	5.919757e-02	7.015190e-02	8.105406e-02	9.169410e-02
	1.019934e-01	1.119420e-01	1.215682e-01	1.309382e-01	1.401605e-01
	1.493663e-01	1.586465e-01	1.679296e-01	1.769114e-01	1.851963e-01
	1.925603e-01	1.990580e-01	2.049010e-01	2.102731e-01	2.152194e-01
	2.196235e-01	2.233030e-01	2.261644e-01	2.282619e-01	2.297448e-01
	2.307768e-01	2.314899e-01	2.319793e-01	2.323123e-01	2.325361e-01
	2.326843e-01	2.327810e-01	2.328428e-01	2.328818e-01	2.329058e-01
	2.329204e-01
massfraction-H
	1.000000e-60	1.374173e-18	2.904900e-18	4.562123e-18	6.286707e-18
	8.058660e-18	9.915895e-18	1.195226e-17	1.431909e-17	1.723949e-17
	2.104173e-17	2.622019e-17	3.354051e-17	4.421933e-17	6.023301e-17
	8.485074e-17	1.235592e-16	1.856694e-16	2.871044e-16	4.552131e-16
	7.370109e-16	1.213120e-15	2.020989e-15	3.392882e-15	5.716822e-15
	9.632625e-15	1.618140e-14	2.703930e-14	4.489290e-14	7.405538e-14
	1.214776e-13	1.982321e-13	3.210724e-13	5.136886e-13	8.093996e-13
	1.258424e-12	1.938158e-12	2.960344e-12	4.478017e-12	6.709774e-12
	9.995354e-12	1.488284e-11	2.225795e-11	3.356316e-11	5.122298e-11
	7.949181e-11	1.260128e-10	2.046892e-10	3.410798e-10	5.833038e-10
	1.024967e-09	1.851395e-09	3.422267e-09	6.395170e-09	1.187097e-08
	2.152042e-08	3.765797e-08	6.325807e-08	1.019816e-07	1.583038e-07
	2.377385e-07	3.470971e-07	4.946886e-07	6.903821e-07	9.458120e-07
	1.275176e-06	1.697250e-06	2.238945e-06	2.937663e-06	3.839760e-06
	4.992202e-06	6.426575e-06	8.149442e-06	1.015073e-05	1.242079e-05
	1.495871e-05	1.777040e-05	2.086723e-05	2.425970e-05	2.794264e-05
	3.189136e-05	3.608005e-05	4.050292e-05	4.517451e-05	5.011332e-05
	5.533047e-05	6.082682e-05	6.659109e-05	7.259757e-05	7.880229e-05
	8.514930e-05	9.159469e-05	9.811149e-05	1.046428e-04	1.110439e-04
	1.170890e-04	1.225596e-04	1.273237e-04	1.313118e-04	1.343832e-04
	1.361321e-04	1.356745e-04	1.317302e-04	1.234530e-04	1.111683e-04
	9.632337e-05	8.073009e-05	6.585132e-05	5.255205e-05	4.113227e-05
	3.155890e-05	2.366614e-05	1.725274e-05	1.211847e-05	8.083805e-06
	5.007664e-06	2.792332e-06	1.355612e-06	5.626618e-07	2.017979e-07
	6.446787e-08	1.898089e-08	5.391139e-09	1.578554e-09	4.961443e-10
	1.656651e-10	5.838500e-11	2.201046e-11	8.964075e-12	3.921499e-12
	1.810494e-12	8.642460e-13	4.185202e-13	2.020429e-13	9.557328e-14
	4.342715e-14	1.843231e-14	6.961609e-15	2.104841e-15	3.671979e-16
	1.000000e-60
massfraction-OH
	1.000000e-60	1.695800e-23	8.941838e-23	2.639985e-22	6.125033e-22
	1.245328e-21	2.333630e-21	4.146257e-21	7.114782e-21	1.194921e-20
	1.984566e-20	3.286216e-20	5.460380e-20	9.148069e-20	1.550283e-19
	2.661952e-19	4.632553e-19	8.163356e-19	1.453886e-18	2.610401e-18
	4.711431e-18	8.523110e-18	1.541212e-17	2.779372e-17	4.990117e-17
	8.911332e-17	1.582815e-16	2.799396e-16	4.943017e-16	8.751957e-16
	1.563104e-15	2.833361e-15	5.227758e-15	9.798636e-15	1.860054e-14
	3.577336e-14	6.978288e-14	1.374379e-13	2.706753e-13	5.292817e-13
	1.027330e-12	1.987390e-12	3.848241e-12	7.481334e-12	1.464983e-11
	2.903591e-11	5.854755e-11	1.204758e-10	2.529339e-10	5.405824e-10
	1.173585e-09	2.578559e-09	5.677357e-09	1.230295e-08	2.569383e-08
	5.088323e-08	9.486260e-08	1.665924e-07	2.771794e-07	4.405772e-07
	6.748492e-07	1.003899e-06	1.459512e-06	2.083619e-06	2.931782e-06
	4.079868e-06	5.637430e-06	7.772262e-06	1.074003e-05	1.490803e-05
	2.074899e-05	2.877033e-05	3.941945e-05	5.305757e-05	7.001914e-05
	9.066751e-05	1.153999e-04	1.446554e-04	1.788725e-04	2.183339e-04
	2.630902e-04	3.131464e-04	3.687540e-04	4.305008e-04	4.991763e-04
	5.756607e-04	6.609125e-04	7.559628e-04	8.618913e-04	9.797396e-04
	1.110569e-03	1.255950e-03	1.418269e-03	1.599771e-03	1.800495e-03
	2.016966e-03	2.243693e-03	2.476759e-03	2.716005e-03	2.963457e-03
	3.218094e-03	3.466784e-03	3.671676e-03	3.781265e-03	3.757673e-03
	3.593001e-03	3.309372e-03	2.945541e-03	2.542598e-03	2.133367e-03
	1.740240e-03	1.377631e-03	1.054363e-03	7.750661e-04	5.414927e-04
	3.541347e-04	2.131609e-04	1.172855e-04	6.032800e-05	3.064780e-05
	1.627801e-05	9.249651e-06	5.560382e-06	3.457335e-06	2.186112e-06
	1.398395e-06	9.087026e-07	6.036677e-07	4.111697e-07	2.863970e-07
	2.026152e-07	1.444339e-07	1.029598e-07	7.286458e-08	5.081025e-08
	3.459396e-08	2.268967e-08	1.399600e-08	7.698065e-09	3.188778e-09
	1.000000e-60
massfraction-O
	1.000000e-60	8.418615e-25	3.920568e-24	1.024756e-23	2.070375e-23
	3.606834e-23	5.721926e-23	8.542279e-23	1.227334e-22	1.725667e-22
	2.405810e-22	3.360990e-22	4.744824e-22	6.811863e-22	9.987645e-22
	1.499028e-21	2.304150e-21	3.623183e-21	5.814816e-21	9.494253e-21
	1.571303e-20	2.625713e-20	4.413299e-20	7.434520e-20	1.251181e-19
	2.097853e-19	3.496906e-19	5.786946e-19	9.504354e-19	1.550378e-18
	2.515963e-18	4.067225e-18	6.542412e-18	1.043658e-17	1.648785e-17
	2.589717e-17	4.070754e-17	6.431860e-17	1.023436e-16	1.645257e-16
	2.689741e-16	4.508837e-16	7.804909e-16	1.401640e-15	2.619545e-15
	5.110926e-15	1.043474e-14	2.228839e-14	4.962760e-14	1.146263e-13
	2.736431e-13	6.723136e-13	1.681260e-12	4.189928e-12	1.013673e-11
	2.328625e-11	5.016942e-11	1.010786e-10	1.911983e-10	3.422462e-10
	5.850159e-10	9.631462e-10	1.538339e-09	2.397362e-09	3.663132e-09
	5.515343e-09	8.232311e-09	1.227538e-08	1.843140e-08	2.803306e-08
	4.325501e-08	6.740464e-08	1.051963e-07	1.631926e-07	2.506614e-07
	3.808526e-07	5.726024e-07	8.526370e-07	1.258212e-06	1.838430e-06
	2.654785e-06	3.785564e-06	5.337645e-06	7.462839e-06	1.037426e-05
	1.436589e-05	1.983977e-05	2.733904e-05	3.758332e-05	5.149433e-05
	7.022603e-05	9.527199e-05	1.286246e-04	1.726995e-04	2.297256e-04
	3.008449e-04	3.859262e-04	4.847792e-04	5.988735e-04	7.320487e-04
	8.895046e-04	1.074012e-03	1.274955e-03	1.464350e-03	1.607715e-03
	1.678629e-03	1.669305e-03	1.589244e-03	1.457198e-03	1.292829e-03
	1.112370e-03	9.281410e-04	7.492758e-04	5.823552e-04	4.320829e-04
	3.023092e-04	1.969630e-04	1.195092e-04	6.962311e-05	4.114028e-05
	2.571651e-05	1.711864e-05	1.193095e-05	8.522484e-06	6.141069e-06
	4.431909e-06	3.204688e-06	2.329893e-06	1.707184e-06	1.259541e-06
	9.318177e-07	6.875663e-07	5.032854e-07	3.634364e-07	2.573260e-07
	1.772080e-07	1.172149e-07	7.275741e-08	4.020631e-08	1.671562e-08
	1.000000e-60
massfraction-H2
	1.000000e-60	2.050611e-05	4.241696e-05	6.548041e-05	8.944703e-05
	1.141522e-04	1.394721e-04	1.652918e-04	1.915078e-04	2.180313e-04
	2.447893e-04	2.717249e-04	2.987966e-04	3.259767e-04	3.532497e-04
	3.806100e-04	4.080601e-04	4.356088e-04	4.632693e-04	4.910577e-04
	5.189925e-04	5.470929e-04	5.753789e-04	6.038711e-04	6.325912e-04
	6.615642e-04	6.908217e-04	7.204119e-04	7.504150e-04	7.809537e-04
	8.121866e-04	8.442383e-04	8.770450e-04	9.103306e-04	9.438896e-04
	9.778458e-04	1.012475e-03	1.047820e-03	1.083654e-03	1.119819e-03
	1.156456e-03	1.193908e-03	1.232521e-03	1.272560e-03	1.314268e-03
	1.358035e-03	1.404039e-03	1.452536e-03	1.503462e-03	1.556604e-03
	1.611714e-03	1.668379e-03	1.725619e-03	1.781726e-03	1.834702e-03
	1.882974e-03	1.925761e-03	1.962969e-03	1.994925e-03	2.022138e-03
	2.045123e-03	2.064307e-03	2.080009e-03	2.092447e-03	2.101777e-03
	2.108110e-03	2.111496e-03	2.111865e-03	2.108957e-03	2.102337e-03
	2.091550e-03	2.076400e-03	2.057128e-03	2.034284e-03	2.008432e-03
	1.980009e-03	1.949323e-03	1.916585e-03	1.881975e-03	1.845788e-03
	1.808432e-03	1.770239e-03	1.731282e-03	1.691417e-03	1.650437e-03
	1.608164e-03	1.564452e-03	1.519182e-03	1.472270e-03	1.423676e-03
	1.373358e-03	1.321069e-03	1.266281e-03	1.208506e-03	1.147816e-03
	1.085000e-03	1.020999e-03	9.559683e-04	8.887589e-04	8.171222e-04
	7.384619e-04	6.512263e-04	5.582486e-04	4.659361e-04	3.800393e-04
	3.043639e-04	2.405286e-04	1.884476e-04	1.470424e-04	1.146869e-04
	8.973377e-05	7.076945e-05	5.661835e-05	4.627547e-05	3.886742e-05
	3.364474e-05	2.997056e-05	2.730571e-05	2.522381e-05	2.345434e-05
	2.186088e-05	2.036075e-05	1.887919e-05	1.734999e-05	1.573366e-05
	1.404077e-05	1.233564e-05	1.070227e-05	9.202692e-06	7.858747e-06
	6.661999e-06	5.594525e-06	4.639788e-06	3.784924e-06	3.020621e-06
	2.339892e-06	1.736974e-06	1.206515e-06	7.433357e-07	3.428823e-07
	1.000000e-60
massfraction-H2O
	1.000000e-60	9.946759e-05	2.292026e-04	3.943851e-04	5.998236e-04
	8.504328e-04	1.150965e-03	1.505593e-03	1.917767e-03	2.390148e-03
	2.924582e-03	3.522136e-03	4.183156e-03	4.907346e-03	5.693867e-03
	6.541432e-03	7.448394e-03	8.412834e-03	9.432639e-03	1.050557e-02
	1.162932e-02	1.280158e-02	1.402006e-02	1.528259e-02	1.658715e-02
	1.793203e-02	1.931602e-02	2.073890e-02	2.220228e-02	2.371014e-02
	2.526859e-02	2.688231e-02	2.854654e-02	3.024554e-02	3.196693e-02
	3.371528e-02	3.550322e-02	3.733146e-02	3.918676e-02	4.105948e-02
	4.295547e-02	4.489109e-02	4.688271e-02	4.894220e-02	5.108001e-02
	5.331270e-02	5.564819e-02	5.809459e-02	6.064426e-02	6.328150e-02
	6.598875e-02	6.874036e-02	7.148436e-02	7.413728e-02	7.660791e-02
	7.883141e-02	8.078415e-02	8.247548e-02	8.393325e-02	8.519195e-02
	8.628474e-02	8.723987e-02	8.807987e-02	8.882228e-02	8.948152e-02
	9.007063e-02	9.060230e-02	9.108891e-02	9.154022e-02	9.196122e-02
	9.235140e-02	9.270601e-02	9.302043e-02	9.329394e-02	9.352972e-02
	9.373252e-02	9.390680e-02	9.405627e-02	9.418364e-02	9.429058e-02
	9.437832e-02	9.444826e-02	9.450208e-02	9.454125e-02	9.456665e-02
	9.457864e-02	9.457713e-02	9.456161e-02	9.453118e-02	9.448449e-02
	9.441964e-02	9.433370e-02	9.422190e-02	9.407758e-02	9.389331e-02
	9.366248e-02	9.337886e-02	9.303210e-02	9.260011e-02	9.203999e-02
	9.127765e-02	9.020036e-02	8.869723e-02	8.672039e-02	8.429639e-02
	8.151416e-02	7.848275e-02	7.529905e-02	7.203778e-02	6.873750e-02
	6.540787e-02	6.204375e-02	5.863107e-02	5.514324e-02	5.153527e-02
	4.774684e-02	4.372694e-02	3.949391e-02	3.518824e-02	3.102345e-02
	2.715078e-02	2.357951e-02	2.022079e-02	1.698280e-02	1.384395e-02
	1.088836e-02	8.268058e-03	6.103436e-03	4.419705e-03	3.159513e-03
	2.233503e-03	1.559280e-03	1.072249e-03	7.237698e-04	4.774441e-04
	3.058185e-04	1.881318e-04	1.087641e-04	5.614625e-05	2.190402e-05
	1.000000e-60
massfraction-HO2
	1.000000e-60	2.791137e-10	6.453936e-10	1.114549e-09	1.701460e-09
	2.421536e-09	3.289976e-09	4.320584e-09	5.525372e-09	6.914369e-09
	8.495578e-09	1.027507e-08	1.225717e-08	1.444469e-08	1.683916e-08
	1.944107e-08	2.225006e-08	2.526507e-08	2.848444e-08	3.190595e-08
	3.552684e-08	3.934378e-08	4.335278e-08	4.754914e-08	5.192745e-08
	5.648167e-08	6.120563e-08	6.609426e-08	7.114612e-08	7.636473e-08
	8.175659e-08	8.731722e-08	9.300158e-08	9.871889e-08	1.043829e-07
	1.099549e-07	1.154082e-07	1.206618e-07	1.255859e-07	1.300638e-07
	1.340190e-07	1.373893e-07	1.400942e-07	1.420269e-07	1.430546e-07
	1.430192e-07	1.416965e-07	1.388679e-07	1.343364e-07	1.279916e-07
	1.198552e-07	1.101772e-07	9.961992e-08	8.934137e-08	8.069044e-08
	7.463658e-08	7.145385e-08	7.085465e-08	7.230295e-08	7.525514e-08
	7.926315e-08	8.398429e-08	8.915497e-08	9.456189e-08	1.000295e-07
	1.054214e-07	1.106468e-07	1.156587e-07	1.204280e-07	1.249213e-07
	1.291109e-07	1.330166e-07	1.367602e-07	1.405695e-07	1.447341e-07
	1.495626e-07	1.553632e-07	1.624474e-07	1.711307e-07	1.816999e-07
	1.943873e-07	2.094134e-07	2.270811e-07	2.478311e-07	2.722267e-07
	3.009339e-07	3.347289e-07	3.745090e-07	4.213005e-07	4.762472e-07
	5.406812e-07	6.164717e-07	7.064341e-07	8.141895e-07	9.433013e-07
	1.096464e-06	1.276172e-06	1.487572e-06	1.742598e-06	2.064310e-06
	2.491495e-06	3.080702e-06	3.881552e-06	4.904543e-06	6.118994e-06
	7.464622e-06	8.880542e-06	1.032616e-05	1.178429e-05	1.326187e-05
	1.478167e-05	1.637278e-05	1.806326e-05	1.987167e-05	2.179052e-05
	2.374467e-05	2.546689e-05	2.623078e-05	2.479024e-05	2.048299e-05
	1.460546e-05	9.237605e-06	5.386094e-06	2.993943e-06	1.628018e-06
	8.831727e-07	4.868770e-07	2.772987e-07	1.646549e-07	1.017945e-07
	6.491963e-08	4.220550e-08	2.764594e-08	1.804579e-08	1.161408e-08
	7.286548e-09	4.392188e-09	2.483833e-09	1.251379e-09	4.758236e-10
	1.000000e-60
massfraction-H2O2
	1.000000e-60	4.607184e-12	1.066408e-11	1.842884e-11	2.813611e-11
	4.001333e-11	5.426103e-11	7.102524e-11	9.038341e-11	1.123349e-10
	1.367970e-10	1.636051e-10	1.925198e-10	2.232362e-10	2.553981e-10
	2.886135e-10	3.224702e-10	3.565513e-10	3.904481e-10	4.237715e-10
	4.561586e-10	4.872789e-10	5.168361e-10	5.445692e-10	5.702515e-10
	5.936899e-10	6.147229e-10	6.332196e-10	6.490758e-10	6.621991e-10
	6.724828e-10	6.797728e-10	6.838724e-10	6.846399e-10	6.820595e-10
	6.761434e-10	6.668276e-10	6.540612e-10	6.379335e-10	6.185917e-10
	5.960507e-10	5.701401e-10	5.405905e-10	5.071136e-10	4.693849e-10
	4.270249e-10	3.796500e-10	3.275002e-10	2.719570e-10	2.160446e-10
	1.642374e-10	1.211075e-10	8.902214e-11	6.702993e-11	5.257045e-11
	4.338930e-11	3.787270e-11	3.485574e-11	3.351729e-11	3.332171e-11
	3.395947e-11	3.529680e-11	3.735008e-11	4.029122e-11	4.449133e-11
	5.061973e-11	5.984328e-11	7.422644e-11	9.743987e-11	1.358729e-10
	2.000069e-10	3.052752e-10	4.718039e-10	7.238025e-10	1.090037e-09
	1.605146e-09	2.310691e-09	3.256697e-09	4.501840e-09	6.108233e-09
	8.136025e-09	1.064936e-08	1.373377e-08	1.751103e-08	2.214412e-08
	2.784254e-08	3.487538e-08	4.358904e-08	5.442865e-08	6.795832e-08
	8.490377e-08	1.062812e-07	1.335836e-07	1.688302e-07	2.143004e-07
	2.720762e-07	3.439913e-07	4.326020e-07	5.429853e-07	6.846221e-07
	8.728858e-07	1.128825e-06	1.468790e-06	1.896334e-06	2.409264e-06
	3.007749e-06	3.703051e-06	4.521052e-06	5.501103e-06	6.699262e-06
	8.188654e-06	1.004598e-05	1.229024e-05	1.472527e-05	1.677786e-05
	1.766522e-05	1.697753e-05	1.509007e-05	1.281586e-05	1.071220e-05
	8.925968e-06	7.417696e-06	6.109539e-06	4.939858e-06	3.882262e-06
	2.947188e-06	2.162747e-06	1.544795e-06	1.083485e-06	7.506479e-07
	5.142907e-07	3.478307e-07	2.315523e-07	1.511842e-07	9.639796e-08
	5.965787e-08	3.546168e-08	1.982415e-08	9.910563e-09	3.753234e-09
	1.000000e-60
massfraction-CO
	1.000000e-60	4.445388e-05	1.025068e-04	1.765172e-04	2.686907e-04
	3.812971e-04	5.165557e-04	6.764532e-04	8.626877e-04	1.076642e-03
	1.319385e-03	1.591689e-03	1.894061e-03	2.226786e-03	2.589970e-03
	2.983574e-03	3.407457e-03	3.861400e-03	4.345132e-03	4.858345e-03
	5.400708e-03	5.971875e-03	6.571496e-03	7.199227e-03	7.854759e-03
	8.537875e-03	9.248556e-03	9.987237e-03	1.075527e-02	1.155528e-02
	1.239107e-02	1.326576e-02	1.417731e-02	1.511740e-02	1.607923e-02
	1.706524e-02	1.808257e-02	1.913166e-02	2.020482e-02	2.129617e-02
	2.240877e-02	2.355196e-02	2.473530e-02	2.596577e-02	2.724956e-02
	2.859634e-02	3.001117e-02	3.149841e-02	3.305285e-02	3.466401e-02
	3.631989e-02	3.800325e-02	3.968054e-02	4.129908e-02	4.280213e-02
	4.415006e-02	4.532917e-02	4.634624e-02	4.721929e-02	4.797016e-02
	4.861961e-02	4.918520e-02	4.968087e-02	5.011742e-02	5.050366e-02
	5.084746e-02	5.115636e-02	5.143760e-02	5.169672e-02	5.193637e-02
	5.215586e-02	5.235204e-02	5.252189e-02	5.266460e-02	5.278142e-02
	5.287420e-02	5.294420e-02	5.299173e-02	5.301594e-02	5.301495e-02
	5.298639e-02	5.292759e-02	5.283508e-02	5.270385e-02	5.252709e-02
	5.229625e-02	5.200106e-02	5.162959e-02	5.116838e-02	5.060288e-02
	4.991732e-02	4.909153e-02	4.809731e-02	4.690200e-02	4.548184e-02
	4.383504e-02	4.197623e-02	3.990827e-02	3.759234e-02	3.493905e-02
	3.182618e-02	2.815690e-02	2.403248e-02	1.977745e-02	1.575843e-02
	1.225961e-02	9.409218e-03	7.196940e-03	5.535411e-03	4.308016e-03
	3.405790e-03	2.741350e-03	2.248241e-03	1.876445e-03	1.588532e-03
	1.357031e-03	1.162633e-03	9.934155e-04	8.440873e-04	7.134960e-04
	6.007188e-04	5.027622e-04	4.154856e-04	3.357107e-04	2.625402e-04
	1.975419e-04	1.432810e-04	1.010524e-04	7.002360e-05	4.800142e-05
	3.259903e-05	2.189375e-05	1.449710e-05	9.429156e-06	5.997194e-06
	3.706486e-06	2.202336e-06	1.231602e-06	6.162366e-07	2.336384e-07
	1.000000e-60
massfraction-CO2
	1.000000e-60	3.383395e-05	8.230563e-05	1.498494e-04	2.413982e-04
	3.625540e-04	5.194560e-04	7.184998e-04	9.661286e-04	1.268634e-03
	1.631981e-03	2.061668e-03	2.562628e-03	3.139164e-03	3.794931e-03
	4.532931e-03	5.355547e-03	6.264574e-03	7.261276e-03	8.346436e-03
	9.520409e-03	1.078318e-02	1.213444e-02	1.357361e-02	1.510001e-02
	1.671298e-02	1.841221e-02	2.019840e-02	2.207447e-02	2.404653e-02
	2.612376e-02	2.831377e-02	3.061123e-02	3.299461e-02	3.544564e-02
	3.796955e-02	4.058368e-02	4.328837e-02	4.606280e-02	4.889065e-02
	5.177866e-02	5.474999e-02	5.782834e-02	6.103068e-02	6.437170e-02
	6.787445e-02	7.155061e-02	7.540837e-02	7.943069e-02	8.358651e-02
	8.784047e-02	9.214370e-02	9.640626e-02	1.004919e-01	1.042580e-01
	1.076095e-01	1.105186e-01	1.130093e-01	1.151325e-01	1.169470e-01
	1.185077e-01	1.198606e-01	1.210420e-01	1.220802e-01	1.229983e-01
	1.238167e-01	1.245554e-01	1.252332e-01	1.258660e-01	1.264632e-01
	1.270271e-01	1.275542e-01	1.280404e-01	1.284859e-01	1.288960e-01
	1.292781e-01	1.296394e-01	1.299861e-01	1.303233e-01	1.306538e-01
	1.309789e-01	1.312998e-01	1.316195e-01	1.319420e-01	1.322710e-01
	1.326097e-01	1.329607e-01	1.333258e-01	1.337059e-01	1.341011e-01
	1.345100e-01	1.349320e-01	1.353667e-01	1.358104e-01	1.362510e-01
	1.366666e-01	1.370302e-01	1.373140e-01	1.374843e-01	1.374781e-01
	1.371627e-01	1.362750e-01	1.344174e-01	1.312074e-01	1.264694e-01
	1.203506e-01	1.132405e-01	1.055928e-01	9.779914e-02	9.010804e-02
	8.264321e-02	7.545445e-02	6.854763e-02	6.189112e-02	5.541826e-02
	4.904639e-02	4.272491e-02	3.651779e-02	3.064231e-02	2.535870e-02
	2.079339e-02	1.688603e-02	1.348656e-02	1.047403e-02	7.814931e-03
	5.560533e-03	3.779977e-03	2.479758e-03	1.589673e-03	1.004485e-03
	6.271335e-04	3.863325e-04	2.341836e-04	1.392202e-04	8.086084e-05
	4.564099e-05	2.480386e-05	1.272742e-05	5.873714e-06	2.069292e-06
	1.000000e-60
massfraction-CH
	1.000000e-60	1.810647e-34	3.575160e-34	5.052796e-34	6.181618e-34
	7.033838e-34	7.777894e-34	8.633482e-34	9.870831e-34	1.187467e-33
	1.530288e-33	2.144139e-33	3.304464e-33	5.646885e-33	1.074458e-32
	2.276809e-32	5.353491e-32	1.386908e-31	3.919827e-31	1.194300e-30
	3.871346e-30	1.316943e-29	4.638141e-29	1.669483e-28	6.062984e-28
	2.203206e-27	7.946196e-27	2.819020e-26	9.815075e-26	3.350942e-25
	1.123718e-24	3.703102e-24	1.192099e-23	3.705018e-23	1.103836e-22
	3.167487e-22	8.836205e-22	2.402506e-21	6.344632e-21	1.627848e-20
	4.091771e-20	1.020005e-19	2.549331e-19	6.441967e-19	1.659110e-18
	4.397865e-18	1.211389e-17	3.488913e-17	1.052631e-16	3.328109e-16
	1.104824e-15	3.853083e-15	1.398211e-14	5.147950e-14	1.855922e-13
	6.335483e-13	2.002446e-12	5.803476e-12	1.543464e-11	3.795669e-11
	8.721315e-11	1.891751e-10	3.907536e-10	7.736197e-10	1.475677e-09
	2.726188e-09	4.909383e-09	8.688368e-09	1.522228e-08	2.649003e-08
	4.564425e-08	7.712931e-08	1.264154e-07	1.996859e-07	3.039209e-07
	4.471970e-07	6.387863e-07	8.892096e-07	1.209668e-06	1.609845e-06
	2.095650e-06	2.669710e-06	3.333891e-06	4.089819e-06	4.935877e-06
	5.863412e-06	6.853558e-06	7.874034e-06	8.876316e-06	9.794054e-06
	1.054587e-05	1.104205e-05	1.118748e-05	1.088748e-05	1.008065e-05
	8.794124e-06	7.163799e-06	5.383615e-06	3.642615e-06	2.114206e-06
	9.671845e-07	3.096927e-07	6.375658e-08	8.554613e-09	8.345724e-10
	7.200457e-11	7.004639e-12	8.971473e-13	1.466526e-13	2.766564e-14
	5.628620e-15	1.191457e-15	2.562477e-16	5.466218e-17	1.120361e-17
	2.113822e-18	3.486925e-19	4.827756e-20	5.647227e-21	5.943681e-22
	6.019144e-23	5.992527e-24	5.818806e-25	5.485042e-26	4.880848e-27
	3.927692e-28	2.980274e-29	2.442091e-30	2.480809e-31	3.242754e-32
	4.542228e-33	1.352719e-33	4.113039e-34	9.849867e-35	1.881226e-35
	1.000000e-60	4.859683e-36	1.000000e-60	2.822722e-36	1.000000e-60
	1.000000e-60
massfraction-CHO
	1.000000e-60	2.890829e-18	7.061074e-18	1.294082e-17	2.110695e-17
	3.243172e-17	4.829947e-17	7.094453e-17	1.039978e-16	1.533562e-16
	2.285768e-16	3.451246e-16	5.279916e-16	8.174905e-16	1.278444e-15
	2.014571e-15	3.190677e-15	5.066221e-15	8.044933e-15	1.274609e-14
	2.010311e-14	3.149346e-14	4.889796e-14	7.507548e-14	1.137172e-13
	1.695132e-13	2.480287e-13	3.552754e-13	4.969009e-13	6.769399e-13
	8.961434e-13	1.149831e-12	1.425943e-12	1.707253e-12	1.979940e-12
	2.241016e-12	2.497833e-12	2.763490e-12	3.053671e-12	3.386564e-12
	3.784893e-12	4.278413e-12	4.907084e-12	5.727080e-12	6.822992e-12
	8.329446e-12	1.046119e-11	1.356344e-11	1.820233e-11	2.534521e-11
	3.671208e-11	5.541090e-11	8.689498e-11	1.400513e-10	2.278920e-10
	3.673221e-10	5.780511e-10	8.812881e-10	1.299295e-09	1.856344e-09
	2.580341e-09	3.504351e-09	4.667458e-09	6.114874e-09	7.899688e-09
	1.008886e-08	1.277662e-08	1.610666e-08	2.028836e-08	2.559740e-08
	3.234966e-08	4.084001e-08	5.130614e-08	6.397020e-08	7.912223e-08
	9.716441e-08	1.186027e-07	1.440428e-07	1.741388e-07	2.094280e-07
	2.502065e-07	2.966295e-07	3.489284e-07	4.074478e-07	4.724365e-07
	5.438079e-07	6.209462e-07	7.024826e-07	7.860350e-07	8.679320e-07
	9.431432e-07	1.005461e-06	1.047309e-06	1.059362e-06	1.031988e-06
	9.596391e-07	8.449033e-07	6.976426e-07	5.311945e-07	3.617760e-07
	2.114514e-07	1.052646e-07	5.180753e-08	3.131793e-08	2.230193e-08
	1.637981e-08	1.189683e-08	8.570238e-09	6.187765e-09	4.510426e-09
	3.329287e-09	2.486696e-09	1.869997e-09	1.399668e-09	1.020421e-09
	6.976096e-10	4.203890e-10	2.059450e-10	7.738603e-11	2.264107e-11
	5.515506e-12	1.189739e-12	2.388574e-13	4.719890e-14	9.435706e-15
	1.882659e-15	3.782280e-16	7.985700e-17	1.841265e-17	4.680331e-18
	1.289739e-18	3.750182e-19	1.119041e-19	3.336439e-20	9.679749e-21
	2.651601e-21	6.578306e-22	1.375307e-22	2.070021e-23	1.372360e-24
	1.000000e-60
massfraction-CH2
	1.000000e-60	8.726650e-23	1.830195e-22	2.858603e-22	3.933323e-22
	5.063915e-22	6.308858e-22	7.782051e-22	9.670522e-22	1.227727e-21
	1.611050e-21	2.206194e-21	3.176716e-21	4.835133e-21	7.801545e-21
	1.334958e-20	2.417746e-20	4.615669e-20	9.234621e-20	1.922674e-19
	4.133472e-19	9.102262e-19	2.036886e-18	4.597498e-18	1.039608e-17
	2.341309e-17	5.226487e-17	1.152474e-16	2.505917e-16	5.372931e-16
	1.137356e-15	2.378228e-15	4.895273e-15	9.848912e-15	1.928653e-14
	3.687315e-14	6.922629e-14	1.278145e-13	2.315375e-13	4.114790e-13
	7.208610e-13	1.253859e-12	2.179180e-12	3.802183e-12	6.689304e-12
	1.193070e-11	2.168248e-11	4.027933e-11	7.652514e-11	1.486156e-10
	2.951423e-10	5.991520e-10	1.235812e-09	2.552699e-09	5.178558e-09
	1.013743e-08	1.893981e-08	3.363738e-08	5.687553e-08	9.200792e-08
	1.432852e-07	2.160874e-07	3.171322e-07	4.545948e-07	6.383196e-07
	8.804740e-07	1.197166e-06	1.611368e-06	2.155065e-06	2.868226e-06
	3.791714e-06	4.952842e-06	6.355154e-06	7.983468e-06	9.817359e-06
	1.183784e-05	1.402545e-05	1.635818e-05	1.880588e-05	2.131983e-05
	2.383369e-05	2.627970e-05	2.860103e-05	3.074656e-05	3.265751e-05
	3.426127e-05	3.547225e-05	3.619534e-05	3.633200e-05	3.579051e-05
	3.449944e-05	3.241326e-05	2.951250e-05	2.583461e-05	2.154592e-05
	1.697906e-05	1.254710e-05	8.590247e-06	5.310298e-06	2.819387e-06
	1.181906e-06	3.498321e-07	6.840414e-08	9.196271e-09	9.732900e-10
	1.003352e-10	1.276825e-11	2.263182e-12	5.264896e-13	1.444574e-13
	4.373980e-14	1.414087e-14	4.792846e-15	1.678969e-15	5.987789e-16
	2.137426e-16	7.511871e-17	2.584350e-17	8.893639e-18	3.202032e-18
	1.242821e-18	5.129145e-19	2.142128e-19	8.477939e-20	2.974644e-20
	8.904145e-21	2.354371e-21	6.128416e-22	1.757245e-22	5.875411e-23
	2.294908e-23	1.021671e-23	5.019803e-24	2.633866e-24	1.428869e-24
	7.746405e-25	4.025842e-25	1.883769e-25	7.022623e-26	1.463386e-26
	1.000000e-60
massfraction-CH2O
	1.000000e-60	4.582982e-08	1.121098e-07	2.053095e-07	3.327239e-07
	5.027164e-07	7.245390e-07	1.007927e-06	1.362779e-06	1.798836e-06
	2.325387e-06	2.951019e-06	3.683423e-06	4.529261e-06	5.494090e-06
	6.582331e-06	7.797294e-06	9.141216e-06	1.061534e-05	1.222000e-05
	1.395474e-05	1.581839e-05	1.780923e-05	1.992510e-05	2.216360e-05
	2.452238e-05	2.699959e-05	2.959492e-05	3.231126e-05	3.515610e-05
	3.814128e-05	4.127628e-05	4.455206e-05	4.793687e-05	5.140414e-05
	5.496087e-05	5.863102e-05	6.241452e-05	6.628204e-05	7.021088e-05
	7.421068e-05	7.831355e-05	8.255213e-05	8.694948e-05	9.152533e-05
	9.631086e-05	1.013206e-04	1.065644e-04	1.120162e-04	1.176286e-04
	1.233432e-04	1.290736e-04	1.346621e-04	1.398683e-04	1.444266e-04
	1.481320e-04	1.508845e-04	1.526783e-04	1.535691e-04	1.536411e-04
	1.529836e-04	1.516809e-04	1.498113e-04	1.474504e-04	1.446713e-04
	1.415380e-04	1.380957e-04	1.343642e-04	1.303561e-04	1.261137e-04
	1.217493e-04	1.174601e-04	1.134760e-04	1.099791e-04	1.070696e-04
	1.047865e-04	1.031370e-04	1.021102e-04	1.016826e-04	1.018134e-04
	1.024328e-04	1.034431e-04	1.047328e-04	1.061834e-04	1.076606e-04
	1.090027e-04	1.100125e-04	1.104539e-04	1.100528e-04	1.085093e-04
	1.055192e-04	1.007869e-04	9.402919e-05	8.505221e-05	7.395740e-05
	6.133329e-05	4.815574e-05	3.541439e-05	2.386705e-05	1.413049e-05
	6.842183e-06	2.459184e-06	6.170136e-07	1.111413e-07	1.596998e-08
	2.146087e-09	3.200542e-10	5.959198e-11	1.411257e-11	4.059982e-12
	1.351253e-12	5.044705e-13	2.076551e-13	9.325361e-14	4.535284e-14
	2.379278e-14	1.347658e-14	8.278555e-15	5.517355e-15	3.944761e-15
	2.964481e-15	2.289838e-15	1.780517e-15	1.367713e-15	1.020974e-15
	7.323048e-16	5.034278e-16	3.337967e-16	2.157182e-16	1.370097e-16
	8.576513e-17	5.287324e-17	3.203111e-17	1.901340e-17	1.101987e-17
	6.204597e-18	3.362907e-18	1.720884e-18	7.920855e-19	2.783648e-19
	1.000000e-60
massfraction-CH3
	1.000000e-60	4.018885e-10	9.145671e-10	1.554516e-09	2.337469e-09
	3.281079e-09	4.404739e-09	5.728994e-09	7.276051e-09	9.070501e-09
	1.114018e-08	1.351712e-08	1.623859e-08	1.934822e-08	2.289714e-08
	2.694528e-08	3.156282e-08	3.683174e-08	4.284776e-08	4.972250e-08
	5.758615e-08	6.659071e-08	7.691405e-08	8.876501e-08	1.023902e-07
	1.180835e-07	1.362004e-07	1.571815e-07	1.815950e-07	2.101955e-07
	2.439957e-07	2.842818e-07	3.324541e-07	3.898742e-07	4.582183e-07
	5.402496e-07	6.400683e-07	7.624491e-07	9.123973e-07	1.096097e-06
	1.322669e-06	1.605378e-06	1.962340e-06	2.418163e-06	3.008360e-06
	3.787082e-06	4.835157e-06	6.270207e-06	8.260350e-06	1.105050e-05
	1.500864e-05	2.068311e-05	2.882594e-05	4.032616e-05	5.604031e-05
	7.659109e-05	1.022369e-04	1.328566e-04	1.680583e-04	2.073410e-04
	2.501948e-04	2.961217e-04	3.446051e-04	3.950696e-04	4.469205e-04
	4.996482e-04	5.529495e-04	6.067675e-04	6.609998e-04	7.150478e-04
	7.674495e-04	8.158830e-04	8.578908e-04	8.917228e-04	9.165339e-04
	9.320382e-04	9.381713e-04	9.349616e-04	9.225168e-04	9.011701e-04
	8.716475e-04	8.349544e-04	7.920539e-04	7.437188e-04	6.906561e-04
	6.336502e-04	5.736107e-04	5.115855e-04	4.487556e-04	3.864260e-04
	3.259032e-04	2.682358e-04	2.142100e-04	1.647565e-04	1.212157e-04
	8.492323e-05	5.642470e-05	3.519309e-05	2.009895e-05	1.002040e-05
	4.037553e-06	1.191411e-06	2.435164e-07	3.566581e-08	4.151515e-09
	4.446624e-10	5.132081e-11	7.294226e-12	1.359860e-12	3.255698e-13
	9.456165e-14	3.173640e-14	1.192649e-14	4.917426e-15	2.190991e-15
	1.042302e-15	5.249168e-16	2.786026e-16	1.555712e-16	9.126905e-17
	5.590857e-17	3.519227e-17	2.223317e-17	1.375569e-17	8.179518e-18
	4.651061e-18	2.561853e-18	1.399537e-18	7.746858e-19	4.390247e-19
	2.546140e-19	1.503148e-19	8.978152e-20	5.393582e-20	3.239520e-20
	1.930377e-20	1.126840e-20	6.288906e-21	3.176863e-21	1.224114e-21
	1.000000e-60
massfraction-CH4
	1.000000e-60	1.262203e-05	2.874479e-05	4.886806e-05	7.342991e-05
	1.028712e-04	1.376078e-04	1.779877e-04	2.242836e-04	2.766916e-04
	3.353355e-04	4.002749e-04	4.715152e-04	5.490185e-04	6.327142e-04
	7.225083e-04	8.182917e-04	9.199462e-04	1.027350e-03	1.140381e-03
	1.258919e-03	1.382849e-03	1.512060e-03	1.646452e-03	1.785935e-03
	1.930449e-03	2.079978e-03	2.234606e-03	2.394610e-03	2.560530e-03
	2.733143e-03	2.913083e-03	3.099922e-03	3.291969e-03	3.487860e-03
	3.688130e-03	3.894255e-03	4.106352e-03	4.322902e-03	4.542759e-03
	4.766584e-03	4.996294e-03	5.233839e-03	5.480648e-03	5.737984e-03
	6.007813e-03	6.291097e-03	6.588661e-03	6.899273e-03	7.220431e-03
	7.548904e-03	7.879646e-03	8.203122e-03	8.504422e-03	8.766503e-03
	8.975329e-03	9.122766e-03	9.206231e-03	9.226973e-03	9.188178e-03
	9.093570e-03	8.946804e-03	8.751452e-03	8.511256e-03	8.230044e-03
	7.911036e-03	7.555676e-03	7.162617e-03	6.729060e-03	6.254268e-03
	5.744024e-03	5.213599e-03	4.683901e-03	4.173225e-03	3.692460e-03
	3.246234e-03	2.835927e-03	2.461263e-03	2.121611e-03	1.817060e-03
	1.547687e-03	1.311985e-03	1.106625e-03	9.276886e-04	7.718272e-04
	6.364569e-04	5.195024e-04	4.191937e-04	3.339428e-04	2.622860e-04
	2.027610e-04	1.537788e-04	1.137870e-04	8.159560e-05	5.641356e-05
	3.751985e-05	2.395191e-05	1.454523e-05	8.208882e-06	4.121390e-06
	1.719147e-06	5.474405e-07	1.274195e-07	2.246526e-08	3.286325e-09
	4.476895e-10	6.324969e-11	1.007100e-11	1.908533e-12	4.413715e-13
	1.250479e-13	4.306367e-14	1.778638e-14	8.677064e-15	4.923901e-15
	3.196449e-15	2.320649e-15	1.825768e-15	1.504091e-15	1.265004e-15
	1.071694e-15	9.069572e-16	7.599456e-16	6.239946e-16	4.970880e-16
	3.818949e-16	2.833660e-16	2.046806e-16	1.453188e-16	1.020625e-16
	7.100647e-17	4.885031e-17	3.313477e-17	2.207683e-17	1.438277e-17
	9.102864e-18	5.535920e-18	3.165784e-18	1.617693e-18	6.252628e-19
	1.000000e-60
massfraction-C2H6
	1.000000e-60	3.982637e-07	9.729494e-07	1.779336e-06	2.879597e-06
	4.344917e-06	6.253975e-06	8.689538e-06	1.173583e-05	1.547594e-05
	1.998954e-05	2.535088e-05	3.162740e-05	3.887875e-05	4.715635e-05
	5.650322e-05	6.695425e-05	7.853655e-05	9.127005e-05	1.051681e-04
	1.202382e-04	1.364827e-04	1.538994e-04	1.724828e-04	1.922253e-04
	2.131192e-04	2.351612e-04	2.583607e-04	2.827559e-04	3.084260e-04
	3.354905e-04	3.640482e-04	3.940288e-04	4.251492e-04	4.571679e-04
	4.901491e-04	5.243148e-04	5.596630e-04	5.959140e-04	6.328441e-04
	6.705291e-04	7.092539e-04	7.493038e-04	7.908656e-04	8.340806e-04
	8.791752e-04	9.261895e-04	9.750641e-04	1.025335e-03	1.076243e-03
	1.126803e-03	1.175605e-03	1.220425e-03	1.258249e-03	1.286009e-03
	1.301506e-03	1.303789e-03	1.292966e-03	1.269817e-03	1.235428e-03
	1.190962e-03	1.137602e-03	1.076579e-03	1.009235e-03	9.369593e-04
	8.610115e-04	7.823009e-04	7.012882e-04	6.184044e-04	5.347316e-04
	4.525254e-04	3.751065e-04	3.056354e-04	2.458185e-04	1.957295e-04
	1.544915e-04	1.209254e-04	9.383890e-05	7.217059e-05	5.504409e-05
	4.169524e-05	3.139885e-05	2.348823e-05	1.741328e-05	1.275798e-05
	9.212232e-06	6.538123e-06	4.548204e-06	3.092087e-06	2.048151e-06
	1.316837e-06	8.164489e-07	4.829339e-07	2.690112e-07	1.396284e-07
	6.714191e-08	2.973598e-08	1.190995e-08	4.126310e-09	1.140361e-09
	2.230782e-10	2.730260e-11	2.045218e-12	1.042641e-13	4.234870e-15
	1.597347e-16	6.323182e-18	2.869552e-19	1.582564e-20	1.093671e-21
	9.597578e-23	1.075840e-23	1.545569e-24	2.853525e-25	6.812613e-26
	2.140277e-26	9.116039e-27	5.294322e-27	3.884082e-27	3.182238e-27
	2.677619e-27	2.233827e-27	1.818633e-27	1.426658e-27	1.065652e-27
	7.529624e-28	5.050322e-28	3.254870e-28	2.044748e-28	1.264461e-28
	7.719994e-29	4.648083e-29	2.752513e-29	1.598012e-29	9.062143e-30
	4.994331e-30	2.651191e-30	1.329958e-30	6.009141e-31	2.076977e-31
	1.000000e-60
massfraction-C2H
	1.000000e-60	2.447045e-32	1.379793e-31	4.324969e-31	1.064547e-30
	2.295242e-30	4.633485e-30	9.024982e-30	1.729899e-29	3.323904e-29
	6.491924e-29	1.305098e-28	2.726277e-28	5.957948e-28	1.367613e-27
	3.300248e-27	8.355921e-27	2.209932e-26	6.066210e-26	1.714927e-25
	4.951206e-25	1.447577e-24	4.251848e-24	1.245819e-23	3.620274e-23
	1.038838e-22	2.935759e-22	8.165444e-22	2.239342e-21	6.082444e-21
	1.647186e-20	4.475970e-20	1.221652e-19	3.329995e-19	9.019442e-19
	2.432953e-18	6.563225e-18	1.763520e-17	4.667120e-17	1.207258e-16
	3.057289e-16	7.633158e-16	1.891485e-15	4.672873e-15	1.155798e-14
	2.879368e-14	7.268575e-14	1.865145e-13	4.858901e-13	1.280259e-12
	3.400292e-12	9.057808e-12	2.390078e-11	6.113070e-11	1.479102e-10
	3.326902e-10	6.912365e-10	1.330392e-09	2.391886e-09	4.060672e-09
	6.579903e-09	1.027233e-08	1.556606e-08	2.302231e-08	3.337597e-08
	4.761228e-08	6.712225e-08	9.398493e-08	1.312756e-07	1.832136e-07
	2.548004e-07	3.505533e-07	4.730320e-07	6.224435e-07	7.973693e-07
	9.953542e-07	1.212863e-06	1.445254e-06	1.686422e-06	1.928097e-06
	2.160489e-06	2.374404e-06	2.562607e-06	2.719234e-06	2.838650e-06
	2.915202e-06	2.943633e-06	2.919640e-06	2.840509e-06	2.705825e-06
	2.517931e-06	2.281275e-06	2.001735e-06	1.688674e-06	1.358776e-06
	1.035894e-06	7.436757e-07	4.972359e-07	3.021104e-07	1.590512e-07
	6.705641e-08	2.039630e-08	4.187673e-09	5.955974e-10	6.585287e-11
	6.886410e-12	8.485199e-13	1.370945e-13	2.775600e-14	6.502564e-15
	1.678961e-15	4.659157e-16	1.366920e-16	4.170888e-17	1.296708e-17
	4.003132e-18	1.191448e-18	3.338278e-19	8.825663e-20	2.287759e-20
	6.080056e-21	1.664343e-21	4.491918e-22	1.120734e-22	2.455691e-23
	4.719542e-24	8.542052e-25	1.635908e-25	3.667169e-26	1.005038e-26
	3.337440e-27	1.298811e-27	5.694051e-28	2.703720e-28	1.338560e-28
	6.643804e-29	3.157123e-29	1.344758e-29	4.540017e-30	8.548523e-31
	1.000000e-60
massfraction-C2H2
	1.000000e-60	9.984343e-06	2.384024e-05	4.256633e-05	6.721870e-05
	9.895632e-05	1.390036e-04	1.885821e-04	2.488688e-04	3.209609e-04
	4.058495e-04	5.044016e-04	6.173522e-04	7.453029e-04	8.887272e-04
	1.047979e-03	1.223306e-03	1.414858e-03	1.622706e-03	1.846849e-03
	2.087227e-03	2.343732e-03	2.616217e-03	2.904512e-03	3.208439e-03
	3.527845e-03	3.862657e-03	4.213014e-03	4.579494e-03	4.963291e-03
	5.366190e-03	5.789664e-03	6.232686e-03	6.691142e-03	7.161589e-03
	7.645109e-03	8.145094e-03	8.661669e-03	9.190944e-03	9.729892e-03
	1.027990e-02	1.084547e-02	1.143120e-02	1.204044e-02	1.267609e-02
	1.334272e-02	1.404269e-02	1.477781e-02	1.554513e-02	1.633902e-02
	1.715304e-02	1.797810e-02	1.879700e-02	1.958317e-02	2.030793e-02
	2.095062e-02	2.150260e-02	2.196442e-02	2.234150e-02	2.264062e-02
	2.286777e-02	2.302710e-02	2.312087e-02	2.314986e-02	2.311382e-02
	2.301134e-02	2.283886e-02	2.258872e-02	2.224832e-02	2.180196e-02
	2.123666e-02	2.055079e-02	1.975757e-02	1.887853e-02	1.793402e-02
	1.693962e-02	1.590750e-02	1.484759e-02	1.376986e-02	1.268833e-02
	1.162002e-02	1.057863e-02	9.570174e-03	8.595303e-03	7.654320e-03
	6.749358e-03	5.884178e-03	5.063727e-03	4.293723e-03	3.580401e-03
	2.929177e-03	2.342369e-03	1.819935e-03	1.363620e-03	9.788048e-04
	6.703358e-04	4.363714e-04	2.672802e-04	1.502141e-04	7.384111e-05
	2.940342e-05	8.603121e-06	1.752559e-06	2.585174e-07	3.125625e-08
	3.774907e-09	5.642306e-10	1.150538e-10	3.038052e-11	9.576307e-12
	3.437025e-12	1.374926e-12	6.068871e-13	2.937663e-13	1.552743e-13
	8.943546e-14	5.607492e-14	3.807609e-14	2.761774e-14	2.099645e-14
	1.643682e-14	1.303966e-14	1.031799e-14	8.015340e-15	6.025680e-15
	4.343903e-15	3.002914e-15	2.007291e-15	1.312204e-15	8.457345e-16
	5.386446e-16	3.385596e-16	2.094450e-16	1.271065e-16	7.537586e-17
	4.343824e-17	2.409477e-17	1.261003e-17	5.928306e-18	2.123784e-18
	1.000000e-60
massfraction-CHCO
	1.000000e-60	3.054743e-06	6.955934e-06	1.182387e-05	1.776364e-05
	2.488064e-05	3.327376e-05	4.302506e-05	5.419778e-05	6.683608e-05
	8.096615e-05	9.659805e-05	1.137283e-04	1.323424e-04	1.524176e-04
	1.739252e-04	1.968324e-04	2.211041e-04	2.467042e-04	2.735964e-04
	3.017449e-04	3.311147e-04	3.616727e-04	3.933878e-04	4.262321e-04
	4.601842e-04	4.952335e-04	5.313932e-04	5.687210e-04	6.073351e-04
	6.474083e-04	6.890773e-04	7.322341e-04	7.764799e-04	8.214959e-04
	8.674015e-04	9.145297e-04	9.629012e-04	1.012165e-03	1.062059e-03
	1.112732e-03	1.164616e-03	1.218148e-03	1.273646e-03	1.331391e-03
	1.391828e-03	1.455173e-03	1.521641e-03	1.591013e-03	1.662846e-03
	1.736632e-03	1.811632e-03	1.886368e-03	1.958482e-03	2.025392e-03
	2.085240e-03	2.137310e-03	2.181810e-03	2.219475e-03	2.251230e-03
	2.277966e-03	2.300433e-03	2.319215e-03	2.334750e-03	2.347370e-03
	2.357327e-03	2.364794e-03	2.369810e-03	2.372202e-03	2.371526e-03
	2.367118e-03	2.358275e-03	2.344483e-03	2.325460e-03	2.301010e-03
	2.270877e-03	2.234721e-03	2.192112e-03	2.142611e-03	2.086009e-03
	2.022447e-03	1.952168e-03	1.875129e-03	1.790935e-03	1.699087e-03
	1.599209e-03	1.491136e-03	1.375010e-03	1.251386e-03	1.121389e-03
	9.866629e-04	8.489206e-04	7.098806e-04	5.723353e-04	4.412966e-04
	3.232949e-04	2.236694e-04	1.444440e-04	8.482978e-05	4.310086e-05
	1.745842e-05	5.072322e-06	9.960996e-07	1.374039e-07	1.496928e-08
	1.539587e-09	1.845059e-10	2.991683e-11	6.526672e-12	1.751898e-12
	5.396050e-13	1.839656e-13	6.814727e-14	2.708904e-14	1.142558e-14
	5.058875e-15	2.330013e-15	1.111931e-15	5.548351e-16	2.973222e-16
	1.762393e-16	1.162802e-16	8.329136e-17	6.181265e-17	4.482432e-17
	3.008127e-17	1.830189e-17	1.036190e-17	5.711316e-18	3.166531e-18
	1.788527e-18	1.029781e-18	6.019664e-19	3.553419e-19	2.106371e-19
	1.245257e-19	7.259435e-20	4.077582e-20	2.089143e-20	8.211572e-21
	1.000000e-60
massfraction-C3H3
	1.000000e-60	9.930831e-22	2.578238e-21	5.138486e-21	9.391024e-21
	1.672576e-20	2.987210e-20	5.425703e-20	1.008397e-19	1.920918e-19
	3.747381e-19	7.470927e-19	1.517990e-18	3.134120e-18	6.555179e-18
	1.384700e-17	2.945452e-17	6.291587e-17	1.346018e-16	2.877329e-16
	6.132641e-16	1.300789e-15	2.741338e-15	5.732268e-15	1.188034e-14
	2.438553e-14	4.955129e-14	9.968741e-14	1.987346e-13	3.933005e-13
	7.745288e-13	1.520215e-12	2.967960e-12	5.731388e-12	1.090509e-11
	2.048868e-11	3.819114e-11	7.067818e-11	1.294074e-10	2.339064e-10
	4.184165e-10	7.446512e-10	1.325013e-09	2.365293e-09	4.247777e-09
	7.701222e-09	1.414067e-08	2.630956e-08	4.951431e-08	9.398362e-08
	1.794390e-07	3.433195e-07	6.525066e-07	1.213196e-06	2.168080e-06
	3.674900e-06	5.876157e-06	8.876649e-06	1.274015e-05	1.750245e-05
	2.318617e-05	2.980955e-05	3.738798e-05	4.593212e-05	5.545725e-05
	6.600816e-05	7.769835e-05	9.075075e-05	1.054718e-04	1.221513e-04
	1.408951e-04	1.614367e-04	1.831415e-04	2.052325e-04	2.270009e-04
	2.478314e-04	2.671300e-04	2.842876e-04	2.986457e-04	3.094968e-04
	3.162112e-04	3.183799e-04	3.158067e-04	3.084065e-04	2.961744e-04
	2.792410e-04	2.579393e-04	2.328545e-04	2.048489e-04	1.750551e-04
	1.447751e-04	1.152616e-04	8.761650e-05	6.292294e-05	4.227117e-05
	2.639591e-05	1.525101e-05	8.063898e-06	3.796357e-06	1.515770e-06
	4.826481e-07	1.178707e-07	2.277019e-08	3.674712e-09	5.107509e-10
	6.312487e-11	7.205533e-12	7.853877e-13	8.369038e-14	8.766796e-15
	8.933312e-16	8.668536e-17	7.763043e-18	6.121677e-19	3.954308e-20
	1.881515e-21	5.741918e-23	9.822959e-25	8.890005e-27	4.491576e-29
	1.388980e-31	2.715140e-34	8.182012e-37	3.880245e-38	2.524859e-39
	1.434657e-40	7.398660e-42	3.995438e-43	2.645502e-44	2.217695e-45
	1.566499e-46	3.247797e-47	8.768408e-48	2.057059e-48	5.355813e-49
	1.000000e-60	4.517900e-50	1.000000e-60	1.000000e-60	1.000000e-60
	1.000000e-60
massfraction-C2H3
	1.000000e-60	1.679551e-18	3.762366e-18	6.273632e-18	9.224039e-18
	1.269515e-17	1.691021e-17	2.230286e-17	2.963940e-17	4.026230e-17
	5.658284e-17	8.309443e-17	1.285143e-16	2.104488e-16	3.658570e-16
	6.751464e-16	1.318885e-15	2.713488e-15	5.839153e-15	1.303500e-14
	2.991973e-14	6.998075e-14	1.653476e-13	3.914831e-13	9.220869e-13
	2.146796e-12	4.912513e-12	1.099210e-11	2.393781e-11	5.051540e-11
	1.028759e-10	2.012225e-10	3.753524e-10	6.626872e-10	1.104761e-09
	1.747716e-09	2.642402e-09	3.833864e-09	5.349380e-09	7.204622e-09
	9.421113e-09	1.203083e-08	1.506272e-08	1.852336e-08	2.238498e-08
	2.658618e-08	3.103893e-08	3.570141e-08	4.075426e-08	4.686897e-08
	5.546300e-08	6.901514e-08	9.161995e-08	1.297268e-07	1.925756e-07
	2.916991e-07	4.394156e-07	6.470258e-07	9.238421e-07	1.277438e-06
	1.714283e-06	2.239977e-06	2.858639e-06	3.571554e-06	4.376323e-06
	5.267159e-06	6.236163e-06	7.273603e-06	8.360772e-06	9.457138e-06
	1.049000e-05	1.136047e-05	1.197592e-05	1.228361e-05	1.227692e-05
	1.198087e-05	1.143761e-05	1.069739e-05	9.814337e-06	8.846266e-06
	7.850876e-06	6.875819e-06	5.952265e-06	5.097730e-06	4.322472e-06
	3.632581e-06	3.030377e-06	2.514475e-06	2.079974e-06	1.718928e-06
	1.420607e-06	1.171953e-06	9.594932e-07	7.721827e-07	6.036623e-07
	4.529267e-07	3.224937e-07	2.150215e-07	1.314217e-07	7.122915e-08
	3.287193e-08	1.257127e-08	4.068891e-09	1.174645e-09	3.172661e-10
	8.374441e-11	2.248255e-11	6.345210e-12	1.928201e-12	6.382489e-13
	2.306302e-13	9.061557e-14	3.829843e-14	1.703924e-14	7.681747e-15
	3.317700e-15	1.294886e-15	4.481293e-16	1.438194e-16	4.595463e-17
	1.541376e-17	5.551857e-18	2.131255e-18	8.446488e-19	3.328646e-19
	1.279740e-19	4.831007e-20	1.824341e-20	6.998911e-21	2.738144e-21
	1.084134e-21	4.291808e-22	1.677943e-22	6.402725e-23	2.356471e-23
	8.246580e-24	2.684866e-24	7.797829e-25	1.828748e-25	2.491923e-26
	1.000000e-60
massfraction-C2H4
	1.000000e-60	5.332755e-06	1.286885e-05	2.323289e-05	3.710513e-05
	5.524663e-05	7.847826e-05	1.076394e-04	1.435593e-04	1.870312e-04
	2.387909e-04	2.994997e-04	3.697344e-04	4.499816e-04	5.406372e-04
	6.420090e-04	7.543224e-04	8.777270e-04	1.012305e-03	1.158078e-03
	1.315019e-03	1.483054e-03	1.662079e-03	1.851961e-03	2.052560e-03
	2.263743e-03	2.485433e-03	2.717687e-03	2.960853e-03	3.215692e-03
	3.483354e-03	3.764785e-03	4.059270e-03	4.364037e-03	4.676763e-03
	4.998135e-03	5.330376e-03	5.673537e-03	6.025003e-03	6.382736e-03
	6.747625e-03	7.122618e-03	7.510713e-03	7.914040e-03	8.334414e-03
	8.774676e-03	9.236110e-03	9.719447e-03	1.022195e-02	1.073859e-02
	1.126284e-02	1.178476e-02	1.228668e-02	1.274191e-02	1.312056e-02
	1.339823e-02	1.356095e-02	1.360459e-02	1.353198e-02	1.334954e-02
	1.306494e-02	1.268609e-02	1.222121e-02	1.167932e-02	1.106991e-02
	1.040148e-02	9.679405e-03	8.904448e-03	8.076239e-03	7.200376e-03
	6.295965e-03	5.398279e-03	4.548203e-03	3.776253e-03	3.096026e-03
	2.508640e-03	2.009177e-03	1.590007e-03	1.242963e-03	9.605451e-04
	7.351325e-04	5.580379e-04	4.201362e-04	3.132626e-04	2.309060e-04
	1.679972e-04	1.204949e-04	8.511540e-05	5.917038e-05	4.046648e-05
	2.721280e-05	1.795554e-05	1.157186e-05	7.251907e-06	4.417322e-06
	2.627536e-06	1.534062e-06	8.772316e-07	4.842068e-07	2.509934e-07
	1.176753e-07	4.795890e-08	1.675588e-08	5.116141e-09	1.418970e-09
	3.764368e-10	1.004351e-10	2.803024e-11	8.403468e-12	2.740154e-12
	9.748949e-13	3.781477e-13	1.595058e-13	7.286939e-14	3.587881e-14
	1.897361e-14	1.078019e-14	6.596169e-15	4.332124e-15	3.017554e-15
	2.193674e-15	1.634847e-15	1.225545e-15	9.073455e-16	6.532306e-16
	4.531525e-16	3.030006e-16	1.968781e-16	1.256293e-16	7.928761e-17
	4.955920e-17	3.061708e-17	1.863584e-17	1.113544e-17	6.505396e-18
	3.695219e-18	2.021490e-18	1.044164e-18	4.849637e-19	1.718538e-19
	1.000000e-60
massfraction-C2H5
	1.000000e-60	4.678779e-11	1.140879e-10	2.082350e-10	3.363207e-10
	5.064382e-10	7.275027e-10	1.008858e-09	1.359977e-09	1.790175e-09
	2.308351e-09	2.922776e-09	3.640946e-09	4.469482e-09	5.414090e-09
	6.479568e-09	7.669846e-09	8.988052e-09	1.043660e-08	1.201731e-08
	1.373151e-08	1.558016e-08	1.756404e-08	1.968389e-08	2.194068e-08
	2.433590e-08	2.687219e-08	2.955433e-08	3.239122e-08	3.539731e-08
	3.859251e-08	4.199456e-08	4.559977e-08	4.937448e-08	5.328191e-08
	5.731095e-08	6.145251e-08	6.564392e-08	6.975490e-08	7.362397e-08
	7.707693e-08	7.989662e-08	8.178479e-08	8.236263e-08	8.122814e-08
	7.808043e-08	7.291704e-08	6.637141e-08	5.983829e-08	5.510316e-08
	5.361841e-08	5.628855e-08	6.401860e-08	7.828732e-08	1.012389e-07
	1.354354e-07	1.834988e-07	2.477498e-07	3.299950e-07	4.315082e-07
	5.530245e-07	6.946154e-07	8.553969e-07	1.033147e-06	1.224184e-06
	1.423602e-06	1.625677e-06	1.823875e-06	2.009400e-06	2.169516e-06
	2.287958e-06	2.349431e-06	2.346667e-06	2.283223e-06	2.169863e-06
	2.019530e-06	1.844568e-06	1.655622e-06	1.461663e-06	1.270644e-06
	1.089268e-06	9.219341e-07	7.704437e-07	6.349662e-07	5.151697e-07
	4.106410e-07	3.208652e-07	2.451704e-07	1.826934e-07	1.323808e-07
	9.294682e-08	6.286484e-08	4.057050e-08	2.469525e-08	1.404631e-08
	7.435231e-09	3.656454e-09	1.657412e-09	6.788747e-10	2.458560e-10
	8.005449e-11	2.565689e-11	8.524989e-12	2.745355e-12	8.274952e-13
	2.414227e-13	7.178074e-14	2.270747e-14	7.863743e-15	3.018074e-15
	1.284800e-15	6.025937e-16	3.068726e-16	1.653743e-16	9.061349e-17
	4.790022e-17	2.317514e-17	9.957970e-18	3.830315e-18	1.362599e-18
	4.560358e-19	1.416596e-19	4.076494e-20	1.129110e-20	3.148363e-21
	8.989822e-22	2.652276e-22	8.189289e-23	2.662140e-23	9.045927e-24
	3.158792e-24	1.112527e-24	3.889072e-25	1.332168e-25	4.428432e-26
	1.418386e-26	4.353985e-27	1.275267e-27	3.527370e-28	8.453876e-29
	1.000000e-60
massfraction-C3H4
	1.000000e-60	1.336813e-08	3.381859e-08	6.417676e-08	1.078895e-07
	1.691608e-07	2.529459e-07	3.648348e-07	5.109291e-07	6.976893e-07
	9.317662e-07	1.219830e-06	1.568412e-06	1.983768e-06	2.471764e-06
	3.037794e-06	3.686719e-06	4.422837e-06	5.249862e-06	6.170931e-06
	7.188615e-06	8.304947e-06	9.521460e-06	1.083925e-05	1.225905e-05
	1.378144e-05	1.540712e-05	1.713761e-05	1.897652e-05	2.093059e-05
	2.300973e-05	2.522245e-05	2.756406e-05	3.001279e-05	3.254943e-05
	3.517875e-05	3.791831e-05	4.076798e-05	4.370511e-05	4.671127e-05
	4.979242e-05	5.297214e-05	5.627474e-05	5.971730e-05	6.331427e-05
	6.708849e-05	7.105105e-05	7.520753e-05	7.953589e-05	8.399824e-05
	8.855151e-05	9.313760e-05	9.765426e-05	1.019499e-04	1.058660e-04
	1.092931e-04	1.121940e-04	1.145901e-04	1.165395e-04	1.181174e-04
	1.194025e-04	1.204695e-04	1.213873e-04	1.222186e-04	1.230210e-04
	1.238487e-04	1.247551e-04	1.257982e-04	1.270418e-04	1.285492e-04
	1.303638e-04	1.324785e-04	1.348200e-04	1.372680e-04	1.396854e-04
	1.419307e-04	1.438556e-04	1.453024e-04	1.461036e-04	1.460895e-04
	1.451169e-04	1.430878e-04	1.399373e-04	1.356125e-04	1.300746e-04
	1.233162e-04	1.153772e-04	1.063576e-04	9.642615e-05	8.582521e-05
	7.484895e-05	6.378332e-05	5.288169e-05	4.243200e-05	3.281679e-05
	2.443405e-05	1.751717e-05	1.204766e-05	7.844075e-06	4.708958e-06
	2.504111e-06	1.125268e-06	4.183657e-07	1.314613e-07	3.659698e-08
	9.580981e-09	2.493562e-09	6.733609e-10	1.941996e-10	6.064793e-11
	2.058543e-11	7.587215e-12	3.027152e-12	1.301004e-12	5.985866e-13
	2.931970e-13	1.524215e-13	8.398575e-14	4.884519e-14	2.973910e-14
	1.876380e-14	1.209153e-14	7.799236e-15	4.926707e-15	2.994276e-15
	1.738835e-15	9.717844e-16	5.310637e-16	2.882421e-16	1.566697e-16
	8.525674e-17	4.624472e-17	2.486963e-17	1.319106e-17	6.866510e-18
	3.487903e-18	1.713589e-18	7.994230e-19	3.379564e-19	1.101405e-19
	1.000000e-60
massfraction-C3H5
	1.000000e-60	6.152719e-10	1.567302e-09	2.996204e-09	5.075467e-09
	8.019279e-09	1.208319e-08	1.755917e-08	2.476993e-08	3.406137e-08
	4.579395e-08	6.033352e-08	7.804265e-08	9.927263e-08	1.243569e-07
	1.536057e-07	1.873023e-07	2.257001e-07	2.690215e-07	3.174574e-07
	3.711670e-07	4.302794e-07	4.948953e-07	5.650896e-07	6.409165e-07
	7.224191e-07	8.096455e-07	9.026867e-07	1.001744e-06	1.107188e-06
	1.219563e-06	1.339335e-06	1.466257e-06	1.599150e-06	1.736967e-06
	1.879961e-06	2.029079e-06	2.184308e-06	2.344399e-06	2.508333e-06
	2.676411e-06	2.849891e-06	3.030059e-06	3.217789e-06	3.413773e-06
	3.619096e-06	3.834095e-06	4.058598e-06	4.290573e-06	4.526503e-06
	4.761489e-06	4.987993e-06	5.193676e-06	5.361853e-06	5.477001e-06
	5.532115e-06	5.531504e-06	5.487293e-06	5.413512e-06	5.321751e-06
	5.219634e-06	5.111165e-06	4.997731e-06	4.879087e-06	4.754024e-06
	4.620730e-06	4.476901e-06	4.319791e-06	4.147118e-06	3.958942e-06
	3.760039e-06	3.561079e-06	3.375597e-06	3.214481e-06	3.082949e-06
	2.981247e-06	2.906454e-06	2.853726e-06	2.817175e-06	2.790411e-06
	2.766956e-06	2.740780e-06	2.706669e-06	2.660201e-06	2.597657e-06
	2.516067e-06	2.413344e-06	2.288484e-06	2.141777e-06	1.975030e-06
	1.791408e-06	1.594525e-06	1.387905e-06	1.176228e-06	9.670547e-07
	7.701188e-07	5.936468e-07	4.412405e-07	3.124462e-07	2.058459e-07
	1.216198e-07	6.161988e-08	2.619531e-08	9.532050e-09	3.113992e-09
	9.696318e-10	3.033711e-10	9.887349e-11	3.424229e-11	1.267722e-11
	5.013139e-12	2.113703e-12	9.494669e-13	4.543734e-13	2.319294e-13
	1.268784e-13	7.515419e-14	4.868341e-14	3.426948e-14	2.550909e-14
	1.947794e-14	1.491762e-14	1.125572e-14	8.224349e-15	5.728756e-15
	3.768977e-15	2.347031e-15	1.400163e-15	8.123455e-16	4.632278e-16
	2.604495e-16	1.442095e-16	7.842062e-17	4.175167e-17	2.169240e-17
	1.095171e-17	5.332021e-18	2.460732e-18	1.028442e-18	3.315162e-19
	1.000000e-60
massfraction-C3H6
	1.000000e-60	3.528236e-08	9.064862e-08	1.748833e-07	2.990610e-07
	4.770609e-07	7.256905e-07	1.064451e-06	1.515225e-06	2.101824e-06
	2.849425e-06	3.783953e-06	4.931472e-06	6.317596e-06	7.966985e-06
	9.902919e-06	1.214696e-05	1.471872e-05	1.763568e-05	2.091311e-05
	2.456405e-05	2.859934e-05	3.302772e-05	3.785598e-05	4.308932e-05
	4.873197e-05	5.478836e-05	6.126572e-05	6.817890e-05	7.555450e-05
	8.343124e-05	9.184256e-05	1.007714e-04	1.101347e-04	1.198580e-04
	1.299578e-04	1.405002e-04	1.514829e-04	1.628160e-04	1.744257e-04
	1.863316e-04	1.986212e-04	2.113844e-04	2.246816e-04	2.385612e-04
	2.531003e-04	2.683252e-04	2.842292e-04	3.006796e-04	3.174458e-04
	3.342040e-04	3.504338e-04	3.652148e-04	3.771467e-04	3.846020e-04
	3.862414e-04	3.814615e-04	3.705207e-04	3.543402e-04	3.341514e-04
	3.112026e-04	2.866020e-04	2.612684e-04	2.359332e-04	2.111300e-04
	1.871810e-04	1.642015e-04	1.421461e-04	1.209716e-04	1.008070e-04
	8.203792e-05	6.523332e-05	5.085901e-05	3.904099e-05	2.958680e-05
	2.215644e-05	1.639458e-05	1.197898e-05	8.638446e-06	6.153637e-06
	4.340224e-06	3.036923e-06	2.108245e-06	1.449760e-06	9.858376e-07
	6.621700e-07	4.391418e-07	2.875995e-07	1.861144e-07	1.190983e-07
	7.533992e-08	4.692092e-08	2.849248e-08	1.663722e-08	9.205545e-09
	4.764226e-09	2.275097e-09	9.796512e-10	3.638215e-10	1.081034e-10
	2.315486e-11	3.237724e-12	2.945024e-13	1.941356e-14	1.083153e-15
	5.945349e-17	3.572163e-18	2.494408e-19	2.086555e-20	2.117514e-21
	2.625440e-22	4.014241e-23	7.669097e-24	1.853617e-24	5.691103e-25
	2.202867e-25	1.070334e-25	6.601990e-26	4.998285e-26	4.138700e-26
	3.439848e-26	2.795899e-26	2.203444e-26	1.667491e-26	1.197662e-26
	8.099876e-27	5.165250e-27	3.137085e-27	1.838869e-27	1.051035e-27
	5.882577e-28	3.225392e-28	1.730564e-28	9.069600e-29	4.632134e-29
	2.297320e-29	1.098640e-29	4.982595e-30	2.048665e-30	6.508246e-31
	1.000000e-60
massfraction-N-C3H7
	1.000000e-60	2.372076e-12	6.102686e-12	1.179063e-11	2.019294e-11
	3.226058e-11	4.914782e-11	7.219713e-11	1.029185e-10	1.429587e-10
	1.940627e-10	2.580317e-10	3.366798e-10	4.317940e-10	5.450982e-10
	6.782229e-10	8.326816e-10	1.009853e-09	1.210967e-09	1.437101e-09
	1.689171e-09	1.967930e-09	2.273969e-09	2.607700e-09	2.969341e-09
	3.358854e-09	3.775822e-09	4.219189e-09	4.686702e-09	5.173404e-09
	5.668210e-09	6.146644e-09	6.559712e-09	6.828014e-09	6.853125e-09
	6.546384e-09	5.879875e-09	4.958107e-09	4.009233e-09	3.221970e-09
	2.634153e-09	2.199838e-09	1.872383e-09	1.622427e-09	1.431702e-09
	1.287968e-09	1.182615e-09	1.110047e-09	1.067278e-09	1.053637e-09
	1.070338e-09	1.120717e-09	1.209957e-09	1.343438e-09	1.523975e-09
	1.749466e-09	2.012325e-09	2.300747e-09	2.601091e-09	2.900076e-09
	3.185689e-09	3.447099e-09	3.674177e-09	3.857210e-09	3.987155e-09
	4.055966e-09	4.056429e-09	3.981300e-09	3.823158e-09	3.577470e-09
	3.249194e-09	2.859099e-09	2.440865e-09	2.028697e-09	1.647071e-09
	1.309221e-09	1.020222e-09	7.798500e-10	5.849970e-10	4.312884e-10
	3.133397e-10	2.248537e-10	1.594442e-10	1.115815e-10	7.693678e-11
	5.220239e-11	3.482826e-11	2.284246e-11	1.473025e-11	9.345675e-12
	5.834783e-12	3.575228e-12	2.134876e-12	1.229833e-12	6.765251e-13
	3.520547e-13	1.712529e-13	7.613239e-14	2.962425e-14	9.396008e-15
	2.204543e-15	3.497582e-16	3.746372e-17	2.979276e-18	2.002213e-19
	1.287181e-20	8.718265e-22	6.657919e-23	5.992287e-24	6.505951e-25
	8.620308e-26	1.406324e-26	2.855847e-27	7.320709e-28	2.414236e-28
	1.046137e-28	6.116761e-29	4.974580e-29	5.477161e-29	7.294801e-29
	1.111771e-28	1.833905e-28	2.306791e-28	2.152620e-28	1.683981e-28
	1.171115e-28	7.467662e-29	4.481291e-29	2.588996e-29	1.461602e-29
	8.107493e-30	4.418761e-30	2.361515e-30	1.234194e-30	6.289413e-31
	3.112948e-31	1.485754e-31	6.725046e-32	2.759871e-32	8.752470e-33
	1.000000e-60
massfraction-I-C3H7
	1.000000e-60	6.074250e-11	1.562736e-10	3.019277e-10	5.170915e-10
	8.261191e-10	1.258574e-09	1.848841e-09	2.635604e-09	3.661053e-09
	4.969913e-09	6.608360e-09	8.622934e-09	1.105952e-08	1.396242e-08
	1.737366e-08	2.133234e-08	2.587428e-08	3.103173e-08	3.683332e-08
	4.330406e-08	5.046552e-08	5.833614e-08	6.693171e-08	7.626605e-08
	8.635220e-08	9.720430e-08	1.088415e-07	1.212950e-07	1.346113e-07
	1.488443e-07	1.640059e-07	1.799490e-07	1.962841e-07	2.124368e-07
	2.276654e-07	2.407773e-07	2.497496e-07	2.518033e-07	2.440862e-07
	2.246995e-07	1.941028e-07	1.565977e-07	1.197792e-07	9.020045e-08
	6.930510e-08	5.493403e-08	4.484617e-08	3.769778e-08	3.270125e-08
	2.934545e-08	2.730368e-08	2.638413e-08	2.646481e-08	2.742328e-08
	2.909508e-08	3.127406e-08	3.373778e-08	3.627736e-08	3.871652e-08
	4.091368e-08	4.275409e-08	4.414064e-08	4.498900e-08	4.522836e-08
	4.480215e-08	4.366388e-08	4.176790e-08	3.907545e-08	3.559395e-08
	3.144223e-08	2.689424e-08	2.231772e-08	1.803703e-08	1.424723e-08
	1.102300e-08	8.363357e-09	6.225050e-09	4.546758e-09	3.263395e-09
	2.307833e-09	1.611657e-09	1.111579e-09	7.558915e-10	5.056672e-10
	3.321368e-10	2.138548e-10	1.348002e-10	8.308904e-11	5.003765e-11
	2.939991e-11	1.678435e-11	9.237015e-12	4.857023e-12	2.427808e-12
	1.153465e-12	5.201811e-13	2.196764e-13	8.385199e-14	2.718803e-14
	6.869077e-15	1.242761e-15	1.580371e-16	1.498690e-17	1.171354e-18
	8.457724e-20	6.251372e-21	5.117792e-22	4.893124e-23	5.619206e-24
	7.849157e-25	1.342002e-25	2.820755e-26	7.322733e-27	2.369338e-27
	9.762780e-28	5.320799e-28	3.889634e-28	3.148670e-28	1.882289e-28
	8.770734e-29	4.033270e-29	1.974431e-29	1.020626e-29	5.442755e-30
	2.946608e-30	1.601633e-30	8.628182e-31	4.550900e-31	2.331677e-31
	1.153808e-31	5.488361e-32	2.500029e-32	1.087007e-32	4.499071e-33
	1.767689e-33	6.566183e-34	2.286063e-34	7.273191e-35	1.879939e-35
	1.000000e-60
massfraction-C3H8
	1.000000e+00	9.991913e-01	9.981364e-01	9.967909e-01	9.951129e-01
	9.930582e-01	9.905829e-01	9.876468e-01	9.842141e-01	9.802548e-01
	9.757443e-01	9.706634e-01	9.649982e-01	9.587392e-01	9.518809e-01
	9.444206e-01	9.363587e-01	9.276973e-01	9.184401e-01	9.085921e-01
	8.981594e-01	8.871486e-01	8.755666e-01	8.634207e-01	8.507176e-01
	8.374622e-01	8.236559e-01	8.092910e-01	7.943421e-01	7.787587e-01
	7.624676e-01	7.454082e-01	7.276210e-01	7.092686e-01	6.904850e-01
	6.712230e-01	6.513441e-01	6.308402e-01	6.098622e-01	5.885258e-01
	5.667722e-01	5.444193e-01	5.212816e-01	4.972235e-01	4.721254e-01
	4.458569e-01	4.182077e-01	3.891543e-01	3.588035e-01	3.273664e-01
	2.950860e-01	2.623109e-01	2.297109e-01	1.983305e-01	1.692923e-01
	1.433823e-01	1.208766e-01	1.016486e-01	8.534918e-02	7.155328e-02
	5.985578e-02	4.991290e-02	4.144942e-02	3.424858e-02	2.813058e-02
	2.293553e-02	1.851589e-02	1.473976e-02	1.151022e-02	8.774375e-03
	6.513559e-03	4.717606e-03	3.351999e-03	2.349718e-03	1.630157e-03
	1.120039e-03	7.616710e-04	5.120147e-04	3.398763e-04	2.229312e-04
	1.448220e-04	9.334104e-05	5.964592e-05	3.768377e-05	2.346496e-05
	1.436212e-05	8.621826e-06	5.067226e-06	2.911137e-06	1.632845e-06
	8.925967e-07	4.732855e-07	2.412451e-07	1.170554e-07	5.378439e-08
	2.342043e-08	9.664012e-09	3.728798e-09	1.296544e-09	3.806334e-10
	8.622168e-11	1.380781e-11	1.536569e-12	1.265770e-13	8.542491e-15
	5.285679e-16	3.311006e-17	2.263447e-18	1.775178e-19	1.637607e-20
	1.792665e-21	2.332428e-22	3.600736e-23	6.566510e-24	1.407011e-24
	3.539740e-25	1.057442e-25	3.832368e-26	1.699149e-26	8.974724e-27
	5.372548e-27	3.465464e-27	2.309382e-27	1.537969e-27	9.979870e-28
	6.214395e-28	3.704625e-28	2.132076e-28	1.199321e-28	6.651692e-29
	3.644483e-29	1.968615e-29	1.044991e-29	5.432602e-30	2.756659e-30
	1.359610e-30	6.469931e-31	2.921130e-31	1.196226e-31	3.786864e-32
	1.000000e-60
V [kg/(s*m^2)]
	1.432729e-01	1.379221e-01	1.326219e-01	1.274331e-01	1.224002e-01
	1.175393e-01	1.128548e-01	1.083477e-01	1.040166e-01	9.985715e-02
	9.586337e-02	9.202743e-02	8.834038e-02	8.479245e-02	8.137349e-02
	7.807321e-02	7.488153e-02	7.178868e-02	6.878540e-02	6.586303e-02
	6.301352e-02	6.022952e-02	5.750429e-02	5.483166e-02	5.220595e-02
	4.962172e-02	4.707344e-02	4.455468e-02	4.205690e-02	3.956884e-02
	3.707728e-02	3.457275e-02	3.206100e-02	2.956334e-02	2.709421e-02
	2.464307e-02	2.218933e-02	1.973009e-02	1.728107e-02	1.485213e-02
	1.243261e-02	9.999209e-03	7.529688e-03	5.008185e-03	2.420791e-03
	-2.502826e-04	-3.023503e-03	-5.908046e-03	-8.899641e-03	-1.198684e-02
	-1.515855e-02	-1.839671e-02	-2.165393e-02	-2.484441e-02	-2.786776e-02
	-3.064699e-02	-3.314787e-02	-3.537265e-02	-3.734596e-02	-3.910228e-02
	-4.067656e-02	-4.209953e-02	-4.339604e-02	-4.458546e-02	-4.568399e-02
	-4.670727e-02	-4.767236e-02	-4.859828e-02	-4.950208e-02	-5.039385e-02
	-5.127309e-02	-5.212818e-02	-5.294387e-02	-5.371087e-02	-5.442888e-02
	-5.510314e-02	-5.574023e-02	-5.634653e-02	-5.692693e-02	-5.748322e-02
	-5.801506e-02	-5.852308e-02	-5.901065e-02	-5.948274e-02	-5.994384e-02
	-6.039726e-02	-6.084535e-02	-6.128983e-02	-6.173196e-02	-6.217263e-02
	-6.261295e-02	-6.305611e-02	-6.350790e-02	-6.397421e-02	-6.445752e-02
	-6.495632e-02	-6.546963e-02	-6.600418e-02	-6.657985e-02	-6.723222e-02
	-6.801430e-02	-6.899502e-02	-7.022450e-02	-7.170590e-02	-7.340450e-02
	-7.525513e-02	-7.718642e-02	-7.914076e-02	-8.108023e-02	-8.299283e-02
	-8.488518e-02	-8.677322e-02	-8.867899e-02	-9.063356e-02	-9.268237e-02
	-9.488738e-02	-9.731911e-02	-1.000252e-01	-1.029878e-01	-1.061248e-01
	-1.093594e-01	-1.126994e-01	-1.162531e-01	-1.201873e-01	-1.246644e-01
	-1.297571e-01	-1.353871e-01	-1.413598e-01	-1.474676e-01	-1.535820e-01
	-1.596730e-01	-1.657619e-01	-1.718811e-01	-1.780593e-01	-1.843151e-01
	-1.906563e-01	-1.970823e-01	-2.035868e-01	-2.101570e-01	-2.167629e-01
	-2.233716e-01
density [kg/m^3]
	1.767629e+00	1.765511e+00	1.762780e+00	1.759257e+00	1.754714e+00
	1.748869e+00	1.741378e+00	1.731854e+00	1.719880e+00	1.705034e+00
	1.686918e+00	1.665195e+00	1.639621e+00	1.610075e+00	1.576579e+00
	1.539306e+00	1.498567e+00	1.454798e+00	1.408521e+00	1.360315e+00
	1.310777e+00	1.260490e+00	1.209993e+00	1.159769e+00	1.110228e+00
	1.061701e+00	1.014437e+00	9.685973e-01	9.242463e-01	8.813578e-01
	8.398479e-01	7.996805e-01	7.610350e-01	7.242653e-01	6.895500e-01
	6.566887e-01	6.253693e-01	5.955278e-01	5.673043e-01	5.407354e-01
	5.156288e-01	4.916952e-01	4.687022e-01	4.465133e-01	4.250342e-01
	4.041397e-01	3.837966e-01	3.639811e-01	3.447910e-01	3.263606e-01
	3.087932e-01	2.922003e-01	2.767911e-01	2.628628e-01	2.506612e-01
	2.402502e-01	2.315061e-01	2.242003e-01	2.180765e-01	2.128964e-01
	2.084606e-01	2.046132e-01	2.012357e-01	1.982395e-01	1.955548e-01
	1.931211e-01	1.908810e-01	1.887785e-01	1.867666e-01	1.848167e-01
	1.829252e-01	1.811125e-01	1.794067e-01	1.778239e-01	1.763624e-01
	1.750109e-01	1.737563e-01	1.725873e-01	1.714963e-01	1.704820e-01
	1.695469e-01	1.686910e-01	1.679097e-01	1.671962e-01	1.665458e-01
	1.659570e-01	1.654304e-01	1.649688e-01	1.645762e-01	1.642578e-01
	1.640193e-01	1.638665e-01	1.638069e-01	1.638524e-01	1.640168e-01
	1.643094e-01	1.647332e-01	1.652918e-01	1.660054e-01	1.669236e-01
	1.681357e-01	1.697757e-01	1.719750e-01	1.748295e-01	1.784194e-01
	1.827950e-01	1.879773e-01	1.939685e-01	2.007612e-01	2.083840e-01
	2.169204e-01	2.265079e-01	2.373490e-01	2.497561e-01	2.642300e-01
	2.815451e-01	3.027639e-01	3.289726e-01	3.606781e-01	3.974607e-01
	4.385274e-01	4.838090e-01	5.345314e-01	5.927482e-01	6.600641e-01
	7.356197e-01	8.147130e-01	8.902660e-01	9.562679e-01	1.010054e+00
	1.051909e+00	1.083464e+00	1.106656e+00	1.123316e+00	1.135019e+00
	1.143059e+00	1.148466e+00	1.152027e+00	1.154324e+00	1.155777e+00
	1.156679e+00
cp [J/m^3K]
	1.677129e+03	1.677322e+03	1.677632e+03	1.678147e+03	1.678998e+03
	1.680363e+03	1.682471e+03	1.685600e+03	1.690072e+03	1.696238e+03
	1.704462e+03	1.715101e+03	1.728478e+03	1.744868e+03	1.764472e+03
	1.787405e+03	1.813691e+03	1.843253e+03	1.875923e+03	1.911444e+03
	1.949488e+03	1.989662e+03	2.031528e+03	2.074617e+03	2.118445e+03
	2.162524e+03	2.206386e+03	2.249592e+03	2.291763e+03	2.332577e+03
	2.371742e+03	2.408893e+03	2.443447e+03	2.474697e+03	2.502165e+03
	2.525737e+03	2.545373e+03	2.560855e+03	2.571928e+03	2.578514e+03
	2.580658e+03	2.578351e+03	2.571459e+03	2.559756e+03	2.542947e+03
	2.520760e+03	2.491968e+03	2.451630e+03	2.405333e+03	2.353048e+03
	2.294932e+03	2.231491e+03	2.164104e+03	2.095314e+03	2.028289e+03
	1.965747e+03	1.909262e+03	1.859303e+03	1.815582e+03	1.777430e+03
	1.744081e+03	1.714826e+03	1.689072e+03	1.666345e+03	1.646238e+03
	1.628373e+03	1.612373e+03	1.597870e+03	1.584572e+03	1.572331e+03
	1.561149e+03	1.551131e+03	1.542355e+03	1.534778e+03	1.528246e+03
	1.522569e+03	1.517575e+03	1.513123e+03	1.509103e+03	1.505442e+03
	1.502095e+03	1.499016e+03	1.496155e+03	1.493460e+03	1.490889e+03
	1.488414e+03	1.486016e+03	1.483682e+03	1.481403e+03	1.479175e+03
	1.476993e+03	1.474841e+03	1.472691e+03	1.470517e+03	1.468302e+03
	1.466045e+03	1.463734e+03	1.461319e+03	1.458685e+03	1.455630e+03
	1.451843e+03	1.446883e+03	1.440332e+03	1.431985e+03	1.421855e+03
	1.410180e+03	1.397308e+03	1.383584e+03	1.369293e+03	1.354585e+03
	1.339486e+03	1.323951e+03	1.307884e+03	1.291115e+03	1.273365e+03
	1.254246e+03	1.233390e+03	1.210786e+03	1.186150e+03	1.158486e+03
	1.131863e+03	1.108327e+03	1.088034e+03	1.070599e+03	1.055789e+03
	1.043614e+03	1.034076e+03	1.026940e+03	1.021778e+03	1.018107e+03
	1.015506e+03	1.013666e+03	1.012366e+03	1.011455e+03	1.010822e+03
	1.010388e+03	1.010094e+03	1.009899e+03	1.009770e+03	1.009687e+03
	1.009633e+03
lambda [W/m]
	1.571348e-02	1.574637e-02	1.578689e-02	1.583738e-02	1.590099e-02
	1.598192e-02	1.608550e-02	1.621813e-02	1.638721e-02	1.660104e-02
	1.686855e-02	1.719905e-02	1.760199e-02	1.808657e-02	1.866150e-02
	1.933472e-02	2.011315e-02	2.100250e-02	2.200718e-02	2.313012e-02
	2.437282e-02	2.573527e-02	2.721608e-02	2.881257e-02	3.052093e-02
	3.233654e-02	3.425441e-02	3.627008e-02	3.838104e-02	4.058779e-02
	4.289363e-02	4.529935e-02	4.779101e-02	5.033762e-02	5.291317e-02
	5.551738e-02	5.816219e-02	6.084189e-02	6.353100e-02	6.621060e-02
	6.888487e-02	7.157251e-02	7.429113e-02	7.705072e-02	7.985778e-02
	8.272048e-02	8.563423e-02	8.848555e-02	9.139330e-02	9.433098e-02
	9.727283e-02	1.001883e-01	1.030248e-01	1.057059e-01	1.081562e-01
	1.103315e-01	1.122268e-01	1.138655e-01	1.152837e-01	1.165202e-01
	1.176104e-01	1.185832e-01	1.194614e-01	1.202625e-01	1.210006e-01
	1.216889e-01	1.223405e-01	1.229701e-01	1.235907e-01	1.242107e-01
	1.248312e-01	1.254444e-01	1.260385e-01	1.266047e-01	1.271397e-01
	1.276442e-01	1.281197e-01	1.285679e-01	1.289892e-01	1.293820e-01
	1.297432e-01	1.300711e-01	1.303661e-01	1.306292e-01	1.308610e-01
	1.310604e-01	1.312255e-01	1.313535e-01	1.314411e-01	1.314842e-01
	1.314787e-01	1.314197e-01	1.313004e-01	1.311116e-01	1.308445e-01
	1.304943e-01	1.300604e-01	1.295388e-01	1.289116e-01	1.281378e-01
	1.271475e-01	1.258411e-01	1.241334e-01	1.219893e-01	1.194164e-01
	1.164688e-01	1.132285e-01	1.097814e-01	1.062037e-01	1.025402e-01
	9.880625e-02	9.500032e-02	9.110924e-02	8.710342e-02	8.292986e-02
	7.851628e-02	7.380184e-02	6.881243e-02	6.368686e-02	5.861656e-02
	5.392585e-02	4.969608e-02	4.583581e-02	4.223316e-02	3.885053e-02
	3.575736e-02	3.308444e-02	3.092518e-02	2.927988e-02	2.807329e-02
	2.720515e-02	2.658694e-02	2.615073e-02	2.584624e-02	2.563651e-02
	2.549426e-02	2.539937e-02	2.533715e-02	2.529704e-02	2.527164e-02
	2.525581e-02
mu [kg/s^2m]
	8.255382e-06	8.263221e-06	8.274043e-06	8.288817e-06	8.308734e-06
	8.335292e-06	8.370318e-06	8.415937e-06	8.474551e-06	8.548780e-06
	8.641386e-06	8.755179e-06	8.892907e-06	9.057151e-06	9.250223e-06
	9.474088e-06	9.730299e-06	1.001997e-05	1.034377e-05	1.070194e-05
	1.109436e-05	1.152058e-05	1.197989e-05	1.247145e-05	1.299431e-05
	1.354756e-05	1.413050e-05	1.474283e-05	1.538516e-05	1.605931e-05
	1.676828e-05	1.751470e-05	1.829696e-05	1.910817e-05	1.994274e-05
	2.080322e-05	2.169648e-05	2.262377e-05	2.357926e-05	2.455865e-05
	2.556574e-05	2.661027e-05	2.770269e-05	2.885160e-05	3.006548e-05
	3.135534e-05	3.273337e-05	3.420818e-05	3.578112e-05	3.744792e-05
	3.920274e-05	4.103388e-05	4.291034e-05	4.477550e-05	4.656112e-05
	4.821211e-05	4.970058e-05	5.102327e-05	5.219280e-05	5.322927e-05
	5.415394e-05	5.498588e-05	5.574078e-05	5.643109e-05	5.706727e-05
	5.765936e-05	5.821808e-05	5.875524e-05	5.928149e-05	5.980354e-05
	6.032185e-05	6.083004e-05	6.131896e-05	6.178229e-05	6.221869e-05
	6.262994e-05	6.301863e-05	6.338721e-05	6.373720e-05	6.406827e-05
	6.437894e-05	6.466849e-05	6.493791e-05	6.518902e-05	6.542320e-05
	6.564088e-05	6.584180e-05	6.602516e-05	6.618971e-05	6.633392e-05
	6.645619e-05	6.655525e-05	6.662970e-05	6.667711e-05	6.669421e-05
	6.667843e-05	6.662918e-05	6.654651e-05	6.642776e-05	6.626417e-05
	6.603844e-05	6.572332e-05	6.529045e-05	6.471836e-05	6.399170e-05
	6.310720e-05	6.207439e-05	6.091168e-05	5.964170e-05	5.828099e-05
	5.683723e-05	5.531166e-05	5.369990e-05	5.198915e-05	5.015413e-05
	4.815735e-05	4.596205e-05	4.356875e-05	4.105393e-05	3.854880e-05
	3.615906e-05	3.390881e-05	3.175721e-05	2.965595e-05	2.759903e-05
	2.564942e-05	2.391591e-05	2.248589e-05	2.138040e-05	2.056191e-05
	1.996938e-05	1.954584e-05	1.924637e-05	1.903715e-05	1.889306e-05
	1.879544e-05	1.873045e-05	1.868796e-05	1.866069e-05	1.864353e-05
	1.863292e-05
mDot_C3H8 [kg/m^3s]
	0.000000e+00	-4.071622e-13	-8.707080e-13	-1.392432e-12	-1.972169e-12
	-2.631092e-12	-3.422782e-12	-4.442357e-12	-5.844682e-12	-7.881486e-12
	-1.097314e-11	-1.584535e-11	-2.379263e-11	-3.719631e-11	-6.056745e-11
	-1.026944e-10	-1.811603e-10	-3.320218e-10	-6.308400e-10	-1.238791e-09
	-2.504021e-09	-5.183478e-09	-1.092296e-08	-2.327747e-08	-4.982919e-08
	-1.064651e-07	-2.257732e-07	-4.731402e-07	-9.772539e-07	-1.987663e-06
	-3.982695e-06	-7.860722e-06	-1.522667e-05	-2.875145e-05	-5.271352e-05
	-9.410297e-05	-1.644199e-04	-2.815478e-04	-4.715968e-04	-7.728651e-04
	-1.244780e-03	-1.982770e-03	-3.140291e-03	-4.964144e-03	-7.859494e-03
	-1.251334e-02	-2.010917e-02	-3.267467e-02	-5.365548e-02	-8.892287e-02
	-1.486097e-01	-2.500297e-01	-4.209721e-01	-7.010176e-01	-1.137864e+00
	-1.778153e+00	-2.656278e+00	-3.785887e+00	-5.158195e+00	-6.746347e+00
	-8.510335e+00	-1.039946e+01	-1.235224e+01	-1.429577e+01	-1.614854e+01
	-1.782565e+01	-1.924250e+01	-2.031196e+01	-2.093401e+01	-2.099855e+01
	-2.041974e+01	-1.919687e+01	-1.744869e+01	-1.537243e+01	-1.316798e+01
	-1.099367e+01	-8.959711e+00	-7.133774e+00	-5.551976e+00	-4.229284e+00
	-3.161054e+00	-2.323140e+00	-1.679444e+00	-1.192664e+00	-8.304094e-01
	-5.658494e-01	-3.767411e-01	-2.447329e-01	-1.549108e-01	-9.543853e-02
	-5.713478e-02	-3.309205e-02	-1.839184e-02	-9.716987e-03	-4.852377e-03
	-2.288837e-03	-1.018256e-03	-4.214533e-04	-1.565271e-04	-4.892325e-05
	-1.175842e-05	-1.984898e-06	-2.294725e-07	-1.916958e-08	-1.272447e-09
	-7.496876e-11	-4.336856e-12	-2.664180e-13	-1.832939e-14	-1.450355e-15
	-1.331013e-16	-1.415685e-17	-1.734844e-18	-2.422316e-19	-3.793351e-20
	-6.561057e-21	-1.247534e-21	-2.651135e-22	-6.510303e-23	-1.897621e-23
	-6.542968e-24	-2.564372e-24	-1.076225e-24	-4.567140e-25	-1.880565e-25
	-7.394496e-26	-2.805179e-26	-1.050552e-26	-3.959675e-27	-1.511821e-27
	-5.812607e-28	-2.225717e-28	-8.390311e-29	-3.079133e-29	-1.087751e-29
	-3.648947e-30	-1.138200e-30	-3.168865e-31	-7.136420e-32	-9.357909e-33
	0.000000e+00
ScalarDissRate [1/s]
	1.306056e-05	2.358924e-05	6.525325e-05	1.717600e-04	4.280317e-04
	1.009400e-03	2.255095e-03	4.779978e-03	9.630976e-03	1.848707e-02
	3.389208e-02	5.949900e-02	1.002967e-01	1.627864e-01	2.550774e-01
	3.868788e-01	5.693748e-01	8.149811e-01	1.136992e+00	1.549132e+00
	2.065041e+00	2.697707e+00	3.458890e+00	4.358564e+00	5.404417e+00
	6.601488e+00	7.952015e+00	9.455728e+00	1.111080e+01	1.291473e+01
	1.486408e+01	1.694958e+01	1.914453e+01	2.140225e+01	2.367650e+01
	2.594084e+01	2.817611e+01	3.034517e+01	3.239513e+01	3.428193e+01
	3.598068e+01	3.747407e+01	3.873946e+01	3.974630e+01	4.046258e+01
	4.084681e+01	4.085158e+01	4.044962e+01	3.960883e+01	3.834393e+01
	3.667847e+01	3.466280e+01	3.238849e+01	2.999356e+01	2.763340e+01
	2.543304e+01	2.346073e+01	2.173400e+01	2.023828e+01	1.894425e+01
	1.781979e+01	1.683593e+01	1.596879e+01	1.519941e+01	1.451210e+01
	1.389273e+01	1.332751e+01	1.280283e+01	1.230741e+01	1.183466e+01
	1.138387e+01	1.095959e+01	1.056735e+01	1.020922e+01	9.882919e+00
	9.583980e+00	9.307803e+00	9.050306e+00	8.808384e+00	8.580452e+00
	8.365933e+00	8.163959e+00	7.972690e+00	7.789800e+00	7.613277e+00
	7.441676e+00	7.273972e+00	7.109432e+00	6.947524e+00	6.787890e+00
	6.630092e+00	6.473004e+00	6.314646e+00	6.153109e+00	5.987769e+00
	5.819417e+00	5.648698e+00	5.473813e+00	5.289039e+00	5.084479e+00
	4.846473e+00	4.559487e+00	4.217542e+00	3.830917e+00	3.420081e+00
	3.009877e+00	2.621214e+00	2.266795e+00	1.951769e+00	1.675024e+00
	1.432452e+00	1.219415e+00	1.031598e+00	8.650279e-01	7.160507e-01
	5.817206e-01	4.605697e-01	3.534565e-01	2.630598e-01	1.913179e-01
	1.370403e-01	9.673581e-02	6.664291e-02	4.408509e-02	2.753973e-02
	1.609927e-02	8.847327e-03	4.642750e-03	2.368524e-03	1.188209e-03
	5.874541e-04	2.853945e-04	1.356680e-04	6.285478e-05	2.829784e-05
	1.235775e-05	5.230763e-06	2.145935e-06	8.538554e-07	3.305047e-07
	1.927132e-07
ZBilger
	1.000000e+00	9.993424e-01	9.984725e-01	9.973503e-01	9.959377e-01
	9.941948e-01	9.920816e-01	9.895614e-01	9.866014e-01	9.831736e-01
	9.792552e-01	9.748280e-01	9.698788e-01	9.643985e-01	9.583815e-01
	9.518253e-01	9.447301e-01	9.370980e-01	9.289326e-01	9.202388e-01
	9.110226e-01	9.012907e-01	8.910500e-01	8.803078e-01	8.690708e-01
	8.573444e-01	8.451305e-01	8.324233e-01	8.192009e-01	8.054195e-01
	7.910150e-01	7.759348e-01	7.602151e-01	7.440006e-01	7.274099e-01
	7.104018e-01	6.928545e-01	6.747612e-01	6.562554e-01	6.374394e-01
	6.182615e-01	5.985614e-01	5.781759e-01	5.569860e-01	5.348870e-01
	5.117573e-01	4.874265e-01	4.618673e-01	4.351733e-01	4.075292e-01
	3.791461e-01	3.503249e-01	3.216450e-01	2.940093e-01	2.683846e-01
	2.454408e-01	2.254019e-01	2.081429e-01	1.933485e-01	1.806405e-01
	1.696605e-01	1.601058e-01	1.517356e-01	1.443629e-01	1.378344e-01
	1.320127e-01	1.267650e-01	1.219627e-01	1.175027e-01	1.133273e-01
	1.094315e-01	1.058508e-01	1.026206e-01	9.974081e-02	9.717433e-02
	9.486939e-02	9.277701e-02	9.085568e-02	8.907416e-02	8.741453e-02
	8.586766e-02	8.442350e-02	8.306619e-02	8.177752e-02	8.054253e-02
	7.935099e-02	7.819631e-02	7.707449e-02	7.598339e-02	7.492247e-02
	7.389087e-02	7.288340e-02	7.188967e-02	7.090000e-02	6.991201e-02
	6.892953e-02	6.795224e-02	6.696295e-02	6.592008e-02	6.475481e-02
	6.336806e-02	6.163307e-02	5.946037e-02	5.685407e-02	5.389383e-02
	5.071143e-02	4.744285e-02	4.419599e-02	4.104393e-02	3.801666e-02
	3.511490e-02	3.232710e-02	2.963630e-02	2.701868e-02	2.444119e-02
	2.186632e-02	1.926947e-02	1.667310e-02	1.416687e-02	1.186645e-02
	9.838010e-03	8.068138e-03	6.500425e-03	5.087694e-03	3.821137e-03
	2.731899e-03	1.860465e-03	1.216793e-03	7.718372e-04	4.772589e-04
	2.869477e-04	1.663255e-04	9.166564e-05	4.698247e-05	2.150931e-05
	7.990347e-06	1.591397e-06	-8.258459e-07	-1.216258e-06	-7.319804e-07
	0.000000e+00
ScalarDissRateBilger [1/s]
	2.095665e-03	2.865215e-03	5.048739e-03	8.642312e-03	1.434116e-02
	2.308121e-02	3.607732e-02	5.484451e-02	8.121194e-02	1.173244e-01
	1.656331e-01	2.288766e-01	3.100576e-01	4.124145e-01	5.393934e-01
	6.946204e-01	8.818753e-01	1.105067e+00	1.368209e+00	1.675395e+00
	2.030777e+00	2.438532e+00	2.902840e+00	3.427856e+00	4.017694e+00
	4.676457e+00	5.408324e+00	6.217856e+00	7.110629e+00	8.093889e+00
	9.176742e+00	1.036778e+01	1.166824e+01	1.306879e+01	1.455977e+01
	1.614405e+01	1.783137e+01	1.961972e+01	2.149135e+01	2.342915e+01
	2.542963e+01	2.749848e+01	2.963885e+01	3.184486e+01	3.408028e+01
	3.636825e+01	3.868249e+01	4.093564e+01	4.304667e+01	4.491328e+01
	4.642367e+01	4.745985e+01	4.791009e+01	4.770827e+01	4.687447e+01
	4.551153e+01	4.375987e+01	4.175252e+01	3.959253e+01	3.734998e+01
	3.506999e+01	3.278284e+01	3.051186e+01	2.827825e+01	2.610045e+01
	2.399100e+01	2.195348e+01	1.998279e+01	1.807623e+01	1.624639e+01
	1.452734e+01	1.296797e+01	1.160779e+01	1.045728e+01	9.500010e+00
	8.707307e+00	8.049677e+00	7.500729e+00	7.038682e+00	6.646779e+00
	6.311505e+00	6.020398e+00	5.761497e+00	5.524117e+00	5.299512e+00
	5.080700e+00	4.862056e+00	4.639174e+00	4.408992e+00	4.170180e+00
	3.923258e+00	3.669989e+00	3.413366e+00	3.159460e+00	2.919145e+00
	2.706032e+00	2.530663e+00	2.396339e+00	2.300135e+00	2.236015e+00
	2.195248e+00	2.163518e+00	2.121531e+00	2.055817e+00	1.967773e+00
	1.866948e+00	1.760127e+00	1.649029e+00	1.533427e+00	1.413054e+00
	1.288193e+00	1.159701e+00	1.028797e+00	8.967704e-01	7.648775e-01
	6.346931e-01	5.089655e-01	3.925664e-01	2.917284e-01	2.106473e-01
	1.488589e-01	1.028504e-01	6.866330e-02	4.344588e-02	2.552369e-02
	1.374795e-02	6.811295e-03	3.156435e-03	1.395414e-03	5.952278e-04
	2.446231e-04	9.586484e-05	3.526596e-05	1.191952e-05	3.587562e-06
	9.115218e-07	1.742518e-07	1.734131e-08	1.686240e-11	3.136474e-09
	4.543328e-09
ChiAnalytOverChiStoich
	1.000000e-10	1.000000e-10	1.000000e-10	3.078712e-03	1.202836e-02
	2.442895e-02	4.142851e-02	6.443905e-02	9.513783e-02	1.354477e-01
	1.874950e-01	2.535469e-01	3.359329e-01	4.369559e-01	5.588009e-01
	7.034463e-01	8.725838e-01	1.067552e+00	1.289285e+00	1.538278e+00
	1.814568e+00	2.117737e+00	2.446926e+00	2.800865e+00	3.177921e+00
	3.576172e+00	3.993512e+00	4.427835e+00	4.877322e+00	5.340611e+00
	5.816658e+00	6.303543e+00	6.796044e+00	7.285512e+00	7.764467e+00
	8.230214e+00	8.681654e+00	9.113955e+00	9.519014e+00	9.890223e+00
	1.022433e+01	1.051901e+01	1.077027e+01	1.097181e+01	1.111566e+01
	1.119242e+01	1.119101e+01	1.109882e+01	1.090443e+01	1.059988e+01
	1.018184e+01	9.653599e+00	9.030876e+00	8.346563e+00	7.645276e+00
	6.969039e+00	6.346053e+00	5.789100e+00	5.299472e+00	4.871952e+00
	4.498900e+00	4.172611e+00	3.886322e+00	3.634412e+00	3.412008e+00
	3.214552e+00	3.037538e+00	2.876570e+00	2.728126e+00	2.590227e+00
	2.462620e+00	2.346345e+00	2.242369e+00	2.150463e+00	2.069235e+00
	1.996864e+00	1.931667e+00	1.872240e+00	1.817530e+00	1.766916e+00
	1.720059e+00	1.676599e+00	1.636011e+00	1.597716e+00	1.561239e+00
	1.526259e+00	1.492566e+00	1.460029e+00	1.428573e+00	1.398171e+00
	1.368786e+00	1.340261e+00	1.312295e+00	1.284614e+00	1.257153e+00
	1.230019e+00	1.203204e+00	1.176242e+00	1.148022e+00	1.116738e+00
	1.079859e+00	1.034268e+00	9.780638e-01	9.119955e-01	8.388235e-01
	7.624861e-01	6.867225e-01	6.142525e-01	5.466975e-01	4.845422e-01
	4.275891e-01	3.754014e-01	3.274797e-01	2.832640e-01	2.421326e-01
	2.035174e-01	1.671717e-01	1.335395e-01	1.037360e-01	7.876124e-02
	5.869024e-02	4.271357e-02	2.978654e-02	1.914435e-02	1.043035e-02
	3.572320e-03	1.000000e-10	1.000000e-10	1.000000e-10	1.000000e-10
	1.000000e-10	1.000000e-10	1.000000e-10	1.000000e-10	1.000000e-10
	1.000000e-10	1.000000e-10	1.000000e-10	1.000000e-10	1.000000e-10
	1.000000e-10
ChiKWOverChiKWStoich
	5.979820e-11	5.980811e-11	5.982091e-11	1.842224e-03	7.200049e-03
	1.462968e-02	2.482496e-02	3.864294e-02	5.710778e-02	8.140323e-02
	1.128530e-01	1.528900e-01	2.030166e-01	2.647594e-01	3.396209e-01
	4.290322e-01	5.343080e-01	6.566061e-01	7.968932e-01	9.559172e-01
	1.134187e+00	1.331962e+00	1.549243e+00	1.785784e+00	2.041103e+00
	2.314521e+00	2.605217e+00	2.912357e+00	3.235300e+00	3.573750e+00
	3.927686e+00	4.296499e+00	4.677059e+00	5.063369e+00	5.449987e+00
	5.835115e+00	6.218337e+00	6.596145e+00	6.961940e+00	7.310010e+00
	7.637510e+00	7.942688e+00	8.222490e+00	8.471758e+00	8.683736e+00
	8.850458e+00	8.961767e+00	9.005673e+00	8.969586e+00	8.842585e+00
	8.616932e+00	8.289857e+00	7.868460e+00	7.374924e+00	6.844180e+00
	6.312877e+00	5.808752e+00	5.347332e+00	4.933922e+00	4.567324e+00
	4.243324e+00	3.956903e+00	3.703331e+00	3.478509e+00	3.278738e+00
	3.100401e+00	2.939779e+00	2.793130e+00	2.657425e+00	2.530987e+00
	2.413687e+00	2.306574e+00	2.210615e+00	2.125654e+00	2.050443e+00
	1.983318e+00	1.922731e+00	1.867383e+00	1.816295e+00	1.768891e+00
	1.724857e+00	1.683861e+00	1.645418e+00	1.608986e+00	1.574119e+00
	1.540513e+00	1.507966e+00	1.476351e+00	1.445595e+00	1.415668e+00
	1.386532e+00	1.358024e+00	1.329835e+00	1.301673e+00	1.273457e+00
	1.245292e+00	1.217187e+00	1.188682e+00	1.158640e+00	1.125175e+00
	1.085624e+00	1.036729e+00	9.765754e-01	9.060920e-01	8.283145e-01
	7.474941e-01	6.676441e-01	5.916763e-01	5.213149e-01	4.570647e-01
	3.987016e-01	3.457469e-01	2.976576e-01	2.538369e-01	2.136424e-01
	1.765106e-01	1.422128e-01	1.111721e-01	8.436465e-02	6.253369e-02
	4.551038e-02	3.237170e-02	2.207207e-02	1.386946e-02	7.387143e-03
	2.475041e-03	6.791658e-11	6.679179e-11	6.592532e-11	6.528596e-11
	6.482442e-11	6.449521e-11	6.426274e-11	6.410046e-11	6.398872e-11
	6.391300e-11	6.386255e-11	6.382954e-11	6.380832e-11	6.379494e-11
	6.378664e-11
ChiKWFact
	5.979820e-01	5.980811e-01	5.982091e-01	5.983748e-01	5.985893e-01
	5.988665e-01	5.992239e-01	5.996820e-01	6.002636e-01	6.009939e-01
	6.018989e-01	6.030048e-01	6.043369e-01	6.059178e-01	6.077672e-01
	6.099005e-01	6.123286e-01	6.150576e-01	6.180891e-01	6.214204e-01
	6.250454e-01	6.289551e-01	6.331384e-01	6.375830e-01	6.422763e-01
	6.472061e-01	6.523623e-01	6.577383e-01	6.633354e-01	6.691650e-01
	6.752480e-01	6.816007e-01	6.882033e-01	6.949915e-01	7.019139e-01
	7.089871e-01	7.162617e-01	7.237412e-01	7.313720e-01	7.391147e-01
	7.469940e-01	7.550796e-01	7.634429e-01	7.721386e-01	7.812167e-01
	7.907544e-01	8.008006e-01	8.114080e-01	8.225639e-01	8.342157e-01
	8.463037e-01	8.587322e-01	8.712843e-01	8.835882e-01	8.952169e-01
	9.058461e-01	9.153331e-01	9.236897e-01	9.310213e-01	9.374732e-01
	9.431915e-01	9.483038e-01	9.529141e-01	9.571037e-01	9.609408e-01
	9.644893e-01	9.678161e-01	9.709932e-01	9.740844e-01	9.771291e-01
	9.801297e-01	9.830500e-01	9.858390e-01	9.884634e-01	9.909184e-01
	9.932165e-01	9.953740e-01	9.974057e-01	9.993209e-01	1.001118e+00
	1.002790e+00	1.004332e+00	1.005750e+00	1.007054e+00	1.008250e+00
	1.009339e+00	1.010318e+00	1.011180e+00	1.011916e+00	1.012514e+00
	1.012964e+00	1.013253e+00	1.013366e+00	1.013279e+00	1.012969e+00
	1.012417e+00	1.011621e+00	1.010576e+00	1.009249e+00	1.007554e+00
	1.005339e+00	1.002379e+00	9.984782e-01	9.935268e-01	9.874718e-01
	9.803380e-01	9.722182e-01	9.632460e-01	9.535712e-01	9.432919e-01
	9.324409e-01	9.210057e-01	9.089345e-01	8.961141e-01	8.823366e-01
	8.672996e-01	8.506987e-01	8.325035e-01	8.132630e-01	7.939652e-01
	7.754335e-01	7.578787e-01	7.410082e-01	7.244676e-01	7.082353e-01
	6.928387e-01	6.791658e-01	6.679179e-01	6.592532e-01	6.528596e-01
	6.482442e-01	6.449521e-01	6.426274e-01	6.410046e-01	6.398872e-01
	6.391300e-01	6.386255e-01	6.382954e-01	6.380832e-01	6.379494e-01
	6.378664e-01
MolarMass [kg/kmole]
	4.409000e+01	4.404762e+01	4.399689e+01	4.393687e+01	4.386671e+01
	4.378549e+01	4.369229e+01	4.358636e+01	4.346710e+01	4.333412e+01
	4.318722e+01	4.302635e+01	4.285164e+01	4.266336e+01	4.246188e+01
	4.224765e+01	4.202122e+01	4.178315e+01	4.153407e+01	4.127462e+01
	4.100543e+01	4.072717e+01	4.044048e+01	4.014599e+01	3.984430e+01
	3.953596e+01	3.922141e+01	3.890090e+01	3.857429e+01	3.824095e+01
	3.789986e+01	3.755038e+01	3.719394e+01	3.683429e+01	3.647432e+01
	3.611332e+01	3.574900e+01	3.538160e+01	3.501413e+01	3.464872e+01
	3.428445e+01	3.391849e+01	3.354821e+01	3.317200e+01	3.278868e+01
	3.239484e+01	3.199280e+01	3.158093e+01	3.116173e+01	3.073885e+01
	3.031604e+01	2.989796e+01	2.949278e+01	2.911232e+01	2.876828e+01
	2.846766e+01	2.821139e+01	2.799614e+01	2.781660e+01	2.766705e+01
	2.754236e+01	2.743834e+01	2.735172e+01	2.727994e+01	2.722094e+01
	2.717295e+01	2.713438e+01	2.710395e+01	2.708084e+01	2.706468e+01
	2.705536e+01	2.705259e+01	2.705561e+01	2.706324e+01	2.707429e+01
	2.708779e+01	2.710303e+01	2.711949e+01	2.713680e+01	2.715459e+01
	2.717253e+01	2.719039e+01	2.720807e+01	2.722564e+01	2.724316e+01
	2.726071e+01	2.727835e+01	2.729615e+01	2.731416e+01	2.733244e+01
	2.735106e+01	2.737020e+01	2.739013e+01	2.741118e+01	2.743346e+01
	2.745691e+01	2.748139e+01	2.750709e+01	2.753473e+01	2.756567e+01
	2.760174e+01	2.764479e+01	2.769482e+01	2.774939e+01	2.780534e+01
	2.785986e+01	2.791132e+01	2.795918e+01	2.800350e+01	2.804480e+01
	2.808378e+01	2.812107e+01	2.815727e+01	2.819301e+01	2.822899e+01
	2.826607e+01	2.830510e+01	2.834640e+01	2.838933e+01	2.843240e+01
	2.847433e+01	2.851495e+01	2.855510e+01	2.859574e+01	2.863709e+01
	2.867792e+01	2.871579e+01	2.874841e+01	2.877475e+01	2.879513e+01
	2.881055e+01	2.882210e+01	2.883065e+01	2.883693e+01	2.884148e+01
	2.884474e+01	2.884704e+01	2.884865e+01	2.884977e+01	2.885054e+01
	2.885106e+01
TotalEnthalpy [J/kg]
	-2.352410e+06	-2.352149e+06	-2.351795e+06	-2.351313e+06	-2.350655e+06
	-2.349760e+06	-2.348548e+06	-2.346919e+06	-2.344758e+06	-2.341933e+06
	-2.338296e+06	-2.333691e+06	-2.327954e+06	-2.320921e+06	-2.312428e+06
	-2.302319e+06	-2.290446e+06	-2.276673e+06	-2.260879e+06	-2.242959e+06
	-2.222825e+06	-2.200407e+06	-2.175653e+06	-2.148531e+06	-2.119024e+06
	-2.087127e+06	-2.052845e+06	-2.016173e+06	-1.977074e+06	-1.935451e+06
	-1.891153e+06	-1.844073e+06	-1.794399e+06	-1.742696e+06	-1.689474e+06
	-1.634749e+06	-1.578283e+06	-1.520226e+06	-1.461190e+06	-1.401689e+06
	-1.341750e+06	-1.281082e+06	-1.219432e+06	-1.156733e+06	-1.093019e+06
	-1.028361e+06	-9.627375e+05	-8.967226e+05	-8.312214e+05	-7.673254e+05
	-7.061166e+05	-6.487414e+05	-5.966254e+05	-5.512605e+05	-5.135470e+05
	-4.833578e+05	-4.597259e+05	-4.413452e+05	-4.269478e+05	-4.154764e+05
	-4.061239e+05	-3.983018e+05	-3.915916e+05	-3.856983e+05	-3.804094e+05
	-3.755623e+05	-3.710225e+05	-3.666702e+05	-3.624127e+05	-3.582055e+05
	-3.540711e+05	-3.501020e+05	-3.464193e+05	-3.431154e+05	-3.402332e+05
	-3.377829e+05	-3.357635e+05	-3.341717e+05	-3.330064e+05	-3.322686e+05
	-3.319515e+05	-3.320344e+05	-3.324897e+05	-3.332924e+05	-3.344210e+05
	-3.358527e+05	-3.375587e+05	-3.395001e+05	-3.416251e+05	-3.438662e+05
	-3.461414e+05	-3.483635e+05	-3.504372e+05	-3.522362e+05	-3.535846e+05
	-3.542768e+05	-3.541184e+05	-3.529197e+05	-3.503968e+05	-3.459982e+05
	-3.386778e+05	-3.266861e+05	-3.080817e+05	-2.820297e+05	-2.496325e+05
	-2.138288e+05	-1.780931e+05	-1.451710e+05	-1.166315e+05	-9.292635e+04
	-7.385935e+04	-5.898405e+04	-4.778825e+04	-3.976199e+04	-3.443642e+04
	-3.140570e+04	-3.028969e+04	-3.060343e+04	-3.164107e+04	-3.250663e+04
	-3.263665e+04	-3.189231e+04	-3.028626e+04	-2.782176e+04	-2.451993e+04
	-2.055408e+04	-1.632440e+04	-1.231818e+04	-8.880485e+03	-6.120826e+03
	-3.984604e+03	-2.361877e+03	-1.143371e+03	-2.367046e+02	4.316600e+02
	9.192649e+02	1.270868e+03	1.521179e+03	1.696887e+03	1.818195e+03
	1.900584e+03
trailer
Lewis numbers evaluated at maximum consumption
N2	-1
O2	0.997619
@ Z = 0.0761247
H	0.169077
@ Z = 0.0956309
OH	0.665457
@ Z = 0.084586
O	0.651377
@ Z = 0.0804895
H2	0.2763
@ Z = 0.0706979
H2O	-1
HO2	1.00439
@ Z = 0.00745579
H2O2	0.984404
@ Z = 0.0324322
CO	1.00148
@ Z = 0.0650431
CO2	1.28762
@ Z = 0.0899383
CH	0.604838
@ Z = 0.0727766
CHO	1.14415
@ Z = 0.0706979
CH2	0.874138
@ Z = 0.0745423
CH2O	1.15745
@ Z = 0.0745423
CH3	0.913311
@ Z = 0.0804895
CH4	0.921319
@ Z = 0.0956309
C2H6	1.3312
@ Z = 0.108123
C2H	1.18116
@ Z = 0.0761247
C2H2	1.19792
@ Z = 0.0818871
CHCO	0.804937
@ Z = 0.0776146
C3H3	1.62393
@ Z = 0.0804895
C2H3	1.21397
@ Z = 0.0913182
C2H4	1.21271
@ Z = 0.104058
C2H5	1.32292
@ Z = 0.0913182
C3H4	1.58541
@ Z = 0.0790638
C3H5	1.62896
@ Z = 0.0761247
C3H6	1.69602
@ Z = 0.112733
N-C3H7	1.00797
@ Z = 0.605885
I-C3H7	1.06678
@ Z = 0.487704
C3H8	1.68336
@ Z = 0.12775
Lewis numbers evaluated at maximum formation
N2	-1
O2	1.00265
@ Z = 0.0148208
H	0.166645
@ Z = 0.0745423
OH	0.658154
@ Z = 0.0706979
O	0.640601
@ Z = 0.0614313
H2	0.278883
@ Z = 0.104058
H2O	0.742492
@ Z = 0.0761247
HO2	0.986918
@ Z = 0.0148208
H2O2	0.986799
@ Z = 0.022137
CO	1.01522
@ Z = 0.0818871
CO2	1.26995
@ Z = 0.068149
CH	0.609451
@ Z = 0.0818871
CHO	1.15316
@ Z = 0.0804895
CH2	0.881065
@ Z = 0.0859091
CH2O	1.16536
@ Z = 0.084586
CH3	0.917179
@ Z = 0.100416
CH4	0.888349
@ Z = 0.134874
C2H6	1.24934
@ Z = 0.151903
C2H	1.18939
@ Z = 0.0885789
C2H2	1.1912
@ Z = 0.112733
CHCO	0.810561
@ Z = 0.0927227
C3H3	1.63082
@ Z = 0.0941576
C2H3	1.21026
@ Z = 0.110347
C2H4	1.15693
@ Z = 0.1427
C2H5	1.3145
@ Z = 0.115312
C3H4	1.59347
@ Z = 0.0941576
C3H5	1.64018
@ Z = 0.0899383
C3H6	1.50984
@ Z = 0.177922
N-C3H7	0.976135
@ Z = 0.696523
I-C3H7	1.00797
@ Z = 0.605885
C3H8	-1
Lewis numbers evaluated at maximum mass fraction
N2	0.92131
@ Z = 4.76725e-06
O2	1.05235
@ Z = 4.76725e-06
H	0.165936
@ Z = 0.0706979
OH	0.652888
@ Z = 0.0614313
O	0.63684
@ Z = 0.0533477
H2	0.270051
@ Z = 0.134874
H2O	0.749106
@ Z = 0.0927227
HO2	0.983928
@ Z = 0.0171982
H2O2	0.986799
@ Z = 0.022137
CO	1.01809
@ Z = 0.104058
CO2	1.27759
@ Z = 0.0745423
CH	0.609947
@ Z = 0.0832508
CHO	1.15416
@ Z = 0.0818871
CH2	0.881863
@ Z = 0.0885789
CH2O	1.04318
@ Z = 0.177922
CH3	0.915329
@ Z = 0.108123
CH4	0.796147
@ Z = 0.186979
C2H6	1.11052
@ Z = 0.210123
C2H	1.19005
@ Z = 0.0913182
C2H2	1.11942
@ Z = 0.151903
CHCO	0.791007
@ Z = 0.131252
C3H3	1.63079
@ Z = 0.098743
C2H3	1.20618
@ Z = 0.115312
C2H4	1.03413
@ Z = 0.197593
C2H5	1.30708
@ Z = 0.121135
C3H4	1.59181
@ Z = 0.104058
C3H5	1.32983
@ Z = 0.224932
C3H6	1.38103
@ Z = 0.224932
N-C3H7	0.969712
@ Z = 0.718163
I-C3H7	0.999041
@ Z = 0.628832
C3H8	0.822842
@ Z = 0.999948
