header

title = "planar counterflow diffusion flame"
author = ""
date = "Thu Jul 11 19:48:51 2013"

fuel = "C3H8"
pressure = 1 [bar]
strainrate = 140 [1/s]
chiStoichAnal = 3.96617 [1/s]
chiStoichAnalKW = 6.17728 [1/s]
FlameLocZ = 0.083623 [K]
FlameLocBilger = 0.0719795 [K]
Tmax = 1971.22 [K]
stoichScalarDissRate = 6.4384 [1/s]
stoichScalarDissRateBilger = 3.74276 [1/s]

OxidizerSide
begin
	Temperature = 300 [K]
	Massfraction-N2 = 0.76708
	Massfraction-O2 = 0.23292
	Molefraction-N2 = 0.79
	Molefraction-O2 = 0.21
end

FuelSide
begin
	Temperature = 300 [K]
	Massfraction-C3H8 = 1
	Molefraction-C3H8 = 1
end

numOfSpecies = 31
gridPoints = 141

body
eta
	0.000000e+00	1.685561e-01	3.351555e-01	4.975274e-01	6.540929e-01
	8.043246e-01	9.481157e-01	1.085460e+00	1.216439e+00	1.341211e+00
	1.459989e+00	1.573026e+00	1.680601e+00	1.783006e+00	1.880535e+00
	1.973477e+00	2.062113e+00	2.146708e+00	2.227515e+00	2.304769e+00
	2.378689e+00	2.449481e+00	2.517336e+00	2.582437e+00	2.644953e+00
	2.705057e+00	2.762922e+00	2.818746e+00	2.872765e+00	2.925260e+00
	2.976513e+00	3.026644e+00	3.075402e+00	3.122392e+00	3.167602e+00
	3.211480e+00	3.254393e+00	3.296248e+00	3.336748e+00	3.375841e+00
	3.413831e+00	3.451174e+00	3.488263e+00	3.525335e+00	3.562554e+00
	3.600111e+00	3.638216e+00	3.677006e+00	3.716498e+00	3.756626e+00
	3.797306e+00	3.838370e+00	3.879311e+00	3.919089e+00	3.956394e+00
	3.990223e+00	4.020176e+00	4.046367e+00	4.069198e+00	4.089189e+00
	4.106864e+00	4.122665e+00	4.136935e+00	4.149949e+00	4.161928e+00
	4.173071e+00	4.183577e+00	4.193629e+00	4.203341e+00	4.212732e+00
	4.221775e+00	4.230443e+00	4.238713e+00	4.246555e+00	4.253972e+00
	4.261027e+00	4.267820e+00	4.274444e+00	4.280955e+00	4.287367e+00
	4.293675e+00	4.299874e+00	4.305973e+00	4.311985e+00	4.317914e+00
	4.323756e+00	4.329513e+00	4.335204e+00	4.340863e+00	4.346515e+00
	4.352188e+00	4.357922e+00	4.363773e+00	4.369791e+00	4.375985e+00
	4.382321e+00	4.388798e+00	4.395507e+00	4.402667e+00	4.410598e+00
	4.419714e+00	4.430519e+00	4.443562e+00	4.459350e+00	4.478186e+00
	4.500051e+00	4.524526e+00	4.550804e+00	4.577976e+00	4.605416e+00
	4.632922e+00	4.660560e+00	4.688533e+00	4.717208e+00	4.747214e+00
	4.779480e+00	4.815200e+00	4.855681e+00	4.902091e+00	4.955049e+00
	5.014058e+00	5.077752e+00	5.145454e+00	5.218567e+00	5.300653e+00
	5.396122e+00	5.508180e+00	5.636704e+00	5.777470e+00	5.924772e+00
	6.074735e+00	6.225874e+00	6.378257e+00	6.532544e+00	6.689306e+00
	6.848842e+00	7.011163e+00	7.176080e+00	7.343200e+00	7.511556e+00
	7.680054e+00
y [m]
	-2.757132e-03	-2.719694e-03	-2.682634e-03	-2.646444e-03	-2.611458e-03
	-2.577774e-03	-2.545395e-03	-2.514294e-03	-2.484422e-03	-2.455711e-03
	-2.428075e-03	-2.401419e-03	-2.375640e-03	-2.350631e-03	-2.326287e-03
	-2.302504e-03	-2.279184e-03	-2.256234e-03	-2.233569e-03	-2.211111e-03
	-2.188787e-03	-2.166535e-03	-2.144298e-03	-2.122022e-03	-2.099661e-03
	-2.077167e-03	-2.054491e-03	-2.031569e-03	-2.008317e-03	-1.984617e-03
	-1.960332e-03	-1.935387e-03	-1.909897e-03	-1.884091e-03	-1.858020e-03
	-1.831460e-03	-1.804196e-03	-1.776286e-03	-1.747951e-03	-1.719275e-03
	-1.690076e-03	-1.660012e-03	-1.628731e-03	-1.595958e-03	-1.561449e-03
	-1.524893e-03	-1.485917e-03	-1.444173e-03	-1.399402e-03	-1.351427e-03
	-1.300098e-03	-1.245389e-03	-1.187811e-03	-1.128846e-03	-1.070747e-03
	-1.015653e-03	-9.649215e-04	-9.190434e-04	-8.778862e-04	-8.409550e-04
	-8.076062e-04	-7.772434e-04	-7.493755e-04	-7.235943e-04	-6.995536e-04
	-6.769281e-04	-6.553645e-04	-6.345204e-04	-6.141875e-04	-5.943447e-04
	-5.750713e-04	-5.564394e-04	-5.385233e-04	-5.214090e-04	-5.051084e-04
	-4.895016e-04	-4.743812e-04	-4.595499e-04	-4.448913e-04	-4.303765e-04
	-4.160253e-04	-4.018526e-04	-3.878454e-04	-3.739801e-04	-3.602527e-04
	-3.466806e-04	-3.332663e-04	-3.199677e-04	-3.067174e-04	-2.934577e-04
	-2.801329e-04	-2.666554e-04	-2.528993e-04	-2.387560e-04	-2.242182e-04
	-2.093707e-04	-1.942357e-04	-1.786068e-04	-1.619981e-04	-1.436936e-04
	-1.227860e-04	-9.820281e-05	-6.882113e-05	-3.370149e-05	7.544551e-06
	5.450702e-05	1.058715e-04	1.595520e-04	2.133937e-04	2.659832e-04
	3.168446e-04	3.660336e-04	4.138280e-04	4.607325e-04	5.075566e-04
	5.553703e-04	6.053144e-04	6.582853e-04	7.145589e-04	7.734435e-04
	8.330782e-04	8.912816e-04	9.471504e-04	1.001668e-03	1.056954e-03
	1.114919e-03	1.176168e-03	1.239587e-03	1.302898e-03	1.364222e-03
	1.423012e-03	1.479680e-03	1.535009e-03	1.589769e-03	1.644534e-03
	1.699669e-03	1.755361e-03	1.811675e-03	1.868566e-03	1.925768e-03
	1.982950e-03
f
	-3.450421e+00	-3.314044e+00	-3.179205e+00	-3.047720e+00	-2.920841e+00
	-2.798964e+00	-2.682138e+00	-2.570322e+00	-2.463399e+00	-2.361185e+00
	-2.263446e+00	-2.169910e+00	-2.080287e+00	-1.994272e+00	-1.911564e+00
	-1.831865e+00	-1.754894e+00	-1.680384e+00	-1.608088e+00	-1.537778e+00
	-1.469248e+00	-1.402310e+00	-1.336796e+00	-1.272553e+00	-1.209439e+00
	-1.147319e+00	-1.086052e+00	-1.025473e+00	-9.653607e-01	-9.054352e-01
	-8.453882e-01	-7.850910e-01	-7.248749e-01	-6.653076e-01	-6.065049e-01
	-5.479670e-01	-4.892565e-01	-4.305537e-01	-3.723610e-01	-3.148569e-01
	-2.576883e-01	-2.002249e-01	-1.418822e-01	-8.227977e-02	-2.113913e-02
	4.189007e-02	1.072066e-01	1.750992e-01	2.456507e-01	3.187776e-01
	3.943338e-01	4.719825e-01	5.506798e-01	6.282524e-01	7.018802e-01
	7.692852e-01	8.294029e-01	8.822514e-01	9.285005e-01	9.691104e-01
	1.005088e+00	1.037294e+00	1.066406e+00	1.092970e+00	1.117427e+00
	1.140177e+00	1.161621e+00	1.182134e+00	1.201941e+00	1.221081e+00
	1.239496e+00	1.257134e+00	1.273944e+00	1.289866e+00	1.304909e+00
	1.319202e+00	1.332948e+00	1.346335e+00	1.359476e+00	1.372399e+00
	1.385094e+00	1.397551e+00	1.409788e+00	1.421832e+00	1.433690e+00
	1.445354e+00	1.456826e+00	1.468149e+00	1.479386e+00	1.490589e+00
	1.501811e+00	1.513129e+00	1.524654e+00	1.536481e+00	1.548621e+00
	1.561011e+00	1.573639e+00	1.586685e+00	1.600562e+00	1.615877e+00
	1.633407e+00	1.654073e+00	1.678858e+00	1.708613e+00	1.743748e+00
	1.784029e+00	1.828466e+00	1.875412e+00	1.923122e+00	1.970446e+00
	2.017025e+00	2.062965e+00	2.108586e+00	2.154451e+00	2.201480e+00
	2.250973e+00	2.304489e+00	2.363586e+00	2.429424e+00	2.502252e+00
	2.580814e+00	2.662926e+00	2.747533e+00	2.836203e+00	2.932857e+00
	3.042010e+00	3.166522e+00	3.305649e+00	3.454720e+00	3.608073e+00
	3.762246e+00	3.916236e+00	4.070515e+00	4.226041e+00	4.383593e+00
	4.543618e+00	4.706226e+00	4.871301e+00	5.038498e+00	5.206882e+00
	5.375380e+00
df/deta
	8.089298e-01	8.090928e-01	8.093617e-01	8.097762e-01	8.103867e-01
	8.112586e-01	8.124735e-01	8.141279e-01	8.163320e-01	8.192064e-01
	8.228783e-01	8.274767e-01	8.331271e-01	8.399470e-01	8.480419e-01
	8.575013e-01	8.683967e-01	8.807803e-01	8.946842e-01	9.101210e-01
	9.270849e-01	9.455529e-01	9.654876e-01	9.868388e-01	1.009547e+00
	1.033549e+00	1.058783e+00	1.085200e+00	1.112783e+00	1.141556e+00
	1.171572e+00	1.202804e+00	1.234977e+00	1.267663e+00	1.300657e+00
	1.334104e+00	1.368134e+00	1.402528e+00	1.436874e+00	1.470945e+00
	1.504834e+00	1.538799e+00	1.573062e+00	1.607714e+00	1.642760e+00
	1.678219e+00	1.714093e+00	1.750272e+00	1.786485e+00	1.822329e+00
	1.857333e+00	1.890913e+00	1.922217e+00	1.950130e+00	1.973685e+00
	1.992542e+00	2.007026e+00	2.017833e+00	2.025737e+00	2.031431e+00
	2.035467e+00	2.038252e+00	2.040077e+00	2.041155e+00	2.041642e+00
	2.041652e+00	2.041262e+00	2.040521e+00	2.039460e+00	2.038105e+00
	2.036493e+00	2.034661e+00	2.032648e+00	2.030499e+00	2.028250e+00
	2.025912e+00	2.023478e+00	2.020931e+00	2.018259e+00	2.015463e+00
	2.012555e+00	2.009542e+00	2.006429e+00	2.003215e+00	1.999905e+00
	1.996508e+00	1.993028e+00	1.989461e+00	1.985789e+00	1.981998e+00
	1.978071e+00	1.973979e+00	1.969680e+00	1.965129e+00	1.960313e+00
	1.955251e+00	1.949942e+00	1.944301e+00	1.938131e+00	1.931124e+00
	1.922857e+00	1.912784e+00	1.900257e+00	1.884608e+00	1.865325e+00
	1.842233e+00	1.815655e+00	1.786478e+00	1.755847e+00	1.724673e+00
	1.693401e+00	1.662161e+00	1.630922e+00	1.599470e+00	1.567345e+00
	1.533860e+00	1.498239e+00	1.459866e+00	1.418619e+00	1.375205e+00
	1.331358e+00	1.289153e+00	1.249712e+00	1.212780e+00	1.177463e+00
	1.143341e+00	1.111134e+00	1.082494e+00	1.059000e+00	1.041088e+00
	1.028071e+00	1.018861e+00	1.012443e+00	1.008030e+00	1.005042e+00
	1.003058e+00	1.001772e+00	1.000959e+00	1.000460e+00	1.000165e+00
	1.000000e+00
Z
	1.000000e+00	9.999417e-01	9.998426e-01	9.996804e-01	9.994257e-01
	9.990396e-01	9.984735e-01	9.976696e-01	9.965619e-01	9.950783e-01
	9.931424e-01	9.906769e-01	9.876055e-01	9.838557e-01	9.793609e-01
	9.740618e-01	9.679078e-01	9.608575e-01	9.528793e-01	9.439517e-01
	9.340626e-01	9.232093e-01	9.113979e-01	8.986420e-01	8.849622e-01
	8.703828e-01	8.549290e-01	8.386189e-01	8.214528e-01	8.034064e-01
	7.844382e-01	7.645570e-01	7.439319e-01	7.228387e-01	7.014147e-01
	6.795712e-01	6.572274e-01	6.345313e-01	6.117621e-01	5.890785e-01
	5.664269e-01	5.436391e-01	5.205652e-01	4.971410e-01	4.733527e-01
	4.491706e-01	4.245717e-01	3.996018e-01	3.743951e-01	3.491530e-01
	3.241000e-01	2.995130e-01	2.758491e-01	2.537957e-01	2.340484e-01
	2.169845e-01	2.025788e-01	1.905408e-01	1.804784e-01	1.719993e-01
	1.647596e-01	1.584908e-01	1.529920e-01	1.481104e-01	1.437270e-01
	1.397430e-01	1.360675e-01	1.326223e-01	1.293590e-01	1.262631e-01
	1.233364e-01	1.205792e-01	1.179923e-01	1.155777e-01	1.133277e-01
	1.112173e-01	1.092124e-01	1.072826e-01	1.054101e-01	1.035889e-01
	1.018197e-01	1.001023e-01	9.843309e-02	9.680762e-02	9.522382e-02
	9.368211e-02	9.218119e-02	9.071493e-02	8.927477e-02	8.785359e-02
	8.644487e-02	8.503902e-02	8.362302e-02	8.218623e-02	8.072859e-02
	7.925912e-02	7.778031e-02	7.627266e-02	7.469129e-02	7.297251e-02
	7.103926e-02	6.880613e-02	6.619277e-02	6.314745e-02	5.967845e-02
	5.586803e-02	5.186731e-02	4.786871e-02	4.404138e-02	4.047630e-02
	3.718764e-02	3.415292e-02	3.133876e-02	2.870342e-02	2.619527e-02
	2.375840e-02	2.134489e-02	1.893027e-02	1.652699e-02	1.419032e-02
	1.201112e-02	1.006861e-02	8.378454e-03	6.896979e-03	5.565935e-03
	4.355411e-03	3.277930e-03	2.370978e-03	1.661771e-03	1.141476e-03
	7.740154e-04	5.190231e-04	3.434484e-04	2.233356e-04	1.419762e-04
	8.762672e-05	5.193560e-05	2.893552e-05	1.440722e-05	5.431692e-06
	0.000000e+00
temperature [K]
	3.000000e+02	3.000799e+02	3.002158e+02	3.004377e+02	3.007862e+02
	3.013137e+02	3.020863e+02	3.031817e+02	3.046880e+02	3.067005e+02
	3.093177e+02	3.126368e+02	3.167498e+02	3.217387e+02	3.276734e+02
	3.346086e+02	3.425838e+02	3.516223e+02	3.617330e+02	3.729120e+02
	3.851442e+02	3.984063e+02	4.126690e+02	4.278992e+02	4.440633e+02
	4.611301e+02	4.790755e+02	4.978913e+02	5.175971e+02	5.382483e+02
	5.599283e+02	5.826721e+02	6.063413e+02	6.306807e+02	6.555954e+02
	6.812567e+02	7.078379e+02	7.352478e+02	7.632305e+02	7.916632e+02
	8.206845e+02	8.505959e+02	8.817053e+02	9.142363e+02	9.483725e+02
	9.843503e+02	1.022461e+03	1.062948e+03	1.105914e+03	1.151336e+03
	1.199125e+03	1.249040e+03	1.300342e+03	1.351494e+03	1.400470e+03
	1.445583e+03	1.485986e+03	1.521615e+03	1.552886e+03	1.580441e+03
	1.604967e+03	1.627060e+03	1.647194e+03	1.665751e+03	1.683047e+03
	1.699366e+03	1.715002e+03	1.730234e+03	1.745239e+03	1.760052e+03
	1.774616e+03	1.788866e+03	1.802718e+03	1.816064e+03	1.828847e+03
	1.841108e+03	1.852959e+03	1.864504e+03	1.875773e+03	1.886728e+03
	1.897286e+03	1.907371e+03	1.916928e+03	1.925907e+03	1.934246e+03
	1.941872e+03	1.948727e+03	1.954774e+03	1.959980e+03	1.964296e+03
	1.967657e+03	1.969994e+03	1.971219e+03	1.971217e+03	1.969875e+03
	1.967139e+03	1.963020e+03	1.957503e+03	1.950435e+03	1.941480e+03
	1.930109e+03	1.915615e+03	1.897152e+03	1.873819e+03	1.844794e+03
	1.809506e+03	1.767908e+03	1.720763e+03	1.669431e+03	1.615201e+03
	1.558831e+03	1.500667e+03	1.440825e+03	1.379095e+03	1.314784e+03
	1.246736e+03	1.173655e+03	1.094726e+03	1.010413e+03	9.230984e+02
	8.371248e+02	7.570150e+02	6.848696e+02	6.199250e+02	5.603267e+02
	5.051746e+02	4.553707e+02	4.129543e+02	3.794808e+02	3.547554e+02
	3.372068e+02	3.249865e+02	3.165515e+02	3.107710e+02	3.068508e+02
	3.042298e+02	3.025076e+02	3.013973e+02	3.006958e+02	3.002623e+02
	3.000000e+02
massfraction-N2
	1.000000e-60	6.253779e-04	1.449897e-03	2.507281e-03	3.827768e-03
	5.441917e-03	7.378713e-03	9.662826e-03	1.231414e-02	1.534774e-02
	1.877418e-02	2.260010e-02	2.682887e-02	3.146125e-02	3.649611e-02
	4.193090e-02	4.776218e-02	5.398585e-02	6.059750e-02	6.759247e-02
	7.496602e-02	8.271335e-02	9.082976e-02	9.931080e-02	1.081527e-01
	1.173531e-01	1.269132e-01	1.368413e-01	1.471586e-01	1.579030e-01
	1.691247e-01	1.808468e-01	1.930013e-01	2.054601e-01	2.181760e-01
	2.312358e-01	2.447244e-01	2.585905e-01	2.726987e-01	2.869806e-01
	3.014978e-01	3.163907e-01	3.317979e-01	3.478109e-01	3.644949e-01
	3.819531e-01	4.002362e-01	4.194159e-01	4.394724e-01	4.603196e-01
	4.818303e-01	5.037996e-01	5.258052e-01	5.471162e-01	5.668771e-01
	5.844666e-01	5.996672e-01	6.125860e-01	6.235018e-01	6.327490e-01
	6.406484e-01	6.474623e-01	6.533935e-01	6.586001e-01	6.632078e-01
	6.673226e-01	6.710419e-01	6.744481e-01	6.775924e-01	6.804929e-01
	6.831552e-01	6.855890e-01	6.878056e-01	6.898166e-01	6.916418e-01
	6.933129e-01	6.948662e-01	6.963321e-01	6.977296e-01	6.990671e-01
	7.003480e-01	7.015757e-01	7.027552e-01	7.038917e-01	7.049881e-01
	7.060452e-01	7.070648e-01	7.080518e-01	7.090121e-01	7.099509e-01
	7.108727e-01	7.117841e-01	7.126938e-01	7.136093e-01	7.145312e-01
	7.154552e-01	7.163812e-01	7.173231e-01	7.183105e-01	7.193849e-01
	7.205971e-01	7.220050e-01	7.236662e-01	7.256229e-01	7.278789e-01
	7.303838e-01	7.330309e-01	7.356773e-01	7.381946e-01	7.405126e-01
	7.426192e-01	7.445312e-01	7.462749e-01	7.478829e-01	7.493938e-01
	7.508481e-01	7.522815e-01	7.537163e-01	7.551531e-01	7.565668e-01
	7.579093e-01	7.591348e-01	7.602330e-01	7.612299e-01	7.621634e-01
	7.630550e-01	7.638948e-01	7.646475e-01	7.652755e-01	7.657667e-01
	7.661358e-01	7.664080e-01	7.666073e-01	7.667527e-01	7.668581e-01
	7.669337e-01	7.669874e-01	7.670248e-01	7.670506e-01	7.670680e-01
	7.670796e-01
massfraction-O2
	1.000000e-60	7.242233e-07	1.683506e-06	2.919095e-06	4.468372e-06
	6.369182e-06	8.657525e-06	1.136421e-05	1.451418e-05	1.812636e-05
	2.221397e-05	2.678517e-05	3.184382e-05	3.739032e-05	4.342246e-05
	4.993608e-05	5.692569e-05	6.438489e-05	7.230674e-05	8.068397e-05
	8.950915e-05	9.877481e-05	1.084736e-04	1.185986e-04	1.291436e-04
	1.401045e-04	1.514810e-04	1.632817e-04	1.755303e-04	1.882706e-04
	2.015603e-04	2.154251e-04	2.297833e-04	2.444825e-04	2.594665e-04
	2.748374e-04	2.906944e-04	3.069766e-04	3.235248e-04	3.402593e-04
	3.572531e-04	3.746706e-04	3.926742e-04	4.113707e-04	4.308369e-04
	4.511942e-04	4.725031e-04	4.948506e-04	5.182195e-04	5.425191e-04
	5.676180e-04	5.933047e-04	6.191332e-04	6.443232e-04	6.679763e-04
	6.894899e-04	7.087403e-04	7.259757e-04	7.416282e-04	7.561834e-04
	7.701131e-04	7.838302e-04	7.976885e-04	8.120087e-04	8.271032e-04
	8.433184e-04	8.611063e-04	8.810545e-04	9.038075e-04	9.299531e-04
	9.600097e-04	9.944927e-04	1.033859e-03	1.078419e-03	1.128519e-03
	1.184896e-03	1.248857e-03	1.322175e-03	1.406793e-03	1.504611e-03
	1.617484e-03	1.747484e-03	1.897201e-03	2.069758e-03	2.268519e-03
	2.496913e-03	2.758912e-03	3.059924e-03	3.407038e-03	3.808599e-03
	4.274522e-03	4.817912e-03	5.456537e-03	6.211357e-03	7.100797e-03
	8.136833e-03	9.332364e-03	1.071826e-02	1.235931e-02	1.436293e-02
	1.688726e-02	2.014828e-02	2.441032e-02	2.994473e-02	3.694234e-02
	4.542133e-02	5.516088e-02	6.570660e-02	7.652668e-02	8.721804e-02
	9.758096e-02	1.075460e-01	1.171065e-01	1.263109e-01	1.352675e-01
	1.441211e-01	1.530035e-01	1.619699e-01	1.709456e-01	1.797065e-01
	1.879046e-01	1.952353e-01	2.016283e-01	2.072384e-01	2.122785e-01
	2.168564e-01	2.209194e-01	2.243227e-01	2.269643e-01	2.288832e-01
	2.302220e-01	2.311381e-01	2.317592e-01	2.321771e-01	2.324553e-01
	2.326378e-01	2.327554e-01	2.328298e-01	2.328759e-01	2.329038e-01
	2.329204e-01
massfraction-H
	1.000000e-60	2.840841e-18	5.950366e-18	9.286933e-18	1.277297e-17
	1.640290e-17	2.028397e-17	2.464804e-17	2.986999e-17	3.651324e-17
	4.542503e-17	5.791023e-17	7.603455e-17	1.031492e-16	1.448006e-16
	2.103146e-16	3.155603e-16	4.877629e-16	7.738466e-16	1.254764e-15
	2.069793e-15	3.457050e-15	5.819671e-15	9.831482e-15	1.660164e-14
	2.792588e-14	4.666497e-14	7.731992e-14	1.269334e-13	2.065324e-13
	3.334101e-13	5.340409e-13	8.462776e-13	1.321509e-12	2.033301e-12
	3.096283e-12	4.684766e-12	7.040923e-12	1.048964e-11	1.549713e-11
	2.279180e-11	3.354995e-11	4.967357e-11	7.424047e-11	1.123520e-10
	1.728127e-10	2.712127e-10	4.357279e-10	7.181305e-10	1.216067e-09
	2.119971e-09	3.810016e-09	7.036255e-09	1.319109e-08	2.461395e-08
	4.482564e-08	7.861912e-08	1.320403e-07	2.124279e-07	3.287513e-07
	4.923074e-07	7.171589e-07	1.020182e-06	1.420964e-06	1.941519e-06
	2.606882e-06	3.447995e-06	4.503832e-06	5.816091e-06	7.417924e-06
	9.327658e-06	1.155090e-05	1.407804e-05	1.688180e-05	1.993340e-05
	2.322540e-05	2.677816e-05	3.062528e-05	3.479251e-05	3.928594e-05
	4.409432e-05	4.920211e-05	5.459884e-05	6.027420e-05	6.620498e-05
	7.235094e-05	7.866946e-05	8.513104e-05	9.171137e-05	9.837257e-05
	1.050638e-04	1.117359e-04	1.183398e-04	1.247940e-04	1.309492e-04
	1.366157e-04	1.416475e-04	1.459826e-04	1.495915e-04	1.523785e-04
	1.540958e-04	1.542767e-04	1.522199e-04	1.471198e-04	1.384150e-04
	1.261976e-04	1.113779e-04	9.544422e-05	7.986674e-05	6.559209e-05
	5.299100e-05	4.210358e-05	3.283113e-05	2.501033e-05	1.845653e-05
	1.301321e-05	8.590688e-06	5.169299e-06	2.748702e-06	1.257289e-06
	4.915784e-07	1.674278e-07	5.100836e-08	1.429638e-08	3.907141e-09
	1.140324e-09	3.683508e-10	1.283973e-10	4.792268e-11	1.926130e-11
	8.281617e-12	3.741779e-12	1.738217e-12	8.124370e-13	3.742427e-13
	1.661520e-13	6.903775e-14	2.555782e-14	7.586233e-15	1.309602e-15
	1.000000e-60
massfraction-OH
	1.000000e-60	1.044946e-22	5.578345e-22	1.665382e-21	3.902361e-21
	8.008701e-21	1.514990e-20	2.719183e-20	4.719600e-20	8.031611e-20
	1.354333e-19	2.281593e-19	3.863887e-19	6.606171e-19	1.143159e-18
	2.003897e-18	3.556475e-18	6.379812e-18	1.153865e-17	2.097821e-17
	3.821930e-17	6.956251e-17	1.261408e-16	2.273699e-16	4.066898e-16
	7.210921e-16	1.267037e-15	2.207712e-15	3.821584e-15	6.592106e-15
	1.137711e-14	1.970781e-14	3.425267e-14	5.959041e-14	1.039013e-13
	1.826841e-13	3.254436e-13	5.860700e-13	1.059777e-12	1.916118e-12
	3.467384e-12	6.305325e-12	1.156680e-11	2.145088e-11	4.028059e-11
	7.681065e-11	1.492657e-10	2.964116e-10	6.018394e-10	1.248173e-09
	2.640304e-09	5.680348e-09	1.231995e-08	2.644478e-08	5.485277e-08
	1.078687e-07	1.993813e-07	3.466507e-07	5.706336e-07	8.976397e-07
	1.362623e-06	2.012625e-06	2.910259e-06	4.138007e-06	5.803244e-06
	8.047402e-06	1.106603e-05	1.513288e-05	2.060104e-05	2.787066e-05
	3.735381e-05	4.945892e-05	6.453989e-05	8.282755e-05	1.044832e-04
	1.297642e-04	1.591370e-04	1.932262e-04	2.326541e-04	2.779044e-04
	3.293053e-04	3.871492e-04	4.518235e-04	5.237991e-04	6.034923e-04
	6.911962e-04	7.872680e-04	8.923948e-04	1.007547e-03	1.133681e-03
	1.271693e-03	1.422661e-03	1.587862e-03	1.767911e-03	1.961184e-03
	2.163435e-03	2.369960e-03	2.578235e-03	2.788196e-03	2.999940e-03
	3.210682e-03	3.411586e-03	3.584846e-03	3.703550e-03	3.736803e-03
	3.660365e-03	3.467824e-03	3.176346e-03	2.820438e-03	2.436652e-03
	2.052752e-03	1.687128e-03	1.351419e-03	1.051909e-03	7.909083e-04
	5.689880e-04	3.869318e-04	2.459044e-04	1.453636e-04	8.067589e-05
	4.337650e-05	2.372347e-05	1.369605e-05	8.371745e-06	5.310176e-06
	3.422385e-06	2.218346e-06	1.448238e-06	9.598332e-07	6.494183e-07
	4.479371e-07	3.130052e-07	2.197479e-07	1.536514e-07	1.060587e-07
	7.154158e-08	4.650278e-08	2.842651e-08	1.548990e-08	6.355922e-09
	1.000000e-60
massfraction-O
	1.000000e-60	5.525525e-24	2.526672e-23	6.548255e-23	1.316378e-22
	2.287191e-22	3.625684e-22	5.420439e-22	7.821711e-22	1.108585e-21
	1.564476e-21	2.221941e-21	3.201642e-21	4.706517e-21	7.081393e-21
	1.091663e-20	1.722968e-20	2.777866e-20	4.560060e-20	7.592328e-20
	1.276821e-19	2.160018e-19	3.661671e-19	6.198368e-19	1.044553e-18
	1.748057e-18	2.899720e-18	4.763243e-18	7.748750e-18	1.249840e-17
	2.002728e-17	3.191916e-17	5.052363e-17	7.923884e-17	1.233531e-16
	1.919160e-16	3.005186e-16	4.750416e-16	7.584708e-16	1.226102e-15
	2.018140e-15	3.406462e-15	5.931814e-15	1.069213e-14	1.998191e-14
	3.878775e-14	7.834902e-14	1.648153e-13	3.606244e-13	8.189069e-13
	1.926561e-12	4.683486e-12	1.165522e-11	2.905756e-11	7.043160e-11
	1.616627e-10	3.462378e-10	6.897558e-10	1.284368e-09	2.256184e-09
	3.779058e-09	6.091907e-09	9.518756e-09	1.449570e-08	2.160894e-08
	3.166667e-08	4.585318e-08	6.596746e-08	9.465284e-08	1.355736e-07
	1.936840e-07	2.757201e-07	3.905340e-07	5.491345e-07	7.655065e-07
	1.059134e-06	1.458808e-06	2.006423e-06	2.759968e-06	3.796310e-06
	5.215537e-06	7.149988e-06	9.778779e-06	1.334364e-05	1.816057e-05
	2.463020e-05	3.326466e-05	4.473930e-05	5.993728e-05	7.995628e-05
	1.061173e-04	1.400274e-04	1.836288e-04	2.389804e-04	3.075450e-04
	3.894937e-04	4.840929e-04	5.910769e-04	7.116175e-04	8.479927e-04
	1.002437e-03	1.175372e-03	1.362710e-03	1.552934e-03	1.725557e-03
	1.854551e-03	1.916944e-03	1.902673e-03	1.818420e-03	1.681396e-03
	1.510140e-03	1.320210e-03	1.123734e-03	9.295101e-04	7.434226e-04
	5.698278e-04	4.134744e-04	2.806003e-04	1.774779e-04	1.064195e-04
	6.310422e-05	3.879695e-05	2.530717e-05	1.740433e-05	1.236678e-05
	8.906456e-06	6.426316e-06	4.630911e-06	3.342722e-06	2.424769e-06
	1.766427e-06	1.287251e-06	9.330040e-07	6.682207e-07	4.695676e-07
	3.209455e-07	2.106287e-07	1.296527e-07	7.100968e-08	2.925010e-08
	1.000000e-60
massfraction-H2
	1.000000e-60	2.224808e-05	4.607229e-05	7.114090e-05	9.713416e-05
	1.238479e-04	1.511323e-04	1.788519e-04	2.068898e-04	2.351502e-04
	2.635590e-04	2.920621e-04	3.206239e-04	3.492244e-04	3.778566e-04
	4.065234e-04	4.352354e-04	4.640088e-04	4.928632e-04	5.218204e-04
	5.509032e-04	5.801349e-04	6.095386e-04	6.391378e-04	6.689572e-04
	6.990253e-04	7.293792e-04	7.600755e-04	7.912061e-04	8.229048e-04
	8.553324e-04	8.885647e-04	9.224254e-04	9.565884e-04	9.909657e-04
	1.025829e-03	1.061434e-03	1.097674e-03	1.134230e-03	1.170969e-03
	1.208089e-03	1.245988e-03	1.285052e-03	1.325550e-03	1.367692e-03
	1.411815e-03	1.458069e-03	1.506749e-03	1.557917e-03	1.611491e-03
	1.667309e-03	1.725018e-03	1.783688e-03	1.841481e-03	1.896042e-03
	1.945439e-03	1.988702e-03	2.025726e-03	2.056934e-03	2.082974e-03
	2.104514e-03	2.122094e-03	2.136100e-03	2.146800e-03	2.154366e-03
	2.158898e-03	2.160414e-03	2.158812e-03	2.153880e-03	2.145410e-03
	2.133321e-03	2.117675e-03	2.098697e-03	2.076788e-03	2.052381e-03
	2.025732e-03	1.996853e-03	1.965635e-03	1.932025e-03	1.896126e-03
	1.858159e-03	1.818347e-03	1.776833e-03	1.733706e-03	1.689101e-03
	1.643212e-03	1.596183e-03	1.547994e-03	1.498516e-03	1.447644e-03
	1.395288e-03	1.341251e-03	1.285220e-03	1.227009e-03	1.166957e-03
	1.105911e-03	1.044557e-03	9.827433e-04	9.194101e-04	8.530737e-04
	7.823597e-04	7.065205e-04	6.260550e-04	5.430408e-04	4.608571e-04
	3.831520e-04	3.130440e-04	2.527261e-04	2.029903e-04	1.631995e-04
	1.319236e-04	1.076566e-04	8.907318e-05	7.501178e-05	6.445867e-05
	5.656897e-05	5.066020e-05	4.616438e-05	4.258569e-05	3.952315e-05
	3.673776e-05	3.413875e-05	3.167936e-05	2.928374e-05	2.685070e-05
	2.430147e-05	2.162801e-05	1.891261e-05	1.629495e-05	1.388869e-05
	1.173483e-05	9.823642e-06	8.126611e-06	6.615461e-06	5.269208e-06
	4.073060e-06	3.016082e-06	2.088798e-06	1.282287e-06	5.890095e-07
	1.000000e-60
massfraction-H2O
	1.000000e-60	1.070745e-04	2.483196e-04	4.295156e-04	6.558167e-04
	9.323855e-04	1.264048e-03	1.654802e-03	2.107709e-03	2.624871e-03
	3.207466e-03	3.855827e-03	4.569550e-03	5.347621e-03	6.188529e-03
	7.090380e-03	8.051000e-03	9.068024e-03	1.013897e-02	1.126131e-02
	1.243250e-02	1.365009e-02	1.491167e-02	1.621504e-02	1.755821e-02
	1.893955e-02	2.035807e-02	2.181396e-02	2.330935e-02	2.484873e-02
	2.643821e-02	2.807995e-02	2.976361e-02	3.147116e-02	3.319635e-02
	3.495115e-02	3.674694e-02	3.857687e-02	4.042345e-02	4.227848e-02
	4.415077e-02	4.605893e-02	4.802101e-02	5.004879e-02	5.215071e-02
	5.434036e-02	5.662384e-02	5.901117e-02	6.150102e-02	6.408441e-02
	6.674792e-02	6.946911e-02	7.219902e-02	7.485021e-02	7.731817e-02
	7.952532e-02	8.144244e-02	8.308009e-02	8.447050e-02	8.565349e-02
	8.666781e-02	8.754539e-02	8.831095e-02	8.898381e-02	8.957931e-02
	9.011040e-02	9.058897e-02	9.102494e-02	9.142407e-02	9.178786e-02
	9.211616e-02	9.240950e-02	9.266881e-02	9.289530e-02	9.309144e-02
	9.326108e-02	9.340828e-02	9.353607e-02	9.364603e-02	9.373871e-02
	9.381431e-02	9.387310e-02	9.391545e-02	9.394161e-02	9.395163e-02
	9.394543e-02	9.392281e-02	9.388321e-02	9.382552e-02	9.374802e-02
	9.364839e-02	9.352328e-02	9.336792e-02	9.317641e-02	9.294336e-02
	9.266512e-02	9.233798e-02	9.195333e-02	9.149283e-02	9.092565e-02
	9.020601e-02	8.927129e-02	8.804551e-02	8.645298e-02	8.444409e-02
	8.201671e-02	7.922526e-02	7.617476e-02	7.298497e-02	6.974402e-02
	6.649126e-02	6.323619e-02	5.997503e-02	5.668872e-02	5.333593e-02
	4.985571e-02	4.618323e-02	4.227764e-02	3.815488e-02	3.391314e-02
	2.973630e-02	2.581468e-02	2.222880e-02	1.892956e-02	1.581667e-02
	1.283766e-02	1.004054e-02	7.553678e-03	5.502029e-03	3.919584e-03
	2.749876e-03	1.903927e-03	1.298858e-03	8.698195e-04	5.689949e-04
	3.610998e-04	2.198734e-04	1.257039e-04	6.412453e-05	2.471718e-05
	1.000000e-60
massfraction-HO2
	1.000000e-60	8.750094e-10	2.036653e-09	3.536218e-09	5.420608e-09
	7.737611e-09	1.053314e-08	1.384716e-08	1.771290e-08	2.215662e-08
	2.719796e-08	3.285067e-08	3.912345e-08	4.602091e-08	5.354440e-08
	6.169270e-08	7.046261e-08	7.984930e-08	8.984651e-08	1.004467e-07
	1.116409e-07	1.234186e-07	1.357679e-07	1.486750e-07	1.621244e-07
	1.761000e-07	1.905869e-07	2.055760e-07	2.210716e-07	2.370943e-07
	2.536706e-07	2.707709e-07	2.882159e-07	3.057281e-07	3.231359e-07
	3.404299e-07	3.575567e-07	3.742529e-07	3.901494e-07	4.049742e-07
	4.185966e-07	4.309289e-07	4.418243e-07	4.510375e-07	4.582393e-07
	4.630435e-07	4.648840e-07	4.631697e-07	4.572609e-07	4.466206e-07
	4.309653e-07	4.105294e-07	3.865975e-07	3.620125e-07	3.406843e-07
	3.258994e-07	3.189951e-07	3.194261e-07	3.256331e-07	3.358464e-07
	3.485057e-07	3.623368e-07	3.763004e-07	3.895542e-07	4.014322e-07
	4.114491e-07	4.192982e-07	4.248003e-07	4.278709e-07	4.285965e-07
	4.273284e-07	4.246662e-07	4.213630e-07	4.182121e-07	4.159224e-07
	4.150666e-07	4.161400e-07	4.196471e-07	4.261306e-07	4.361390e-07
	4.501890e-07	4.687794e-07	4.924466e-07	5.217885e-07	5.574214e-07
	5.999359e-07	6.499793e-07	7.084301e-07	7.764470e-07	8.553703e-07
	9.467589e-07	1.052683e-06	1.175978e-06	1.319923e-06	1.487169e-06
	1.679148e-06	1.897609e-06	2.147745e-06	2.440908e-06	2.795973e-06
	3.240571e-06	3.811901e-06	4.553802e-06	5.507611e-06	6.697090e-06
	8.118363e-06	9.738457e-06	1.150313e-05	1.336044e-05	1.528573e-05
	1.728772e-05	1.939457e-05	2.164073e-05	2.406374e-05	2.670481e-05
	2.959723e-05	3.270740e-05	3.576028e-05	3.790228e-05	3.747901e-05
	3.292198e-05	2.490617e-05	1.636839e-05	9.647546e-06	5.277637e-06
	2.776853e-06	1.453760e-06	7.771307e-07	4.320001e-07	2.517066e-07
	1.530570e-07	9.601020e-08	6.125890e-08	3.920393e-08	2.483710e-08
	1.537202e-08	9.148726e-09	5.108649e-09	2.540589e-09	9.535366e-10
	1.000000e-60
massfraction-H2O2
	1.000000e-60	2.431876e-11	5.666299e-11	9.844582e-11	1.508938e-10
	2.151548e-10	2.921765e-10	3.825487e-10	4.864414e-10	6.035736e-10
	7.332138e-10	8.742103e-10	1.025048e-09	1.183920e-09	1.348816e-09
	1.517609e-09	1.688139e-09	1.858285e-09	2.026022e-09	2.189469e-09
	2.346909e-09	2.496806e-09	2.637808e-09	2.768742e-09	2.888603e-09
	2.996545e-09	3.091869e-09	3.174009e-09	3.242500e-09	3.296886e-09
	3.336585e-09	3.360763e-09	3.368537e-09	3.359555e-09	3.333958e-09
	3.291615e-09	3.232004e-09	3.155081e-09	3.061671e-09	2.952630e-09
	2.827883e-09	2.686344e-09	2.526487e-09	2.346996e-09	2.146887e-09
	1.925514e-09	1.682974e-09	1.422792e-09	1.153956e-09	8.925490e-10
	6.598619e-10	4.754681e-10	3.469076e-10	2.652808e-10	2.146535e-10
	1.830464e-10	1.637125e-10	1.526110e-10	1.470432e-10	1.452213e-10
	1.460810e-10	1.491575e-10	1.545328e-10	1.628950e-10	1.757189e-10
	1.956101e-10	2.269577e-10	2.770215e-10	3.572675e-10	4.844816e-10
	6.815093e-10	9.777876e-10	1.408309e-09	2.010459e-09	2.823495e-09
	3.894338e-09	5.285841e-09	7.080255e-09	9.375492e-09	1.227868e-08
	1.590416e-08	2.038216e-08	2.587392e-08	3.258093e-08	4.074268e-08
	5.063719e-08	6.261128e-08	7.713819e-08	9.485686e-08	1.165801e-07
	1.433389e-07	1.765105e-07	2.179669e-07	2.700357e-07	3.350735e-07
	4.149953e-07	5.116282e-07	6.280696e-07	7.701957e-07	9.475207e-07
	1.173684e-06	1.466526e-06	1.846831e-06	2.336068e-06	2.954213e-06
	3.721373e-06	4.661384e-06	5.803723e-06	7.187457e-06	8.868854e-06
	1.092460e-05	1.342641e-05	1.635880e-05	1.948293e-05	2.226088e-05
	2.399856e-05	2.418775e-05	2.282387e-05	2.042053e-05	1.765223e-05
	1.498166e-05	1.259123e-05	1.050459e-05	8.674644e-06	7.034043e-06
	5.543057e-06	4.210072e-06	3.076119e-06	2.176147e-06	1.505455e-06
	1.025224e-06	6.885025e-07	4.551097e-07	2.949620e-07	1.865239e-07
	1.143338e-07	6.722070e-08	3.712317e-08	1.831736e-08	6.845674e-09
	1.000000e-60
massfraction-CO
	1.000000e-60	4.974080e-05	1.154409e-04	1.998394e-04	3.054008e-04
	4.346148e-04	5.898423e-04	7.730921e-04	9.859802e-04	1.229724e-03
	1.505169e-03	1.812828e-03	2.152941e-03	2.525530e-03	2.930451e-03
	3.367445e-03	3.836169e-03	4.336231e-03	4.867208e-03	5.428660e-03
	6.020138e-03	6.641195e-03	7.291390e-03	7.970306e-03	8.677581e-03
	9.412985e-03	1.017655e-02	1.096888e-02	1.179163e-02	1.264776e-02
	1.354122e-02	1.447377e-02	1.543995e-02	1.642953e-02	1.743876e-02
	1.847449e-02	1.954345e-02	2.064154e-02	2.175802e-02	2.288749e-02
	2.403485e-02	2.521121e-02	2.642750e-02	2.769093e-02	2.900666e-02
	3.038284e-02	3.182347e-02	3.333426e-02	3.491373e-02	3.655524e-02
	3.824900e-02	3.997912e-02	4.171263e-02	4.339224e-02	4.495064e-02
	4.633881e-02	4.753930e-02	4.856025e-02	4.942331e-02	5.015462e-02
	5.077925e-02	5.131775e-02	5.178592e-02	5.219608e-02	5.255797e-02
	5.287974e-02	5.316878e-02	5.343120e-02	5.367046e-02	5.388737e-02
	5.408162e-02	5.425315e-02	5.440199e-02	5.452817e-02	5.463228e-02
	5.471547e-02	5.477854e-02	5.482103e-02	5.484096e-02	5.483518e-02
	5.479978e-02	5.473027e-02	5.462133e-02	5.446663e-02	5.425906e-02
	5.399117e-02	5.365489e-02	5.324040e-02	5.273561e-02	5.212702e-02
	5.139978e-02	5.053593e-02	4.951309e-02	4.830873e-02	4.691175e-02
	4.532988e-02	4.357765e-02	4.165237e-02	3.952069e-02	3.712568e-02
	3.440372e-02	3.130866e-02	2.784801e-02	2.411531e-02	2.029812e-02
	1.663561e-02	1.335396e-02	1.060538e-02	8.427355e-03	6.758600e-03
	5.495295e-03	4.537866e-03	3.805978e-03	3.237077e-03	2.783079e-03
	2.408217e-03	2.087102e-03	1.802848e-03	1.545536e-03	1.311278e-03
	1.101377e-03	9.183257e-04	7.609140e-04	6.238928e-04	5.014000e-04
	3.904968e-04	2.922475e-04	2.099940e-04	1.460791e-04	9.952641e-05
	6.691029e-05	4.447157e-05	2.916241e-05	1.878974e-05	1.183426e-05
	7.236475e-06	4.249919e-06	2.346949e-06	1.158842e-06	4.335711e-07
	1.000000e-60
massfraction-CO2
	1.000000e-60	3.646119e-05	8.948608e-05	1.641751e-04	2.661089e-04
	4.015462e-04	5.772252e-04	7.999938e-04	1.076568e-03	1.413313e-03
	1.816078e-03	2.290066e-03	2.839779e-03	3.468983e-03	4.180723e-03
	4.977361e-03	5.860625e-03	6.831673e-03	7.891154e-03	9.039275e-03
	1.027586e-02	1.160041e-02	1.301218e-02	1.451023e-02	1.609358e-02
	1.776138e-02	1.951329e-02	2.135025e-02	2.327564e-02	2.529602e-02
	2.742043e-02	2.965280e-02	3.197964e-02	3.437547e-02	3.683006e-02
	3.935914e-02	4.197822e-02	4.467641e-02	4.742627e-02	5.021331e-02
	5.304849e-02	5.595810e-02	5.896815e-02	6.209526e-02	6.535075e-02
	6.875271e-02	7.230952e-02	7.603219e-02	7.991377e-02	8.393398e-02
	8.806438e-02	9.226143e-02	9.644065e-02	1.004611e-01	1.041623e-01
	1.074324e-01	1.102376e-01	1.126050e-01	1.145923e-01	1.162657e-01
	1.176875e-01	1.189081e-01	1.199662e-01	1.208918e-01	1.217088e-01
	1.224371e-01	1.230951e-01	1.236982e-01	1.242564e-01	1.247739e-01
	1.252525e-01	1.256947e-01	1.261032e-01	1.264803e-01	1.268297e-01
	1.271574e-01	1.274701e-01	1.277741e-01	1.280734e-01	1.283703e-01
	1.286656e-01	1.289604e-01	1.292559e-01	1.295535e-01	1.298538e-01
	1.301567e-01	1.304620e-01	1.307699e-01	1.310807e-01	1.313936e-01
	1.317066e-01	1.320172e-01	1.323213e-01	1.326116e-01	1.328748e-01
	1.330929e-01	1.332466e-01	1.333158e-01	1.332717e-01	1.330644e-01
	1.326054e-01	1.317482e-01	1.302736e-01	1.279022e-01	1.243633e-01
	1.195059e-01	1.134052e-01	1.063914e-01	9.892413e-02	9.139574e-02
	8.403725e-02	7.695878e-02	7.020250e-02	6.375537e-02	5.755352e-02
	5.150487e-02	4.552804e-02	3.959692e-02	3.377442e-02	2.821931e-02
	2.315681e-02	1.876249e-02	1.505131e-02	1.190486e-02	9.183152e-03
	6.815555e-03	4.817004e-03	3.237345e-03	2.088882e-03	1.312305e-03
	8.103214e-04	4.933136e-04	2.956602e-04	1.737922e-04	9.973528e-05
	5.555208e-05	2.975088e-05	1.502640e-05	6.821189e-06	2.364466e-06
	1.000000e-60
massfraction-CH
	1.000000e-60	7.285312e-34	1.436762e-33	2.016138e-33	2.460292e-33
	2.814884e-33	3.156755e-33	3.586734e-33	4.241174e-33	5.336395e-33
	7.275919e-33	1.090425e-32	1.814442e-32	3.367710e-32	6.809699e-32
	6.615025e-32	1.000000e-60	1.000000e-60	1.000000e-60	4.056854e-27
	1.087982e-28	1.393647e-28	4.229647e-28	1.000000e-60	4.958147e-27
	1.496758e-26	9.113466e-26	3.447755e-25	1.023340e-24	3.382764e-24
	1.085353e-23	3.393677e-23	1.036498e-22	3.034462e-22	8.521983e-22
	2.320629e-21	6.183794e-21	1.611235e-20	4.084636e-20	1.008442e-19
	2.446517e-19	5.905105e-19	1.433783e-18	3.529586e-18	8.867318e-18
	2.291337e-17	6.140194e-17	1.717772e-16	5.037075e-16	1.552536e-15
	5.048167e-15	1.735914e-14	6.268301e-14	2.317611e-13	8.430198e-13
	2.901514e-12	9.209833e-12	2.668738e-11	7.072976e-11	1.730634e-10
	3.958551e-10	8.557951e-10	1.762561e-09	3.477090e-09	6.595152e-09
	1.207054e-08	2.142145e-08	3.705453e-08	6.260878e-08	1.031144e-07
	1.649244e-07	2.555466e-07	3.830412e-07	5.549610e-07	7.782773e-07
	1.060951e-06	1.413645e-06	1.849638e-06	2.382691e-06	3.024232e-06
	3.781516e-06	4.657660e-06	5.651961e-06	6.757832e-06	7.958408e-06
	9.223522e-06	1.051132e-05	1.177075e-05	1.293912e-05	1.393849e-05
	1.467896e-05	1.506618e-05	1.500793e-05	1.442768e-05	1.330008e-05
	1.169155e-05	9.752036e-06	7.657682e-06	5.572014e-06	3.654340e-06
	2.069995e-06	9.555366e-07	3.370124e-07	8.671362e-08	1.638822e-08
	2.481133e-09	3.573052e-10	5.890419e-11	1.184892e-11	2.763026e-12
	7.017055e-13	1.868764e-13	5.102870e-14	1.400021e-14	3.759795e-15
	9.548378e-16	2.199626e-16	4.392483e-17	7.295705e-18	9.891416e-19
	1.128115e-19	1.154957e-20	1.105073e-21	9.800683e-23	7.958056e-24
	6.036356e-25	4.319406e-26	2.993595e-27	2.558162e-28	2.251622e-29
	1.086010e-30	1.553972e-30	1.000000e-60	1.000000e-60	1.000000e-60
	3.821260e-31	1.000000e-60	6.807653e-32	1.000000e-60	3.470566e-32
	1.000000e-60
massfraction-CHO
	1.000000e-60	1.103785e-18	2.703542e-18	4.914137e-18	7.854340e-18
	1.170706e-17	1.680998e-17	2.379672e-17	3.382820e-17	4.898148e-17
	7.293405e-17	1.121930e-16	1.783098e-16	2.918519e-16	4.894589e-16
	8.362309e-16	1.447149e-15	2.523425e-15	4.412808e-15	7.706902e-15
	1.339304e-14	2.308170e-14	3.932953e-14	6.606736e-14	1.091131e-13
	1.766958e-13	2.798339e-13	4.323395e-13	6.501725e-13	9.497736e-13
	1.344861e-12	1.840248e-12	2.423344e-12	3.064218e-12	3.731721e-12
	4.409382e-12	5.097304e-12	5.809427e-12	6.573660e-12	7.432408e-12
	8.443454e-12	9.683480e-12	1.125557e-11	1.330259e-11	1.603431e-11
	1.977850e-11	2.505297e-11	3.269796e-11	4.410448e-11	6.165611e-11
	8.959735e-11	1.356488e-10	2.135468e-10	3.459301e-10	5.659661e-10
	9.165486e-10	1.447557e-09	2.213278e-09	3.272477e-09	4.692785e-09
	6.558234e-09	8.972655e-09	1.205976e-08	1.596363e-08	2.084970e-08
	2.691580e-08	3.442523e-08	4.373520e-08	5.526828e-08	6.943963e-08
	8.662248e-08	1.071707e-07	1.313814e-07	1.594337e-07	1.914995e-07
	2.279729e-07	2.695927e-07	3.173454e-07	3.722302e-07	4.350536e-07
	5.063597e-07	5.865210e-07	6.758183e-07	7.742983e-07	8.814281e-07
	9.958420e-07	1.115436e-06	1.237508e-06	1.358406e-06	1.472932e-06
	1.574195e-06	1.653789e-06	1.701778e-06	1.706960e-06	1.659248e-06
	1.554416e-06	1.396670e-06	1.196034e-06	9.650727e-07	7.199649e-07
	4.838221e-07	2.858691e-07	1.499857e-07	7.722038e-08	4.577634e-08
	3.212274e-08	2.424376e-08	1.854410e-08	1.423922e-08	1.102933e-08
	8.649141e-09	6.868252e-09	5.506300e-09	4.425282e-09	3.519598e-09
	2.710755e-09	1.950709e-09	1.240490e-09	6.485299e-10	2.625685e-10
	8.206603e-11	2.087054e-11	4.568975e-12	8.923522e-13	1.631261e-13
	3.011710e-14	5.784407e-15	1.140402e-15	2.359803e-16	5.315672e-17
	1.314954e-17	3.510611e-18	9.821029e-19	2.787960e-19	7.784002e-20
	2.067903e-20	5.011141e-21	1.033854e-21	1.570241e-22	1.137925e-23
	1.000000e-60
massfraction-CH2
	1.000000e-60	1.868766e-22	3.883729e-22	6.032157e-22	8.296335e-22
	1.072920e-21	1.349104e-21	1.688100e-21	2.140051e-21	2.788933e-21
	3.780746e-21	5.381195e-21	8.095570e-21	1.292417e-20	2.192089e-20
	3.944280e-20	7.499827e-20	1.498242e-19	3.121877e-19	6.730225e-19
	1.488494e-18	3.349106e-18	7.605441e-18	1.730543e-17	3.920416e-17
	8.795372e-17	1.946015e-16	4.234764e-16	9.054376e-16	1.903208e-15
	3.938954e-15	8.026318e-15	1.602832e-14	3.117651e-14	5.905107e-14
	1.096239e-13	2.005695e-13	3.614195e-13	6.393293e-13	1.110625e-12
	1.904795e-12	3.249126e-12	5.547938e-12	9.525093e-12	1.650159e-11
	2.897065e-11	5.177032e-11	9.449511e-11	1.764881e-10	3.376090e-10
	6.623467e-10	1.333522e-09	2.742226e-09	5.676182e-09	1.156826e-08
	2.273920e-08	4.256290e-08	7.554609e-08	1.274217e-07	2.054364e-07
	3.189169e-07	4.797037e-07	7.022971e-07	1.003834e-06	1.403858e-06
	1.924671e-06	2.593464e-06	3.443814e-06	4.510856e-06	5.820888e-06
	7.384638e-06	9.197757e-06	1.123836e-05	1.346579e-05	1.583514e-05
	1.831577e-05	2.089403e-05	2.355895e-05	2.628512e-05	2.902565e-05
	3.171702e-05	3.428964e-05	3.667317e-05	3.879319e-05	4.056712e-05
	4.190820e-05	4.273450e-05	4.297144e-05	4.254827e-05	4.140205e-05
	3.948925e-05	3.679320e-05	3.333200e-05	2.918933e-05	2.456651e-05
	1.978388e-05	1.518092e-05	1.100806e-05	7.416093e-06	4.511002e-06
	2.375485e-06	1.025564e-06	3.433108e-07	8.637485e-08	1.678729e-08
	2.809869e-09	4.868436e-10	1.035765e-10	2.797951e-11	8.966259e-12
	3.189989e-12	1.213059e-12	4.828989e-13	1.981704e-13	8.250136e-14
	3.423085e-14	1.390701e-14	5.449774e-15	2.042914e-15	7.377694e-16
	2.647382e-16	9.803163e-17	3.778261e-17	1.463183e-17	5.332390e-18
	1.708827e-18	4.677904e-19	1.151655e-19	2.877582e-20	8.154872e-21
	2.744062e-21	1.087887e-21	4.920170e-22	2.444011e-22	1.285469e-22
	6.906352e-23	3.640079e-23	1.775744e-23	7.149073e-24	1.681693e-24
	1.000000e-60
massfraction-CH2O
	1.000000e-60	6.616550e-08	1.633352e-07	3.014923e-07	4.917214e-07
	7.465774e-07	1.079710e-06	1.505142e-06	2.036755e-06	2.687813e-06
	3.470559e-06	4.395912e-06	5.473263e-06	6.710366e-06	8.113314e-06
	9.686576e-06	1.143308e-05	1.335434e-05	1.545058e-05	1.772091e-05
	2.016349e-05	2.277567e-05	2.555418e-05	2.849536e-05	3.159539e-05
	3.485078e-05	3.825907e-05	4.182034e-05	4.553945e-05	4.942737e-05
	5.349967e-05	5.776213e-05	6.218742e-05	6.672605e-05	7.135823e-05
	7.611323e-05	8.101964e-05	8.605654e-05	9.117268e-05	9.634156e-05
	1.015840e-04	1.069489e-04	1.124840e-04	1.182197e-04	1.241761e-04
	1.303860e-04	1.368633e-04	1.436267e-04	1.506613e-04	1.579261e-04
	1.653616e-04	1.728740e-04	1.802829e-04	1.872885e-04	1.935367e-04
	1.987501e-04	2.027948e-04	2.056638e-04	2.074304e-04	2.082043e-04
	2.081001e-04	2.072216e-04	2.056625e-04	2.035098e-04	2.008457e-04
	1.977445e-04	1.942634e-04	1.904467e-04	1.863567e-04	1.821017e-04
	1.778255e-04	1.736769e-04	1.697974e-04	1.663099e-04	1.632911e-04
	1.607645e-04	1.587245e-04	1.571623e-04	1.560731e-04	1.554426e-04
	1.552310e-04	1.553640e-04	1.557338e-04	1.561990e-04	1.565816e-04
	1.566681e-04	1.562155e-04	1.549541e-04	1.525861e-04	1.487968e-04
	1.432775e-04	1.357448e-04	1.259682e-04	1.138693e-04	9.971594e-05
	8.422006e-05	6.832283e-05	5.285546e-05	3.844412e-05	2.567245e-05
	1.519741e-05	7.616996e-06	3.079948e-06	9.753579e-07	2.460244e-07
	5.346379e-08	1.139700e-08	2.714961e-09	7.692842e-10	2.565350e-10
	9.717052e-11	4.063584e-11	1.843688e-11	8.966678e-12	4.626100e-12
	2.510524e-12	1.427332e-12	8.518207e-13	5.368126e-13	3.588461e-13
	2.539203e-13	1.880905e-13	1.433970e-13	1.104073e-13	8.419171e-14
	6.243251e-14	4.439729e-14	3.011558e-14	1.960509e-14	1.239736e-14
	7.684686e-15	4.685837e-15	2.808208e-15	1.648689e-15	9.442753e-16
	5.246699e-16	2.802270e-16	1.411403e-16	6.389497e-17	2.209201e-17
	1.000000e-60
massfraction-CH3
	1.000000e-60	7.595148e-10	1.738598e-09	2.969402e-09	4.481722e-09
	6.309151e-09	8.488588e-09	1.105902e-08	1.406284e-08	1.754747e-08
	2.156723e-08	2.618526e-08	3.147562e-08	3.752540e-08	4.443706e-08
	5.233087e-08	6.134771e-08	7.165232e-08	8.343699e-08	9.692615e-08
	1.123818e-07	1.301101e-07	1.504701e-07	1.738841e-07	2.008523e-07
	2.319729e-07	2.679731e-07	3.097606e-07	3.585110e-07	4.157842e-07
	4.836512e-07	5.646085e-07	6.611184e-07	7.755424e-07	9.113393e-07
	1.074431e-06	1.272765e-06	1.514583e-06	1.808206e-06	2.164537e-06
	2.600341e-06	3.140429e-06	3.819021e-06	4.681998e-06	5.793460e-06
	7.248486e-06	9.186544e-06	1.181187e-05	1.541940e-05	2.044038e-05
	2.752013e-05	3.762036e-05	5.206768e-05	7.240510e-05	1.000061e-04
	1.356739e-04	1.794522e-04	2.307006e-04	2.883547e-04	3.512414e-04
	4.182844e-04	4.884126e-04	5.604620e-04	6.331930e-04	7.053337e-04
	7.757129e-04	8.434187e-04	9.076240e-04	9.671155e-04	1.020184e-03
	1.065103e-03	1.100614e-03	1.125990e-03	1.141059e-03	1.146224e-03
	1.142155e-03	1.129385e-03	1.108175e-03	1.078676e-03	1.041189e-03
	9.962904e-04	9.447478e-04	8.873938e-04	8.251290e-04	7.590413e-04
	6.904246e-04	6.205691e-04	5.505512e-04	4.813125e-04	4.138518e-04
	3.491929e-04	2.882201e-04	2.316936e-04	1.804973e-04	1.357643e-04
	9.844510e-05	6.867742e-05	4.574917e-05	2.861557e-05	1.635259e-05
	8.216146e-06	3.459933e-06	1.164045e-06	3.042175e-07	6.275147e-08
	1.096312e-08	1.827822e-09	3.340469e-10	7.388093e-11	2.017124e-11
	6.567601e-12	2.443811e-12	1.007160e-12	4.497146e-13	2.137569e-13
	1.065832e-13	5.517514e-14	2.950808e-14	1.628907e-14	9.285852e-15
	5.476988e-15	3.343395e-15	2.094798e-15	1.322057e-15	8.203121e-16
	4.900446e-16	2.794323e-16	1.535232e-16	8.326158e-17	4.564542e-17
	2.558049e-17	1.465735e-17	8.539963e-18	5.023402e-18	2.961574e-18
	1.735022e-18	9.969779e-19	5.483103e-19	2.731893e-19	1.039220e-19
	1.000000e-60
massfraction-CH4
	1.000000e-60	1.164785e-05	2.668255e-05	4.557570e-05	6.871956e-05
	9.650088e-05	1.292704e-04	1.673007e-04	2.107839e-04	2.598361e-04
	3.145062e-04	3.747867e-04	4.406267e-04	5.119429e-04	5.886303e-04
	6.705704e-04	7.576384e-04	8.497076e-04	9.466532e-04	1.048354e-03
	1.154695e-03	1.265567e-03	1.380867e-03	1.500506e-03	1.624406e-03
	1.752518e-03	1.884845e-03	2.021489e-03	2.162734e-03	2.309088e-03
	2.461217e-03	2.619420e-03	2.782772e-03	2.949566e-03	3.119199e-03
	3.292857e-03	3.471691e-03	3.655039e-03	3.841143e-03	4.029142e-03
	4.219890e-03	4.415260e-03	4.617095e-03	4.826607e-03	5.044660e-03
	5.272607e-03	5.511043e-03	5.760812e-03	6.021420e-03	6.291251e-03
	6.567675e-03	6.846161e-03	7.117905e-03	7.368270e-03	7.579607e-03
	7.737342e-03	7.833760e-03	7.867827e-03	7.843017e-03	7.764872e-03
	7.639072e-03	7.470720e-03	7.264435e-03	7.024436e-03	6.754567e-03
	6.457938e-03	6.136100e-03	5.789401e-03	5.419518e-03	5.031729e-03
	4.634179e-03	4.235567e-03	3.844640e-03	3.469731e-03	3.116337e-03
	2.785738e-03	2.476409e-03	2.186638e-03	1.916126e-03	1.665898e-03
	1.437241e-03	1.230682e-03	1.045785e-03	8.816203e-04	7.372216e-04
	6.115538e-04	5.031997e-04	4.103408e-04	3.311455e-04	2.640489e-04
	2.076681e-04	1.606657e-04	1.218108e-04	9.014033e-05	6.496537e-05
	4.560606e-05	3.115720e-05	2.057778e-05	1.293930e-05	7.562130e-06
	3.976127e-06	1.808119e-06	6.840874e-07	2.104946e-07	5.326322e-08
	1.164959e-08	2.385821e-09	5.015871e-10	1.170904e-10	3.182117e-11
	1.023814e-11	3.894133e-12	1.733258e-12	8.896211e-13	5.180809e-13
	3.370291e-13	2.410917e-13	1.860270e-13	1.510861e-13	1.259664e-13
	1.059415e-13	8.918295e-14	7.486545e-14	6.230520e-14	5.091192e-14
	4.040002e-14	3.087816e-14	2.270632e-14	1.618633e-14	1.130697e-14
	7.794137e-15	5.311059e-15	3.570388e-15	2.358298e-15	1.522596e-15
	9.542237e-16	5.740872e-16	3.244915e-16	1.637774e-16	6.251918e-17
	1.000000e-60
massfraction-C2H6
	1.000000e-60	5.773606e-07	1.423297e-06	2.623441e-06	4.272619e-06
	6.478094e-06	9.356403e-06	1.302726e-05	1.760938e-05	2.321660e-05
	2.995478e-05	3.791942e-05	4.719429e-05	5.785071e-05	6.994752e-05
	8.353149e-05	9.863811e-05	1.152925e-04	1.335104e-04	1.532993e-04
	1.746597e-04	1.975854e-04	2.220658e-04	2.480861e-04	2.756303e-04
	3.046842e-04	3.352420e-04	3.673197e-04	4.009758e-04	4.363241e-04
	4.735212e-04	5.126344e-04	5.534239e-04	5.954380e-04	6.384912e-04
	6.828515e-04	7.287815e-04	7.760777e-04	8.242436e-04	8.730072e-04
	9.225371e-04	9.732620e-04	1.025591e-03	1.079751e-03	1.135849e-03
	1.194068e-03	1.254359e-03	1.316627e-03	1.380329e-03	1.444493e-03
	1.507708e-03	1.567859e-03	1.621617e-03	1.664384e-03	1.691459e-03
	1.699731e-03	1.688394e-03	1.658533e-03	1.612298e-03	1.552147e-03
	1.480338e-03	1.398902e-03	1.309762e-03	1.214767e-03	1.115693e-03
	1.014113e-03	9.111630e-04	8.077558e-04	7.053333e-04	6.062391e-04
	5.131256e-04	4.281396e-04	3.527585e-04	2.877338e-04	2.328372e-04
	1.870019e-04	1.488636e-04	1.172272e-04	9.120137e-05	7.008872e-05
	5.324180e-05	3.999954e-05	2.971686e-05	2.181982e-05	1.582823e-05
	1.134261e-05	8.024816e-06	5.594179e-06	3.830595e-06	2.567725e-06
	1.678409e-06	1.063931e-06	6.490077e-07	3.778862e-07	2.089567e-07
	1.096115e-07	5.438299e-08	2.517565e-08	1.055814e-08	3.831809e-09
	1.133086e-09	2.550864e-10	4.135855e-11	4.762500e-12	4.075249e-13
	2.840734e-14	1.808952e-15	1.181884e-16	8.720178e-18	7.729597e-19
	8.496606e-20	1.177553e-20	2.079251e-21	4.700031e-22	1.358546e-22
	5.005745e-23	2.349266e-23	1.396586e-23	1.015282e-23	8.362827e-24
	7.187944e-24	6.138569e-24	5.123359e-24	4.154141e-24	3.244394e-24
	2.412807e-24	1.693770e-24	1.122787e-24	7.111945e-25	4.373944e-25
	2.640054e-25	1.569738e-25	9.183181e-26	5.266570e-26	2.947854e-26
	1.601336e-26	8.366352e-27	4.125779e-27	1.831386e-27	6.221861e-28
	1.000000e-60
massfraction-C2H
	1.000000e-60	1.000000e-60	1.000000e-60	1.986926e-30	6.097069e-30
	1.000000e-60	5.920714e-30	6.343508e-29	1.070314e-28	2.298821e-28
	4.662017e-28	9.469549e-28	2.118178e-27	4.817101e-27	1.163477e-26
	2.952066e-26	7.840238e-26	2.166317e-25	6.179655e-25	1.802000e-24
	5.327632e-24	1.583136e-23	4.691114e-23	1.376990e-22	3.982253e-22
	1.130207e-21	3.140394e-21	8.537941e-21	2.274686e-20	5.959783e-20
	1.543150e-19	3.960539e-19	1.004425e-18	2.502260e-18	6.129568e-18
	1.490464e-17	3.624197e-17	8.786163e-17	2.105334e-16	4.964833e-16
	1.156122e-15	2.677681e-15	6.207904e-15	1.445709e-14	3.389928e-14
	8.033419e-14	1.932517e-13	4.733459e-13	1.180565e-12	2.992102e-12
	7.687212e-12	1.993738e-11	5.161284e-11	1.303913e-10	3.125922e-10
	6.962904e-10	1.429550e-09	2.713290e-09	4.805286e-09	8.036195e-09
	1.284482e-08	1.981875e-08	2.973598e-08	4.361309e-08	6.275676e-08
	8.885430e-08	1.241775e-07	1.718049e-07	2.355164e-07	3.192227e-07
	4.263241e-07	5.593035e-07	7.189959e-07	9.038750e-07	1.110808e-06
	1.336721e-06	1.579223e-06	1.835495e-06	2.100639e-06	2.366975e-06
	2.624759e-06	2.863700e-06	3.073972e-06	3.246341e-06	3.372263e-06
	3.444687e-06	3.458939e-06	3.412623e-06	3.305061e-06	3.137513e-06
	2.913658e-06	2.639370e-06	2.322654e-06	1.975415e-06	1.616042e-06
	1.267618e-06	9.503336e-07	6.758165e-07	4.485517e-07	2.704333e-07
	1.423945e-07	6.223996e-08	2.141267e-08	5.603995e-09	1.134597e-09
	1.949840e-10	3.348798e-11	6.670036e-12	1.592937e-12	4.361350e-13
	1.308780e-13	4.193515e-14	1.412890e-14	4.936907e-15	1.758341e-15
	6.251731e-16	2.170808e-16	7.209175e-17	2.247398e-17	6.501472e-18
	1.766720e-18	4.693962e-19	1.257357e-19	3.339443e-20	8.314046e-21
	1.835957e-21	3.559784e-22	6.463567e-23	1.242920e-23	2.822149e-24
	7.890239e-25	2.679630e-25	1.062568e-25	4.699294e-26	2.216546e-26
	1.066292e-26	4.974856e-27	2.100008e-27	7.067024e-28	1.329681e-28
	1.000000e-60
massfraction-C2H2
	1.000000e-60	1.014079e-05	2.440925e-05	4.388119e-05	6.967025e-05
	1.029810e-04	1.450599e-04	1.971143e-04	2.602704e-04	3.355405e-04
	4.238031e-04	5.257923e-04	6.420985e-04	7.731743e-04	9.193469e-04
	1.080832e-03	1.257746e-03	1.450127e-03	1.657940e-03	1.881096e-03
	2.119456e-03	2.372850e-03	2.641079e-03	2.923929e-03	3.221195e-03
	3.532712e-03	3.858423e-03	4.198511e-03	4.553617e-03	4.924964e-03
	5.314217e-03	5.722106e-03	6.146190e-03	6.581879e-03	7.027397e-03
	7.485668e-03	7.959570e-03	8.447199e-03	8.943675e-03	9.446479e-03
	9.957676e-03	1.048210e-02	1.102452e-02	1.158803e-02	1.217479e-02
	1.278823e-02	1.342998e-02	1.410227e-02	1.480410e-02	1.553209e-02
	1.628137e-02	1.704426e-02	1.780542e-02	1.853865e-02	1.921320e-02
	1.980598e-02	2.030724e-02	2.071787e-02	2.104446e-02	2.129541e-02
	2.147848e-02	2.159928e-02	2.166117e-02	2.166578e-02	2.161324e-02
	2.150224e-02	2.132922e-02	2.108774e-02	2.076984e-02	2.036946e-02
	1.988465e-02	1.931727e-02	1.867388e-02	1.796622e-02	1.720693e-02
	1.640365e-02	1.555788e-02	1.466913e-02	1.374017e-02	1.277924e-02
	1.179847e-02	1.081023e-02	9.824968e-03	8.852074e-03	7.901844e-03
	6.985363e-03	6.111728e-03	5.286265e-03	4.512377e-03	3.793975e-03
	3.135031e-03	2.538001e-03	2.004252e-03	1.536460e-03	1.139518e-03
	8.166591e-04	5.645344e-04	3.736273e-04	2.328291e-04	1.329740e-04
	6.703146e-05	2.845966e-05	9.711802e-06	2.596425e-06	5.580770e-07
	1.066057e-07	2.136395e-08	5.186854e-09	1.564263e-09	5.571325e-10
	2.236370e-10	9.864386e-11	4.721461e-11	2.432047e-11	1.338620e-11
	7.834570e-12	4.872174e-12	3.225664e-12	2.270452e-12	1.682266e-12
	1.291777e-12	1.013396e-12	8.027649e-13	6.341366e-13	4.920895e-13
	3.693914e-13	2.651639e-13	1.815266e-13	1.194970e-13	7.663396e-14
	4.831154e-14	3.002999e-14	1.837912e-14	1.103453e-14	6.469113e-15
	3.681168e-15	2.013563e-15	1.038021e-15	4.803612e-16	1.694316e-16
	1.000000e-60
massfraction-CHCO
	1.000000e-60	3.539413e-06	8.106992e-06	1.384517e-05	2.087192e-05
	2.930303e-05	3.924283e-05	5.077128e-05	6.394331e-05	7.879007e-05
	9.532167e-05	1.135306e-04	1.333956e-04	1.548851e-04	1.779606e-04
	2.025791e-04	2.286956e-04	2.562644e-04	2.852400e-04	3.155783e-04
	3.472370e-04	3.801755e-04	4.143558e-04	4.497433e-04	4.863079e-04
	5.240278e-04	5.628965e-04	6.029370e-04	6.442253e-04	6.869013e-04
	7.311506e-04	7.770491e-04	8.243203e-04	8.724631e-04	9.213007e-04
	9.711713e-04	1.022399e-03	1.074789e-03	1.127836e-03	1.181296e-03
	1.235412e-03	1.290717e-03	1.347729e-03	1.406791e-03	1.468146e-03
	1.532186e-03	1.599093e-03	1.669153e-03	1.742320e-03	1.818314e-03
	1.896722e-03	1.976854e-03	2.057230e-03	2.135215e-03	2.207659e-03
	2.272192e-03	2.327863e-03	2.374898e-03	2.414169e-03	2.446775e-03
	2.473774e-03	2.496009e-03	2.514088e-03	2.528432e-03	2.539307e-03
	2.546850e-03	2.551065e-03	2.551757e-03	2.548516e-03	2.540819e-03
	2.528171e-03	2.510181e-03	2.486626e-03	2.457540e-03	2.423078e-03
	2.383226e-03	2.337622e-03	2.285671e-03	2.226820e-03	2.160764e-03
	2.087462e-03	2.006960e-03	1.919233e-03	1.824242e-03	1.722162e-03
	1.613480e-03	1.498783e-03	1.378491e-03	1.253012e-03	1.123142e-03
	9.901360e-04	8.554787e-04	7.209509e-04	5.893119e-04	4.649390e-04
	3.529257e-04	2.568677e-04	1.777703e-04	1.149695e-04	6.752895e-05
	3.458019e-05	1.465531e-05	4.875305e-06	1.234158e-06	2.424353e-07
	4.037314e-08	6.683501e-09	1.310169e-09	3.272300e-10	9.972812e-11
	3.474877e-11	1.329276e-11	5.467265e-12	2.385378e-12	1.090594e-12
	5.166746e-13	2.517069e-13	1.258519e-13	6.491096e-14	3.507205e-14
	2.042017e-14	1.310367e-14	9.166310e-15	6.705875e-15	4.871102e-15
	3.341005e-15	2.087789e-15	1.187540e-15	6.380951e-16	3.391125e-16
	1.833152e-16	1.016748e-16	5.771845e-17	3.331351e-17	1.940490e-17
	1.131009e-17	6.512429e-18	3.615503e-18	1.830722e-18	7.112018e-19
	1.000000e-60
massfraction-C3H3
	1.000000e-60	3.908699e-26	1.036842e-25	2.156264e-25	4.235113e-25
	8.376386e-25	1.712918e-24	3.653004e-24	8.126243e-24	1.879346e-23
	4.497862e-23	1.108527e-22	2.799539e-22	7.210173e-22	1.885095e-21
	4.981640e-21	1.325308e-20	3.536436e-20	9.433506e-20	2.508220e-19
	6.629708e-19	1.738230e-18	4.512319e-18	1.158035e-17	2.934812e-17
	7.339310e-17	1.810653e-16	4.408701e-16	1.060969e-15	2.529773e-15
	5.994424e-15	1.412872e-14	3.297188e-14	7.561419e-14	1.700577e-13
	3.772278e-13	8.297725e-13	1.806622e-12	3.871055e-12	8.145899e-12
	1.690488e-11	3.485790e-11	7.191232e-11	1.490838e-10	3.115218e-10
	6.584715e-10	1.412150e-09	3.078518e-09	6.821960e-09	1.534042e-08
	3.492038e-08	8.012602e-08	1.833133e-07	4.093889e-07	8.687457e-07
	1.714428e-06	3.117463e-06	5.233586e-06	8.182285e-06	1.204892e-05
	1.690259e-05	2.280436e-05	2.980911e-05	3.797107e-05	4.734908e-05
	5.802393e-05	7.013536e-05	8.388257e-05	9.942940e-05	1.167788e-04
	1.357384e-04	1.559650e-04	1.769533e-04	1.980455e-04	2.185921e-04
	2.380949e-04	2.561673e-04	2.723774e-04	2.861411e-04	2.967553e-04
	3.035252e-04	3.058860e-04	3.034478e-04	2.960068e-04	2.835941e-04
	2.665377e-04	2.454379e-04	2.210604e-04	1.942914e-04	1.661660e-04
	1.378189e-04	1.103517e-04	8.476751e-05	6.201795e-05	4.297488e-05
	2.814072e-05	1.737689e-05	1.003436e-05	5.316455e-06	2.511816e-06
	1.025606e-06	3.548635e-07	1.048933e-07	2.706428e-08	6.085550e-09
	1.171940e-09	1.940570e-10	2.861044e-11	3.932346e-12	5.202848e-13
	6.679154e-14	8.245121e-15	9.601828e-16	1.020725e-16	9.374246e-18
	6.842952e-19	3.548621e-20	1.143492e-21	2.001207e-23	1.735614e-25
	7.700424e-28	2.975274e-30	8.470038e-32	5.574627e-33	3.422239e-34
	1.904249e-35	9.592095e-37	4.460935e-38	2.756146e-39	1.171899e-41
	1.000000e-60	1.000000e-60	1.000000e-60	1.000000e-60	1.000000e-60
	1.582229e-43	1.000000e-60	6.706597e-45	1.000000e-60	2.196119e-47
	1.000000e-60
massfraction-C2H3
	1.000000e-60	1.866749e-18	4.156767e-18	6.913352e-18	1.018899e-17
	1.412390e-17	1.903563e-17	2.552938e-17	3.469554e-17	4.850155e-17
	7.060201e-17	1.080574e-16	1.750855e-16	3.014942e-16	5.521681e-16
	1.073158e-15	2.202655e-15	4.741231e-15	1.061268e-14	2.447469e-14
	5.760224e-14	1.370823e-13	3.270429e-13	7.761317e-13	1.819671e-12
	4.189538e-12	9.422070e-12	2.060125e-11	4.361952e-11	8.915198e-11
	1.754472e-10	3.312785e-10	5.964931e-10	1.018824e-09	1.652973e-09
	2.565515e-09	3.832359e-09	5.520328e-09	7.674015e-09	1.032866e-08
	1.353261e-08	1.735225e-08	2.185445e-08	2.707878e-08	3.302374e-08
	3.966091e-08	4.696275e-08	5.502196e-08	6.429369e-08	7.599090e-08
	9.259007e-08	1.185680e-07	1.615994e-07	2.339976e-07	3.533207e-07
	5.410401e-07	8.194552e-07	1.208678e-06	1.725645e-06	2.385656e-06
	3.204758e-06	4.198952e-06	5.381065e-06	6.757187e-06	8.322840e-06
	1.006182e-05	1.194873e-05	1.394490e-05	1.598183e-05	1.795103e-05
	1.972064e-05	2.116561e-05	2.218851e-05	2.273627e-05	2.280814e-05
	2.243980e-05	2.167894e-05	2.057532e-05	1.918628e-05	1.758308e-05
	1.584761e-05	1.406065e-05	1.229188e-05	1.059787e-05	9.023790e-06
	7.602252e-06	6.349446e-06	5.265455e-06	4.340447e-06	3.560125e-06
	2.906810e-06	2.359926e-06	1.898707e-06	1.506078e-06	1.171189e-06
	8.884162e-07	6.538947e-07	4.632408e-07	3.119659e-07	1.966475e-07
	1.143929e-07	6.101020e-08	2.995033e-08	1.361504e-08	5.739203e-09
	2.253064e-09	8.399254e-10	3.082078e-10	1.157478e-10	4.571954e-11
	1.921730e-11	8.607268e-12	4.084945e-12	2.025988e-12	1.024433e-12
	5.090885e-13	2.377722e-13	1.006235e-13	3.839386e-14	1.356956e-14
	4.599148e-15	1.547848e-15	5.371923e-16	1.971623e-16	7.603553e-17
	2.976678e-17	1.143874e-17	4.283148e-18	1.588539e-18	5.942196e-19
	2.252587e-19	8.596011e-20	3.260785e-20	1.211968e-20	4.350743e-21
	1.484464e-21	4.706342e-22	1.329374e-22	3.029812e-23	4.018231e-24
	1.000000e-60
massfraction-C2H4
	1.000000e-60	5.940754e-06	1.445854e-05	2.629420e-05	4.223980e-05
	6.316971e-05	9.000920e-05	1.236794e-04	1.650642e-04	2.149819e-04
	2.741645e-04	3.432446e-04	4.227495e-04	5.131008e-04	6.146191e-04
	7.275310e-04	8.519788e-04	9.880300e-04	1.135687e-03	1.294899e-03
	1.465566e-03	1.647555e-03	1.840703e-03	2.044831e-03	2.259758e-03
	2.485331e-03	2.721471e-03	2.968276e-03	3.226173e-03	3.496015e-03
	3.778977e-03	4.075554e-03	4.383936e-03	4.700749e-03	5.024668e-03
	5.357788e-03	5.702171e-03	6.056400e-03	6.416902e-03	6.781821e-03
	7.152627e-03	7.532784e-03	7.925691e-03	8.333502e-03	8.757646e-03
	9.200399e-03	9.662636e-03	1.014543e-02	1.064716e-02	1.116385e-02
	1.168935e-02	1.221351e-02	1.271773e-02	1.317224e-02	1.354216e-02
	1.379944e-02	1.392997e-02	1.393293e-02	1.381628e-02	1.359178e-02
	1.327108e-02	1.286454e-02	1.238151e-02	1.183063e-02	1.122000e-02
	1.055649e-02	9.844178e-03	9.085324e-03	8.286172e-03	7.461657e-03
	6.633183e-03	5.822880e-03	5.051745e-03	4.337944e-03	3.691876e-03
	3.114441e-03	2.600938e-03	2.146340e-03	1.747797e-03	1.403882e-03
	1.112683e-03	8.705587e-04	6.723860e-04	5.125672e-04	3.857177e-04
	2.867292e-04	2.106496e-04	1.528633e-04	1.094343e-04	7.719792e-05
	5.359956e-05	3.655575e-05	2.441702e-05	1.593707e-05	1.017973e-05
	6.397043e-06	3.972915e-06	2.435231e-06	1.461313e-06	8.485371e-07
	4.712345e-07	2.477156e-07	1.220101e-07	5.559599e-08	2.319632e-08
	8.891934e-09	3.209224e-09	1.136320e-09	4.116294e-10	1.569202e-10
	6.372085e-11	2.764438e-11	1.280046e-11	6.300203e-12	3.274299e-12
	1.785451e-12	1.019218e-12	6.114125e-13	3.877671e-13	2.600769e-13
	1.830780e-13	1.337142e-13	9.996900e-14	7.527858e-14	5.605656e-14
	4.056695e-14	2.818365e-14	1.874452e-14	1.203204e-14	7.547960e-15
	4.665935e-15	2.848838e-15	1.714614e-15	1.013126e-15	5.848839e-16
	3.279014e-16	1.768066e-16	8.991474e-17	4.108760e-17	1.432923e-17
	1.000000e-60
massfraction-C2H5
	1.000000e-60	5.972453e-11	1.469446e-10	2.702971e-10	4.392987e-10
	6.646793e-10	9.580565e-10	1.331320e-09	1.796219e-09	2.363984e-09
	3.045032e-09	3.848745e-09	4.783355e-09	5.855892e-09	7.072210e-09
	8.437061e-09	9.954207e-09	1.162657e-08	1.345638e-08	1.544539e-08
	1.759506e-08	1.990680e-08	2.238225e-08	2.502356e-08	2.783385e-08
	3.081777e-08	3.398237e-08	3.733881e-08	4.090481e-08	4.470644e-08
	4.877724e-08	5.314349e-08	5.779696e-08	6.269943e-08	6.783349e-08
	7.322430e-08	7.888099e-08	8.472886e-08	9.061993e-08	9.639268e-08
	1.018905e-07	1.069194e-07	1.111922e-07	1.143098e-07	1.158103e-07
	1.152933e-07	1.126077e-07	1.082238e-07	1.035365e-07	1.008522e-07
	1.028868e-07	1.123672e-07	1.324015e-07	1.672326e-07	2.224125e-07
	3.042109e-07	4.186872e-07	5.708721e-07	7.644078e-07	1.001754e-06
	1.284485e-06	1.612485e-06	1.982625e-06	2.387740e-06	2.816027e-06
	3.251607e-06	3.675989e-06	4.067758e-06	4.400736e-06	4.646306e-06
	4.781323e-06	4.794997e-06	4.690881e-06	4.485718e-06	4.203898e-06
	3.869392e-06	3.501390e-06	3.115246e-06	2.725051e-06	2.344399e-06
	1.985087e-06	1.655417e-06	1.359867e-06	1.100160e-06	8.764108e-07
	6.874596e-07	5.307583e-07	4.027183e-07	2.995615e-07	2.178379e-07
	1.543598e-07	1.060938e-07	7.028008e-08	4.457578e-08	2.697832e-08
	1.559786e-08	8.627375e-09	4.546236e-09	2.258796e-09	1.050087e-09
	4.625530e-10	2.023084e-10	9.228067e-11	4.322737e-11	1.963446e-11
	8.406078e-12	3.445648e-12	1.408397e-12	5.986558e-13	2.718745e-13
	1.332130e-13	7.032153e-14	3.963735e-14	2.345900e-14	1.421327e-14
	8.530288e-15	4.889883e-15	2.593895e-15	1.251078e-15	5.484824e-16
	2.209492e-16	8.158865e-17	2.707313e-17	8.049086e-18	2.212438e-18
	5.973890e-19	1.666753e-19	4.894433e-20	1.523839e-20	5.034605e-21
	1.745993e-21	6.244028e-22	2.260067e-22	8.148161e-23	2.892520e-23
	1.003590e-23	3.388857e-24	1.108974e-24	3.456302e-25	9.163848e-26
	1.000000e-60
massfraction-C3H4
	1.000000e-60	2.732644e-08	6.986269e-08	1.338248e-07	2.267241e-07
	3.576405e-07	5.371357e-07	7.769086e-07	1.089472e-06	1.487784e-06
	1.984877e-06	2.593509e-06	3.325867e-06	4.193335e-06	5.206316e-06
	6.374122e-06	7.704912e-06	9.205672e-06	1.088223e-05	1.273930e-05
	1.478052e-05	1.700855e-05	1.942517e-05	2.203138e-05	2.482767e-05
	2.781439e-05	3.099243e-05	3.436479e-05	3.793881e-05	4.172786e-05
	4.575014e-05	5.001442e-05	5.449561e-05	5.914414e-05	6.393884e-05
	6.890905e-05	7.408433e-05	7.944205e-05	8.492587e-05	9.050449e-05
	9.619734e-05	1.020550e-04	1.081278e-04	1.144471e-04	1.210332e-04
	1.279187e-04	1.351178e-04	1.426466e-04	1.504844e-04	1.585819e-04
	1.668724e-04	1.752574e-04	1.835560e-04	1.914754e-04	1.986855e-04
	2.049553e-04	2.102125e-04	2.145138e-04	2.179880e-04	2.207891e-04
	2.230675e-04	2.249516e-04	2.265469e-04	2.279398e-04	2.292017e-04
	2.303926e-04	2.315653e-04	2.327651e-04	2.340226e-04	2.353447e-04
	2.367115e-04	2.380761e-04	2.393636e-04	2.404732e-04	2.412941e-04
	2.417136e-04	2.416067e-04	2.408199e-04	2.391710e-04	2.364673e-04
	2.325316e-04	2.272167e-04	2.204077e-04	2.120324e-04	2.020896e-04
	1.906713e-04	1.779419e-04	1.640936e-04	1.493440e-04	1.339667e-04
	1.182799e-04	1.025974e-04	8.721601e-05	7.247535e-05	5.880964e-05
	4.664533e-05	3.619963e-05	2.742010e-05	2.011224e-05	1.409815e-05
	9.279195e-06	5.615049e-06	3.057786e-06	1.474677e-06	6.280988e-07
	2.399137e-07	8.500839e-08	2.927723e-08	1.025298e-08	3.762264e-09
	1.465218e-09	6.074610e-10	2.677420e-10	1.248531e-10	6.111061e-11
	3.112554e-11	1.640134e-11	8.933950e-12	5.041962e-12	2.950429e-12
	1.787349e-12	1.117170e-12	7.145803e-13	4.602273e-13	2.919453e-13
	1.786660e-13	1.042662e-13	5.816595e-14	3.150185e-14	1.685573e-14
	8.992766e-15	4.787190e-15	2.531785e-15	1.322011e-15	6.773607e-16
	3.383197e-16	1.632192e-16	7.468814e-17	3.095340e-17	9.896702e-18
	1.000000e-60
massfraction-C3H5
	1.000000e-60	1.329624e-09	3.423872e-09	6.608975e-09	1.128540e-08
	1.794348e-08	2.716088e-08	3.958611e-08	5.592206e-08	7.690624e-08
	1.032900e-07	1.358182e-07	1.752119e-07	2.221529e-07	2.772727e-07
	3.411441e-07	4.142762e-07	4.971119e-07	5.900273e-07	6.933329e-07
	8.072757e-07	9.320438e-07	1.067770e-06	1.214542e-06	1.372411e-06
	1.541418e-06	1.721631e-06	1.913233e-06	2.116655e-06	2.332670e-06
	2.562328e-06	2.806143e-06	3.062685e-06	3.329111e-06	3.604196e-06
	3.889608e-06	4.187031e-06	4.495150e-06	4.810698e-06	5.131842e-06
	5.459660e-06	5.797021e-06	6.146758e-06	6.510587e-06	6.889534e-06
	7.285255e-06	7.698181e-06	8.128588e-06	8.574140e-06	9.030023e-06
	9.488905e-06	9.939203e-06	1.036145e-05	1.072813e-05	1.101376e-05
	1.120957e-05	1.132799e-05	1.139393e-05	1.143261e-05	1.146220e-05
	1.149191e-05	1.152333e-05	1.155235e-05	1.157110e-05	1.156967e-05
	1.153764e-05	1.146489e-05	1.134203e-05	1.116190e-05	1.092296e-05
	1.063146e-05	1.030033e-05	9.947000e-06	9.590322e-06	9.245432e-06
	8.920439e-06	8.617345e-06	8.334955e-06	8.070759e-06	7.821094e-06
	7.580711e-06	7.342683e-06	7.099064e-06	6.842064e-06	6.565345e-06
	6.264820e-06	5.938405e-06	5.585231e-06	5.205728e-06	4.802396e-06
	4.379595e-06	3.942303e-06	3.495737e-06	3.047193e-06	2.608352e-06
	2.193303e-06	1.812212e-06	1.467615e-06	1.156903e-06	8.775506e-07
	6.304672e-07	4.206717e-07	2.553207e-07	1.386554e-07	6.708980e-08
	2.928950e-08	1.187742e-08	4.655114e-09	1.831420e-09	7.417856e-10
	3.129004e-10	1.380356e-10	6.376827e-11	3.080924e-11	1.550988e-11
	8.110139e-12	4.416434e-12	2.535690e-12	1.563265e-12	1.043848e-12
	7.445156e-13	5.514655e-13	4.135050e-13	3.076290e-13	2.227410e-13
	1.541036e-13	1.005583e-13	6.177347e-14	3.613836e-14	2.047551e-14
	1.136604e-14	6.206754e-15	3.330317e-15	1.749366e-15	8.958521e-16
	4.450524e-16	2.128332e-16	9.633657e-17	3.945992e-17	1.247449e-17
	1.000000e-60
massfraction-C3H6
	1.000000e-60	4.618492e-08	1.199945e-07	2.338325e-07	4.032193e-07
	6.474574e-07	9.896450e-07	1.456139e-06	2.075969e-06	2.880077e-06
	3.900475e-06	5.169401e-06	6.718525e-06	8.578268e-06	1.077724e-05
	1.334180e-05	1.629580e-05	1.966032e-05	2.345367e-05	2.769129e-05
	3.238587e-05	3.754742e-05	4.318349e-05	4.929946e-05	5.589902e-05
	6.298515e-05	7.056180e-05	7.863755e-05	8.723134e-05	9.637647e-05
	1.061181e-04	1.164784e-04	1.273967e-04	1.387513e-04	1.504887e-04
	1.626785e-04	1.753912e-04	1.885686e-04	2.020687e-04	2.158107e-04
	2.298381e-04	2.442709e-04	2.592276e-04	2.747782e-04	2.909628e-04
	3.078475e-04	3.254454e-04	3.437610e-04	3.626843e-04	3.819909e-04
	4.013269e-04	4.200973e-04	4.372327e-04	4.510511e-04	4.595808e-04
	4.612974e-04	4.557039e-04	4.433825e-04	4.256114e-04	4.038570e-04
	3.794081e-04	3.532832e-04	3.262564e-04	2.988911e-04	2.715886e-04
	2.446052e-04	2.180462e-04	1.919606e-04	1.665464e-04	1.422414e-04
	1.195809e-04	9.900624e-05	8.082662e-05	6.519930e-05	5.205961e-05
	4.114806e-05	3.213650e-05	2.473770e-05	1.873479e-05	1.395305e-05
	1.022529e-05	7.378653e-06	5.244147e-06	3.671039e-06	2.532738e-06
	1.724560e-06	1.160285e-06	7.713094e-07	5.061193e-07	3.274920e-07
	2.086565e-07	1.304525e-07	7.953866e-08	4.693876e-08	2.665255e-08
	1.450859e-08	7.526980e-09	3.665977e-09	1.629625e-09	6.349291e-10
	2.064121e-10	5.325152e-11	1.050417e-11	1.568940e-12	1.827133e-13
	1.778013e-14	1.597127e-15	1.477676e-16	1.546651e-17	1.950238e-18
	3.064980e-19	6.092310e-20	1.529114e-20	4.756769e-21	1.777630e-21
	7.716787e-22	3.806334e-22	2.140419e-22	1.413325e-22	1.095861e-22
	9.261458e-23	7.871940e-23	6.517359e-23	5.221328e-23	4.019789e-23
	2.939939e-23	2.020286e-23	1.299441e-23	7.880299e-24	4.568075e-24
	2.560680e-24	1.397122e-24	7.433665e-25	3.853367e-25	1.941753e-25
	9.477943e-26	4.450970e-26	1.978919e-26	7.969913e-27	2.481795e-27
	1.000000e-60
massfraction-N-C3H7
	1.000000e-60	3.954688e-12	1.028932e-11	2.008096e-11	3.468128e-11
	5.577547e-11	8.538502e-11	1.258224e-10	1.796408e-10	2.495681e-10
	3.384334e-10	4.490920e-10	5.843554e-10	7.469300e-10	9.393664e-10
	1.164021e-09	1.423027e-09	1.718276e-09	2.051409e-09	2.423810e-09
	2.836606e-09	3.290662e-09	3.786576e-09	4.324656e-09	4.904851e-09
	5.526624e-09	6.188651e-09	6.888242e-09	7.620073e-09	8.373141e-09
	9.124323e-09	9.825595e-09	1.038910e-08	1.068891e-08	1.058741e-08
	9.977153e-09	8.857616e-09	7.428497e-09	6.028495e-09	4.893870e-09
	4.050989e-09	3.427109e-09	2.955320e-09	2.594440e-09	2.319088e-09
	2.112235e-09	1.961598e-09	1.859588e-09	1.802594e-09	1.790487e-09
	1.826470e-09	1.917452e-09	2.073645e-09	2.305603e-09	2.618895e-09
	3.010056e-09	3.466540e-09	3.970104e-09	4.501303e-09	5.042721e-09
	5.579282e-09	6.095324e-09	6.572028e-09	6.986890e-09	7.314954e-09
	7.531549e-09	7.614577e-09	7.545154e-09	7.310741e-09	6.913204e-09
	6.374271e-09	5.732034e-09	5.033956e-09	4.328519e-09	3.654104e-09
	3.032912e-09	2.474204e-09	1.981338e-09	1.556028e-09	1.198520e-09
	9.062553e-10	6.734038e-10	4.919794e-10	3.534917e-10	2.499627e-10
	1.741812e-10	1.197314e-10	8.117437e-11	5.422108e-11	3.564353e-11
	2.302767e-11	1.457744e-11	8.995760e-12	5.379838e-12	3.106053e-12
	1.728384e-12	9.229120e-13	4.665023e-13	2.174240e-13	8.995533e-14
	3.153177e-14	8.917381e-15	1.958110e-15	3.296784e-16	4.365832e-17
	4.845869e-18	4.939445e-19	5.114171e-20	5.866784e-21	7.908518e-22
	1.296557e-22	2.645028e-23	6.828765e-24	2.246792e-24	9.349240e-25
	4.829963e-25	3.089410e-25	2.449472e-25	2.506990e-25	3.321138e-25
	5.276562e-25	8.740574e-25	1.088004e-24	9.747427e-25	7.490976e-25
	5.270996e-25	3.440018e-25	2.095817e-25	1.210103e-25	6.747787e-26
	3.680317e-26	1.972565e-26	1.038029e-26	5.344329e-27	2.681208e-27
	1.304583e-27	6.110759e-28	2.710722e-28	1.089483e-28	3.386464e-29
	1.000000e-60
massfraction-I-C3H7
	1.000000e-60	8.619438e-11	2.242611e-10	4.376767e-10	7.559048e-10
	1.215682e-09	1.861082e-09	2.742531e-09	3.915721e-09	5.440175e-09
	7.377663e-09	9.790578e-09	1.274044e-08	1.628657e-08	2.048508e-08
	2.538804e-08	3.104297e-08	3.749261e-08	4.477483e-08	5.292284e-08
	6.196555e-08	7.192813e-08	8.283276e-08	9.469966e-08	1.075485e-07
	1.214003e-07	1.362811e-07	1.522274e-07	1.692954e-07	1.875620e-07
	2.071066e-07	2.279114e-07	2.496864e-07	2.718350e-07	2.936097e-07
	3.140373e-07	3.314126e-07	3.429173e-07	3.449918e-07	3.342962e-07
	3.088426e-07	2.694573e-07	2.213138e-07	1.733842e-07	1.337946e-07
	1.049975e-07	8.478226e-08	7.037818e-08	6.001720e-08	5.266171e-08
	4.765763e-08	4.459699e-08	4.325061e-08	4.348075e-08	4.512787e-08
	4.794278e-08	5.160264e-08	5.577009e-08	6.014617e-08	6.449283e-08
	6.861985e-08	7.234641e-08	7.547323e-08	7.777991e-08	7.904244e-08
	7.906156e-08	7.768098e-08	7.479538e-08	7.039272e-08	6.462831e-08
	5.784254e-08	5.048837e-08	4.304899e-08	3.595832e-08	2.950953e-08
	2.382600e-08	1.891559e-08	1.474379e-08	1.127064e-08	8.450348e-09
	6.220537e-09	4.500583e-09	3.201893e-09	2.240341e-09	1.542567e-09
	1.046410e-09	6.998965e-10	4.613078e-10	2.991474e-10	1.905521e-10
	1.190058e-10	7.263075e-11	4.310029e-11	2.474811e-11	1.373075e-11
	7.374945e-12	3.831647e-12	1.905145e-12	8.852872e-13	3.710800e-13
	1.341698e-13	3.984193e-14	9.324349e-15	1.691930e-15	2.432227e-16
	2.936037e-17	3.239381e-18	3.591408e-19	4.341623e-20	6.033350e-21
	9.888507e-22	1.932486e-22	4.522647e-23	1.267703e-23	4.254336e-24
	1.721402e-24	8.589723e-25	5.467906e-25	4.360464e-25	3.365210e-25
	1.841939e-25	8.346235e-26	3.827656e-26	1.889236e-26	9.919818e-27
	5.387240e-27	2.954328e-27	1.605511e-27	8.527681e-28	4.395228e-28
	2.191951e-28	1.055725e-28	4.895450e-29	2.176840e-29	9.250229e-30
	3.745719e-30	1.440880e-30	5.227489e-31	1.742752e-31	4.703013e-32
	1.000000e-60
massfraction-C3H8
	1.000000e+00	9.991264e-01	9.979737e-01	9.964922e-01	9.946364e-01
	9.923591e-01	9.896148e-01	9.863634e-01	9.825712e-01	9.782115e-01
	9.732641e-01	9.677147e-01	9.615545e-01	9.547792e-01	9.473879e-01
	9.393825e-01	9.307671e-01	9.215475e-01	9.117304e-01	9.013234e-01
	8.903350e-01	8.787737e-01	8.666483e-01	8.539673e-01	8.407384e-01
	8.269668e-01	8.126529e-01	7.977863e-01	7.823367e-01	7.662493e-01
	7.494505e-01	7.319078e-01	7.137242e-01	6.950932e-01	6.760864e-01
	6.565751e-01	6.364335e-01	6.157396e-01	5.946964e-01	5.734064e-01
	5.517781e-01	5.296032e-01	5.066765e-01	4.828632e-01	4.580681e-01
	4.321934e-01	4.050583e-01	3.766138e-01	3.468929e-01	3.160278e-01
	2.842128e-01	2.517603e-01	2.193082e-01	1.879536e-01	1.589804e-01
	1.333226e-01	1.113131e-01	9.279852e-02	7.736569e-02	6.451687e-02
	5.377522e-02	4.475018e-02	3.713938e-02	3.070592e-02	2.526119e-02
	2.064782e-02	1.672769e-02	1.338955e-02	1.056230e-02	8.205696e-03
	6.283720e-03	4.749632e-03	3.550756e-03	2.632892e-03	1.940418e-03
	1.420828e-03	1.030840e-03	7.385445e-04	5.213033e-04	3.623010e-04
	2.480674e-04	1.674392e-04	1.114031e-04	7.303175e-05	4.718003e-05
	3.006086e-05	1.889854e-05	1.170996e-05	7.135433e-06	4.266502e-06
	2.497296e-06	1.425290e-06	7.885625e-07	4.206262e-07	2.160281e-07
	1.071199e-07	5.128300e-08	2.344637e-08	9.982248e-09	3.811305e-09
	1.244934e-09	3.305499e-10	6.837278e-11	1.083386e-11	1.343605e-12
	1.381401e-13	1.279672e-14	1.172812e-15	1.153189e-16	1.281153e-17
	1.646039e-18	2.464061e-19	4.297259e-20	8.674483e-21	2.003766e-21
	5.241398e-22	1.550244e-22	5.247288e-23	2.072488e-23	9.638791e-24
	5.196847e-24	3.132571e-24	2.025739e-24	1.353418e-24	9.038451e-25
	5.871863e-25	3.643714e-25	2.147999e-25	1.213580e-25	6.669002e-26
	3.600437e-26	1.915422e-26	1.002222e-26	5.136477e-27	2.567192e-27
	1.245073e-27	5.815591e-28	2.573406e-28	1.032064e-28	3.202124e-29
	1.000000e-60
V [kg/(s*m^2)]
	1.895322e-01	1.820409e-01	1.746342e-01	1.674117e-01	1.604423e-01
	1.537476e-01	1.473303e-01	1.411882e-01	1.353149e-01	1.297003e-01
	1.243314e-01	1.191935e-01	1.142705e-01	1.095457e-01	1.050025e-01
	1.006246e-01	9.639662e-02	9.230377e-02	8.833251e-02	8.447037e-02
	8.070600e-02	7.702911e-02	7.343042e-02	6.990152e-02	6.643467e-02
	6.302241e-02	5.965702e-02	5.632938e-02	5.302742e-02	4.973570e-02
	4.643731e-02	4.312517e-02	3.981749e-02	3.654545e-02	3.331541e-02
	3.009991e-02	2.687494e-02	2.365038e-02	2.045385e-02	1.729514e-02
	1.415486e-02	1.099838e-02	7.793614e-03	4.519641e-03	1.161176e-03
	-2.301028e-03	-5.888878e-03	-9.618228e-03	-1.349363e-02	-1.751050e-02
	-2.166082e-02	-2.592607e-02	-3.024893e-02	-3.451000e-02	-3.855439e-02
	-4.225696e-02	-4.555923e-02	-4.846221e-02	-5.100268e-02	-5.323339e-02
	-5.520965e-02	-5.697871e-02	-5.857788e-02	-6.003699e-02	-6.138047e-02
	-6.263010e-02	-6.380804e-02	-6.493478e-02	-6.602280e-02	-6.707419e-02
	-6.808570e-02	-6.905455e-02	-6.997794e-02	-7.085255e-02	-7.167887e-02
	-7.246398e-02	-7.321904e-02	-7.395442e-02	-7.467621e-02	-7.538610e-02
	-7.608341e-02	-7.676769e-02	-7.743989e-02	-7.810144e-02	-7.875282e-02
	-7.939350e-02	-8.002369e-02	-8.064568e-02	-8.126289e-02	-8.187829e-02
	-8.249469e-02	-8.311640e-02	-8.374946e-02	-8.439912e-02	-8.506600e-02
	-8.574659e-02	-8.644026e-02	-8.715686e-02	-8.791910e-02	-8.876040e-02
	-8.972329e-02	-9.085849e-02	-9.221995e-02	-9.385437e-02	-9.578437e-02
	-9.799697e-02	-1.004380e-01	-1.030167e-01	-1.056374e-01	-1.082369e-01
	-1.107955e-01	-1.133190e-01	-1.158250e-01	-1.183443e-01	-1.209276e-01
	-1.236463e-01	-1.265859e-01	-1.298321e-01	-1.334486e-01	-1.374491e-01
	-1.417645e-01	-1.462749e-01	-1.509224e-01	-1.557931e-01	-1.611023e-01
	-1.670981e-01	-1.739376e-01	-1.815798e-01	-1.897683e-01	-1.981920e-01
	-2.066608e-01	-2.151194e-01	-2.235940e-01	-2.321371e-01	-2.407915e-01
	-2.495816e-01	-2.585137e-01	-2.675813e-01	-2.767655e-01	-2.860148e-01
	-2.952705e-01
density [kg/m^3]
	1.767629e+00	1.765325e+00	1.762317e+00	1.758391e+00	1.753284e+00
	1.746662e+00	1.738133e+00	1.727259e+00	1.713588e+00	1.696678e+00
	1.676141e+00	1.651678e+00	1.623117e+00	1.590435e+00	1.553771e+00
	1.513421e+00	1.469817e+00	1.423495e+00	1.375055e+00	1.325126e+00
	1.274322e+00	1.223221e+00	1.172336e+00	1.122106e+00	1.072891e+00
	1.024966e+00	9.785222e-01	9.336660e-01	8.904105e-01	8.486913e-01
	8.084076e-01	7.695647e-01	7.324241e-01	6.973182e-01	6.642524e-01
	6.328877e-01	6.029570e-01	5.745168e-01	5.477419e-01	5.226216e-01
	4.989179e-01	4.763197e-01	4.545840e-01	4.335807e-01	4.132383e-01
	3.934583e-01	3.742095e-01	3.554470e-01	3.372214e-01	3.196242e-01
	3.027454e-01	2.866953e-01	2.716838e-01	2.580439e-01	2.460931e-01
	2.359528e-01	2.275209e-01	2.205637e-01	2.148109e-01	2.100089e-01
	2.059432e-01	2.024492e-01	1.994053e-01	1.967196e-01	1.943212e-01
	1.921517e-01	1.901580e-01	1.882953e-01	1.865350e-01	1.848677e-01
	1.832932e-01	1.818110e-01	1.804218e-01	1.791278e-01	1.779261e-01
	1.768054e-01	1.757500e-01	1.747465e-01	1.737890e-01	1.728786e-01
	1.720197e-01	1.712163e-01	1.704710e-01	1.697859e-01	1.691644e-01
	1.686109e-01	1.681286e-01	1.677194e-01	1.673856e-01	1.671307e-01
	1.669600e-01	1.668795e-01	1.668975e-01	1.670246e-01	1.672709e-01
	1.676408e-01	1.681343e-01	1.687560e-01	1.695254e-01	1.704810e-01
	1.716820e-01	1.732076e-01	1.751548e-01	1.776336e-01	1.807574e-01
	1.846334e-01	1.893390e-01	1.948870e-01	2.012313e-01	2.083286e-01
	2.161946e-01	2.249023e-01	2.345719e-01	2.454059e-01	2.577575e-01
	2.721979e-01	2.895560e-01	3.108936e-01	3.373617e-01	3.698710e-01
	4.085241e-01	4.524736e-01	5.008952e-01	5.541746e-01	6.139966e-01
	6.820035e-01	7.576546e-01	8.365616e-01	9.113674e-01	9.757550e-01
	1.027233e+00	1.066400e+00	1.095225e+00	1.115902e+00	1.130382e+00
	1.140282e+00	1.146889e+00	1.151195e+00	1.153936e+00	1.155641e+00
	1.156679e+00
cp [J/m^3K]
	1.677129e+03	1.677351e+03	1.677713e+03	1.678326e+03	1.679350e+03
	1.680999e+03	1.683546e+03	1.687316e+03	1.692675e+03	1.700010e+03
	1.709706e+03	1.722123e+03	1.737571e+03	1.756285e+03	1.778411e+03
	1.803997e+03	1.832985e+03	1.865215e+03	1.900437e+03	1.938318e+03
	1.978459e+03	2.020412e+03	2.063696e+03	2.107808e+03	2.152248e+03
	2.196521e+03	2.240165e+03	2.282757e+03	2.323937e+03	2.363401e+03
	2.400855e+03	2.435888e+03	2.467860e+03	2.496140e+03	2.520459e+03
	2.540837e+03	2.557204e+03	2.569317e+03	2.577004e+03	2.580300e+03
	2.579309e+03	2.574037e+03	2.564346e+03	2.550012e+03	2.530757e+03
	2.506335e+03	2.472834e+03	2.431455e+03	2.384276e+03	2.331152e+03
	2.272138e+03	2.207639e+03	2.138932e+03	2.068650e+03	2.000342e+03
	1.937123e+03	1.880760e+03	1.831681e+03	1.789443e+03	1.753175e+03
	1.721901e+03	1.694766e+03	1.671082e+03	1.650296e+03	1.631959e+03
	1.615681e+03	1.601101e+03	1.587910e+03	1.575926e+03	1.565085e+03
	1.555364e+03	1.546713e+03	1.539063e+03	1.532338e+03	1.526427e+03
	1.521186e+03	1.516462e+03	1.512135e+03	1.508122e+03	1.504376e+03
	1.500865e+03	1.497560e+03	1.494431e+03	1.491447e+03	1.488590e+03
	1.485847e+03	1.483206e+03	1.480650e+03	1.478160e+03	1.475721e+03
	1.473320e+03	1.470938e+03	1.468551e+03	1.466136e+03	1.463686e+03
	1.461205e+03	1.458683e+03	1.456067e+03	1.453258e+03	1.450105e+03
	1.446412e+03	1.441927e+03	1.436354e+03	1.429392e+03	1.420817e+03
	1.410554e+03	1.398728e+03	1.385685e+03	1.371867e+03	1.357623e+03
	1.343108e+03	1.328350e+03	1.313314e+03	1.297884e+03	1.281821e+03
	1.264766e+03	1.246302e+03	1.226102e+03	1.204125e+03	1.178892e+03
	1.150684e+03	1.123895e+03	1.100790e+03	1.081523e+03	1.065406e+03
	1.051876e+03	1.040721e+03	1.031888e+03	1.025239e+03	1.020439e+03
	1.017051e+03	1.014682e+03	1.013030e+03	1.011882e+03	1.011091e+03
	1.010553e+03	1.010192e+03	1.009953e+03	1.009797e+03	1.009697e+03
	1.009633e+03
lambda [W/m]
	1.571348e-02	1.574934e-02	1.579401e-02	1.585029e-02	1.592192e-02
	1.601388e-02	1.613244e-02	1.628504e-02	1.648010e-02	1.672684e-02
	1.703501e-02	1.741448e-02	1.787500e-02	1.842577e-02	1.907521e-02
	1.983068e-02	2.069826e-02	2.168262e-02	2.278695e-02	2.401284e-02
	2.536037e-02	2.682815e-02	2.841339e-02	3.011210e-02	3.191933e-02
	3.382950e-02	3.583698e-02	3.793705e-02	4.012735e-02	4.240860e-02
	4.478368e-02	4.724914e-02	4.978221e-02	5.234828e-02	5.493088e-02
	5.754130e-02	6.018988e-02	6.286027e-02	6.552175e-02	6.815870e-02
	7.078040e-02	7.340932e-02	7.606560e-02	7.875923e-02	8.149394e-02
	8.427387e-02	8.702877e-02	8.979347e-02	9.261449e-02	9.547341e-02
	9.834908e-02	1.012141e-01	1.040186e-01	1.066820e-01	1.091160e-01
	1.112643e-01	1.131168e-01	1.146973e-01	1.160450e-01	1.172024e-01
	1.182090e-01	1.190965e-01	1.198891e-01	1.206057e-01	1.212614e-01
	1.218693e-01	1.224418e-01	1.229905e-01	1.235226e-01	1.240400e-01
	1.245414e-01	1.250255e-01	1.254900e-01	1.259319e-01	1.263499e-01
	1.267456e-01	1.271228e-01	1.274843e-01	1.278307e-01	1.281598e-01
	1.284684e-01	1.287531e-01	1.290113e-01	1.292405e-01	1.294376e-01
	1.295994e-01	1.297232e-01	1.298066e-01	1.298469e-01	1.298406e-01
	1.297836e-01	1.296710e-01	1.294962e-01	1.292519e-01	1.289321e-01
	1.285360e-01	1.280647e-01	1.275139e-01	1.268677e-01	1.260967e-01
	1.251584e-01	1.239985e-01	1.225557e-01	1.207702e-01	1.185991e-01
	1.160291e-01	1.130910e-01	1.098677e-01	1.064683e-01	1.029804e-01
	9.944679e-02	9.587994e-02	9.227752e-02	8.861852e-02	8.485476e-02
	8.091326e-02	7.671423e-02	7.220484e-02	6.740258e-02	6.235300e-02
	5.727491e-02	5.254368e-02	4.831928e-02	4.454828e-02	4.110013e-02
	3.789793e-02	3.497245e-02	3.243373e-02	3.038423e-02	2.883565e-02
	2.771457e-02	2.692130e-02	2.636689e-02	2.598326e-02	2.572109e-02
	2.554466e-02	2.542804e-02	2.535239e-02	2.530424e-02	2.527421e-02
	2.525581e-02
mu [kg/s^2m]
	8.255382e-06	8.263941e-06	8.275941e-06	8.292533e-06	8.315120e-06
	8.345463e-06	8.385682e-06	8.438216e-06	8.505760e-06	8.591194e-06
	8.697475e-06	8.827520e-06	8.984088e-06	9.169663e-06	9.386364e-06
	9.635872e-06	9.919399e-06	1.023767e-05	1.059097e-05	1.097915e-05
	1.140173e-05	1.185796e-05	1.234688e-05	1.286746e-05	1.341863e-05
	1.399947e-05	1.460929e-05	1.524799e-05	1.591645e-05	1.661680e-05
	1.735218e-05	1.812413e-05	1.892836e-05	1.975665e-05	2.060620e-05
	2.148334e-05	2.239451e-05	2.333717e-05	2.430305e-05	2.528836e-05
	2.629836e-05	2.734407e-05	2.843692e-05	2.958556e-05	3.079734e-05
	3.208161e-05	3.344954e-05	3.491065e-05	3.646949e-05	3.812592e-05
	3.987703e-05	4.171357e-05	4.360694e-05	4.549777e-05	4.730772e-05
	4.897110e-05	5.045436e-05	5.175405e-05	5.288549e-05	5.387269e-05
	5.474139e-05	5.551384e-05	5.620776e-05	5.683743e-05	5.741454e-05
	5.794947e-05	5.845255e-05	5.893325e-05	5.939753e-05	5.984681e-05
	6.028006e-05	6.069622e-05	6.109395e-05	6.147142e-05	6.182826e-05
	6.216678e-05	6.249102e-05	6.280448e-05	6.310869e-05	6.340309e-05
	6.368605e-05	6.395600e-05	6.421192e-05	6.445290e-05	6.467766e-05
	6.488462e-05	6.507251e-05	6.524070e-05	6.538865e-05	6.551540e-05
	6.561969e-05	6.570018e-05	6.575521e-05	6.578249e-05	6.577957e-05
	6.574516e-05	6.567957e-05	6.558281e-05	6.545223e-05	6.528118e-05
	6.505871e-05	6.476957e-05	6.439483e-05	6.391309e-05	6.330322e-05
	6.254812e-05	6.164135e-05	6.059457e-05	5.943425e-05	5.818710e-05
	5.686886e-05	5.548604e-05	5.403952e-05	5.252184e-05	5.091232e-05
	4.917641e-05	4.727226e-05	4.516577e-05	4.285283e-05	4.038118e-05
	3.786108e-05	3.542368e-05	3.314262e-05	3.100734e-05	2.896717e-05
	2.699739e-05	2.513777e-05	2.348152e-05	2.211872e-05	2.107549e-05
	2.031385e-05	1.977212e-05	1.939241e-05	1.912935e-05	1.894960e-05
	1.882882e-05	1.874919e-05	1.869775e-05	1.866521e-05	1.864510e-05
	1.863292e-05
mDot_C3H8 [kg/m^3s]
	0.000000e+00	-8.532261e-13	-1.845653e-12	-3.021612e-12	-4.447615e-12
	-6.261323e-12	-8.712963e-12	-1.221998e-11	-1.746622e-11	-2.558820e-11
	-3.852504e-11	-5.967780e-11	-9.516666e-11	-1.562690e-10	-2.642357e-10
	-4.599834e-10	-8.239552e-10	-1.517490e-09	-2.870170e-09	-5.565887e-09
	-1.104030e-08	-2.232579e-08	-4.582527e-08	-9.496135e-08	-1.974867e-07
	-4.096905e-07	-8.431638e-07	-1.714042e-06	-3.432577e-06	-6.765321e-06
	-1.312507e-05	-2.503845e-05	-4.673828e-05	-8.486098e-05	-1.498128e-04
	-2.586294e-04	-4.387238e-04	-7.308505e-04	-1.192406e-03	-1.906526e-03
	-3.001687e-03	-4.683213e-03	-7.279551e-03	-1.131274e-02	-1.762350e-02
	-2.760623e-02	-4.361580e-02	-6.963756e-02	-1.124035e-01	-1.833454e-01
	-3.021081e-01	-5.022700e-01	-8.380508e-01	-1.386361e+00	-2.236694e+00
	-3.469943e+00	-5.136672e+00	-7.246239e+00	-9.771125e+00	-1.266145e+01
	-1.585680e+01	-1.928107e+01	-2.283203e+01	-2.637645e+01	-2.975164e+01
	-3.277787e+01	-3.527442e+01	-3.706087e+01	-3.796042e+01	-3.784212e+01
	-3.668094e+01	-3.457768e+01	-3.173900e+01	-2.843605e+01	-2.493472e+01
	-2.143605e+01	-1.806902e+01	-1.491999e+01	-1.205798e+01	-9.537310e+00
	-7.387919e+00	-5.609140e+00	-4.175216e+00	-3.047048e+00	-2.181032e+00
	-1.532588e+00	-1.057875e+00	-7.168129e-01	-4.760128e-01	-3.092435e-01
	-1.961307e-01	-1.210073e-01	-7.223656e-02	-4.150189e-02	-2.290424e-02
	-1.216210e-02	-6.208641e-03	-3.014216e-03	-1.358026e-03	-5.471363e-04
	-1.880060e-04	-5.226815e-05	-1.122943e-05	-1.823950e-06	-2.274803e-07
	-2.295236e-08	-2.029870e-09	-1.727619e-10	-1.538276e-11	-1.513581e-12
	-1.687114e-13	-2.145868e-14	-3.109007e-15	-5.079684e-16	-9.192674e-17
	-1.804544e-17	-3.784043e-18	-8.459807e-19	-2.043439e-19	-5.452816e-20
	-1.644532e-20	-5.669168e-21	-2.201509e-21	-9.230621e-22	-3.956090e-22
	-1.654072e-22	-6.580946e-23	-2.495390e-23	-9.216253e-24	-3.390874e-24
	-1.253383e-24	-4.635773e-25	-1.697065e-25	-6.067548e-26	-2.090104e-26
	-6.831446e-27	-2.072979e-27	-5.605673e-28	-1.224891e-28	-1.559384e-29
	0.000000e+00
ScalarDissRate [1/s]
	2.572576e-05	4.780181e-05	1.377368e-04	3.750924e-04	9.600349e-04
	2.309509e-03	5.231479e-03	1.118294e-02	2.261869e-02	4.341662e-02
	7.934385e-02	1.385077e-01	2.317268e-01	3.727575e-01	5.783278e-01
	8.679482e-01	1.263497e+00	1.788592e+00	2.467789e+00	3.325640e+00
	4.385663e+00	5.669295e+00	7.194847e+00	8.976574e+00	1.102390e+01
	1.334096e+01	1.592660e+01	1.877528e+01	2.187891e+01	2.522803e+01
	2.881020e+01	3.259626e+01	3.651912e+01	4.048614e+01	4.442814e+01
	4.831405e+01	5.210533e+01	5.572202e+01	5.907025e+01	6.208599e+01
	6.473949e+01	6.701035e+01	6.886662e+01	7.026114e+01	7.114427e+01
	7.143902e+01	7.110256e+01	7.007594e+01	6.833775e+01	6.589955e+01
	6.279768e+01	5.911257e+01	5.499576e+01	5.069033e+01	4.648504e+01
	4.261414e+01	3.919904e+01	3.626041e+01	3.375869e+01	3.162882e+01
	2.980210e+01	2.821993e+01	2.683605e+01	2.561389e+01	2.452421e+01
	2.354230e+01	2.264532e+01	2.181366e+01	2.103503e+01	2.030527e+01
	1.962384e+01	1.898970e+01	1.840166e+01	1.785884e+01	1.735812e+01
	1.689280e+01	1.645441e+01	1.603558e+01	1.563185e+01	1.524147e+01
	1.486411e+01	1.449936e+01	1.414615e+01	1.380326e+01	1.347004e+01
	1.314640e+01	1.283194e+01	1.252528e+01	1.222456e+01	1.192825e+01
	1.163499e+01	1.134277e+01	1.104893e+01	1.075133e+01	1.045006e+01
	1.014711e+01	9.843207e+00	9.534653e+00	9.212814e+00	8.865671e+00
	8.479276e+00	8.039197e+00	7.533674e+00	6.958406e+00	6.321990e+00
	5.646842e+00	4.965762e+00	4.314639e+00	3.720665e+00	3.194989e+00
	2.735621e+00	2.335324e+00	1.986057e+00	1.679695e+00	1.408204e+00
	1.164592e+00	9.441756e-01	7.454964e-01	5.701128e-01	4.214380e-01
	3.024565e-01	2.126288e-01	1.472442e-01	9.992156e-02	6.542086e-02
	4.054679e-02	2.347039e-02	1.268335e-02	6.494961e-03	3.215588e-03
	1.558601e-03	7.419831e-04	3.459506e-04	1.571776e-04	6.927464e-05
	2.952608e-05	1.215064e-05	4.825624e-06	1.850519e-06	6.877500e-07
	3.905964e-07
ZBilger
	1.000000e+00	9.992871e-01	9.983326e-01	9.970917e-01	9.955224e-01
	9.935820e-01	9.912289e-01	9.884261e-01	9.851425e-01	9.813529e-01
	9.770383e-01	9.721851e-01	9.667845e-01	9.608320e-01	9.543267e-01
	9.472702e-01	9.396662e-01	9.315202e-01	9.228387e-01	9.136293e-01
	9.039001e-01	8.936597e-01	8.829166e-01	8.716795e-01	8.599559e-01
	8.477514e-01	8.350673e-01	8.218949e-01	8.082083e-01	7.939596e-01
	7.790844e-01	7.635546e-01	7.474621e-01	7.309786e-01	7.141678e-01
	6.969163e-01	6.791132e-01	6.608277e-01	6.422395e-01	6.234393e-01
	6.043462e-01	5.847766e-01	5.645495e-01	5.435464e-01	5.216837e-01
	4.988689e-01	4.749563e-01	4.498960e-01	4.237166e-01	3.965332e-01
	3.685136e-01	3.399263e-01	3.113215e-01	2.836474e-01	2.580112e-01
	2.352125e-01	2.155271e-01	1.988105e-01	1.846973e-01	1.727515e-01
	1.625562e-01	1.537706e-01	1.461321e-01	1.394355e-01	1.335183e-01
	1.282435e-01	1.234856e-01	1.191386e-01	1.151373e-01	1.114580e-01
	1.080930e-01	1.050291e-01	1.022501e-01	9.973951e-02	9.747039e-02
	9.540103e-02	9.348459e-02	9.168208e-02	8.996905e-02	8.833386e-02
	8.677146e-02	8.527705e-02	8.384382e-02	8.246511e-02	8.113726e-02
	7.985949e-02	7.863016e-02	7.744429e-02	7.629562e-02	7.517958e-02
	7.409247e-02	7.302850e-02	7.197950e-02	7.093906e-02	6.990764e-02
	6.889014e-02	6.788472e-02	6.687317e-02	6.581966e-02	6.467483e-02
	6.337778e-02	6.185718e-02	6.003908e-02	5.786413e-02	5.531334e-02
	5.242264e-02	4.928411e-02	4.603272e-02	4.280258e-02	3.968053e-02
	3.669735e-02	3.385363e-02	3.113872e-02	2.853115e-02	2.599605e-02
	2.349048e-02	2.097686e-02	1.844078e-02	1.590636e-02	1.344211e-02
	1.115211e-02	9.126045e-03	7.384278e-03	5.883522e-03	4.566189e-03
	3.404875e-03	2.412757e-03	1.620271e-03	1.038918e-03	6.431088e-04
	3.864323e-04	2.248749e-04	1.255669e-04	6.623053e-05	3.220273e-05
	1.381908e-05	4.732686e-06	8.535918e-07	-3.526551e-07	-3.700227e-07
	0.000000e+00
ScalarDissRateBilger [1/s]
	3.848926e-03	5.348305e-03	9.670144e-03	1.691492e-02	2.855728e-02
	4.657555e-02	7.351750e-02	1.125231e-01	1.673313e-01	2.422604e-01
	3.421684e-01	4.723994e-01	6.387247e-01	8.472821e-01	1.104518e+00
	1.417136e+00	1.792047e+00	2.236326e+00	2.757167e+00	3.361844e+00
	4.057654e+00	4.851875e+00	5.751704e+00	6.764226e+00	7.896389e+00
	9.155084e+00	1.054738e+01	1.208116e+01	1.376635e+01	1.561585e+01
	1.764524e+01	1.986539e+01	2.226838e+01	2.483046e+01	2.754025e+01
	3.041268e+01	3.346159e+01	3.666814e+01	3.999005e+01	4.339658e+01
	4.688453e+01	5.046588e+01	5.414672e+01	5.791341e+01	6.169747e+01
	6.552268e+01	6.936388e+01	7.303171e+01	7.641602e+01	7.934736e+01
	8.163190e+01	8.306001e+01	8.343108e+01	8.262783e+01	8.070325e+01
	7.787772e+01	7.444159e+01	7.065864e+01	6.672203e+01	6.275102e+01
	5.880733e+01	5.492326e+01	5.111961e+01	4.741209e+01	4.381482e+01
	4.033803e+01	3.698260e+01	3.374801e+01	3.065328e+01	2.774327e+01
	2.506871e+01	2.266434e+01	2.054750e+01	1.871939e+01	1.715995e+01
	1.583133e+01	1.469093e+01	1.370272e+01	1.284068e+01	1.208585e+01
	1.142206e+01	1.083316e+01	1.030283e+01	9.815998e+00	9.359955e+00
	8.924407e+00	8.500534e+00	8.080436e+00	7.657993e+00	7.230219e+00
	6.797424e+00	6.362469e+00	5.930849e+00	5.512462e+00	5.122792e+00
	4.778925e+00	4.491856e+00	4.263162e+00	4.088117e+00	3.959639e+00
	3.868368e+00	3.799807e+00	3.732639e+00	3.643212e+00	3.516236e+00
	3.351664e+00	3.160563e+00	2.955885e+00	2.746238e+00	2.535024e+00
	2.322547e+00	2.108559e+00	1.893375e+00	1.677545e+00	1.461393e+00
	1.245443e+00	1.031737e+00	8.252616e-01	6.340430e-01	4.672857e-01
	3.318412e-01	2.289125e-01	1.541012e-01	1.005846e-01	6.250962e-02
	3.614870e-02	1.911432e-02	9.216705e-03	4.115928e-03	1.739613e-03
	7.041687e-04	2.726032e-04	9.974483e-05	3.383799e-05	1.036859e-05
	2.760639e-06	5.964492e-07	8.931278e-08	5.069809e-09	4.111373e-10
	1.812652e-09
ChiAnalytOverChiStoich
	1.000000e-10	1.000000e-10	1.000000e-10	4.642775e-03	1.484813e-02
	2.913890e-02	4.888569e-02	7.575251e-02	1.116829e-01	1.588590e-01
	2.196362e-01	2.964578e-01	3.917575e-01	5.078576e-01	6.468715e-01
	8.106160e-01	1.000538e+00	1.217659e+00	1.462539e+00	1.735262e+00
	2.035429e+00	2.362181e+00	2.714229e+00	3.089898e+00	3.487188e+00
	3.903866e+00	4.337578e+00	4.786061e+00	5.247404e+00	5.720141e+00
	6.202942e+00	6.692820e+00	7.182717e+00	7.663424e+00	8.129403e+00
	8.579899e+00	9.013169e+00	9.422541e+00	9.799533e+00	1.013864e+01
	1.043769e+01	1.069500e+01	1.090695e+01	1.106744e+01	1.116878e+01
	1.120219e+01	1.115760e+01	1.102393e+01	1.079077e+01	1.045033e+01
	9.998805e+00	9.438615e+00	8.784503e+00	8.070305e+00	7.344813e+00
	6.654513e+00	6.029463e+00	5.481383e+00	5.009009e+00	4.604180e+00
	4.256382e+00	3.955926e+00	3.694809e+00	3.466472e+00	3.265522e+00
	3.087303e+00	2.927498e+00	2.782448e+00	2.649869e+00	2.528862e+00
	2.419038e+00	2.319811e+00	2.230499e+00	2.150422e+00	2.078571e+00
	2.013506e+00	1.953660e+00	1.897748e+00	1.844963e+00	1.794910e+00
	1.747398e+00	1.702251e+00	1.659233e+00	1.618119e+00	1.578777e+00
	1.541161e+00	1.505202e+00	1.470733e+00	1.437555e+00	1.405522e+00
	1.374515e+00	1.344359e+00	1.314816e+00	1.285703e+00	1.257031e+00
	1.228935e+00	1.201359e+00	1.173805e+00	1.145316e+00	1.114601e+00
	1.080116e+00	1.040122e+00	9.929358e-01	9.374211e-01	8.736575e-01
	8.032266e-01	7.290645e-01	6.548984e-01	5.840407e-01	5.183663e-01
	4.583224e-01	4.036648e-01	3.539343e-01	3.085175e-01	2.666542e-01
	2.275819e-01	1.907697e-01	1.561384e-01	1.241398e-01	9.561805e-02
	7.148150e-02	5.208910e-02	3.693156e-02	2.502082e-02	1.546084e-02
	7.739542e-03	1.675680e-03	1.000000e-10	1.000000e-10	1.000000e-10
	1.000000e-10	1.000000e-10	1.000000e-10	1.000000e-10	1.000000e-10
	1.000000e-10	1.000000e-10	1.000000e-10	1.000000e-10	1.000000e-10
	1.000000e-10
ChiKWOverChiKWStoich
	6.019111e-11	6.020196e-11	6.021617e-11	2.796564e-03	8.947343e-03
	1.756805e-02	2.949361e-02	4.574287e-02	6.751431e-02	9.616703e-02
	1.331881e-01	1.801490e-01	2.386551e-01	3.102924e-01	3.965742e-01
	4.988926e-01	6.184740e-01	7.563435e-01	9.132950e-01	1.089871e+00
	1.286352e+00	1.502746e+00	1.738802e+00	1.994016e+00	2.267660e+00
	2.558828e+00	2.866508e+00	3.189729e+00	3.527758e+00	3.880206e+00
	4.246830e+00	4.626168e+00	5.013506e+00	5.402099e+00	5.787796e+00
	6.170310e+00	6.548683e+00	6.917644e+00	7.269872e+00	7.600266e+00
	7.906769e+00	8.188100e+00	8.441459e+00	8.661717e+00	8.842072e+00
	8.974735e+00	9.050148e+00	9.057462e+00	8.985112e+00	8.822600e+00
	8.561999e+00	8.199974e+00	7.742990e+00	7.214171e+00	6.652259e+00
	6.098353e+00	5.582587e+00	5.120180e+00	4.714505e+00	4.361810e+00
	4.055223e+00	3.787777e+00	3.553446e+00	3.347118e+00	3.164476e+00
	3.001687e+00	2.855098e+00	2.721557e+00	2.599114e+00	2.487056e+00
	2.385120e+00	2.292835e+00	2.209624e+00	2.134895e+00	2.067735e+00
	2.006815e+00	1.950679e+00	1.898124e+00	1.848390e+00	1.801098e+00
	1.756065e+00	1.713120e+00	1.672036e+00	1.632597e+00	1.594677e+00
	1.558232e+00	1.523200e+00	1.489422e+00	1.456706e+00	1.424906e+00
	1.393905e+00	1.363524e+00	1.333517e+00	1.303687e+00	1.274043e+00
	1.244729e+00	1.215711e+00	1.186497e+00	1.156102e+00	1.123181e+00
	1.086119e+00	1.043109e+00	9.924344e-01	9.329949e-01	8.649999e-01
	7.902465e-01	7.119427e-01	6.340911e-01	5.602011e-01	4.922215e-01
	4.305805e-01	3.749774e-01	3.248895e-01	2.796443e-01	2.384391e-01
	2.004964e-01	1.652961e-01	1.327729e-01	1.033560e-01	7.778280e-02
	5.674723e-02	4.035842e-02	2.795133e-02	1.851432e-02	1.119010e-02
	5.480474e-03	1.161802e-03	6.801898e-11	6.694104e-11	6.611887e-11
	6.552064e-11	6.509626e-11	6.479934e-11	6.459386e-11	6.445351e-11
	6.435918e-11	6.429695e-11	6.425669e-11	6.423118e-11	6.421537e-11
	6.420577e-11
ChiKWFact
	6.019111e-01	6.020196e-01	6.021617e-01	6.023476e-01	6.025905e-01
	6.029072e-01	6.033179e-01	6.038462e-01	6.045181e-01	6.053611e-01
	6.064032e-01	6.076715e-01	6.091910e-01	6.109830e-01	6.130649e-01
	6.154487e-01	6.181416e-01	6.211457e-01	6.244584e-01	6.280732e-01
	6.319807e-01	6.361688e-01	6.406245e-01	6.453338e-01	6.502831e-01
	6.554599e-01	6.608546e-01	6.664622e-01	6.722864e-01	6.783410e-01
	6.846477e-01	6.912135e-01	6.979957e-01	7.049198e-01	7.119583e-01
	7.191589e-01	7.265683e-01	7.341591e-01	7.418591e-01	7.496340e-01
	7.575212e-01	7.656007e-01	7.739521e-01	7.826302e-01	7.916776e-01
	8.011592e-01	8.111194e-01	8.216181e-01	8.326663e-01	8.442413e-01
	8.563022e-01	8.687687e-01	8.814374e-01	8.939155e-01	9.057084e-01
	9.164237e-01	9.258846e-01	9.341038e-01	9.412050e-01	9.473587e-01
	9.527394e-01	9.574944e-01	9.617402e-01	9.655692e-01	9.690567e-01
	9.722685e-01	9.752689e-01	9.781160e-01	9.808462e-01	9.834686e-01
	9.859785e-01	9.883713e-01	9.906412e-01	9.927797e-01	9.947867e-01
	9.966770e-01	9.984743e-01	1.000198e+00	1.001857e+00	1.003448e+00
	1.004960e+00	1.006385e+00	1.007716e+00	1.008947e+00	1.010071e+00
	1.011077e+00	1.011957e+00	1.012708e+00	1.013322e+00	1.013792e+00
	1.014107e+00	1.014256e+00	1.014223e+00	1.013988e+00	1.013533e+00
	1.012852e+00	1.011947e+00	1.010813e+00	1.009417e+00	1.007698e+00
	1.005558e+00	1.002872e+00	9.994950e-01	9.952783e-01	9.900904e-01
	9.838401e-01	9.765155e-01	9.682282e-01	9.591815e-01	9.495631e-01
	9.394707e-01	9.289326e-01	9.179374e-01	9.064130e-01	8.941883e-01
	8.809859e-01	8.664694e-01	8.503543e-01	8.325778e-01	8.134740e-01
	7.938730e-01	7.747958e-01	7.568412e-01	7.399565e-01	7.237700e-01
	7.081135e-01	6.933317e-01	6.801898e-01	6.694104e-01	6.611887e-01
	6.552064e-01	6.509626e-01	6.479934e-01	6.459386e-01	6.445351e-01
	6.435918e-01	6.429695e-01	6.425669e-01	6.423118e-01	6.421537e-01
	6.420577e-01
MolarMass [kg/kmole]
	4.409000e+01	4.404426e+01	4.398912e+01	4.392358e+01	4.384679e+01
	4.375782e+01	4.365577e+01	4.353998e+01	4.340996e+01	4.326549e+01
	4.310652e+01	4.293320e+01	4.274583e+01	4.254484e+01	4.233074e+01
	4.210413e+01	4.186565e+01	4.161597e+01	4.135577e+01	4.108575e+01
	4.080660e+01	4.051902e+01	4.022366e+01	3.992116e+01	3.961213e+01
	3.929710e+01	3.897646e+01	3.865039e+01	3.831862e+01	3.798046e+01
	3.763488e+01	3.728183e+01	3.692390e+01	3.656523e+01	3.620735e+01
	3.584802e+01	3.548525e+01	3.512079e+01	3.475838e+01	3.439977e+01
	3.404341e+01	3.368602e+01	3.332463e+01	3.295765e+01	3.258422e+01
	3.220151e+01	3.181187e+01	3.141336e+01	3.100734e+01	3.059634e+01
	3.018351e+01	2.977314e+01	2.937306e+01	2.899583e+01	2.865504e+01
	2.835932e+01	2.811019e+01	2.790400e+01	2.773471e+01	2.759585e+01
	2.748156e+01	2.738719e+01	2.730922e+01	2.724492e+01	2.719220e+01
	2.714932e+01	2.711485e+01	2.708769e+01	2.706718e+01	2.705293e+01
	2.704447e+01	2.704119e+01	2.704237e+01	2.704717e+01	2.705482e+01
	2.706466e+01	2.707627e+01	2.708940e+01	2.710382e+01	2.711929e+01
	2.713555e+01	2.715239e+01	2.716965e+01	2.718721e+01	2.720499e+01
	2.722288e+01	2.724083e+01	2.725886e+01	2.727706e+01	2.729550e+01
	2.731428e+01	2.733353e+01	2.735347e+01	2.737427e+01	2.739597e+01
	2.741843e+01	2.744157e+01	2.746562e+01	2.749121e+01	2.751926e+01
	2.755081e+01	2.758689e+01	2.762816e+01	2.767455e+01	2.772501e+01
	2.777781e+01	2.783092e+01	2.788249e+01	2.793133e+01	2.797712e+01
	2.802022e+01	2.806118e+01	2.810055e+01	2.813889e+01	2.817691e+01
	2.821545e+01	2.825536e+01	2.829730e+01	2.834147e+01	2.838743e+01
	2.843385e+01	2.847905e+01	2.852217e+01	2.856364e+01	2.860455e+01
	2.864547e+01	2.868561e+01	2.872286e+01	2.875485e+01	2.878045e+01
	2.880003e+01	2.881465e+01	2.882542e+01	2.883330e+01	2.883901e+01
	2.884309e+01	2.884599e+01	2.884801e+01	2.884942e+01	2.885039e+01
	2.885106e+01
TotalEnthalpy [J/kg]
	-2.352410e+06	-2.352120e+06	-2.351719e+06	-2.351167e+06	-2.350406e+06
	-2.349361e+06	-2.347939e+06	-2.346022e+06	-2.343478e+06	-2.340156e+06
	-2.335895e+06	-2.330526e+06	-2.323875e+06	-2.315774e+06	-2.306057e+06
	-2.294572e+06	-2.281177e+06	-2.265747e+06	-2.248173e+06	-2.228366e+06
	-2.206253e+06	-2.181784e+06	-2.154925e+06	-2.125662e+06	-2.093997e+06
	-2.059942e+06	-2.023515e+06	-1.984718e+06	-1.943513e+06	-1.899804e+06
	-1.853451e+06	-1.804436e+06	-1.753148e+06	-1.700259e+06	-1.646118e+06
	-1.590511e+06	-1.533244e+06	-1.474716e+06	-1.415687e+06	-1.356621e+06
	-1.297442e+06	-1.237782e+06	-1.177329e+06	-1.116014e+06	-1.053928e+06
	-9.912063e+05	-9.278768e+05	-8.644522e+05	-8.016004e+05	-7.402294e+05
	-6.813329e+05	-6.260163e+05	-5.756815e+05	-5.319083e+05	-4.957646e+05
	-4.671973e+05	-4.451975e+05	-4.283777e+05	-4.154146e+05	-4.052316e+05
	-3.970231e+05	-3.902254e+05	-3.844538e+05	-3.794431e+05	-3.750089e+05
	-3.710178e+05	-3.673656e+05	-3.639754e+05	-3.608116e+05	-3.578811e+05
	-3.552120e+05	-3.528329e+05	-3.507700e+05	-3.490438e+05	-3.476588e+05
	-3.466034e+05	-3.458638e+05	-3.454361e+05	-3.453269e+05	-3.455455e+05
	-3.460952e+05	-3.469708e+05	-3.481599e+05	-3.496437e+05	-3.513927e+05
	-3.533638e+05	-3.555046e+05	-3.577604e+05	-3.600718e+05	-3.623679e+05
	-3.645652e+05	-3.665719e+05	-3.682836e+05	-3.695704e+05	-3.702764e+05
	-3.702476e+05	-3.693576e+05	-3.674755e+05	-3.643838e+05	-3.596938e+05
	-3.527709e+05	-3.426766e+05	-3.282099e+05	-3.081729e+05	-2.819593e+05
	-2.501744e+05	-2.148708e+05	-1.790873e+05	-1.456795e+05	-1.163528e+05
	-9.163323e+04	-7.140528e+04	-5.529995e+04	-4.284307e+04	-3.355081e+04
	-2.702230e+04	-2.297445e+04	-2.117193e+04	-2.125545e+04	-2.258035e+04
	-2.413551e+04	-2.512600e+04	-2.522520e+04	-2.441768e+04	-2.274632e+04
	-2.024938e+04	-1.706349e+04	-1.352392e+04	-1.009266e+04	-7.124499e+03
	-4.742714e+03	-2.909753e+03	-1.528907e+03	-5.012572e+02	2.555596e+02
	8.065883e+02	1.202509e+03	1.482809e+03	1.678018e+03	1.811315e+03
	1.900584e+03
trailer
Lewis numbers evaluated at maximum consumption
N2	-1
O2	1.00101
@ Z = 0.0762727
H	0.169603
@ Z = 0.100102
OH	0.667963
@ Z = 0.0878536
O	0.653808
@ Z = 0.0821862
H2	0.277333
@ Z = 0.0710393
H2O	-1
HO2	1.00638
@ Z = 0.00689698
H2O2	0.987661
@ Z = 0.0341529
CO	1.0037
@ Z = 0.0631474
CO2	1.29063
@ Z = 0.0936821
CH	0.606967
@ Z = 0.0729725
CHO	1.1488
@ Z = 0.0710393
CH2	0.877074
@ Z = 0.0746913
CH2O	1.16009
@ Z = 0.0729725
CH3	0.915959
@ Z = 0.0807286
CH4	0.923474
@ Z = 0.0984331
C2H6	1.33177
@ Z = 0.111217
C2H	1.18494
@ Z = 0.0762727
C2H2	1.20196
@ Z = 0.083623
CHCO	0.807356
@ Z = 0.0777803
C3H3	1.62876
@ Z = 0.0807286
C2H3	1.21691
@ Z = 0.0907149
C2H4	1.21562
@ Z = 0.103589
C2H5	1.32669
@ Z = 0.0952238
C3H4	1.59009
@ Z = 0.0792591
C3H5	1.63413
@ Z = 0.0762727
C3H6	1.70112
@ Z = 0.111217
N-C3H7	1.71513
@ Z = 0.103589
I-C3H7	1.07534
@ Z = 0.473353
C3H8	1.68062
@ Z = 0.129359
Lewis numbers evaluated at maximum formation
N2	-1
O2	1.01047
@ Z = 0.0120111
H	0.167231
@ Z = 0.0746913
OH	0.659368
@ Z = 0.0688061
O	0.642225
@ Z = 0.0596785
H2	0.278868
@ Z = 0.109212
H2O	0.745272
@ Z = 0.0762727
HO2	0.988765
@ Z = 0.0141903
H2O2	0.987909
@ Z = 0.0237584
CO	1.01873
@ Z = 0.083623
CO2	1.27394
@ Z = 0.0688061
CH	0.611648
@ Z = 0.083623
CHO	1.15679
@ Z = 0.0807286
CH2	0.883912
@ Z = 0.0878536
CH2O	1.16886
@ Z = 0.085039
CH3	0.918173
@ Z = 0.10541
CH4	0.887295
@ Z = 0.136068
C2H6	1.25847
@ Z = 0.14811
C2H	1.19293
@ Z = 0.0907149
C2H2	1.19323
@ Z = 0.113328
CHCO	0.812709
@ Z = 0.0952238
C3H3	1.63502
@ Z = 0.0968076
C2H3	1.21209
@ Z = 0.111217
C2H4	1.16348
@ Z = 0.139743
C2H5	1.31358
@ Z = 0.117992
C3H4	1.59746
@ Z = 0.0952238
C3H5	1.64481
@ Z = 0.0921812
C3H6	1.57173
@ Z = 0.158491
N-C3H7	1.67366
@ Z = 0.129359
I-C3H7	1.01479
@ Z = 0.589078
C3H8	-1
Lewis numbers evaluated at maximum mass fraction
N2	0.921324
@ Z = 5.43169e-06
O2	1.05236
@ Z = 5.43169e-06
H	0.166234
@ Z = 0.0688061
OH	0.654571
@ Z = 0.0596785
O	0.638764
@ Z = 0.0518673
H2	0.269456
@ Z = 0.136068
H2O	0.751561
@ Z = 0.0952238
HO2	0.985674
@ Z = 0.016527
H2O2	0.988908
@ Z = 0.0213449
CO	1.01992
@ Z = 0.10541
CO2	1.28217
@ Z = 0.0762727
CH	0.612056
@ Z = 0.085039
CHO	1.15773
@ Z = 0.0821862
CH2	0.884536
@ Z = 0.0907149
CH2O	1.05419
@ Z = 0.171999
CH3	0.914264
@ Z = 0.113328
CH4	0.789795
@ Z = 0.190541
C2H6	1.09527
@ Z = 0.216985
C2H	1.19318
@ Z = 0.0921812
C2H2	1.12808
@ Z = 0.14811
CHCO	0.789915
@ Z = 0.132622
C3H3	1.63458
@ Z = 0.100102
C2H3	1.21031
@ Z = 0.113328
C2H4	1.04668
@ Z = 0.190541
C2H5	1.30986
@ Z = 0.120579
C3H4	1.59007
@ Z = 0.111217
C3H5	1.54707
@ Z = 0.14811
C3H6	1.39815
@ Z = 0.216985
N-C3H7	0.968427
@ Z = 0.722839
I-C3H7	1.00551
@ Z = 0.611762
C3H8	0.821798
@ Z = 0.999942
