header

title = "planar counterflow diffusion flame"
author = ""
date = "Thu Jul 11 19:48:49 2013"

fuel = "C3H8"
pressure = 1 [bar]
strainrate = 130 [1/s]
chiStoichAnal = 3.68287 [1/s]
chiStoichAnalKW = 5.74132 [1/s]
FlameLocZ = 0.0832132 [K]
FlameLocBilger = 0.0717103 [K]
Tmax = 1977.1 [K]
stoichScalarDissRate = 5.98793 [1/s]
stoichScalarDissRateBilger = 3.47504 [1/s]

OxidizerSide
begin
	Temperature = 300 [K]
	Massfraction-N2 = 0.76708
	Massfraction-O2 = 0.23292
	Molefraction-N2 = 0.79
	Molefraction-O2 = 0.21
end

FuelSide
begin
	Temperature = 300 [K]
	Massfraction-C3H8 = 1
	Molefraction-C3H8 = 1
end

numOfSpecies = 31
gridPoints = 141

body
eta
	0.000000e+00	1.677798e-01	3.336242e-01	4.952976e-01	6.512475e-01
	8.009503e-01	9.442933e-01	1.081263e+00	1.211934e+00	1.336455e+00
	1.455031e+00	1.567909e+00	1.675360e+00	1.777670e+00	1.875129e+00
	1.968023e+00	2.056627e+00	2.141205e+00	2.222006e+00	2.299263e+00
	2.373196e+00	2.444007e+00	2.511888e+00	2.577017e+00	2.639567e+00
	2.699705e+00	2.757605e+00	2.813462e+00	2.867510e+00	2.920042e+00
	2.971381e+00	3.021683e+00	3.070683e+00	3.117930e+00	3.163353e+00
	3.207361e+00	3.250333e+00	3.292244e+00	3.332857e+00	3.372124e+00
	3.410313e+00	3.447865e+00	3.485171e+00	3.522470e+00	3.559920e+00
	3.597706e+00	3.636025e+00	3.675007e+00	3.714673e+00	3.754961e+00
	3.795782e+00	3.836984e+00	3.878120e+00	3.918220e+00	3.955957e+00
	3.990228e+00	4.020540e+00	4.046987e+00	4.070010e+00	4.090162e+00
	4.107967e+00	4.123862e+00	4.138202e+00	4.151269e+00	4.163289e+00
	4.174466e+00	4.184998e+00	4.195059e+00	4.204767e+00	4.214177e+00
	4.223301e+00	4.232099e+00	4.240495e+00	4.248425e+00	4.255896e+00
	4.262988e+00	4.269809e+00	4.276448e+00	4.282953e+00	4.289337e+00
	4.295594e+00	4.301725e+00	4.307750e+00	4.313688e+00	4.319543e+00
	4.325310e+00	4.330998e+00	4.336639e+00	4.342263e+00	4.347889e+00
	4.353534e+00	4.359237e+00	4.365064e+00	4.371071e+00	4.377261e+00
	4.383599e+00	4.390092e+00	4.396853e+00	4.404121e+00	4.412228e+00
	4.421573e+00	4.432563e+00	4.445584e+00	4.461060e+00	4.479407e+00
	4.500758e+00	4.524750e+00	4.550635e+00	4.577545e+00	4.604821e+00
	4.632212e+00	4.659774e+00	4.687720e+00	4.716422e+00	4.746501e+00
	4.778888e+00	4.814780e+00	4.855450e+00	4.901940e+00	4.954722e+00
	5.013334e+00	5.076688e+00	5.144424e+00	5.218181e+00	5.301680e+00
	5.399330e+00	5.513888e+00	5.644366e+00	5.785936e+00	5.932973e+00
	6.082129e+00	6.232392e+00	6.384000e+00	6.537597e+00	6.693705e+00
	6.852583e+00	7.014218e+00	7.178410e+00	7.344765e+00	7.512337e+00
	7.680054e+00
y [m]
	-2.862119e-03	-2.823446e-03	-2.785162e-03	-2.747769e-03	-2.711607e-03
	-2.676778e-03	-2.643286e-03	-2.611106e-03	-2.580189e-03	-2.550466e-03
	-2.521851e-03	-2.494247e-03	-2.467549e-03	-2.441648e-03	-2.416437e-03
	-2.391809e-03	-2.367662e-03	-2.343901e-03	-2.320438e-03	-2.297192e-03
	-2.274090e-03	-2.251065e-03	-2.228058e-03	-2.205015e-03	-2.181886e-03
	-2.158624e-03	-2.135176e-03	-2.111479e-03	-2.087445e-03	-2.062947e-03
	-2.037823e-03	-2.011972e-03	-1.985515e-03	-1.958712e-03	-1.931650e-03
	-1.904126e-03	-1.875918e-03	-1.847042e-03	-1.817684e-03	-1.787920e-03
	-1.757584e-03	-1.726333e-03	-1.693800e-03	-1.659699e-03	-1.623777e-03
	-1.585719e-03	-1.545150e-03	-1.501715e-03	-1.455145e-03	-1.405252e-03
	-1.351884e-03	-1.294998e-03	-1.235027e-03	-1.173388e-03	-1.112408e-03
	-1.054465e-03	-1.001141e-03	-9.530033e-04	-9.098660e-04	-8.711641e-04
	-8.362374e-04	-8.044762e-04	-7.753535e-04	-7.484311e-04	-7.233433e-04
	-6.997392e-04	-6.772526e-04	-6.555511e-04	-6.344092e-04	-6.137247e-04
	-5.934939e-04	-5.738171e-04	-5.548876e-04	-5.368730e-04	-5.197811e-04
	-5.034486e-04	-4.876416e-04	-4.721656e-04	-4.569146e-04	-4.418674e-04
	-4.270445e-04	-4.124495e-04	-3.980443e-04	-3.837863e-04	-3.696738e-04
	-3.557277e-04	-3.419299e-04	-3.282119e-04	-3.145045e-04	-3.007692e-04
	-2.869708e-04	-2.730208e-04	-2.587663e-04	-2.440796e-04	-2.289641e-04
	-2.135160e-04	-1.977353e-04	-1.813575e-04	-1.638294e-04	-1.443794e-04
	-1.221074e-04	-9.612520e-05	-6.565057e-05	-2.988194e-05	1.187963e-05
	5.956828e-05	1.119544e-04	1.669900e-04	2.225031e-04	2.769312e-04
	3.296625e-04	3.807248e-04	4.304186e-04	4.792611e-04	5.280707e-04
	5.779483e-04	6.300685e-04	6.852963e-04	7.437586e-04	8.046074e-04
	8.660381e-04	9.261058e-04	9.841163e-04	1.041170e-03	1.099442e-03
	1.160774e-03	1.225437e-03	1.291869e-03	1.357586e-03	1.420833e-03
	1.481326e-03	1.539673e-03	1.596721e-03	1.653246e-03	1.709812e-03
	1.766774e-03	1.824313e-03	1.882490e-03	1.941256e-03	2.000339e-03
	2.059404e-03
f
	-3.450421e+00	-3.314672e+00	-3.180445e+00	-3.049527e+00	-2.923150e+00
	-2.801706e+00	-2.685250e+00	-2.573749e+00	-2.467091e+00	-2.365100e+00
	-2.267548e+00	-2.174173e+00	-2.084688e+00	-1.998795e+00	-1.916196e+00
	-1.836598e+00	-1.759721e+00	-1.685302e+00	-1.613094e+00	-1.542871e+00
	-1.474429e+00	-1.407580e+00	-1.342156e+00	-1.278004e+00	-1.214983e+00
	-1.152959e+00	-1.091791e+00	-1.031317e+00	-9.713179e-01	-9.114995e-01
	-8.515040e-01	-7.911534e-01	-7.307870e-01	-6.710348e-01	-6.120889e-01
	-5.535075e-01	-4.948455e-01	-4.361923e-01	-3.779580e-01	-3.203134e-01
	-2.629500e-01	-2.052629e-01	-1.466685e-01	-8.678396e-02	-2.533436e-02
	3.801500e-02	1.036420e-01	1.718258e-01	2.426521e-01	3.160422e-01
	3.918427e-01	4.697425e-01	5.488186e-01	6.270337e-01	7.015450e-01
	7.698687e-01	8.307450e-01	8.841486e-01	9.308214e-01	9.717892e-01
	1.008056e+00	1.040477e+00	1.069753e+00	1.096443e+00	1.121000e+00
	1.143833e+00	1.165345e+00	1.185888e+00	1.205698e+00	1.224889e+00
	1.243478e+00	1.261388e+00	1.278463e+00	1.294572e+00	1.309730e+00
	1.324103e+00	1.337910e+00	1.351331e+00	1.364465e+00	1.377335e+00
	1.389931e+00	1.402255e+00	1.414346e+00	1.426244e+00	1.437957e+00
	1.449473e+00	1.460813e+00	1.472038e+00	1.483209e+00	1.494362e+00
	1.505531e+00	1.516791e+00	1.528271e+00	1.540078e+00	1.552215e+00
	1.564611e+00	1.577273e+00	1.590421e+00	1.604507e+00	1.620161e+00
	1.638126e+00	1.659141e+00	1.683875e+00	1.713032e+00	1.747254e+00
	1.786592e+00	1.830171e+00	1.876441e+00	1.923723e+00	1.970800e+00
	2.017219e+00	2.063066e+00	2.108677e+00	2.154613e+00	2.201781e+00
	2.251477e+00	2.305262e+00	2.364635e+00	2.430582e+00	2.503166e+00
	2.581213e+00	2.662910e+00	2.747581e+00	2.837030e+00	2.935298e+00
	3.046829e+00	3.173936e+00	3.314968e+00	3.464704e+00	3.617644e+00
	3.770894e+00	3.923932e+00	4.077389e+00	4.232195e+00	4.389076e+00
	4.548432e+00	4.710348e+00	4.874695e+00	5.041125e+00	5.208724e+00
	5.376441e+00
df/deta
	8.089298e-01	8.090913e-01	8.093574e-01	8.097670e-01	8.103698e-01
	8.112303e-01	8.124287e-01	8.140601e-01	8.162333e-01	8.190676e-01
	8.226888e-01	8.272248e-01	8.328004e-01	8.395328e-01	8.475273e-01
	8.568738e-01	8.676447e-01	8.798930e-01	8.936521e-01	9.089360e-01
	9.257404e-01	9.440441e-01	9.638109e-01	9.849924e-01	1.007531e+00
	1.031363e+00	1.056429e+00	1.082679e+00	1.110096e+00	1.138711e+00
	1.168603e+00	1.199775e+00	1.231953e+00	1.264681e+00	1.297710e+00
	1.331150e+00	1.365132e+00	1.399489e+00	1.433864e+00	1.468034e+00
	1.502064e+00	1.536198e+00	1.570657e+00	1.605530e+00	1.640821e+00
	1.676537e+00	1.712668e+00	1.749099e+00	1.785558e+00	1.821645e+00
	1.856883e+00	1.890700e+00	1.922284e+00	1.950547e+00	1.974475e+00
	1.993642e+00	2.008328e+00	2.019243e+00	2.027199e+00	2.032914e+00
	2.036947e+00	2.039711e+00	2.041506e+00	2.042549e+00	2.042997e+00
	2.042967e+00	2.042536e+00	2.041755e+00	2.040654e+00	2.039257e+00
	2.037590e+00	2.035686e+00	2.033595e+00	2.031374e+00	2.029059e+00
	2.026660e+00	2.024168e+00	2.021567e+00	2.018849e+00	2.016018e+00
	2.013086e+00	2.010061e+00	2.006943e+00	2.003728e+00	2.000419e+00
	1.997028e+00	1.993553e+00	1.989982e+00	1.986298e+00	1.982490e+00
	1.978548e+00	1.974444e+00	1.970128e+00	1.965550e+00	1.960700e+00
	1.955599e+00	1.950237e+00	1.944512e+00	1.938204e+00	1.930988e+00
	1.922449e+00	1.912122e+00	1.899520e+00	1.884076e+00	1.865184e+00
	1.842526e+00	1.816364e+00	1.787512e+00	1.757061e+00	1.725952e+00
	1.694687e+00	1.663409e+00	1.632075e+00	1.600470e+00	1.568147e+00
	1.534423e+00	1.498525e+00	1.459885e+00	1.418499e+00	1.375180e+00
	1.331577e+00	1.289540e+00	1.250024e+00	1.212746e+00	1.176875e+00
	1.142150e+00	1.109545e+00	1.080888e+00	1.057680e+00	1.040146e+00
	1.027451e+00	1.018464e+00	1.012194e+00	1.007875e+00	1.004949e+00
	1.003004e+00	1.001742e+00	1.000943e+00	1.000453e+00	1.000163e+00
	1.000000e+00
Z
	1.000000e+00	9.999423e-01	9.998443e-01	9.996843e-01	9.994332e-01
	9.990528e-01	9.984953e-01	9.977037e-01	9.966131e-01	9.951520e-01
	9.932450e-01	9.908155e-01	9.877876e-01	9.840893e-01	9.796541e-01
	9.744228e-01	9.683444e-01	9.613773e-01	9.534895e-01	9.446587e-01
	9.348722e-01	9.241265e-01	9.124269e-01	8.997864e-01	8.862243e-01
	8.717647e-01	8.564319e-01	8.402442e-01	8.232020e-01	8.052765e-01
	7.864095e-01	7.665904e-01	7.459862e-01	7.248903e-01	7.034672e-01
	6.816519e-01	6.593631e-01	6.367153e-01	6.139515e-01	5.912264e-01
	5.685041e-01	5.456273e-01	5.224471e-01	4.988996e-01	4.749735e-01
	4.506465e-01	4.259046e-01	4.007979e-01	3.754611e-01	3.500950e-01
	3.249274e-01	3.002281e-01	2.764209e-01	2.541637e-01	2.341713e-01
	2.168801e-01	2.023076e-01	1.901630e-01	1.800299e-01	1.714974e-01
	1.642202e-01	1.579288e-01	1.524171e-01	1.475286e-01	1.431427e-01
	1.391581e-01	1.354839e-01	1.320457e-01	1.287932e-01	1.256998e-01
	1.227555e-01	1.199657e-01	1.173480e-01	1.149147e-01	1.126564e-01
	1.105427e-01	1.085369e-01	1.066101e-01	1.047459e-01	1.029394e-01
	1.011908e-01	9.949809e-02	9.785493e-02	9.625465e-02	9.469551e-02
	9.317828e-02	9.169944e-02	9.025040e-02	8.882291e-02	8.741225e-02
	8.601426e-02	8.461965e-02	8.321323e-02	8.178300e-02	8.033008e-02
	7.886426e-02	7.738592e-02	7.587116e-02	7.427123e-02	7.252076e-02
	7.054760e-02	6.828712e-02	6.569165e-02	6.272124e-02	5.935558e-02
	5.564513e-02	5.172950e-02	4.779283e-02	4.400155e-02	4.045541e-02
	3.717766e-02	3.414849e-02	3.133449e-02	2.869498e-02	2.618003e-02
	2.373469e-02	2.131187e-02	1.889026e-02	1.648852e-02	1.416521e-02
	1.200420e-02	1.007330e-02	8.382673e-03	6.889838e-03	5.540974e-03
	4.312771e-03	3.225950e-03	2.321829e-03	1.623441e-03	1.115214e-03
	7.572268e-04	5.085408e-04	3.369466e-04	2.193435e-04	1.395732e-04
	8.622555e-05	5.115548e-05	2.853041e-05	1.422091e-05	5.367230e-06
	0.000000e+00
temperature [K]
	3.000000e+02	3.000792e+02	3.002134e+02	3.004325e+02	3.007762e+02
	3.012961e+02	3.020572e+02	3.031362e+02	3.046201e+02	3.066030e+02
	3.091825e+02	3.124552e+02	3.165124e+02	3.214365e+02	3.272973e+02
	3.341502e+02	3.420353e+02	3.509768e+02	3.609847e+02	3.720558e+02
	3.841763e+02	3.973235e+02	4.114688e+02	4.265798e+02	4.426233e+02
	4.595682e+02	4.773902e+02	4.960804e+02	5.156572e+02	5.361802e+02
	5.577508e+02	5.804251e+02	6.040667e+02	6.284001e+02	6.532991e+02
	6.789071e+02	7.053955e+02	7.327124e+02	7.606465e+02	7.890828e+02
	8.181407e+02	8.481098e+02	8.792980e+02	9.119312e+02	9.461920e+02
	9.823088e+02	1.020560e+03	1.061184e+03	1.104288e+03	1.149848e+03
	1.197772e+03	1.247837e+03	1.299381e+03	1.350960e+03	1.400536e+03
	1.446284e+03	1.487225e+03	1.523263e+03	1.554865e+03	1.582717e+03
	1.607506e+03	1.629824e+03	1.650161e+03	1.668909e+03	1.686390e+03
	1.702897e+03	1.718723e+03	1.734131e+03	1.749306e+03	1.764336e+03
	1.779229e+03	1.793900e+03	1.808175e+03	1.821879e+03	1.834953e+03
	1.847464e+03	1.859537e+03	1.871264e+03	1.882667e+03	1.893696e+03
	1.904273e+03	1.914331e+03	1.923835e+03	1.932750e+03	1.941012e+03
	1.948549e+03	1.955314e+03	1.961277e+03	1.966400e+03	1.970617e+03
	1.973855e+03	1.976043e+03	1.977097e+03	1.976899e+03	1.975335e+03
	1.972361e+03	1.967994e+03	1.962204e+03	1.954814e+03	1.945463e+03
	1.933643e+03	1.918779e+03	1.900271e+03	1.877341e+03	1.848983e+03
	1.814379e+03	1.773367e+03	1.726588e+03	1.675306e+03	1.620859e+03
	1.564113e+03	1.505448e+03	1.444969e+03	1.382479e+03	1.317311e+03
	1.248331e+03	1.174271e+03	1.094444e+03	1.009602e+03	9.223586e+02
	8.368521e+02	7.571113e+02	6.849115e+02	6.194635e+02	5.590667e+02
	5.031054e+02	4.528645e+02	4.105780e+02	3.776175e+02	3.534710e+02
	3.363808e+02	3.244682e+02	3.162286e+02	3.105721e+02	3.067306e+02
	3.041595e+02	3.024683e+02	3.013769e+02	3.006864e+02	3.002591e+02
	3.000000e+02
massfraction-N2
	1.000000e-60	6.213139e-04	1.439630e-03	2.488269e-03	3.797234e-03
	5.396889e-03	7.316070e-03	9.579393e-03	1.220678e-02	1.521340e-02
	1.860998e-02	2.240330e-02	2.659689e-02	3.119170e-02	3.618674e-02
	4.157962e-02	4.736699e-02	5.354492e-02	6.010906e-02	6.705486e-02
	7.437766e-02	8.207275e-02	9.013550e-02	9.856152e-02	1.073470e-01
	1.164898e-01	1.259907e-01	1.358577e-01	1.461114e-01	1.567922e-01
	1.679594e-01	1.796471e-01	1.917885e-01	2.042446e-01	2.169528e-01
	2.299857e-01	2.434278e-01	2.572479e-01	2.713331e-01	2.856189e-01
	3.001571e-01	3.150821e-01	3.305324e-01	3.466005e-01	3.633509e-01
	3.808830e-01	3.992416e-01	4.184954e-01	4.386254e-01	4.595462e-01
	4.811285e-01	5.031738e-01	5.252922e-01	5.467864e-01	5.667870e-01
	5.846123e-01	5.999932e-01	6.130302e-01	6.240240e-01	6.333275e-01
	6.412626e-01	6.480926e-01	6.540262e-01	6.592264e-01	6.638211e-01
	6.679195e-01	6.716192e-01	6.749997e-01	6.781143e-01	6.809933e-01
	6.836526e-01	6.860963e-01	6.883212e-01	6.903310e-01	6.921478e-01
	6.938082e-01	6.953505e-01	6.968039e-01	6.981861e-01	6.995051e-01
	7.007646e-01	7.019689e-01	7.031250e-01	7.042395e-01	7.053147e-01
	7.063513e-01	7.073522e-01	7.083239e-01	7.092720e-01	7.101999e-01
	7.111106e-01	7.120105e-01	7.129097e-01	7.138166e-01	7.147313e-01
	7.156490e-01	7.165712e-01	7.175144e-01	7.185108e-01	7.196031e-01
	7.208394e-01	7.222653e-01	7.239176e-01	7.258306e-01	7.280249e-01
	7.304699e-01	7.330667e-01	7.356777e-01	7.381766e-01	7.404874e-01
	7.425917e-01	7.445048e-01	7.462529e-01	7.478679e-01	7.493872e-01
	7.508510e-01	7.522946e-01	7.537381e-01	7.551785e-01	7.565880e-01
	7.579220e-01	7.591418e-01	7.602409e-01	7.612456e-01	7.621917e-01
	7.630969e-01	7.639453e-01	7.646969e-01	7.653164e-01	7.657968e-01
	7.661565e-01	7.664220e-01	7.666167e-01	7.667589e-01	7.668621e-01
	7.669363e-01	7.669889e-01	7.670257e-01	7.670511e-01	7.670682e-01
	7.670796e-01
massfraction-O2
	1.000000e-60	6.315678e-07	1.467247e-06	2.542807e-06	3.890795e-06
	5.544211e-06	7.534483e-06	9.888590e-06	1.262846e-05	1.577080e-05
	1.932740e-05	2.330559e-05	2.770893e-05	3.253800e-05	3.779103e-05
	4.346455e-05	4.955388e-05	5.605357e-05	6.295763e-05	7.025980e-05
	7.795366e-05	8.603277e-05	9.449076e-05	1.033216e-04	1.125199e-04
	1.220820e-04	1.320075e-04	1.423036e-04	1.529905e-04	1.641090e-04
	1.757196e-04	1.878560e-04	2.004475e-04	2.133493e-04	2.264959e-04
	2.399622e-04	2.538350e-04	2.680816e-04	2.825856e-04	2.972807e-04
	3.122208e-04	3.275442e-04	3.433933e-04	3.598628e-04	3.770194e-04
	3.949657e-04	4.137488e-04	4.334423e-04	4.540317e-04	4.754389e-04
	4.975470e-04	5.201792e-04	5.429818e-04	5.653138e-04	5.863898e-04
	6.056408e-04	6.229273e-04	6.384771e-04	6.527060e-04	6.660707e-04
	6.789938e-04	6.918422e-04	7.049394e-04	7.185805e-04	7.330526e-04
	7.486832e-04	7.658975e-04	7.852322e-04	8.073008e-04	8.327579e-04
	8.622726e-04	8.964239e-04	9.355469e-04	9.797887e-04	1.029450e-03
	1.085326e-03	1.148766e-03	1.221480e-03	1.305293e-03	1.401971e-03
	1.513243e-03	1.641130e-03	1.788325e-03	1.958106e-03	2.153821e-03
	2.378863e-03	2.637614e-03	2.936242e-03	3.282338e-03	3.684237e-03
	4.151551e-03	4.697531e-03	5.341253e-03	6.105199e-03	7.008085e-03
	8.061841e-03	9.281362e-03	1.070293e-02	1.239892e-02	1.448465e-02
	1.711914e-02	2.049254e-02	2.480846e-02	3.029170e-02	3.715939e-02
	4.548391e-02	5.507363e-02	6.550512e-02	7.626745e-02	8.694346e-02
	9.731108e-02	1.072945e-01	1.168882e-01	1.261384e-01	1.351476e-01
	1.440577e-01	1.529974e-01	1.620100e-01	1.709973e-01	1.797228e-01
	1.878650e-01	1.951622e-01	2.015658e-01	2.072267e-01	2.123415e-01
	2.169928e-01	2.210966e-01	2.244934e-01	2.270975e-01	2.289735e-01
	2.302788e-01	2.311729e-01	2.317804e-01	2.321899e-01	2.324628e-01
	2.326421e-01	2.327578e-01	2.328310e-01	2.328764e-01	2.329040e-01
	2.329204e-01
massfraction-H
	1.000000e-60	2.590927e-18	5.432900e-18	8.485296e-18	1.167210e-17
	1.498439e-17	1.851738e-17	2.247932e-17	2.720617e-17	3.320136e-17
	4.121959e-17	5.241998e-17	6.863262e-17	9.281891e-17	1.298685e-16
	1.879851e-16	2.810999e-16	4.330731e-16	6.849692e-16	1.107554e-15
	1.822489e-15	3.037708e-15	5.105295e-15	8.614091e-15	1.453439e-14
	2.443942e-14	4.083998e-14	6.769417e-14	1.112077e-13	1.811410e-13
	2.929495e-13	4.705560e-13	7.483663e-13	1.173015e-12	1.810702e-12
	2.763652e-12	4.187331e-12	6.300302e-12	9.399694e-12	1.391208e-11
	2.050040e-11	3.023568e-11	4.485501e-11	6.717683e-11	1.018823e-10
	1.570570e-10	2.470227e-10	3.976963e-10	6.568057e-10	1.114571e-09
	1.947198e-09	3.507848e-09	6.501402e-09	1.226144e-08	2.307364e-08
	4.241488e-08	7.501022e-08	1.267910e-07	2.049862e-07	3.184727e-07
	4.782611e-07	6.978775e-07	9.935982e-07	1.384327e-06	1.891272e-06
	2.538805e-06	3.356860e-06	4.381957e-06	5.654148e-06	7.211506e-06
	9.084165e-06	1.128425e-05	1.379540e-05	1.658030e-05	1.960810e-05
	2.287609e-05	2.640748e-05	3.023296e-05	3.437316e-05	3.882948e-05
	4.358777e-05	4.863369e-05	5.396345e-05	5.957326e-05	6.543902e-05
	7.151897e-05	7.777943e-05	8.420255e-05	9.076375e-05	9.741297e-05
	1.040849e-04	1.107252e-04	1.172905e-04	1.236995e-04	1.297909e-04
	1.353666e-04	1.402852e-04	1.444901e-04	1.479414e-04	1.505133e-04
	1.519130e-04	1.516518e-04	1.491102e-04	1.436587e-04	1.348330e-04
	1.226917e-04	1.080827e-04	9.241137e-05	7.708753e-05	6.306064e-05
	5.071709e-05	4.009259e-05	3.107869e-05	2.351021e-05	1.720500e-05
	1.200735e-05	7.825881e-06	4.635731e-06	2.422248e-06	1.089481e-06
	4.194941e-07	1.406103e-07	4.207311e-08	1.161070e-08	3.161703e-09
	9.283486e-10	3.006016e-10	1.048381e-10	3.931841e-11	1.593640e-11
	6.912084e-12	3.144982e-12	1.468464e-12	6.889234e-13	3.182544e-13
	1.416245e-13	5.896444e-14	2.186738e-14	6.500339e-15	1.122255e-15
	1.000000e-60
massfraction-OH
	1.000000e-60	8.405189e-23	4.482211e-22	1.336744e-21	3.129274e-21
	6.416129e-21	1.212546e-20	2.173999e-20	3.768662e-20	6.404041e-20
	1.078056e-19	1.812633e-19	3.063036e-19	5.224591e-19	9.018430e-19
	1.576894e-18	2.791678e-18	4.995992e-18	9.016037e-18	1.635976e-17
	2.975469e-17	5.408011e-17	9.795743e-17	1.764272e-16	3.154126e-16
	5.591449e-16	9.826129e-16	1.712962e-15	2.967811e-15	5.127266e-15
	8.873758e-15	1.544384e-14	2.702311e-14	4.740488e-14	8.341257e-14
	1.480189e-13	2.660834e-13	4.836152e-13	8.831419e-13	1.613035e-12
	2.947842e-12	5.410475e-12	1.001180e-11	1.871911e-11	3.542117e-11
	6.802725e-11	1.330608e-10	2.658061e-10	5.426868e-10	1.131403e-09
	2.405129e-09	5.199824e-09	1.134610e-08	2.456168e-08	5.149546e-08
	1.023864e-07	1.910241e-07	3.345053e-07	5.537471e-07	8.752380e-07
	1.333790e-06	1.975835e-06	2.863423e-06	4.078431e-06	5.727386e-06
	7.951558e-06	1.094560e-05	1.497716e-05	2.039521e-05	2.762477e-05
	3.714636e-05	4.942898e-05	6.481582e-05	8.348361e-05	1.055699e-04
	1.313580e-04	1.613382e-04	1.961149e-04	2.362587e-04	2.821916e-04
	3.341863e-04	3.925247e-04	4.576607e-04	5.301532e-04	6.104241e-04
	6.987630e-04	7.956890e-04	9.021474e-04	1.019226e-03	1.147792e-03
	1.288548e-03	1.442508e-03	1.611142e-03	1.795150e-03	1.992548e-03
	2.198628e-03	2.408622e-03	2.620302e-03	2.833684e-03	3.048271e-03
	3.259565e-03	3.455959e-03	3.618570e-03	3.724197e-03	3.747256e-03
	3.665175e-03	3.470440e-03	3.178048e-03	2.820516e-03	2.434176e-03
	2.047519e-03	1.679285e-03	1.341195e-03	1.039759e-03	7.775752e-04
	5.553897e-04	3.740946e-04	2.349222e-04	1.371013e-04	7.527501e-05
	4.020988e-05	2.193049e-05	1.263727e-05	7.698286e-06	4.855760e-06
	3.108442e-06	2.003496e-06	1.304627e-06	8.652637e-07	5.870065e-07
	4.061483e-07	2.845368e-07	2.001382e-07	1.401320e-07	9.682870e-08
	6.537315e-08	4.252734e-08	2.601665e-08	1.418800e-08	5.826353e-09
	1.000000e-60
massfraction-O
	1.000000e-60	4.381097e-24	2.008968e-23	5.211933e-23	1.048273e-22
	1.821577e-22	2.887171e-22	4.314668e-22	6.221730e-22	8.808605e-22
	1.241209e-21	1.759390e-21	2.529019e-21	3.707499e-21	5.561464e-21
	8.546551e-21	1.344642e-20	2.161289e-20	3.537812e-20	5.875199e-20
	9.858389e-20	1.664641e-19	2.817705e-19	4.764457e-19	8.023249e-19
	1.342194e-18	2.226372e-18	3.658045e-18	5.953613e-18	9.610220e-18
	1.542032e-17	2.463134e-17	3.909936e-17	6.149651e-17	9.594013e-17
	1.494090e-16	2.338944e-16	3.694068e-16	5.894108e-16	9.526084e-16
	1.568209e-15	2.648373e-15	4.616530e-15	8.335674e-15	1.561621e-14
	3.040494e-14	6.162042e-14	1.300706e-13	2.856030e-13	6.508866e-13
	1.536762e-12	3.750185e-12	9.383527e-12	2.359837e-11	5.788198e-11
	1.345551e-10	2.913761e-10	5.854403e-10	1.097506e-09	1.939037e-09
	3.263246e-09	5.279972e-09	8.275587e-09	1.263824e-08	1.889327e-08
	2.777444e-08	4.036231e-08	5.828820e-08	8.398686e-08	1.210274e-07
	1.745510e-07	2.516147e-07	3.611724e-07	5.141401e-07	7.246423e-07
	1.012849e-06	1.408542e-06	1.954411e-06	2.708964e-06	3.749260e-06
	5.175190e-06	7.119452e-06	9.764463e-06	1.335851e-05	1.822290e-05
	2.476392e-05	3.351562e-05	4.519978e-05	6.075315e-05	8.131092e-05
	1.082057e-04	1.430606e-04	1.878915e-04	2.448208e-04	3.152162e-04
	3.990420e-04	4.954793e-04	6.044069e-04	7.271576e-04	8.659002e-04
	1.022020e-03	1.193776e-03	1.374688e-03	1.553719e-03	1.714089e-03
	1.832789e-03	1.887846e-03	1.869106e-03	1.782329e-03	1.643993e-03
	1.472473e-03	1.283202e-03	1.088106e-03	8.959189e-04	7.125948e-04
	5.425478e-04	3.905360e-04	2.627241e-04	1.649746e-04	9.866136e-05
	5.864423e-05	3.622019e-05	2.371149e-05	1.632552e-05	1.158368e-05
	8.315406e-06	5.979028e-06	4.299870e-06	3.103828e-06	2.254890e-06
	1.645965e-06	1.201561e-06	8.720358e-07	6.251713e-07	4.396675e-07
	3.007257e-07	1.974979e-07	1.216578e-07	6.668179e-08	2.748878e-08
	1.000000e-60
massfraction-H2
	1.000000e-60	2.208244e-05	4.572285e-05	7.059607e-05	9.638931e-05
	1.229023e-04	1.499874e-04	1.775105e-04	2.053559e-04	2.334281e-04
	2.616528e-04	2.899758e-04	3.183608e-04	3.467872e-04	3.752472e-04
	4.037432e-04	4.322852e-04	4.608886e-04	4.895725e-04	5.183585e-04
	5.472688e-04	5.763265e-04	6.055545e-04	6.349759e-04	6.646151e-04
	6.945001e-04	7.246672e-04	7.551717e-04	7.861033e-04	8.176027e-04
	8.498565e-04	8.829691e-04	9.167637e-04	9.508837e-04	9.851980e-04
	1.019942e-03	1.055371e-03	1.091432e-03	1.127865e-03	1.164545e-03
	1.201645e-03	1.239544e-03	1.278630e-03	1.319172e-03	1.361378e-03
	1.405575e-03	1.451898e-03	1.500633e-03	1.551846e-03	1.605457e-03
	1.661299e-03	1.719039e-03	1.777836e-03	1.835957e-03	1.891027e-03
	1.940956e-03	1.984619e-03	2.021876e-03	2.053194e-03	2.079262e-03
	2.100742e-03	2.118171e-03	2.131952e-03	2.142364e-03	2.149588e-03
	2.153732e-03	2.154818e-03	2.152749e-03	2.147327e-03	2.138325e-03
	2.125577e-03	2.109089e-03	2.089157e-03	2.066301e-03	2.041011e-03
	2.013526e-03	1.983843e-03	1.951884e-03	1.917645e-03	1.881275e-03
	1.843020e-03	1.803089e-03	1.761562e-03	1.718469e-03	1.673942e-03
	1.628176e-03	1.581236e-03	1.533000e-03	1.483320e-03	1.432159e-03
	1.379510e-03	1.325196e-03	1.268824e-03	1.210168e-03	1.149645e-03
	1.088178e-03	1.026408e-03	9.640419e-04	8.999307e-04	8.326450e-04
	7.611628e-04	6.855692e-04	6.071890e-04	5.277875e-04	4.493491e-04
	3.745871e-04	3.065270e-04	2.474710e-04	1.984190e-04	1.590142e-04
	1.280069e-04	1.039498e-04	8.553881e-05	7.163537e-05	6.124302e-05
	5.352201e-05	4.778849e-05	4.347170e-05	4.007364e-05	3.719256e-05
	3.458509e-05	3.215011e-05	2.983307e-05	2.755871e-05	2.523232e-05
	2.278568e-05	2.022659e-05	1.764991e-05	1.519126e-05	1.294783e-05
	1.094560e-05	9.168289e-06	7.587940e-06	6.179048e-06	4.922911e-06
	3.806288e-06	2.819228e-06	1.952999e-06	1.199310e-06	5.510973e-07
	1.000000e-60
massfraction-H2O
	1.000000e-60	1.064473e-04	2.467201e-04	4.265338e-04	6.510065e-04
	9.252728e-04	1.254140e-03	1.641604e-03	2.090743e-03	2.603689e-03
	3.181656e-03	3.825020e-03	4.533426e-03	5.305904e-03	6.140989e-03
	7.036833e-03	7.991302e-03	9.002068e-03	1.006668e-02	1.118263e-02
	1.234742e-02	1.355860e-02	1.481378e-02	1.611077e-02	1.744758e-02
	1.882257e-02	2.023473e-02	2.168419e-02	2.317299e-02	2.470595e-02
	2.629052e-02	2.793030e-02	2.961498e-02	3.132495e-02	3.305179e-02
	3.480563e-02	3.659786e-02	3.842431e-02	4.027042e-02	4.212841e-02
	4.400575e-02	4.592028e-02	4.789002e-02	4.992688e-02	5.203921e-02
	5.424007e-02	5.653486e-02	5.893325e-02	6.143398e-02	6.402821e-02
	6.670222e-02	6.943439e-02	7.217979e-02	7.485516e-02	7.735442e-02
	7.959246e-02	8.153358e-02	8.318739e-02	8.458881e-02	8.577994e-02
	8.679966e-02	8.768001e-02	8.844649e-02	8.911902e-02	8.971326e-02
	9.024258e-02	9.071891e-02	9.115179e-02	9.154731e-02	9.190849e-02
	9.223642e-02	9.253081e-02	9.279070e-02	9.301645e-02	9.321087e-02
	9.337844e-02	9.352345e-02	9.364884e-02	9.375617e-02	9.384608e-02
	9.391890e-02	9.397511e-02	9.401525e-02	9.403963e-02	9.404828e-02
	9.404111e-02	9.401786e-02	9.397780e-02	9.391960e-02	9.384145e-02
	9.374102e-02	9.361488e-02	9.345790e-02	9.326373e-02	9.302679e-02
	9.274340e-02	9.240924e-02	9.201412e-02	9.153744e-02	9.094600e-02
	9.019364e-02	8.922530e-02	8.798312e-02	8.640575e-02	8.443622e-02
	8.205633e-02	7.931140e-02	7.629709e-02	7.312653e-02	6.989117e-02
	6.663654e-02	6.337379e-02	6.009832e-02	5.679146e-02	5.341342e-02
	4.990415e-02	4.619995e-02	4.226550e-02	3.812916e-02	3.389850e-02
	2.974741e-02	2.584363e-02	2.225299e-02	1.892487e-02	1.576550e-02
	1.273615e-02	9.906152e-03	7.418183e-03	5.390457e-03	3.839515e-03
	2.696610e-03	1.869473e-03	1.276783e-03	8.558460e-04	5.603357e-04
	3.559092e-04	2.169067e-04	1.241254e-04	6.338266e-05	2.445576e-05
	1.000000e-60
massfraction-HO2
	1.000000e-60	7.624263e-10	1.773539e-09	3.077771e-09	4.715907e-09
	6.729547e-09	9.158689e-09	1.203823e-08	1.539724e-08	1.925874e-08
	2.364001e-08	2.855312e-08	3.400577e-08	4.000200e-08	4.654299e-08
	5.362768e-08	6.125323e-08	6.941535e-08	7.810853e-08	8.732610e-08
	9.706015e-08	1.073015e-07	1.180395e-07	1.292621e-07	1.409555e-07
	1.531055e-07	1.656983e-07	1.787251e-07	1.921886e-07	2.061092e-07
	2.205210e-07	2.354100e-07	2.506178e-07	2.658850e-07	2.810391e-07
	2.960516e-07	3.108729e-07	3.252913e-07	3.390015e-07	3.517589e-07
	3.634284e-07	3.739158e-07	3.830794e-07	3.906922e-07	3.964523e-07
	4.000058e-07	4.008433e-07	3.984415e-07	3.922453e-07	3.818024e-07
	3.669013e-07	3.477996e-07	3.256777e-07	3.031074e-07	2.836615e-07
	2.703624e-07	2.643732e-07	2.650724e-07	2.709518e-07	2.803873e-07
	2.919758e-07	3.045854e-07	3.173155e-07	3.294460e-07	3.404106e-07
	3.498041e-07	3.573726e-07	3.629708e-07	3.665474e-07	3.681919e-07
	3.681911e-07	3.670484e-07	3.654400e-07	3.640888e-07	3.636285e-07
	3.645749e-07	3.673943e-07	3.725677e-07	3.805992e-07	3.919827e-07
	4.071753e-07	4.266333e-07	4.508882e-07	4.805565e-07	5.162483e-07
	5.585463e-07	6.081773e-07	6.661709e-07	7.337830e-07	8.123393e-07
	9.033165e-07	1.008782e-06	1.131777e-06	1.275813e-06	1.443544e-06
	1.636372e-06	1.856399e-06	2.109721e-06	2.408855e-06	2.773715e-06
	3.231471e-06	3.813730e-06	4.552192e-06	5.478597e-06	6.620270e-06
	7.981866e-06	9.534698e-06	1.122929e-05	1.301749e-05	1.487319e-05
	1.680169e-05	1.882988e-05	2.099242e-05	2.332580e-05	2.586706e-05
	2.864160e-05	3.160190e-05	3.444698e-05	3.629087e-05	3.551293e-05
	3.074788e-05	2.289100e-05	1.481259e-05	8.613050e-06	4.665269e-06
	2.441984e-06	1.277485e-06	6.849862e-07	3.830242e-07	2.247403e-07
	1.375393e-07	8.670419e-08	5.551820e-08	3.562155e-08	2.261142e-08
	1.401647e-08	8.353221e-09	4.670179e-09	2.325257e-09	8.736841e-10
	1.000000e-60
massfraction-H2O2
	1.000000e-60	1.994423e-11	4.644225e-11	8.064671e-11	1.235628e-10
	1.761335e-10	2.391409e-10	3.130772e-10	3.980942e-10	4.939765e-10
	6.001405e-10	7.156580e-10	8.393008e-10	9.696006e-10	1.104918e-09
	1.243515e-09	1.383621e-09	1.523496e-09	1.661476e-09	1.796010e-09
	1.925685e-09	2.049231e-09	2.165531e-09	2.273615e-09	2.372650e-09
	2.461936e-09	2.540893e-09	2.609053e-09	2.666032e-09	2.711471e-09
	2.744913e-09	2.765650e-09	2.772878e-09	2.766246e-09	2.745879e-09
	2.711745e-09	2.663488e-09	2.601036e-09	2.524938e-09	2.435826e-09
	2.333667e-09	2.217599e-09	2.086361e-09	1.938847e-09	1.774224e-09
	1.591960e-09	1.392149e-09	1.177682e-09	9.559538e-10	7.402673e-10
	5.482867e-10	3.960437e-10	2.893966e-10	2.209654e-10	1.780665e-10
	1.512690e-10	1.350954e-10	1.260694e-10	1.218113e-10	1.207667e-10
	1.220392e-10	1.252674e-10	1.305865e-10	1.386904e-10	1.510030e-10
	1.700150e-10	1.998962e-10	2.474715e-10	3.235351e-10	4.443970e-10
	6.333627e-10	9.208846e-10	1.341811e-09	1.931851e-09	2.728803e-09
	3.779579e-09	5.146966e-09	6.910797e-09	9.164119e-09	1.200746e-08
	1.554769e-08	1.990941e-08	2.525376e-08	3.178513e-08	3.973996e-08
	4.939207e-08	6.110372e-08	7.538346e-08	9.289910e-08	1.144687e-07
	1.411082e-07	1.741964e-07	2.156725e-07	2.679445e-07	3.333501e-07
	4.137213e-07	5.109156e-07	6.282885e-07	7.720566e-07	9.518706e-07
	1.180506e-06	1.472163e-06	1.840932e-06	2.303304e-06	2.880438e-06
	3.595041e-06	4.470537e-06	5.536083e-06	6.830856e-06	8.408827e-06
	1.034360e-05	1.271087e-05	1.551564e-05	1.855306e-05	2.130476e-05
	2.305708e-05	2.326181e-05	2.190197e-05	1.952107e-05	1.681773e-05
	1.424037e-05	1.194636e-05	9.945693e-06	8.188289e-06	6.610083e-06
	5.177647e-06	3.906324e-06	2.838444e-06	2.001939e-06	1.384151e-06
	9.433787e-07	6.342381e-07	4.196477e-07	2.722072e-07	1.722722e-07
	1.056870e-07	6.219445e-08	3.438224e-08	1.698344e-08	6.354131e-09
	1.000000e-60
massfraction-CO
	1.000000e-60	4.917182e-05	1.140530e-04	1.973365e-04	3.014551e-04
	4.288703e-04	5.819189e-04	7.625954e-04	9.725108e-04	1.212885e-03
	1.484571e-03	1.788093e-03	2.123704e-03	2.491440e-03	2.891171e-03
	3.322651e-03	3.785551e-03	4.279490e-03	4.804057e-03	5.358821e-03
	5.943343e-03	6.557185e-03	7.199914e-03	7.871121e-03	8.570448e-03
	9.297663e-03	1.005279e-02	1.083639e-02	1.165008e-02	1.249698e-02
	1.338176e-02	1.430703e-02	1.526744e-02	1.625198e-02	1.725566e-02
	1.828420e-02	1.934425e-02	2.043332e-02	2.154251e-02	2.266674e-02
	2.381012e-02	2.498320e-02	2.619688e-02	2.745840e-02	2.877284e-02
	3.014799e-02	3.158739e-02	3.309647e-02	3.467383e-02	3.631294e-02
	3.800384e-02	3.973125e-02	4.146493e-02	4.315048e-02	4.471989e-02
	4.611961e-02	4.732828e-02	4.835343e-02	4.921833e-02	4.995042e-02
	5.057472e-02	5.111174e-02	5.157768e-02	5.198516e-02	5.234403e-02
	5.266264e-02	5.294836e-02	5.320700e-02	5.344219e-02	5.365561e-02
	5.384765e-02	5.401770e-02	5.416463e-02	5.428795e-02	5.438847e-02
	5.446761e-02	5.452619e-02	5.456358e-02	5.457773e-02	5.456548e-02
	5.452299e-02	5.444588e-02	5.432872e-02	5.416489e-02	5.394710e-02
	5.366780e-02	5.331822e-02	5.288715e-02	5.236137e-02	5.172712e-02
	5.097005e-02	5.007223e-02	4.900964e-02	4.775834e-02	4.630893e-02
	4.467235e-02	4.286356e-02	4.087608e-02	3.867253e-02	3.619636e-02
	3.339720e-02	3.026642e-02	2.685679e-02	2.326038e-02	1.960640e-02
	1.608625e-02	1.291412e-02	1.024151e-02	8.113060e-03	6.479573e-03
	5.244976e-03	4.312234e-03	3.601940e-03	3.052474e-03	2.616542e-03
	2.258823e-03	1.954208e-03	1.686125e-03	1.444982e-03	1.226758e-03
	1.031736e-03	8.612214e-04	7.136499e-04	5.842404e-04	4.678950e-04
	3.624333e-04	2.695553e-04	1.927115e-04	1.337298e-04	9.111763e-05
	6.134133e-05	4.083381e-05	2.681235e-05	1.729466e-05	1.090345e-05
	6.673836e-06	3.923463e-06	2.168978e-06	1.072159e-06	4.015819e-07
	1.000000e-60
massfraction-CO2
	1.000000e-60	3.626791e-05	8.894118e-05	1.630588e-04	2.641432e-04
	3.983933e-04	5.724886e-04	7.932274e-04	1.067288e-03	1.401013e-03
	1.800239e-03	2.270173e-03	2.815326e-03	3.439487e-03	4.145729e-03
	4.936446e-03	5.813402e-03	6.777792e-03	7.830304e-03	8.971180e-03
	1.020028e-02	1.151715e-02	1.292107e-02	1.441113e-02	1.598636e-02
	1.764594e-02	1.938951e-02	2.121794e-02	2.313454e-02	2.514632e-02
	2.726412e-02	2.949402e-02	3.182278e-02	3.422286e-02	3.668103e-02
	3.921024e-02	4.182595e-02	4.452112e-02	4.727270e-02	5.006693e-02
	5.291286e-02	5.583568e-02	5.886144e-02	6.200699e-02	6.528352e-02
	6.870839e-02	7.228886e-02	7.603537e-02	7.994105e-02	8.398575e-02
	8.814047e-02	9.236283e-02	9.657423e-02	1.006395e-01	1.043949e-01
	1.077167e-01	1.105617e-01	1.129561e-01	1.149619e-01	1.166491e-01
	1.180803e-01	1.193064e-01	1.203672e-01	1.212938e-01	1.221104e-01
	1.228378e-01	1.234942e-01	1.240947e-01	1.246498e-01	1.251657e-01
	1.256463e-01	1.260933e-01	1.265067e-01	1.268875e-01	1.272397e-01
	1.275700e-01	1.278858e-01	1.281931e-01	1.284958e-01	1.287959e-01
	1.290945e-01	1.293926e-01	1.296920e-01	1.299946e-01	1.303010e-01
	1.306110e-01	1.309248e-01	1.312433e-01	1.315668e-01	1.318939e-01
	1.322221e-01	1.325484e-01	1.328688e-01	1.331758e-01	1.334547e-01
	1.336859e-01	1.338487e-01	1.339215e-01	1.338719e-01	1.336432e-01
	1.331385e-01	1.322101e-01	1.306609e-01	1.282493e-01	1.247167e-01
	1.198964e-01	1.138472e-01	1.068747e-01	9.941811e-02	9.187490e-02
	8.448978e-02	7.737661e-02	7.057616e-02	6.407715e-02	5.781950e-02
	5.171314e-02	4.567871e-02	3.969813e-02	3.384968e-02	2.829941e-02
	2.325504e-02	1.886588e-02	1.513568e-02	1.195028e-02	9.180427e-03
	6.769875e-03	4.749013e-03	3.172037e-03	2.040401e-03	1.281698e-03
	7.926147e-04	4.833930e-04	2.901592e-04	1.707816e-04	9.812509e-05
	5.472105e-05	2.934279e-05	1.483998e-05	6.745840e-06	2.341482e-06
	1.000000e-60
massfraction-CH
	1.000000e-60	6.116310e-34	1.205420e-33	1.691779e-33	2.064110e-33
	2.359267e-33	2.640947e-33	2.992546e-33	3.525560e-33	4.414878e-33
	5.983928e-33	8.904901e-33	1.469898e-32	2.707297e-32	5.572745e-32
	1.280892e-31	3.398216e-31	1.778851e-30	5.469506e-29	3.182277e-27
	8.062976e-29	1.056179e-28	3.770612e-28	1.307901e-27	3.407697e-28
	1.566317e-26	6.225392e-26	2.248916e-25	7.577731e-25	2.516413e-24
	8.113741e-24	2.577176e-23	7.919481e-23	2.338052e-22	6.619253e-22
	1.813007e-21	4.849514e-21	1.267610e-20	3.226362e-20	8.004492e-20
	1.951984e-19	4.735755e-19	1.155822e-18	2.860433e-18	7.225562e-18
	1.877392e-17	5.057713e-17	1.422090e-16	4.190498e-16	1.297942e-15
	4.240918e-15	1.466039e-14	5.334541e-14	1.997215e-13	7.392728e-13
	2.593451e-12	8.371335e-12	2.457233e-11	6.576326e-11	1.621550e-10
	3.729625e-10	8.089684e-10	1.668886e-09	3.294263e-09	6.247886e-09
	1.143202e-08	2.028166e-08	3.505225e-08	5.916096e-08	9.750344e-08
	1.566315e-07	2.444318e-07	3.689857e-07	5.374816e-07	7.567071e-07
	1.034916e-06	1.383068e-06	1.814182e-06	2.341237e-06	2.974570e-06
	3.720239e-06	4.580639e-06	5.555375e-06	6.638374e-06	7.811887e-06
	9.044629e-06	1.029568e-05	1.151497e-05	1.263744e-05	1.358040e-05
	1.425049e-05	1.455387e-05	1.440187e-05	1.372387e-05	1.250780e-05
	1.083966e-05	8.884060e-06	6.821691e-06	4.817844e-06	3.034174e-06
	1.630146e-06	7.092552e-07	2.380027e-07	5.943913e-08	1.105720e-08
	1.658093e-09	2.375833e-10	3.892095e-11	7.711147e-12	1.756554e-12
	4.341617e-13	1.123629e-13	2.978261e-14	7.924250e-15	2.062333e-15
	5.070916e-16	1.129541e-16	2.180562e-17	3.516322e-18	4.676649e-19
	5.287130e-20	5.379566e-21	5.090579e-22	4.446749e-23	3.567467e-24
	2.674559e-25	1.885800e-26	1.312536e-27	8.589112e-29	1.652456e-29
	7.403255e-30	3.065838e-30	1.000000e-60	5.185734e-31	1.000000e-60
	1.000000e-60	2.051344e-31	1.000000e-60	1.224437e-32	1.000000e-60
	1.000000e-60
massfraction-CHO
	1.000000e-60	1.176761e-18	2.882334e-18	5.246334e-18	8.409805e-18
	1.258984e-17	1.817759e-17	2.589247e-17	3.703580e-17	5.391573e-17
	8.058832e-17	1.241735e-16	1.971984e-16	3.217484e-16	5.367516e-16
	9.106069e-16	1.562740e-15	2.699717e-15	4.674367e-15	8.079948e-15
	1.389511e-14	2.369791e-14	3.996505e-14	6.646110e-14	1.086933e-13
	1.743559e-13	2.736137e-13	4.190067e-13	6.247352e-13	9.050895e-13
	1.271671e-12	1.727727e-12	2.260074e-12	2.839507e-12	3.436519e-12
	4.036347e-12	4.640783e-12	5.265041e-12	5.936341e-12	6.693362e-12
	7.587354e-12	8.686246e-12	1.008179e-11	1.190157e-11	1.433331e-11
	1.767014e-11	2.237490e-11	2.919912e-11	3.939010e-11	5.509053e-11
	8.012118e-11	1.214657e-10	1.917232e-10	3.120997e-10	5.142919e-10
	8.395397e-10	1.335246e-09	2.052247e-09	3.045685e-09	4.379193e-09
	6.129725e-09	8.390694e-09	1.127414e-08	1.491076e-08	1.945027e-08
	2.507418e-08	3.202271e-08	4.061274e-08	5.122924e-08	6.430394e-08
	8.029142e-08	9.959807e-08	1.224738e-07	1.490237e-07	1.794107e-07
	2.140771e-07	2.537851e-07	2.994736e-07	3.520560e-07	4.122451e-07
	4.804990e-07	5.571490e-07	6.425165e-07	7.366979e-07	8.390940e-07
	9.482620e-07	1.062209e-06	1.178378e-06	1.292991e-06	1.400484e-06
	1.493613e-06	1.563897e-06	1.601590e-06	1.595820e-06	1.537407e-06
	1.423877e-06	1.261267e-06	1.060803e-06	8.361603e-07	6.051615e-07
	3.924238e-07	2.252364e-07	1.185527e-07	6.418834e-08	4.051994e-08
	2.939943e-08	2.238244e-08	1.709570e-08	1.305353e-08	1.003617e-08
	7.807887e-09	6.150767e-09	4.892166e-09	3.901024e-09	3.077965e-09
	2.349720e-09	1.672240e-09	1.047597e-09	5.375380e-10	2.136218e-10
	6.573558e-11	1.646268e-11	3.537628e-12	6.780563e-13	1.226722e-13
	2.256123e-14	4.297844e-15	8.415925e-16	1.746645e-16	3.976896e-17
	9.960380e-18	2.685919e-18	7.565771e-19	2.157158e-19	6.037699e-20
	1.605331e-20	3.886096e-21	7.984370e-22	1.199449e-22	8.405725e-24
	1.000000e-60
massfraction-CH2
	1.000000e-60	1.700753e-22	3.538425e-22	5.499381e-22	7.563607e-22
	9.775999e-22	1.227927e-21	1.534060e-21	1.940647e-21	2.522162e-21
	3.407559e-21	4.830568e-21	7.233863e-21	1.149021e-20	1.938436e-20
	3.468742e-20	6.559779e-20	1.303623e-19	2.703223e-19	5.802403e-19
	1.278472e-18	2.867589e-18	6.495985e-18	1.475453e-17	3.338716e-17
	7.486371e-17	1.656437e-16	3.606446e-16	7.717994e-16	1.624639e-15
	3.370778e-15	6.895787e-15	1.384120e-14	2.706649e-14	5.150343e-14
	9.592580e-14	1.758683e-13	3.174662e-13	5.628821e-13	9.806872e-13
	1.687209e-12	2.886999e-12	4.945190e-12	8.517762e-12	1.480556e-11
	2.607955e-11	4.675236e-11	8.559118e-11	1.603168e-10	3.075414e-10
	6.050238e-10	1.221695e-09	2.522893e-09	5.258009e-09	1.081771e-08
	2.148194e-08	4.056719e-08	7.248798e-08	1.228784e-07	1.988896e-07
	3.096131e-07	4.664568e-07	6.834137e-07	9.770338e-07	1.366168e-06
	1.872543e-06	2.522532e-06	3.347775e-06	4.382193e-06	5.656419e-06
	7.191369e-06	8.988395e-06	1.101999e-05	1.323705e-05	1.559275e-05
	1.805970e-05	2.062565e-05	2.327652e-05	2.598248e-05	2.869322e-05
	3.134376e-05	3.386588e-05	3.619290e-05	3.825242e-05	3.996021e-05
	4.122840e-05	4.197570e-05	4.212507e-05	4.160029e-05	4.033655e-05
	3.829635e-05	3.547372e-05	3.189602e-05	2.766070e-05	2.299513e-05
	1.824311e-05	1.374601e-05	9.740054e-06	6.364129e-06	3.715320e-06
	1.856551e-06	7.575082e-07	2.425879e-07	5.965344e-08	1.148557e-08
	1.913705e-09	3.309776e-10	7.010053e-11	1.869328e-11	5.873788e-12
	2.043798e-12	7.596811e-13	2.955968e-13	1.186169e-13	4.832789e-14
	1.964499e-14	7.830218e-15	3.018343e-15	1.119087e-15	4.031467e-16
	1.454701e-16	5.435010e-17	2.109746e-17	8.186783e-18	2.967701e-18
	9.382854e-19	2.526345e-19	6.167709e-20	1.550300e-20	4.462138e-21
	1.526856e-21	6.134317e-22	2.800064e-22	1.399117e-22	7.382867e-23
	3.970166e-23	2.089227e-23	1.014340e-23	4.045486e-24	9.361141e-25
	1.000000e-60
massfraction-CH2O
	1.000000e-60	6.332972e-08	1.562077e-07	2.881240e-07	4.696315e-07
	7.126928e-07	1.030325e-06	1.435920e-06	1.942758e-06	2.563550e-06
	3.310057e-06	4.192787e-06	5.220804e-06	6.401619e-06	7.741162e-06
	9.243812e-06	1.091248e-05	1.274870e-05	1.475280e-05	1.692402e-05
	1.926067e-05	2.176028e-05	2.441979e-05	2.723575e-05	3.020452e-05
	3.332278e-05	3.658813e-05	4.000055e-05	4.356455e-05	4.729152e-05
	5.119980e-05	5.529880e-05	5.956255e-05	6.393964e-05	6.840542e-05
	7.298312e-05	7.770021e-05	8.254353e-05	8.747157e-05	9.246003e-05
	9.752551e-05	1.027131e-04	1.080688e-04	1.136222e-04	1.193925e-04
	1.254101e-04	1.316863e-04	1.382385e-04	1.450524e-04	1.520891e-04
	1.592902e-04	1.665674e-04	1.737557e-04	1.805723e-04	1.866628e-04
	1.917291e-04	1.956176e-04	1.983166e-04	1.999033e-04	2.004910e-04
	2.001962e-04	1.991269e-04	1.973819e-04	1.950526e-04	1.922250e-04
	1.889757e-04	1.853645e-04	1.814429e-04	1.772762e-04	1.729593e-04
	1.686192e-04	1.644137e-04	1.605147e-04	1.570629e-04	1.541296e-04
	1.517259e-04	1.498393e-04	1.484581e-04	1.475718e-04	1.471566e-04
	1.471605e-04	1.474985e-04	1.480552e-04	1.486844e-04	1.492034e-04
	1.493949e-04	1.490135e-04	1.477837e-04	1.453990e-04	1.415414e-04
	1.359144e-04	1.282571e-04	1.183592e-04	1.061770e-04	9.205298e-05
	7.678105e-05	6.133230e-05	4.651977e-05	3.296028e-05	2.124802e-05
	1.202225e-05	5.734974e-06	2.227362e-06	6.890766e-07	1.714925e-07
	3.683298e-08	7.756747e-09	1.820859e-09	5.065283e-10	1.654848e-10
	6.141397e-11	2.518734e-11	1.122134e-11	5.368115e-12	2.730493e-12
	1.465007e-12	8.262687e-13	4.912676e-13	3.099054e-13	2.081034e-13
	1.480217e-13	1.100424e-13	8.400337e-14	6.461164e-14	4.910546e-14
	3.621245e-14	2.557979e-14	1.725266e-14	1.119780e-14	7.079644e-15
	4.394591e-15	2.684225e-15	1.611041e-15	9.470469e-16	5.430578e-16
	3.021026e-16	1.615571e-16	8.147905e-17	3.693705e-17	1.278838e-17
	1.000000e-60
massfraction-CH3
	1.000000e-60	7.009340e-10	1.603632e-09	2.737603e-09	4.130293e-09
	5.812629e-09	7.818537e-09	1.018384e-08	1.294743e-08	1.615279e-08
	1.984962e-08	2.409565e-08	2.895851e-08	3.451773e-08	4.086679e-08
	4.811539e-08	5.639204e-08	6.584689e-08	7.665520e-08	8.902143e-08
	1.031841e-07	1.194221e-07	1.380618e-07	1.594872e-07	1.841529e-07
	2.126019e-07	2.454935e-07	2.836500e-07	3.281349e-07	3.803744e-07
	4.423060e-07	5.162946e-07	6.046475e-07	7.095046e-07	8.339271e-07
	9.831661e-07	1.164401e-06	1.385381e-06	1.654182e-06	1.981151e-06
	2.381787e-06	2.879031e-06	3.504691e-06	4.301542e-06	5.329464e-06
	6.677190e-06	8.474809e-06	1.091308e-05	1.426837e-05	1.894585e-05
	2.555242e-05	3.499880e-05	4.856943e-05	6.781237e-05	9.416181e-05
	1.284732e-04	1.707787e-04	2.204065e-04	2.763200e-04	3.374050e-04
	4.025706e-04	4.707198e-04	5.407281e-04	6.114150e-04	6.815651e-04
	7.500885e-04	8.161143e-04	8.787920e-04	9.369998e-04	9.893012e-04
	1.034131e-03	1.069996e-03	1.095794e-03	1.111202e-03	1.116644e-03
	1.112815e-03	1.100228e-03	1.079142e-03	1.049758e-03	1.012454e-03
	9.678832e-04	9.168504e-04	8.601503e-04	7.986305e-04	7.334018e-04
	6.657855e-04	5.969786e-04	5.279409e-04	4.596377e-04	3.932109e-04
	3.298239e-04	2.703857e-04	2.155730e-04	1.662296e-04	1.235059e-04
	8.828701e-05	6.055917e-05	3.949276e-05	2.401886e-05	1.322366e-05
	6.341927e-06	2.544535e-06	8.259433e-07	2.122589e-07	4.345706e-08
	7.529359e-09	1.240608e-09	2.231768e-10	4.845608e-11	1.298476e-11
	4.153239e-12	1.519281e-12	6.158867e-13	2.707674e-13	1.269207e-13
	6.253729e-14	3.207083e-14	1.704682e-14	9.390732e-15	5.362134e-15
	3.172876e-15	1.940892e-15	1.215099e-15	7.635937e-16	4.701088e-16
	2.778809e-16	1.567732e-16	8.552954e-17	4.630439e-17	2.544107e-17
	1.431030e-17	8.227336e-18	4.805877e-18	2.832313e-18	1.672268e-18
	9.808999e-19	5.642724e-19	3.106650e-19	1.549493e-19	5.900426e-20
	1.000000e-60
massfraction-CH4
	1.000000e-60	1.182852e-05	2.708176e-05	4.623632e-05	6.969093e-05
	9.783932e-05	1.310391e-04	1.695695e-04	2.136289e-04	2.633387e-04
	3.187520e-04	3.798646e-04	4.466276e-04	5.189589e-04	5.967540e-04
	6.798942e-04	7.682541e-04	8.617058e-04	9.601234e-04	1.063384e-03
	1.171372e-03	1.283975e-03	1.401091e-03	1.522627e-03	1.648505e-03
	1.778674e-03	1.913133e-03	2.051982e-03	2.195503e-03	2.344246e-03
	2.499024e-03	2.660284e-03	2.827096e-03	2.997564e-03	3.170859e-03
	3.348002e-03	3.530166e-03	3.716946e-03	3.906849e-03	4.099047e-03
	4.294278e-03	4.494375e-03	4.701221e-03	4.916070e-03	5.139794e-03
	5.373728e-03	5.618405e-03	5.874656e-03	6.141994e-03	6.418800e-03
	6.702384e-03	6.988251e-03	7.267872e-03	7.526674e-03	7.746186e-03
	7.910349e-03	8.010374e-03	8.045056e-03	8.018135e-03	7.935366e-03
	7.802710e-03	7.625696e-03	7.409283e-03	7.157980e-03	6.875927e-03
	6.566383e-03	6.231119e-03	5.871070e-03	5.488092e-03	5.086251e-03
	4.672094e-03	4.255008e-03	3.846660e-03	3.457577e-03	3.093374e-03
	2.754455e-03	2.438784e-03	2.144701e-03	1.871997e-03	1.621578e-03
	1.394397e-03	1.190451e-03	1.008700e-03	8.478236e-04	7.067731e-04
	5.844398e-04	4.791754e-04	3.890186e-04	3.122247e-04	2.473926e-04
	1.932294e-04	1.483701e-04	1.115029e-04	8.164235e-05	5.811819e-05
	4.023225e-05	2.704188e-05	1.750153e-05	1.071791e-05	6.050772e-06
	3.048626e-06	1.326514e-06	4.853423e-07	1.466422e-07	3.665092e-08
	7.892285e-09	1.582915e-09	3.240464e-10	7.336040e-11	1.933703e-11
	6.054334e-12	2.250011e-12	9.822138e-13	4.962698e-13	2.855672e-13
	1.842392e-13	1.311597e-13	1.010011e-13	8.201708e-14	6.843653e-14
	5.762673e-14	4.855698e-14	4.076153e-14	3.387331e-14	2.758894e-14
	2.178207e-14	1.655107e-14	1.211300e-14	8.614756e-15	6.017961e-15
	4.153561e-15	2.834409e-15	1.907789e-15	1.261418e-15	8.151642e-16
	5.113346e-16	3.079223e-16	1.742194e-16	8.802345e-17	3.363631e-17
	1.000000e-60
massfraction-C2H6
	1.000000e-60	5.512413e-07	1.357809e-06	2.500906e-06	4.070583e-06
	6.168794e-06	8.906400e-06	1.239744e-05	1.675519e-05	2.208847e-05
	2.849863e-05	3.607733e-05	4.490513e-05	5.505077e-05	6.657119e-05
	7.951180e-05	9.390727e-05	1.097823e-04	1.271528e-04	1.460265e-04
	1.664044e-04	1.882814e-04	2.116478e-04	2.364901e-04	2.627931e-04
	2.905436e-04	3.197358e-04	3.503844e-04	3.825439e-04	4.163314e-04
	4.519280e-04	4.894343e-04	5.286246e-04	5.690316e-04	6.104261e-04
	6.530194e-04	6.970630e-04	7.424272e-04	7.887096e-04	8.356618e-04
	8.834145e-04	9.323616e-04	9.828985e-04	1.035248e-03	1.089514e-03
	1.145862e-03	1.204233e-03	1.264533e-03	1.326250e-03	1.388469e-03
	1.449841e-03	1.508373e-03	1.560956e-03	1.603177e-03	1.630305e-03
	1.639018e-03	1.628360e-03	1.599388e-03	1.554225e-03	1.495265e-03
	1.424787e-03	1.344898e-03	1.257550e-03	1.164606e-03	1.067859e-03
	9.688567e-04	8.687592e-04	7.686068e-04	6.697891e-04	5.742018e-04
	4.840411e-04	4.015795e-04	3.287714e-04	2.665506e-04	2.145162e-04
	1.713896e-04	1.357333e-04	1.063630e-04	8.238730e-05	6.308696e-05
	4.779216e-05	3.583278e-05	2.657359e-05	1.947245e-05	1.409292e-05
	1.007272e-05	7.101225e-06	4.924143e-06	3.346988e-06	2.223063e-06
	1.437879e-06	9.005310e-07	5.413317e-07	3.094812e-07	1.674266e-07
	8.562670e-08	4.122364e-08	1.837296e-08	7.330700e-09	2.492919e-09
	6.814275e-10	1.418709e-10	2.174086e-11	2.430676e-12	2.041244e-13
	1.392535e-14	8.622538e-16	5.433815e-17	3.839419e-18	3.249969e-19
	3.415171e-20	4.537198e-21	7.710873e-22	1.687960e-22	4.764776e-23
	1.731314e-23	8.095442e-24	4.839816e-24	3.555560e-24	2.956198e-24
	2.556079e-24	2.190081e-24	1.829733e-24	1.481407e-24	1.151977e-24
	8.505728e-25	5.919666e-25	3.895248e-25	2.457054e-25	1.509632e-25
	9.118911e-26	5.427861e-26	3.178057e-26	1.823729e-26	1.021297e-26
	5.550651e-27	2.901660e-27	1.431919e-27	6.361530e-28	2.163370e-28
	1.000000e-60
massfraction-C2H
	1.000000e-60	6.215523e-31	1.151149e-30	1.474214e-30	5.226369e-30
	1.122609e-29	2.762746e-29	4.223414e-29	8.529501e-29	1.827552e-28
	3.616911e-28	7.553621e-28	1.652459e-27	3.771142e-27	9.064606e-27
	2.286951e-26	6.040217e-26	1.660501e-25	4.710753e-25	1.367982e-24
	4.029295e-24	1.193701e-23	3.528981e-23	1.034152e-22	2.987709e-22
	8.475975e-22	2.355517e-21	6.408607e-21	1.709535e-20	4.488573e-20
	1.166743e-19	3.014171e-19	7.714702e-19	1.942934e-18	4.813768e-18
	1.183246e-17	2.906417e-17	7.118901e-17	1.725171e-16	4.117308e-16
	9.701501e-16	2.272306e-15	5.324383e-15	1.252534e-14	2.965220e-14
	7.090110e-14	1.719596e-13	4.243319e-13	1.065602e-12	2.718176e-12
	7.025404e-12	1.832851e-11	4.779126e-11	1.219559e-10	2.960636e-10
	6.678978e-10	1.385855e-09	2.651356e-09	4.724509e-09	7.941606e-09
	1.274535e-08	1.972340e-08	2.965523e-08	4.355958e-08	6.274339e-08
	8.890292e-08	1.243112e-07	1.719859e-07	2.356637e-07	3.195333e-07
	4.277109e-07	5.631672e-07	7.262970e-07	9.146458e-07	1.124522e-06
	1.352767e-06	1.596799e-06	1.853193e-06	2.116327e-06	2.377998e-06
	2.628335e-06	2.857416e-06	3.056142e-06	3.215914e-06	3.328587e-06
	3.387616e-06	3.388853e-06	3.330006e-06	3.210332e-06	3.031455e-06
	2.797949e-06	2.516581e-06	2.195765e-06	1.847944e-06	1.492608e-06
	1.153326e-06	8.493166e-07	5.906110e-07	3.806619e-07	2.207276e-07
	1.106447e-07	4.588857e-08	1.515071e-08	3.880576e-09	7.785246e-10
	1.332191e-10	2.284797e-11	4.530389e-12	1.067918e-12	2.867673e-13
	8.422995e-14	2.641449e-14	8.712899e-15	2.982148e-15	1.041173e-15
	3.630845e-16	1.236786e-16	4.031145e-17	1.236306e-17	3.537667e-18
	9.572720e-19	2.541813e-19	6.787376e-20	1.782966e-20	4.344960e-21
	9.311117e-22	1.753621e-22	3.137646e-23	6.061507e-24	1.399755e-24
	3.988448e-25	1.375544e-25	5.514824e-26	2.457359e-26	1.164850e-26
	5.621262e-27	2.627386e-27	1.110029e-27	3.736396e-28	7.029554e-29
	1.000000e-60
massfraction-C2H2
	1.000000e-60	1.015723e-05	2.443112e-05	4.389224e-05	6.965118e-05
	1.029105e-04	1.449158e-04	1.968757e-04	2.599197e-04	3.350660e-04
	4.231997e-04	5.250629e-04	6.412541e-04	7.722346e-04	9.183399e-04
	1.079793e-03	1.256720e-03	1.449163e-03	1.657095e-03	1.880430e-03
	2.119036e-03	2.372746e-03	2.641364e-03	2.924680e-03	3.222489e-03
	3.534626e-03	3.861028e-03	4.201870e-03	4.557780e-03	4.930071e-03
	5.320752e-03	5.730946e-03	6.158234e-03	6.597621e-03	7.046758e-03
	7.508094e-03	7.984515e-03	8.474806e-03	8.974854e-03	9.482251e-03
	9.998732e-03	1.052896e-02	1.107774e-02	1.164823e-02	1.224259e-02
	1.286413e-02	1.351429e-02	1.419522e-02	1.490593e-02	1.564303e-02
	1.640153e-02	1.717392e-02	1.794584e-02	1.869199e-02	1.938079e-02
	1.998671e-02	2.049792e-02	2.091492e-02	2.124485e-02	2.149653e-02
	2.167765e-02	2.179379e-02	2.184848e-02	2.184341e-02	2.177880e-02
	2.165331e-02	2.146334e-02	2.120267e-02	2.086350e-02	2.043849e-02
	1.992287e-02	1.931770e-02	1.863283e-02	1.788445e-02	1.708718e-02
	1.624834e-02	1.536924e-02	1.445056e-02	1.349679e-02	1.251756e-02
	1.152570e-02	1.053306e-02	9.548384e-03	8.579537e-03	7.636688e-03
	6.730745e-03	5.869118e-03	5.055501e-03	4.293500e-03	3.588397e-03
	2.945252e-03	2.366358e-03	1.851980e-03	1.404231e-03	1.027994e-03
	7.257932e-04	4.929868e-04	3.191967e-04	1.932754e-04	1.062741e-04
	5.110025e-05	2.065225e-05	6.790193e-06	1.782324e-06	3.801833e-07
	7.231773e-08	1.445978e-08	3.491364e-09	1.039103e-09	3.633013e-10
	1.429828e-10	6.188241e-11	2.910337e-11	1.475885e-11	8.017023e-12
	4.643502e-12	2.866458e-12	1.889860e-12	1.328374e-12	9.844532e-13
	7.564021e-13	5.935075e-13	4.697434e-13	3.701727e-13	2.859990e-13
	2.133210e-13	1.520185e-13	1.034475e-13	6.789053e-14	4.353086e-14
	2.748124e-14	1.711083e-14	1.048754e-14	6.304380e-15	3.700239e-15
	2.107995e-15	1.154441e-15	5.958861e-16	2.761195e-16	9.751748e-17
	1.000000e-60
massfraction-CHCO
	1.000000e-60	3.491612e-06	7.993181e-06	1.364455e-05	2.056221e-05
	2.886072e-05	3.864343e-05	4.998999e-05	6.295554e-05	7.757193e-05
	9.385020e-05	1.117840e-04	1.313531e-04	1.525273e-04	1.752692e-04
	1.995369e-04	2.252865e-04	2.524730e-04	2.810520e-04	3.109800e-04
	3.422154e-04	3.747182e-04	4.084511e-04	4.433796e-04	4.794741e-04
	5.167128e-04	5.550883e-04	5.946223e-04	6.353875e-04	6.775323e-04
	7.212773e-04	7.667390e-04	8.136448e-04	8.614556e-04	9.099350e-04
	9.593660e-04	1.010070e-03	1.061930e-03	1.114527e-03	1.167633e-03
	1.221451e-03	1.276488e-03	1.333258e-03	1.392104e-03	1.453265e-03
	1.517116e-03	1.583816e-03	1.653637e-03	1.726537e-03	1.802241e-03
	1.880330e-03	1.960142e-03	2.040323e-03	2.118378e-03	2.191126e-03
	2.255986e-03	2.311822e-03	2.358827e-03	2.397948e-03	2.430344e-03
	2.457077e-03	2.478994e-03	2.496728e-03	2.510722e-03	2.521256e-03
	2.528481e-03	2.532408e-03	2.532854e-03	2.529431e-03	2.521604e-03
	2.508778e-03	2.490449e-03	2.466407e-03	2.436778e-03	2.401761e-03
	2.361296e-03	2.314975e-03	2.262226e-03	2.202561e-03	2.135747e-03
	2.061801e-03	1.980763e-03	1.892510e-03	1.796895e-03	1.694115e-03
	1.584708e-03	1.469129e-03	1.347605e-03	1.220580e-03	1.089147e-03
	9.549486e-04	8.197016e-04	6.852030e-04	5.543417e-04	4.318323e-04
	3.228833e-04	2.307834e-04	1.561092e-04	9.796124e-05	5.527188e-05
	2.690437e-05	1.080610e-05	3.450004e-06	8.556198e-07	1.666621e-07
	2.761906e-08	4.560419e-09	8.904159e-10	2.199594e-10	6.588207e-11
	2.250761e-11	8.441677e-12	3.406553e-12	1.460012e-12	6.567854e-13
	3.066946e-13	1.475352e-13	7.299067e-14	3.734145e-14	2.005419e-14
	1.161248e-14	7.410932e-15	5.163109e-15	3.770728e-15	2.736903e-15
	1.872307e-15	1.163799e-15	6.588986e-16	3.538949e-16	1.887472e-16
	1.025411e-16	5.712135e-17	3.252784e-17	1.881281e-17	1.097229e-17
	6.400095e-18	3.687154e-18	2.048049e-18	1.037739e-18	4.034880e-19
	1.000000e-60
massfraction-C3H3
	1.000000e-60	1.281327e-25	3.390900e-25	7.015255e-25	1.365456e-24
	2.665548e-24	5.361012e-24	1.121358e-23	2.441616e-23	5.518490e-23
	1.289243e-22	3.098826e-22	7.627156e-22	1.913521e-21	4.871821e-21
	1.253499e-20	3.246686e-20	8.435031e-20	2.191071e-19	5.674097e-19
	1.461200e-18	3.733824e-18	9.450148e-18	2.365509e-17	5.849569e-17
	1.427961e-16	3.440191e-16	8.182629e-16	1.924141e-15	4.484685e-15
	1.039697e-14	2.401090e-14	5.498286e-14	1.238321e-13	2.734969e-13
	5.952533e-13	1.283485e-12	2.739620e-12	5.762672e-12	1.192240e-11
	2.434826e-11	4.942814e-11	1.004125e-10	2.050089e-10	4.218702e-10
	8.779142e-10	1.852666e-09	3.971410e-09	8.647508e-09	1.909565e-08
	4.266234e-08	9.605864e-08	2.159244e-07	4.752432e-07	9.974564e-07
	1.951225e-06	3.519031e-06	5.859563e-06	9.090251e-06	1.329291e-05
	1.852731e-05	2.484128e-05	3.227950e-05	4.088733e-05	5.071442e-05
	6.183751e-05	7.438963e-05	8.854718e-05	1.044639e-04	1.221964e-04
	1.416428e-04	1.624569e-04	1.839995e-04	2.054807e-04	2.262145e-04
	2.457214e-04	2.636130e-04	2.794224e-04	2.925387e-04	3.022639e-04
	3.079454e-04	3.090850e-04	3.053565e-04	2.966015e-04	2.829027e-04
	2.646506e-04	2.424683e-04	2.171101e-04	1.894899e-04	1.607303e-04
	1.320600e-04	1.046104e-04	7.934077e-05	5.715832e-05	3.889369e-05
	2.494752e-05	1.504497e-05	8.444151e-06	4.318748e-06	1.955451e-06
	7.638745e-07	2.563910e-07	7.559833e-08	1.985735e-08	4.547266e-09
	8.838314e-10	1.465186e-10	2.145235e-11	2.903372e-12	3.762102e-13
	4.721138e-14	5.691552e-15	6.461120e-16	6.680461e-17	5.954120e-18
	4.206349e-19	2.103675e-20	6.529759e-22	1.110048e-23	9.538474e-26
	4.226349e-28	1.337296e-30	2.360138e-32	1.476344e-33	8.908830e-35
	4.866316e-36	2.401032e-37	1.063130e-38	4.585941e-40	4.894383e-41
	2.092322e-41	7.483193e-43	1.000000e-60	1.000000e-60	2.414756e-44
	1.000000e-60	3.179681e-44	1.000000e-60	3.761265e-46	1.000000e-60
	1.000000e-60
massfraction-C2H3
	1.000000e-60	1.847779e-18	4.117874e-18	6.851275e-18	1.009499e-17
	1.398223e-17	1.882004e-17	2.519466e-17	3.415971e-17	4.760967e-17
	6.905027e-17	1.052269e-16	1.696651e-16	2.905996e-16	5.292250e-16
	1.022710e-15	2.087428e-15	4.469638e-15	9.957111e-15	2.286746e-14
	5.363336e-14	1.272905e-13	3.030902e-13	7.184372e-13	1.683693e-12
	3.877731e-12	8.730068e-12	1.912166e-11	4.058249e-11	8.319460e-11
	1.643697e-10	3.119040e-10	5.646306e-10	9.690501e-10	1.577713e-09
	2.453278e-09	3.666662e-09	5.281447e-09	7.341695e-09	9.881336e-09
	1.294415e-08	1.659033e-08	2.088044e-08	2.584732e-08	3.148124e-08
	3.774133e-08	4.458264e-08	5.207422e-08	6.063476e-08	7.140712e-08
	8.672387e-08	1.108001e-07	1.509390e-07	2.191029e-07	3.327069e-07
	5.131777e-07	7.824107e-07	1.159620e-06	1.660836e-06	2.300429e-06
	3.092381e-06	4.049735e-06	5.182617e-06	6.494616e-06	7.978970e-06
	9.618291e-06	1.138571e-05	1.323974e-05	1.511375e-05	1.691138e-05
	1.851425e-05	1.979877e-05	2.066450e-05	2.106507e-05	2.101201e-05
	2.054918e-05	1.972806e-05	1.860203e-05	1.723214e-05	1.569089e-05
	1.405708e-05	1.240363e-05	1.078915e-05	9.259626e-06	7.852531e-06
	6.593641e-06	5.492148e-06	4.543797e-06	3.738234e-06	3.062244e-06
	2.499125e-06	2.028828e-06	1.631173e-06	1.290566e-06	9.983119e-07
	7.507956e-07	5.456959e-07	3.798494e-07	2.498371e-07	1.528843e-07
	8.608329e-08	4.465056e-08	2.155986e-08	9.722060e-09	4.062989e-09
	1.572991e-09	5.756487e-10	2.065491e-10	7.562280e-11	2.910567e-11
	1.193987e-11	5.230815e-12	2.433586e-12	1.185855e-12	5.903020e-13
	2.890180e-13	1.328445e-13	5.522189e-14	2.071299e-14	7.230251e-15
	2.434836e-15	8.184024e-16	2.846056e-16	1.046666e-16	4.025237e-17
	1.560574e-17	5.923989e-18	2.199988e-18	8.145877e-19	3.057430e-19
	1.165152e-19	4.467666e-20	1.701020e-20	6.340511e-21	2.281634e-21
	7.802472e-22	2.479258e-22	7.019120e-23	1.603476e-23	2.131056e-24
	1.000000e-60
massfraction-C2H4
	1.000000e-60	5.877028e-06	1.429253e-05	2.597452e-05	4.170277e-05
	6.233892e-05	8.879560e-05	1.219828e-04	1.627753e-04	2.119848e-04
	2.703388e-04	3.384677e-04	4.168983e-04	5.060537e-04	6.062571e-04
	7.177389e-04	8.406460e-04	9.750507e-04	1.120961e-03	1.278331e-03
	1.447066e-03	1.627040e-03	1.818092e-03	2.020050e-03	2.232736e-03
	2.455999e-03	2.689758e-03	2.934101e-03	3.189442e-03	3.456689e-03
	3.737249e-03	4.031895e-03	4.338853e-03	4.654498e-03	4.977110e-03
	5.308417e-03	5.650460e-03	6.002336e-03	6.361064e-03	6.724889e-03
	7.095025e-03	7.474771e-03	7.867515e-03	8.275425e-03	8.699911e-03
	9.143137e-03	9.605832e-03	1.008899e-02	1.059102e-02	1.110799e-02
	1.163369e-02	1.215818e-02	1.266358e-02	1.312061e-02	1.349322e-02
	1.375094e-02	1.387791e-02	1.387315e-02	1.374509e-02	1.350585e-02
	1.316773e-02	1.274208e-02	1.223911e-02	1.166824e-02	1.103838e-02
	1.035695e-02	9.628729e-03	8.857593e-03	8.050382e-03	7.219516e-03
	6.383053e-03	5.564439e-03	4.789941e-03	4.080760e-03	3.446139e-03
	2.884409e-03	2.389383e-03	1.955573e-03	1.579566e-03	1.258968e-03
	9.906963e-04	7.699974e-04	5.909239e-04	4.475578e-04	3.346130e-04
	2.471440e-04	1.803355e-04	1.298443e-04	9.212435e-05	6.436189e-05
	4.425355e-05	2.989012e-05	1.976238e-05	1.275859e-05	8.059987e-06
	5.012342e-06	3.081599e-06	1.868328e-06	1.106891e-06	6.332807e-07
	3.462955e-07	1.797959e-07	8.802087e-08	4.003728e-08	1.663733e-08
	6.315340e-09	2.246211e-09	7.804737e-10	2.764939e-10	1.029876e-10
	4.091257e-11	1.739606e-11	7.909084e-12	3.830000e-12	1.963165e-12
	1.058618e-12	5.993657e-13	3.578243e-13	2.266190e-13	1.521085e-13
	1.071830e-13	7.827811e-14	5.842181e-14	4.383205e-14	3.245259e-14
	2.330579e-14	1.605823e-14	1.061002e-14	6.787874e-15	4.257015e-15
	2.635198e-15	1.611650e-15	9.714095e-16	5.747006e-16	3.321620e-16
	1.864369e-16	1.006519e-16	5.125311e-17	2.345244e-17	8.189805e-18
	1.000000e-60
massfraction-C2H5
	1.000000e-60	5.793459e-11	1.424264e-10	2.617964e-10	4.252274e-10
	6.430815e-10	9.265874e-10	1.287253e-09	1.736467e-09	2.285135e-09
	2.943390e-09	3.720374e-09	4.624122e-09	5.661509e-09	6.838274e-09
	8.159077e-09	9.627615e-09	1.124675e-08	1.301866e-08	1.494502e-08
	1.702721e-08	1.926649e-08	2.166429e-08	2.422248e-08	2.694376e-08
	2.983218e-08	3.289402e-08	3.613927e-08	3.958406e-08	4.325342e-08
	4.718189e-08	5.139757e-08	5.589159e-08	6.062167e-08	6.556297e-08
	7.073120e-08	7.613090e-08	8.169365e-08	8.728133e-08	9.273348e-08
	9.788596e-08	1.025366e-07	1.063924e-07	1.090514e-07	1.100538e-07
	1.090104e-07	1.057978e-07	1.009233e-07	9.579606e-08	9.265390e-08
	9.401431e-08	1.022957e-07	1.202737e-07	1.519146e-07	2.025729e-07
	2.783164e-07	3.848717e-07	5.268429e-07	7.075522e-07	9.292095e-07
	1.192834e-06	1.497637e-06	1.840174e-06	2.213355e-06	2.605863e-06
	3.002911e-06	3.387283e-06	3.738913e-06	4.034336e-06	4.248889e-06
	4.361728e-06	4.361618e-06	4.251883e-06	4.050228e-06	3.781063e-06
	3.466847e-06	3.125089e-06	2.770035e-06	2.414680e-06	2.071136e-06
	1.749430e-06	1.456065e-06	1.194004e-06	9.641174e-07	7.663675e-07
	5.996482e-07	4.614381e-07	3.484349e-07	2.574542e-07	1.856483e-07
	1.302595e-07	8.850900e-08	5.781616e-08	3.603792e-08	2.136440e-08
	1.206469e-08	6.496916e-09	3.318611e-09	1.591459e-09	7.144316e-10
	3.079855e-10	1.352758e-10	6.281154e-11	2.967916e-11	1.340940e-11
	5.655418e-12	2.271174e-12	9.060667e-13	3.749957e-13	1.658590e-13
	7.933098e-14	4.100040e-14	2.269303e-14	1.322538e-14	7.907203e-15
	4.685189e-15	2.646868e-15	1.379455e-15	6.523602e-16	2.805227e-16
	1.109048e-16	4.013316e-17	1.300857e-17	3.770702e-18	1.014900e-18
	2.707409e-19	7.506416e-20	2.197135e-20	6.837045e-21	2.260428e-21
	7.834988e-22	2.792515e-22	1.004309e-22	3.588248e-23	1.259477e-23
	4.311864e-24	1.433912e-24	4.614197e-25	1.414041e-25	3.699305e-26
	1.000000e-60
massfraction-C3H4
	1.000000e-60	2.515234e-08	6.424435e-08	1.229567e-07	2.081594e-07
	3.281625e-07	4.926380e-07	7.123104e-07	9.986646e-07	1.363611e-06
	1.819144e-06	2.377024e-06	3.048501e-06	3.844100e-06	4.773460e-06
	5.845223e-06	7.066979e-06	8.445242e-06	9.985465e-06	1.169207e-05
	1.356850e-05	1.561729e-05	1.784014e-05	2.023807e-05	2.281159e-05
	2.556105e-05	2.848729e-05	3.159300e-05	3.488484e-05	3.837600e-05
	4.208655e-05	4.602853e-05	5.017933e-05	5.448962e-05	5.893435e-05
	6.353562e-05	6.832058e-05	7.327528e-05	7.835571e-05	8.353434e-05
	8.882573e-05	9.427467e-05	9.992785e-05	1.058147e-04	1.119538e-04
	1.183741e-04	1.250864e-04	1.321047e-04	1.394098e-04	1.469564e-04
	1.546813e-04	1.624956e-04	1.702422e-04	1.776597e-04	1.844350e-04
	1.903307e-04	1.952620e-04	1.992810e-04	2.025177e-04	2.051251e-04
	2.072483e-04	2.090122e-04	2.105214e-04	2.118618e-04	2.131042e-04
	2.143083e-04	2.155271e-04	2.168052e-04	2.181746e-04	2.196481e-04
	2.212114e-04	2.228131e-04	2.243595e-04	2.257304e-04	2.268038e-04
	2.274619e-04	2.275745e-04	2.269843e-04	2.255089e-04	2.229614e-04
	2.191770e-04	2.140228e-04	2.073931e-04	1.992206e-04	1.895177e-04
	1.783912e-04	1.659979e-04	1.525108e-04	1.381506e-04	1.232212e-04
	1.080763e-04	9.304096e-05	7.839314e-05	6.445892e-05	5.167160e-05
	4.043216e-05	3.090593e-05	2.299883e-05	1.650863e-05	1.126858e-05
	7.189306e-06	4.215785e-06	2.240616e-06	1.065162e-06	4.490343e-07
	1.694490e-07	5.913259e-08	1.998235e-08	6.842696e-09	2.452692e-09
	9.341692e-10	3.794466e-10	1.641418e-10	7.527212e-11	3.631872e-11
	1.828544e-11	9.554843e-12	5.181164e-12	2.923315e-12	1.715701e-12
	1.043135e-12	6.532677e-13	4.174237e-13	2.676560e-13	1.684567e-13
	1.019977e-13	5.886326e-14	3.256464e-14	1.757041e-14	9.402881e-15
	5.026933e-15	2.682095e-15	1.421146e-15	7.432392e-16	3.813588e-16
	1.907494e-16	9.216376e-17	4.224054e-17	1.753463e-17	5.615143e-18
	1.000000e-60
massfraction-C3H5
	1.000000e-60	1.195121e-09	3.074569e-09	5.929463e-09	1.011745e-08
	1.607665e-08	2.432354e-08	3.543851e-08	5.005139e-08	6.882385e-08
	9.243091e-08	1.215428e-07	1.568091e-07	1.988451e-07	2.482217e-07
	3.054577e-07	3.710151e-07	4.452967e-07	5.286456e-07	6.213459e-07
	7.236250e-07	8.356566e-07	9.575654e-07	1.089434e-06	1.231313e-06
	1.383241e-06	1.545280e-06	1.717593e-06	1.900561e-06	2.094928e-06
	2.301824e-06	2.521932e-06	2.753998e-06	2.995260e-06	3.244304e-06
	3.502355e-06	3.770922e-06	4.049208e-06	4.334719e-06	4.625876e-06
	4.923463e-06	5.229956e-06	5.547921e-06	5.878930e-06	6.223891e-06
	6.584208e-06	6.960129e-06	7.351802e-06	7.757046e-06	8.171379e-06
	8.587863e-06	8.995682e-06	9.376972e-06	9.705996e-06	9.957724e-06
	1.012252e-05	1.021192e-05	1.025027e-05	1.026217e-05	1.026496e-05
	1.026731e-05	1.027062e-05	1.027111e-05	1.026168e-05	1.023360e-05
	1.017785e-05	1.008583e-05	9.950046e-06	9.765384e-06	9.531245e-06
	9.253202e-06	8.943854e-06	8.621495e-06	8.304769e-06	8.006504e-06
	7.731918e-06	7.481007e-06	7.251361e-06	7.039316e-06	6.840016e-06
	6.647280e-06	6.453747e-06	6.251481e-06	6.033095e-06	5.793039e-06
	5.528039e-06	5.236317e-06	4.917025e-06	4.571013e-06	4.201712e-06
	3.814514e-06	3.414888e-06	3.007779e-06	2.600263e-06	2.204092e-06
	1.832761e-06	1.495068e-06	1.192486e-06	9.224973e-07	6.834736e-07
	4.773557e-07	3.092018e-07	1.831106e-07	9.784858e-08	4.679243e-08
	2.019027e-08	8.087669e-09	3.127989e-09	1.212936e-09	4.842958e-10
	2.016704e-10	8.796424e-11	4.023348e-11	1.927760e-11	9.647024e-12
	5.030282e-12	2.742929e-12	1.585211e-12	9.884968e-13	6.685191e-13
	4.815286e-13	3.586515e-13	2.694017e-13	2.001201e-13	1.442211e-13
	9.902290e-14	6.404115e-14	3.905133e-14	2.275981e-14	1.289271e-14
	7.169236e-15	3.923115e-15	2.108796e-15	1.109430e-15	5.689527e-16
	2.830613e-16	1.355730e-16	6.146506e-17	2.521850e-17	7.985125e-18
	1.000000e-60
massfraction-C3H6
	1.000000e-60	4.474135e-08	1.161290e-07	2.260922e-07	3.895667e-07
	6.251373e-07	9.550555e-07	1.404737e-06	2.002203e-06	2.777362e-06
	3.761198e-06	4.984951e-06	6.479357e-06	8.273985e-06	1.039669e-05
	1.287318e-05	1.572674e-05	1.897804e-05	2.264503e-05	2.674292e-05
	3.128424e-05	3.627894e-05	4.173456e-05	4.765655e-05	5.404867e-05
	6.091396e-05	6.825630e-05	7.608389e-05	8.441485e-05	9.328373e-05
	1.027428e-04	1.128238e-04	1.234695e-04	1.345525e-04	1.460067e-04
	1.578869e-04	1.702610e-04	1.830906e-04	1.962586e-04	2.096896e-04
	2.234175e-04	2.375540e-04	2.522147e-04	2.674692e-04	2.833559e-04
	2.999356e-04	3.172157e-04	3.351976e-04	3.537738e-04	3.727247e-04
	3.916989e-04	4.101134e-04	4.269288e-04	4.404715e-04	4.486980e-04
	4.499678e-04	4.437420e-04	4.306678e-04	4.121144e-04	3.896195e-04
	3.645504e-04	3.379924e-04	3.107445e-04	2.833752e-04	2.562823e-04
	2.297032e-04	2.037365e-04	1.784515e-04	1.540221e-04	1.307662e-04
	1.090959e-04	8.946515e-05	7.227399e-05	5.769823e-05	4.561248e-05
	3.569589e-05	2.759765e-05	2.102952e-05	1.577098e-05	1.163894e-05
	8.459740e-06	6.060197e-06	4.277928e-06	2.974818e-06	2.039382e-06
	1.380474e-06	9.233158e-07	6.097273e-07	3.971422e-07	2.550332e-07
	1.613226e-07	1.001465e-07	6.055220e-08	3.533854e-08	1.977389e-08
	1.056332e-08	5.346972e-09	2.518943e-09	1.070152e-09	3.928623e-10
	1.189981e-10	2.868471e-11	5.402064e-12	7.895173e-13	9.079374e-14
	8.701002e-15	7.659178e-16	6.901528e-17	6.991513e-18	8.502134e-19
	1.287324e-19	2.466012e-20	5.976992e-21	1.803450e-21	6.581674e-22
	2.810647e-22	1.371954e-22	7.690183e-23	5.090335e-23	3.953987e-23
	3.332566e-23	2.819786e-23	2.323720e-23	1.851576e-23	1.415213e-23
	1.025184e-23	6.968852e-24	4.439504e-24	2.675712e-24	1.547385e-24
	8.675281e-25	4.738378e-25	2.524263e-25	1.310137e-25	6.610535e-26
	3.231251e-26	1.519780e-26	6.768186e-27	2.730501e-27	8.516639e-28
	1.000000e-60
massfraction-N-C3H7
	1.000000e-60	3.712185e-12	9.648784e-12	1.881349e-11	3.246667e-11
	5.218047e-11	7.984173e-11	1.176110e-10	1.678763e-10	2.331924e-10
	3.162122e-10	4.196166e-10	5.460494e-10	6.980592e-10	8.780521e-10
	1.088254e-09	1.330685e-09	1.607140e-09	1.919179e-09	2.268124e-09
	2.655053e-09	3.080805e-09	3.545966e-09	4.050852e-09	4.595454e-09
	5.179314e-09	5.801258e-09	6.458874e-09	7.147368e-09	7.856988e-09
	8.567279e-09	9.234441e-09	9.775844e-09	1.007101e-08	9.987438e-09
	9.421771e-09	8.372204e-09	7.024430e-09	5.697446e-09	4.618857e-09
	3.817075e-09	3.223682e-09	2.775027e-09	2.431921e-09	2.170226e-09
	1.973745e-09	1.830766e-09	1.733930e-09	1.679659e-09	1.667749e-09
	1.701160e-09	1.786372e-09	1.933263e-09	2.152616e-09	2.450709e-09
	2.824325e-09	3.260139e-09	3.738790e-09	4.240230e-09	4.746672e-09
	5.242318e-09	5.711283e-09	6.135788e-09	6.495394e-09	6.768047e-09
	6.932575e-09	6.970442e-09	6.866712e-09	6.613025e-09	6.212800e-09
	5.685243e-09	5.066372e-09	4.404732e-09	3.748664e-09	3.132612e-09
	2.573719e-09	2.077888e-09	1.646646e-09	1.280019e-09	9.764352e-10
	7.317965e-10	5.393677e-10	3.910098e-10	2.787720e-10	1.956154e-10
	1.352902e-10	9.227153e-11	6.200341e-11	4.100175e-11	2.666816e-11
	1.704715e-11	1.067706e-11	6.511607e-12	3.839982e-12	2.180358e-12
	1.189438e-12	6.196650e-13	3.032377e-13	1.353239e-13	5.290079e-14
	1.733344e-14	4.590782e-15	9.620997e-16	1.580198e-16	2.058061e-17
	2.240755e-18	2.229396e-19	2.239153e-20	2.477472e-21	3.212628e-22
	5.065894e-23	9.944657e-24	2.473231e-24	7.854747e-25	3.181160e-25
	1.617291e-25	1.010015e-25	7.934265e-26	8.060852e-26	1.052896e-25
	1.631416e-25	2.647732e-25	3.319756e-25	2.997153e-25	2.304331e-25
	1.613241e-25	1.044736e-25	6.321766e-26	3.637593e-26	2.028472e-26
	1.108502e-26	5.954644e-27	3.139562e-27	1.619057e-27	8.134889e-28
	3.964144e-28	1.859786e-28	8.263817e-29	3.327100e-29	1.035877e-29
	1.000000e-60
massfraction-I-C3H7
	1.000000e-60	8.270510e-11	2.149691e-10	4.191546e-10	7.233451e-10
	1.162573e-09	1.778889e-09	2.620450e-09	3.740501e-09	5.196018e-09
	7.046203e-09	9.350931e-09	1.216931e-08	1.555844e-08	1.957236e-08
	2.426132e-08	2.967123e-08	3.584340e-08	4.281447e-08	5.061657e-08
	5.927764e-08	6.882190e-08	7.927056e-08	9.064276e-08	1.029568e-07
	1.162321e-07	1.304923e-07	1.457705e-07	1.621181e-07	1.796116e-07
	1.983420e-07	2.183118e-07	2.392456e-07	2.605529e-07	2.814875e-07
	3.010937e-07	3.177440e-07	3.287673e-07	3.307362e-07	3.203577e-07
	2.956389e-07	2.573777e-07	2.106776e-07	1.643741e-07	1.263687e-07
	9.889326e-08	7.968099e-08	6.602495e-08	5.622277e-08	4.927892e-08
	4.456664e-08	4.169321e-08	4.043821e-08	4.067785e-08	4.227374e-08
	4.499178e-08	4.850908e-08	5.248160e-08	5.660789e-08	6.065040e-08
	6.441824e-08	6.773612e-08	7.042196e-08	7.228173e-08	7.312412e-08
	7.278485e-08	7.114106e-08	6.812346e-08	6.374990e-08	5.816847e-08
	5.167458e-08	4.469507e-08	3.772292e-08	3.118573e-08	2.533537e-08
	2.024965e-08	1.591072e-08	1.227294e-08	9.286767e-09	6.896232e-09
	5.031806e-09	3.610992e-09	2.548777e-09	1.768962e-09	1.207959e-09
	8.125810e-10	5.385658e-10	3.511932e-10	2.249117e-10	1.413011e-10
	8.697606e-11	5.227799e-11	3.049868e-11	1.717295e-11	9.321945e-12
	4.888570e-12	2.471920e-12	1.189285e-12	5.300725e-13	2.108166e-13
	7.169631e-14	2.007279e-14	4.507095e-15	8.003691e-16	1.133870e-16
	1.344581e-17	1.449262e-18	1.559374e-19	1.819281e-20	2.435112e-21
	3.848156e-22	7.265045e-23	1.646236e-23	4.481630e-24	1.466783e-24
	5.817808e-25	2.864127e-25	1.812247e-25	1.443551e-25	1.111182e-25
	6.066323e-26	2.745806e-26	1.257335e-26	6.184430e-27	3.227775e-27
	1.739061e-27	9.461434e-28	5.110284e-28	2.704392e-28	1.391831e-28
	6.937880e-29	3.338368e-29	1.544874e-29	6.848158e-30	2.898164e-30
	1.167710e-30	4.465306e-31	1.608935e-31	5.324488e-32	1.427732e-32
	1.000000e-60
massfraction-C3H8
	1.000000e+00	9.991320e-01	9.979880e-01	9.965188e-01	9.946791e-01
	9.924223e-01	9.897030e-01	9.864814e-01	9.827236e-01	9.784029e-01
	9.734989e-01	9.679971e-01	9.618886e-01	9.551685e-01	9.478359e-01
	9.398924e-01	9.313419e-01	9.221898e-01	9.124429e-01	9.021085e-01
	8.911949e-01	8.797104e-01	8.676637e-01	8.550633e-01	8.419167e-01
	8.282292e-01	8.140014e-01	7.992233e-01	7.838657e-01	7.678701e-01
	7.511491e-01	7.336537e-01	7.154856e-01	6.968539e-01	6.778539e-01
	6.583779e-01	6.383007e-01	6.176703e-01	5.966559e-01	5.753547e-01
	5.536895e-01	5.314613e-01	5.084646e-01	4.845634e-01	4.596634e-01
	4.336729e-01	4.064192e-01	3.778580e-01	3.480212e-01	3.170397e-01
	2.851115e-01	2.525391e-01	2.199126e-01	1.882812e-01	1.589504e-01
	1.329460e-01	1.106774e-01	9.200115e-02	7.647205e-02	6.356571e-02
	5.280256e-02	4.378926e-02	3.621346e-02	2.983067e-02	2.444764e-02
	1.990197e-02	1.605412e-02	1.279470e-02	1.004830e-02	7.763291e-03
	5.897423e-03	4.410555e-03	3.258872e-03	2.389127e-03	1.741863e-03
	1.261823e-03	9.054579e-04	6.415634e-04	4.479949e-04	3.082165e-04
	2.090900e-04	1.399310e-04	9.232574e-05	6.000146e-05	3.841645e-05
	2.425483e-05	1.509705e-05	9.244827e-06	5.556086e-06	3.271960e-06
	1.884901e-06	1.057996e-06	5.746332e-07	3.001126e-07	1.505761e-07
	7.280402e-08	3.388310e-08	1.497224e-08	6.106083e-09	2.208964e-09
	6.780001e-10	1.698197e-10	3.381619e-11	5.276044e-12	6.494209e-13
	6.603434e-14	6.012707e-15	5.376351e-16	5.122887e-17	5.499147e-18
	6.829392e-19	9.895299e-20	1.672899e-20	3.281098e-21	7.388910e-22
	1.892304e-22	5.509439e-23	1.848800e-23	7.295859e-24	3.407893e-24
	1.846381e-24	1.115832e-24	7.213410e-25	4.804507e-25	3.190039e-25
	2.055460e-25	1.263965e-25	7.397531e-26	4.164908e-26	2.288900e-26
	1.238156e-26	6.601769e-27	3.460932e-27	1.776649e-27	8.892925e-28
	4.319533e-28	2.020814e-28	8.957150e-29	3.598485e-29	1.118328e-29
	1.000000e-60
V [kg/(s*m^2)]
	1.826378e-01	1.754523e-01	1.683474e-01	1.614176e-01	1.547282e-01
	1.483000e-01	1.421357e-01	1.362337e-01	1.305881e-01	1.251895e-01
	1.200259e-01	1.150834e-01	1.103468e-01	1.058003e-01	1.014281e-01
	9.721485e-02	9.314561e-02	8.920643e-02	8.538431e-02	8.166731e-02
	7.804451e-02	7.450606e-02	7.104303e-02	6.764733e-02	6.431152e-02
	6.102844e-02	5.779073e-02	5.458969e-02	5.141383e-02	4.824751e-02
	4.507183e-02	4.187735e-02	3.868204e-02	3.551923e-02	3.239910e-02
	2.929827e-02	2.619317e-02	2.308854e-02	2.000608e-02	1.695484e-02
	1.391847e-02	1.086498e-02	7.763460e-03	4.593651e-03	1.340999e-03
	-2.012211e-03	-5.485983e-03	-9.095085e-03	-1.284407e-02	-1.672875e-02
	-2.074103e-02	-2.486442e-02	-2.905008e-02	-3.319016e-02	-3.713420e-02
	-4.075071e-02	-4.397302e-02	-4.679977e-02	-4.927026e-02	-5.143877e-02
	-5.335845e-02	-5.507458e-02	-5.662421e-02	-5.803697e-02	-5.933679e-02
	-6.054538e-02	-6.168406e-02	-6.277144e-02	-6.382004e-02	-6.483584e-02
	-6.581980e-02	-6.676784e-02	-6.767163e-02	-6.852431e-02	-6.932669e-02
	-7.008747e-02	-7.081830e-02	-7.152869e-02	-7.222388e-02	-7.290514e-02
	-7.357185e-02	-7.422419e-02	-7.486418e-02	-7.549399e-02	-7.611400e-02
	-7.672357e-02	-7.732379e-02	-7.791793e-02	-7.850924e-02	-7.909961e-02
	-7.969080e-02	-8.028684e-02	-8.089450e-02	-8.151947e-02	-8.216188e-02
	-8.281801e-02	-8.348824e-02	-8.418419e-02	-8.492979e-02	-8.575843e-02
	-8.670931e-02	-8.782167e-02	-8.913092e-02	-9.067424e-02	-9.248569e-02
	-9.456796e-02	-9.687464e-02	-9.932381e-02	-1.018266e-01	-1.043184e-01
	-1.067755e-01	-1.092023e-01	-1.116165e-01	-1.140480e-01	-1.165447e-01
	-1.191753e-01	-1.220222e-01	-1.251649e-01	-1.286556e-01	-1.324976e-01
	-1.366288e-01	-1.409532e-01	-1.454350e-01	-1.501698e-01	-1.553713e-01
	-1.612748e-01	-1.680029e-01	-1.754680e-01	-1.833938e-01	-1.914892e-01
	-1.996011e-01	-2.077017e-01	-2.158244e-01	-2.240187e-01	-2.323227e-01
	-2.407577e-01	-2.493283e-01	-2.580275e-01	-2.668370e-01	-2.757083e-01
	-2.845859e-01
density [kg/m^3]
	1.767629e+00	1.765341e+00	1.762359e+00	1.758469e+00	1.753414e+00
	1.746865e+00	1.738433e+00	1.727687e+00	1.714178e+00	1.697469e+00
	1.677169e+00	1.652980e+00	1.624721e+00	1.592362e+00	1.556032e+00
	1.516015e+00	1.472731e+00	1.426705e+00	1.378530e+00	1.328827e+00
	1.278209e+00	1.227251e+00	1.176469e+00	1.126303e+00	1.077118e+00
	1.029192e+00	9.827244e-01	9.378245e-01	8.945115e-01	8.527138e-01
	8.123014e-01	7.732560e-01	7.358561e-01	7.004816e-01	6.671838e-01
	6.356502e-01	6.056018e-01	5.770467e-01	5.501202e-01	5.248150e-01
	5.009167e-01	4.781256e-01	4.561992e-01	4.350078e-01	4.144820e-01
	3.945288e-01	3.751235e-01	3.562225e-01	3.378739e-01	3.201671e-01
	3.031933e-01	2.870562e-01	2.719442e-01	2.581724e-01	2.460709e-01
	2.357958e-01	2.272676e-01	2.202502e-01	2.144580e-01	2.096263e-01
	2.055393e-01	2.020318e-01	1.989792e-01	1.962873e-01	1.938842e-01
	1.917102e-01	1.897124e-01	1.878474e-01	1.860862e-01	1.844124e-01
	1.828198e-01	1.813108e-01	1.798955e-01	1.785819e-01	1.773668e-01
	1.762360e-01	1.751724e-01	1.741637e-01	1.732049e-01	1.722974e-01
	1.714452e-01	1.706514e-01	1.699170e-01	1.692429e-01	1.686328e-01
	1.680909e-01	1.676197e-01	1.672208e-01	1.668970e-01	1.666532e-01
	1.664950e-01	1.664286e-01	1.664622e-01	1.666069e-01	1.668726e-01
	1.672631e-01	1.677779e-01	1.684232e-01	1.692213e-01	1.702131e-01
	1.714552e-01	1.730130e-01	1.749571e-01	1.773829e-01	1.804204e-01
	1.842005e-01	1.888114e-01	1.942789e-01	2.005714e-01	2.076447e-01
	2.155061e-01	2.242281e-01	2.339380e-01	2.448434e-01	2.573005e-01
	2.718873e-01	2.894413e-01	3.110108e-01	3.376679e-01	3.701987e-01
	4.086818e-01	4.524351e-01	5.008825e-01	5.546107e-01	6.154162e-01
	6.848623e-01	7.619181e-01	8.414805e-01	9.159353e-01	9.793580e-01
	1.029798e+00	1.068135e+00	1.096366e+00	1.116633e+00	1.130836e+00
	1.140553e+00	1.147043e+00	1.151276e+00	1.153975e+00	1.155655e+00
	1.156679e+00
cp [J/m^3K]
	1.677129e+03	1.677348e+03	1.677705e+03	1.678310e+03	1.679317e+03
	1.680939e+03	1.683445e+03	1.687154e+03	1.692428e+03	1.699649e+03
	1.709201e+03	1.721441e+03	1.736680e+03	1.755156e+03	1.777020e+03
	1.802324e+03	1.831017e+03	1.862950e+03	1.897878e+03	1.935478e+03
	1.975359e+03	2.017080e+03	2.060164e+03	2.104116e+03	2.148438e+03
	2.192640e+03	2.236258e+03	2.278872e+03	2.320121e+03	2.359711e+03
	2.397379e+03	2.432733e+03	2.465110e+03	2.493823e+03	2.518561e+03
	2.539328e+03	2.556075e+03	2.568586e+03	2.576694e+03	2.580405e+03
	2.579803e+03	2.574887e+03	2.565512e+03	2.551449e+03	2.532413e+03
	2.508161e+03	2.475037e+03	2.433679e+03	2.386495e+03	2.333336e+03
	2.274263e+03	2.209662e+03	2.140701e+03	2.069883e+03	2.000775e+03
	1.936706e+03	1.879652e+03	1.830100e+03	1.787538e+03	1.751037e+03
	1.719619e+03	1.692425e+03	1.668746e+03	1.648009e+03	1.629754e+03
	1.613580e+03	1.599120e+03	1.586080e+03	1.574264e+03	1.563564e+03
	1.553919e+03	1.545302e+03	1.537696e+03	1.531046e+03	1.525231e+03
	1.520086e+03	1.515456e+03	1.511218e+03	1.507297e+03	1.503644e+03
	1.500227e+03	1.497014e+03	1.493970e+03	1.491063e+03	1.488275e+03
	1.485597e+03	1.483014e+03	1.480506e+03	1.478055e+03	1.475651e+03
	1.473285e+03	1.470940e+03	1.468588e+03	1.466204e+03	1.463781e+03
	1.461323e+03	1.458815e+03	1.456198e+03	1.453360e+03	1.450146e+03
	1.446363e+03	1.441795e+03	1.436218e+03	1.429377e+03	1.421008e+03
	1.410966e+03	1.399345e+03	1.386457e+03	1.372719e+03	1.358491e+03
	1.343955e+03	1.329147e+03	1.314025e+03	1.298475e+03	1.282263e+03
	1.265033e+03	1.246372e+03	1.225979e+03	1.203888e+03	1.178652e+03
	1.150593e+03	1.123928e+03	1.100803e+03	1.081390e+03	1.065077e+03
	1.051386e+03	1.040175e+03	1.031399e+03	1.024866e+03	1.020183e+03
	1.016885e+03	1.014575e+03	1.012961e+03	1.011838e+03	1.011064e+03
	1.010536e+03	1.010181e+03	1.009947e+03	1.009794e+03	1.009696e+03
	1.009633e+03
lambda [W/m]
	1.571348e-02	1.574907e-02	1.579335e-02	1.584910e-02	1.591997e-02
	1.601090e-02	1.612804e-02	1.627872e-02	1.647127e-02	1.671479e-02
	1.701891e-02	1.739346e-02	1.784808e-02	1.839196e-02	1.903349e-02
	1.978005e-02	2.063776e-02	2.161137e-02	2.270413e-02	2.391775e-02
	2.525245e-02	2.670694e-02	2.827859e-02	2.996354e-02	3.175696e-02
	3.365340e-02	3.564729e-02	3.773395e-02	3.991096e-02	4.217965e-02
	4.454496e-02	4.700573e-02	4.953929e-02	5.210867e-02	5.469402e-02
	5.730383e-02	5.994852e-02	6.261573e-02	6.527886e-02	6.792262e-02
	7.055420e-02	7.319481e-02	7.586448e-02	7.857327e-02	8.132469e-02
	8.412216e-02	8.690021e-02	8.967969e-02	9.251499e-02	9.538775e-02
	9.827647e-02	1.011545e-01	1.039763e-01	1.066649e-01	1.091303e-01
	1.113092e-01	1.131858e-01	1.147834e-01	1.161441e-01	1.173127e-01
	1.183288e-01	1.192241e-01	1.200235e-01	1.207464e-01	1.214082e-01
	1.220222e-01	1.226010e-01	1.231556e-01	1.236933e-01	1.242182e-01
	1.247310e-01	1.252295e-01	1.257085e-01	1.261626e-01	1.265905e-01
	1.269946e-01	1.273791e-01	1.277466e-01	1.280971e-01	1.284283e-01
	1.287372e-01	1.290207e-01	1.292767e-01	1.295033e-01	1.296973e-01
	1.298556e-01	1.299757e-01	1.300551e-01	1.300908e-01	1.300790e-01
	1.300153e-01	1.298950e-01	1.297113e-01	1.294562e-01	1.291242e-01
	1.287151e-01	1.282297e-01	1.276624e-01	1.269950e-01	1.261964e-01
	1.252257e-01	1.240394e-01	1.225948e-01	1.208416e-01	1.187226e-01
	1.162058e-01	1.133139e-01	1.101219e-01	1.067332e-01	1.032396e-01
	9.969099e-02	9.610206e-02	9.246978e-02	8.877373e-02	8.496749e-02
	8.097908e-02	7.673016e-02	7.217492e-02	6.734675e-02	6.230267e-02
	5.725357e-02	5.254513e-02	4.831811e-02	4.451837e-02	4.102438e-02
	3.777479e-02	3.482185e-02	3.228808e-02	3.026730e-02	2.875316e-02
	2.766041e-02	2.688668e-02	2.634496e-02	2.596953e-02	2.571266e-02
	2.553964e-02	2.542517e-02	2.535085e-02	2.530350e-02	2.527394e-02
	2.525581e-02
mu [kg/s^2m]
	8.255382e-06	8.263877e-06	8.275771e-06	8.292197e-06	8.314538e-06
	8.344527e-06	8.384256e-06	8.436130e-06	8.502812e-06	8.587151e-06
	8.692077e-06	8.820487e-06	8.975126e-06	9.158478e-06	9.372667e-06
	9.619390e-06	9.899880e-06	1.021489e-05	1.056474e-05	1.094930e-05
	1.136813e-05	1.182050e-05	1.230549e-05	1.282206e-05	1.336918e-05
	1.394590e-05	1.455155e-05	1.518598e-05	1.585004e-05	1.654598e-05
	1.727755e-05	1.804700e-05	1.885011e-05	1.967798e-05	2.052674e-05
	2.140176e-05	2.230940e-05	2.324847e-05	2.421222e-05	2.519718e-05
	2.620795e-05	2.725515e-05	2.835021e-05	2.950188e-05	3.071751e-05
	3.200616e-05	3.337859e-05	3.484411e-05	3.640738e-05	3.806837e-05
	3.982398e-05	4.166558e-05	4.356748e-05	4.547372e-05	4.730547e-05
	4.899179e-05	5.049410e-05	5.180777e-05	5.294992e-05	5.394621e-05
	5.482239e-05	5.560064e-05	5.629927e-05	5.693297e-05	5.751366e-05
	5.805204e-05	5.855847e-05	5.904195e-05	5.950865e-05	5.996177e-05
	6.040206e-05	6.082784e-05	6.123514e-05	6.162038e-05	6.198319e-05
	6.232670e-05	6.265526e-05	6.297216e-05	6.327856e-05	6.357377e-05
	6.385617e-05	6.412449e-05	6.437821e-05	6.461678e-05	6.483890e-05
	6.504296e-05	6.522800e-05	6.539362e-05	6.553909e-05	6.566309e-05
	6.576409e-05	6.584075e-05	6.589151e-05	6.591407e-05	6.590594e-05
	6.586607e-05	6.579491e-05	6.569224e-05	6.555486e-05	6.537560e-05
	6.514382e-05	6.484686e-05	6.447082e-05	6.399713e-05	6.340122e-05
	6.266097e-05	6.176750e-05	6.072972e-05	5.957164e-05	5.832079e-05
	5.699511e-05	5.560178e-05	5.414125e-05	5.260613e-05	5.097631e-05
	4.921749e-05	4.728831e-05	4.515785e-05	4.282989e-05	4.035948e-05
	3.785254e-05	3.542627e-05	3.314361e-05	3.099153e-05	2.892282e-05
	2.692153e-05	2.504170e-05	2.338637e-05	2.204115e-05	2.102030e-05
	2.027750e-05	1.974890e-05	1.937776e-05	1.912024e-05	1.894407e-05
	1.882557e-05	1.874737e-05	1.869680e-05	1.866478e-05	1.864495e-05
	1.863292e-05
mDot_C3H8 [kg/m^3s]
	0.000000e+00	-7.763129e-13	-1.675096e-12	-2.730438e-12	-3.992809e-12
	-5.573200e-12	-7.677919e-12	-1.065277e-11	-1.506368e-11	-2.184889e-11
	-3.260578e-11	-5.013188e-11	-7.945782e-11	-1.298545e-10	-2.188081e-10
	-3.800455e-10	-6.800389e-10	-1.252517e-09	-2.371613e-09	-4.608254e-09
	-9.165357e-09	-1.859270e-08	-3.829230e-08	-7.962523e-08	-1.661569e-07
	-3.458376e-07	-7.140422e-07	-1.456116e-06	-2.925058e-06	-5.783754e-06
	-1.126514e-05	-2.159991e-05	-4.056034e-05	-7.408595e-05	-1.314700e-04
	-2.278424e-04	-3.875440e-04	-6.471170e-04	-1.058705e-03	-1.698142e-03
	-2.682328e-03	-4.198285e-03	-6.546245e-03	-1.020500e-02	-1.594773e-02
	-2.505832e-02	-3.970633e-02	-6.356990e-02	-1.028801e-01	-1.682483e-01
	-2.779433e-01	-4.633512e-01	-7.759257e-01	-1.290492e+00	-2.096383e+00
	-3.274892e+00	-4.874739e+00	-6.901443e+00	-9.324584e+00	-1.209164e+01
	-1.513571e+01	-1.837384e+01	-2.170194e+01	-2.498956e+01	-2.808123e+01
	-3.080979e+01	-3.300856e+01	-3.451331e+01	-3.517165e+01	-3.487544e+01
	-3.360224e+01	-3.144682e+01	-2.862499e+01	-2.541962e+01	-2.208939e+01
	-1.881472e+01	-1.570704e+01	-1.284148e+01	-1.027552e+01	-8.049382e+00
	-6.178613e+00	-4.650678e+00	-3.432532e+00	-2.483312e+00	-1.761748e+00
	-1.226814e+00	-8.386027e-01	-5.618683e-01	-3.682896e-01	-2.358480e-01
	-1.473332e-01	-8.945897e-02	-5.246079e-02	-2.953100e-02	-1.593064e-02
	-8.251231e-03	-4.095500e-03	-1.921916e-03	-8.294994e-04	-3.166014e-04
	-1.021448e-04	-2.673551e-05	-5.511392e-06	-8.781187e-07	-1.083478e-07
	-1.078653e-08	-9.360837e-10	-7.761893e-11	-6.686682e-12	-6.344687e-13
	-6.820449e-14	-8.374564e-15	-1.172414e-15	-1.853724e-16	-3.254099e-17
	-6.214971e-18	-1.272901e-18	-2.796047e-19	-6.693158e-20	-1.785852e-20
	-5.412864e-21	-1.875116e-21	-7.288580e-22	-3.040928e-22	-1.288773e-22
	-5.302828e-23	-2.075362e-23	-7.780419e-24	-2.862491e-24	-1.055387e-24
	-3.919293e-25	-1.456203e-25	-5.350209e-26	-1.918386e-26	-6.624665e-27
	-2.170330e-27	-6.601359e-28	-1.789474e-28	-3.920001e-29	-5.002686e-30
	0.000000e+00
ScalarDissRate [1/s]
	2.362624e-05	4.379755e-05	1.257665e-04	3.414928e-04	8.719920e-04
	2.093959e-03	4.737067e-03	1.011728e-02	2.045299e-02	3.925182e-02
	7.173638e-02	1.252589e-01	2.096456e-01	3.374128e-01	5.238087e-01
	7.866533e-01	1.145971e+00	1.623431e+00	2.241618e+00	3.023182e+00
	3.989900e+00	5.161713e+00	6.555772e+00	8.185570e+00	1.006023e+01
	1.218405e+01	1.455648e+01	1.717293e+01	2.002643e+01	2.310968e+01
	2.641480e+01	2.991895e+01	3.356084e+01	3.725153e+01	4.092216e+01
	4.454032e+01	4.807114e+01	5.144601e+01	5.458213e+01	5.741851e+01
	5.992349e+01	6.207560e+01	6.384380e+01	6.518274e+01	6.604454e+01
	6.635712e+01	6.607707e+01	6.515148e+01	6.355773e+01	6.130762e+01
	5.843529e+01	5.501477e+01	5.118134e+01	4.715409e+01	4.320374e+01
	3.956124e+01	3.635163e+01	3.359681e+01	3.125598e+01	2.926497e+01
	2.755968e+01	2.608547e+01	2.479810e+01	2.366262e+01	2.265141e+01
	2.174088e+01	2.090977e+01	2.014063e+01	1.942164e+01	1.874623e+01
	1.811142e+01	1.751733e+01	1.696645e+01	1.646001e+01	1.599474e+01
	1.556324e+01	1.515711e+01	1.476977e+01	1.439741e+01	1.403855e+01
	1.369282e+01	1.335951e+01	1.303705e+01	1.272391e+01	1.241958e+01
	1.212404e+01	1.183651e+01	1.155524e+01	1.127857e+01	1.100556e+01
	1.073539e+01	1.046627e+01	1.019530e+01	9.920242e+00	9.641416e+00
	9.360841e+00	9.078794e+00	8.791049e+00	8.488920e+00	8.161038e+00
	7.795492e+00	7.382760e+00	6.917628e+00	6.397618e+00	5.825057e+00
	5.214999e+00	4.596009e+00	4.000390e+00	3.453461e+00	2.967271e+00
	2.541480e+00	2.169864e+00	1.845066e+00	1.559759e+00	1.306734e+00
	1.079635e+00	8.742158e-01	6.893548e-01	5.268092e-01	3.897115e-01
	2.802365e-01	1.973584e-01	1.366678e-01	9.247948e-02	6.017060e-02
	3.694002e-02	2.115337e-02	1.133358e-02	5.780521e-03	2.862680e-03
	1.391065e-03	6.641163e-04	3.104072e-04	1.413302e-04	6.241643e-05
	2.665967e-05	1.099694e-05	4.379080e-06	1.684336e-06	6.280485e-07
	3.574450e-07
ZBilger
	1.000000e+00	9.992920e-01	9.983452e-01	9.971151e-01	9.955603e-01
	9.936383e-01	9.913078e-01	9.885319e-01	9.852796e-01	9.815257e-01
	9.772508e-01	9.724411e-01	9.670878e-01	9.611862e-01	9.547348e-01
	9.477352e-01	9.401909e-01	9.321071e-01	9.234901e-01	9.143474e-01
	9.046869e-01	8.945170e-01	8.838462e-01	8.726828e-01	8.610345e-01
	8.489070e-01	8.363014e-01	8.232098e-01	8.096070e-01	7.954419e-01
	7.806379e-01	7.651524e-01	7.490759e-01	7.325942e-01	7.157919e-01
	6.985741e-01	6.808304e-01	6.626036e-01	6.440435e-01	6.252360e-01
	6.061131e-01	5.864992e-01	5.662133e-01	5.451357e-01	5.231838e-01
	5.002703e-01	4.762570e-01	4.510979e-01	4.248208e-01	3.975396e-01
	3.694253e-01	3.407378e-01	3.119851e-01	2.840725e-01	2.581249e-01
	2.350208e-01	2.151023e-01	1.982335e-01	1.840202e-01	1.720028e-01
	1.617627e-01	1.529578e-01	1.453176e-01	1.386310e-01	1.327324e-01
	1.274807e-01	1.227499e-01	1.184382e-01	1.144771e-01	1.108277e-01
	1.074694e-01	1.043959e-01	1.016095e-01	9.910324e-02	9.684718e-02
	9.479338e-02	9.289260e-02	9.110713e-02	8.941406e-02	8.780236e-02
	8.626666e-02	8.480078e-02	8.339561e-02	8.204302e-02	8.073992e-02
	7.948604e-02	7.827818e-02	7.710966e-02	7.597473e-02	7.487100e-02
	7.379677e-02	7.274648e-02	7.171035e-02	7.068093e-02	6.965932e-02
	6.865054e-02	6.765083e-02	6.663869e-02	6.557544e-02	6.441006e-02
	6.308408e-02	6.153969e-02	5.972659e-02	5.759720e-02	5.511545e-02
	5.229505e-02	4.921881e-02	4.601385e-02	4.281026e-02	3.970073e-02
	3.672327e-02	3.388065e-02	3.116197e-02	2.854661e-02	2.600133e-02
	2.348414e-02	2.095842e-02	1.841320e-02	1.587922e-02	1.342831e-02
	1.115678e-02	9.142062e-03	7.398834e-03	5.885580e-03	4.549895e-03
	3.371513e-03	2.371453e-03	1.582615e-03	1.011334e-03	6.256225e-04
	3.761666e-04	2.189900e-04	1.221945e-04	6.429101e-05	3.108129e-05
	1.316434e-05	4.345150e-06	6.236861e-07	-4.822180e-07	-4.277862e-07
	0.000000e+00
ScalarDissRateBilger [1/s]
	3.557478e-03	4.936681e-03	8.906564e-03	1.555034e-02	2.621389e-02
	4.270295e-02	6.734373e-02	1.030049e-01	1.531048e-01	2.215950e-01
	3.129245e-01	4.319914e-01	5.840897e-01	7.748536e-01	1.010205e+00
	1.296307e+00	1.639514e+00	2.046340e+00	2.523409e+00	3.077425e+00
	3.715117e+00	4.443201e+00	5.268331e+00	6.197055e+00	7.235806e+00
	8.390964e+00	9.669062e+00	1.107738e+01	1.262501e+01	1.432434e+01
	1.619149e+01	1.823875e+01	2.045957e+01	2.283055e+01	2.533837e+01
	2.799405e+01	3.081026e+01	3.377386e+01	3.685087e+01	4.001396e+01
	4.325832e+01	4.659403e+01	5.002691e+01	5.354464e+01	5.708337e+01
	6.066462e+01	6.426122e+01	6.770056e+01	7.087781e+01	7.363507e+01
	7.579111e+01	7.715034e+01	7.752357e+01	7.679164e+01	7.499070e+01
	7.232348e+01	6.907058e+01	6.548839e+01	6.176011e+01	5.799721e+01
	5.426184e+01	5.058908e+01	4.700002e+01	4.351055e+01	4.013530e+01
	3.688358e+01	3.375720e+01	3.075925e+01	2.790581e+01	2.522699e+01
	2.275905e+01	2.053838e+01	1.859320e+01	1.692864e+01	1.552091e+01
	1.432865e+01	1.330967e+01	1.243035e+01	1.166637e+01	1.099948e+01
	1.041386e+01	9.893741e+00	9.423363e+00	8.988645e+00	8.578439e+00
	8.183824e+00	7.796623e+00	7.409412e+00	7.017108e+00	6.618226e+00
	6.214564e+00	5.809856e+00	5.409645e+00	5.023840e+00	4.667992e+00
	4.358269e+00	4.103819e+00	3.904641e+00	3.755345e+00	3.648444e+00
	3.573801e+00	3.516155e+00	3.455384e+00	3.372220e+00	3.255513e+00
	3.105924e+00	2.932907e+00	2.747048e+00	2.555277e+00	2.360662e+00
	2.163832e+00	1.964781e+00	1.763922e+00	1.561955e+00	1.359428e+00
	1.157037e+00	9.569035e-01	7.640397e-01	5.863511e-01	4.323590e-01
	3.076624e-01	2.126744e-01	1.432140e-01	9.321740e-02	5.754304e-02
	3.292343e-02	1.719297e-02	8.205911e-03	3.646137e-03	1.541017e-03
	6.253779e-04	2.427490e-04	8.897112e-05	3.019490e-05	9.239567e-06
	2.448836e-06	5.226629e-07	7.542594e-08	3.514730e-09	7.208681e-10
	2.270713e-09
ChiAnalytOverChiStoich
	1.000000e-10	1.000000e-10	1.000000e-10	4.499913e-03	1.458748e-02
	2.869874e-02	4.818150e-02	7.467321e-02	1.100883e-01	1.565795e-01
	2.164739e-01	2.921901e-01	3.861429e-01	5.006430e-01	6.378006e-01
	7.994382e-01	9.870174e-01	1.201583e+00	1.443727e+00	1.713568e+00
	2.010750e+00	2.334462e+00	2.683458e+00	3.056114e+00	3.450475e+00
	3.864350e+00	4.295421e+00	4.741450e+00	5.200545e+00	5.671389e+00
	6.153102e+00	6.643157e+00	7.134468e+00	7.617313e+00	8.085514e+00
	8.537885e+00	8.972836e+00	9.384425e+00	9.764731e+00	1.010811e+01
	1.041198e+01	1.067439e+01	1.089163e+01	1.105745e+01	1.116399e+01
	1.120227e+01	1.116212e+01	1.103236e+01	1.080251e+01	1.046468e+01
	1.001505e+01	9.455842e+00	8.800679e+00	8.081839e+00	7.348153e+00
	6.648549e+00	6.015717e+00	5.462225e+00	4.986169e+00	4.578695e+00
	4.229259e+00	3.928124e+00	3.666998e+00	3.439099e+00	3.238908e+00
	3.061615e+00	2.902882e+00	2.759172e+00	2.628090e+00	2.508228e+00
	2.398780e+00	2.299400e+00	2.210010e+00	2.130223e+00	2.058929e+00
	1.994487e+00	1.935256e+00	1.879993e+00	1.827938e+00	1.778712e+00
	1.732115e+00	1.687925e+00	1.645838e+00	1.605586e+00	1.567054e+00
	1.530213e+00	1.494948e+00	1.461046e+00	1.428324e+00	1.396701e+00
	1.366115e+00	1.336398e+00	1.307267e+00	1.278510e+00	1.250157e+00
	1.222346e+00	1.194970e+00	1.167446e+00	1.138742e+00	1.107534e+00
	1.072355e+00	1.031832e+00	9.848965e-01	9.306798e-01	8.687730e-01
	8.001640e-01	7.275478e-01	6.544761e-01	5.842058e-01	5.187820e-01
	4.588324e-01	4.041719e-01	3.543497e-01	3.087799e-01	2.667390e-01
	2.274860e-01	1.905087e-01	1.557759e-01	1.238115e-01	9.546562e-02
	7.152839e-02	5.223503e-02	3.705233e-02	2.503641e-02	1.534790e-02
	7.527619e-03	1.433972e-03	1.000000e-10	1.000000e-10	1.000000e-10
	1.000000e-10	1.000000e-10	1.000000e-10	1.000000e-10	1.000000e-10
	1.000000e-10	1.000000e-10	1.000000e-10	1.000000e-10	1.000000e-10
	1.000000e-10
ChiKWOverChiKWStoich
	6.013573e-11	6.014649e-11	6.016056e-11	2.708001e-03	8.782097e-03
	1.728648e-02	2.904132e-02	4.504808e-02	6.648594e-02	9.469369e-02
	1.311382e-01	1.773723e-01	2.349849e-01	3.055492e-01	3.905701e-01
	4.914356e-01	6.093738e-01	7.454156e-01	9.003663e-01	1.074784e+00
	1.268968e+00	1.482951e+00	1.716507e+00	1.969159e+00	2.240207e+00
	2.528774e+00	2.833871e+00	3.154543e+00	3.490071e+00	3.840174e+00
	4.204952e+00	4.583326e+00	4.970619e+00	5.359737e+00	5.746034e+00
	6.128847e+00	6.507305e+00	6.876770e+00	7.230487e+00	7.563326e+00
	7.872886e+00	8.157686e+00	8.414857e+00	8.639193e+00	8.823758e+00
	8.960593e+00	9.040009e+00	9.051076e+00	8.982167e+00	8.822697e+00
	8.564684e+00	8.204622e+00	7.748098e+00	7.216846e+00	6.649326e+00
	6.088420e+00	5.566493e+00	5.099662e+00	4.690906e+00	4.335961e+00
	4.027970e+00	3.759958e+00	3.525661e+00	3.319776e+00	3.137876e+00
	2.975993e+00	2.830450e+00	2.698212e+00	2.577225e+00	2.466304e+00
	2.364793e+00	2.272441e+00	2.189226e+00	2.114831e+00	2.048247e+00
	1.987958e+00	1.932440e+00	1.880529e+00	1.831509e+00	1.785019e+00
	1.740866e+00	1.698839e+00	1.658648e+00	1.620035e+00	1.582892e+00
	1.547192e+00	1.512826e+00	1.479590e+00	1.447307e+00	1.415894e+00
	1.385289e+00	1.355320e+00	1.325694e+00	1.296189e+00	1.266829e+00
	1.237766e+00	1.208914e+00	1.179690e+00	1.149034e+00	1.115565e+00
	1.077753e+00	1.034194e+00	9.838280e-01	9.258258e-01	8.598524e-01
	7.870591e-01	7.103949e-01	6.336815e-01	5.603811e-01	4.926320e-01
	4.310575e-01	3.754234e-01	3.252192e-01	2.798032e-01	2.384117e-01
	2.002895e-01	1.649355e-01	1.323298e-01	1.029640e-01	7.757024e-02
	5.672691e-02	4.043505e-02	2.801709e-02	1.850562e-02	1.109270e-02
	5.320957e-03	9.922084e-04	6.788099e-11	6.681819e-11	6.601460e-11
	6.543181e-11	6.501815e-11	6.472823e-11	6.452728e-11	6.438985e-11
	6.429740e-11	6.423634e-11	6.419681e-11	6.417173e-11	6.415616e-11
	6.414669e-11
ChiKWFact
	6.013573e-01	6.014649e-01	6.016056e-01	6.017897e-01	6.020299e-01
	6.023427e-01	6.027483e-01	6.032697e-01	6.039326e-01	6.047643e-01
	6.057926e-01	6.070442e-01	6.085440e-01	6.103136e-01	6.123702e-01
	6.147263e-01	6.173891e-01	6.203612e-01	6.236402e-01	6.272202e-01
	6.310918e-01	6.352434e-01	6.396621e-01	6.443342e-01	6.492460e-01
	6.543854e-01	6.597424e-01	6.653119e-01	6.710972e-01	6.771134e-01
	6.833874e-01	6.899320e-01	6.967049e-01	7.036257e-01	7.106578e-01
	7.178414e-01	7.252227e-01	7.327854e-01	7.404696e-01	7.482431e-01
	7.561375e-01	7.642296e-01	7.725988e-01	7.813006e-01	7.903770e-01
	7.998907e-01	8.098829e-01	8.204117e-01	8.314893e-01	8.430931e-01
	8.551813e-01	8.676776e-01	8.803977e-01	8.929708e-01	9.048976e-01
	9.157517e-01	9.253249e-01	9.336235e-01	9.407836e-01	9.469861e-01
	9.524055e-01	9.571893e-01	9.614570e-01	9.653041e-01	9.688070e-01
	9.720335e-01	9.750482e-01	9.779062e-01	9.806455e-01	9.832854e-01
	9.858316e-01	9.882753e-01	9.905957e-01	9.927744e-01	9.948116e-01
	9.967267e-01	9.985450e-01	1.000285e+00	1.001953e+00	1.003546e+00
	1.005052e+00	1.006466e+00	1.007783e+00	1.008999e+00	1.010107e+00
	1.011095e+00	1.011959e+00	1.012693e+00	1.013291e+00	1.013742e+00
	1.014035e+00	1.014159e+00	1.014096e+00	1.013828e+00	1.013336e+00
	1.012615e+00	1.011669e+00	1.010488e+00	1.009038e+00	1.007251e+00
	1.005034e+00	1.002289e+00	9.989151e-01	9.947845e-01	9.897320e-01
	9.836222e-01	9.764236e-01	9.682271e-01	9.592186e-01	9.495934e-01
	9.394662e-01	9.288706e-01	9.177916e-01	9.061576e-01	8.938013e-01
	8.804477e-01	8.657635e-01	8.494882e-01	8.316189e-01	8.125463e-01
	7.930685e-01	7.740983e-01	7.561492e-01	7.391480e-01	7.227502e-01
	7.068579e-01	6.919302e-01	6.788099e-01	6.681819e-01	6.601460e-01
	6.543181e-01	6.501815e-01	6.472823e-01	6.452728e-01	6.438985e-01
	6.429740e-01	6.423634e-01	6.419681e-01	6.417173e-01	6.415616e-01
	6.414669e-01
MolarMass [kg/kmole]
	4.409000e+01	4.404456e+01	4.398982e+01	4.392478e+01	4.384859e+01
	4.376033e+01	4.365911e+01	4.354424e+01	4.341525e+01	4.327190e+01
	4.311413e+01	4.294207e+01	4.275603e+01	4.255640e+01	4.234371e+01
	4.211852e+01	4.188148e+01	4.163325e+01	4.137450e+01	4.110592e+01
	4.082821e+01	4.054203e+01	4.024806e+01	3.994693e+01	3.963923e+01
	3.932550e+01	3.900614e+01	3.868133e+01	3.835083e+01	3.801385e+01
	3.766910e+01	3.731619e+01	3.695776e+01	3.659828e+01	3.623976e+01
	3.588032e+01	3.551793e+01	3.515380e+01	3.479111e+01	3.443155e+01
	3.407386e+01	3.371490e+01	3.335173e+01	3.298275e+01	3.260714e+01
	3.222215e+01	3.183029e+01	3.142967e+01	3.102163e+01	3.060870e+01
	3.019407e+01	2.978191e+01	2.937948e+01	2.899880e+01	2.865380e+01
	2.835419e+01	2.810230e+01	2.789453e+01	2.772444e+01	2.758524e+01
	2.747105e+01	2.737716e+01	2.729994e+01	2.723659e+01	2.718494e+01
	2.714323e+01	2.710999e+01	2.708414e+01	2.706497e+01	2.705199e+01
	2.704474e+01	2.704268e+01	2.704510e+01	2.705110e+01	2.705983e+01
	2.707063e+01	2.708310e+01	2.709696e+01	2.711199e+01	2.712793e+01
	2.714453e+01	2.716156e+01	2.717893e+01	2.719656e+01	2.721436e+01
	2.723224e+01	2.725018e+01	2.726824e+01	2.728652e+01	2.730508e+01
	2.732398e+01	2.734337e+01	2.736348e+01	2.738452e+01	2.740651e+01
	2.742928e+01	2.745277e+01	2.747729e+01	2.750352e+01	2.753238e+01
	2.756480e+01	2.760143e+01	2.764236e+01	2.768743e+01	2.773616e+01
	2.778732e+01	2.783906e+01	2.788959e+01	2.793771e+01	2.798298e+01
	2.802563e+01	2.806620e+01	2.810523e+01	2.814327e+01	2.818103e+01
	2.821932e+01	2.825899e+01	2.830066e+01	2.834444e+01	2.838981e+01
	2.843556e+01	2.848025e+01	2.852319e+01	2.856484e+01	2.860621e+01
	2.864772e+01	2.868827e+01	2.872549e+01	2.875707e+01	2.878213e+01
	2.880123e+01	2.881549e+01	2.882601e+01	2.883372e+01	2.883929e+01
	2.884329e+01	2.884611e+01	2.884809e+01	2.884946e+01	2.885041e+01
	2.885106e+01
TotalEnthalpy [J/kg]
	-2.352410e+06	-2.352123e+06	-2.351727e+06	-2.351182e+06	-2.350432e+06
	-2.349403e+06	-2.348002e+06	-2.346115e+06	-2.343610e+06	-2.340340e+06
	-2.336144e+06	-2.330855e+06	-2.324302e+06	-2.316315e+06	-2.306733e+06
	-2.295402e+06	-2.282180e+06	-2.266943e+06	-2.249581e+06	-2.230003e+06
	-2.208137e+06	-2.183930e+06	-2.157348e+06	-2.128375e+06	-2.097010e+06
	-2.063266e+06	-2.027157e+06	-1.988687e+06	-1.947818e+06	-1.904443e+06
	-1.858380e+06	-1.809564e+06	-1.758373e+06	-1.705520e+06	-1.651423e+06
	-1.595927e+06	-1.538838e+06	-1.480470e+06	-1.421485e+06	-1.362336e+06
	-1.302992e+06	-1.243112e+06	-1.182386e+06	-1.120747e+06	-1.058291e+06
	-9.951768e+05	-9.314510e+05	-8.676428e+05	-8.044220e+05	-7.426973e+05
	-6.834733e+05	-6.278424e+05	-5.771437e+05	-5.329231e+05	-4.963191e+05
	-4.673936e+05	-4.451831e+05	-4.282633e+05	-4.152509e+05	-4.050328e+05
	-3.967952e+05	-3.899702e+05	-3.841660e+05	-3.791136e+05	-3.746280e+05
	-3.705743e+05	-3.668489e+05	-3.633789e+05	-3.601276e+05	-3.570913e+05
	-3.542907e+05	-3.517653e+05	-3.495631e+05	-3.477173e+05	-3.462322e+05
	-3.450922e+05	-3.442818e+05	-3.437970e+05	-3.436437e+05	-3.438289e+05
	-3.443525e+05	-3.452064e+05	-3.463769e+05	-3.478456e+05	-3.495819e+05
	-3.515411e+05	-3.536729e+05	-3.559260e+05	-3.582398e+05	-3.605372e+05
	-3.627273e+05	-3.647143e+05	-3.663931e+05	-3.676298e+05	-3.682610e+05
	-3.681294e+05	-3.671052e+05	-3.650434e+05	-3.616962e+05	-3.566314e+05
	-3.491835e+05	-3.384814e+05	-3.235658e+05	-3.034974e+05	-2.776535e+05
	-2.464551e+05	-2.118268e+05	-1.766696e+05	-1.437600e+05	-1.148517e+05
	-9.052839e+04	-7.068104e+04	-5.493242e+04	-4.281166e+04	-3.384078e+04
	-2.761719e+04	-2.384786e+04	-2.227541e+04	-2.250064e+04	-2.384197e+04
	-2.530510e+04	-2.615467e+04	-2.610106e+04	-2.513073e+04	-2.327618e+04
	-2.057633e+04	-1.719844e+04	-1.352501e+04	-1.003531e+04	-7.060414e+03
	-4.691257e+03	-2.872380e+03	-1.502550e+03	-4.830132e+02	2.678703e+02
	8.145797e+02	1.207420e+03	1.485591e+03	1.679391e+03	1.811816e+03
	1.900584e+03
trailer
Lewis numbers evaluated at maximum consumption
N2	-1
O2	1.00031
@ Z = 0.0758712
H	0.169546
@ Z = 0.0994981
OH	0.667658
@ Z = 0.0874122
O	0.653432
@ Z = 0.081783
H2	0.2771
@ Z = 0.0705476
H2O	-1
HO2	1.00633
@ Z = 0.00688984
H2O2	0.987217
@ Z = 0.0341485
CO	1.00288
@ Z = 0.0627212
CO2	1.29029
@ Z = 0.0931783
CH	0.606461
@ Z = 0.0725208
CHO	1.14778
@ Z = 0.0705476
CH2	0.876391
@ Z = 0.0742712
CH2O	1.1607
@ Z = 0.0742712
CH3	0.915405
@ Z = 0.0803301
CH4	0.923245
@ Z = 0.0978549
C2H6	1.33199
@ Z = 0.110543
C2H	1.18409
@ Z = 0.0758712
C2H2	1.20137
@ Z = 0.0832132
CHCO	0.806815
@ Z = 0.0773859
C3H3	1.62778
@ Z = 0.0803301
C2H3	1.2167
@ Z = 0.0916994
C2H4	1.21485
@ Z = 0.104746
C2H5	1.32625
@ Z = 0.0946955
C3H4	1.5891
@ Z = 0.0788643
C3H5	1.63299
@ Z = 0.0758712
C3H6	1.70143
@ Z = 0.110543
N-C3H7	1.71403
@ Z = 0.104746
I-C3H7	1.07435
@ Z = 0.474973
C3H8	1.68197
@ Z = 0.128793
Lewis numbers evaluated at maximum formation
N2	-1
O2	1.01036
@ Z = 0.0120042
H	0.167358
@ Z = 0.0758712
OH	0.66005
@ Z = 0.0705476
O	0.641733
@ Z = 0.0593556
H2	0.278901
@ Z = 0.108537
H2O	0.745526
@ Z = 0.0773859
HO2	0.988671
@ Z = 0.0141652
H2O2	0.98762
@ Z = 0.0237347
CO	1.0182
@ Z = 0.0832132
CO2	1.27292
@ Z = 0.0682871
CH	0.611313
@ Z = 0.0832132
CHO	1.15703
@ Z = 0.081783
CH2	0.883503
@ Z = 0.0874122
CH2O	1.16823
@ Z = 0.0846196
CH3	0.918134
@ Z = 0.104746
CH4	0.888155
@ Z = 0.135484
C2H6	1.26005
@ Z = 0.147529
C2H	1.19245
@ Z = 0.0902504
C2H2	1.19357
@ Z = 0.112656
CHCO	0.812437
@ Z = 0.0946955
C3H3	1.63453
@ Z = 0.0962546
C2H3	1.21062
@ Z = 0.112656
C2H4	1.16479
@ Z = 0.139158
C2H5	1.31414
@ Z = 0.117348
C3H4	1.59696
@ Z = 0.0946955
C3H5	1.6442
@ Z = 0.0916994
C3H6	1.55255
@ Z = 0.16422
N-C3H7	1.67497
@ Z = 0.128793
I-C3H7	1.01388
@ Z = 0.591226
C3H8	-1
Lewis numbers evaluated at maximum mass fraction
N2	0.921322
@ Z = 5.36723e-06
O2	1.05235
@ Z = 5.36723e-06
H	0.166443
@ Z = 0.0705476
OH	0.65407
@ Z = 0.0593556
O	0.638367
@ Z = 0.0517295
H2	0.269748
@ Z = 0.135484
H2O	0.75123
@ Z = 0.0946955
HO2	0.985543
@ Z = 0.0164885
H2O2	0.98867
@ Z = 0.0213119
CO	1.01986
@ Z = 0.104746
CO2	1.28143
@ Z = 0.0758712
CH	0.611739
@ Z = 0.0846196
CHO	1.15789
@ Z = 0.0832132
CH2	0.88417
@ Z = 0.0902504
CH2O	1.05538
@ Z = 0.171497
CH3	0.914517
@ Z = 0.112656
CH4	0.790449
@ Z = 0.190163
C2H6	1.09566
@ Z = 0.21688
C2H	1.19273
@ Z = 0.0916994
C2H2	1.11784
@ Z = 0.152417
CHCO	0.790569
@ Z = 0.132046
C3H3	1.6342
@ Z = 0.0994981
C2H3	1.20851
@ Z = 0.114915
C2H4	1.02356
@ Z = 0.202308
C2H5	1.30614
@ Z = 0.122755
C3H4	1.59213
@ Z = 0.108537
C3H5	1.53309
@ Z = 0.152417
C3H6	1.39863
@ Z = 0.21688
N-C3H7	0.967829
@ Z = 0.72489
I-C3H7	1.00465
@ Z = 0.613952
C3H8	0.821923
@ Z = 0.999942
