header

title = "planar counterflow diffusion flame"
author = ""
date = "Thu Jul 11 20:05:20 2013"

fuel = "C3H8"
pressure = 1 [bar]
strainrate = 210 [1/s]
chiStoichAnal = 5.94925 [1/s]
chiStoichAnalKW = 9.21635 [1/s]
FlameLocZ = 0.0843844 [K]
FlameLocBilger = 0.0724468 [K]
Tmax = 1937.34 [K]
stoichScalarDissRate = 9.57994 [1/s]
stoichScalarDissRateBilger = 5.62669 [1/s]

OxidizerSide
begin
	Temperature = 300 [K]
	Massfraction-N2 = 0.76708
	Massfraction-O2 = 0.23292
	Molefraction-N2 = 0.79
	Molefraction-O2 = 0.21
end

FuelSide
begin
	Temperature = 300 [K]
	Massfraction-C3H8 = 1
	Molefraction-C3H8 = 1
end

numOfSpecies = 31
gridPoints = 141

body
eta
	0.000000e+00	1.778262e-01	3.532359e-01	5.234744e-01	6.866980e-01
	8.423839e-01	9.905296e-01	1.131249e+00	1.264752e+00	1.391319e+00
	1.511281e+00	1.624995e+00	1.732832e+00	1.835163e+00	1.932347e+00
	2.024728e+00	2.112630e+00	2.196356e+00	2.276186e+00	2.352381e+00
	2.425181e+00	2.494807e+00	2.561464e+00	2.625347e+00	2.686638e+00
	2.745520e+00	2.802182e+00	2.856836e+00	2.909740e+00	2.961164e+00
	3.011308e+00	3.060191e+00	3.107570e+00	3.153180e+00	3.197131e+00
	3.239898e+00	3.281826e+00	3.322803e+00	3.362505e+00	3.400852e+00
	3.438133e+00	3.474793e+00	3.511211e+00	3.547611e+00	3.584138e+00
	3.620963e+00	3.658285e+00	3.696250e+00	3.734900e+00	3.774193e+00
	3.814041e+00	3.854259e+00	3.894337e+00	3.933238e+00	3.969612e+00
	4.002407e+00	4.031231e+00	4.056266e+00	4.077987e+00	4.096940e+00
	4.113648e+00	4.128560e+00	4.142045e+00	4.154388e+00	4.165796e+00
	4.176434e+00	4.186461e+00	4.196023e+00	4.205198e+00	4.213984e+00
	4.222366e+00	4.230361e+00	4.237985e+00	4.245238e+00	4.252138e+00
	4.258750e+00	4.265168e+00	4.271477e+00	4.277737e+00	4.283978e+00
	4.290204e+00	4.296409e+00	4.302587e+00	4.308745e+00	4.314883e+00
	4.320989e+00	4.327046e+00	4.333057e+00	4.339042e+00	4.345023e+00
	4.351016e+00	4.357048e+00	4.363165e+00	4.369419e+00	4.375830e+00
	4.382371e+00	4.389021e+00	4.395832e+00	4.402963e+00	4.410661e+00
	4.419245e+00	4.429110e+00	4.440711e+00	4.454544e+00	4.471082e+00
	4.490661e+00	4.513264e+00	4.538346e+00	4.564988e+00	4.592323e+00
	4.619866e+00	4.647479e+00	4.675238e+00	4.703417e+00	4.732517e+00
	4.763304e+00	4.796850e+00	4.834477e+00	4.877424e+00	4.926394e+00
	4.981409e+00	5.042210e+00	5.108456e+00	5.179837e+00	5.257122e+00
	5.343229e+00	5.442687e+00	5.559213e+00	5.692970e+00	5.840165e+00
	5.995132e+00	6.153301e+00	6.312877e+00	6.474055e+00	6.637653e+00
	6.804356e+00	6.974424e+00	7.147790e+00	7.324046e+00	7.501952e+00
	7.680054e+00
y [m]
	-2.245897e-03	-2.213646e-03	-2.181781e-03	-2.150788e-03	-2.120987e-03
	-2.092456e-03	-2.065173e-03	-2.039094e-03	-2.014152e-03	-1.990267e-03
	-1.967345e-03	-1.945287e-03	-1.923991e-03	-1.903356e-03	-1.883283e-03
	-1.863681e-03	-1.844462e-03	-1.825545e-03	-1.806860e-03	-1.788339e-03
	-1.769927e-03	-1.751570e-03	-1.733222e-03	-1.714843e-03	-1.696393e-03
	-1.677834e-03	-1.659124e-03	-1.640206e-03	-1.621004e-03	-1.601423e-03
	-1.581383e-03	-1.560871e-03	-1.539991e-03	-1.518889e-03	-1.497550e-03
	-1.475768e-03	-1.453367e-03	-1.430400e-03	-1.407066e-03	-1.383447e-03
	-1.359399e-03	-1.334643e-03	-1.308893e-03	-1.281933e-03	-1.253578e-03
	-1.223592e-03	-1.191685e-03	-1.157572e-03	-1.121030e-03	-1.081902e-03
	-1.040078e-03	-9.955687e-04	-9.488178e-04	-9.010648e-04	-8.542272e-04
	-8.101454e-04	-7.699251e-04	-7.338594e-04	-7.017127e-04	-6.730121e-04
	-6.472102e-04	-6.237851e-04	-6.022834e-04	-5.823397e-04	-5.636825e-04
	-5.460939e-04	-5.293475e-04	-5.132263e-04	-4.976214e-04	-4.825528e-04
	-4.680628e-04	-4.541401e-04	-4.407696e-04	-4.279672e-04	-4.157134e-04
	-4.039032e-04	-3.923769e-04	-3.809857e-04	-3.696271e-04	-3.582486e-04
	-3.468430e-04	-3.354260e-04	-3.240085e-04	-3.125853e-04	-3.011553e-04
	-2.897472e-04	-2.783962e-04	-2.671034e-04	-2.558355e-04	-2.445567e-04
	-2.332404e-04	-2.218444e-04	-2.102873e-04	-1.984769e-04	-1.863855e-04
	-1.740721e-04	-1.615870e-04	-1.488404e-04	-1.355496e-04	-1.212753e-04
	-1.054508e-04	-8.739871e-05	-6.636323e-05	-4.156111e-05	-1.232077e-05
	2.170613e-05	6.017896e-05	1.018336e-04	1.448493e-04	1.876338e-04
	2.293238e-04	2.696544e-04	3.086975e-04	3.467752e-04	3.844494e-04
	4.224949e-04	4.618626e-04	5.035010e-04	5.479137e-04	5.947556e-04
	6.429560e-04	6.913583e-04	7.390251e-04	7.853464e-04	8.305844e-04
	8.760736e-04	9.234789e-04	9.735953e-04	1.025714e-03	1.078217e-03
	1.129610e-03	1.179224e-03	1.227294e-03	1.274484e-03	1.321449e-03
	1.368671e-03	1.416420e-03	1.464815e-03	1.513836e-03	1.563203e-03
	1.612556e-03
f
	-3.450362e+00	-3.306481e+00	-3.164502e+00	-3.026629e+00	-2.894322e+00
	-2.767970e+00	-2.647530e+00	-2.532858e+00	-2.423729e+00	-2.319851e+00
	-2.220891e+00	-2.126491e+00	-2.036281e+00	-1.949895e+00	-1.866978e+00
	-1.787193e+00	-1.710225e+00	-1.635784e+00	-1.563605e+00	-1.493449e+00
	-1.425101e+00	-1.358369e+00	-1.293081e+00	-1.229080e+00	-1.166223e+00
	-1.104371e+00	-1.043375e+00	-9.830539e-01	-9.231680e-01	-8.634468e-01
	-8.036806e-01	-7.438764e-01	-6.843824e-01	-6.256224e-01	-5.675557e-01
	-5.096296e-01	-4.514185e-01	-3.931281e-01	-3.352988e-01	-2.781481e-01
	-2.213397e-01	-1.642491e-01	-1.063088e-01	-4.716135e-02	1.344112e-02
	7.580933e-02	1.403149e-01	2.072540e-01	2.767463e-01	3.487390e-01
	4.230764e-01	4.993834e-01	5.766040e-01	6.525669e-01	7.243870e-01
	7.897000e-01	8.474775e-01	8.978986e-01	9.417918e-01	9.801830e-01
	1.014082e+00	1.044372e+00	1.071782e+00	1.096879e+00	1.120079e+00
	1.141710e+00	1.162094e+00	1.181526e+00	1.200159e+00	1.217991e+00
	1.234991e+00	1.251191e+00	1.266627e+00	1.281297e+00	1.295237e+00
	1.308582e+00	1.321521e+00	1.334227e+00	1.346817e+00	1.359352e+00
	1.371841e+00	1.384268e+00	1.396624e+00	1.408918e+00	1.421153e+00
	1.433303e+00	1.445335e+00	1.457252e+00	1.469095e+00	1.480907e+00
	1.492719e+00	1.504582e+00	1.516584e+00	1.528827e+00	1.541344e+00
	1.554083e+00	1.566997e+00	1.580187e+00	1.593954e+00	1.608761e+00
	1.625210e+00	1.644024e+00	1.666022e+00	1.692068e+00	1.722935e+00
	1.759086e+00	1.800285e+00	1.845326e+00	1.892389e+00	1.939851e+00
	1.986832e+00	2.033085e+00	2.078737e+00	2.124219e+00	2.170288e+00
	2.218046e+00	2.268956e+00	2.324699e+00	2.386647e+00	2.455243e+00
	2.529946e+00	2.609897e+00	2.694261e+00	2.782374e+00	2.874960e+00
	2.975164e+00	3.087659e+00	3.215908e+00	3.359533e+00	3.514370e+00
	3.674829e+00	3.836738e+00	3.998785e+00	4.161562e+00	4.326171e+00
	4.493494e+00	4.663926e+00	4.837490e+00	5.013841e+00	5.191781e+00
	5.369883e+00
df/deta
	8.089298e-01	8.091099e-01	8.094121e-01	8.098830e-01	8.105820e-01
	8.115850e-01	8.129860e-01	8.148945e-01	8.174330e-01	8.207329e-01
	8.249291e-01	8.301546e-01	8.365350e-01	8.441837e-01	8.531976e-01
	8.636546e-01	8.756119e-01	8.891050e-01	9.041486e-01	9.207374e-01
	9.388480e-01	9.584408e-01	9.794629e-01	1.001851e+00	1.025535e+00
	1.050442e+00	1.076507e+00	1.103683e+00	1.131961e+00	1.161362e+00
	1.191885e+00	1.223427e+00	1.255689e+00	1.288311e+00	1.321178e+00
	1.354475e+00	1.388331e+00	1.422517e+00	1.456601e+00	1.490340e+00
	1.523818e+00	1.557290e+00	1.590967e+00	1.624922e+00	1.659142e+00
	1.693620e+00	1.728341e+00	1.763203e+00	1.797957e+00	1.832224e+00
	1.865538e+00	1.897317e+00	1.926741e+00	1.952759e+00	1.974466e+00
	1.991581e+00	2.004498e+00	2.013969e+00	2.020781e+00	2.025603e+00
	2.028949e+00	2.031194e+00	2.032606e+00	2.033369e+00	2.033617e+00
	2.033444e+00	2.032919e+00	2.032086e+00	2.030979e+00	2.029631e+00
	2.028083e+00	2.026363e+00	2.024501e+00	2.022527e+00	2.020465e+00
	2.018319e+00	2.016075e+00	2.013716e+00	2.011224e+00	2.008589e+00
	2.005810e+00	2.002891e+00	1.999836e+00	1.996645e+00	1.993318e+00
	1.989864e+00	1.986297e+00	1.982619e+00	1.978822e+00	1.974894e+00
	1.970826e+00	1.966601e+00	1.962184e+00	1.957533e+00	1.952629e+00
	1.947487e+00	1.942120e+00	1.936482e+00	1.930434e+00	1.923748e+00
	1.916106e+00	1.907098e+00	1.896218e+00	1.882876e+00	1.866455e+00
	1.846441e+00	1.822696e+00	1.795720e+00	1.766556e+00	1.736303e+00
	1.705697e+00	1.675088e+00	1.644575e+00	1.614035e+00	1.583111e+00
	1.551229e+00	1.517620e+00	1.481482e+00	1.442404e+00	1.400796e+00
	1.357850e+00	1.314979e+00	1.273488e+00	1.234405e+00	1.197988e+00
	1.163708e+00	1.131082e+00	1.100611e+00	1.073768e+00	1.051923e+00
	1.035434e+00	1.023651e+00	1.015484e+00	1.009918e+00	1.006182e+00
	1.003720e+00	1.002135e+00	1.001143e+00	1.000541e+00	1.000192e+00
	1.000000e+00
Z
	1.000000e+00	9.999350e-01	9.998222e-01	9.996351e-01	9.993385e-01
	9.988868e-01	9.982234e-01	9.972824e-01	9.959899e-01	9.942668e-01
	9.920316e-01	9.892038e-01	9.857060e-01	9.814671e-01	9.764238e-01
	9.705220e-01	9.637178e-01	9.559777e-01	9.472790e-01	9.376093e-01
	9.269661e-01	9.153562e-01	9.027949e-01	8.893046e-01	8.749135e-01
	8.596523e-01	8.435499e-01	8.266251e-01	8.088745e-01	7.902780e-01
	7.708271e-01	7.505834e-01	7.297356e-01	7.085197e-01	6.870165e-01
	6.651105e-01	6.427200e-01	6.200008e-01	5.972458e-01	5.746260e-01
	5.520907e-01	5.294715e-01	5.066237e-01	4.834915e-01	4.600703e-01
	4.363453e-01	4.123047e-01	3.879834e-01	3.634910e-01	3.390082e-01
	3.147514e-01	2.909949e-01	2.681793e-01	2.469656e-01	2.280418e-01
	2.117880e-01	1.981622e-01	1.868408e-01	1.774101e-01	1.694794e-01
	1.627180e-01	1.568634e-01	1.517142e-01	1.471203e-01	1.429737e-01
	1.391919e-01	1.357007e-01	1.324363e-01	1.293629e-01	1.264722e-01
	1.237613e-01	1.212175e-01	1.188288e-01	1.165896e-01	1.144889e-01
	1.125023e-01	1.105985e-01	1.087500e-01	1.069384e-01	1.051546e-01
	1.033965e-01	1.016661e-01	9.996399e-02	9.828873e-02	9.663936e-02
	9.501911e-02	9.343190e-02	9.187669e-02	9.034783e-02	8.883961e-02
	8.734779e-02	8.586630e-02	8.438438e-02	8.289039e-02	8.138134e-02
	7.986494e-02	7.834747e-02	7.681825e-02	7.524446e-02	7.357700e-02
	7.175523e-02	6.971052e-02	6.737207e-02	6.467500e-02	6.157781e-02
	5.808469e-02	5.427721e-02	5.032226e-02	4.641768e-02	4.271184e-02
	3.926819e-02	3.609114e-02	3.315741e-02	3.042825e-02	2.785402e-02
	2.537936e-02	2.294849e-02	2.051842e-02	1.808341e-02	1.568831e-02
	1.340852e-02	1.130869e-02	9.427916e-03	7.780282e-03	6.344789e-03
	5.075808e-03	3.938535e-03	2.936064e-03	2.099250e-03	1.449327e-03
	9.766799e-04	6.479326e-04	4.240771e-04	2.730230e-04	1.719183e-04
	1.050625e-04	6.160277e-05	3.391814e-05	1.667362e-05	6.204812e-06
	0.000000e+00
temperature [K]
	3.000000e+02	3.000889e+02	3.002429e+02	3.004982e+02	3.009024e+02
	3.015174e+02	3.024192e+02	3.036964e+02	3.054467e+02	3.077733e+02
	3.107798e+02	3.145651e+02	3.192190e+02	3.248186e+02	3.314250e+02
	3.390823e+02	3.478178e+02	3.576422e+02	3.685519e+02	3.805313e+02
	3.935550e+02	4.075909e+02	4.226025e+02	4.385516e+02	4.554009e+02
	4.731181e+02	4.916808e+02	5.110860e+02	5.313633e+02	5.525688e+02
	5.747538e+02	5.978988e+02	6.218464e+02	6.463881e+02	6.714940e+02
	6.973682e+02	7.241880e+02	7.518540e+02	7.800917e+02	8.087596e+02
	8.379908e+02	8.680875e+02	8.993511e+02	9.319924e+02	9.661767e+02
	1.002114e+03	1.040082e+03	1.080316e+03	1.122919e+03	1.167876e+03
	1.215085e+03	1.264270e+03	1.314675e+03	1.364756e+03	1.412445e+03
	1.456010e+03	1.494642e+03	1.528398e+03	1.557809e+03	1.583565e+03
	1.606355e+03	1.626788e+03	1.645370e+03	1.662499e+03	1.678472e+03
	1.693525e+03	1.707888e+03	1.721774e+03	1.735298e+03	1.748454e+03
	1.761203e+03	1.773545e+03	1.785472e+03	1.796944e+03	1.807945e+03
	1.818538e+03	1.828830e+03	1.838916e+03	1.848841e+03	1.858599e+03
	1.868136e+03	1.877373e+03	1.886232e+03	1.894646e+03	1.902539e+03
	1.909815e+03	1.916379e+03	1.922164e+03	1.927118e+03	1.931182e+03
	1.934287e+03	1.936364e+03	1.937340e+03	1.937120e+03	1.935609e+03
	1.932753e+03	1.928565e+03	1.923055e+03	1.916134e+03	1.907568e+03
	1.896963e+03	1.883775e+03	1.867335e+03	1.846870e+03	1.821554e+03
	1.790608e+03	1.753622e+03	1.710972e+03	1.663826e+03	1.613577e+03
	1.561233e+03	1.507338e+03	1.452104e+03	1.395397e+03	1.336662e+03
	1.274907e+03	1.208751e+03	1.136787e+03	1.058538e+03	9.754425e+02
	8.906855e+02	8.078212e+02	7.299393e+02	6.591501e+02	5.957454e+02
	5.384982e+02	4.863265e+02	4.397091e+02	4.003666e+02	3.695495e+02
	3.469960e+02	3.312376e+02	3.204730e+02	3.131931e+02	3.083129e+02
	3.050825e+02	3.029810e+02	3.016417e+02	3.008071e+02	3.003004e+02
	3.000000e+02
massfraction-N2
	1.000000e-60	6.729952e-04	1.570032e-03	2.728392e-03	4.179790e-03
	5.955508e-03	8.084359e-03	1.058957e-02	1.348860e-02	1.679341e-02
	2.051114e-02	2.464489e-02	2.919464e-02	3.415801e-02	3.953101e-02
	4.530856e-02	5.148493e-02	5.805402e-02	6.500958e-02	7.234531e-02
	8.005493e-02	8.813224e-02	9.657125e-02	1.053664e-01	1.145132e-01
	1.240090e-01	1.338558e-01	1.440641e-01	1.546595e-01	1.656793e-01
	1.771561e-01	1.890838e-01	2.013843e-01	2.139520e-01	2.267721e-01
	2.399469e-01	2.535624e-01	2.675619e-01	2.817994e-01	2.961965e-01
	3.108116e-01	3.257845e-01	3.412496e-01	3.572911e-01	3.739838e-01
	3.913567e-01	4.095089e-01	4.284904e-01	4.482879e-01	4.688209e-01
	4.899578e-01	5.114829e-01	5.329741e-01	5.537113e-01	5.728383e-01
	5.897326e-01	6.042055e-01	6.164162e-01	6.266850e-01	6.353584e-01
	6.427526e-01	6.491292e-01	6.546948e-01	6.596059e-01	6.639766e-01
	6.678953e-01	6.714418e-01	6.746844e-01	6.776632e-01	6.803917e-01
	6.828813e-01	6.851535e-01	6.872296e-01	6.891252e-01	6.908600e-01
	6.924631e-01	6.939669e-01	6.953986e-01	6.967763e-01	6.981104e-01
	6.994052e-01	7.006621e-01	7.018828e-01	7.030704e-01	7.042272e-01
	7.053524e-01	7.064442e-01	7.075043e-01	7.085372e-01	7.095474e-01
	7.105380e-01	7.115135e-01	7.124816e-01	7.134502e-01	7.144219e-01
	7.153927e-01	7.163597e-01	7.173308e-01	7.183280e-01	7.193833e-01
	7.205364e-01	7.218323e-01	7.233189e-01	7.250419e-01	7.270336e-01
	7.292965e-01	7.317777e-01	7.343608e-01	7.369030e-01	7.392952e-01
	7.414894e-01	7.434820e-01	7.452909e-01	7.469459e-01	7.484836e-01
	7.499439e-01	7.513665e-01	7.527840e-01	7.542087e-01	7.556236e-01
	7.569930e-01	7.582842e-01	7.594760e-01	7.605585e-01	7.615416e-01
	7.624530e-01	7.633151e-01	7.641226e-01	7.648425e-01	7.654408e-01
	7.659060e-01	7.662514e-01	7.665024e-01	7.666833e-01	7.668131e-01
	7.669054e-01	7.669703e-01	7.670153e-01	7.670459e-01	7.670663e-01
	7.670796e-01
massfraction-O2
	1.000000e-60	1.524319e-06	3.565889e-06	6.214098e-06	9.545996e-06
	1.363769e-05	1.855950e-05	2.436846e-05	3.110767e-05	3.880673e-05
	4.748317e-05	5.714427e-05	6.778920e-05	7.941089e-05	9.199787e-05
	1.055356e-04	1.200077e-04	1.353965e-04	1.516841e-04	1.688522e-04
	1.868826e-04	2.057574e-04	2.254592e-04	2.459721e-04	2.672822e-04
	2.893810e-04	3.122700e-04	3.359713e-04	3.605416e-04	3.860648e-04
	4.126133e-04	4.401704e-04	4.685532e-04	4.975169e-04	5.270267e-04
	5.573174e-04	5.885853e-04	6.206993e-04	6.533245e-04	6.862820e-04
	7.197069e-04	7.539199e-04	7.892290e-04	8.258266e-04	8.638855e-04
	9.034731e-04	9.448199e-04	9.880471e-04	1.033136e-03	1.079923e-03
	1.128137e-03	1.177332e-03	1.226616e-03	1.274445e-03	1.318984e-03
	1.358937e-03	1.393995e-03	1.424635e-03	1.451692e-03	1.476064e-03
	1.498588e-03	1.520008e-03	1.540979e-03	1.562087e-03	1.583863e-03
	1.606829e-03	1.631605e-03	1.658937e-03	1.689556e-03	1.724034e-03
	1.762868e-03	1.806647e-03	1.855947e-03	1.911170e-03	1.972764e-03
	2.041648e-03	2.119392e-03	2.208062e-03	2.310024e-03	2.427808e-03
	2.563981e-03	2.721198e-03	2.902494e-03	3.111577e-03	3.352628e-03
	3.629662e-03	3.946692e-03	4.308868e-03	4.723127e-03	5.197679e-03
	5.741601e-03	6.366050e-03	7.086400e-03	7.921841e-03	8.889690e-03
	9.999976e-03	1.126006e-02	1.268936e-02	1.433366e-02	1.627096e-02
	1.861665e-02	2.152842e-02	2.520640e-02	2.988493e-02	3.579859e-02
	4.311749e-02	5.183020e-02	6.164641e-02	7.206630e-02	8.259837e-02
	9.292532e-02	1.028954e-01	1.124597e-01	1.216447e-01	1.305390e-01
	1.392744e-01	1.480028e-01	1.568430e-01	1.657846e-01	1.746362e-01
	1.831024e-01	1.909339e-01	1.979736e-01	2.041550e-01	2.095448e-01
	2.143061e-01	2.185642e-01	2.223036e-01	2.254068e-01	2.277968e-01
	2.295159e-01	2.306958e-01	2.314871e-01	2.320124e-01	2.323578e-01
	2.325821e-01	2.327251e-01	2.328144e-01	2.328690e-01	2.329015e-01
	2.329204e-01
massfraction-H
	1.000000e-60	4.808021e-18	1.002707e-17	1.559691e-17	2.143257e-17
	2.758148e-17	3.428798e-17	4.202709e-17	5.155993e-17	6.404658e-17
	8.126669e-17	1.060189e-16	1.428217e-16	1.991355e-16	2.874964e-16
	4.292493e-16	6.610667e-16	1.046282e-15	1.694411e-15	2.794330e-15
	4.669710e-15	7.869621e-15	1.331301e-14	2.251287e-14	3.791483e-14
	6.339813e-14	1.050106e-13	1.720690e-13	2.788761e-13	4.473518e-13
	7.107756e-13	1.118136e-12	1.737579e-12	2.661534e-12	4.024312e-12
	6.036477e-12	9.017841e-12	1.341202e-11	1.981261e-11	2.906928e-11
	4.251016e-11	6.228116e-11	9.184422e-11	1.367802e-10	2.062913e-10
	3.160643e-10	4.937429e-10	7.889272e-10	1.292281e-09	2.173719e-09
	3.761613e-09	6.704370e-09	1.226667e-08	2.276216e-08	4.198285e-08
	7.543256e-08	1.303672e-07	2.159007e-07	3.433680e-07	5.268666e-07
	7.838927e-07	1.135687e-06	1.607195e-06	2.226307e-06	3.021984e-06
	4.023241e-06	5.262042e-06	6.774723e-06	8.591829e-06	1.072442e-05
	1.316656e-05	1.590792e-05	1.893044e-05	2.220146e-05	2.569089e-05
	2.939482e-05	3.333799e-05	3.755668e-05	4.208280e-05	4.693543e-05
	5.211565e-05	5.761078e-05	6.340491e-05	6.948488e-05	7.582942e-05
	8.239260e-05	8.911381e-05	9.594249e-05	1.028402e-04	1.097613e-04
	1.166440e-04	1.234250e-04	1.300515e-04	1.364599e-04	1.425354e-04
	1.481196e-04	1.530790e-04	1.573537e-04	1.609305e-04	1.637684e-04
	1.657355e-04	1.665580e-04	1.657867e-04	1.628071e-04	1.569458e-04
	1.477204e-04	1.352120e-04	1.203052e-04	1.044129e-04	8.884022e-05
	7.438146e-05	6.137554e-05	4.989403e-05	3.986202e-05	3.113483e-05
	2.356097e-05	1.702969e-05	1.151781e-05	7.109167e-06	3.908454e-06
	1.880134e-06	7.836317e-07	2.828904e-07	8.935047e-08	2.513938e-08
	6.588316e-09	1.784268e-09	5.471988e-10	1.876274e-10	6.950287e-11
	2.758506e-11	1.164577e-11	5.134326e-12	2.307326e-12	1.030919e-12
	4.462347e-13	1.812875e-13	6.572328e-14	1.913482e-14	3.265114e-15
	1.000000e-60
massfraction-OH
	1.000000e-60	3.545848e-22	1.915792e-21	5.780253e-21	1.366823e-20
	2.828731e-20	5.396714e-20	9.776858e-20	1.715188e-19	2.955511e-19
	5.056193e-19	8.657566e-19	1.492322e-18	2.599098e-18	4.581837e-18
	8.176087e-18	1.474943e-17	2.683636e-17	4.910288e-17	9.005694e-17
	1.650256e-16	3.012404e-16	5.463692e-16	9.826061e-16	1.749676e-15
	3.082247e-15	5.371170e-15	9.266279e-15	1.585564e-14	2.698004e-14
	4.577249e-14	7.751727e-14	1.308835e-13	2.199703e-13	3.688681e-13
	6.212954e-13	1.056671e-12	1.813076e-12	3.123498e-12	5.388087e-12
	9.324765e-12	1.626343e-11	2.870047e-11	5.135344e-11	9.328734e-11
	1.723921e-10	3.250465e-10	6.267265e-10	1.236253e-09	2.492298e-09
	5.126703e-09	1.072610e-08	2.262713e-08	4.726727e-08	9.545565e-08
	1.827597e-07	3.290765e-07	5.585828e-07	9.010524e-07	1.394672e-06
	2.090417e-06	3.057048e-06	4.386418e-06	6.197994e-06	8.640826e-06
	1.189796e-05	1.620442e-05	2.186522e-05	2.923055e-05	3.863561e-05
	5.038249e-05	6.477026e-05	8.205811e-05	1.023935e-04	1.258835e-04
	1.527702e-04	1.835164e-04	2.187382e-04	2.590972e-04	3.052157e-04
	3.576012e-04	4.166570e-04	4.827879e-04	5.564948e-04	6.382792e-04
	7.284227e-04	8.270624e-04	9.345316e-04	1.051451e-03	1.178447e-03
	1.315923e-03	1.464243e-03	1.623984e-03	1.795478e-03	1.977432e-03
	2.166248e-03	2.357498e-03	2.548253e-03	2.737752e-03	2.925877e-03
	3.111155e-03	3.288608e-03	3.447668e-03	3.571138e-03	3.636055e-03
	3.617980e-03	3.499377e-03	3.280456e-03	2.982654e-03	2.638615e-03
	2.278383e-03	1.923851e-03	1.589332e-03	1.283015e-03	1.008637e-03
	7.675145e-04	5.602966e-04	3.884041e-04	2.539976e-04	1.570054e-04
	9.257038e-05	5.280622e-05	2.995336e-05	1.751943e-05	1.075890e-05
	6.867688e-06	4.462035e-06	2.911251e-06	1.906388e-06	1.260910e-06
	8.470551e-07	5.780624e-07	3.983673e-07	2.746710e-07	1.875243e-07
	1.253104e-07	8.073831e-08	4.891878e-08	2.640972e-08	1.073340e-08
	1.000000e-60
massfraction-O
	1.000000e-60	2.064296e-23	9.325133e-23	2.404701e-22	4.818886e-22
	8.360280e-22	1.326043e-21	1.988910e-21	2.888942e-21	4.137509e-21
	5.924165e-21	8.569228e-21	1.261531e-20	1.898816e-20	2.928001e-20
	4.624712e-20	7.467666e-20	1.228822e-19	2.052478e-19	3.464846e-19
	5.886098e-19	1.002135e-18	1.703556e-18	2.882014e-18	4.839001e-18
	8.046673e-18	1.323364e-17	2.151552e-17	3.460442e-17	5.514365e-17
	8.721702e-17	1.370318e-16	2.137049e-16	3.306453e-16	5.092803e-16
	7.868278e-16	1.228059e-15	1.941636e-15	3.109156e-15	5.048750e-15
	8.351724e-15	1.416161e-14	2.474132e-14	4.465205e-14	8.333456e-14
	1.610142e-13	3.226661e-13	6.713682e-13	1.449623e-12	3.243193e-12
	7.506874e-12	1.792811e-11	4.377120e-11	1.069445e-10	2.536336e-10
	5.683037e-10	1.186327e-09	2.305322e-09	4.199614e-09	7.241554e-09
	1.193307e-08	1.894460e-08	2.916198e-08	4.373745e-08	6.413627e-08
	9.223143e-08	1.305701e-07	1.827389e-07	2.534624e-07	3.484467e-07
	4.746466e-07	6.411143e-07	8.592225e-07	1.142245e-06	1.506578e-06
	1.975433e-06	2.583302e-06	3.379582e-06	4.432278e-06	5.832674e-06
	7.700427e-06	1.019175e-05	1.351420e-05	1.794803e-05	2.386347e-05
	3.172342e-05	4.209624e-05	5.570270e-05	7.346454e-05	9.650243e-05
	1.260995e-04	1.637153e-04	2.110570e-04	2.699710e-04	3.418327e-04
	4.268169e-04	5.240491e-04	6.327833e-04	7.534279e-04	8.874354e-04
	1.036579e-03	1.201755e-03	1.381300e-03	1.569196e-03	1.753200e-03
	1.914129e-03	2.028061e-03	2.074588e-03	2.046974e-03	1.953772e-03
	1.811236e-03	1.635998e-03	1.442064e-03	1.240010e-03	1.037154e-03
	8.386152e-04	6.489150e-04	4.741708e-04	3.235936e-04	2.065362e-04
	1.258451e-04	7.569294e-05	4.654981e-05	3.001514e-05	2.037658e-05
	1.435729e-05	1.029352e-05	7.402396e-06	5.311257e-06	3.805180e-06
	2.728610e-06	1.958892e-06	1.402586e-06	9.949594e-07	6.936148e-07
	4.705682e-07	3.064914e-07	1.871342e-07	1.015854e-07	4.145531e-08
	1.000000e-60
massfraction-H2
	1.000000e-60	2.381687e-05	4.937307e-05	7.624596e-05	1.040347e-04
	1.324916e-04	1.614438e-04	1.907415e-04	2.202611e-04	2.499069e-04
	2.796087e-04	3.093200e-04	3.390140e-04	3.686799e-04	3.983197e-04
	4.279445e-04	4.575720e-04	4.872242e-04	5.169254e-04	5.467012e-04
	5.765772e-04	6.065786e-04	6.367303e-04	6.670573e-04	6.975859e-04
	7.283477e-04	7.593850e-04	7.907639e-04	8.225904e-04	8.549974e-04
	8.880967e-04	9.218867e-04	9.561701e-04	9.906892e-04	1.025445e-03
	1.060750e-03	1.096861e-03	1.133657e-03	1.170790e-03	1.208097e-03
	1.245773e-03	1.284215e-03	1.323806e-03	1.364801e-03	1.407462e-03
	1.451872e-03	1.498384e-03	1.547216e-03	1.598450e-03	1.652018e-03
	1.707739e-03	1.765221e-03	1.823505e-03	1.880730e-03	1.934469e-03
	1.982721e-03	2.024561e-03	2.060033e-03	2.089702e-03	2.114281e-03
	2.134450e-03	2.150759e-03	2.163604e-03	2.173235e-03	2.179776e-03
	2.183278e-03	2.183741e-03	2.181087e-03	2.175198e-03	2.166028e-03
	2.153659e-03	2.138241e-03	2.119990e-03	2.099231e-03	2.076288e-03
	2.051307e-03	2.024226e-03	1.994878e-03	1.963117e-03	1.928881e-03
	1.892230e-03	1.853309e-03	1.812267e-03	1.769200e-03	1.724222e-03
	1.677567e-03	1.629515e-03	1.580215e-03	1.529664e-03	1.477841e-03
	1.424776e-03	1.370443e-03	1.314657e-03	1.257219e-03	1.198312e-03
	1.138628e-03	1.078878e-03	1.019154e-03	9.587417e-04	8.964778e-04
	8.311165e-04	7.616945e-04	6.879334e-04	6.105351e-04	5.313577e-04
	4.531945e-04	3.794347e-04	3.133556e-04	2.570665e-04	2.109555e-04
	1.740817e-04	1.450231e-04	1.223674e-04	1.048352e-04	9.131261e-05
	8.087082e-05	7.275574e-05	6.636194e-05	6.119159e-05	5.681405e-05
	5.288684e-05	4.919622e-05	4.565185e-05	4.222918e-05	3.888430e-05
	3.551701e-05	3.201822e-05	2.836158e-05	2.465194e-05	2.106884e-05
	1.776818e-05	1.482135e-05	1.221942e-05	9.920786e-06	7.885078e-06
	6.082765e-06	4.494069e-06	3.103744e-06	1.898604e-06	8.683912e-07
	1.000000e-60
massfraction-H2O
	1.000000e-60	1.149361e-04	2.682161e-04	4.662100e-04	7.142989e-04
	1.017730e-03	1.381244e-03	1.808519e-03	2.302111e-03	2.863478e-03
	3.493082e-03	4.190514e-03	4.954645e-03	5.783775e-03	6.675768e-03
	7.628173e-03	8.638333e-03	9.703470e-03	1.082076e-02	1.198739e-02
	1.320061e-02	1.445778e-02	1.575642e-02	1.709424e-02	1.846927e-02
	1.988000e-02	2.132568e-02	2.280697e-02	2.432669e-02	2.588931e-02
	2.749852e-02	2.915264e-02	3.084030e-02	3.254704e-02	3.427115e-02
	3.602662e-02	3.782483e-02	3.965830e-02	4.150831e-02	4.336547e-02
	4.523812e-02	4.714478e-02	4.910291e-02	5.112342e-02	5.321635e-02
	5.538506e-02	5.764288e-02	5.999689e-02	6.244672e-02	6.498419e-02
	6.759539e-02	7.025657e-02	7.291879e-02	7.549577e-02	7.788268e-02
	8.000133e-02	8.182572e-02	8.337273e-02	8.467974e-02	8.578819e-02
	8.673628e-02	8.755592e-02	8.827237e-02	8.890474e-02	8.946688e-02
	8.996940e-02	9.042186e-02	9.083230e-02	9.120507e-02	9.154118e-02
	9.184151e-02	9.210829e-02	9.234388e-02	9.255011e-02	9.272945e-02
	9.288532e-02	9.302117e-02	9.313945e-02	9.324140e-02	9.332736e-02
	9.339710e-02	9.345024e-02	9.348643e-02	9.350534e-02	9.350650e-02
	9.348933e-02	9.345328e-02	9.339766e-02	9.332129e-02	9.322251e-02
	9.309924e-02	9.294875e-02	9.276709e-02	9.254910e-02	9.229002e-02
	9.198710e-02	9.163846e-02	9.123893e-02	9.077581e-02	9.022697e-02
	8.955929e-02	8.872713e-02	8.767235e-02	8.632697e-02	8.462361e-02
	8.251379e-02	7.999804e-02	7.714765e-02	7.408360e-02	7.092168e-02
	6.773273e-02	6.454714e-02	6.137125e-02	5.819172e-02	5.497444e-02
	5.166566e-02	4.819582e-02	4.449810e-02	4.055311e-02	3.642865e-02
	3.226451e-02	2.820587e-02	2.436885e-02	2.082899e-02	1.758593e-02
	1.457166e-02	1.172759e-02	9.083141e-03	6.752504e-03	4.843908e-03
	3.385418e-03	2.324080e-03	1.571006e-03	1.043076e-03	6.766639e-04
	4.256632e-04	2.566806e-04	1.451743e-04	7.319057e-05	2.787201e-05
	1.000000e-60
massfraction-HO2
	1.000000e-60	1.906903e-09	4.466930e-09	7.795420e-09	1.199303e-08
	1.716014e-08	2.339088e-08	3.076381e-08	3.934107e-08	4.916892e-08
	6.027941e-08	7.269249e-08	8.641840e-08	1.014598e-07	1.178135e-07
	1.354720e-07	1.544242e-07	1.746564e-07	1.961521e-07	2.188928e-07
	2.428570e-07	2.680206e-07	2.943567e-07	3.218357e-07	3.504258e-07
	3.800965e-07	4.108231e-07	4.426002e-07	4.754572e-07	5.094449e-07
	5.445786e-07	5.807301e-07	6.175276e-07	6.545014e-07	6.914311e-07
	7.283933e-07	7.653466e-07	8.018000e-07	8.370255e-07	8.705018e-07
	9.020397e-07	9.315702e-07	9.589086e-07	9.836610e-07	1.005314e-06
	1.023049e-06	1.036022e-06	1.043113e-06	1.043064e-06	1.034688e-06
	1.017167e-06	9.905436e-07	9.566420e-07	9.200726e-07	8.876462e-07
	8.654282e-07	8.560667e-07	8.587153e-07	8.705834e-07	8.883662e-07
	9.090156e-07	9.299902e-07	9.492579e-07	9.652287e-07	9.767122e-07
	9.829454e-07	9.835862e-07	9.786203e-07	9.683753e-07	9.536591e-07
	9.356961e-07	9.158560e-07	8.955167e-07	8.759909e-07	8.583362e-07
	8.432695e-07	8.313149e-07	8.230096e-07	8.189974e-07	8.200200e-07
	8.268595e-07	8.402781e-07	8.610192e-07	8.898632e-07	9.276263e-07
	9.750438e-07	1.032764e-06	1.101560e-06	1.182491e-06	1.276808e-06
	1.385857e-06	1.511309e-06	1.655579e-06	1.821731e-06	2.012360e-06
	2.228638e-06	2.471402e-06	2.744077e-06	3.055333e-06	3.420141e-06
	3.860814e-06	4.408111e-06	5.101272e-06	5.985895e-06	7.106572e-06
	8.495549e-06	1.015604e-05	1.205158e-05	1.412121e-05	1.631418e-05
	1.861390e-05	2.103316e-05	2.360112e-05	2.635927e-05	2.936440e-05
	3.268998e-05	3.641062e-05	4.051571e-05	4.466097e-05	4.777801e-05
	4.796361e-05	4.337643e-05	3.415390e-05	2.323318e-05	1.394269e-05
	7.622361e-06	3.938866e-06	2.006879e-06	1.045360e-06	5.683563e-07
	3.245781e-07	1.936478e-07	1.190415e-07	7.414498e-08	4.602615e-08
	2.802218e-08	1.643935e-08	9.055718e-09	4.442940e-09	1.645469e-09
	1.000000e-60
massfraction-H2O2
	1.000000e-60	7.336293e-11	1.720358e-10	3.003982e-10	4.620278e-10
	6.601216e-10	8.971213e-10	1.174218e-09	1.491216e-09	1.846500e-09
	2.237114e-09	2.658916e-09	3.106804e-09	3.574983e-09	4.057238e-09
	4.547200e-09	5.038580e-09	5.525360e-09	6.001929e-09	6.463177e-09
	6.904532e-09	7.321979e-09	7.712039e-09	8.071741e-09	8.398584e-09
	8.690502e-09	8.945812e-09	9.163173e-09	9.341452e-09	9.479363e-09
	9.575140e-09	9.626572e-09	9.631817e-09	9.590471e-09	9.502906e-09
	9.368286e-09	9.184692e-09	8.951783e-09	8.671891e-09	8.347469e-09
	7.978164e-09	7.560639e-09	7.090480e-09	6.564180e-09	5.979947e-09
	5.336273e-09	4.636235e-09	3.891346e-09	3.128445e-09	2.393214e-09
	1.744617e-09	1.236357e-09	8.895604e-10	6.790073e-10	5.560754e-10
	4.822755e-10	4.368836e-10	4.092999e-10	3.933865e-10	3.853429e-10
	3.829623e-10	3.853470e-10	3.928589e-10	4.072788e-10	4.321576e-10
	4.733933e-10	5.402618e-10	6.469783e-10	8.139225e-10	1.067544e-09
	1.440038e-09	1.970082e-09	2.701378e-09	3.678115e-09	4.945821e-09
	6.561253e-09	8.602952e-09	1.117427e-08	1.440165e-08	1.843182e-08
	2.342747e-08	2.956961e-08	3.707271e-08	4.620607e-08	5.729830e-08
	7.071967e-08	8.689863e-08	1.063947e-07	1.299622e-07	1.585558e-07
	1.933353e-07	2.357697e-07	2.878344e-07	3.520582e-07	4.310999e-07
	5.271520e-07	6.420989e-07	7.788063e-07	9.427299e-07	1.142868e-06
	1.392544e-06	1.710041e-06	2.118734e-06	2.647074e-06	3.328128e-06
	4.199940e-06	5.303376e-06	6.678231e-06	8.364970e-06	1.041382e-05
	1.289014e-05	1.584540e-05	1.923497e-05	2.281241e-05	2.609806e-05
	2.849850e-05	2.952483e-05	2.898815e-05	2.710294e-05	2.440019e-05
	2.142096e-05	1.847997e-05	1.570440e-05	1.315875e-05	1.086597e-05
	8.796002e-06	6.911515e-06	5.222752e-06	3.784982e-06	2.643965e-06
	1.797124e-06	1.198231e-06	7.855447e-07	5.050687e-07	3.168082e-07
	1.924559e-07	1.119911e-07	6.112737e-08	2.977388e-08	1.098015e-08
	1.000000e-60
massfraction-CO
	1.000000e-60	5.509265e-05	1.286651e-04	2.238366e-04	3.432718e-04
	4.895972e-04	6.652303e-04	8.721189e-04	1.111722e-03	1.385029e-03
	1.692619e-03	2.034720e-03	2.411288e-03	2.822078e-03	3.266698e-03
	3.744663e-03	4.255429e-03	4.798423e-03	5.373054e-03	5.978734e-03
	6.614874e-03	7.280898e-03	7.976249e-03	8.700412e-03	9.452953e-03
	1.023362e-02	1.104250e-02	1.188043e-02	1.274944e-02	1.365255e-02
	1.459237e-02	1.556835e-02	1.657403e-02	1.760078e-02	1.864735e-02
	1.972210e-02	2.083199e-02	2.197240e-02	2.313141e-02	2.430268e-02
	2.549096e-02	2.670764e-02	2.796365e-02	2.926583e-02	3.062027e-02
	3.202932e-02	3.350107e-02	3.503965e-02	3.664408e-02	3.830800e-02
	4.002096e-02	4.176574e-02	4.350842e-02	4.519086e-02	4.674368e-02
	4.811624e-02	4.929289e-02	5.028619e-02	5.112183e-02	5.182772e-02
	5.242932e-02	5.294774e-02	5.339963e-02	5.379752e-02	5.415052e-02
	5.446557e-02	5.474888e-02	5.500558e-02	5.523839e-02	5.544783e-02
	5.563419e-02	5.579841e-02	5.594136e-02	5.606342e-02	5.616520e-02
	5.624773e-02	5.631161e-02	5.635632e-02	5.637994e-02	5.637934e-02
	5.635042e-02	5.628835e-02	5.618762e-02	5.604170e-02	5.584314e-02
	5.558418e-02	5.525709e-02	5.485311e-02	5.436158e-02	5.377059e-02
	5.306785e-02	5.223973e-02	5.126910e-02	5.013686e-02	4.883136e-02
	4.735712e-02	4.572838e-02	4.394973e-02	4.200209e-02	3.984553e-02
	3.742858e-02	3.470284e-02	3.164418e-02	2.827454e-02	2.468197e-02
	2.102360e-02	1.751348e-02	1.437059e-02	1.173492e-02	9.626475e-03
	7.978332e-03	6.696537e-03	5.693596e-03	4.896971e-03	4.249251e-03
	3.706508e-03	3.235880e-03	2.814369e-03	2.429110e-03	2.076171e-03
	1.756482e-03	1.471066e-03	1.220029e-03	1.002392e-03	8.140171e-04
	6.483243e-04	5.005239e-04	3.709035e-04	2.633381e-04	1.803684e-04
	1.205014e-04	7.921997e-05	5.136986e-05	3.276058e-05	2.043240e-05
	1.236749e-05	7.183212e-06	3.918846e-06	1.909760e-06	7.050555e-07
	1.000000e-60
massfraction-CO2
	1.000000e-60	3.901835e-05	9.658888e-05	1.784937e-04	2.909231e-04
	4.407086e-04	6.350722e-04	8.811756e-04	1.185853e-03	1.555393e-03
	1.995386e-03	2.510630e-03	3.105107e-03	3.781983e-03	4.543661e-03
	5.391836e-03	6.327573e-03	7.351382e-03	8.463291e-03	9.662920e-03
	1.094955e-02	1.232217e-02	1.377959e-02	1.532048e-02	1.694354e-02
	1.864773e-02	2.043274e-02	2.229980e-02	2.425298e-02	2.629860e-02
	2.844219e-02	3.068206e-02	3.300277e-02	3.538341e-02	3.782006e-02
	4.033115e-02	4.293221e-02	4.561150e-02	4.834004e-02	5.110169e-02
	5.390655e-02	5.678042e-02	5.974801e-02	6.282420e-02	6.602160e-02
	6.934467e-02	7.280995e-02	7.642444e-02	8.018264e-02	8.406583e-02
	8.804535e-02	9.207668e-02	9.607735e-02	9.991150e-02	1.034221e-01
	1.064998e-01	1.091170e-01	1.113098e-01	1.131419e-01	1.146804e-01
	1.159850e-01	1.171048e-01	1.180781e-01	1.189340e-01	1.196937e-01
	1.203734e-01	1.209880e-01	1.215501e-01	1.220672e-01	1.225423e-01
	1.229780e-01	1.233785e-01	1.237477e-01	1.240885e-01	1.244045e-01
	1.247008e-01	1.249834e-01	1.252573e-01	1.255261e-01	1.257921e-01
	1.260562e-01	1.263188e-01	1.265802e-01	1.268408e-01	1.271008e-01
	1.273594e-01	1.276151e-01	1.278668e-01	1.281136e-01	1.283537e-01
	1.285843e-01	1.288015e-01	1.290006e-01	1.291748e-01	1.293131e-01
	1.294017e-01	1.294256e-01	1.293691e-01	1.292102e-01	1.289127e-01
	1.284161e-01	1.276238e-01	1.263908e-01	1.245172e-01	1.217625e-01
	1.178990e-01	1.128216e-01	1.066666e-01	9.979833e-02	9.263930e-02
	8.550462e-02	7.857584e-02	7.193796e-02	6.560375e-02	5.952998e-02
	5.363780e-02	4.783405e-02	4.205051e-02	3.630682e-02	3.073893e-02
	2.554103e-02	2.086462e-02	1.678922e-02	1.332890e-02	1.041879e-02
	7.947811e-03	5.835001e-03	4.073893e-03	2.698149e-03	1.708742e-03
	1.048697e-03	6.307350e-04	3.731789e-04	2.167170e-04	1.229016e-04
	6.759851e-05	3.570339e-05	1.775994e-05	7.931732e-06	2.705150e-06
	1.000000e-60
massfraction-CH
	1.000000e-60	1.000000e-60	1.000000e-60	1.000000e-60	1.000000e-60
	1.000000e-60	1.000000e-60	1.000000e-60	1.000000e-60	1.000000e-60
	1.000000e-60	1.000000e-60	1.000000e-60	1.000000e-60	1.000000e-60
	4.760792e-28	1.613668e-27	8.172337e-29	1.540092e-28	7.103306e-29
	2.398655e-28	8.707881e-28	3.192839e-27	1.147128e-26	4.166473e-26
	1.526829e-25	5.228747e-25	1.796192e-24	5.835923e-24	1.848050e-23
	5.720013e-23	1.719094e-22	4.990496e-22	1.391507e-21	3.738832e-21
	9.794643e-21	2.524176e-20	6.392699e-20	1.582324e-19	3.828011e-19
	9.125803e-19	2.169294e-18	5.195900e-18	1.263142e-17	3.134992e-17
	7.996704e-17	2.112473e-16	5.817106e-16	1.677067e-15	5.078131e-15
	1.620554e-14	5.461202e-14	1.929746e-13	6.973509e-13	2.474328e-12
	8.282631e-12	2.552691e-11	7.197294e-11	1.866384e-10	4.495720e-10
	1.016382e-09	2.175118e-09	4.434200e-09	8.647028e-09	1.616693e-08
	2.903389e-08	5.025525e-08	8.418328e-08	1.366605e-07	2.146274e-07
	3.256574e-07	4.778815e-07	6.793289e-07	9.366337e-07	1.255443e-06
	1.642843e-06	2.109160e-06	2.667374e-06	3.331268e-06	4.113251e-06
	5.021779e-06	6.059862e-06	7.225080e-06	8.509195e-06	9.894034e-06
	1.134549e-05	1.281398e-05	1.423971e-05	1.555312e-05	1.667167e-05
	1.750236e-05	1.795135e-05	1.793253e-05	1.737608e-05	1.625351e-05
	1.461470e-05	1.259053e-05	1.034555e-05	8.034244e-06	5.800810e-06
	3.794616e-06	2.168016e-06	1.033115e-06	3.912278e-07	1.139628e-07
	2.580462e-08	4.938449e-09	9.326172e-10	2.004297e-10	5.071703e-11
	1.443174e-11	4.395323e-12	1.388337e-12	4.446217e-13	1.410523e-13
	4.308218e-14	1.221673e-14	3.080002e-15	6.623457e-16	1.183248e-16
	1.748847e-17	2.163428e-18	2.289990e-19	2.123554e-20	1.727590e-21
	1.223968e-22	7.900397e-24	5.039975e-25	3.384337e-26	2.634209e-27
	2.606013e-28	3.372070e-29	5.649721e-30	1.464561e-30	5.186945e-31
	2.234106e-31	1.000000e-60	1.339419e-31	4.478944e-32	1.337890e-32
	1.000000e-60
massfraction-CHO
	1.000000e-60	9.339290e-19	2.297078e-18	4.160903e-18	6.577716e-18
	9.640658e-18	1.356387e-17	1.879590e-17	2.620009e-17	3.736516e-17
	5.517966e-17	8.491974e-17	1.363118e-16	2.274204e-16	3.919100e-16
	6.924493e-16	1.245066e-15	2.262545e-15	4.129923e-15	7.532104e-15
	1.366229e-14	2.454868e-14	4.354141e-14	7.599411e-14	1.301420e-13
	2.181099e-13	3.568736e-13	5.688898e-13	8.820112e-13	1.327786e-12
	1.936569e-12	2.727592e-12	3.695756e-12	4.809197e-12	6.028529e-12
	7.328438e-12	8.701837e-12	1.015939e-11	1.173795e-11	1.350966e-11
	1.558614e-11	1.812332e-11	2.133385e-11	2.551242e-11	3.109030e-11
	3.872730e-11	4.947364e-11	6.502700e-11	8.819710e-11	1.237663e-10
	1.801605e-10	2.725045e-10	4.273249e-10	6.875400e-10	1.114240e-09
	1.783569e-09	2.782365e-09	4.208286e-09	6.175526e-09	8.822843e-09
	1.232239e-08	1.688482e-08	2.276149e-08	3.024131e-08	3.963908e-08
	5.129837e-08	6.564065e-08	8.319925e-08	1.045237e-07	1.300318e-07
	1.600252e-07	1.948138e-07	2.346485e-07	2.795897e-07	3.296945e-07
	3.853669e-07	4.474777e-07	5.171838e-07	5.956994e-07	6.841214e-07
	7.832592e-07	8.936006e-07	1.015411e-06	1.148762e-06	1.293161e-06
	1.446950e-06	1.607268e-06	1.770426e-06	1.931763e-06	2.084935e-06
	2.221593e-06	2.331771e-06	2.404263e-06	2.426717e-06	2.387275e-06
	2.279128e-06	2.104134e-06	1.871108e-06	1.591777e-06	1.280408e-06
	9.568726e-07	6.497138e-07	3.932505e-07	2.136034e-07	1.118901e-07
	6.459296e-08	4.391723e-08	3.319159e-08	2.614170e-08	2.096035e-08
	1.703235e-08	1.400936e-08	1.163507e-08	9.708611e-09	8.069704e-09
	6.589170e-09	5.165513e-09	3.744057e-09	2.373659e-09	1.237410e-09
	5.104548e-10	1.667509e-10	4.429123e-11	9.888805e-12	1.906207e-12
	3.293896e-13	5.579226e-14	1.008666e-14	1.947301e-15	3.994749e-16
	8.901464e-17	2.174264e-17	5.713697e-18	1.562523e-18	4.290998e-19
	1.142128e-19	2.832343e-20	6.175667e-21	1.054804e-21	1.001597e-22
	1.000000e-60
massfraction-CH2
	1.000000e-60	3.153541e-22	6.526249e-22	1.010986e-21	1.391556e-21
	1.808761e-21	2.296975e-21	2.918365e-21	3.778735e-21	5.060633e-21
	7.092258e-21	1.049138e-20	1.647205e-20	2.751472e-20	4.886623e-20
	9.196426e-20	1.823713e-19	3.783147e-19	8.141005e-19	1.801316e-18
	4.062120e-18	9.257781e-18	2.115882e-17	4.816502e-17	1.085675e-16
	2.411967e-16	5.263617e-16	1.126259e-15	2.362541e-15	4.863625e-15
	9.835714e-15	1.952297e-14	3.789050e-14	7.164598e-14	1.322442e-13
	2.399856e-13	4.304987e-13	7.627200e-13	1.329823e-12	2.281354e-12
	3.869707e-12	6.536012e-12	1.106023e-11	1.882840e-11	3.234832e-11
	5.628953e-11	9.962361e-11	1.799433e-10	3.323660e-10	6.285320e-10
	1.218472e-09	2.422400e-09	4.915716e-09	1.003668e-08	2.016061e-08
	3.900542e-08	7.181175e-08	1.255290e-07	2.091567e-07	3.342232e-07
	5.153496e-07	7.706142e-07	1.121586e-06	1.592708e-06	2.209618e-06
	2.997883e-06	3.984671e-06	5.199204e-06	6.663573e-06	8.380430e-06
	1.033434e-05	1.250203e-05	1.485040e-05	1.733263e-05	1.990313e-05
	2.253504e-05	2.521886e-05	2.794665e-05	3.069936e-05	3.344140e-05
	3.611957e-05	3.866837e-05	4.101731e-05	4.309322e-05	4.481603e-05
	4.609822e-05	4.685539e-05	4.701383e-05	4.650835e-05	4.528392e-05
	4.330686e-05	4.057359e-05	3.711171e-05	3.299458e-05	2.838410e-05
	2.354810e-05	1.879219e-05	1.435996e-05	1.040285e-05	7.022360e-06
	4.304294e-06	2.313188e-06	1.045719e-06	3.823571e-07	1.110480e-07
	2.638276e-08	5.678336e-09	1.298999e-09	3.575292e-10	1.194379e-10
	4.570604e-11	1.901990e-11	8.342622e-12	3.781097e-12	1.741272e-12
	8.009704e-13	3.612200e-13	1.567458e-13	6.457400e-14	2.520579e-14
	9.423921e-15	3.432985e-15	1.239979e-15	4.479034e-16	1.588612e-16
	5.266070e-17	1.542959e-17	3.941242e-18	9.368223e-19	2.329404e-19
	6.692744e-20	2.308059e-20	9.395550e-21	4.337714e-21	2.175627e-21
	1.137912e-21	5.949910e-22	2.941377e-22	1.236552e-22	3.194914e-23
	1.000000e-60
massfraction-CH2O
	1.000000e-60	8.809861e-08	2.194078e-07	4.080302e-07	6.693085e-07
	1.020350e-06	1.479425e-06	2.064855e-06	2.794297e-06	3.684123e-06
	4.748948e-06	6.001315e-06	7.451529e-06	9.107610e-06	1.097535e-05
	1.305845e-05	1.535866e-05	1.787602e-05	2.060908e-05	2.355508e-05
	2.671024e-05	3.006992e-05	3.362892e-05	3.738171e-05	4.132285e-05
	4.544767e-05	4.975324e-05	5.424058e-05	5.891746e-05	6.379704e-05
	6.889051e-05	7.419199e-05	7.966340e-05	8.525466e-05	9.095614e-05
	9.681064e-05	1.028536e-04	1.090572e-04	1.153543e-04	1.217083e-04
	1.281429e-04	1.347177e-04	1.414889e-04	1.484901e-04	1.557491e-04
	1.632742e-04	1.711012e-04	1.792425e-04	1.876802e-04	1.963633e-04
	2.052125e-04	2.141032e-04	2.228115e-04	2.309792e-04	2.381928e-04
	2.441493e-04	2.487433e-04	2.520287e-04	2.541379e-04	2.552235e-04
	2.554298e-04	2.548808e-04	2.536791e-04	2.519117e-04	2.496586e-04
	2.469968e-04	2.439927e-04	2.407039e-04	2.372043e-04	2.336000e-04
	2.300059e-04	2.265189e-04	2.232228e-04	2.201929e-04	2.174763e-04
	2.150841e-04	2.130074e-04	2.112368e-04	2.097668e-04	2.085885e-04
	2.076786e-04	2.069876e-04	2.064311e-04	2.058858e-04	2.051861e-04
	2.041230e-04	2.024499e-04	1.998859e-04	1.961189e-04	1.908208e-04
	1.836799e-04	1.744269e-04	1.628490e-04	1.488522e-04	1.326352e-04
	1.148230e-04	9.631808e-05	7.796675e-05	6.039841e-05	4.414778e-05
	2.980793e-05	1.806093e-05	9.485504e-06	4.173813e-06	1.510897e-06
	4.582138e-07	1.250726e-07	3.437169e-08	1.048827e-08	3.687338e-09
	1.473558e-09	6.516452e-10	3.120585e-10	1.593113e-10	8.562786e-11
	4.794837e-11	2.774477e-11	1.653220e-11	1.018591e-11	6.553417e-12
	4.438171e-12	3.158397e-12	2.335399e-12	1.767809e-12	1.348593e-12
	1.018733e-12	7.477385e-13	5.250621e-13	3.506052e-13	2.237195e-13
	1.380260e-13	8.324334e-14	4.928620e-14	2.860059e-14	1.619166e-14
	8.884973e-15	4.680168e-15	2.321467e-15	1.033876e-15	3.516835e-16
	1.000000e-60
massfraction-CH3
	1.000000e-60	1.219611e-09	2.807779e-09	4.817271e-09	7.294960e-09
	1.029393e-08	1.387296e-08	1.809432e-08	2.302644e-08	2.874674e-08
	3.534491e-08	4.292607e-08	5.161417e-08	6.155535e-08	7.292158e-08
	8.591465e-08	1.007707e-07	1.177654e-07	1.372202e-07	1.595099e-07
	1.850718e-07	2.144166e-07	2.481434e-07	2.869573e-07	3.316948e-07
	3.833594e-07	4.431770e-07	5.126902e-07	5.939123e-07	6.894746e-07
	8.026866e-07	9.373395e-07	1.097206e-06	1.286246e-06	1.510482e-06
	1.779888e-06	2.107563e-06	2.506920e-06	2.991220e-06	3.577698e-06
	4.293203e-06	5.177820e-06	6.286766e-06	7.693580e-06	9.500128e-06
	1.185265e-05	1.496698e-05	1.915576e-05	2.486909e-05	3.275901e-05
	4.378592e-05	5.935221e-05	8.134527e-05	1.118627e-04	1.525530e-04
	2.040025e-04	2.656333e-04	3.360624e-04	4.135268e-04	4.961609e-04
	5.821843e-04	6.699235e-04	7.577731e-04	8.441072e-04	9.272050e-04
	1.005408e-03	1.077404e-03	1.142091e-03	1.198145e-03	1.244141e-03
	1.279167e-03	1.303039e-03	1.316021e-03	1.318724e-03	1.312062e-03
	1.296941e-03	1.273959e-03	1.243393e-03	1.205380e-03	1.160106e-03
	1.107963e-03	1.049569e-03	9.856681e-04	9.170457e-04	8.446239e-04
	7.696343e-04	6.934667e-04	6.173430e-04	5.422733e-04	4.692631e-04
	3.993806e-04	3.335782e-04	2.725717e-04	2.170356e-04	1.678767e-04
	1.260030e-04	9.171825e-05	6.450404e-05	4.339484e-05	2.745690e-05
	1.594766e-05	8.241056e-06	3.656021e-06	1.346845e-06	4.051369e-07
	1.012447e-07	2.245574e-08	4.921565e-09	1.187849e-09	3.359775e-10
	1.118912e-10	4.276126e-11	1.820190e-11	8.416255e-12	4.142203e-12
	2.133707e-12	1.134412e-12	6.165924e-13	3.418310e-13	1.940506e-13
	1.132906e-13	6.799337e-14	4.177794e-14	2.610817e-14	1.638715e-14
	1.012844e-14	6.036974e-15	3.434881e-15	1.881955e-15	1.015355e-15
	5.519788e-16	3.063426e-16	1.736863e-16	9.995554e-17	5.788155e-17
	3.338401e-17	1.891032e-17	1.025938e-17	5.044086e-18	1.894388e-18
	1.000000e-60
massfraction-CH4
	1.000000e-60	1.102840e-05	2.540791e-05	4.358994e-05	6.592359e-05
	9.274340e-05	1.243411e-04	1.609239e-04	2.026169e-04	2.494723e-04
	3.014808e-04	3.585859e-04	4.206961e-04	4.876966e-04	5.594592e-04
	6.358489e-04	7.167297e-04	8.019681e-04	8.914357e-04	9.850099e-04
	1.082575e-03	1.184023e-03	1.289255e-03	1.398182e-03	1.510734e-03
	1.626870e-03	1.746605e-03	1.870063e-03	1.997550e-03	2.129506e-03
	2.266314e-03	2.407896e-03	2.553327e-03	2.701381e-03	2.851911e-03
	3.006143e-03	3.165100e-03	3.328137e-03	3.493583e-03	3.660563e-03
	3.829788e-03	4.002904e-03	4.181483e-03	4.366507e-03	4.558849e-03
	4.758795e-03	4.967433e-03	5.185193e-03	5.411620e-03	5.645189e-03
	5.883253e-03	6.121241e-03	6.350722e-03	6.558076e-03	6.727105e-03
	6.845046e-03	6.906439e-03	6.912426e-03	6.867897e-03	6.779009e-03
	6.651655e-03	6.490791e-03	6.300357e-03	6.083601e-03	5.843631e-03
	5.583432e-03	5.305106e-03	5.010053e-03	4.701108e-03	4.383775e-03
	4.064376e-03	3.747981e-03	3.439101e-03	3.142290e-03	2.860486e-03
	2.593872e-03	2.340895e-03	2.100101e-03	1.871028e-03	1.654215e-03
	1.450901e-03	1.262388e-03	1.089474e-03	9.323397e-04	7.909298e-04
	6.652143e-04	5.548396e-04	4.588332e-04	3.758717e-04	3.046853e-04
	2.441353e-04	1.930740e-04	1.503247e-04	1.148680e-04	8.598151e-05
	6.306179e-05	4.534001e-05	3.185951e-05	2.168671e-05	1.409283e-05
	8.568492e-06	4.753109e-06	2.338869e-06	9.943522e-07	3.598435e-07
	1.118013e-07	3.111153e-08	8.331194e-09	2.320779e-09	7.131990e-10
	2.492006e-10	9.988029e-11	4.577299e-11	2.375221e-11	1.378160e-11
	8.827344e-12	6.163570e-12	4.628833e-12	3.678569e-12	3.032969e-12
	2.544956e-12	2.143334e-12	1.798521e-12	1.499152e-12	1.236927e-12
	1.002358e-12	7.888591e-13	5.972595e-13	4.341651e-13	3.049119e-13
	2.090136e-13	1.410040e-13	9.381567e-14	6.138304e-14	3.927466e-14
	2.438357e-14	1.452027e-14	8.115258e-15	4.046120e-15	1.525309e-15
	1.000000e-60
massfraction-C2H6
	1.000000e-60	7.797611e-07	1.939196e-06	3.600974e-06	5.898164e-06
	8.978961e-06	1.300156e-05	1.812468e-05	2.450162e-05	3.227529e-05
	4.157452e-05	5.251171e-05	6.518172e-05	7.966178e-05	9.601213e-05
	1.142772e-04	1.344868e-04	1.566582e-04	1.807971e-04	2.068995e-04
	2.349531e-04	2.649387e-04	2.968319e-04	3.306048e-04	3.662295e-04
	4.036831e-04	4.429576e-04	4.840795e-04	5.271361e-04	5.722646e-04
	6.195837e-04	6.690519e-04	7.203219e-04	7.729235e-04	8.267595e-04
	8.822251e-04	9.396468e-04	9.987449e-04	1.058855e-03	1.119591e-03
	1.181138e-03	1.244014e-03	1.308687e-03	1.375381e-03	1.444230e-03
	1.515123e-03	1.588122e-03	1.662940e-03	1.738812e-03	1.814399e-03
	1.887710e-03	1.955794e-03	2.014202e-03	2.057043e-03	2.078603e-03
	2.075652e-03	2.048260e-03	1.998856e-03	1.930844e-03	1.847686e-03
	1.752423e-03	1.647579e-03	1.535277e-03	1.417458e-03	1.296141e-03
	1.173347e-03	1.050706e-03	9.295908e-04	8.119418e-04	7.004109e-04
	5.973581e-04	5.041335e-04	4.214335e-04	3.495384e-04	2.880096e-04
	2.357118e-04	1.912994e-04	1.536410e-04	1.219030e-04	9.545190e-05
	7.374338e-05	5.622794e-05	4.232007e-05	3.143212e-05	2.302951e-05
	1.665012e-05	1.188412e-05	8.368588e-06	5.802613e-06	3.952118e-06
	2.637481e-06	1.718798e-06	1.087964e-06	6.645873e-07	3.900720e-07
	2.198659e-07	1.189775e-07	6.139663e-08	2.968635e-08	1.307136e-08
	5.041769e-09	1.625144e-09	4.168276e-10	8.183707e-11	1.217220e-11
	1.415867e-12	1.391052e-13	1.284349e-14	1.239966e-15	1.357195e-16
	1.766100e-17	2.798904e-18	5.461675e-19	1.314978e-19	3.889395e-20
	1.403724e-20	6.154022e-21	3.277249e-21	2.107390e-21	1.580327e-21
	1.295986e-21	1.092628e-21	9.131027e-22	7.460569e-22	5.931427e-22
	4.554774e-22	3.337064e-22	2.307833e-22	1.504995e-22	9.345400e-23
	5.609506e-23	3.295257e-23	1.902863e-23	1.078002e-23	5.961704e-24
	3.197225e-24	1.646867e-24	7.995063e-25	3.489801e-25	1.165918e-25
	1.000000e-60
massfraction-C2H
	1.000000e-60	3.205079e-31	4.785779e-30	5.880745e-30	2.314061e-29
	4.801898e-29	1.025730e-28	2.141100e-28	4.197810e-28	8.573683e-28
	1.802070e-27	3.933287e-27	8.976320e-27	2.159426e-26	5.461536e-26
	1.448520e-25	4.007437e-25	1.147175e-24	3.367318e-24	1.004166e-23
	3.014417e-23	9.032662e-23	2.681998e-22	7.843330e-22	2.248631e-21
	6.299729e-21	1.721814e-20	4.591344e-20	1.196903e-19	3.060363e-19
	7.698390e-19	1.906099e-18	4.628042e-18	1.097604e-17	2.550739e-17
	5.867882e-17	1.346665e-16	3.077915e-16	6.957767e-16	1.551023e-15
	3.423818e-15	7.541381e-15	1.668079e-14	3.717551e-14	8.364360e-14
	1.905177e-13	4.409855e-13	1.039991e-12	2.499006e-12	6.107059e-12
	1.513825e-11	3.789219e-11	9.471417e-11	2.312641e-10	5.362770e-10
	1.155761e-09	2.297873e-09	4.234949e-09	7.314679e-09	1.198686e-08
	1.884930e-08	2.870400e-08	4.261703e-08	6.196641e-08	8.845242e-08
	1.241188e-07	1.715047e-07	2.337681e-07	3.142894e-07	4.158533e-07
	5.403128e-07	6.888001e-07	8.612561e-07	1.055747e-06	1.269320e-06
	1.499587e-06	1.745033e-06	2.003822e-06	2.272520e-06	2.545396e-06
	2.814264e-06	3.069217e-06	3.299788e-06	3.495702e-06	3.646973e-06
	3.744458e-06	3.781293e-06	3.753570e-06	3.659839e-06	3.500996e-06
	3.280837e-06	3.005968e-06	2.685036e-06	2.329323e-06	1.955303e-06
	1.584505e-06	1.237572e-06	9.279944e-07	6.617885e-07	4.415169e-07
	2.689063e-07	1.446832e-07	6.613066e-08	2.470076e-08	7.371353e-09
	1.790434e-09	3.858139e-10	8.495629e-11	2.136504e-11	6.233108e-12
	2.029805e-12	7.116106e-13	2.626839e-13	1.005070e-13	3.924320e-14
	1.536520e-14	5.915663e-15	2.196539e-15	7.755168e-16	2.582517e-16
	8.046378e-17	2.327513e-17	6.316947e-18	1.656713e-18	4.238370e-19
	1.022632e-19	2.214416e-20	4.260222e-21	7.791871e-22	1.528142e-22
	3.567663e-23	1.031745e-23	3.619472e-24	1.468162e-24	6.532955e-25
	3.027376e-25	1.381777e-25	5.770473e-26	1.935207e-26	3.642110e-27
	1.000000e-60
massfraction-C2H2
	1.000000e-60	1.048717e-05	2.544071e-05	4.603150e-05	7.343822e-05
	1.089124e-04	1.537225e-04	2.090613e-04	2.760050e-04	3.554853e-04
	4.482760e-04	5.549910e-04	6.760920e-04	8.119014e-04	9.626186e-04
	1.128337e-03	1.309063e-03	1.504726e-03	1.715201e-03	1.940310e-03
	2.179843e-03	2.433559e-03	2.701203e-03	2.982515e-03	3.277254e-03
	3.585242e-03	3.906436e-03	4.241083e-03	4.589931e-03	4.954126e-03
	5.334670e-03	5.731287e-03	6.141282e-03	6.561029e-03	6.989909e-03
	7.431243e-03	7.887814e-03	8.357629e-03	8.835683e-03	9.319237e-03
	9.810149e-03	1.031302e-02	1.083225e-02	1.137056e-02	1.193028e-02
	1.251230e-02	1.311969e-02	1.375389e-02	1.441418e-02	1.509751e-02
	1.579910e-02	1.651126e-02	1.721933e-02	1.789860e-02	1.851964e-02
	1.906038e-02	1.951261e-02	1.987931e-02	2.016863e-02	2.038955e-02
	2.054988e-02	2.065535e-02	2.070934e-02	2.071308e-02	2.066610e-02
	2.056675e-02	2.041199e-02	2.019704e-02	1.991701e-02	1.956976e-02
	1.915618e-02	1.867846e-02	1.814076e-02	1.755058e-02	1.691578e-02
	1.623998e-02	1.552210e-02	1.475961e-02	1.395172e-02	1.310102e-02
	1.221420e-02	1.130088e-02	1.037132e-02	9.435079e-03	8.502475e-03
	7.586303e-03	6.699496e-03	5.851516e-03	5.048581e-03	4.296338e-03
	3.600606e-03	2.965678e-03	2.393471e-03	1.885624e-03	1.445988e-03
	1.078477e-03	7.820589e-04	5.493798e-04	3.702088e-04	2.353772e-04
	1.379026e-04	7.221715e-05	3.264407e-05	1.232700e-05	3.830765e-06
	1.006090e-06	2.449494e-07	6.371847e-08	1.966948e-08	7.262463e-09
	3.072429e-09	1.434622e-09	7.237498e-10	3.896084e-10	2.218207e-10
	1.327167e-10	8.317463e-11	5.466178e-11	3.783436e-11	2.760140e-11
	2.102494e-11	1.644199e-11	1.299951e-11	1.028926e-11	8.084754e-12
	6.231428e-12	4.640328e-12	3.296437e-12	2.226409e-12	1.439723e-12
	9.027234e-13	5.547759e-13	3.354143e-13	1.990695e-13	1.153941e-13
	6.487931e-14	3.502163e-14	1.779325e-14	8.106736e-15	2.815148e-15
	1.000000e-60
massfraction-CHCO
	1.000000e-60	3.907360e-06	9.000832e-06	1.543927e-05	2.334482e-05
	3.283390e-05	4.400712e-05	5.693438e-05	7.165592e-05	8.818533e-05
	1.065139e-04	1.266156e-04	1.484515e-04	1.719739e-04	1.971303e-04
	2.238653e-04	2.521231e-04	2.818489e-04	3.129892e-04	3.454933e-04
	3.793128e-04	4.144019e-04	4.507186e-04	4.882247e-04	5.268884e-04
	5.666886e-04	6.076237e-04	6.497289e-04	6.931006e-04	7.378812e-04
	7.841909e-04	8.319943e-04	8.809715e-04	9.307049e-04	9.811424e-04
	1.032691e-03	1.085687e-03	1.139910e-03	1.194801e-03	1.250071e-03
	1.305959e-03	1.363010e-03	1.421742e-03	1.482480e-03	1.545520e-03
	1.610967e-03	1.679215e-03	1.750472e-03	1.824717e-03	1.901690e-03
	1.980950e-03	2.061752e-03	2.142577e-03	2.220764e-03	2.293074e-03
	2.357067e-03	2.411873e-03	2.457916e-03	2.496232e-03	2.527972e-03
	2.554171e-03	2.575646e-03	2.592975e-03	2.606504e-03	2.616381e-03
	2.622607e-03	2.625069e-03	2.623502e-03	2.617504e-03	2.606693e-03
	2.590811e-03	2.569693e-03	2.543286e-03	2.511744e-03	2.475288e-03
	2.433917e-03	2.387282e-03	2.334826e-03	2.275973e-03	2.210266e-03
	2.137468e-03	2.057537e-03	1.970480e-03	1.876251e-03	1.774904e-03
	1.666888e-03	1.552936e-03	1.433685e-03	1.309646e-03	1.181578e-03
	1.050717e-03	9.185775e-04	7.867359e-04	6.572402e-04	5.334095e-04
	4.195433e-04	3.191965e-04	2.338469e-04	1.632655e-04	1.067443e-04
	6.370396e-05	3.354319e-05	1.497273e-05	5.451252e-06	1.585153e-06
	3.753114e-07	7.867655e-08	1.690164e-08	4.276854e-09	1.328423e-09
	4.850246e-10	1.974874e-10	8.675611e-11	4.033073e-11	1.956598e-11
	9.791477e-12	5.007457e-12	2.605726e-12	1.386798e-12	7.668205e-13
	4.499783e-13	2.846962e-13	1.938113e-13	1.384402e-13	9.976056e-14
	6.954725e-14	4.516004e-14	2.673241e-14	1.458079e-14	7.612415e-15
	3.965492e-15	2.114477e-15	1.161127e-15	6.532954e-16	3.732819e-16
	2.143232e-16	1.218827e-16	6.690686e-17	3.350041e-17	1.286644e-17
	1.000000e-60
massfraction-C3H3
	1.000000e-60	1.000000e-60	1.000000e-60	1.000000e-60	1.000000e-60
	1.410142e-27	4.222631e-27	1.084335e-26	2.805899e-26	7.539943e-26
	2.143899e-25	7.161063e-25	2.218986e-24	6.776601e-24	2.058534e-23
	6.281305e-23	1.919387e-22	5.872101e-22	1.792246e-21	5.433965e-21
	1.632020e-20	4.844842e-20	1.419040e-19	4.095076e-19	1.163194e-18
	3.250410e-18	8.935972e-18	2.419085e-17	6.461866e-17	1.707904e-16
	4.476088e-16	1.162438e-15	2.975855e-15	7.462646e-15	1.833123e-14
	4.442404e-14	1.068433e-13	2.544515e-13	5.959571e-13	1.368717e-12
	3.095859e-12	6.953400e-12	1.562548e-11	3.529649e-11	8.039692e-11
	1.852374e-10	4.330021e-10	1.029552e-09	2.491217e-09	6.124185e-09
	1.524781e-08	3.823068e-08	9.529759e-08	2.305721e-07	5.251861e-07
	1.099197e-06	2.094732e-06	3.651174e-06	5.888803e-06	8.906186e-06
	1.278969e-05	1.762489e-05	2.350495e-05	3.053036e-05	3.879776e-05
	4.839930e-05	5.945079e-05	7.209038e-05	8.638079e-05	1.022078e-04
	1.193136e-04	1.373856e-04	1.560271e-04	1.747286e-04	1.929948e-04
	2.104608e-04	2.268467e-04	2.418263e-04	2.549506e-04	2.656518e-04
	2.732997e-04	2.772981e-04	2.771678e-04	2.725841e-04	2.634113e-04
	2.497835e-04	2.321425e-04	2.111519e-04	1.876119e-04	1.624588e-04
	1.367470e-04	1.115284e-04	8.773291e-05	6.618278e-05	4.764336e-05
	3.266129e-05	2.130447e-05	1.316233e-05	7.607261e-06	4.029809e-06
	1.906182e-06	7.853579e-07	2.790786e-07	8.688543e-08	2.424489e-08
	6.017293e-09	1.296612e-09	2.434674e-10	4.126965e-11	6.569606e-12
	1.003696e-12	1.476069e-13	2.067837e-14	2.693515e-15	3.127118e-16
	3.030531e-17	2.228578e-18	1.097516e-19	3.172591e-21	4.902037e-23
	4.204966e-25	5.057666e-27	2.845397e-28	1.998474e-29	1.243071e-30
	6.627253e-32	3.116345e-33	1.385388e-34	6.192575e-36	3.057135e-37
	1.774072e-38	1.401333e-39	1.785978e-40	2.075554e-41	1.000000e-60
	6.622494e-43	1.000000e-60	7.917246e-44	2.863359e-44	4.356288e-46
	1.000000e-60
massfraction-C2H3
	1.000000e-60	2.036202e-18	4.527466e-18	7.531770e-18	1.113931e-17
	1.555842e-17	2.122695e-17	2.897148e-17	4.030637e-17	5.804001e-17
	8.755911e-17	1.396296e-16	2.366869e-16	4.273700e-16	8.209491e-16
	1.670496e-15	3.576452e-15	7.987721e-15	1.843254e-14	4.351163e-14
	1.040478e-13	2.497363e-13	5.966810e-13	1.408739e-12	3.265720e-12
	7.392485e-12	1.626261e-11	3.463037e-11	7.117582e-11	1.409027e-10
	2.681490e-10	4.891696e-10	8.518932e-10	1.412978e-09	2.239222e-09
	3.415040e-09	5.039937e-09	7.206448e-09	9.983279e-09	1.343067e-08
	1.763018e-08	2.269300e-08	2.873935e-08	3.586722e-08	4.414484e-08
	5.362981e-08	6.444768e-08	7.694078e-08	9.199964e-08	1.116074e-07
	1.396398e-07	1.830960e-07	2.539757e-07	3.712601e-07	5.611500e-07
	8.542691e-07	1.281558e-06	1.872259e-06	2.654717e-06	3.657853e-06
	4.911722e-06	6.445025e-06	8.280140e-06	1.042568e-05	1.286727e-05
	1.556447e-05	1.845801e-05	2.146908e-05	2.447993e-05	2.733185e-05
	2.986264e-05	3.194175e-05	3.347524e-05	3.441147e-05	3.474941e-05
	3.452311e-05	3.377588e-05	3.255036e-05	3.089459e-05	2.887105e-05
	2.656157e-05	2.406253e-05	2.147246e-05	1.888155e-05	1.637031e-05
	1.401038e-05	1.185522e-05	9.931663e-06	8.244547e-06	6.786671e-06
	5.543170e-06	4.491616e-06	3.604615e-06	2.856413e-06	2.228483e-06
	1.708356e-06	1.284381e-06	9.431575e-07	6.713968e-07	4.587373e-07
	2.978431e-07	1.825921e-07	1.057602e-07	5.815951e-08	3.038228e-08
	1.498285e-08	6.970720e-09	3.113283e-09	1.377304e-09	6.220246e-10
	2.921068e-10	1.436561e-10	7.391284e-11	3.945233e-11	2.149095e-11
	1.165179e-11	6.080403e-12	2.947049e-12	1.301176e-12	5.298766e-13
	2.039419e-13	7.452201e-14	2.587207e-14	8.789439e-15	3.065474e-15
	1.128189e-15	4.304576e-16	1.634853e-16	6.060959e-17	2.209711e-17
	8.042786e-18	2.944653e-18	1.078280e-18	3.893497e-19	1.362877e-19
	4.538156e-20	1.402953e-20	3.858217e-21	8.549855e-22	1.103701e-22
	1.000000e-60
massfraction-C2H4
	1.000000e-60	6.599731e-06	1.619550e-05	2.965694e-05	4.789161e-05
	7.188428e-05	1.026571e-04	1.412010e-04	1.884386e-04	2.451962e-04
	3.121858e-04	3.899961e-04	4.790926e-04	5.798220e-04	6.924216e-04
	8.170308e-04	9.537033e-04	1.102419e-03	1.263097e-03	1.435604e-03
	1.619767e-03	1.815381e-03	2.022221e-03	2.240054e-03	2.468656e-03
	2.707850e-03	2.957562e-03	3.217945e-03	3.489542e-03	3.773210e-03
	4.069692e-03	4.378737e-03	4.698208e-03	5.025244e-03	5.359334e-03
	5.703031e-03	6.058474e-03	6.424079e-03	6.795921e-03	7.171843e-03
	7.553258e-03	7.943693e-03	8.346507e-03	8.763696e-03	9.196922e-03
	9.646644e-03	1.011488e-02	1.060215e-02	1.110684e-02	1.162489e-02
	1.214960e-02	1.266999e-02	1.316658e-02	1.360894e-02	1.396181e-02
	1.419834e-02	1.430791e-02	1.429398e-02	1.416753e-02	1.394160e-02
	1.362804e-02	1.323630e-02	1.277342e-02	1.224514e-02	1.165740e-02
	1.101662e-02	1.032793e-02	9.595721e-03	8.828924e-03	8.044042e-03
	7.260139e-03	6.493165e-03	5.757185e-03	5.065367e-03	4.425813e-03
	3.839282e-03	3.302282e-03	2.811505e-03	2.365637e-03	1.964997e-03
	1.610530e-03	1.302413e-03	1.039163e-03	8.177891e-04	6.346534e-04
	4.859615e-04	3.674675e-04	2.744566e-04	2.023366e-04	1.471185e-04
	1.054378e-04	7.440848e-05	5.159427e-05	3.506419e-05	2.335475e-05
	1.529821e-05	9.895580e-06	6.322603e-06	3.969682e-06	2.428936e-06
	1.436310e-06	8.164457e-07	4.457241e-07	2.336388e-07	1.168476e-07
	5.509009e-08	2.441233e-08	1.035904e-08	4.354088e-09	1.871251e-09
	8.381222e-10	3.944228e-10	1.953752e-10	1.016130e-10	5.518807e-11
	3.110306e-11	1.810286e-11	1.088568e-11	6.817548e-12	4.492447e-12
	3.118831e-12	2.256964e-12	1.677569e-12	1.264835e-12	9.557492e-13
	7.128435e-13	5.157005e-13	3.569106e-13	2.354202e-13	1.490057e-13
	9.161982e-14	5.529975e-14	3.287291e-14	1.919724e-14	1.095526e-14
	6.066513e-15	3.226841e-15	1.616584e-15	7.269587e-16	2.495001e-16
	1.000000e-60
massfraction-C2H5
	1.000000e-60	7.460524e-11	1.851605e-10	3.431037e-10	5.607770e-10
	8.518786e-10	1.230982e-09	1.712655e-09	2.310920e-09	3.038815e-09
	3.908074e-09	4.928938e-09	6.110084e-09	7.458656e-09	8.980359e-09
	1.067963e-08	1.255982e-08	1.462345e-08	1.687244e-08	1.930843e-08
	2.193306e-08	2.474835e-08	2.775712e-08	3.096344e-08	3.437330e-08
	3.799547e-08	4.184287e-08	4.593495e-08	5.030107e-08	5.498025e-08
	6.001484e-08	6.543443e-08	7.123514e-08	7.739243e-08	8.391477e-08
	9.086154e-08	9.827303e-08	1.060871e-07	1.141490e-07	1.222923e-07
	1.303745e-07	1.382284e-07	1.455875e-07	1.520532e-07	1.571521e-07
	1.604333e-07	1.617481e-07	1.615905e-07	1.615703e-07	1.646635e-07
	1.750273e-07	1.977624e-07	2.392895e-07	3.080736e-07	4.144542e-07
	5.692666e-07	7.823633e-07	1.062020e-06	1.414925e-06	1.845886e-06
	2.357044e-06	2.946152e-06	3.604556e-06	4.315206e-06	5.051366e-06
	5.778521e-06	6.459234e-06	7.054959e-06	7.525336e-06	7.834706e-06
	7.963408e-06	7.911114e-06	7.693365e-06	7.338449e-06	6.880778e-06
	6.351629e-06	5.775191e-06	5.171003e-06	4.557169e-06	3.951545e-06
	3.371290e-06	2.830873e-06	2.340196e-06	1.904385e-06	1.525309e-06
	1.202784e-06	9.341673e-07	7.143299e-07	5.370226e-07	3.961984e-07
	2.863135e-07	2.021458e-07	1.388723e-07	9.238631e-08	5.935916e-08
	3.688179e-08	2.221884e-08	1.296586e-08	7.281166e-09	3.901546e-09
	1.989136e-09	9.783951e-10	4.814059e-10	2.454939e-10	1.291183e-10
	6.740409e-11	3.405311e-11	1.679861e-11	8.336996e-12	4.284544e-12
	2.317262e-12	1.324634e-12	7.971561e-13	4.996330e-13	3.207075e-13
	2.062322e-13	1.294668e-13	7.730383e-14	4.309863e-14	2.233688e-14
	1.081178e-14	4.857009e-15	1.963322e-15	6.957468e-16	2.182363e-16
	6.268950e-17	1.736595e-17	4.907539e-18	1.463835e-18	4.657249e-19
	1.576882e-19	5.619657e-20	2.070120e-20	7.730910e-21	2.880530e-21
	1.058817e-21	3.811474e-22	1.332921e-22	4.418668e-23	1.223750e-23
	1.000000e-60
massfraction-C3H4
	1.000000e-60	4.216292e-08	1.089010e-07	2.104632e-07	3.590690e-07
	5.693145e-07	8.579393e-07	1.243145e-06	1.744008e-06	2.379855e-06
	3.169686e-06	4.131665e-06	5.282723e-06	6.638266e-06	8.211992e-06
	1.001579e-05	1.205971e-05	1.435202e-05	1.689923e-05	1.970625e-05
	2.277644e-05	2.611183e-05	2.971323e-05	3.358051e-05	3.771297e-05
	4.211006e-05	4.677260e-05	5.170521e-05	5.691985e-05	6.243471e-05
	6.826603e-05	7.441029e-05	8.082518e-05	8.745157e-05	9.427634e-05
	1.013493e-04	1.087127e-04	1.163318e-04	1.241215e-04	1.320322e-04
	1.400894e-04	1.483638e-04	1.569235e-04	1.658081e-04	1.750492e-04
	1.846564e-04	1.946707e-04	2.051044e-04	2.159320e-04	2.270882e-04
	2.384774e-04	2.499567e-04	2.612745e-04	2.720278e-04	2.817564e-04
	2.901381e-04	2.970877e-04	3.027075e-04	3.071879e-04	3.107348e-04
	3.135366e-04	3.157499e-04	3.174986e-04	3.188775e-04	3.199582e-04
	3.207951e-04	3.214304e-04	3.218922e-04	3.221913e-04	3.223233e-04
	3.222716e-04	3.220063e-04	3.214833e-04	3.206480e-04	3.194383e-04
	3.177754e-04	3.155527e-04	3.126324e-04	3.088501e-04	3.040274e-04
	2.979902e-04	2.905858e-04	2.816876e-04	2.711964e-04	2.590682e-04
	2.453621e-04	2.302389e-04	2.139026e-04	1.965755e-04	1.785289e-04
	1.600949e-04	1.416143e-04	1.233855e-04	1.057057e-04	8.896850e-05
	7.362473e-05	5.998332e-05	4.808176e-05	3.775977e-05	2.882724e-05
	2.116095e-05	1.473082e-05	9.572075e-06	5.711146e-06	3.086524e-06
	1.503029e-06	6.670365e-07	2.783983e-07	1.139366e-07	4.739238e-08
	2.045835e-08	9.245785e-09	4.382036e-09	2.171424e-09	1.117586e-09
	5.924014e-10	3.207361e-10	1.765260e-10	9.902025e-11	5.708472e-11
	3.403284e-11	2.093990e-11	1.320049e-11	8.458605e-12	5.447065e-12
	3.461339e-12	2.124687e-12	1.241995e-12	6.917083e-13	3.717141e-13
	1.959218e-13	1.024416e-13	5.323244e-14	2.735905e-14	1.380848e-14
	6.789862e-15	3.220535e-15	1.446718e-15	5.879859e-16	1.844425e-16
	1.000000e-60
massfraction-C3H5
	1.000000e-60	2.566257e-09	6.678044e-09	1.300891e-08	2.237561e-08
	3.576685e-08	5.433169e-08	7.933742e-08	1.121308e-07	1.540954e-07
	2.066100e-07	2.710111e-07	3.485616e-07	4.404271e-07	5.476592e-07
	6.711852e-07	8.118035e-07	9.701828e-07	1.146866e-06	1.342273e-06
	1.556712e-06	1.790387e-06	2.043408e-06	2.315811e-06	2.607584e-06
	2.918717e-06	3.249292e-06	3.599658e-06	3.970680e-06	4.363669e-06
	4.779801e-06	5.218835e-06	5.677748e-06	6.152294e-06	6.641508e-06
	7.148933e-06	7.677583e-06	8.224933e-06	8.784831e-06	9.353657e-06
	9.933174e-06	1.052840e-05	1.114415e-05	1.178313e-05	1.244741e-05
	1.313739e-05	1.385549e-05	1.460174e-05	1.537284e-05	1.616159e-05
	1.695680e-05	1.774126e-05	1.848689e-05	1.915483e-05	1.971030e-05
	2.014444e-05	2.047882e-05	2.074967e-05	2.098981e-05	2.121952e-05
	2.144563e-05	2.166407e-05	2.186301e-05	2.202560e-05	2.213234e-05
	2.216395e-05	2.210329e-05	2.193589e-05	2.165234e-05	2.125344e-05
	2.075137e-05	2.016534e-05	1.951912e-05	1.883951e-05	1.814993e-05
	1.746465e-05	1.678962e-05	1.612712e-05	1.547864e-05	1.484533e-05
	1.422756e-05	1.362365e-05	1.302899e-05	1.243643e-05	1.183844e-05
	1.122963e-05	1.060668e-05	9.966903e-06	9.308373e-06	8.631613e-06
	7.940225e-06	7.239149e-06	6.532852e-06	5.826916e-06	5.132308e-06
	4.465090e-06	3.838989e-06	3.258616e-06	2.720288e-06	2.218355e-06
	1.750162e-06	1.319073e-06	9.353993e-07	6.137419e-07	3.669919e-07
	1.983351e-07	9.749810e-08	4.470416e-08	1.981981e-08	8.778536e-09
	3.964893e-09	1.844860e-09	8.878892e-10	4.417480e-10	2.262584e-10
	1.186115e-10	6.335796e-11	3.456901e-11	1.957348e-11	1.180292e-11
	7.704133e-12	5.385534e-12	3.917860e-12	2.887453e-12	2.113773e-12
	1.508983e-12	1.030127e-12	6.623514e-13	3.998734e-13	2.288538e-13
	1.261776e-13	6.793921e-14	3.590635e-14	1.859249e-14	9.387020e-15
	4.592919e-15	2.159597e-15	9.594585e-16	3.852799e-16	1.194530e-16
	1.000000e-60
massfraction-C3H6
	1.000000e-60	5.780566e-08	1.518240e-07	2.986829e-07	5.189595e-07
	8.379747e-07	1.285639e-06	1.895507e-06	2.703845e-06	3.748531e-06
	5.067938e-06	6.699869e-06	8.680641e-06	1.104433e-05	1.382222e-05
	1.704240e-05	2.072953e-05	2.490475e-05	2.958568e-05	3.478649e-05
	4.051806e-05	4.678821e-05	5.360199e-05	6.096214e-05	6.886981e-05
	7.732598e-05	8.633381e-05	9.590360e-05	1.060596e-04	1.168384e-04
	1.282724e-04	1.403554e-04	1.530035e-04	1.660987e-04	1.796125e-04
	1.936410e-04	2.082655e-04	2.234139e-04	2.389128e-04	2.546589e-04
	2.706976e-04	2.871641e-04	3.041870e-04	3.218361e-04	3.401614e-04
	3.591651e-04	3.789006e-04	3.993495e-04	4.203900e-04	4.417694e-04
	4.630787e-04	4.836392e-04	5.022754e-04	5.171924e-04	5.263602e-04
	5.283523e-04	5.229109e-04	5.108185e-04	4.933775e-04	4.719378e-04
	4.476217e-04	4.212537e-04	3.934072e-04	3.645038e-04	3.349200e-04
	3.050063e-04	2.750237e-04	2.451931e-04	2.159081e-04	1.877861e-04
	1.614268e-04	1.372214e-04	1.154239e-04	9.619802e-05	7.952102e-05
	6.517300e-05	5.285904e-05	4.232620e-05	3.339107e-05	2.591556e-05
	1.977674e-05	1.484000e-05	1.095046e-05	7.944179e-06	5.665893e-06
	3.976651e-06	2.750624e-06	1.876114e-06	1.261110e-06	8.347271e-07
	5.436133e-07	3.477084e-07	2.175699e-07	1.324655e-07	7.817740e-08
	4.468900e-08	2.471644e-08	1.313119e-08	6.589832e-09	3.045187e-09
	1.254185e-09	4.438354e-10	1.303248e-10	3.091531e-11	5.864530e-12
	9.044174e-13	1.198518e-13	1.495512e-14	1.946538e-15	2.876816e-16
	5.097630e-17	1.112254e-17	2.997243e-18	9.806932e-19	3.783387e-19
	1.666478e-19	8.163454e-20	4.408172e-20	2.681845e-20	1.909654e-20
	1.573376e-20	1.382385e-20	1.200651e-20	1.002499e-20	8.035003e-21
	6.170441e-21	4.494876e-21	3.067923e-21	1.951017e-21	1.161447e-21
	6.556357e-22	3.560782e-22	1.876674e-22	9.617762e-23	4.784354e-23
	2.300823e-23	1.062217e-23	4.633495e-24	1.828497e-24	5.581438e-25
	1.000000e-60
massfraction-N-C3H7
	1.000000e-60	5.903144e-12	1.552710e-11	3.059413e-11	5.324231e-11
	8.610932e-11	1.323188e-10	1.953842e-10	2.791126e-10	3.874903e-10
	5.245656e-10	6.943363e-10	9.006520e-10	1.147134e-09	1.437112e-09
	1.773585e-09	2.159189e-09	2.596186e-09	3.086461e-09	3.631517e-09
	4.232484e-09	4.890111e-09	5.604750e-09	6.376295e-09	7.204058e-09
	8.086490e-09	9.020617e-09	1.000097e-08	1.101730e-08	1.204888e-08
	1.305368e-08	1.395229e-08	1.461506e-08	1.487311e-08	1.455794e-08
	1.355944e-08	1.192597e-08	9.961043e-09	8.104717e-09	6.627555e-09
	5.535917e-09	4.728000e-09	4.117242e-09	3.651071e-09	3.297253e-09
	3.033553e-09	2.844704e-09	2.721412e-09	2.660050e-09	2.661548e-09
	2.731638e-09	2.881400e-09	3.126564e-09	3.483056e-09	3.959074e-09
	4.549920e-09	5.240506e-09	6.012427e-09	6.848619e-09	7.732462e-09
	8.643675e-09	9.553693e-09	1.042369e-08	1.120571e-08	1.184698e-08
	1.229779e-08	1.251870e-08	1.248248e-08	1.217797e-08	1.161971e-08
	1.084910e-08	9.922639e-09	8.902897e-09	7.852483e-09	6.822266e-09
	5.843454e-09	4.931605e-09	4.095637e-09	3.342745e-09	2.678895e-09
	2.107692e-09	1.628608e-09	1.236378e-09	9.222397e-10	6.760580e-10
	4.875767e-10	3.464661e-10	2.427187e-10	1.675558e-10	1.138933e-10
	7.617592e-11	5.005539e-11	3.220447e-11	2.019570e-11	1.231049e-11
	7.294943e-12	4.201077e-12	2.336590e-12	1.236118e-12	6.075273e-13
	2.690480e-13	1.036394e-13	3.351712e-14	8.840215e-15	1.877604e-15
	3.259414e-16	4.874427e-17	6.839341e-18	9.886868e-19	1.589439e-19
	2.989046e-20	6.789448e-21	1.900254e-21	6.602580e-22	2.831109e-22
	1.475481e-22	9.215694e-23	6.919920e-23	6.462258e-23	7.858731e-23
	1.235159e-22	2.298118e-22	3.765210e-22	3.917784e-22	3.164553e-22
	2.309235e-22	1.575634e-22	1.004085e-22	5.980461e-23	3.366891e-23
	1.822688e-23	9.625761e-24	4.986182e-24	2.529213e-24	1.250373e-24
	5.988875e-25	2.756667e-25	1.199538e-25	4.723508e-26	1.439133e-26
	1.000000e-60
massfraction-I-C3H7
	1.000000e-60	1.134698e-10	2.984612e-10	5.880820e-10	1.023436e-09
	1.655240e-09	2.543563e-09	3.755995e-09	5.365800e-09	7.449743e-09
	1.008586e-08	1.335130e-08	1.732056e-08	2.206393e-08	2.764642e-08
	3.412710e-08	4.155873e-08	4.998775e-08	5.945461e-08	6.999427e-08
	8.163707e-08	9.440976e-08	1.083369e-07	1.234423e-07	1.397518e-07
	1.572959e-07	1.761147e-07	1.962667e-07	2.178391e-07	2.409344e-07
	2.656155e-07	2.917865e-07	3.190366e-07	3.466344e-07	3.736659e-07
	3.988795e-07	4.200720e-07	4.336864e-07	4.353722e-07	4.212636e-07
	3.893386e-07	3.410002e-07	2.826176e-07	2.246501e-07	1.764113e-07
	1.408059e-07	1.154792e-07	9.725883e-08	8.406513e-08	7.466477e-08
	6.829219e-08	6.448173e-08	6.298231e-08	6.364680e-08	6.628343e-08
	7.057125e-08	7.610817e-08	8.251275e-08	8.947279e-08	9.671644e-08
	1.039516e-07	1.108168e-07	1.168728e-07	1.216318e-07	1.246180e-07
	1.254476e-07	1.238802e-07	1.198261e-07	1.133908e-07	1.049439e-07
	9.506484e-08	8.438864e-08	7.352656e-08	6.302147e-08	5.325260e-08
	4.439480e-08	3.648512e-08	2.951409e-08	2.346665e-08	1.832305e-08
	1.404873e-08	1.058246e-08	7.835438e-09	5.703319e-09	4.082208e-09
	2.876566e-09	1.998619e-09	1.369968e-09	9.258778e-10	6.164254e-10
	4.039874e-10	2.602343e-10	1.642390e-10	1.011549e-10	6.069556e-11
	3.553662e-11	2.032478e-11	1.129779e-11	6.017034e-12	3.001904e-12
	1.361801e-12	5.422606e-13	1.826855e-13	5.047488e-14	1.127796e-14
	2.067819e-15	3.274732e-16	4.857143e-17	7.357281e-18	1.217560e-18
	2.290619e-19	4.994542e-20	1.271870e-20	3.785226e-21	1.313914e-21
	5.326288e-22	2.552105e-22	1.488063e-22	1.086164e-22	9.078410e-23
	6.301796e-23	3.235085e-23	1.473317e-23	6.849682e-24	3.415921e-24
	1.813567e-24	9.957906e-25	5.491393e-25	2.970376e-25	1.551031e-25
	7.783416e-26	3.765980e-26	1.759639e-26	7.919868e-27	3.419285e-27
	1.410252e-27	5.535032e-28	2.050891e-28	6.975300e-29	1.908040e-29
	1.000000e-60
massfraction-C3H8
	1.000000e+00	9.990596e-01	9.978051e-01	9.961813e-01	9.941400e-01
	9.916325e-01	9.886126e-01	9.850419e-01	9.808897e-01	9.761333e-01
	9.707573e-01	9.647528e-01	9.581161e-01	9.508476e-01	9.429511e-01
	9.344329e-01	9.253008e-01	9.155640e-01	9.052325e-01	8.943169e-01
	8.828280e-01	8.707769e-01	8.581744e-01	8.450308e-01	8.313551e-01
	8.171528e-01	8.024232e-01	7.871524e-01	7.713038e-01	7.548232e-01
	7.376638e-01	7.198360e-01	7.014585e-01	6.826899e-01	6.635537e-01
	6.438979e-01	6.235955e-01	6.027322e-01	5.815263e-01	5.600952e-01
	5.383524e-01	5.160906e-01	4.931107e-01	4.692894e-01	4.445707e-01
	4.188052e-01	3.919032e-01	3.637932e-01	3.344985e-01	3.041429e-01
	2.729278e-01	2.411817e-01	2.095420e-01	1.790902e-01	1.511089e-01
	1.265307e-01	1.056407e-01	8.820325e-02	7.374142e-02	6.173778e-02
	5.172186e-02	4.330538e-02	3.618396e-02	3.012798e-02	2.496878e-02
	2.057468e-02	1.682970e-02	1.363736e-02	1.093467e-02	8.681477e-03
	6.834291e-03	5.339031e-03	4.142751e-03	3.197980e-03	2.458570e-03
	1.880639e-03	1.427492e-03	1.071847e-03	7.940901e-04	5.795368e-04
	4.164237e-04	2.946452e-04	2.053133e-04	1.408436e-04	9.509876e-05
	6.325644e-05	4.150277e-05	2.686331e-05	1.713350e-05	1.075273e-05
	6.632061e-06	4.012012e-06	2.371221e-06	1.362911e-06	7.603809e-07
	4.126606e-07	2.182534e-07	1.119312e-07	5.481789e-08	2.502021e-08
	1.030779e-08	3.691726e-09	1.105707e-09	2.680250e-10	5.178350e-11
	8.081265e-12	1.071230e-12	1.307925e-13	1.605304e-14	2.120154e-15
	3.132234e-16	5.264664e-17	1.010884e-17	2.206860e-18	5.418413e-19
	1.477329e-19	4.433030e-20	1.467776e-20	5.464271e-21	2.343645e-21
	1.166178e-21	6.587190e-22	4.068777e-22	2.652857e-22	1.772444e-22
	1.179964e-22	7.620558e-23	4.681667e-23	2.719771e-23	1.505340e-23
	8.053890e-24	4.217736e-24	2.171149e-24	1.095914e-24	5.396236e-25
	2.575879e-25	1.182198e-25	5.131020e-26	2.015965e-26	6.130526e-27
	1.000000e-60
V [kg/(s*m^2)]
	2.321246e-01	2.224449e-01	2.128932e-01	2.036177e-01	1.947168e-01
	1.862164e-01	1.781137e-01	1.703991e-01	1.630574e-01	1.560690e-01
	1.494114e-01	1.430606e-01	1.369917e-01	1.311800e-01	1.256017e-01
	1.202341e-01	1.150561e-01	1.100480e-01	1.051922e-01	1.004724e-01
	9.587431e-02	9.138488e-02	8.699256e-02	8.268688e-02	7.845819e-02
	7.429705e-02	7.019350e-02	6.613537e-02	6.210652e-02	5.808876e-02
	5.406796e-02	5.004460e-02	4.604212e-02	4.208901e-02	3.818255e-02
	3.428555e-02	3.036938e-02	2.644786e-02	2.255737e-02	1.871253e-02
	1.489072e-02	1.104993e-02	7.151967e-03	3.172800e-03	-9.042572e-04
	-5.100105e-03	-9.439744e-03	-1.394310e-02	-1.861822e-02	-2.346156e-02
	-2.846264e-02	-3.359623e-02	-3.879128e-02	-4.390172e-02	-4.873345e-02
	-5.312741e-02	-5.701441e-02	-6.040651e-02	-6.335945e-02	-6.594223e-02
	-6.822280e-02	-7.026061e-02	-7.210461e-02	-7.379298e-02	-7.535378e-02
	-7.680904e-02	-7.818039e-02	-7.948766e-02	-8.074123e-02	-8.194088e-02
	-8.308456e-02	-8.417444e-02	-8.521289e-02	-8.619978e-02	-8.713765e-02
	-8.803543e-02	-8.890590e-02	-8.976069e-02	-9.060771e-02	-9.145099e-02
	-9.229117e-02	-9.312720e-02	-9.395847e-02	-9.478553e-02	-9.560867e-02
	-9.642607e-02	-9.723551e-02	-9.803726e-02	-9.883401e-02	-9.962863e-02
	-1.004233e-01	-1.012214e-01	-1.020288e-01	-1.028525e-01	-1.036946e-01
	-1.045516e-01	-1.054204e-01	-1.063078e-01	-1.072340e-01	-1.082301e-01
	-1.093367e-01	-1.106024e-01	-1.120823e-01	-1.138346e-01	-1.159112e-01
	-1.183433e-01	-1.211149e-01	-1.241451e-01	-1.273113e-01	-1.305043e-01
	-1.336649e-01	-1.367767e-01	-1.398479e-01	-1.429078e-01	-1.460071e-01
	-1.492200e-01	-1.526450e-01	-1.563952e-01	-1.605627e-01	-1.651776e-01
	-1.702032e-01	-1.755819e-01	-1.812575e-01	-1.871854e-01	-1.934142e-01
	-2.001554e-01	-2.077236e-01	-2.163516e-01	-2.260141e-01	-2.364308e-01
	-2.472257e-01	-2.581182e-01	-2.690200e-01	-2.799709e-01	-2.910450e-01
	-3.023017e-01	-3.137676e-01	-3.254442e-01	-3.373083e-01	-3.492793e-01
	-3.612612e-01
density [kg/m^3]
	1.767629e+00	1.765141e+00	1.761850e+00	1.757508e+00	1.751811e+00
	1.744379e+00	1.734770e+00	1.722504e+00	1.707100e+00	1.688115e+00
	1.665185e+00	1.638069e+00	1.606678e+00	1.571099e+00	1.531588e+00
	1.488559e+00	1.442547e+00	1.394171e+00	1.344085e+00	1.292943e+00
	1.241360e+00	1.189890e+00	1.139010e+00	1.089111e+00	1.040500e+00
	9.933967e-01	9.479398e-01	9.041820e-01	8.620886e-01	8.215768e-01
	7.825884e-01	7.451844e-01	7.095941e-01	6.760282e-01	6.443924e-01
	6.143296e-01	5.855909e-01	5.582468e-01	5.324865e-01	5.083167e-01
	4.855131e-01	4.637754e-01	4.428729e-01	4.226855e-01	4.031284e-01
	3.841787e-01	3.657400e-01	3.477836e-01	3.303478e-01	3.135095e-01
	2.973563e-01	2.820005e-01	2.676463e-01	2.546163e-01	2.432313e-01
	2.336229e-01	2.256864e-01	2.191754e-01	2.138118e-01	2.093466e-01
	2.055751e-01	2.023380e-01	1.995145e-01	1.970155e-01	1.947769e-01
	1.927496e-01	1.908905e-01	1.891629e-01	1.875455e-01	1.860322e-01
	1.846201e-01	1.833014e-01	1.820697e-01	1.809221e-01	1.798534e-01
	1.788520e-01	1.779033e-01	1.769957e-01	1.761227e-01	1.752834e-01
	1.744809e-01	1.737203e-01	1.730067e-01	1.723445e-01	1.717385e-01
	1.711953e-01	1.707211e-01	1.703205e-01	1.699969e-01	1.697548e-01
	1.695994e-01	1.695367e-01	1.695737e-01	1.697193e-01	1.699830e-01
	1.703694e-01	1.708781e-01	1.715107e-01	1.722804e-01	1.732160e-01
	1.743638e-01	1.757874e-01	1.775676e-01	1.798019e-01	1.826030e-01
	1.860941e-01	1.903794e-01	1.954982e-01	2.014112e-01	2.080497e-01
	2.153828e-01	2.234353e-01	2.322833e-01	2.420749e-01	2.530736e-01
	2.657128e-01	2.806675e-01	2.988937e-01	3.215076e-01	3.494820e-01
	3.833913e-01	4.234341e-01	4.693845e-01	5.206115e-01	5.768823e-01
	6.391340e-01	7.087046e-01	7.849189e-01	8.631368e-01	9.361177e-01
	9.978094e-01	1.045949e+00	1.081590e+00	1.107108e+00	1.124909e+00
	1.137020e+00	1.145048e+00	1.150232e+00	1.153493e+00	1.155488e+00
	1.156679e+00
cp [J/m^3K]
	1.677129e+03	1.677377e+03	1.677793e+03	1.678510e+03	1.679718e+03
	1.681673e+03	1.684691e+03	1.689142e+03	1.695430e+03	1.703969e+03
	1.715156e+03	1.729343e+03	1.746808e+03	1.767741e+03	1.792223e+03
	1.820228e+03	1.851616e+03	1.886149e+03	1.923500e+03	1.963268e+03
	2.004999e+03	2.048201e+03	2.092360e+03	2.136960e+03	2.181490e+03
	2.225468e+03	2.268445e+03	2.310027e+03	2.349888e+03	2.387729e+03
	2.423219e+03	2.455908e+03	2.485230e+03	2.510715e+03	2.532218e+03
	2.549779e+03	2.563322e+03	2.572618e+03	2.577531e+03	2.578123e+03
	2.574506e+03	2.566679e+03	2.554503e+03	2.537764e+03	2.516341e+03
	2.489284e+03	2.451909e+03	2.409270e+03	2.361051e+03	2.307142e+03
	2.247655e+03	2.183077e+03	2.114739e+03	2.045297e+03	1.978336e+03
	1.916978e+03	1.862855e+03	1.816145e+03	1.776186e+03	1.742009e+03
	1.712617e+03	1.687130e+03	1.664829e+03	1.645156e+03	1.627700e+03
	1.612140e+03	1.598178e+03	1.585560e+03	1.574139e+03	1.563863e+03
	1.554680e+03	1.546494e+03	1.539202e+03	1.532722e+03	1.526953e+03
	1.521769e+03	1.517037e+03	1.512652e+03	1.508539e+03	1.504653e+03
	1.500963e+03	1.497452e+03	1.494097e+03	1.490877e+03	1.487773e+03
	1.484775e+03	1.481878e+03	1.479071e+03	1.476335e+03	1.473656e+03
	1.471020e+03	1.468414e+03	1.465814e+03	1.463195e+03	1.460544e+03
	1.457864e+03	1.455155e+03	1.452383e+03	1.449472e+03	1.446305e+03
	1.442729e+03	1.438552e+03	1.433539e+03	1.427422e+03	1.419929e+03
	1.410841e+03	1.400105e+03	1.387939e+03	1.374770e+03	1.361037e+03
	1.347013e+03	1.332814e+03	1.318451e+03	1.303840e+03	1.288792e+03
	1.272999e+03	1.256050e+03	1.237498e+03	1.217101e+03	1.194851e+03
	1.168594e+03	1.140895e+03	1.115097e+03	1.093003e+03	1.074844e+03
	1.059949e+03	1.047602e+03	1.037457e+03	1.029418e+03	1.023356e+03
	1.018987e+03	1.015936e+03	1.013834e+03	1.012393e+03	1.011411e+03
	1.010747e+03	1.010305e+03	1.010015e+03	1.009827e+03	1.009708e+03
	1.009633e+03
lambda [W/m]
	1.571348e-02	1.575218e-02	1.580095e-02	1.586309e-02	1.594295e-02
	1.604633e-02	1.618045e-02	1.635372e-02	1.657551e-02	1.685588e-02
	1.720517e-02	1.763364e-02	1.815107e-02	1.876645e-02	1.948767e-02
	2.032129e-02	2.127237e-02	2.234439e-02	2.353916e-02	2.485689e-02
	2.629620e-02	2.785426e-02	2.952695e-02	3.130907e-02	3.319461e-02
	3.517724e-02	3.725090e-02	3.941094e-02	4.165558e-02	4.398516e-02
	4.639863e-02	4.888650e-02	5.142438e-02	5.398340e-02	5.655441e-02
	5.915204e-02	6.178694e-02	6.444218e-02	6.708587e-02	6.970120e-02
	7.229717e-02	7.489615e-02	7.751749e-02	8.016986e-02	8.285524e-02
	8.556772e-02	8.820821e-02	9.090582e-02	9.365193e-02	9.643014e-02
	9.921991e-02	1.019936e-01	1.047028e-01	1.072691e-01	1.096042e-01
	1.116508e-01	1.134004e-01	1.148812e-01	1.161359e-01	1.172076e-01
	1.181346e-01	1.189482e-01	1.196734e-01	1.203290e-01	1.209290e-01
	1.214841e-01	1.220044e-01	1.224988e-01	1.229722e-01	1.234254e-01
	1.238578e-01	1.242703e-01	1.246632e-01	1.250358e-01	1.253881e-01
	1.257223e-01	1.260418e-01	1.263493e-01	1.266458e-01	1.269301e-01
	1.271996e-01	1.274509e-01	1.276805e-01	1.278850e-01	1.280608e-01
	1.282038e-01	1.283099e-01	1.283759e-01	1.283986e-01	1.283742e-01
	1.282990e-01	1.281684e-01	1.279772e-01	1.277189e-01	1.273880e-01
	1.269834e-01	1.265070e-01	1.259576e-01	1.253249e-01	1.245878e-01
	1.237145e-01	1.226634e-01	1.213848e-01	1.198245e-01	1.179292e-01
	1.156575e-01	1.130040e-01	1.100235e-01	1.068196e-01	1.034978e-01
	1.001254e-01	9.673254e-02	9.332516e-02	8.988781e-02	8.638083e-02
	8.274061e-02	7.888287e-02	7.472295e-02	7.022866e-02	6.546411e-02
	6.048874e-02	5.557512e-02	5.098103e-02	4.684601e-02	4.316903e-02
	3.985271e-02	3.681069e-02	3.405353e-02	3.167853e-02	2.977420e-02
	2.834880e-02	2.733360e-02	2.662948e-02	2.614764e-02	2.582161e-02
	2.560409e-02	2.546156e-02	2.537002e-02	2.531247e-02	2.527711e-02
	2.525581e-02
mu [kg/s^2m]
	8.255382e-06	8.264675e-06	8.277903e-06	8.296411e-06	8.321824e-06
	8.356164e-06	8.401848e-06	8.461601e-06	8.538386e-06	8.635294e-06
	8.755414e-06	8.901702e-06	9.076849e-06	9.283174e-06	9.522537e-06
	9.796290e-06	1.010527e-05	1.044980e-05	1.082976e-05	1.124464e-05
	1.169363e-05	1.217568e-05	1.268964e-05	1.323429e-05	1.380850e-05
	1.441129e-05	1.504209e-05	1.570100e-05	1.638926e-05	1.710908e-05
	1.786251e-05	1.864930e-05	1.946452e-05	2.030150e-05	2.115968e-05
	2.204649e-05	2.296857e-05	2.392309e-05	2.490109e-05	2.589814e-05
	2.691928e-05	2.797558e-05	2.907823e-05	3.023543e-05	3.145384e-05
	3.274179e-05	3.410976e-05	3.556688e-05	3.711776e-05	3.876243e-05
	4.049723e-05	4.231149e-05	4.417574e-05	4.603027e-05	4.779527e-05
	4.940360e-05	5.082363e-05	5.205684e-05	5.312314e-05	5.404850e-05
	5.485882e-05	5.557690e-05	5.622150e-05	5.680730e-05	5.734519e-05
	5.784377e-05	5.831130e-05	5.875524e-05	5.917967e-05	5.958498e-05
	5.997080e-05	6.033800e-05	6.068738e-05	6.101873e-05	6.133261e-05
	6.163163e-05	6.191956e-05	6.219960e-05	6.247351e-05	6.274158e-05
	6.300276e-05	6.325538e-05	6.349778e-05	6.372853e-05	6.394604e-05
	6.414812e-05	6.433258e-05	6.449793e-05	6.464315e-05	6.476706e-05
	6.486822e-05	6.494521e-05	6.499661e-05	6.502059e-05	6.501508e-05
	6.497882e-05	6.491203e-05	6.481515e-05	6.468673e-05	6.452220e-05
	6.431343e-05	6.404872e-05	6.371322e-05	6.328905e-05	6.275617e-05
	6.209422e-05	6.128958e-05	6.034545e-05	5.928343e-05	5.813201e-05
	5.691251e-05	5.563638e-05	5.430739e-05	5.292075e-05	5.146044e-05
	4.989787e-05	4.819170e-05	4.629556e-05	4.418254e-05	4.187443e-05
	3.944375e-05	3.698223e-05	3.457988e-05	3.230887e-05	3.019135e-05
	2.819919e-05	2.630461e-05	2.453556e-05	2.297594e-05	2.170415e-05
	2.074132e-05	2.005066e-05	1.956968e-05	1.923994e-05	1.901683e-05
	1.886820e-05	1.877112e-05	1.870909e-05	1.867039e-05	1.864687e-05
	1.863292e-05
mDot_C3H8 [kg/m^3s]
	0.000000e+00	-1.473391e-12	-3.271048e-12	-5.565693e-12	-8.631335e-12
	-1.294933e-11	-1.933173e-11	-2.911460e-11	-4.451292e-11	-6.927955e-11
	-1.099356e-10	-1.780817e-10	-2.947884e-10	-4.990433e-10	-8.642278e-10
	-1.530703e-09	-2.771145e-09	-5.123283e-09	-9.662623e-09	-1.856692e-08
	-3.628620e-08	-7.195275e-08	-1.442731e-07	-2.912362e-07	-5.888262e-07
	-1.185953e-06	-2.367678e-06	-4.667320e-06	-9.064144e-06	-1.732607e-05
	-3.257651e-05	-6.012913e-05	-1.084897e-04	-1.906306e-04	-3.266883e-04
	-5.493802e-04	-9.107650e-04	-1.487238e-03	-2.384973e-03	-3.756241e-03
	-5.835295e-03	-8.994999e-03	-1.382741e-02	-2.126465e-02	-3.279003e-02
	-5.082782e-02	-7.941662e-02	-1.253085e-01	-1.997713e-01	-3.216894e-01
	-5.229713e-01	-8.570923e-01	-1.408537e+00	-2.293572e+00	-3.640137e+00
	-5.552808e+00	-8.088032e+00	-1.125524e+01	-1.503242e+01	-1.937603e+01
	-2.421889e+01	-2.945465e+01	-3.492199e+01	-4.039573e+01	-4.559183e+01
	-5.019984e+01	-5.392854e+01	-5.652261e+01	-5.777331e+01	-5.757626e+01
	-5.598288e+01	-5.317658e+01	-4.942618e+01	-4.505000e+01	-4.035180e+01
	-3.556047e+01	-3.082735e+01	-2.626261e+01	-2.196179e+01	-1.801111e+01
	-1.448178e+01	-1.141771e+01	-8.828478e+00	-6.694002e+00	-4.976983e+00
	-3.631345e+00	-2.603114e+00	-1.833936e+00	-1.268831e+00	-8.611599e-01
	-5.727792e-01	-3.726867e-01	-2.363891e-01	-1.455279e-01	-8.676957e-02
	-5.017246e-02	-2.816582e-02	-1.527265e-02	-7.881837e-03	-3.780357e-03
	-1.632358e-03	-6.107701e-04	-1.901475e-04	-4.751843e-05	-9.345988e-06
	-1.458528e-06	-1.890019e-07	-2.199175e-08	-2.508599e-09	-3.010213e-10
	-3.959273e-11	-5.811986e-12	-9.558588e-13	-1.749456e-13	-3.509700e-14
	-7.564380e-15	-1.716503e-15	-4.053065e-16	-1.002768e-16	-2.664433e-17
	-7.793606e-18	-2.526473e-18	-9.025022e-19	-3.523519e-19	-1.471291e-19
	-6.304999e-20	-2.647135e-20	-1.056371e-20	-3.993917e-21	-1.453932e-21
	-5.203456e-22	-1.853959e-22	-6.562733e-23	-2.280652e-23	-7.659399e-24
	-2.441718e-24	-7.217759e-25	-1.897749e-25	-4.025170e-26	-4.974903e-27
	0.000000e+00
ScalarDissRate [1/s]
	4.318234e-05	8.249934e-05	2.472312e-04	6.952182e-04	1.823241e-03
	4.462463e-03	1.022134e-02	2.197864e-02	4.452451e-02	8.530367e-02
	1.551767e-01	2.690888e-01	4.465323e-01	7.117066e-01	1.093318e+00
	1.624002e+00	2.339389e+00	3.276875e+00	4.474163e+00	5.967660e+00
	7.790821e+00	9.972528e+00	1.253560e+01	1.549551e+01	1.885954e+01
	2.262640e+01	2.678677e+01	3.132535e+01	3.622391e+01	4.146003e+01
	4.699830e+01	5.277283e+01	5.867212e+01	6.456631e+01	7.036685e+01
	7.603305e+01	8.150600e+01	8.666548e+01	9.137347e+01	9.553862e+01
	9.912174e+01	1.020968e+02	1.044206e+02	1.060354e+02	1.068576e+02
	1.067975e+02	1.058135e+02	1.038267e+02	1.008453e+02	9.688511e+01
	9.201293e+01	8.635934e+01	8.015415e+01	7.375463e+01	6.758217e+01
	6.197241e+01	5.708260e+01	5.291471e+01	4.938819e+01	4.639735e+01
	4.383892e+01	4.162450e+01	3.968306e+01	3.796015e+01	3.641577e+01
	3.501892e+01	3.374155e+01	3.255946e+01	3.145861e+01	3.043485e+01
	2.948557e+01	2.860474e+01	2.778648e+01	2.702719e+01	2.632159e+01
	2.566018e+01	2.503141e+01	2.442542e+01	2.383554e+01	2.325821e+01
	2.269236e+01	2.213808e+01	2.159524e+01	2.106295e+01	2.054063e+01
	2.002901e+01	1.952911e+01	1.904043e+01	1.856106e+01	1.808912e+01
	1.762326e+01	1.716156e+01	1.670071e+01	1.623720e+01	1.577025e+01
	1.530242e+01	1.483591e+01	1.436779e+01	1.388863e+01	1.338451e+01
	1.283880e+01	1.223370e+01	1.155254e+01	1.078273e+01	9.921022e+00
	8.979028e+00	7.989468e+00	7.003917e+00	6.074943e+00	5.235980e+00
	4.496273e+00	3.850539e+00	3.288020e+00	2.796138e+00	2.362107e+00
	1.974335e+00	1.623540e+00	1.304459e+00	1.017770e+00	7.688174e-01
	5.631618e-01	4.012547e-01	2.791347e-01	1.902598e-01	1.268164e-01
	8.165473e-02	4.980600e-02	2.832027e-02	1.498107e-02	7.464854e-03
	3.570748e-03	1.664413e-03	7.593619e-04	3.379595e-04	1.458822e-04
	6.076311e-05	2.434754e-05	9.372206e-06	3.466154e-06	1.237195e-06
	6.843084e-07
ZBilger
	1.000000e+00	9.992300e-01	9.981874e-01	9.968220e-01	9.950892e-01
	9.929445e-01	9.903457e-01	9.872569e-01	9.836496e-01	9.795023e-01
	9.748002e-01	9.695344e-01	9.637009e-01	9.572999e-01	9.503345e-01
	9.428105e-01	9.347352e-01	9.261173e-01	9.169665e-01	9.072929e-01
	8.971071e-01	8.864198e-01	8.752417e-01	8.635828e-01	8.514520e-01
	8.388550e-01	8.257921e-01	8.122516e-01	7.982018e-01	7.835954e-01
	7.683914e-01	7.526000e-01	7.363267e-01	7.197124e-01	7.027780e-01
	6.853895e-01	6.674349e-01	6.489902e-01	6.302487e-01	6.113142e-01
	5.921101e-01	5.724535e-01	5.521689e-01	5.311474e-01	5.093335e-01
	4.866089e-01	4.628878e-01	4.381069e-01	4.122859e-01	3.855321e-01
	3.580187e-01	3.300278e-01	3.021084e-01	2.751942e-01	2.503924e-01
	2.285044e-01	2.097686e-01	1.939735e-01	1.807007e-01	1.694989e-01
	1.599576e-01	1.517374e-01	1.445705e-01	1.382547e-01	1.326423e-01
	1.276192e-01	1.230824e-01	1.189442e-01	1.151531e-01	1.116912e-01
	1.085430e-01	1.056802e-01	1.030745e-01	1.007045e-01	9.854405e-02
	9.655519e-02	9.469626e-02	9.293283e-02	9.124159e-02	8.960908e-02
	8.802947e-02	8.650054e-02	8.501970e-02	8.358282e-02	8.218707e-02
	8.083374e-02	7.952516e-02	7.826006e-02	7.703394e-02	7.584283e-02
	7.468430e-02	7.355467e-02	7.244676e-02	7.135279e-02	7.027083e-02
	6.920522e-02	6.815741e-02	6.711579e-02	6.605315e-02	6.493086e-02
	6.370107e-02	6.230758e-02	6.068809e-02	5.877916e-02	5.652927e-02
	5.391756e-02	5.098137e-02	4.782958e-02	4.460890e-02	4.144309e-02
	3.839813e-02	3.549534e-02	3.273258e-02	3.009172e-02	2.754102e-02
	2.503929e-02	2.254161e-02	2.001417e-02	1.746170e-02	1.494262e-02
	1.254646e-02	1.034979e-02	8.400868e-03	6.718922e-03	5.283786e-03
	4.049503e-03	2.982084e-03	2.083461e-03	1.375528e-03	8.630057e-04
	5.197432e-04	3.025577e-04	1.699477e-04	9.120474e-05	4.601645e-05
	2.132440e-05	8.754837e-06	2.981099e-06	7.238347e-07	7.258015e-08
	0.000000e+00
ScalarDissRateBilger [1/s]
	6.050889e-03	8.542541e-03	1.583433e-02	2.827004e-02	4.848970e-02
	8.001246e-02	1.273279e-01	1.958993e-01	2.921404e-01	4.233480e-01
	5.976078e-01	8.236849e-01	1.110912e+00	1.469086e+00	1.908368e+00
	2.439201e+00	3.072236e+00	3.818256e+00	4.688112e+00	5.692646e+00
	6.842613e+00	8.148596e+00	9.620929e+00	1.126964e+01	1.310447e+01
	1.513504e+01	1.737136e+01	1.982503e+01	2.251124e+01	2.544850e+01
	2.865433e+01	3.213456e+01	3.587045e+01	3.982926e+01	4.400137e+01
	4.841287e+01	5.308326e+01	5.797983e+01	6.303249e+01	6.818873e+01
	7.343969e+01	7.879960e+01	8.427145e+01	8.976701e+01	9.534211e+01
	1.009368e+02	1.063694e+02	1.115048e+02	1.161453e+02	1.200440e+02
	1.229208e+02	1.244797e+02	1.244531e+02	1.227117e+02	1.193885e+02
	1.148617e+02	1.095881e+02	1.039488e+02	9.819667e+01	9.247312e+01
	8.684115e+01	8.131975e+01	7.590964e+01	7.061224e+01	6.544231e+01
	6.042378e+01	5.557374e+01	5.090744e+01	4.646639e+01	4.231960e+01
	3.852554e+01	3.510810e+01	3.207133e+01	2.940929e+01	2.709555e+01
	2.508277e+01	2.331807e+01	2.175733e+01	2.036837e+01	1.912778e+01
	1.801726e+01	1.701971e+01	1.611686e+01	1.528950e+01	1.451986e+01
	1.379354e+01	1.309841e+01	1.242306e+01	1.175764e+01	1.109634e+01
	1.043834e+01	9.786708e+00	9.147098e+00	8.529165e+00	7.949307e+00
	7.427849e+00	6.980018e+00	6.609905e+00	6.312674e+00	6.080036e+00
	5.902120e+00	5.765638e+00	5.650536e+00	5.529209e+00	5.372742e+00
	5.162304e+00	4.897625e+00	4.594757e+00	4.274235e+00	3.950269e+00
	3.628389e+00	3.309343e+00	2.992615e+00	2.677421e+00	2.362760e+00
	2.047781e+00	1.732652e+00	1.420742e+00	1.121573e+00	8.499728e-01
	6.196153e-01	4.355572e-01	2.959081e-01	1.947919e-01	1.239118e-01
	7.509047e-02	4.234728e-02	2.177467e-02	1.016090e-02	4.355998e-03
	1.749606e-03	6.675170e-04	2.416227e-04	8.181166e-05	2.533676e-05
	6.963784e-06	1.627783e-06	3.014801e-07	3.839688e-08	2.334413e-09
	9.363330e-11
ChiAnalytOverChiStoich
	1.000000e-10	1.000000e-10	1.000000e-10	6.309566e-03	1.787988e-02
	3.423015e-02	5.696498e-02	8.800507e-02	1.295534e-01	1.840305e-01
	2.539849e-01	3.419863e-01	4.505128e-01	5.818402e-01	7.379435e-01
	9.204141e-01	1.130398e+00	1.368554e+00	1.635038e+00	1.929498e+00
	2.251097e+00	2.598546e+00	2.970145e+00	3.363850e+00	3.777345e+00
	4.208143e+00	4.653721e+00	5.111750e+00	5.580342e+00	6.057829e+00
	6.541940e+00	7.028408e+00	7.509936e+00	7.978556e+00	8.430109e+00
	8.864223e+00	9.278922e+00	9.667315e+00	1.002084e+01	1.033396e+01
	1.060451e+01	1.083076e+01	1.100899e+01	1.113321e+01	1.119607e+01
	1.118950e+01	1.110427e+01	1.093063e+01	1.065962e+01	1.028495e+01
	9.804482e+00	9.222463e+00	8.555214e+00	7.837490e+00	7.118529e+00
	6.444282e+00	5.842267e+00	5.320350e+00	4.873990e+00	4.493390e+00
	4.167546e+00	3.886384e+00	3.641498e+00	3.426299e+00	3.235857e+00
	3.066278e+00	2.914005e+00	2.775984e+00	2.650391e+00	2.536503e+00
	2.433675e+00	2.340833e+00	2.256922e+00	2.181131e+00	2.112504e+00
	2.049740e+00	1.991451e+00	1.936505e+00	1.884141e+00	1.833916e+00
	1.785629e+00	1.739192e+00	1.694506e+00	1.651430e+00	1.609861e+00
	1.569820e+00	1.531359e+00	1.494421e+00	1.458856e+00	1.424534e+00
	1.391371e+00	1.359248e+00	1.327952e+00	1.297257e+00	1.267106e+00
	1.237615e+00	1.208819e+00	1.180396e+00	1.151611e+00	1.121448e+00
	1.088680e+00	1.051919e+00	1.009700e+00	9.606509e-01	9.038683e-01
	8.394017e-01	7.688648e-01	6.955424e-01	6.233095e-01	5.550950e-01
	4.922229e-01	4.349055e-01	3.828338e-01	3.354170e-01	2.918935e-01
	2.514596e-01	2.134002e-01	1.773219e-01	1.434625e-01	1.126760e-01
	8.590202e-02	6.357867e-02	4.560616e-02	3.151825e-02	2.056376e-02
	1.194311e-02	5.095013e-03	1.000000e-10	1.000000e-10	1.000000e-10
	1.000000e-10	1.000000e-10	1.000000e-10	1.000000e-10	1.000000e-10
	1.000000e-10	1.000000e-10	1.000000e-10	1.000000e-10	1.000000e-10
	1.000000e-10
ChiKWOverChiKWStoich
	6.051478e-11	6.052656e-11	6.054219e-11	3.821255e-03	1.083344e-02
	2.075235e-02	3.456213e-02	5.344788e-02	7.878041e-02	1.120839e-01
	1.549896e-01	2.091800e-01	2.763291e-01	3.580427e-01	4.558031e-01
	5.709203e-01	7.044920e-01	8.573719e-01	1.030148e+00	1.223130e+00
	1.436343e+00	1.669539e+00	1.922200e+00	2.193569e+00	2.482683e+00
	2.788432e+00	3.109646e+00	3.445266e+00	3.794541e+00	4.156900e+00
	4.531340e+00	4.915293e+00	5.303629e+00	5.690344e+00	6.072266e+00
	6.449417e+00	6.820628e+00	7.180324e+00	7.520909e+00	7.837085e+00
	8.126690e+00	8.388306e+00	8.618934e+00	8.813340e+00	8.964880e+00
	9.065711e+00	9.107087e+00	9.078956e+00	8.970878e+00	8.773659e+00
	8.480870e+00	8.090977e+00	7.612331e+00	7.069695e+00	6.503127e+00
	5.954048e+00	5.450861e+00	5.005510e+00	4.618280e+00	4.283653e+00
	3.994011e+00	3.741801e+00	3.520444e+00	3.324652e+00	3.150419e+00
	2.994531e+00	2.853974e+00	2.726119e+00	2.609416e+00	2.503305e+00
	2.407274e+00	2.320391e+00	2.241719e+00	2.170538e+00	2.105976e+00
	2.046828e+00	1.991798e+00	1.939822e+00	1.890177e+00	1.842439e+00
	1.796411e+00	1.752001e+00	1.709109e+00	1.667593e+00	1.627350e+00
	1.588398e+00	1.550784e+00	1.514455e+00	1.479266e+00	1.445089e+00
	1.411840e+00	1.379399e+00	1.347550e+00	1.316059e+00	1.284865e+00
	1.254097e+00	1.223812e+00	1.193699e+00	1.163014e+00	1.130699e+00
	1.095475e+00	1.055894e+00	1.010449e+00	9.577643e-01	8.969962e-01
	8.283336e-01	7.536227e-01	6.764420e-01	6.009250e-01	5.301377e-01
	4.654181e-01	4.069274e-01	3.542844e-01	3.068277e-01	2.637401e-01
	2.241882e-01	1.874570e-01	1.531743e-01	1.215829e-01	9.347303e-02
	6.963285e-02	5.030925e-02	3.522306e-02	2.377471e-02	1.516474e-02
	8.617434e-03	3.599084e-03	6.922600e-11	6.798287e-11	6.697269e-11
	6.621076e-11	6.566595e-11	6.528743e-11	6.502832e-11	6.485310e-11
	6.473637e-11	6.466007e-11	6.461125e-11	6.458071e-11	6.456210e-11
	6.455102e-11
ChiKWFact
	6.051478e-01	6.052656e-01	6.054219e-01	6.056288e-01	6.059015e-01
	6.062594e-01	6.067258e-01	6.073273e-01	6.080923e-01	6.090506e-01
	6.102314e-01	6.116618e-01	6.133657e-01	6.153626e-01	6.176667e-01
	6.202864e-01	6.232249e-01	6.264800e-01	6.300453e-01	6.339107e-01
	6.380636e-01	6.424897e-01	6.471738e-01	6.521007e-01	6.572561e-01
	6.626277e-01	6.682065e-01	6.739895e-01	6.799836e-01	6.862029e-01
	6.926600e-01	6.993465e-01	7.062150e-01	7.132047e-01	7.203069e-01
	7.275784e-01	7.350669e-01	7.427423e-01	7.505272e-01	7.583820e-01
	7.663425e-01	7.744891e-01	7.828999e-01	7.916264e-01	8.007169e-01
	8.101983e-01	8.201425e-01	8.305975e-01	8.415760e-01	8.530579e-01
	8.649993e-01	8.773119e-01	8.897885e-01	9.020356e-01	9.135493e-01
	9.239274e-01	9.330045e-01	9.408235e-01	9.475359e-01	9.533232e-01
	9.583603e-01	9.627975e-01	9.667570e-01	9.703334e-01	9.735965e-01
	9.766013e-01	9.793994e-01	9.820371e-01	9.845401e-01	9.869118e-01
	9.891518e-01	9.912671e-01	9.932641e-01	9.951433e-01	9.969097e-01
	9.985795e-01	1.000174e+00	1.001713e+00	1.003203e+00	1.004647e+00
	1.006038e+00	1.007365e+00	1.008618e+00	1.009788e+00	1.010864e+00
	1.011834e+00	1.012685e+00	1.013406e+00	1.013991e+00	1.014429e+00
	1.014711e+00	1.014825e+00	1.014758e+00	1.014493e+00	1.014016e+00
	1.013318e+00	1.012403e+00	1.011270e+00	1.009901e+00	1.008249e+00
	1.006242e+00	1.003779e+00	1.000742e+00	9.969952e-01	9.923969e-01
	9.868143e-01	9.801759e-01	9.725389e-01	9.640877e-01	9.550396e-01
	9.455435e-01	9.356684e-01	9.254261e-01	9.147649e-01	9.035492e-01
	8.915476e-01	8.784293e-01	8.638203e-01	8.474889e-01	8.295734e-01
	8.106079e-01	7.912914e-01	7.723312e-01	7.543157e-01	7.374499e-01
	7.215403e-01	7.063936e-01	6.922600e-01	6.798287e-01	6.697269e-01
	6.621076e-01	6.566595e-01	6.528743e-01	6.502832e-01	6.485310e-01
	6.473637e-01	6.466007e-01	6.461125e-01	6.458071e-01	6.456210e-01
	6.455102e-01
MolarMass [kg/kmole]
	4.409000e+01	4.404099e+01	4.398146e+01	4.391036e+01	4.382690e+01
	4.373017e+01	4.361933e+01	4.349382e+01	4.335331e+01	4.319773e+01
	4.302720e+01	4.284207e+01	4.264278e+01	4.242991e+01	4.220413e+01
	4.196614e+01	4.171667e+01	4.145648e+01	4.118634e+01	4.090698e+01
	4.061916e+01	4.032358e+01	4.002095e+01	3.971190e+01	3.939705e+01
	3.907690e+01	3.875179e+01	3.842179e+01	3.808651e+01	3.774525e+01
	3.739754e+01	3.704411e+01	3.668774e+01	3.633172e+01	3.597662e+01
	3.561979e+01	3.525928e+01	3.489696e+01	3.453679e+01	3.418075e+01
	3.382735e+01	3.347334e+01	3.311586e+01	3.275348e+01	3.238379e+01
	3.200946e+01	3.162771e+01	3.123831e+01	3.084235e+01	3.044215e+01
	3.004080e+01	2.964269e+01	2.925549e+01	2.889142e+01	2.856399e+01
	2.828183e+01	2.804597e+01	2.785197e+01	2.769324e+01	2.756320e+01
	2.745616e+01	2.736756e+01	2.729391e+01	2.723264e+01	2.718187e+01
	2.714019e+01	2.710637e+01	2.707945e+01	2.705880e+01	2.704395e+01
	2.703436e+01	2.702936e+01	2.702829e+01	2.703049e+01	2.703533e+01
	2.704232e+01	2.705112e+01	2.706153e+01	2.707341e+01	2.708660e+01
	2.710093e+01	2.711621e+01	2.713226e+01	2.714897e+01	2.716620e+01
	2.718383e+01	2.720172e+01	2.721981e+01	2.723812e+01	2.725668e+01
	2.727552e+01	2.729472e+01	2.731442e+01	2.733479e+01	2.735589e+01
	2.737762e+01	2.739986e+01	2.742273e+01	2.744667e+01	2.747236e+01
	2.750065e+01	2.753244e+01	2.756855e+01	2.760949e+01	2.765526e+01
	2.770517e+01	2.775771e+01	2.781080e+01	2.786246e+01	2.791159e+01
	2.795802e+01	2.800208e+01	2.804424e+01	2.808507e+01	2.812525e+01
	2.816558e+01	2.820699e+01	2.825034e+01	2.829602e+01	2.834355e+01
	2.839190e+01	2.843996e+01	2.848677e+01	2.853158e+01	2.857430e+01
	2.861567e+01	2.865635e+01	2.869578e+01	2.873196e+01	2.876278e+01
	2.878723e+01	2.880566e+01	2.881920e+01	2.882903e+01	2.883612e+01
	2.884118e+01	2.884476e+01	2.884727e+01	2.884902e+01	2.885023e+01
	2.885106e+01
TotalEnthalpy [J/kg]
	-2.352410e+06	-2.352089e+06	-2.351639e+06	-2.351010e+06	-2.350135e+06
	-2.348927e+06	-2.347274e+06	-2.345044e+06	-2.342086e+06	-2.338235e+06
	-2.333316e+06	-2.327149e+06	-2.319558e+06	-2.310369e+06	-2.299424e+06
	-2.286573e+06	-2.271687e+06	-2.254653e+06	-2.235379e+06	-2.213792e+06
	-2.189841e+06	-2.163494e+06	-2.134740e+06	-2.103583e+06	-2.070045e+06
	-2.034156e+06	-1.995944e+06	-1.955416e+06	-1.912528e+06	-1.867194e+06
	-1.819361e+06	-1.769148e+06	-1.717003e+06	-1.663513e+06	-1.608893e+06
	-1.552863e+06	-1.495230e+06	-1.436420e+06	-1.377234e+06	-1.318176e+06
	-1.259184e+06	-1.199892e+06	-1.140006e+06	-1.079490e+06	-1.018518e+06
	-9.571031e+05	-8.955132e+05	-8.341231e+05	-7.735509e+05	-7.146383e+05
	-6.583341e+05	-6.056980e+05	-5.580349e+05	-5.167929e+05	-4.829478e+05
	-4.564003e+05	-4.361087e+05	-4.206778e+05	-4.088216e+05	-3.995339e+05
	-3.920812e+05	-3.859502e+05	-3.807884e+05	-3.763579e+05	-3.725020e+05
	-3.691142e+05	-3.661140e+05	-3.634440e+05	-3.610801e+05	-3.590244e+05
	-3.572814e+05	-3.558465e+05	-3.547133e+05	-3.538747e+05	-3.533172e+05
	-3.530238e+05	-3.529826e+05	-3.531919e+05	-3.536581e+05	-3.543893e+05
	-3.553904e+05	-3.566590e+05	-3.581852e+05	-3.599530e+05	-3.619370e+05
	-3.640952e+05	-3.663716e+05	-3.687054e+05	-3.710329e+05	-3.732808e+05
	-3.753639e+05	-3.771896e+05	-3.786599e+05	-3.796617e+05	-3.800634e+05
	-3.797364e+05	-3.785806e+05	-3.765042e+05	-3.733620e+05	-3.688936e+05
	-3.626724e+05	-3.540635e+05	-3.422115e+05	-3.260950e+05	-3.047485e+05
	-2.776969e+05	-2.455952e+05	-2.105673e+05	-1.755470e+05	-1.430179e+05
	-1.143208e+05	-8.987222e+04	-6.958295e+04	-5.311247e+04	-4.003271e+04
	-2.995318e+04	-2.259538e+04	-1.781866e+04	-1.553027e+04	-1.543634e+04
	-1.680013e+04	-1.859390e+04	-1.999720e+04	-2.057198e+04	-2.022271e+04
	-1.899764e+04	-1.696153e+04	-1.425391e+04	-1.119218e+04	-8.200570e+03
	-5.610094e+03	-3.546650e+03	-1.976365e+03	-8.072303e+02	5.215676e+01
	6.764368e+02	1.123552e+03	1.438558e+03	1.656342e+03	1.803458e+03
	1.900584e+03
trailer
Lewis numbers evaluated at maximum consumption
N2	-1
O2	1.00392
@ Z = 0.0768183
H	0.169733
@ Z = 0.106938
OH	0.669343
@ Z = 0.0888396
O	0.655342
@ Z = 0.0828904
H2	0.277815
@ Z = 0.0697105
H2O	-1
HO2	1.00843
@ Z = 0.00634479
H2O2	0.990911
@ Z = 0.0360911
CO	1.00549
@ Z = 0.0615778
CO2	1.29154
@ Z = 0.099964
CH	0.60795
@ Z = 0.0717552
CHO	1.15109
@ Z = 0.0697105
CH2	0.879642
@ Z = 0.0752445
CH2O	1.16386
@ Z = 0.073577
CH3	0.918207
@ Z = 0.0813813
CH4	0.925059
@ Z = 0.0982887
C2H6	1.33218
@ Z = 0.112502
C2H	1.18691
@ Z = 0.0752445
C2H2	1.20399
@ Z = 0.0828904
CHCO	0.808616
@ Z = 0.0768183
C3H3	1.63283
@ Z = 0.0813813
C2H3	1.21903
@ Z = 0.0903478
C2H4	1.21748
@ Z = 0.103397
C2H5	1.32894
@ Z = 0.0966394
C3H4	1.59269
@ Z = 0.0783475
C3H5	1.63686
@ Z = 0.0752445
C3H6	1.70391
@ Z = 0.110598
N-C3H7	1.71777
@ Z = 0.103397
I-C3H7	1.08386
@ Z = 0.46007
C3H8	1.68152
@ Z = 0.129363
Lewis numbers evaluated at maximum formation
N2	-1
O2	1.02427
@ Z = 0.00778028
H	0.167758
@ Z = 0.0752445
OH	0.661702
@ Z = 0.0697105
O	0.645109
@ Z = 0.0615778
H2	0.278979
@ Z = 0.110598
H2O	0.747663
@ Z = 0.0768183
HO2	0.995354
@ Z = 0.0113087
H2O2	0.990019
@ Z = 0.0229485
CO	1.02033
@ Z = 0.0828904
CO2	1.27455
@ Z = 0.0673721
CH	0.613053
@ Z = 0.0843844
CHO	1.15987
@ Z = 0.0813813
CH2	0.885785
@ Z = 0.0888396
CH2O	1.17168
@ Z = 0.0858663
CH3	0.916982
@ Z = 0.110598
CH4	0.882402
@ Z = 0.139192
C2H6	1.24852
@ Z = 0.151714
C2H	1.19502
@ Z = 0.0903478
C2H2	1.19356
@ Z = 0.114489
CHCO	0.813988
@ Z = 0.0982887
C3H3	1.63788
@ Z = 0.0966394
C2H3	1.21246
@ Z = 0.112502
C2H4	1.16482
@ Z = 0.139192
C2H5	1.31001
@ Z = 0.121218
C3H4	1.60008
@ Z = 0.0966394
C3H5	1.6118
@ Z = 0.126472
C3H6	1.61023
@ Z = 0.14712
N-C3H7	1.67458
@ Z = 0.129363
I-C3H7	1.02109
@ Z = 0.574626
C3H8	-1
Lewis numbers evaluated at maximum mass fraction
N2	0.92134
@ Z = 6.20481e-06
O2	1.05236
@ Z = 6.20481e-06
H	0.16688
@ Z = 0.0697105
OH	0.657513
@ Z = 0.0615778
O	0.640167
@ Z = 0.0503223
H2	0.269672
@ Z = 0.135701
H2O	0.753159
@ Z = 0.0966394
HO2	0.99105
@ Z = 0.0134085
H2O2	0.990019
@ Z = 0.0229485
CO	1.02067
@ Z = 0.106938
CO2	1.28582
@ Z = 0.0783475
CH	0.61342
@ Z = 0.0858663
CHO	1.16071
@ Z = 0.0828904
CH2	0.886291
@ Z = 0.0918767
CH2O	1.07383
@ Z = 0.162718
CH3	0.912558
@ Z = 0.11659
CH4	0.795599
@ Z = 0.186841
C2H6	1.07386
@ Z = 0.228042
C2H	1.19542
@ Z = 0.0934319
C2H2	1.13056
@ Z = 0.14712
CHCO	0.786097
@ Z = 0.135701
C3H3	1.63677
@ Z = 0.101666
C2H3	1.21053
@ Z = 0.114489
C2H4	1.03049
@ Z = 0.198162
C2H5	1.30565
@ Z = 0.123761
C3H4	1.56521
@ Z = 0.126472
C3H5	1.57567
@ Z = 0.139192
C3H6	1.41006
@ Z = 0.211788
N-C3H7	0.972702
@ Z = 0.70852
I-C3H7	1.01141
@ Z = 0.597246
C3H8	0.82076
@ Z = 0.999935
