header

title = "planar counterflow diffusion flame"
author = ""
date = "Thu Jul 11 20:12:51 2013"

fuel = "C3H8"
pressure = 1 [bar]
strainrate = 440 [1/s]
chiStoichAnal = 12.4651 [1/s]
chiStoichAnalKW = 19.0765 [1/s]
FlameLocZ = 0.0864983 [K]
FlameLocBilger = 0.0739453 [K]
Tmax = 1856.61 [K]
stoichScalarDissRate = 19.6638 [1/s]
stoichScalarDissRateBilger = 12.0163 [1/s]

OxidizerSide
begin
	Temperature = 300 [K]
	Massfraction-N2 = 0.76708
	Massfraction-O2 = 0.23292
	Molefraction-N2 = 0.79
	Molefraction-O2 = 0.21
end

FuelSide
begin
	Temperature = 300 [K]
	Massfraction-C3H8 = 1
	Molefraction-C3H8 = 1
end

numOfSpecies = 31
gridPoints = 141

body
eta
	0.000000e+00	1.839669e-01	3.652398e-01	5.407413e-01	7.084448e-01
	8.678415e-01	1.019015e+00	1.162169e+00	1.297601e+00	1.425674e+00
	1.546792e+00	1.661375e+00	1.769847e+00	1.872623e+00	1.970099e+00
	2.062647e+00	2.150615e+00	2.234325e+00	2.314072e+00	2.390130e+00
	2.462749e+00	2.532157e+00	2.598568e+00	2.662181e+00	2.723183e+00
	2.781758e+00	2.838089e+00	2.892378e+00	2.944856e+00	2.995766e+00
	3.045316e+00	3.093571e+00	3.140356e+00	3.185416e+00	3.228781e+00
	3.270839e+00	3.312026e+00	3.352482e+00	3.392031e+00	3.430465e+00
	3.467843e+00	3.504510e+00	3.540875e+00	3.577176e+00	3.613477e+00
	3.649811e+00	3.686302e+00	3.723156e+00	3.760563e+00	3.798596e+00
	3.837213e+00	3.876203e+00	3.914963e+00	3.952397e+00	3.987205e+00
	4.018432e+00	4.045757e+00	4.069399e+00	4.089876e+00	4.107779e+00
	4.123656e+00	4.137959e+00	4.151031e+00	4.163117e+00	4.174378e+00
	4.184921e+00	4.194827e+00	4.204162e+00	4.212958e+00	4.221229e+00
	4.229016e+00	4.236393e+00	4.243443e+00	4.250231e+00	4.256803e+00
	4.263202e+00	4.269477e+00	4.275681e+00	4.281859e+00	4.288033e+00
	4.294214e+00	4.300416e+00	4.306666e+00	4.312996e+00	4.319418e+00
	4.325919e+00	4.332477e+00	4.339076e+00	4.345707e+00	4.352360e+00
	4.359040e+00	4.365776e+00	4.372607e+00	4.379552e+00	4.386597e+00
	4.393710e+00	4.400880e+00	4.408152e+00	4.415638e+00	4.423516e+00
	4.432013e+00	4.441404e+00	4.452019e+00	4.464253e+00	4.478564e+00
	4.495416e+00	4.515123e+00	4.537678e+00	4.562673e+00	4.589394e+00
	4.617069e+00	4.645139e+00	4.673438e+00	4.702175e+00	4.731838e+00
	4.763149e+00	4.797058e+00	4.834626e+00	4.876730e+00	4.923943e+00
	4.977017e+00	5.037377e+00	5.106117e+00	5.182282e+00	5.263577e+00
	5.349461e+00	5.442672e+00	5.547730e+00	5.668596e+00	5.806274e+00
	5.957393e+00	6.116359e+00	6.278906e+00	6.443412e+00	6.610241e+00
	6.780286e+00	6.954094e+00	7.131824e+00	7.313119e+00	7.496475e+00
	7.680054e+00
y [m]
	-1.538268e-03	-1.515217e-03	-1.492465e-03	-1.470387e-03	-1.449226e-03
	-1.429032e-03	-1.409780e-03	-1.391425e-03	-1.373910e-03	-1.357167e-03
	-1.341121e-03	-1.325694e-03	-1.310809e-03	-1.296390e-03	-1.282365e-03
	-1.268664e-03	-1.255227e-03	-1.241995e-03	-1.228918e-03	-1.215950e-03
	-1.203051e-03	-1.190185e-03	-1.177320e-03	-1.164429e-03	-1.151484e-03
	-1.138461e-03	-1.125332e-03	-1.112064e-03	-1.098610e-03	-1.084915e-03
	-1.070926e-03	-1.056622e-03	-1.042061e-03	-1.027341e-03	-1.012480e-03
	-9.973665e-04	-9.818510e-04	-9.658727e-04	-9.494974e-04	-9.328199e-04
	-9.158322e-04	-8.983848e-04	-8.802693e-04	-8.613300e-04	-8.414868e-04
	-8.206679e-04	-7.987416e-04	-7.755051e-04	-7.507386e-04	-7.242757e-04
	-6.960193e-04	-6.660097e-04	-6.346431e-04	-6.028474e-04	-5.719220e-04
	-5.430405e-04	-5.168744e-04	-4.935571e-04	-4.728527e-04	-4.543653e-04
	-4.376711e-04	-4.223939e-04	-4.082350e-04	-3.949790e-04	-3.824874e-04
	-3.706717e-04	-3.594637e-04	-3.488105e-04	-3.386924e-04	-3.291070e-04
	-3.200223e-04	-3.113619e-04	-3.030369e-04	-2.949777e-04	-2.871352e-04
	-2.794630e-04	-2.719042e-04	-2.643968e-04	-2.568904e-04	-2.493580e-04
	-2.417879e-04	-2.341643e-04	-2.264545e-04	-2.186204e-04	-2.106475e-04
	-2.025544e-04	-1.943706e-04	-1.861170e-04	-1.778105e-04	-1.694668e-04
	-1.610830e-04	-1.526273e-04	-1.440567e-04	-1.353516e-04	-1.265360e-04
	-1.176574e-04	-1.087358e-04	-9.972187e-05	-9.048274e-05	-8.081256e-05
	-7.044571e-05	-5.907092e-05	-4.632707e-05	-3.179270e-05	-1.500613e-05
	4.457901e-06	2.679740e-05	5.180351e-05	7.881083e-05	1.068562e-04
	1.349975e-04	1.625914e-04	1.894370e-04	2.156951e-04	2.417400e-04
	2.680741e-04	2.952681e-04	3.238226e-04	3.539233e-04	3.853982e-04
	4.180883e-04	4.520960e-04	4.871608e-04	5.220672e-04	5.554743e-04
	5.872216e-04	6.183643e-04	6.502127e-04	6.835850e-04	7.184319e-04
	7.538816e-04	7.889566e-04	8.232120e-04	8.567636e-04	8.900273e-04
	9.234154e-04	9.571957e-04	9.915095e-04	1.026364e-03	1.061523e-03
	1.096670e-03
f
	-3.450223e+00	-3.301372e+00	-3.154642e+00	-3.012495e+00	-2.876537e+00
	-2.747141e+00	-2.624190e+00	-2.507465e+00	-2.396662e+00	-2.291422e+00
	-2.191347e+00	-2.096025e+00	-2.005041e+00	-1.917992e+00	-1.834493e+00
	-1.754184e+00	-1.676733e+00	-1.601837e+00	-1.529222e+00	-1.458643e+00
	-1.389880e+00	-1.322739e+00	-1.257048e+00	-1.192650e+00	-1.129404e+00
	-1.067176e+00	-1.005824e+00	-9.451912e-01	-8.850716e-01	-8.252321e-01
	-7.654679e-01	-7.057379e-01	-6.463181e-01	-5.876211e-01	-5.297160e-01
	-4.721713e-01	-4.144474e-01	-3.563842e-01	-2.982866e-01	-2.405357e-01
	-1.831303e-01	-1.256049e-01	-6.735164e-02	-7.993638e-03	5.256798e-02
	1.143868e-01	1.776710e-01	2.427870e-01	3.100849e-01	3.797103e-01
	4.515877e-01	5.252888e-01	5.995861e-01	6.722114e-01	7.404065e-01
	8.020492e-01	8.562906e-01	9.034112e-01	9.443403e-01	9.801955e-01
	1.012036e+00	1.040744e+00	1.066996e+00	1.091274e+00	1.113895e+00
	1.135069e+00	1.154958e+00	1.173690e+00	1.191330e+00	1.207907e+00
	1.223501e+00	1.238262e+00	1.252358e+00	1.265917e+00	1.279031e+00
	1.291786e+00	1.304280e+00	1.316622e+00	1.328894e+00	1.341144e+00
	1.353391e+00	1.365662e+00	1.378009e+00	1.390494e+00	1.403140e+00
	1.415917e+00	1.428781e+00	1.441702e+00	1.454657e+00	1.467626e+00
	1.480619e+00	1.493689e+00	1.506911e+00	1.520319e+00	1.533883e+00
	1.547538e+00	1.561262e+00	1.575137e+00	1.589376e+00	1.604305e+00
	1.620347e+00	1.637999e+00	1.657846e+00	1.680583e+00	1.706984e+00
	1.737796e+00	1.773440e+00	1.813715e+00	1.857701e+00	1.903974e+00
	1.951092e+00	1.998052e+00	2.044557e+00	2.090928e+00	2.137896e+00
	2.186502e+00	2.238031e+00	2.293809e+00	2.354754e+00	2.421236e+00
	2.493794e+00	2.573745e+00	2.661815e+00	2.756196e+00	2.853803e+00
	2.953964e+00	3.059774e+00	3.176042e+00	3.306684e+00	3.452424e+00
	3.609683e+00	3.772988e+00	3.938441e+00	4.104830e+00	4.272851e+00
	4.443625e+00	4.617860e+00	4.795823e+00	4.977231e+00	5.160627e+00
	5.344206e+00
df/deta
	8.089298e-01	8.091198e-01	8.094419e-01	8.099478e-01	8.107024e-01
	8.117890e-01	8.133097e-01	8.153830e-01	8.181398e-01	8.217190e-01
	8.262614e-01	8.319035e-01	8.387719e-01	8.469782e-01	8.566151e-01
	8.677542e-01	8.804442e-01	8.947108e-01	9.105580e-01	9.279694e-01
	9.469100e-01	9.673293e-01	9.891634e-01	1.012339e+00	1.036775e+00
	1.062391e+00	1.089108e+00	1.116864e+00	1.145627e+00	1.175388e+00
	1.206138e+00	1.237788e+00	1.270073e+00	1.302639e+00	1.335311e+00
	1.368205e+00	1.401510e+00	1.435208e+00	1.469011e+00	1.502584e+00
	1.535814e+00	1.568857e+00	1.601937e+00	1.635129e+00	1.668332e+00
	1.701401e+00	1.734251e+00	1.766841e+00	1.799070e+00	1.830680e+00
	1.861270e+00	1.890272e+00	1.916866e+00	1.940079e+00	1.959175e+00
	1.974025e+00	1.985081e+00	1.993076e+00	1.998753e+00	2.002722e+00
	2.005436e+00	2.007211e+00	2.008265e+00	2.008744e+00	2.008756e+00
	2.008379e+00	2.007680e+00	2.006710e+00	2.005518e+00	2.004148e+00
	2.002637e+00	2.001005e+00	1.999263e+00	1.997416e+00	1.995469e+00
	1.993423e+00	1.991271e+00	1.989002e+00	1.986603e+00	1.984066e+00
	1.981387e+00	1.978559e+00	1.975567e+00	1.972393e+00	1.969025e+00
	1.965464e+00	1.961720e+00	1.957799e+00	1.953706e+00	1.949448e+00
	1.945022e+00	1.940409e+00	1.935580e+00	1.930519e+00	1.925234e+00
	1.919748e+00	1.914071e+00	1.908170e+00	1.901949e+00	1.895253e+00
	1.887865e+00	1.879514e+00	1.869857e+00	1.858465e+00	1.844820e+00
	1.828366e+00	1.808679e+00	1.785679e+00	1.759759e+00	1.731732e+00
	1.702545e+00	1.672964e+00	1.643335e+00	1.613606e+00	1.583445e+00
	1.552333e+00	1.519626e+00	1.484738e+00	1.447476e+00	1.408143e+00
	1.367113e+00	1.324544e+00	1.281203e+00	1.239175e+00	1.200651e+00
	1.166236e+00	1.135169e+00	1.106699e+00	1.080883e+00	1.058554e+00
	1.040634e+00	1.027293e+00	1.017882e+00	1.011449e+00	1.007134e+00
	1.004291e+00	1.002459e+00	1.001313e+00	1.000619e+00	1.000219e+00
	1.000000e+00
Z
	1.000000e+00	9.999303e-01	9.998079e-01	9.996029e-01	9.992760e-01
	9.987763e-01	9.980412e-01	9.969982e-01	9.955673e-01	9.936635e-01
	9.912006e-01	9.880942e-01	9.842652e-01	9.796417e-01	9.741610e-01
	9.677712e-01	9.604316e-01	9.521130e-01	9.427975e-01	9.324784e-01
	9.211594e-01	9.088537e-01	8.955832e-01	8.813770e-01	8.662700e-01
	8.503003e-01	8.335053e-01	8.159148e-01	7.975423e-01	7.783856e-01
	7.584455e-01	7.377756e-01	7.165468e-01	6.949954e-01	6.732436e-01
	6.512215e-01	6.288055e-01	6.060106e-01	5.830350e-01	5.601107e-01
	5.373187e-01	5.145535e-01	4.916559e-01	4.685638e-01	4.453297e-01
	4.220334e-01	3.987099e-01	3.753448e-01	3.519432e-01	3.285973e-01
	3.054795e-01	2.828625e-01	2.612131e-01	2.411880e-01	2.234146e-01
	2.082056e-01	1.954899e-01	1.849443e-01	1.761561e-01	1.687363e-01
	1.623617e-01	1.567833e-01	1.518197e-01	1.473433e-01	1.432689e-01
	1.395374e-01	1.361029e-01	1.329290e-01	1.299931e-01	1.272794e-01
	1.247658e-01	1.224207e-01	1.202117e-01	1.181141e-01	1.161104e-01
	1.141847e-01	1.123200e-01	1.104989e-01	1.087081e-01	1.069403e-01
	1.051923e-01	1.034602e-01	1.017365e-01	1.000129e-01	9.828689e-02
	9.656288e-02	9.484740e-02	9.314466e-02	9.145779e-02	8.978951e-02
	8.813860e-02	8.649832e-02	8.486018e-02	8.322045e-02	8.158372e-02
	7.995849e-02	7.834791e-02	7.674272e-02	7.511961e-02	7.344406e-02
	7.167344e-02	6.976040e-02	6.765323e-02	6.529572e-02	6.263260e-02
	5.962390e-02	5.627448e-02	5.265562e-02	4.890033e-02	4.516729e-02
	4.159011e-02	3.824455e-02	3.514173e-02	3.224986e-02	2.951915e-02
	2.689534e-02	2.432806e-02	2.178487e-02	1.926969e-02	1.681805e-02
	1.446210e-02	1.221500e-02	1.011353e-02	8.237414e-03	6.644044e-03
	5.314720e-03	4.186365e-03	3.209589e-03	2.369900e-03	1.678193e-03
	1.145791e-03	7.621458e-04	4.976644e-04	3.194236e-04	2.006238e-04
	1.223068e-04	7.150248e-05	3.921063e-05	1.917220e-05	7.090484e-06
	0.000000e+00
temperature [K]
	3.000000e+02	3.000935e+02	3.002575e+02	3.005320e+02	3.009693e+02
	3.016369e+02	3.026177e+02	3.040067e+02	3.059079e+02	3.084296e+02
	3.116788e+02	3.157557e+02	3.207495e+02	3.267341e+02	3.337662e+02
	3.418840e+02	3.511081e+02	3.614420e+02	3.728754e+02	3.853860e+02
	3.989428e+02	4.135085e+02	4.290426e+02	4.455032e+02	4.628505e+02
	4.810489e+02	5.000721e+02	5.199095e+02	5.405771e+02	5.621154e+02
	5.845696e+02	6.079340e+02	6.320768e+02	6.567937e+02	6.820085e+02
	7.078694e+02	7.345989e+02	7.622678e+02	7.907263e+02	8.197699e+02
	8.493707e+02	8.797464e+02	9.112128e+02	9.439854e+02	9.781388e+02
	1.013727e+03	1.050905e+03	1.089910e+03	1.130958e+03	1.174138e+03
	1.219385e+03	1.266381e+03	1.314252e+03	1.361398e+03	1.405857e+03
	1.446091e+03	1.481445e+03	1.512061e+03	1.538546e+03	1.561649e+03
	1.582087e+03	1.600461e+03	1.617235e+03	1.632744e+03	1.647214e+03
	1.660796e+03	1.673609e+03	1.685739e+03	1.697229e+03	1.708091e+03
	1.718366e+03	1.728136e+03	1.737497e+03	1.746515e+03	1.755232e+03
	1.763683e+03	1.771909e+03	1.779955e+03	1.787842e+03	1.795564e+03
	1.803088e+03	1.810382e+03	1.817420e+03	1.824167e+03	1.830557e+03
	1.836487e+03	1.841842e+03	1.846520e+03	1.850422e+03	1.853456e+03
	1.855544e+03	1.856614e+03	1.856586e+03	1.855378e+03	1.852928e+03
	1.849225e+03	1.844298e+03	1.838162e+03	1.830764e+03	1.821950e+03
	1.811452e+03	1.798895e+03	1.783798e+03	1.765561e+03	1.743482e+03
	1.716833e+03	1.685078e+03	1.648125e+03	1.606484e+03	1.561200e+03
	1.513515e+03	1.464445e+03	1.414424e+03	1.363282e+03	1.310402e+03
	1.254823e+03	1.195341e+03	1.130849e+03	1.061025e+03	9.866368e+02
	9.087728e+02	8.282924e+02	7.474480e+02	6.709539e+02	6.031405e+02
	5.448444e+02	4.943088e+02	4.498792e+02	4.112264e+02	3.790856e+02
	3.541676e+02	3.361150e+02	3.236217e+02	3.151793e+02	3.095417e+02
	3.058203e+02	3.034040e+02	3.018672e+02	3.009131e+02	3.003378e+02
	3.000000e+02
massfraction-N2
	1.000000e-60	7.045305e-04	1.650540e-03	2.878068e-03	4.420003e-03
	6.308357e-03	8.572236e-03	1.123440e-02	1.431127e-02	1.781339e-02
	2.174630e-02	2.611146e-02	3.090726e-02	3.612986e-02	4.177392e-02
	4.783317e-02	5.430079e-02	6.116971e-02	6.843276e-02	7.608275e-02
	8.411256e-02	9.251515e-02	1.012837e-01	1.104117e-01	1.198937e-01
	1.297258e-01	1.399076e-01	1.504456e-01	1.613582e-01	1.726744e-01
	1.844236e-01	1.966063e-01	2.091559e-01	2.219669e-01	2.349997e-01
	2.483282e-01	2.620626e-01	2.762321e-01	2.907514e-01	3.055068e-01
	3.204744e-01	3.357522e-01	3.514829e-01	3.677532e-01	3.845920e-01
	4.019513e-01	4.198768e-01	4.384323e-01	4.576666e-01	4.775555e-01
	4.979927e-01	5.187532e-01	5.393779e-01	5.591393e-01	5.772398e-01
	5.931414e-01	6.067105e-01	6.181305e-01	6.277378e-01	6.358888e-01
	6.428973e-01	6.490126e-01	6.544193e-01	6.592482e-01	6.635870e-01
	6.674983e-01	6.710324e-01	6.742315e-01	6.771256e-01	6.797387e-01
	6.821020e-01	6.842549e-01	6.862356e-01	6.880733e-01	6.897898e-01
	6.914042e-01	6.929354e-01	6.944015e-01	6.958163e-01	6.971884e-01
	6.985224e-01	6.998238e-01	7.011001e-01	7.023589e-01	7.036036e-01
	7.048322e-01	7.060413e-01	7.072291e-01	7.083945e-01	7.095366e-01
	7.106573e-01	7.117618e-01	7.128567e-01	7.139448e-01	7.150238e-01
	7.160889e-01	7.171388e-01	7.181802e-01	7.192288e-01	7.203072e-01
	7.214429e-01	7.226660e-01	7.240094e-01	7.255086e-01	7.271988e-01
	7.291053e-01	7.312246e-01	7.335092e-01	7.358692e-01	7.381973e-01
	7.404034e-01	7.424385e-01	7.442972e-01	7.460030e-01	7.475907e-01
	7.490978e-01	7.505597e-01	7.520024e-01	7.534328e-01	7.548406e-01
	7.562171e-01	7.575640e-01	7.588679e-01	7.600839e-01	7.611703e-01
	7.621276e-01	7.629885e-01	7.637807e-01	7.645076e-01	7.651486e-01
	7.656774e-01	7.660857e-01	7.663871e-01	7.666046e-01	7.667604e-01
	7.668711e-01	7.669488e-01	7.670027e-01	7.670393e-01	7.670637e-01
	7.670796e-01
massfraction-O2
	1.000000e-60	5.092292e-06	1.196372e-05	2.092103e-05	3.221994e-05
	4.610971e-05	6.281754e-05	8.252240e-05	1.053541e-04	1.313961e-04
	1.606919e-04	1.932517e-04	2.290599e-04	2.680820e-04	3.102703e-04
	3.555687e-04	4.039156e-04	4.552471e-04	5.094979e-04	5.666028e-04
	6.264971e-04	6.891170e-04	7.544010e-04	8.222909e-04	8.927355e-04
	9.656977e-04	1.041166e-03	1.119181e-03	1.199869e-03	1.283439e-03
	1.370098e-03	1.459842e-03	1.552174e-03	1.646315e-03	1.741970e-03
	1.839684e-03	1.940259e-03	2.043907e-03	2.150001e-03	2.257714e-03
	2.366873e-03	2.478197e-03	2.592731e-03	2.711109e-03	2.833549e-03
	2.959710e-03	3.089943e-03	3.224736e-03	3.364483e-03	3.509064e-03
	3.657793e-03	3.809160e-03	3.959997e-03	4.105211e-03	4.239179e-03
	4.358104e-03	4.461082e-03	4.549493e-03	4.625863e-03	4.692928e-03
	4.753204e-03	4.808836e-03	4.861603e-03	4.912978e-03	4.964189e-03
	5.016314e-03	5.070387e-03	5.127392e-03	5.188125e-03	5.253167e-03
	5.323158e-03	5.399052e-03	5.482070e-03	5.573486e-03	5.674578e-03
	5.786813e-03	5.912125e-03	6.053020e-03	6.212390e-03	6.393233e-03
	6.598667e-03	6.832408e-03	7.099389e-03	7.405798e-03	7.758112e-03
	8.162176e-03	8.623578e-03	9.148494e-03	9.743456e-03	1.041508e-02
	1.117158e-02	1.202455e-02	1.298844e-02	1.407673e-02	1.529729e-02
	1.665222e-02	1.814419e-02	1.978599e-02	2.160835e-02	2.366380e-02
	2.602895e-02	2.880513e-02	3.212214e-02	3.614324e-02	4.106020e-02
	4.706623e-02	5.428164e-02	6.266822e-02	7.198595e-02	8.184091e-02
	9.181581e-02	1.015967e-01	1.110410e-01	1.201493e-01	1.290022e-01
	1.377180e-01	1.464205e-01	1.551844e-01	1.639645e-01	1.726080e-01
	1.809816e-01	1.890282e-01	1.966050e-01	2.034057e-01	2.091988e-01
	2.140339e-01	2.181306e-01	2.216637e-01	2.246840e-01	2.271530e-01
	2.290343e-01	2.303731e-01	2.312827e-01	2.318859e-01	2.322810e-01
	2.325367e-01	2.326995e-01	2.328011e-01	2.328628e-01	2.328993e-01
	2.329204e-01
massfraction-H
	1.000000e-60	1.151453e-17	2.385794e-17	3.695467e-17	5.078810e-17
	6.565497e-17	8.229433e-17	1.020218e-16	1.269523e-16	1.603825e-16
	2.074856e-16	2.765479e-16	3.811458e-16	5.439577e-16	8.034335e-16
	1.225447e-15	1.923562e-15	3.093965e-15	5.074910e-15	8.446089e-15
	1.419110e-14	2.395619e-14	4.045039e-14	6.804533e-14	1.136483e-13
	1.879458e-13	3.071607e-13	4.955889e-13	7.894333e-13	1.242597e-12
	1.935056e-12	2.982915e-12	4.546501e-12	6.841026e-12	1.017207e-11
	1.501006e-11	2.208365e-11	3.246037e-11	4.762303e-11	6.964581e-11
	1.016456e-10	1.486395e-10	2.188371e-10	3.254632e-10	4.897754e-10
	7.466692e-10	1.155968e-09	1.823765e-09	2.942993e-09	4.871337e-09
	8.288824e-09	1.450844e-08	2.601052e-08	4.718023e-08	8.506321e-08
	1.500427e-07	2.565889e-07	4.240666e-07	6.771818e-07	1.045647e-06
	1.563690e-06	2.269406e-06	3.203414e-06	4.405911e-06	5.911539e-06
	7.745039e-06	9.920289e-06	1.243900e-05	1.528421e-05	1.842071e-05
	2.181266e-05	2.544022e-05	2.929706e-05	3.337769e-05	3.767371e-05
	4.218083e-05	4.690676e-05	5.186978e-05	5.708657e-05	6.256104e-05
	6.828592e-05	7.425567e-05	8.047666e-05	8.695816e-05	9.368640e-05
	1.006121e-04	1.076670e-04	1.147814e-04	1.218805e-04	1.288834e-04
	1.357193e-04	1.423347e-04	1.486765e-04	1.546660e-04	1.601950e-04
	1.651556e-04	1.694788e-04	1.731435e-04	1.761544e-04	1.785045e-04
	1.801419e-04	1.809434e-04	1.806970e-04	1.790838e-04	1.756723e-04
	1.699618e-04	1.615445e-04	1.503654e-04	1.369082e-04	1.221091e-04
	1.070115e-04	9.242682e-05	7.878313e-05	6.620380e-05	5.465627e-05
	4.405788e-05	3.434996e-05	2.557336e-05	1.791599e-05	1.162734e-05
	6.847769e-06	3.550365e-06	1.576388e-06	5.995636e-07	1.999997e-07
	5.929132e-08	1.565854e-08	3.894736e-09	1.056565e-09	3.434070e-10
	1.277960e-10	5.147766e-11	2.182620e-11	9.518733e-12	4.159465e-12
	1.770136e-12	7.094745e-13	2.544491e-13	7.365301e-14	1.282028e-14
	1.000000e-60
massfraction-OH
	1.000000e-60	2.580524e-21	1.402710e-20	4.257824e-20	1.012238e-19
	2.105583e-19	4.038500e-19	7.360164e-19	1.300288e-18	2.259146e-18
	3.902084e-18	6.754041e-18	1.177997e-17	2.077139e-17	3.707540e-17
	6.696130e-17	1.221569e-16	2.244923e-16	4.142606e-16	7.649926e-16
	1.409035e-15	2.580931e-15	4.689519e-15	8.435612e-15	1.500119e-14
	2.635090e-14	4.571184e-14	7.834774e-14	1.328427e-13	2.232365e-13
	3.725028e-13	6.177009e-13	1.016399e-12	1.655805e-12	2.672725e-12
	4.295613e-12	6.913884e-12	1.117412e-11	1.811349e-11	2.939152e-11
	4.777694e-11	7.814212e-11	1.292892e-10	2.171161e-10	3.703865e-10
	6.419581e-10	1.132208e-09	2.037525e-09	3.750890e-09	7.069824e-09
	1.363393e-08	2.681353e-08	5.326365e-08	1.049520e-07	2.006694e-07
	3.662616e-07	6.346405e-07	1.047702e-06	1.660843e-06	2.548345e-06
	3.809255e-06	5.573024e-06	8.003934e-06	1.130170e-05	1.569435e-05
	2.142793e-05	2.876004e-05	3.794695e-05	4.920254e-05	6.266902e-05
	7.846319e-05	9.675346e-05	1.177714e-04	1.417606e-04	1.689519e-04
	1.996054e-04	2.340781e-04	2.728458e-04	3.164312e-04	3.653073e-04
	4.198862e-04	4.806312e-04	5.481908e-04	6.233580e-04	7.067874e-04
	7.987716e-04	8.993531e-04	1.008511e-03	1.126085e-03	1.251697e-03
	1.384989e-03	1.525813e-03	1.673933e-03	1.828335e-03	1.986708e-03
	2.145814e-03	2.302567e-03	2.454922e-03	2.601940e-03	2.743088e-03
	2.877260e-03	3.001692e-03	3.111130e-03	3.197112e-03	3.247431e-03
	3.246718e-03	3.179660e-03	3.037430e-03	2.823820e-03	2.556087e-03
	2.258816e-03	1.955293e-03	1.661670e-03	1.386769e-03	1.134725e-03
	9.073767e-04	7.059703e-04	5.323995e-04	3.890293e-04	2.759903e-04
	1.892834e-04	1.234063e-04	7.536332e-05	4.392746e-05	2.575768e-05
	1.579738e-05	1.014341e-05	6.693720e-06	4.460906e-06	2.979954e-06
	2.000266e-06	1.355055e-06	9.259728e-07	6.343497e-07	4.312550e-07
	2.873363e-07	1.846614e-07	1.115576e-07	5.999670e-08	2.427240e-08
	1.000000e-60
massfraction-O
	1.000000e-60	2.039517e-22	8.852283e-22	2.258812e-21	4.516721e-21
	7.859208e-21	1.255053e-20	1.901271e-20	2.797547e-20	4.070539e-20
	5.937682e-20	8.770487e-20	1.320555e-19	2.034060e-19	3.208026e-19
	5.174145e-19	8.510253e-19	1.421962e-18	2.403202e-18	4.089883e-18
	6.978808e-18	1.189275e-17	2.016941e-17	3.394083e-17	5.653701e-17
	9.306161e-17	1.512173e-16	2.425321e-16	3.842914e-16	6.026163e-16
	9.372711e-16	1.448370e-15	2.224261e-15	3.394368e-15	5.161534e-15
	7.871029e-15	1.212689e-14	1.897061e-14	3.017164e-14	4.878100e-14
	8.031293e-14	1.352769e-13	2.343733e-13	4.188916e-13	7.721759e-13
	1.466093e-12	2.867688e-12	5.789700e-12	1.209119e-11	2.613997e-11
	5.846806e-11	1.348741e-10	3.174356e-10	7.459422e-10	1.702647e-09
	3.692820e-09	7.533419e-09	1.444761e-08	2.615655e-08	4.495139e-08
	7.377536e-08	1.163315e-07	1.771974e-07	2.618834e-07	3.767485e-07
	5.289197e-07	7.264272e-07	9.782788e-07	1.293810e-06	1.682256e-06
	2.154362e-06	2.725159e-06	3.415317e-06	4.250789e-06	5.263300e-06
	6.493492e-06	7.996528e-06	9.847987e-06	1.214736e-05	1.502026e-05
	1.862497e-05	2.316968e-05	2.894046e-05	3.632728e-05	4.582835e-05
	5.804159e-05	7.367779e-05	9.358804e-05	1.187503e-04	1.502291e-04
	1.891999e-04	2.370090e-04	2.951012e-04	3.646805e-04	4.462074e-04
	5.391860e-04	6.425528e-04	7.554094e-04	8.775603e-04	1.009525e-03
	1.152140e-03	1.305803e-03	1.469715e-03	1.641023e-03	1.813558e-03
	1.976483e-03	2.113606e-03	2.206027e-03	2.238224e-03	2.204397e-03
	2.110198e-03	1.968653e-03	1.793865e-03	1.597190e-03	1.386783e-03
	1.168695e-03	9.486414e-04	7.344954e-04	5.380745e-04	3.721064e-04
	2.435677e-04	1.516456e-04	9.122427e-05	5.495796e-05	3.449985e-05
	2.291323e-05	1.592293e-05	1.135106e-05	8.160926e-06	5.858951e-06
	4.191280e-06	2.991047e-06	2.127704e-06	1.501909e-06	1.043628e-06
	7.063724e-07	4.590590e-07	2.795190e-07	1.511741e-07	6.141453e-08
	1.000000e-60
massfraction-H2
	1.000000e-60	2.456612e-05	5.096789e-05	7.872675e-05	1.073905e-04
	1.366864e-04	1.664315e-04	1.964712e-04	2.266819e-04	2.569703e-04
	2.872715e-04	3.175449e-04	3.477701e-04	3.779423e-04	4.080692e-04
	4.381667e-04	4.682566e-04	4.983642e-04	5.285163e-04	5.587405e-04
	5.890637e-04	6.195120e-04	6.501107e-04	6.808848e-04	7.118601e-04
	7.430662e-04	7.745410e-04	8.063400e-04	8.385498e-04	8.712822e-04
	9.046432e-04	9.386553e-04	9.731588e-04	1.007901e-03	1.042816e-03
	1.078143e-03	1.114204e-03	1.151103e-03	1.188650e-03	1.226589e-03
	1.264901e-03	1.303878e-03	1.343924e-03	1.385307e-03	1.428171e-03
	1.472413e-03	1.518246e-03	1.565921e-03	1.615673e-03	1.667571e-03
	1.721491e-03	1.777004e-03	1.833028e-03	1.887648e-03	1.938563e-03
	1.983988e-03	2.023157e-03	2.056191e-03	2.083703e-03	2.106417e-03
	2.124975e-03	2.139844e-03	2.151306e-03	2.159488e-03	2.164423e-03
	2.166114e-03	2.164589e-03	2.159915e-03	2.152231e-03	2.141769e-03
	2.128796e-03	2.113520e-03	2.096064e-03	2.076524e-03	2.054992e-03
	2.031528e-03	2.006119e-03	1.978674e-03	1.949097e-03	1.917351e-03
	1.883454e-03	1.847408e-03	1.809126e-03	1.768476e-03	1.725438e-03
	1.680187e-03	1.632991e-03	1.584100e-03	1.533762e-03	1.482243e-03
	1.429705e-03	1.376143e-03	1.321491e-03	1.265859e-03	1.209671e-03
	1.153527e-03	1.097866e-03	1.042701e-03	9.875797e-04	9.317323e-04
	8.742609e-04	8.143540e-04	7.514124e-04	6.851640e-04	6.159019e-04
	5.447862e-04	4.741352e-04	4.070693e-04	3.466012e-04	2.947246e-04
	2.519997e-04	2.177737e-04	1.906934e-04	1.692703e-04	1.522000e-04
	1.384317e-04	1.271429e-04	1.177001e-04	1.096091e-04	1.024356e-04
	9.575401e-05	8.918609e-05	8.255056e-05	7.595820e-05	6.962665e-05
	6.359438e-05	5.768804e-05	5.170319e-05	4.555704e-05	3.936146e-05
	3.338705e-05	2.788855e-05	2.297741e-05	1.864031e-05	1.481048e-05
	1.142489e-05	8.440464e-06	5.826465e-06	3.559593e-06	1.624723e-06
	1.000000e-60
massfraction-H2O
	1.000000e-60	1.193472e-04	2.796863e-04	4.878007e-04	7.492172e-04
	1.069245e-03	1.452606e-03	1.902821e-03	2.422186e-03	3.011832e-03
	3.671849e-03	4.401449e-03	5.199129e-03	6.062834e-03	6.990104e-03
	7.978195e-03	9.024190e-03	1.012509e-02	1.127787e-02	1.247955e-02
	1.372727e-02	1.501825e-02	1.634993e-02	1.771995e-02	1.912625e-02
	2.056719e-02	2.204180e-02	2.355020e-02	2.509428e-02	2.667744e-02
	2.830305e-02	2.997051e-02	3.167034e-02	3.338832e-02	3.511955e-02
	3.687428e-02	3.866715e-02	4.050197e-02	4.236790e-02	4.425087e-02
	4.614860e-02	4.807423e-02	5.004626e-02	5.207597e-02	5.416776e-02
	5.631572e-02	5.852676e-02	6.080986e-02	6.317242e-02	6.561324e-02
	6.812153e-02	7.067237e-02	7.321226e-02	7.565404e-02	7.790017e-02
	7.988295e-02	8.158324e-02	8.302088e-02	8.423524e-02	8.526888e-02
	8.615966e-02	8.693773e-02	8.762537e-02	8.823815e-02	8.878632e-02
	8.927693e-02	8.971561e-02	9.010702e-02	9.045443e-02	9.076059e-02
	9.102922e-02	9.126507e-02	9.147254e-02	9.165489e-02	9.181443e-02
	9.195302e-02	9.207233e-02	9.217357e-02	9.225731e-02	9.232349e-02
	9.237170e-02	9.240140e-02	9.241186e-02	9.240193e-02	9.237010e-02
	9.231478e-02	9.223459e-02	9.212817e-02	9.199421e-02	9.183143e-02
	9.163821e-02	9.141200e-02	9.114937e-02	9.084712e-02	9.050361e-02
	9.011889e-02	8.969287e-02	8.922247e-02	8.869931e-02	8.810854e-02
	8.742817e-02	8.662880e-02	8.567233e-02	8.451018e-02	8.308415e-02
	8.133353e-02	7.921585e-02	7.673096e-02	7.393351e-02	7.092092e-02
	6.779953e-02	6.465092e-02	6.151059e-02	5.837226e-02	5.520265e-02
	5.195120e-02	4.855834e-02	4.497544e-02	4.119899e-02	3.727805e-02
	3.326661e-02	2.919326e-02	2.513842e-02	2.129149e-02	1.783115e-02
	1.478453e-02	1.206172e-02	9.581468e-03	7.337086e-03	5.391133e-03
	3.817258e-03	2.629290e-03	1.774613e-03	1.175454e-03	7.609740e-04
	4.777291e-04	2.873400e-04	1.619292e-04	8.123706e-05	3.075782e-05
	1.000000e-60
massfraction-HO2
	1.000000e-60	7.466071e-09	1.756532e-08	3.076311e-08	4.745465e-08
	6.803164e-08	9.286076e-08	1.222460e-07	1.564280e-07	1.955882e-07
	2.398570e-07	2.893232e-07	3.440426e-07	4.040456e-07	4.693435e-07
	5.399319e-07	6.157939e-07	6.969012e-07	7.832149e-07	8.746856e-07
	9.712529e-07	1.072846e-06	1.179382e-06	1.290771e-06	1.406919e-06
	1.527735e-06	1.653153e-06	1.783171e-06	1.917909e-06	2.057587e-06
	2.202387e-06	2.352081e-06	2.505560e-06	2.661187e-06	2.818084e-06
	2.976672e-06	3.137657e-06	3.300625e-06	3.463728e-06	3.624792e-06
	3.782661e-06	3.937389e-06	4.089237e-06	4.237578e-06	4.380959e-06
	4.516772e-06	4.642886e-06	4.756544e-06	4.854113e-06	4.930984e-06
	4.982242e-06	5.003886e-06	4.995097e-06	4.961439e-06	4.915440e-06
	4.871356e-06	4.838193e-06	4.817235e-06	4.804210e-06	4.792626e-06
	4.775993e-06	4.748791e-06	4.706783e-06	4.647169e-06	4.568803e-06
	4.472282e-06	4.359683e-06	4.234218e-06	4.100094e-06	3.961988e-06
	3.823908e-06	3.688549e-06	3.557686e-06	3.432816e-06	3.315308e-06
	3.206233e-06	3.106297e-06	3.016065e-06	2.936297e-06	2.868059e-06
	2.812546e-06	2.770893e-06	2.744210e-06	2.733801e-06	2.741223e-06
	2.768008e-06	2.815426e-06	2.884520e-06	2.976140e-06	3.090937e-06
	3.229676e-06	3.393698e-06	3.584913e-06	3.805061e-06	4.054769e-06
	4.333590e-06	4.641470e-06	4.980858e-06	5.358430e-06	5.786046e-06
	6.281553e-06	6.869523e-06	7.582941e-06	8.465416e-06	9.571253e-06
	1.096022e-05	1.268118e-05	1.475353e-05	1.715844e-05	1.984756e-05
	2.276623e-05	2.587740e-05	2.918174e-05	3.272189e-05	3.657877e-05
	4.086950e-05	4.573532e-05	5.127880e-05	5.739728e-05	6.354944e-05
	6.857062e-05	7.048917e-05	6.663427e-05	5.563182e-05	4.029643e-05
	2.567452e-05	1.471963e-05	7.798963e-06	3.970560e-06	2.029700e-06
	1.076252e-06	5.991581e-07	3.481652e-07	2.079071e-07	1.251736e-07
	7.454116e-08	4.303074e-08	2.342121e-08	1.138411e-08	4.184740e-09
	1.000000e-60
massfraction-H2O2
	1.000000e-60	5.557390e-10	1.308887e-09	2.293549e-09	3.536604e-09
	5.061582e-09	6.885903e-09	9.017025e-09	1.145164e-08	1.417569e-08
	1.716521e-08	2.038769e-08	2.380393e-08	2.737007e-08	3.103967e-08
	3.476561e-08	3.850174e-08	4.220420e-08	4.583226e-08	4.934890e-08
	5.272108e-08	5.591969e-08	5.891943e-08	6.169855e-08	6.423857e-08
	6.652400e-08	6.854197e-08	7.028191e-08	7.173488e-08	7.289148e-08
	7.373970e-08	7.426411e-08	7.444990e-08	7.429104e-08	7.378925e-08
	7.294115e-08	7.173215e-08	7.014700e-08	6.818470e-08	6.585690e-08
	6.316815e-08	6.009927e-08	5.661348e-08	5.267954e-08	4.828926e-08
	4.344596e-08	3.817610e-08	3.253462e-08	2.665056e-08	2.077607e-08
	1.529254e-08	1.064792e-08	7.198521e-09	4.996362e-09	3.757025e-09
	3.092126e-09	2.720391e-09	2.493565e-09	2.343003e-09	2.237383e-09
	2.162661e-09	2.114344e-09	2.094942e-09	2.113600e-09	2.186568e-09
	2.337810e-09	2.599624e-09	3.012855e-09	3.624865e-09	4.485917e-09
	5.649526e-09	7.178141e-09	9.147143e-09	1.164300e-08	1.476170e-08
	1.861442e-08	2.334010e-08	2.911644e-08	3.615865e-08	4.471018e-08
	5.504413e-08	6.749162e-08	8.248869e-08	1.006013e-07	1.224916e-07
	1.488756e-07	1.805577e-07	2.185086e-07	2.638806e-07	3.180124e-07
	3.825807e-07	4.598233e-07	5.525910e-07	6.640531e-07	7.971538e-07
	9.543757e-07	1.138291e-06	1.352804e-06	1.604591e-06	1.904332e-06
	2.267902e-06	2.717522e-06	3.283746e-06	4.008566e-06	4.948643e-06
	6.177626e-06	7.782783e-06	9.857956e-06	1.249100e-05	1.573852e-05
	1.957942e-05	2.385381e-05	2.824500e-05	3.233300e-05	3.569643e-05
	3.801246e-05	3.911329e-05	3.900127e-05	3.784108e-05	3.588926e-05
	3.334672e-05	3.028531e-05	2.676701e-05	2.300845e-05	1.932630e-05
	1.592661e-05	1.284078e-05	1.004427e-05	7.553062e-06	5.435563e-06
	3.759309e-06	2.522705e-06	1.654972e-06	1.063249e-06	6.663378e-07
	4.042689e-07	2.347195e-07	1.276444e-07	6.184409e-08	2.266367e-08
	1.000000e-60
massfraction-CO
	1.000000e-60	6.203535e-05	1.454951e-04	2.539840e-04	3.904772e-04
	5.578681e-04	7.587844e-04	9.952795e-04	1.268827e-03	1.580363e-03
	1.930359e-03	2.318910e-03	2.745822e-03	3.210690e-03	3.712971e-03
	4.252029e-03	4.827179e-03	5.437710e-03	6.082906e-03	6.762051e-03
	7.474436e-03	8.219366e-03	8.996165e-03	9.804201e-03	1.064292e-02
	1.151192e-02	1.241113e-02	1.334106e-02	1.430328e-02	1.530030e-02
	1.633464e-02	1.740631e-02	1.850939e-02	1.963460e-02	2.077843e-02
	2.194738e-02	2.315108e-02	2.439207e-02	2.566287e-02	2.695353e-02
	2.826198e-02	2.959681e-02	3.097052e-02	3.239069e-02	3.385987e-02
	3.537391e-02	3.693688e-02	3.855442e-02	4.023092e-02	4.196445e-02
	4.374596e-02	4.555609e-02	4.735510e-02	4.907972e-02	5.066039e-02
	5.204993e-02	5.323634e-02	5.423526e-02	5.507576e-02	5.578874e-02
	5.640145e-02	5.693545e-02	5.740671e-02	5.782639e-02	5.820187e-02
	5.853826e-02	5.883955e-02	5.910892e-02	5.934846e-02	5.955976e-02
	5.974495e-02	5.990675e-02	6.004753e-02	6.016876e-02	6.027106e-02
	6.035461e-02	6.041914e-02	6.046375e-02	6.048661e-02	6.048504e-02
	6.045563e-02	6.039426e-02	6.029571e-02	6.015326e-02	5.995900e-02
	5.970468e-02	5.938193e-02	5.898200e-02	5.849594e-02	5.791519e-02
	5.723045e-02	5.643018e-02	5.550130e-02	5.443354e-02	5.322509e-02
	5.188351e-02	5.041928e-02	4.883615e-02	4.712464e-02	4.526162e-02
	4.321389e-02	4.094542e-02	3.842381e-02	3.562784e-02	3.256150e-02
	2.927322e-02	2.587716e-02	2.254303e-02	1.944958e-02	1.672724e-02
	1.442537e-02	1.252103e-02	1.094878e-02	9.633521e-03	8.508879e-03
	7.521664e-03	6.631490e-03	5.811548e-03	5.050155e-03	4.345834e-03
	3.696390e-03	3.095825e-03	2.546305e-03	2.062659e-03	1.655575e-03
	1.318043e-03	1.033012e-03	7.875332e-04	5.777085e-04	4.060065e-04
	2.748611e-04	1.811718e-04	1.171874e-04	7.449483e-05	4.633582e-05
	2.797394e-05	1.619712e-05	8.799382e-06	4.264462e-06	1.564380e-06
	1.000000e-60
massfraction-CO2
	1.000000e-60	3.858349e-05	9.606457e-05	1.784022e-04	2.918912e-04
	4.434187e-04	6.402028e-04	8.893106e-04	1.197391e-03	1.570469e-03
	2.013805e-03	2.531830e-03	3.128129e-03	3.805471e-03	4.565862e-03
	5.410620e-03	6.340452e-03	7.355537e-03	8.455600e-03	9.639984e-03
	1.090771e-02	1.225756e-02	1.368811e-02	1.519783e-02	1.678522e-02
	1.844896e-02	2.018827e-02	2.200350e-02	2.389712e-02	2.587349e-02
	2.793712e-02	3.008746e-02	3.231196e-02	3.459096e-02	3.691629e-02
	3.930017e-02	4.176138e-02	4.430431e-02	4.691271e-02	4.956514e-02
	5.225625e-02	5.500260e-02	5.782877e-02	6.074908e-02	6.376706e-02
	6.687299e-02	7.007296e-02	7.337619e-02	7.678888e-02	8.030375e-02
	8.389877e-02	8.753096e-02	9.111720e-02	9.452986e-02	9.763294e-02
	1.003388e-01	1.026311e-01	1.045471e-01	1.061487e-01	1.074995e-01
	1.086546e-01	1.096575e-01	1.105400e-01	1.113248e-01	1.120270e-01
	1.126577e-01	1.132255e-01	1.137378e-01	1.141997e-01	1.146155e-01
	1.149903e-01	1.153307e-01	1.156427e-01	1.159311e-01	1.161993e-01
	1.164501e-01	1.166864e-01	1.169107e-01	1.171250e-01	1.173300e-01
	1.175259e-01	1.177128e-01	1.178909e-01	1.180601e-01	1.182193e-01
	1.183664e-01	1.184987e-01	1.186134e-01	1.187075e-01	1.187774e-01
	1.188192e-01	1.188284e-01	1.187992e-01	1.187241e-01	1.185951e-01
	1.184047e-01	1.181454e-01	1.178073e-01	1.173747e-01	1.168225e-01
	1.161117e-01	1.151852e-01	1.139620e-01	1.123299e-01	1.101414e-01
	1.072250e-01	1.034327e-01	9.871493e-02	9.318284e-02	8.709900e-02
	8.078458e-02	7.450857e-02	6.841971e-02	6.255728e-02	5.689489e-02
	5.137385e-02	4.592899e-02	4.052568e-02	3.520360e-02	3.006591e-02
	2.520087e-02	2.065015e-02	1.649821e-02	1.290215e-02	9.954531e-03
	7.591957e-03	5.674906e-03	4.099003e-03	2.823872e-03	1.845545e-03
	1.151725e-03	6.954052e-04	4.104364e-04	2.375074e-04	1.342666e-04
	7.361298e-05	3.872539e-05	1.916008e-05	8.497984e-06	2.875974e-06
	1.000000e-60
massfraction-CH
	1.000000e-60	6.272719e-28	1.000000e-60	1.000000e-60	1.000000e-60
	1.000000e-60	1.000000e-60	6.617643e-29	1.673136e-28	1.000000e-60
	5.545350e-28	3.066302e-27	1.000000e-60	1.000000e-60	2.163664e-27
	1.000000e-60	1.222589e-27	6.221355e-28	1.000000e-60	1.000000e-60
	1.000000e-60	9.558651e-27	3.300517e-26	1.104280e-25	3.824378e-25
	1.362183e-24	4.579435e-24	1.490364e-23	4.689112e-23	1.426316e-22
	4.213004e-22	1.208389e-21	3.354583e-21	8.975973e-21	2.319843e-20
	5.848547e-20	1.453901e-19	3.579998e-19	8.711462e-19	2.088700e-18
	4.948138e-18	1.168880e-17	2.783256e-17	6.729424e-17	1.657881e-16
	4.172715e-16	1.078426e-15	2.883214e-15	8.034994e-15	2.347707e-14
	7.223350e-14	2.343109e-13	7.940943e-13	2.742642e-12	9.317165e-12
	3.018013e-11	9.159383e-11	2.588172e-10	6.803446e-10	1.665650e-09
	3.809892e-09	8.178558e-09	1.655617e-08	3.173337e-08	5.774861e-08
	9.999651e-08	1.651850e-07	2.610528e-07	3.955313e-07	5.757022e-07
	8.077868e-07	1.098157e-06	1.453766e-06	1.881404e-06	2.387133e-06
	2.976900e-06	3.657809e-06	4.438464e-06	5.327212e-06	6.329464e-06
	7.446592e-06	8.677237e-06	1.001864e-05	1.146366e-05	1.299268e-05
	1.456787e-05	1.613516e-05	1.762821e-05	1.896925e-05	2.007271e-05
	2.085376e-05	2.123383e-05	2.114376e-05	2.053502e-05	1.940253e-05
	1.780150e-05	1.583738e-05	1.363478e-05	1.131162e-05	8.974526e-06
	6.728310e-06	4.686446e-06	2.964794e-06	1.655594e-06	7.905029e-07
	3.143473e-07	1.037706e-07	2.949124e-08	7.800873e-09	2.114589e-09
	6.301499e-10	2.097703e-10	7.602904e-11	2.887429e-11	1.108221e-11
	4.157386e-12	1.473732e-12	4.769392e-13	1.367041e-13	3.382077e-14
	6.971848e-15	1.131459e-15	1.383903e-16	1.311776e-17	1.045622e-18
	7.334293e-20	4.463786e-21	2.421217e-22	1.361937e-23	9.304168e-25
	8.168423e-26	9.393024e-27	1.392365e-27	2.514521e-28	5.128775e-29
	1.092032e-29	2.268677e-30	4.343452e-31	2.970983e-32	1.000000e-60
	1.000000e-60
massfraction-CHO
	1.000000e-60	7.916785e-19	1.946401e-18	3.495133e-18	5.439825e-18
	7.815155e-18	1.075293e-17	1.455734e-17	1.981863e-17	2.761317e-17
	3.989021e-17	6.023485e-17	9.537505e-17	1.581544e-16	2.733774e-16
	4.892302e-16	8.993471e-16	1.684786e-15	3.192252e-15	6.076247e-15
	1.154980e-14	2.181164e-14	4.074532e-14	7.501253e-14	1.356740e-13
	2.404507e-13	4.166593e-13	7.047344e-13	1.162097e-12	1.866430e-12
	2.915941e-12	4.420790e-12	6.478456e-12	9.146279e-12	1.244449e-11
	1.638504e-11	2.098419e-11	2.625617e-11	3.223118e-11	3.901931e-11
	4.688926e-11	5.632872e-11	6.808625e-11	8.322030e-11	1.032243e-10
	1.302725e-10	1.677636e-10	2.211993e-10	2.996793e-10	4.184653e-10
	6.038270e-10	9.015119e-10	1.388524e-09	2.184428e-09	3.456402e-09
	5.420774e-09	8.350765e-09	1.259101e-08	1.856831e-08	2.679051e-08
	3.784933e-08	5.242676e-08	7.129518e-08	9.529408e-08	1.252677e-07
	1.620096e-07	2.062520e-07	2.586217e-07	3.194563e-07	3.887266e-07
	4.663358e-07	5.524815e-07	6.476438e-07	7.523119e-07	8.668834e-07
	9.918441e-07	1.128019e-06	1.276595e-06	1.438794e-06	1.615492e-06
	1.807175e-06	2.014286e-06	2.237541e-06	2.477538e-06	2.733592e-06
	3.002840e-06	3.280428e-06	3.559838e-06	3.832476e-06	4.087490e-06
	4.312472e-06	4.493791e-06	4.616212e-06	4.663428e-06	4.621202e-06
	4.481992e-06	4.247081e-06	3.924441e-06	3.525023e-06	3.061294e-06
	2.549072e-06	2.011781e-06	1.483340e-06	1.006297e-06	6.224455e-07
	3.558143e-07	1.991963e-07	1.198687e-07	8.222577e-08	6.316632e-08
	5.187035e-08	4.407008e-08	3.807176e-08	3.308503e-08	2.864984e-08
	2.443999e-08	2.020066e-08	1.577738e-08	1.124554e-08	7.020940e-09
	3.682243e-09	1.557420e-09	5.186418e-10	1.388583e-10	3.145371e-11
	6.203535e-12	1.067351e-12	1.693411e-13	2.907673e-14	6.029491e-15
	1.468284e-15	4.031464e-16	1.212235e-16	3.856135e-17	1.249460e-17
	3.978906e-18	1.200833e-18	3.262329e-19	7.180925e-20	9.213086e-21
	1.000000e-60
massfraction-CH2
	1.000000e-60	6.882755e-22	1.415189e-21	2.183902e-21	3.009263e-21
	3.936085e-21	5.053906e-21	6.520723e-21	8.610396e-21	1.180878e-20
	1.701375e-20	2.595919e-20	4.213515e-20	7.283397e-20	1.338007e-19
	2.599836e-19	5.306656e-19	1.128477e-18	2.477640e-18	5.564788e-18
	1.267156e-17	2.901041e-17	6.627673e-17	1.501181e-16	3.353034e-16
	7.354759e-16	1.579702e-15	3.317582e-15	6.813008e-15	1.369826e-14
	2.700772e-14	5.223691e-14	9.888904e-14	1.827075e-13	3.298434e-13
	5.853661e-13	1.027980e-12	1.791092e-12	3.091057e-12	5.273162e-12
	8.906108e-12	1.497405e-11	2.522348e-11	4.274685e-11	7.301632e-11
	1.258627e-10	2.195552e-10	3.891403e-10	7.036010e-10	1.301456e-09
	2.467295e-09	4.794104e-09	9.492927e-09	1.888312e-08	3.699842e-08
	7.023068e-08	1.280456e-07	2.237429e-07	3.749918e-07	6.038199e-07
	9.363670e-07	1.402381e-06	2.034028e-06	2.863280e-06	3.917377e-06
	5.214506e-06	6.761940e-06	8.554350e-06	1.056903e-05	1.276701e-05
	1.510693e-05	1.755740e-05	2.009510e-05	2.269594e-05	2.533284e-05
	2.798029e-05	3.061817e-05	3.322905e-05	3.579005e-05	3.826745e-05
	4.061907e-05	4.280048e-05	4.476680e-05	4.646616e-05	4.783219e-05
	4.878764e-05	4.925622e-05	4.917010e-05	4.847389e-05	4.713154e-05
	4.512952e-05	4.247455e-05	3.919896e-05	3.538196e-05	3.117055e-05
	2.676742e-05	2.238239e-05	1.818459e-05	1.428834e-05	1.077095e-05
	7.696676e-06	5.130023e-06	3.124763e-06	1.697607e-06	8.026151e-07
	3.251365e-07	1.139631e-07	3.624448e-08	1.134629e-08	3.818070e-09
	1.457867e-09	6.329248e-10	3.028175e-10	1.538766e-10	8.054110e-11
	4.237179e-11	2.193649e-11	1.097171e-11	5.230091e-12	2.353814e-12
	9.864057e-13	3.756688e-13	1.278705e-13	3.966363e-14	1.174643e-14
	3.410589e-15	9.569172e-16	2.528726e-16	6.312051e-17	1.571834e-17
	4.276260e-18	1.363123e-18	5.165150e-19	2.263602e-19	1.098749e-19
	5.655409e-20	2.958649e-20	1.494932e-20	6.667890e-21	1.995115e-21
	1.000000e-60
massfraction-CH2O
	1.000000e-60	1.430402e-07	3.583527e-07	6.698199e-07	1.103102e-06
	1.686573e-06	2.450278e-06	3.423973e-06	4.635933e-06	6.111966e-06
	7.874701e-06	9.943148e-06	1.233251e-05	1.505417e-05	1.811587e-05
	2.152195e-05	2.527371e-05	2.936972e-05	3.380624e-05	3.857760e-05
	4.367653e-05	4.909457e-05	5.482242e-05	6.085038e-05	6.716890e-05
	7.376939e-05	8.064556e-05	8.779586e-05	9.522713e-05	1.029538e-04
	1.109906e-04	1.193330e-04	1.279302e-04	1.367051e-04	1.456259e-04
	1.547394e-04	1.641166e-04	1.737733e-04	1.836470e-04	1.936567e-04
	2.037826e-04	2.140871e-04	2.246614e-04	2.355569e-04	2.467841e-04
	2.583011e-04	2.701238e-04	2.822745e-04	2.947567e-04	3.075128e-04
	3.204131e-04	3.332269e-04	3.455508e-04	3.568109e-04	3.664348e-04
	3.740927e-04	3.797789e-04	3.837177e-04	3.862222e-04	3.875939e-04
	3.880821e-04	3.878785e-04	3.871285e-04	3.859476e-04	3.844347e-04
	3.826792e-04	3.807601e-04	3.787460e-04	3.766984e-04	3.746697e-04
	3.726935e-04	3.707814e-04	3.689317e-04	3.671395e-04	3.653978e-04
	3.636944e-04	3.620094e-04	3.603146e-04	3.585761e-04	3.567533e-04
	3.547944e-04	3.526273e-04	3.501490e-04	3.472184e-04	3.436565e-04
	3.392503e-04	3.337516e-04	3.268762e-04	3.183222e-04	3.078003e-04
	2.950434e-04	2.798084e-04	2.619240e-04	2.414134e-04	2.186326e-04
	1.942687e-04	1.691528e-04	1.440310e-04	1.194640e-04	9.589343e-05
	7.377556e-05	5.369776e-05	3.636667e-05	2.246263e-05	1.239373e-05
	6.022012e-06	2.591508e-06	1.023162e-06	3.933430e-07	1.567401e-07
	6.752772e-08	3.188991e-08	1.638416e-08	9.009904e-09	5.214900e-09
	3.131080e-09	1.927705e-09	1.208080e-09	7.696272e-10	5.000641e-10
	3.324245e-10	2.263077e-10	1.581575e-10	1.137218e-10	8.374700e-11
	6.236116e-11	4.609625e-11	3.317055e-11	2.286403e-11	1.497877e-11
	9.369333e-12	5.663849e-12	3.342408e-12	1.931798e-12	1.089914e-12
	5.960787e-13	3.127121e-13	1.542742e-13	6.822965e-14	2.302958e-14
	1.000000e-60
massfraction-CH3
	1.000000e-60	2.622034e-09	6.059852e-09	1.042953e-08	1.583114e-08
	2.237858e-08	3.019906e-08	3.942802e-08	5.021527e-08	6.273173e-08
	7.717666e-08	9.378476e-08	1.128335e-07	1.346506e-07	1.596218e-07
	1.882002e-07	2.209155e-07	2.583866e-07	3.013352e-07	3.506026e-07
	4.071710e-07	4.721887e-07	5.470018e-07	6.331959e-07	7.326502e-07
	8.476133e-07	9.808146e-07	1.135645e-06	1.316447e-06	1.528828e-06
	1.779876e-06	2.077879e-06	2.431234e-06	2.848441e-06	3.341373e-06
	3.929463e-06	4.640413e-06	5.506716e-06	6.562144e-06	7.844458e-06
	9.406508e-06	1.132999e-05	1.373327e-05	1.677238e-05	2.064901e-05
	2.563164e-05	3.210991e-05	4.065709e-05	5.211023e-05	6.766834e-05
	8.904874e-05	1.186483e-04	1.594482e-04	2.143636e-04	2.851180e-04
	3.714261e-04	4.710524e-04	5.805762e-04	6.963263e-04	8.149320e-04
	9.335416e-04	1.049693e-03	1.161079e-03	1.265375e-03	1.360225e-03
	1.443508e-03	1.513663e-03	1.569755e-03	1.611410e-03	1.638934e-03
	1.653316e-03	1.655857e-03	1.647783e-03	1.630149e-03	1.603900e-03
	1.569869e-03	1.528688e-03	1.480777e-03	1.426469e-03	1.366179e-03
	1.300440e-03	1.229773e-03	1.154554e-03	1.075117e-03	9.920897e-04
	9.065538e-04	8.198249e-04	7.332077e-04	6.480099e-04	5.655303e-04
	4.868433e-04	4.127140e-04	3.438002e-04	2.809004e-04	2.249312e-04
	1.765605e-04	1.358586e-04	1.022920e-04	7.500205e-05	5.311575e-05
	3.591127e-05	2.283858e-05	1.342142e-05	7.142443e-06	3.376648e-06
	1.403596e-06	5.187251e-07	1.771693e-07	5.928304e-08	2.061071e-08
	7.757840e-09	3.215662e-09	1.463045e-09	7.205075e-10	3.776725e-10
	2.073036e-10	1.174130e-10	6.781693e-11	3.967254e-11	2.342449e-11
	1.387698e-11	8.157968e-12	4.733345e-12	2.742648e-12	1.614708e-12
	9.661605e-13	5.770079e-13	3.367774e-13	1.899467e-13	1.040591e-13
	5.647913e-14	3.100965e-14	1.739655e-14	9.956456e-15	5.760926e-15
	3.327828e-15	1.887821e-15	1.023785e-15	5.017937e-16	1.874738e-16
	1.000000e-60
massfraction-CH4
	1.000000e-60	8.621301e-06	1.993933e-05	3.431306e-05	5.200649e-05
	7.326869e-05	9.831304e-05	1.272826e-04	1.602547e-04	1.972492e-04
	2.382400e-04	2.831657e-04	3.319410e-04	3.844647e-04	4.406275e-04
	5.003172e-04	5.634223e-04	6.298346e-04	6.994506e-04	7.721722e-04
	8.479070e-04	9.265684e-04	1.008076e-03	1.092360e-03	1.179358e-03
	1.269032e-03	1.361376e-03	1.456448e-03	1.554413e-03	1.655533e-03
	1.760068e-03	1.868023e-03	1.978814e-03	2.091528e-03	2.205837e-03
	2.322415e-03	2.442239e-03	2.565577e-03	2.691705e-03	2.819656e-03
	2.949247e-03	3.081343e-03	3.217191e-03	3.357541e-03	3.502636e-03
	3.652007e-03	3.805975e-03	3.964923e-03	4.128947e-03	4.297236e-03
	4.467781e-03	4.636720e-03	4.797000e-03	4.938088e-03	5.048548e-03
	5.120356e-03	5.151165e-03	5.143379e-03	5.101711e-03	5.031088e-03
	4.935580e-03	4.818189e-03	4.681147e-03	4.526424e-03	4.356246e-03
	4.173239e-03	3.980210e-03	3.780093e-03	3.576294e-03	3.372419e-03
	3.171138e-03	2.973630e-03	2.780229e-03	2.591283e-03	2.407297e-03
	2.228604e-03	2.055134e-03	1.886600e-03	1.722966e-03	1.564700e-03
	1.412552e-03	1.267114e-03	1.128626e-03	9.972564e-04	8.735701e-04
	7.585112e-04	6.528984e-04	5.571269e-04	4.712853e-04	3.952261e-04
	3.284678e-04	2.702617e-04	2.198461e-04	1.766416e-04	1.402181e-04
	1.100793e-04	8.551505e-05	6.565208e-05	4.961601e-05	3.667059e-05
	2.626885e-05	1.803961e-05	1.172401e-05	7.106543e-06	3.960638e-06
	2.010987e-06	9.344924e-07	4.070621e-07	1.730656e-07	7.516860e-08
	3.463078e-08	1.730152e-08	9.433038e-09	5.592925e-09	3.580015e-09
	2.454059e-09	1.787040e-09	1.370984e-09	1.097531e-09	9.055510e-10
	7.587887e-10	6.364413e-10	5.290882e-10	4.351392e-10	3.551967e-10
	2.877707e-10	2.297028e-10	1.786039e-10	1.338853e-10	9.634432e-11
	6.688293e-11	4.523903e-11	3.003279e-11	1.959302e-11	1.250561e-11
	7.746042e-12	4.599760e-12	2.560898e-12	1.270261e-12	4.760047e-13
	1.000000e-60
massfraction-C2H6
	1.000000e-60	1.210137e-06	3.027258e-06	5.649895e-06	9.290713e-06
	1.418458e-05	2.058014e-05	2.872377e-05	3.885031e-05	5.117540e-05
	6.589031e-05	8.315887e-05	1.031164e-04	1.258701e-04	1.515004e-04
	1.800636e-04	2.115936e-04	2.461051e-04	2.835959e-04	3.240492e-04
	3.674360e-04	4.137173e-04	4.628464e-04	5.147714e-04	5.694398e-04
	6.268049e-04	6.868366e-04	7.495437e-04	8.150058e-04	8.833678e-04
	9.547767e-04	1.029203e-03	1.106197e-03	1.185061e-03	1.265491e-03
	1.347883e-03	1.432852e-03	1.520505e-03	1.610224e-03	1.701206e-03
	1.793183e-03	1.886616e-03	1.982193e-03	2.080185e-03	2.180421e-03
	2.282173e-03	2.385096e-03	2.488698e-03	2.592008e-03	2.693075e-03
	2.788708e-03	2.874043e-03	2.942017e-03	2.984127e-03	2.993219e-03
	2.966459e-03	2.905844e-03	2.816382e-03	2.703802e-03	2.573163e-03
	2.428391e-03	2.272502e-03	2.108087e-03	1.937813e-03	1.764766e-03
	1.592331e-03	1.423765e-03	1.262014e-03	1.109875e-03	9.696322e-04
	8.423265e-04	7.277231e-04	6.250297e-04	5.334847e-04	4.524056e-04
	3.810251e-04	3.184491e-04	2.637865e-04	2.163060e-04	1.754478e-04
	1.407014e-04	1.114936e-04	8.718927e-05	6.718024e-05	5.095007e-05
	3.803682e-05	2.796714e-05	2.025756e-05	1.445678e-05	1.016549e-05
	7.037615e-06	4.786478e-06	3.188724e-06	2.076371e-06	1.321520e-06
	8.232793e-07	5.022333e-07	2.990539e-07	1.723760e-07	9.489566e-08
	4.899409e-08	2.320333e-08	9.824577e-09	3.616118e-09	1.127775e-09
	2.941782e-10	6.506826e-11	1.277318e-11	2.383710e-12	4.554253e-13
	9.473135e-14	2.229502e-14	6.021952e-15	1.863016e-15	6.546730e-16
	2.592726e-16	1.154114e-16	5.801696e-17	3.316109e-17	2.141483e-17
	1.519030e-17	1.137356e-17	8.684251e-18	6.632212e-18	5.036059e-18
	3.786301e-18	2.788133e-18	1.980462e-18	1.338673e-18	8.564123e-19
	5.221895e-19	3.077058e-19	1.771334e-19	9.994297e-20	5.507749e-20
	2.943457e-20	1.509693e-20	7.287607e-21	3.157959e-21	1.046594e-21
	1.000000e-60
massfraction-C2H
	1.000000e-60	4.403762e-30	1.950721e-29	6.028143e-29	1.478196e-28
	3.340844e-28	7.140328e-28	1.463213e-27	2.999786e-27	6.253942e-27
	1.340713e-26	3.000176e-26	7.053644e-26	1.746302e-25	4.548312e-25
	1.241283e-24	3.525082e-24	1.032722e-23	3.091471e-23	9.364316e-23
	2.843775e-22	8.586239e-22	2.559211e-21	7.486877e-21	2.140364e-20
	5.961718e-20	1.615292e-19	4.256502e-19	1.092403e-18	2.737271e-18
	6.713550e-18	1.612622e-17	3.781042e-17	8.615671e-17	1.909903e-16
	4.151263e-16	8.926050e-16	1.905614e-15	4.029967e-15	8.415297e-15
	1.737664e-14	3.572211e-14	7.369675e-14	1.532980e-13	3.218685e-13
	6.822706e-13	1.463173e-12	3.185959e-12	7.064874e-12	1.596612e-11
	3.672012e-11	8.554457e-11	1.993882e-10	4.547986e-10	9.893679e-10
	2.016022e-09	3.830181e-09	6.825298e-09	1.152982e-08	1.865740e-08
	2.916558e-08	4.431275e-08	6.569946e-08	9.526450e-08	1.351919e-07
	1.877656e-07	2.552400e-07	3.396413e-07	4.423115e-07	5.635939e-07
	7.032468e-07	8.611072e-07	1.037104e-06	1.230719e-06	1.440727e-06
	1.665470e-06	1.903215e-06	2.152013e-06	2.408938e-06	2.669400e-06
	2.927236e-06	3.175407e-06	3.406419e-06	3.611843e-06	3.781700e-06
	3.905233e-06	3.972811e-06	3.977255e-06	3.914465e-06	3.784010e-06
	3.589031e-06	3.335350e-06	3.031312e-06	2.688990e-06	2.325039e-06
	1.958612e-06	1.606911e-06	1.281859e-06	9.899564e-07	7.344083e-07
	5.172702e-07	3.405046e-07	2.053238e-07	1.106800e-07	5.195668e-08
	2.081397e-08	7.124975e-09	2.163984e-09	6.282038e-10	1.901004e-10
	6.356759e-11	2.373305e-11	9.674772e-12	4.177496e-12	1.860507e-12
	8.363172e-13	3.726806e-13	1.624694e-13	6.884348e-14	2.817941e-14
	1.087961e-14	3.764318e-15	1.111859e-15	2.836915e-16	6.738567e-17
	1.577094e-17	3.609267e-18	7.809578e-19	1.589460e-19	3.217169e-20
	7.170117e-21	1.909489e-21	6.189089e-22	2.365356e-22	1.011343e-22
	4.573654e-23	2.061706e-23	8.581437e-24	2.887628e-24	5.478280e-25
	1.000000e-60
massfraction-C2H2
	1.000000e-60	9.934570e-06	2.422692e-05	4.402924e-05	7.048120e-05
	1.047808e-04	1.481307e-04	2.016442e-04	2.663085e-04	3.429613e-04
	4.322817e-04	5.347931e-04	6.508726e-04	7.807666e-04	9.246078e-04
	1.082432e-03	1.254197e-03	1.439794e-03	1.639063e-03	1.851802e-03
	2.077777e-03	2.316734e-03	2.568401e-03	2.832506e-03	3.108792e-03
	3.397049e-03	3.697165e-03	4.009231e-03	4.333701e-03	4.671354e-03
	5.022985e-03	5.388534e-03	5.765915e-03	6.151853e-03	6.545041e-03
	6.947616e-03	7.362813e-03	7.791431e-03	8.230799e-03	8.677383e-03
	9.130364e-03	9.592613e-03	1.006835e-02	1.056008e-02	1.106853e-02
	1.159216e-02	1.213215e-02	1.269023e-02	1.326763e-02	1.386334e-02
	1.447381e-02	1.509186e-02	1.570321e-02	1.628549e-02	1.681414e-02
	1.727215e-02	1.765435e-02	1.796483e-02	1.821194e-02	1.840432e-02
	1.854884e-02	1.864981e-02	1.870904e-02	1.872628e-02	1.869996e-02
	1.862808e-02	1.850877e-02	1.834074e-02	1.812407e-02	1.786079e-02
	1.755366e-02	1.720442e-02	1.681366e-02	1.638194e-02	1.591035e-02
	1.539977e-02	1.485000e-02	1.425979e-02	1.362831e-02	1.295669e-02
	1.224797e-02	1.150557e-02	1.073193e-02	9.929663e-03	9.104735e-03
	8.267732e-03	7.431338e-03	6.607763e-03	5.808780e-03	5.045535e-03
	4.326572e-03	3.657208e-03	3.041537e-03	2.484721e-03	1.992845e-03
	1.569851e-03	1.214754e-03	9.217673e-04	6.827294e-04	4.897113e-04
	3.363642e-04	2.180749e-04	1.311159e-04	7.160530e-05	3.477624e-05
	1.480994e-05	5.572725e-06	1.932541e-06	6.659482e-07	2.477980e-07
	1.048773e-07	5.072365e-08	2.735330e-08	1.598092e-08	9.898140e-09
	6.410325e-09	4.309881e-09	3.004332e-09	2.177517e-09	1.642515e-09
	1.279624e-09	1.013382e-09	8.027027e-10	6.309670e-10	4.922673e-10
	3.805843e-10	2.888202e-10	2.121182e-10	1.488311e-10	9.921808e-11
	6.322841e-11	3.900847e-11	2.353108e-11	1.391912e-11	8.044509e-12
	4.509335e-12	2.424989e-12	1.225794e-12	5.548001e-13	1.912353e-13
	1.000000e-60
massfraction-CHCO
	1.000000e-60	4.008999e-06	9.270720e-06	1.595089e-05	2.417056e-05
	3.404320e-05	4.566496e-05	5.909858e-05	7.437544e-05	9.149957e-05
	1.104529e-04	1.312005e-04	1.536956e-04	1.778839e-04	2.037070e-04
	2.311050e-04	2.600180e-04	2.903879e-04	3.221587e-04	3.552771e-04
	3.896924e-04	4.253572e-04	4.622274e-04	5.002628e-04	5.394292e-04
	5.797016e-04	6.210704e-04	6.635549e-04	7.072222e-04	7.521811e-04
	7.985391e-04	8.462903e-04	8.951693e-04	9.447685e-04	9.949425e-04
	1.045984e-03	1.098318e-03	1.152056e-03	1.206877e-03	1.262362e-03
	1.318433e-03	1.375472e-03	1.434019e-03	1.494406e-03	1.556756e-03
	1.620893e-03	1.687013e-03	1.755374e-03	1.826190e-03	1.899411e-03
	1.974700e-03	2.051290e-03	2.127557e-03	2.200865e-03	2.268263e-03
	2.327691e-03	2.378526e-03	2.421284e-03	2.457037e-03	2.486918e-03
	2.511880e-03	2.532594e-03	2.549442e-03	2.562548e-03	2.571840e-03
	2.577136e-03	2.578221e-03	2.574888e-03	2.566999e-03	2.554553e-03
	2.537647e-03	2.516349e-03	2.490641e-03	2.460477e-03	2.425825e-03
	2.386615e-03	2.342661e-03	2.293633e-03	2.239170e-03	2.179001e-03
	2.112960e-03	2.040847e-03	1.962281e-03	1.876774e-03	1.784076e-03
	1.684403e-03	1.578296e-03	1.466416e-03	1.349632e-03	1.229103e-03
	1.106039e-03	9.815588e-04	8.569831e-04	7.343584e-04	6.166172e-04
	5.069269e-04	4.076812e-04	3.199818e-04	2.438744e-04	1.789671e-04
	1.249145e-04	8.159240e-05	4.886660e-05	2.618453e-05	1.223426e-05
	4.892105e-06	1.680661e-06	5.161389e-07	1.528819e-07	4.789333e-08
	1.701591e-08	6.988896e-09	3.243697e-09	1.642414e-09	8.808671e-10
	4.902171e-10	2.794960e-10	1.624888e-10	9.675218e-11	5.958377e-11
	3.818218e-11	2.538676e-11	1.733889e-11	1.196786e-11	8.196431e-12
	5.482434e-12	3.520912e-12	2.135343e-12	1.214427e-12	6.554936e-13
	3.461129e-13	1.844758e-13	1.009505e-13	5.681175e-14	3.261822e-14
	1.886884e-14	1.081131e-14	5.964546e-15	2.988985e-15	1.144284e-15
	1.000000e-60
massfraction-C3H3
	1.000000e-60	1.000000e-60	1.000000e-60	1.000000e-60	1.000000e-60
	1.000000e-60	1.172019e-28	1.000000e-60	1.000000e-60	6.658280e-27
	2.328236e-26	1.754173e-26	1.000000e-60	1.000000e-60	1.000000e-60
	1.000000e-60	1.000000e-60	7.621839e-26	4.718778e-25	2.174820e-24
	8.360007e-24	3.160269e-23	1.150412e-22	4.124093e-22	1.449964e-21
	4.998822e-21	1.688631e-20	5.595550e-20	1.822404e-19	5.850352e-19
	1.856157e-18	5.821864e-18	1.796922e-17	5.420054e-17	1.594765e-16
	4.606230e-16	1.317330e-15	3.741858e-15	1.051250e-14	2.904267e-14
	7.887836e-14	2.120582e-13	5.695973e-13	1.537764e-12	4.179736e-12
	1.142741e-11	3.148262e-11	8.774380e-11	2.482131e-10	7.127289e-10
	2.070346e-09	6.035390e-09	1.735827e-08	4.789772e-08	1.228137e-07
	2.858777e-07	5.994676e-07	1.139032e-06	1.987561e-06	3.234249e-06
	4.977896e-06	7.330829e-06	1.041908e-05	1.437525e-05	1.932166e-05
	2.535249e-05	3.252333e-05	4.083726e-05	5.021374e-05	6.048388e-05
	7.144785e-05	8.293076e-05	9.477333e-05	1.067904e-04	1.187617e-04
	1.304547e-04	1.416427e-04	1.520901e-04	1.615176e-04	1.695904e-04
	1.759483e-04	1.802459e-04	1.821659e-04	1.814125e-04	1.777428e-04
	1.710498e-04	1.614251e-04	1.491603e-04	1.347355e-04	1.187913e-04
	1.020384e-04	8.516973e-05	6.884706e-05	5.372008e-05	4.037972e-05
	2.922228e-05	2.034673e-05	1.358662e-05	8.633388e-06	5.151110e-06
	2.830864e-06	1.398584e-06	6.043086e-07	2.227117e-07	6.945891e-08
	1.886208e-08	4.720060e-09	1.120971e-09	2.492204e-10	5.129217e-11
	9.865154e-12	1.798111e-12	3.105907e-13	4.985175e-14	7.156335e-15
	8.675980e-16	8.221093e-17	5.587131e-18	2.645375e-19	1.178582e-20
	9.987783e-22	1.142230e-22	1.063491e-23	7.678862e-25	4.646154e-26
	2.460144e-27	1.112818e-28	4.347683e-30	1.683819e-31	7.548344e-33
	4.176340e-34	2.940627e-35	2.617374e-36	2.788822e-37	3.274217e-38
	3.862775e-39	4.351709e-40	3.986303e-41	8.552644e-43	3.931470e-44
	1.000000e-60
massfraction-C2H3
	1.000000e-60	2.148945e-18	4.756694e-18	7.897909e-18	1.171420e-17
	1.649113e-17	2.278379e-17	3.162620e-17	4.494038e-17	6.637601e-17
	1.031166e-16	1.698978e-16	2.982196e-16	5.580465e-16	1.110084e-15
	2.333770e-15	5.143446e-15	1.176996e-14	2.767827e-14	6.619695e-14
	1.594270e-13	3.831332e-13	9.113269e-13	2.130436e-12	4.865284e-12
	1.079891e-11	2.319881e-11	4.808435e-11	9.598507e-11	1.844093e-10
	3.409745e-10	6.064067e-10	1.035156e-09	1.693439e-09	2.661376e-09
	4.043170e-09	5.974678e-09	8.614441e-09	1.212283e-08	1.665719e-08
	2.240369e-08	2.962393e-08	3.866902e-08	4.994633e-08	6.389645e-08
	8.102420e-08	1.020682e-07	1.282625e-07	1.618077e-07	2.067135e-07
	2.703538e-07	3.659712e-07	5.159450e-07	7.547486e-07	1.129709e-06
	1.699677e-06	2.533717e-06	3.709916e-06	5.312004e-06	7.422104e-06
	1.011357e-05	1.344284e-05	1.743824e-05	2.208465e-05	2.730677e-05
	3.296559e-05	3.887288e-05	4.480741e-05	5.052430e-05	5.578758e-05
	6.041927e-05	6.431233e-05	6.740382e-05	6.965175e-05	7.103424e-05
	7.155287e-05	7.122700e-05	7.008442e-05	6.816135e-05	6.551233e-05
	6.221639e-05	5.836953e-05	5.407196e-05	4.942837e-05	4.456343e-05
	3.962530e-05	3.476264e-05	3.010143e-05	2.574084e-05	2.175134e-05
	1.816729e-05	1.499069e-05	1.220779e-05	9.803982e-06	7.765925e-06
	6.072701e-06	4.689517e-06	3.571404e-06	2.672475e-06	1.953707e-06
	1.385618e-06	9.470079e-07	6.207835e-07	3.899845e-07	2.359035e-07
	1.386900e-07	8.005295e-08	4.568602e-08	2.593074e-08	1.476812e-08
	8.531386e-09	5.038897e-09	3.045200e-09	1.871129e-09	1.155238e-09
	7.051066e-10	4.172824e-10	2.352241e-10	1.254620e-10	6.376874e-11
	3.092739e-11	1.390538e-11	5.542504e-12	1.940419e-12	6.246641e-13
	1.973134e-13	6.485212e-14	2.296565e-14	8.555690e-15	3.191336e-15
	1.171089e-15	4.255777e-16	1.538282e-16	5.494105e-17	1.908346e-17
	6.314790e-18	1.939290e-18	5.288866e-19	1.160009e-19	1.485026e-20
	1.000000e-60
massfraction-C2H4
	1.000000e-60	7.332926e-06	1.809474e-05	3.329118e-05	5.395618e-05
	8.120137e-05	1.161701e-04	1.599552e-04	2.135589e-04	2.778628e-04
	3.536114e-04	4.414055e-04	5.417049e-04	6.548366e-04	7.810071e-04
	9.203163e-04	1.072772e-03	1.238306e-03	1.416784e-03	1.608019e-03
	1.811784e-03	2.027820e-03	2.255848e-03	2.495582e-03	2.746744e-03
	3.009098e-03	3.282498e-03	3.566982e-03	3.862921e-03	4.170985e-03
	4.491859e-03	4.825448e-03	5.169810e-03	5.521921e-03	5.880555e-03
	6.247631e-03	6.626069e-03	7.016562e-03	7.416643e-03	7.823060e-03
	8.235033e-03	8.655126e-03	9.087100e-03	9.533122e-03	9.993676e-03
	1.046713e-02	1.095418e-02	1.145580e-02	1.197208e-02	1.250039e-02
	1.303466e-02	1.356363e-02	1.406714e-02	1.451547e-02	1.487683e-02
	1.512916e-02	1.526566e-02	1.529140e-02	1.521657e-02	1.505106e-02
	1.480210e-02	1.447395e-02	1.406913e-02	1.359017e-02	1.304166e-02
	1.243115e-02	1.176855e-02	1.106588e-02	1.033819e-02	9.602144e-03
	8.871383e-03	8.153905e-03	7.454197e-03	6.776334e-03	6.124516e-03
	5.501863e-03	4.909688e-03	4.348301e-03	3.818648e-03	3.323007e-03
	2.864064e-03	2.443471e-03	2.061373e-03	1.717369e-03	1.411682e-03
	1.144827e-03	9.162531e-04	7.238864e-04	5.647000e-04	4.351220e-04
	3.311235e-04	2.485909e-04	1.838343e-04	1.338059e-04	9.594926e-05
	6.792873e-05	4.754963e-05	3.287536e-05	2.235354e-05	1.484052e-05
	9.532832e-06	5.869147e-06	3.436010e-06	1.905558e-06	1.005940e-06
	5.137665e-07	2.598172e-07	1.323186e-07	6.828715e-08	3.586124e-08
	1.929990e-08	1.071873e-08	6.157083e-09	3.649403e-09	2.221744e-09
	1.382664e-09	8.769210e-10	5.675584e-10	3.776358e-10	2.605705e-10
	1.866465e-10	1.375350e-10	1.030173e-10	7.782454e-11	5.906384e-11
	4.474417e-11	3.339773e-11	2.416537e-11	1.671215e-11	1.097957e-11
	6.893437e-12	4.189295e-12	2.489307e-12	1.450544e-12	8.259130e-13
	4.561559e-13	2.417615e-13	1.205004e-13	5.382330e-14	1.833293e-14
	1.000000e-60
massfraction-C2H5
	1.000000e-60	1.016991e-10	2.538804e-10	4.728017e-10	7.757837e-10
	1.181894e-09	1.711257e-09	2.383752e-09	3.218278e-09	4.232173e-09
	5.440834e-09	6.857516e-09	8.493306e-09	1.035723e-08	1.245646e-08
	1.479662e-08	1.738212e-08	2.021658e-08	2.330330e-08	2.664580e-08
	3.024842e-08	3.411701e-08	3.825973e-08	4.268802e-08	4.741769e-08
	5.247048e-08	5.787597e-08	6.367491e-08	6.992391e-08	7.669754e-08
	8.408478e-08	9.217139e-08	1.010076e-07	1.106131e-07	1.210475e-07
	1.324636e-07	1.450639e-07	1.589915e-07	1.742611e-07	1.908035e-07
	2.085844e-07	2.276580e-07	2.480789e-07	2.697495e-07	2.923961e-07
	3.156656e-07	3.395213e-07	3.646507e-07	3.932081e-07	4.298825e-07
	4.832020e-07	5.667667e-07	7.000431e-07	9.082669e-07	1.221092e-06
	1.670741e-06	2.290166e-06	3.110012e-06	4.153480e-06	5.430012e-06
	6.931321e-06	8.628736e-06	1.047097e-05	1.238296e-05	1.426824e-05
	1.601992e-05	1.753709e-05	1.873739e-05	1.956498e-05	1.999930e-05
	2.005551e-05	1.977078e-05	1.919001e-05	1.836104e-05	1.733360e-05
	1.615610e-05	1.487149e-05	1.351671e-05	1.212623e-05	1.073494e-05
	9.376449e-06	8.078483e-06	6.860679e-06	5.737248e-06	4.721106e-06
	3.823261e-06	3.048564e-06	2.394393e-06	1.853031e-06	1.413566e-06
	1.062682e-06	7.863147e-07	5.716267e-07	4.078538e-07	2.858468e-07
	1.972239e-07	1.341850e-07	8.994947e-08	5.916047e-08	3.791278e-08
	2.347562e-08	1.393986e-08	7.907467e-09	4.301636e-09	2.281964e-09
	1.216449e-09	6.723928e-10	3.906195e-10	2.372071e-10	1.492943e-10
	9.704639e-11	6.505070e-11	4.476557e-11	3.137309e-11	2.215812e-11
	1.558422e-11	1.078042e-11	7.257582e-12	4.730431e-12	2.985137e-12
	1.817419e-12	1.045979e-12	5.448527e-13	2.471697e-13	9.937628e-14
	3.718761e-14	1.341400e-14	4.789178e-15	1.735815e-15	6.500315e-16
	2.536493e-16	1.030955e-16	4.327451e-17	1.850439e-17	7.937388e-18
	3.369932e-18	1.400647e-18	5.617244e-19	2.096465e-19	6.301313e-20
	1.000000e-60
massfraction-C3H4
	1.000000e-60	5.759262e-08	1.497722e-07	2.911931e-07	4.991918e-07
	7.943493e-07	1.200112e-06	1.741736e-06	2.445420e-06	3.337418e-06
	4.443237e-06	5.786970e-06	7.390783e-06	9.274564e-06	1.145572e-05
	1.394909e-05	1.676693e-05	1.991905e-05	2.341286e-05	2.725358e-05
	3.144440e-05	3.598670e-05	4.088025e-05	4.612357e-05	5.171439e-05
	5.765039e-05	6.393049e-05	7.055731e-05	7.754086e-05	8.489828e-05
	9.264728e-05	1.007865e-04	1.092680e-04	1.180147e-04	1.269923e-04
	1.362446e-04	1.458422e-04	1.557999e-04	1.660514e-04	1.765081e-04
	1.871444e-04	1.980211e-04	2.092308e-04	2.208254e-04	2.328122e-04
	2.451475e-04	2.578462e-04	2.709350e-04	2.844265e-04	2.982776e-04
	3.123842e-04	3.265578e-04	3.404510e-04	3.535438e-04	3.652862e-04
	3.753181e-04	3.835584e-04	3.901399e-04	3.952957e-04	3.992679e-04
	4.022631e-04	4.044376e-04	4.058998e-04	4.067209e-04	4.069478e-04
	4.066157e-04	4.057541e-04	4.043893e-04	4.025497e-04	4.002699e-04
	3.975789e-04	3.944858e-04	3.909788e-04	3.870356e-04	3.826288e-04
	3.777196e-04	3.722482e-04	3.661319e-04	3.592767e-04	3.515942e-04
	3.430052e-04	3.334256e-04	3.227502e-04	3.108649e-04	2.976999e-04
	2.832730e-04	2.676780e-04	2.510550e-04	2.335978e-04	2.155532e-04
	1.971703e-04	1.786630e-04	1.602415e-04	1.421793e-04	1.248319e-04
	1.085510e-04	9.356145e-05	7.990801e-05	6.749697e-05	5.618367e-05
	4.584616e-05	3.643296e-05	2.796865e-05	2.053938e-05	1.427203e-05
	9.288768e-06	5.636671e-06	3.207314e-06	1.740806e-06	9.235575e-07
	4.905648e-07	2.653677e-07	1.472321e-07	8.371830e-08	4.854217e-08
	2.850556e-08	1.683861e-08	9.967026e-09	5.924455e-09	3.559051e-09
	2.167975e-09	1.334821e-09	8.288854e-10	5.215195e-10	3.339736e-10
	2.163125e-10	1.391049e-10	8.688673e-11	5.183225e-11	2.937864e-11
	1.596737e-11	8.451220e-12	4.402736e-12	2.262087e-12	1.140472e-12
	5.596062e-13	2.644295e-13	1.180854e-13	4.761002e-14	1.480130e-14
	1.000000e-60
massfraction-C3H5
	1.000000e-60	7.260866e-09	1.902740e-08	3.729554e-08	6.446852e-08
	1.034387e-07	1.575460e-07	2.304414e-07	3.259660e-07	4.480247e-07
	6.004653e-07	7.869738e-07	1.010991e-06	1.275650e-06	1.583738e-06
	1.937671e-06	2.339486e-06	2.790851e-06	3.293072e-06	3.847114e-06
	4.453624e-06	5.112961e-06	5.825228e-06	6.590321e-06	7.407994e-06
	8.277979e-06	9.200172e-06	1.017499e-05	1.120395e-05	1.228960e-05
	1.343457e-05	1.463868e-05	1.589483e-05	1.719156e-05	1.852368e-05
	1.989764e-05	2.132384e-05	2.280444e-05	2.432947e-05	2.588565e-05
	2.746903e-05	2.908849e-05	3.075767e-05	3.248407e-05	3.426843e-05
	3.610387e-05	3.799190e-05	3.993551e-05	4.193490e-05	4.398096e-05
	4.605387e-05	4.811901e-05	5.011682e-05	5.196510e-05	5.358872e-05
	5.495686e-05	5.608830e-05	5.702619e-05	5.781085e-05	5.846563e-05
	5.899528e-05	5.938862e-05	5.962254e-05	5.966657e-05	5.948888e-05
	5.906333e-05	5.837456e-05	5.742101e-05	5.621862e-05	5.480077e-05
	5.320769e-05	5.147446e-05	4.962965e-05	4.770055e-05	4.571466e-05
	4.369584e-05	4.166091e-05	3.962096e-05	3.758702e-05	3.557358e-05
	3.359619e-05	3.166581e-05	2.978580e-05	2.795548e-05	2.617694e-05
	2.445628e-05	2.279813e-05	2.120242e-05	1.966704e-05	1.818968e-05
	1.676575e-05	1.538797e-05	1.405017e-05	1.275259e-05	1.150368e-05
	1.031521e-05	9.194490e-06	8.139982e-06	7.142520e-06	6.190016e-06
	5.272254e-06	4.385166e-06	3.532878e-06	2.728760e-06	1.996195e-06
	1.365927e-06	8.672089e-07	5.116632e-07	2.844398e-07	1.524293e-07
	8.067928e-08	4.296414e-08	2.322221e-08	1.274486e-08	7.070867e-09
	3.939328e-09	2.189794e-09	1.212423e-09	6.744131e-10	3.841152e-10
	2.285089e-10	1.435586e-10	9.517743e-11	6.574109e-11	4.642235e-11
	3.287549e-11	2.286773e-11	1.529699e-11	9.675362e-12	5.747959e-12
	3.232731e-12	1.748862e-12	9.216548e-13	4.752210e-13	2.390106e-13
	1.164796e-13	5.449650e-14	2.405047e-14	9.576204e-15	2.941757e-15
	1.000000e-60
massfraction-C3H6
	1.000000e-60	7.697187e-08	2.036295e-07	4.031762e-07	7.041476e-07
	1.141469e-06	1.756147e-06	2.593795e-06	3.703243e-06	5.134976e-06
	6.939593e-06	9.166387e-06	1.186216e-05	1.507029e-05	1.883004e-05
	2.317616e-05	2.813862e-05	3.374257e-05	4.000838e-05	4.695185e-05
	5.458440e-05	6.291343e-05	7.194270e-05	8.167297e-05	9.210279e-05
	1.032301e-04	1.150545e-04	1.275821e-04	1.408327e-04	1.548397e-04
	1.696370e-04	1.852220e-04	2.015020e-04	2.183267e-04	2.356263e-04
	2.534818e-04	2.720257e-04	2.912825e-04	3.111183e-04	3.313560e-04
	3.519386e-04	3.729759e-04	3.946378e-04	4.170124e-04	4.400967e-04
	4.637849e-04	4.880725e-04	5.129608e-04	5.383929e-04	5.641522e-04
	5.898131e-04	6.146325e-04	6.373431e-04	6.561393e-04	6.691434e-04
	6.751440e-04	6.739516e-04	6.661681e-04	6.527003e-04	6.343941e-04
	6.118891e-04	5.856382e-04	5.560071e-04	5.233942e-04	4.883362e-04
	4.515211e-04	4.137150e-04	3.757176e-04	3.383872e-04	3.025422e-04
	2.687372e-04	2.371962e-04	2.079627e-04	1.810544e-04	1.564835e-04
	1.342114e-04	1.141331e-04	9.611653e-05	8.005754e-05	6.589156e-05
	5.355695e-05	4.295558e-05	3.394996e-05	2.639469e-05	2.016238e-05
	1.513181e-05	1.116302e-05	8.097900e-06	5.778535e-06	4.057927e-06
	2.803482e-06	1.902261e-06	1.264632e-06	8.224004e-07	5.233966e-07
	3.265910e-07	1.999512e-07	1.197694e-07	6.964892e-08	3.883489e-08
	2.042191e-08	9.933735e-09	4.374251e-09	1.704639e-09	5.761834e-10
	1.671428e-10	4.201401e-11	9.480202e-12	2.033524e-12	4.435457e-13
	1.046814e-13	2.796992e-14	8.654380e-15	3.109988e-15	1.284349e-15
	5.989026e-16	3.100066e-16	1.770499e-16	1.132186e-16	8.327038e-17
	7.033117e-17	6.450073e-17	5.918450e-17	5.134640e-17	4.177730e-17
	3.233440e-17	2.393572e-17	1.682457e-17	1.109541e-17	6.813981e-18
	3.916033e-18	2.137420e-18	1.124175e-18	5.740727e-19	2.845978e-19
	1.363491e-19	6.263689e-20	2.713839e-20	1.061717e-20	3.210438e-21
	1.000000e-60
massfraction-N-C3H7
	1.000000e-60	1.121246e-11	2.970720e-11	5.891278e-11	1.030595e-10
	1.673385e-10	2.578603e-10	3.814403e-10	5.453935e-10	7.573026e-10
	1.024786e-09	1.355283e-09	1.755875e-09	2.233138e-09	2.793042e-09
	3.440876e-09	4.181206e-09	5.017864e-09	5.953933e-09	6.991762e-09
	8.132953e-09	9.378344e-09	1.072794e-08	1.218076e-08	1.373452e-08
	1.538499e-08	1.712489e-08	1.894169e-08	2.081377e-08	2.270172e-08
	2.453268e-08	2.617684e-08	2.742729e-08	2.801469e-08	2.766411e-08
	2.617290e-08	2.353351e-08	2.009595e-08	1.654841e-08	1.352648e-08
	1.124257e-08	9.573418e-09	8.335810e-09	7.405784e-09	6.710591e-09
	6.201649e-09	5.845620e-09	5.621399e-09	5.519719e-09	5.541914e-09
	5.700002e-09	6.017676e-09	6.529100e-09	7.272551e-09	8.282758e-09
	9.590518e-09	1.122562e-08	1.320787e-08	1.552644e-08	1.812441e-08
	2.090046e-08	2.371923e-08	2.642277e-08	2.884302e-08	3.081872e-08
	3.221915e-08	3.296441e-08	3.303256e-08	3.245933e-08	3.133215e-08
	2.976674e-08	2.787718e-08	2.576304e-08	2.351246e-08	2.120379e-08
	1.890152e-08	1.665341e-08	1.449397e-08	1.245214e-08	1.055516e-08
	8.825529e-09	7.276053e-09	5.909115e-09	4.721367e-09	3.708505e-09
	2.864334e-09	2.177085e-09	1.629445e-09	1.201708e-09	8.738940e-10
	6.266604e-10	4.425910e-10	3.073045e-10	2.095363e-10	1.404070e-10
	9.263131e-11	6.021341e-11	3.846863e-11	2.399046e-11	1.444500e-11
	8.275161e-12	4.432098e-12	2.175187e-12	9.568863e-13	3.694943e-13
	1.236389e-13	3.608058e-14	9.479545e-15	2.365420e-15	5.966334e-16
	1.609175e-16	4.832856e-17	1.653887e-17	6.524794e-18	2.989896e-18
	1.603623e-18	1.018010e-18	7.805391e-19	7.483326e-19	9.351836e-19
	1.561458e-18	3.389522e-18	6.638651e-18	7.426816e-18	6.048383e-18
	4.431167e-18	3.090806e-18	2.052844e-18	1.283224e-18	7.509832e-19
	4.150725e-19	2.203191e-19	1.138097e-19	5.748407e-20	2.830799e-20
	1.350353e-20	6.183852e-21	2.672391e-21	1.043175e-21	3.148285e-22
	1.000000e-60
massfraction-I-C3H7
	1.000000e-60	1.614914e-10	4.278696e-10	8.485208e-10	1.484388e-09
	2.410275e-09	3.714259e-09	5.494627e-09	7.856950e-09	1.091078e-08
	1.476636e-08	1.953164e-08	2.530975e-08	3.219712e-08	4.028217e-08
	4.964459e-08	6.035526e-08	7.247663e-08	8.606356e-08	1.011647e-07
	1.178242e-07	1.360839e-07	1.559862e-07	1.775767e-07	2.009088e-07
	2.260479e-07	2.530776e-07	2.821096e-07	3.132964e-07	3.468202e-07
	3.828401e-07	4.213484e-07	4.619434e-07	5.037757e-07	5.457383e-07
	5.864107e-07	6.234237e-07	6.526945e-07	6.684228e-07	6.643249e-07
	6.355686e-07	5.807987e-07	5.044777e-07	4.183705e-07	3.379657e-07
	2.737039e-07	2.266931e-07	1.929217e-07	1.685141e-07	1.510703e-07
	1.392101e-07	1.321754e-07	1.296311e-07	1.314619e-07	1.375842e-07
	1.478905e-07	1.622645e-07	1.804498e-07	2.018124e-07	2.252304e-07
	2.491986e-07	2.720134e-07	2.919435e-07	3.073927e-07	3.170836e-07
	3.202573e-07	3.167786e-07	3.071037e-07	2.921978e-07	2.733796e-07
	2.520159e-07	2.292524e-07	2.059750e-07	1.828976e-07	1.605967e-07
	1.394873e-07	1.198182e-07	1.017221e-07	8.528835e-08	7.059245e-08
	5.767133e-08	4.649084e-08	3.694960e-08	2.891882e-08	2.227589e-08
	1.689708e-08	1.263518e-08	9.322956e-09	6.793981e-09	4.894443e-09
	3.486533e-09	2.453399e-09	1.702694e-09	1.164542e-09	7.856794e-10
	5.238986e-10	3.455156e-10	2.247980e-10	1.433153e-10	8.857319e-11
	5.231295e-11	2.902217e-11	1.482331e-11	6.815369e-12	2.759909e-12
	9.708468e-13	2.983337e-13	8.263112e-14	2.173907e-14	5.767966e-15
	1.625878e-15	5.040568e-16	1.746075e-16	6.782995e-17	2.954875e-17
	1.447841e-17	8.075520e-18	5.253288e-18	4.063507e-18	3.481118e-18
	2.635292e-18	1.543357e-18	7.566345e-19	3.530757e-19	1.714275e-19
	8.917834e-20	4.897784e-20	2.753303e-20	1.534487e-20	8.269317e-21
	4.266438e-21	2.115805e-21	1.015911e-21	4.735995e-22	2.137247e-22
	9.287548e-23	3.863237e-23	1.520501e-23	5.469645e-24	1.558621e-24
	1.000000e-60
massfraction-C3H8
	1.000000e+00	9.990144e-01	9.976900e-01	9.959674e-01	9.937965e-01
	9.911270e-01	9.879124e-01	9.841143e-01	9.797036e-01	9.746595e-01
	9.689690e-01	9.626257e-01	9.556284e-01	9.479800e-01	9.396867e-01
	9.307566e-01	9.211997e-01	9.110270e-01	9.002500e-01	8.888810e-01
	8.769321e-01	8.644160e-01	8.513447e-01	8.377302e-01	8.235827e-01
	8.089100e-01	7.937147e-01	7.779889e-01	7.617069e-01	7.448271e-01
	7.273074e-01	7.091484e-01	6.904510e-01	6.713734e-01	6.519757e-01
	6.321485e-01	6.117291e-01	5.906751e-01	5.691141e-01	5.472159e-01
	5.250163e-01	5.023706e-01	4.790682e-01	4.549829e-01	4.301226e-01
	4.044579e-01	3.779748e-01	3.505815e-01	3.222090e-01	2.928975e-01
	2.628100e-01	2.322876e-01	2.020190e-01	1.730905e-01	1.466898e-01
	1.236170e-01	1.040699e-01	8.777619e-02	7.423757e-02	6.292930e-02
	5.339233e-02	4.526596e-02	3.828489e-02	3.226221e-02	2.706893e-02
	2.260856e-02	1.879785e-02	1.556237e-02	1.283914e-02	1.056920e-02
	8.687997e-03	7.128828e-03	5.833364e-03	4.756181e-03	3.861747e-03
	3.120242e-03	2.505834e-03	1.996986e-03	1.576890e-03	1.232571e-03
	9.531642e-04	7.286938e-04	5.499527e-04	4.090137e-04	2.994548e-04
	2.158792e-04	1.533648e-04	1.074310e-04	7.424201e-05	5.064478e-05
	3.409495e-05	2.261646e-05	1.474918e-05	9.444839e-06	5.944862e-06
	3.686620e-06	2.254915e-06	1.356764e-06	7.970784e-07	4.517101e-07
	2.429753e-07	1.216746e-07	5.546736e-08	2.244845e-08	7.870295e-09
	2.351265e-09	6.008986e-10	1.354873e-10	2.843015e-11	5.906585e-12
	1.282499e-12	3.015385e-13	7.783889e-14	2.202110e-14	6.765668e-15
	2.233862e-15	7.872322e-16	2.968746e-16	1.215665e-16	5.501021e-17
	2.764826e-17	1.525469e-17	9.068132e-18	5.702471e-18	3.727475e-18
	2.482174e-18	1.642838e-18	1.054053e-18	6.428516e-19	3.695870e-19
	2.016837e-19	1.060720e-19	5.442081e-20	2.734320e-20	1.340829e-20
	6.373482e-21	2.909856e-21	1.254201e-21	4.884631e-22	1.471339e-22
	1.000000e-60
V [kg/(s*m^2)]
	3.359853e-01	3.214901e-01	3.072014e-01	2.933590e-01	2.801194e-01
	2.675186e-01	2.555456e-01	2.441788e-01	2.333888e-01	2.231404e-01
	2.133951e-01	2.041125e-01	1.952525e-01	1.867755e-01	1.786443e-01
	1.708238e-01	1.632816e-01	1.559882e-01	1.489168e-01	1.420438e-01
	1.353476e-01	1.288094e-01	1.224123e-01	1.161412e-01	1.099823e-01
	1.039224e-01	9.794795e-02	9.204344e-02	8.618894e-02	8.036173e-02
	7.454185e-02	6.872530e-02	6.293895e-02	5.722299e-02	5.158415e-02
	4.598040e-02	4.035920e-02	3.470497e-02	2.904738e-02	2.342355e-02
	1.783337e-02	1.223150e-02	6.558754e-03	7.784265e-04	-5.119110e-03
	-1.113907e-02	-1.730174e-02	-2.364278e-02	-3.019630e-02	-3.697648e-02
	-4.397595e-02	-5.115303e-02	-5.838815e-02	-6.546046e-02	-7.210135e-02
	-7.810416e-02	-8.338623e-02	-8.797487e-02	-9.196058e-02	-9.545219e-02
	-9.855283e-02	-1.013484e-01	-1.039048e-01	-1.062691e-01	-1.084720e-01
	-1.105339e-01	-1.124707e-01	-1.142948e-01	-1.160126e-01	-1.176269e-01
	-1.191455e-01	-1.205829e-01	-1.219556e-01	-1.232759e-01	-1.245530e-01
	-1.257951e-01	-1.270118e-01	-1.282136e-01	-1.294088e-01	-1.306017e-01
	-1.317943e-01	-1.329892e-01	-1.341916e-01	-1.354074e-01	-1.366388e-01
	-1.378831e-01	-1.391358e-01	-1.403941e-01	-1.416556e-01	-1.429186e-01
	-1.441838e-01	-1.454566e-01	-1.467441e-01	-1.480498e-01	-1.493707e-01
	-1.507005e-01	-1.520369e-01	-1.533880e-01	-1.547746e-01	-1.562285e-01
	-1.577906e-01	-1.595095e-01	-1.614423e-01	-1.636564e-01	-1.662274e-01
	-1.692279e-01	-1.726989e-01	-1.766210e-01	-1.809044e-01	-1.854104e-01
	-1.899988e-01	-1.945719e-01	-1.991006e-01	-2.036161e-01	-2.081900e-01
	-2.129232e-01	-2.179412e-01	-2.233729e-01	-2.293077e-01	-2.357818e-01
	-2.428476e-01	-2.506332e-01	-2.592096e-01	-2.684005e-01	-2.779055e-01
	-2.876592e-01	-2.979632e-01	-3.092854e-01	-3.220074e-01	-3.361996e-01
	-3.515137e-01	-3.674164e-01	-3.835284e-01	-3.997315e-01	-4.160934e-01
	-4.327236e-01	-4.496907e-01	-4.670209e-01	-4.846866e-01	-5.025458e-01
	-5.204228e-01
density [kg/m^3]
	1.767629e+00	1.765041e+00	1.761589e+00	1.757000e+00	1.750947e+00
	1.743018e+00	1.732740e+00	1.719606e+00	1.703120e+00	1.682835e+00
	1.658404e+00	1.629622e+00	1.596454e+00	1.559053e+00	1.517748e+00
	1.473022e+00	1.425472e+00	1.375763e+00	1.324582e+00	1.272597e+00
	1.220421e+00	1.168598e+00	1.117583e+00	1.067742e+00	1.019354e+00
	9.726142e-01	9.276408e-01	8.844758e-01	8.430863e-01	8.033920e-01
	7.653152e-01	7.288652e-01	6.942086e-01	6.615361e-01	6.308059e-01
	6.017172e-01	5.739555e-01	5.474196e-01	5.222120e-01	4.984353e-01
	4.760158e-01	4.547157e-01	4.342862e-01	4.145964e-01	3.956041e-01
	3.773433e-01	3.597408e-01	3.427223e-01	3.262427e-01	3.103184e-01
	2.950140e-01	2.804504e-01	2.668584e-01	2.545679e-01	2.438743e-01
	2.348804e-01	2.274739e-01	2.214142e-01	2.164275e-01	2.122675e-01
	2.087353e-01	2.056807e-01	2.029950e-01	2.006024e-01	1.984518e-01
	1.965071e-01	1.947401e-01	1.931284e-01	1.916568e-01	1.903145e-01
	1.890876e-01	1.879584e-01	1.869097e-01	1.859289e-01	1.850072e-01
	1.841374e-01	1.833123e-01	1.825252e-01	1.817720e-01	1.810521e-01
	1.803671e-01	1.797188e-01	1.791087e-01	1.785390e-01	1.780151e-01
	1.775454e-01	1.771388e-01	1.768037e-01	1.765475e-01	1.763778e-01
	1.763009e-01	1.763234e-01	1.764532e-01	1.766988e-01	1.770661e-01
	1.775567e-01	1.781693e-01	1.789051e-01	1.797739e-01	1.807975e-01
	1.820115e-01	1.834651e-01	1.852233e-01	1.873702e-01	1.900105e-01
	1.932658e-01	1.972524e-01	2.020531e-01	2.076923e-01	2.141308e-01
	2.212942e-01	2.291239e-01	2.376394e-01	2.469695e-01	2.573614e-01
	2.692070e-01	2.830829e-01	2.997528e-01	3.200605e-01	3.448327e-01
	3.750856e-01	4.123203e-01	4.577981e-01	5.109410e-01	5.693654e-01
	6.312684e-01	6.968079e-01	7.666627e-01	8.397908e-01	9.120335e-01
	9.771378e-01	1.030394e+00	1.070776e+00	1.099911e+00	1.120280e+00
	1.134158e+00	1.143369e+00	1.149319e+00	1.153056e+00	1.155331e+00
	1.156679e+00
cp [J/m^3K]
	1.677129e+03	1.677381e+03	1.677813e+03	1.678573e+03	1.679871e+03
	1.681986e+03	1.685264e+03	1.690101e+03	1.696926e+03	1.706168e+03
	1.718230e+03	1.733458e+03	1.752112e+03	1.774350e+03	1.800215e+03
	1.829630e+03	1.862410e+03	1.898263e+03	1.936816e+03	1.977624e+03
	2.020195e+03	2.064007e+03	2.108524e+03	2.153213e+03	2.197555e+03
	2.241061e+03	2.283280e+03	2.323812e+03	2.362317e+03	2.398496e+03
	2.432037e+03	2.462555e+03	2.489567e+03	2.512655e+03	2.531667e+03
	2.546645e+03	2.557583e+03	2.564340e+03	2.566770e+03	2.564866e+03
	2.558719e+03	2.548350e+03	2.533633e+03	2.514373e+03	2.490517e+03
	2.459694e+03	2.421154e+03	2.377940e+03	2.329694e+03	2.276235e+03
	2.217654e+03	2.154498e+03	2.088251e+03	2.021629e+03	1.958008e+03
	1.900151e+03	1.849392e+03	1.805736e+03	1.768392e+03	1.736310e+03
	1.708475e+03	1.684043e+03	1.662371e+03	1.643006e+03	1.625640e+03
	1.610058e+03	1.596080e+03	1.583548e+03	1.572347e+03	1.562374e+03
	1.553496e+03	1.545548e+03	1.538370e+03	1.531839e+03	1.525862e+03
	1.520357e+03	1.515245e+03	1.510453e+03	1.505925e+03	1.501623e+03
	1.497522e+03	1.493594e+03	1.489807e+03	1.486127e+03	1.482534e+03
	1.479025e+03	1.475599e+03	1.472251e+03	1.468974e+03	1.465763e+03
	1.462605e+03	1.459479e+03	1.456358e+03	1.453228e+03	1.450088e+03
	1.446944e+03	1.443791e+03	1.440600e+03	1.437313e+03	1.433844e+03
	1.430081e+03	1.425888e+03	1.421101e+03	1.415519e+03	1.408906e+03
	1.401016e+03	1.391676e+03	1.380872e+03	1.368795e+03	1.355803e+03
	1.342295e+03	1.328573e+03	1.314753e+03	1.300772e+03	1.286440e+03
	1.271472e+03	1.255513e+03	1.238223e+03	1.219445e+03	1.199215e+03
	1.175313e+03	1.148371e+03	1.121218e+03	1.096899e+03	1.077166e+03
	1.061801e+03	1.049677e+03	1.039849e+03	1.031819e+03	1.025413e+03
	1.020544e+03	1.017026e+03	1.014571e+03	1.012886e+03	1.011738e+03
	1.010961e+03	1.010440e+03	1.010095e+03	1.009870e+03	1.009726e+03
	1.009633e+03
lambda [W/m]
	1.571348e-02	1.575362e-02	1.580460e-02	1.587002e-02	1.595464e-02
	1.606478e-02	1.620827e-02	1.639415e-02	1.663242e-02	1.693365e-02
	1.730862e-02	1.776782e-02	1.832115e-02	1.897749e-02	1.974445e-02
	2.062814e-02	2.163306e-02	2.276195e-02	2.401584e-02	2.539405e-02
	2.689432e-02	2.851292e-02	3.024481e-02	3.208396e-02	3.402356e-02
	3.605644e-02	3.817564e-02	4.037526e-02	4.265165e-02	4.500315e-02
	4.742792e-02	4.991795e-02	5.245182e-02	5.500141e-02	5.755324e-02
	6.011673e-02	6.270762e-02	6.532571e-02	6.795043e-02	7.055812e-02
	7.314270e-02	7.571911e-02	7.830797e-02	8.091828e-02	8.354493e-02
	8.613334e-02	8.866662e-02	9.122916e-02	9.382300e-02	9.644096e-02
	9.906693e-02	1.016729e-01	1.042067e-01	1.065898e-01	1.087412e-01
	1.106125e-01	1.122001e-01	1.135334e-01	1.146559e-01	1.156112e-01
	1.164373e-01	1.171639e-01	1.178133e-01	1.184011e-01	1.189380e-01
	1.194315e-01	1.198873e-01	1.203099e-01	1.207020e-01	1.210653e-01
	1.214021e-01	1.217162e-01	1.220111e-01	1.222896e-01	1.225532e-01
	1.228031e-01	1.230404e-01	1.232661e-01	1.234805e-01	1.236826e-01
	1.238707e-01	1.240427e-01	1.241967e-01	1.243299e-01	1.244385e-01
	1.245179e-01	1.245630e-01	1.245692e-01	1.245320e-01	1.244473e-01
	1.243109e-01	1.241185e-01	1.238648e-01	1.235451e-01	1.231571e-01
	1.227020e-01	1.221820e-01	1.215968e-01	1.209399e-01	1.201974e-01
	1.193479e-01	1.183631e-01	1.172081e-01	1.158404e-01	1.142122e-01
	1.122761e-01	1.100040e-01	1.074037e-01	1.045281e-01	1.014641e-01
	9.830497e-02	9.512024e-02	9.193597e-02	8.873780e-02	8.548414e-02
	8.211426e-02	7.855508e-02	7.474090e-02	7.065153e-02	6.632420e-02
	6.171899e-02	5.690923e-02	5.210257e-02	4.760651e-02	4.365799e-02
	4.027233e-02	3.732207e-02	3.469626e-02	3.237016e-02	3.039321e-02
	2.882534e-02	2.766569e-02	2.684917e-02	2.628970e-02	2.591184e-02
	2.565990e-02	2.549470e-02	2.538847e-02	2.532161e-02	2.528054e-02
	2.525581e-02
mu [kg/s^2m]
	8.255382e-06	8.265138e-06	8.279151e-06	8.298899e-06	8.326147e-06
	8.363091e-06	8.412335e-06	8.476800e-06	8.559622e-06	8.664036e-06
	8.793229e-06	8.950199e-06	9.137617e-06	9.357721e-06	9.612238e-06
	9.902349e-06	1.022868e-05	1.059136e-05	1.099004e-05	1.142401e-05
	1.189229e-05	1.239368e-05	1.292689e-05	1.349063e-05	1.408368e-05
	1.470501e-05	1.535392e-05	1.603029e-05	1.673495e-05	1.746960e-05
	1.823615e-05	1.903481e-05	1.986155e-05	2.070980e-05	2.157740e-05
	2.246989e-05	2.339548e-05	2.435722e-05	2.535050e-05	2.636870e-05
	2.741130e-05	2.848643e-05	2.960587e-05	3.077797e-05	3.200611e-05
	3.329279e-05	3.464393e-05	3.606861e-05	3.757534e-05	3.916777e-05
	4.084353e-05	4.259029e-05	4.437421e-05	4.613345e-05	4.779228e-05
	4.929109e-05	5.060422e-05	5.173664e-05	5.271112e-05	5.355579e-05
	5.429744e-05	5.495833e-05	5.555557e-05	5.610143e-05	5.660416e-05
	5.706944e-05	5.750178e-05	5.790475e-05	5.828044e-05	5.863013e-05
	5.895598e-05	5.926152e-05	5.955045e-05	5.982550e-05	6.008851e-05
	6.034107e-05	6.058489e-05	6.082168e-05	6.105252e-05	6.127755e-05
	6.149628e-05	6.170815e-05	6.191287e-05	6.210994e-05	6.229793e-05
	6.247440e-05	6.263665e-05	6.278223e-05	6.290884e-05	6.301435e-05
	6.309699e-05	6.315530e-05	6.318764e-05	6.319219e-05	6.316747e-05
	6.311310e-05	6.302969e-05	6.291777e-05	6.277650e-05	6.260284e-05
	6.239114e-05	6.213319e-05	6.181817e-05	6.143223e-05	6.095867e-05
	6.037930e-05	5.967914e-05	5.885223e-05	5.790585e-05	5.686020e-05
	5.574141e-05	5.457179e-05	5.336074e-05	5.210309e-05	5.078186e-05
	4.936990e-05	4.783147e-05	4.613004e-05	4.424611e-05	4.218724e-05
	3.996896e-05	3.759967e-05	3.512985e-05	3.269602e-05	3.044499e-05
	2.842623e-05	2.660170e-05	2.492978e-05	2.341431e-05	2.210365e-05
	2.105120e-05	2.026646e-05	1.971140e-05	1.933041e-05	1.907325e-05
	1.890226e-05	1.879071e-05	1.871956e-05	1.867531e-05	1.864860e-05
	1.863292e-05
mDot_C3H8 [kg/m^3s]
	0.000000e+00	-3.812607e-12	-9.329985e-12	-1.788224e-11	-3.157373e-11
	-5.378820e-11	-8.998399e-11	-1.490627e-10	-2.458864e-10	-4.058992e-10
	-6.736532e-10	-1.128627e-09	-1.914746e-09	-3.295784e-09	-5.759763e-09
	-1.021636e-08	-1.837141e-08	-3.343999e-08	-6.151040e-08	-1.141635e-07
	-2.135118e-07	-4.018607e-07	-7.600451e-07	-1.441601e-06	-2.734859e-06
	-5.172517e-06	-9.719448e-06	-1.808820e-05	-3.326633e-05	-6.038659e-05
	-1.081168e-04	-1.906535e-04	-3.300128e-04	-5.587638e-04	-9.256978e-04
	-1.507647e-03	-2.426662e-03	-3.867573e-03	-6.094019e-03	-9.476544e-03
	-1.456297e-02	-2.221532e-02	-3.381147e-02	-5.150450e-02	-7.860789e-02
	-1.202885e-01	-1.848526e-01	-2.859637e-01	-4.462571e-01	-7.031222e-01
	-1.118387e+00	-1.792733e+00	-2.878959e+00	-4.579394e+00	-7.117326e+00
	-1.070418e+01	-1.552916e+01	-2.175411e+01	-2.947977e+01	-3.868806e+01
	-4.920625e+01	-6.069695e+01	-7.266550e+01	-8.448387e+01	-9.544232e+01
	-1.048492e+02	-1.121425e+02	-1.169575e+02	-1.191558e+02	-1.188412e+02
	-1.163101e+02	-1.119380e+02	-1.060983e+02	-9.914786e+01	-9.142585e+01
	-8.323462e+01	-7.482150e+01	-6.638449e+01	-5.809893e+01	-5.013418e+01
	-4.264243e+01	-3.573554e+01	-2.947768e+01	-2.390304e+01	-1.903704e+01
	-1.489214e+01	-1.144902e+01	-8.654361e+00	-6.435168e+00	-4.709483e+00
	-3.391768e+00	-2.400767e+00	-1.666831e+00	-1.133772e+00	-7.560179e-01
	-4.951142e-01	-3.186994e-01	-2.011129e-01	-1.235337e-01	-7.300333e-02
	-4.085083e-02	-2.122673e-02	-1.000783e-02	-4.169243e-03	-1.493998e-03
	-4.514182e-04	-1.149682e-04	-2.534825e-05	-5.089293e-06	-9.892864e-07
	-1.967714e-07	-4.157147e-08	-9.467631e-09	-2.318032e-09	-6.027203e-10
	-1.637724e-10	-4.580554e-11	-1.309076e-11	-3.849685e-12	-1.184193e-12
	-3.842946e-13	-1.303951e-13	-4.574669e-14	-1.672015e-14	-6.508469e-15
	-2.708159e-15	-1.169218e-15	-5.014359e-16	-2.060137e-16	-7.982295e-17
	-2.943163e-17	-1.053168e-17	-3.702095e-18	-1.276257e-18	-4.258676e-19
	-1.349561e-19	-3.961393e-20	-1.031793e-20	-2.161639e-21	-2.634692e-22
	0.000000e+00
ScalarDissRate [1/s]
	9.704648e-05	1.887944e-04	5.803903e-04	1.666574e-03	4.440956e-03
	1.099477e-02	2.537702e-02	5.481122e-02	1.112434e-01	2.130827e-01
	3.869105e-01	6.688804e-01	1.105547e+00	1.753918e+00	2.680637e+00
	3.960285e+00	5.672912e+00	7.900948e+00	1.072568e+01	1.422354e+01
	1.846230e+01	2.349760e+01	2.936971e+01	3.610100e+01	4.369422e+01
	5.213199e+01	6.137775e+01	7.137928e+01	8.207443e+01	9.339048e+01
	1.052328e+02	1.174545e+02	1.298226e+02	1.420597e+02	1.539563e+02
	1.654048e+02	1.763092e+02	1.864907e+02	1.956988e+02	2.037095e+02
	2.103943e+02	2.156910e+02	2.195294e+02	2.218107e+02	2.223643e+02
	2.211074e+02	2.179863e+02	2.129594e+02	2.060602e+02	1.973376e+02
	1.869349e+02	1.751302e+02	1.624158e+02	1.495218e+02	1.372546e+02
	1.262159e+02	1.166603e+02	1.085519e+02	1.016989e+02	9.586788e+01
	9.084206e+01	8.644489e+01	8.254297e+01	7.904085e+01	7.587341e+01
	7.299460e+01	7.036756e+01	6.796237e+01	6.575886e+01	6.374206e+01
	6.189225e+01	6.018296e+01	5.858790e+01	5.708693e+01	5.566539e+01
	5.431043e+01	5.300856e+01	5.174651e+01	5.051403e+01	4.930535e+01
	4.811755e+01	4.694725e+01	4.578884e+01	4.463635e+01	4.348756e+01
	4.234508e+01	4.121284e+01	4.009327e+01	3.898811e+01	3.789888e+01
	3.682463e+01	3.576089e+01	3.470222e+01	3.364640e+01	3.259661e+01
	3.155857e+01	3.053465e+01	2.951949e+01	2.849927e+01	2.745376e+01
	2.635875e+01	2.518865e+01	2.391746e+01	2.251960e+01	2.097431e+01
	1.927452e+01	1.744249e+01	1.553703e+01	1.364371e+01	1.184968e+01
	1.021698e+01	8.771105e+00	7.505026e+00	6.394666e+00	5.412435e+00
	4.533638e+00	3.739537e+00	3.020680e+00	2.379142e+00	1.822559e+00
	1.354497e+00	9.710227e-01	6.690857e-01	4.461629e-01	2.917215e-01
	1.878192e-01	1.176724e-01	7.031059e-02	3.935104e-02	2.048955e-02
	1.002261e-02	4.691259e-03	2.130342e-03	9.422948e-04	4.044007e-04
	1.673725e-04	6.650539e-05	2.530235e-05	9.211850e-06	3.226417e-06
	1.762245e-06
ZBilger
	1.000000e+00	9.991865e-01	9.980772e-01	9.966178e-01	9.947619e-01
	9.924634e-01	9.896794e-01	9.863744e-01	9.825212e-01	9.781001e-01
	9.730987e-01	9.675104e-01	9.613340e-01	9.545718e-01	9.472295e-01
	9.393147e-01	9.308370e-01	9.218068e-01	9.122353e-01	9.021343e-01
	8.915158e-01	8.803918e-01	8.687742e-01	8.566745e-01	8.441028e-01
	8.310669e-01	8.175696e-01	8.036049e-01	7.891506e-01	7.741703e-01
	7.586274e-01	7.425228e-01	7.259467e-01	7.090396e-01	6.918549e-01
	6.742959e-01	6.562186e-01	6.375860e-01	6.185112e-01	5.991443e-01
	5.795171e-01	5.595016e-01	5.389116e-01	5.176356e-01	4.956744e-01
	4.730149e-01	4.496377e-01	4.254612e-01	4.004231e-01	3.745565e-01
	3.480007e-01	3.210489e-01	2.942966e-01	2.686853e-01	2.452447e-01
	2.246663e-01	2.071179e-01	1.923582e-01	1.799492e-01	1.694284e-01
	1.603889e-01	1.525085e-01	1.455482e-01	1.393395e-01	1.337689e-01
	1.287558e-01	1.242351e-01	1.201520e-01	1.164676e-01	1.131499e-01
	1.101581e-01	1.074410e-01	1.049493e-01	1.026451e-01	1.005000e-01
	9.848960e-02	9.658940e-02	9.477638e-02	9.303287e-02	9.134823e-02
	8.971610e-02	8.812975e-02	8.657981e-02	8.505695e-02	8.355734e-02
	8.208371e-02	8.064059e-02	7.923068e-02	7.785600e-02	7.651837e-02
	7.521660e-02	7.394531e-02	7.269795e-02	7.147156e-02	7.026876e-02
	6.909389e-02	6.794628e-02	6.681573e-02	6.568197e-02	6.451679e-02
	6.328579e-02	6.194991e-02	6.046454e-02	5.877829e-02	5.683592e-02
	5.458868e-02	5.201835e-02	4.915863e-02	4.609846e-02	4.295933e-02
	3.985582e-02	3.686452e-02	3.401099e-02	3.128220e-02	2.864563e-02
	2.606104e-02	2.348916e-02	2.090715e-02	1.832919e-02	1.580257e-02
	1.337017e-02	1.105451e-02	8.903954e-03	7.010742e-03	5.437579e-03
	4.162725e-03	3.119015e-03	2.254695e-03	1.551085e-03	1.008728e-03
	6.230457e-04	3.695162e-04	2.121534e-04	1.180920e-04	6.350305e-05
	3.287342e-05	1.639438e-05	7.902615e-06	3.628874e-06	1.386736e-06
	0.000000e+00
ScalarDissRateBilger [1/s]
	1.322158e-02	1.884825e-02	3.546942e-02	6.411219e-02	1.110036e-01
	1.844085e-01	2.948114e-01	4.548738e-01	6.793381e-01	9.848360e-01
	1.389645e+00	1.913421e+00	2.576944e+00	3.401873e+00	4.410537e+00
	5.625750e+00	7.070641e+00	8.768497e+00	1.074260e+01	1.301605e+01
	1.561158e+01	1.855135e+01	2.185676e+01	2.554826e+01	2.964536e+01
	3.416684e+01	3.913149e+01	4.456000e+01	5.047822e+01	5.691742e+01
	6.390843e+01	7.146253e+01	7.954235e+01	8.807398e+01	9.701547e+01
	1.063962e+02	1.162676e+02	1.266169e+02	1.373368e+02	1.482853e+02
	1.593744e+02	1.705919e+02	1.819343e+02	1.932169e+02	2.044807e+02
	2.155825e+02	2.260672e+02	2.357192e+02	2.441984e+02	2.510604e+02
	2.557837e+02	2.578222e+02	2.567244e+02	2.523694e+02	2.451586e+02
	2.359085e+02	2.255060e+02	2.146288e+02	2.036617e+02	1.927617e+02
	1.819515e+02	1.712034e+02	1.604952e+02	1.498438e+02	1.393206e+02
	1.290378e+02	1.191183e+02	1.096815e+02	1.008479e+02	9.271692e+01
	8.532300e+01	7.863360e+01	7.258813e+01	6.713077e+01	6.221304e+01
	5.778410e+01	5.378722e+01	5.016637e+01	4.687585e+01	4.388228e+01
	4.115784e+01	3.867207e+01	3.638968e+01	3.427607e+01	3.230445e+01
	3.045595e+01	2.871363e+01	2.706003e+01	2.548066e+01	2.396633e+01
	2.251113e+01	2.111161e+01	1.977024e+01	1.849955e+01	1.732156e+01
	1.625943e+01	1.532721e+01	1.452572e+01	1.384562e+01	1.327311e+01
	1.279336e+01	1.239063e+01	1.204481e+01	1.172738e+01	1.139999e+01
	1.101916e+01	1.055000e+01	9.981628e+00	9.331192e+00	8.631920e+00
	7.915941e+00	7.204374e+00	6.505436e+00	5.818757e+00	5.140628e+00
	4.467355e+00	3.798158e+00	3.139857e+00	2.511393e+00	1.938780e+00
	1.441524e+00	1.025192e+00	6.925183e-01	4.459873e-01	2.774401e-01
	1.676449e-01	9.717212e-02	5.277751e-02	2.626808e-02	1.186050e-02
	4.901916e-03	1.889696e-03	6.880056e-04	2.364188e-04	7.580249e-05
	2.236352e-05	6.031562e-06	1.511410e-06	3.796337e-07	1.155831e-07
	6.740652e-08
ChiAnalytOverChiStoich
	1.000000e-10	1.000000e-10	1.000000e-10	7.595344e-03	2.023145e-02
	3.820040e-02	6.329699e-02	9.765147e-02	1.436805e-01	2.040044e-01
	2.813389e-01	3.783730e-01	4.976438e-01	6.414192e-01	8.115973e-01
	1.009627e+00	1.236450e+00	1.492476e+00	1.777565e+00	2.091051e+00
	2.431762e+00	2.798069e+00	3.187943e+00	3.599018e+00	4.028667e+00
	4.474103e+00	4.932483e+00	5.401091e+00	5.877537e+00	6.359632e+00
	6.844844e+00	7.329103e+00	7.805572e+00	8.266346e+00	8.706437e+00
	9.124608e+00	9.519779e+00	9.887495e+00	1.022027e+01	1.051101e+01
	1.075546e+01	1.095112e+01	1.109456e+01	1.118011e+01	1.120094e+01
	1.115042e+01	1.102210e+01	1.080923e+01	1.050505e+01	1.010456e+01
	9.606640e+00	9.016959e+00	8.354076e+00	7.653850e+00	6.963078e+00
	6.322672e+00	5.755509e+00	5.266363e+00	4.848550e+00	4.490987e+00
	4.182293e+00	3.912756e+00	3.674871e+00	3.463204e+00	3.274011e+00
	3.104569e+00	2.952603e+00	2.816174e+00	2.693840e+00	2.584393e+00
	2.486338e+00	2.397859e+00	2.317238e+00	2.243152e+00	2.174616e+00
	2.110780e+00	2.050816e+00	1.993955e+00	1.939613e+00	1.887434e+00
	1.837199e+00	1.788685e+00	1.741592e+00	1.695627e+00	1.650669e+00
	1.606793e+00	1.564127e+00	1.522739e+00	1.482675e+00	1.443972e+00
	1.406581e+00	1.370333e+00	1.335029e+00	1.300580e+00	1.267048e+00
	1.234546e+00	1.203042e+00	1.172246e+00	1.141608e+00	1.110381e+00
	1.077683e+00	1.042548e+00	1.003915e+00	9.606287e-01	9.115407e-01
	8.558156e-01	7.935362e-01	7.261509e-01	6.563701e-01	5.874121e-01
	5.219779e-01	4.616149e-01	4.066216e-01	3.565009e-01	3.104619e-01
	2.676985e-01	2.275620e-01	1.897837e-01	1.546740e-01	1.228862e-01
	9.482462e-02	7.050466e-02	5.007773e-02	3.386658e-02	2.169007e-02
	1.270269e-02	5.941709e-03	7.553757e-04	1.000000e-10	1.000000e-10
	1.000000e-10	1.000000e-10	1.000000e-10	1.000000e-10	1.000000e-10
	1.000000e-10	1.000000e-10	1.000000e-10	1.000000e-10	1.000000e-10
	1.000000e-10
ChiKWOverChiKWStoich
	6.125687e-11	6.126928e-11	6.128587e-11	4.656554e-03	1.240944e-02
	2.344590e-02	3.888121e-02	6.004781e-02	8.847145e-02	1.258283e-01
	1.738880e-01	2.344480e-01	3.092661e-01	3.999953e-01	5.081256e-01
	6.349347e-01	7.814491e-01	9.484153e-01	1.136282e+00	1.345194e+00
	1.574990e+00	1.825217e+00	2.095143e+00	2.383792e+00	2.689973e+00
	3.012340e+00	3.349463e+00	3.699956e+00	4.062648e+00	4.436508e+00
	4.820244e+00	5.211320e+00	5.604807e+00	5.994568e+00	6.376584e+00
	6.750001e+00	7.114289e+00	7.465974e+00	7.798485e+00	8.105080e+00
	8.381418e+00	8.625127e+00	8.833271e+00	9.000650e+00	9.120503e+00
	9.185454e+00	9.188516e+00	9.122122e+00	8.978084e+00	8.748836e+00
	8.429283e+00	8.019561e+00	7.530558e+00	6.989075e+00	6.434384e+00
	5.904397e+00	5.423610e+00	5.000933e+00	4.634291e+00	4.316559e+00
	4.039387e+00	3.795248e+00	3.578162e+00	3.383750e+00	3.209000e+00
	3.051722e+00	2.910057e+00	2.782394e+00	2.667540e+00	2.564482e+00
	2.471910e+00	2.388180e+00	2.311719e+00	2.241311e+00	2.176046e+00
	2.115134e+00	2.057800e+00	2.003316e+00	1.951127e+00	1.900891e+00
	1.852399e+00	1.805429e+00	1.759688e+00	1.714883e+00	1.670887e+00
	1.627765e+00	1.585634e+00	1.544556e+00	1.504574e+00	1.465723e+00
	1.427956e+00	1.391104e+00	1.354965e+00	1.319449e+00	1.284629e+00
	1.250635e+00	1.217461e+00	1.184830e+00	1.152189e+00	1.118769e+00
	1.083654e+00	1.045838e+00	1.004226e+00	9.576411e-01	9.049458e-01
	8.453730e-01	7.791623e-01	7.080005e-01	6.348628e-01	5.631779e-01
	4.957464e-01	4.341056e-01	3.784781e-01	3.282785e-01	2.826463e-01
	2.407351e-01	2.018835e-01	1.658236e-01	1.328472e-01	1.035443e-01
	7.823056e-02	5.683572e-02	3.937911e-02	2.596857e-02	1.623765e-02
	9.302000e-03	4.263222e-03	5.317639e-04	6.917283e-11	6.811718e-11
	6.727258e-11	6.664495e-11	6.620218e-11	6.589876e-11	6.569409e-11
	6.555797e-11	6.546907e-11	6.541225e-11	6.537680e-11	6.535531e-11
	6.534261e-11
ChiKWFact
	6.125687e-01	6.126928e-01	6.128587e-01	6.130801e-01	6.133736e-01
	6.137605e-01	6.142663e-01	6.149197e-01	6.157512e-01	6.167923e-01
	6.180731e-01	6.196214e-01	6.214608e-01	6.236098e-01	6.260809e-01
	6.288807e-01	6.320101e-01	6.354645e-01	6.392353e-01	6.433102e-01
	6.476747e-01	6.523129e-01	6.572085e-01	6.623452e-01	6.677080e-01
	6.732837e-01	6.790623e-01	6.850387e-01	6.912160e-01	6.976045e-01
	7.042154e-01	7.110447e-01	7.180521e-01	7.251775e-01	7.323988e-01
	7.397579e-01	7.473167e-01	7.550925e-01	7.630411e-01	7.711036e-01
	7.792713e-01	7.876024e-01	7.961803e-01	8.050589e-01	8.142620e-01
	8.237769e-01	8.336451e-01	8.439193e-01	8.546446e-01	8.658302e-01
	8.774434e-01	8.893864e-01	9.014231e-01	9.131451e-01	9.240718e-01
	9.338453e-01	9.423337e-01	9.495991e-01	9.558097e-01	9.611603e-01
	9.658306e-01	9.699679e-01	9.736837e-01	9.770577e-01	9.801433e-01
	9.829777e-01	9.855904e-01	9.880053e-01	9.902371e-01	9.922958e-01
	9.941970e-01	9.959635e-01	9.976185e-01	9.991793e-01	1.000657e+00
	1.002063e+00	1.003405e+00	1.004695e+00	1.005936e+00	1.007130e+00
	1.008273e+00	1.009361e+00	1.010390e+00	1.011356e+00	1.012249e+00
	1.013052e+00	1.013750e+00	1.014328e+00	1.014770e+00	1.015063e+00
	1.015197e+00	1.015158e+00	1.014933e+00	1.014509e+00	1.013875e+00
	1.013033e+00	1.011986e+00	1.010735e+00	1.009268e+00	1.007554e+00
	1.005541e+00	1.003156e+00	1.000310e+00	9.968900e-01	9.927651e-01
	9.877981e-01	9.818863e-01	9.750047e-01	9.672329e-01	9.587441e-01
	9.497460e-01	9.404064e-01	9.307870e-01	9.208348e-01	9.104057e-01
	8.992769e-01	8.871580e-01	8.737504e-01	8.588855e-01	8.426030e-01
	8.250026e-01	8.061272e-01	7.863598e-01	7.667905e-01	7.486214e-01
	7.322861e-01	7.175077e-01	7.039727e-01	6.917283e-01	6.811718e-01
	6.727258e-01	6.664495e-01	6.620218e-01	6.589876e-01	6.569409e-01
	6.555797e-01	6.546907e-01	6.541225e-01	6.537680e-01	6.535531e-01
	6.534261e-01
MolarMass [kg/kmole]
	4.409000e+01	4.403916e+01	4.397706e+01	4.390261e+01	4.381501e+01
	4.371337e+01	4.359689e+01	4.346503e+01	4.331755e+01	4.315444e+01
	4.297594e+01	4.278247e+01	4.257457e+01	4.235290e+01	4.211820e+01
	4.187124e+01	4.161283e+01	4.134377e+01	4.106487e+01	4.077692e+01
	4.048071e+01	4.017699e+01	3.986647e+01	3.954985e+01	3.922775e+01
	3.890072e+01	3.856916e+01	3.823327e+01	3.789286e+01	3.754748e+01
	3.719669e+01	3.684100e+01	3.648275e+01	3.612520e+01	3.576954e+01
	3.541386e+01	3.505551e+01	3.469410e+01	3.433214e+01	3.397258e+01
	3.361603e+01	3.326023e+01	3.290210e+01	3.254008e+01	3.217282e+01
	3.180428e+01	3.143265e+01	3.105709e+01	3.067715e+01	3.029385e+01
	2.990965e+01	2.952897e+01	2.915999e+01	2.881485e+01	2.850590e+01
	2.824036e+01	2.801851e+01	2.783573e+01	2.768538e+01	2.756098e+01
	2.745707e+01	2.736948e+01	2.729520e+01	2.723216e+01	2.717896e+01
	2.713453e+01	2.709799e+01	2.706850e+01	2.704534e+01	2.702780e+01
	2.701509e+01	2.700645e+01	2.700124e+01	2.699896e+01	2.699920e+01
	2.700165e+01	2.700604e+01	2.701217e+01	2.701991e+01	2.702914e+01
	2.703971e+01	2.705151e+01	2.706447e+01	2.707855e+01	2.709368e+01
	2.710972e+01	2.712652e+01	2.714395e+01	2.716191e+01	2.718029e+01
	2.719904e+01	2.721819e+01	2.723783e+01	2.725798e+01	2.727858e+01
	2.729950e+01	2.732069e+01	2.734224e+01	2.736445e+01	2.738777e+01
	2.741280e+01	2.744019e+01	2.747067e+01	2.750496e+01	2.754375e+01
	2.758741e+01	2.763568e+01	2.768748e+01	2.774116e+01	2.779492e+01
	2.784740e+01	2.789789e+01	2.794641e+01	2.799348e+01	2.803986e+01
	2.808644e+01	2.813411e+01	2.818356e+01	2.823484e+01	2.828743e+01
	2.834089e+01	2.839528e+01	2.845003e+01	2.850304e+01	2.855205e+01
	2.859659e+01	2.863777e+01	2.867662e+01	2.871308e+01	2.874590e+01
	2.877348e+01	2.879513e+01	2.881136e+01	2.882326e+01	2.883191e+01
	2.883817e+01	2.884268e+01	2.884592e+01	2.884823e+01	2.884988e+01
	2.885106e+01
TotalEnthalpy [J/kg]
	-2.352410e+06	-2.352050e+06	-2.351543e+06	-2.350829e+06	-2.349834e+06
	-2.348459e+06	-2.346582e+06	-2.344056e+06	-2.340720e+06	-2.336395e+06
	-2.330896e+06	-2.324037e+06	-2.315636e+06	-2.305517e+06	-2.293520e+06
	-2.279500e+06	-2.263333e+06	-2.244913e+06	-2.224157e+06	-2.201002e+06
	-2.175410e+06	-2.147361e+06	-2.116858e+06	-2.083921e+06	-2.048586e+06
	-2.010899e+06	-1.970910e+06	-1.928653e+06	-1.884125e+06	-1.837289e+06
	-1.788115e+06	-1.736710e+06	-1.683481e+06	-1.629021e+06	-1.573652e+06
	-1.517220e+06	-1.459427e+06	-1.400340e+06	-1.340516e+06	-1.280616e+06
	-1.220925e+06	-1.161249e+06	-1.101265e+06	-1.040924e+06	-9.805506e+05
	-9.204049e+05	-8.608885e+05	-8.021989e+05	-7.446498e+05	-6.888195e+05
	-6.355032e+05	-5.857039e+05	-5.407184e+05	-5.019159e+05	-4.701250e+05
	-4.451697e+05	-4.260597e+05	-4.115108e+05	-4.003352e+05	-3.916041e+05
	-3.846474e+05	-3.790053e+05	-3.743716e+05	-3.705463e+05	-3.674007e+05
	-3.648467e+05	-3.628174e+05	-3.612588e+05	-3.601265e+05	-3.593780e+05
	-3.589681e+05	-3.588542e+05	-3.590022e+05	-3.593866e+05	-3.599870e+05
	-3.607868e+05	-3.617752e+05	-3.629464e+05	-3.642968e+05	-3.658200e+05
	-3.675053e+05	-3.693401e+05	-3.713127e+05	-3.734087e+05	-3.756009e+05
	-3.778435e+05	-3.800770e+05	-3.822343e+05	-3.842409e+05	-3.860156e+05
	-3.874770e+05	-3.885432e+05	-3.891256e+05	-3.891272e+05	-3.884555e+05
	-3.870410e+05	-3.848393e+05	-3.818056e+05	-3.778571e+05	-3.728397e+05
	-3.665047e+05	-3.584949e+05	-3.483273e+05	-3.353776e+05	-3.189093e+05
	-2.982131e+05	-2.729664e+05	-2.436593e+05	-2.117706e+05	-1.794199e+05
	-1.486345e+05	-1.207672e+05	-9.634424e+04	-7.533625e+04	-5.749450e+04
	-4.255590e+04	-3.035708e+04	-2.090090e+04	-1.431056e+04	-1.059623e+04
	-9.423657e+03	-1.008876e+04	-1.171185e+04	-1.332186e+04	-1.424053e+04
	-1.428511e+04	-1.352701e+04	-1.207669e+04	-1.008548e+04	-7.808611e+03
	-5.574464e+03	-3.637759e+03	-2.092071e+03	-9.132402e+02	-3.406346e+01
	6.119795e+02	1.079270e+03	1.411152e+03	1.641826e+03	1.797849e+03
	1.900584e+03
trailer
Lewis numbers evaluated at maximum consumption
N2	-1
O2	1.00907
@ Z = 0.0767427
H	0.168584
@ Z = 0.118114
OH	0.671655
@ Z = 0.0948474
O	0.657807
@ Z = 0.0832204
H2	0.278965
@ Z = 0.0676532
H2O	-1
HO2	1.01622
@ Z = 0.00418637
H2O2	1.00109
@ Z = 0.0451673
CO	1.00792
@ Z = 0.0562745
CO2	-1
CH	0.610294
@ Z = 0.0697604
CHO	1.155
@ Z = 0.0652957
CH2	0.882872
@ Z = 0.0734441
CH2O	1.16771
@ Z = 0.0697604
CH3	0.921858
@ Z = 0.0815837
CH4	0.927805
@ Z = 0.0948474
C2H6	1.33341
@ Z = 0.11232
C2H	1.19128
@ Z = 0.0734441
C2H2	1.20787
@ Z = 0.0815837
CHCO	0.81208
@ Z = 0.0767427
C3H3	1.63853
@ Z = 0.0799585
C2H3	1.14505
@ Z = 0.147343
C2H4	1.22045
@ Z = 0.101736
C2H5	1.33201
@ Z = 0.0982869
C3H4	1.59816
@ Z = 0.0767427
C3H5	1.6411
@ Z = 0.0716734
C3H6	1.70788
@ Z = 0.108708
N-C3H7	1.722
@ Z = 0.101736
I-C3H7	1.09341
@ Z = 0.44533
C3H8	1.67816
@ Z = 0.129993
Lewis numbers evaluated at maximum formation
N2	-1
O2	1.0381
@ Z = 0.00418637
H	0.168818
@ Z = 0.0767427
OH	0.664352
@ Z = 0.0676532
O	0.648172
@ Z = 0.0596239
H2	0.278414
@ Z = 0.114185
H2O	0.752462
@ Z = 0.0783479
HO2	1.00059
@ Z = 0.0101135
H2O2	0.994681
@ Z = 0.0268953
CO	1.02404
@ Z = 0.0832204
CO2	1.27841
@ Z = 0.0676532
CH	0.615318
@ Z = 0.0848602
CHO	1.16512
@ Z = 0.0815837
CH2	0.888752
@ Z = 0.0897895
CH2O	1.17647
@ Z = 0.0864983
CH3	0.908645
@ Z = 0.120212
CH4	0.881246
@ Z = 0.139537
C2H6	1.23203
@ Z = 0.156783
C2H	1.19878
@ Z = 0.0914578
C2H2	1.19503
@ Z = 0.114185
CHCO	0.814616
@ Z = 0.10346
C3H3	1.64182
@ Z = 0.0982869
C2H3	1.21353
@ Z = 0.11232
C2H4	1.16214
@ Z = 0.139537
C2H5	1.30767
@ Z = 0.122421
C3H4	1.6029
@ Z = 0.100013
C3H5	1.6087
@ Z = 0.127279
C3H6	1.60655
@ Z = 0.147343
N-C3H7	1.67135
@ Z = 0.129993
I-C3H7	1.6625
@ Z = 0.132929
C3H8	-1
Lewis numbers evaluated at maximum mass fraction
N2	0.921377
@ Z = 7.09048e-06
O2	1.05239
@ Z = 7.09048e-06
H	0.167889
@ Z = 0.0697604
OH	0.662032
@ Z = 0.0626326
O	0.643769
@ Z = 0.0489003
H2	0.267198
@ Z = 0.139537
H2O	0.755226
@ Z = 0.101736
HO2	0.996233
@ Z = 0.012215
H2O2	0.99462
@ Z = 0.0243281
CO	1.02089
@ Z = 0.108708
CO2	1.29199
@ Z = 0.0864983
CH	0.615607
@ Z = 0.0864983
CHO	1.16579
@ Z = 0.0832204
CH2	0.888928
@ Z = 0.0948474
CH2O	1.07247
@ Z = 0.162362
CH3	0.905935
@ Z = 0.122421
CH4	0.780432
@ Z = 0.19549
C2H6	1.07939
@ Z = 0.223415
C2H	1.19881
@ Z = 0.0931447
C2H2	1.12856
@ Z = 0.147343
CHCO	0.784546
@ Z = 0.136103
C3H3	1.64029
@ Z = 0.101736
C2H3	1.21149
@ Z = 0.114185
C2H4	1.05458
@ Z = 0.184944
C2H5	1.30322
@ Z = 0.124766
C3H4	1.51506
@ Z = 0.143269
C3H5	1.54657
@ Z = 0.147343
C3H6	1.41562
@ Z = 0.208206
N-C3H7	1.6625
@ Z = 0.132929
I-C3H7	1.01731
@ Z = 0.583035
C3H8	0.81827
@ Z = 0.99993
