header

title = "planar counterflow diffusion flame"
author = ""
date = "Thu Jul 11 20:06:21 2013"

fuel = "C3H8"
pressure = 1 [bar]
strainrate = 30 [1/s]
chiStoichAnal = 0.849893 [1/s]
chiStoichAnalKW = 1.34594 [1/s]
FlameLocZ = 0.0792264 [K]
FlameLocBilger = 0.0695876 [K]
Tmax = 2073.71 [K]
stoichScalarDissRate = 1.41252 [1/s]
stoichScalarDissRateBilger = 0.805963 [1/s]

OxidizerSide
begin
	Temperature = 300 [K]
	Massfraction-N2 = 0.76708
	Massfraction-O2 = 0.23292
	Molefraction-N2 = 0.79
	Molefraction-O2 = 0.21
end

FuelSide
begin
	Temperature = 300 [K]
	Massfraction-C3H8 = 1
	Molefraction-C3H8 = 1
end

numOfSpecies = 31
gridPoints = 141

body
eta
	0.000000e+00	1.604610e-01	3.193115e-01	4.746758e-01	6.252139e-01
	7.704136e-01	9.100928e-01	1.044152e+00	1.172569e+00	1.295393e+00
	1.412733e+00	1.524745e+00	1.631623e+00	1.733579e+00	1.830839e+00
	1.923627e+00	2.012156e+00	2.096637e+00	2.177276e+00	2.254284e+00
	2.327871e+00	2.398238e+00	2.465576e+00	2.530066e+00	2.591886e+00
	2.651207e+00	2.708209e+00	2.763085e+00	2.816067e+00	2.867430e+00
	2.917488e+00	2.966427e+00	3.014036e+00	3.059845e+00	3.103725e+00
	3.146066e+00	3.187270e+00	3.227332e+00	3.266011e+00	3.303244e+00
	3.339296e+00	3.374605e+00	3.409575e+00	3.444458e+00	3.479361e+00
	3.514339e+00	3.549424e+00	3.584602e+00	3.619824e+00	3.655038e+00
	3.690222e+00	3.725383e+00	3.760530e+00	3.795651e+00	3.830628e+00
	3.865164e+00	3.898763e+00	3.930845e+00	3.960910e+00	3.988660e+00
	4.014028e+00	4.037147e+00	4.058260e+00	4.077641e+00	4.095548e+00
	4.112232e+00	4.127951e+00	4.142983e+00	4.157600e+00	4.172016e+00
	4.186359e+00	4.200664e+00	4.214844e+00	4.228649e+00	4.241739e+00
	4.253866e+00	4.264971e+00	4.275128e+00	4.284418e+00	4.292891e+00
	4.300620e+00	4.307713e+00	4.314287e+00	4.320448e+00	4.326290e+00
	4.331901e+00	4.337365e+00	4.342755e+00	4.348120e+00	4.353481e+00
	4.358844e+00	4.364227e+00	4.369665e+00	4.375214e+00	4.380930e+00
	4.386866e+00	4.393073e+00	4.399638e+00	4.406745e+00	4.414731e+00
	4.424148e+00	4.435609e+00	4.449512e+00	4.465954e+00	4.484751e+00
	4.505555e+00	4.527992e+00	4.551588e+00	4.575837e+00	4.600460e+00
	4.625551e+00	4.651481e+00	4.678770e+00	4.708051e+00	4.740159e+00
	4.776200e+00	4.817232e+00	4.863545e+00	4.914246e+00	4.968070e+00
	5.024952e+00	5.086883e+00	5.157652e+00	5.241608e+00	5.341827e+00
	5.458547e+00	5.588472e+00	5.726243e+00	5.867252e+00	6.009095e+00
	6.151399e+00	6.294763e+00	6.439907e+00	6.587358e+00	6.737343e+00
	6.889859e+00	7.044747e+00	7.201750e+00	7.360496e+00	7.520214e+00
	7.680054e+00
y [m]
	-5.978099e-03	-5.901111e-03	-5.824791e-03	-5.750013e-03	-5.677391e-03
	-5.607135e-03	-5.539290e-03	-5.473853e-03	-5.410775e-03	-5.349968e-03
	-5.291305e-03	-5.234635e-03	-5.179784e-03	-5.126567e-03	-5.074794e-03
	-5.024281e-03	-4.974852e-03	-4.926345e-03	-4.878604e-03	-4.831482e-03
	-4.784839e-03	-4.738550e-03	-4.692500e-03	-4.646586e-03	-4.600713e-03
	-4.554789e-03	-4.508717e-03	-4.462383e-03	-4.415626e-03	-4.368228e-03
	-4.319898e-03	-4.270432e-03	-4.220034e-03	-4.169246e-03	-4.118322e-03
	-4.066912e-03	-4.014584e-03	-3.961378e-03	-3.907680e-03	-3.853684e-03
	-3.799105e-03	-3.743328e-03	-3.685680e-03	-3.625647e-03	-3.562900e-03
	-3.497172e-03	-3.428212e-03	-3.355841e-03	-3.279961e-03	-3.200486e-03
	-3.117269e-03	-3.030107e-03	-2.938772e-03	-2.843107e-03	-2.743261e-03
	-2.640015e-03	-2.534956e-03	-2.430260e-03	-2.328154e-03	-2.230411e-03
	-2.138064e-03	-2.051385e-03	-1.970106e-03	-1.893706e-03	-1.821582e-03
	-1.753055e-03	-1.687314e-03	-1.623374e-03	-1.560189e-03	-1.496889e-03
	-1.432937e-03	-1.368175e-03	-1.302999e-03	-1.238597e-03	-1.176651e-03
	-1.118494e-03	-1.064573e-03	-1.014697e-03	-9.686141e-04	-9.261964e-04
	-8.871882e-04	-8.511232e-04	-8.174776e-04	-7.857616e-04	-7.555272e-04
	-7.263487e-04	-6.978092e-04	-6.695436e-04	-6.413111e-04	-6.130122e-04
	-5.846205e-04	-5.560692e-04	-5.271799e-04	-4.976829e-04	-4.672904e-04
	-4.357547e-04	-4.028383e-04	-3.681128e-04	-3.306589e-04	-2.887647e-04
	-2.396511e-04	-1.803131e-04	-1.090242e-04	-2.572915e-05	6.805332e-05
	1.699159e-04	2.773005e-04	3.872414e-04	4.967773e-04	6.042236e-04
	7.096197e-04	8.140835e-04	9.190788e-04	1.026131e-03	1.136989e-03
	1.253620e-03	1.376954e-03	1.505056e-03	1.633175e-03	1.756970e-03
	1.875923e-03	1.993538e-03	2.115121e-03	2.244734e-03	2.382800e-03
	2.525893e-03	2.668346e-03	2.805222e-03	2.934448e-03	3.056546e-03
	3.173416e-03	3.287159e-03	3.399466e-03	3.511534e-03	3.624104e-03
	3.737587e-03	3.852160e-03	3.967847e-03	4.084524e-03	4.201725e-03
	4.318898e-03
f
	-3.450400e+00	-3.320575e+00	-3.192015e+00	-3.066220e+00	-2.944252e+00
	-2.826499e+00	-2.713077e+00	-2.604026e+00	-2.499320e+00	-2.398868e+00
	-2.302526e+00	-2.210108e+00	-2.121397e+00	-2.036159e+00	-1.954149e+00
	-1.875130e+00	-1.798876e+00	-1.725171e+00	-1.653811e+00	-1.584592e+00
	-1.517322e+00	-1.451821e+00	-1.387925e+00	-1.325484e+00	-1.264356e+00
	-1.204407e+00	-1.145499e+00	-1.087472e+00	-1.030123e+00	-9.731855e-01
	-9.163334e-01	-8.593619e-01	-8.025444e-01	-7.465083e-01	-6.915128e-01
	-6.371598e-01	-5.829937e-01	-5.290793e-01	-4.758191e-01	-4.233931e-01
	-3.715157e-01	-3.196122e-01	-2.671074e-01	-2.136193e-01	-1.589648e-01
	-1.030384e-01	-4.576903e-02	1.283870e-02	7.270646e-02	1.337447e-01
	1.959034e-01	2.591692e-01	3.235359e-01	3.889404e-01	4.551151e-01
	5.214148e-01	5.867724e-01	6.499011e-01	7.096452e-01	7.652378e-01
	8.163979e-01	8.632713e-01	9.062604e-01	9.458533e-01	9.825327e-01
	1.016775e+00	1.049085e+00	1.080016e+00	1.110115e+00	1.139810e+00
	1.169353e+00	1.198807e+00	1.227984e+00	1.256359e+00	1.283230e+00
	1.308084e+00	1.330807e+00	1.351556e+00	1.370500e+00	1.387747e+00
	1.403452e+00	1.417841e+00	1.431155e+00	1.443611e+00	1.455403e+00
	1.466710e+00	1.477703e+00	1.488528e+00	1.499283e+00	1.510011e+00
	1.520724e+00	1.531453e+00	1.542271e+00	1.553283e+00	1.564604e+00
	1.576330e+00	1.588559e+00	1.601456e+00	1.615372e+00	1.630951e+00
	1.649237e+00	1.671366e+00	1.698012e+00	1.729241e+00	1.764558e+00
	1.803158e+00	1.844203e+00	1.886710e+00	1.929681e+00	1.972580e+00
	2.015528e+00	2.059100e+00	2.104066e+00	2.151313e+00	2.201951e+00
	2.257374e+00	2.318730e+00	2.385903e+00	2.457146e+00	2.530423e+00
	2.605499e+00	2.684748e+00	2.772469e+00	2.873129e+00	2.989280e+00
	3.120227e+00	3.261857e+00	3.408556e+00	3.556022e+00	3.702397e+00
	3.847829e+00	3.993330e+00	4.139913e+00	4.288315e+00	4.438912e+00
	4.591808e+00	4.746922e+00	4.904051e+00	5.062859e+00	5.222599e+00
	5.382439e+00
df/deta
	8.089298e-01	8.090765e-01	8.093151e-01	8.096792e-01	8.102119e-01
	8.109693e-01	8.120215e-01	8.134531e-01	8.153614e-01	8.178548e-01
	8.210496e-01	8.250656e-01	8.300218e-01	8.360319e-01	8.431992e-01
	8.516128e-01	8.613436e-01	8.724423e-01	8.849391e-01	8.988457e-01
	9.141564e-01	9.308495e-01	9.488889e-01	9.682270e-01	9.888076e-01
	1.010570e+00	1.033456e+00	1.057416e+00	1.082430e+00	1.108517e+00
	1.135739e+00	1.164117e+00	1.193433e+00	1.223254e+00	1.253312e+00
	1.283701e+00	1.314567e+00	1.345778e+00	1.377003e+00	1.408035e+00
	1.438946e+00	1.469989e+00	1.501423e+00	1.533387e+00	1.565894e+00
	1.598895e+00	1.632309e+00	1.665995e+00	1.699753e+00	1.733367e+00
	1.766633e+00	1.799354e+00	1.831325e+00	1.862299e+00	1.891933e+00
	1.919751e+00	1.945187e+00	1.967742e+00	1.987140e+00	2.003383e+00
	2.016706e+00	2.027477e+00	2.036098e+00	2.042931e+00	2.048281e+00
	2.052399e+00	2.055486e+00	2.057696e+00	2.059128e+00	2.059830e+00
	2.059811e+00	2.059063e+00	2.057584e+00	2.055425e+00	2.052707e+00
	2.049595e+00	2.046233e+00	2.042723e+00	2.039143e+00	2.035566e+00
	2.032040e+00	2.028583e+00	2.025186e+00	2.021835e+00	2.018507e+00
	2.015172e+00	2.011793e+00	2.008334e+00	2.004767e+00	2.001080e+00
	1.997268e+00	1.993321e+00	1.989211e+00	1.984894e+00	1.980317e+00
	1.975429e+00	1.970177e+00	1.964469e+00	1.958121e+00	1.950786e+00
	1.941878e+00	1.930679e+00	1.916607e+00	1.899337e+00	1.878860e+00
	1.855415e+00	1.829385e+00	1.801378e+00	1.772145e+00	1.742220e+00
	1.711699e+00	1.680349e+00	1.647786e+00	1.613563e+00	1.577118e+00
	1.537795e+00	1.495298e+00	1.450425e+00	1.405144e+00	1.361417e+00
	1.319854e+00	1.279650e+00	1.239525e+00	1.198959e+00	1.158984e+00
	1.121889e+00	1.090084e+00	1.064808e+00	1.045796e+00	1.031939e+00
	1.021988e+00	1.014905e+00	1.009915e+00	1.006448e+00	1.004080e+00
	1.002496e+00	1.001459e+00	1.000798e+00	1.000387e+00	1.000141e+00
	1.000000e+00
Z
	1.000000e+00	9.999477e-01	9.998604e-01	9.997193e-01	9.994997e-01
	9.991683e-01	9.986837e-01	9.979954e-01	9.970452e-01	9.957683e-01
	9.940950e-01	9.919536e-01	9.892722e-01	9.859814e-01	9.820170e-01
	9.773214e-01	9.718462e-01	9.655531e-01	9.584141e-01	9.504109e-01
	9.415339e-01	9.317828e-01	9.211651e-01	9.096959e-01	8.973958e-01
	8.842892e-01	8.704011e-01	8.557510e-01	8.403431e-01	8.241583e-01
	8.071491e-01	7.892950e-01	7.707290e-01	7.517239e-01	7.324544e-01
	7.128668e-01	6.928703e-01	6.725553e-01	6.521439e-01	6.317795e-01
	6.114226e-01	5.909129e-01	5.700833e-01	5.488430e-01	5.271843e-01
	5.051369e-01	4.827516e-01	4.601143e-01	4.373459e-01	4.145821e-01
	3.919435e-01	3.695296e-01	3.474358e-01	3.257733e-01	3.047094e-01
	2.845027e-01	2.654869e-01	2.479858e-01	2.322129e-01	2.182255e-01
	2.059365e-01	1.951619e-01	1.856810e-01	1.772813e-01	1.697775e-01
	1.630070e-01	1.568204e-01	1.510758e-01	1.456473e-01	1.404417e-01
	1.354050e-01	1.305186e-01	1.258055e-01	1.213379e-01	1.172085e-01
	1.134734e-01	1.101270e-01	1.071272e-01	1.044337e-01	1.020185e-01
	9.984974e-02	9.788772e-02	9.609357e-02	9.443339e-02	9.287804e-02
	9.140154e-02	8.997998e-02	8.859343e-02	8.722903e-02	8.588130e-02
	8.454838e-02	8.322658e-02	8.190725e-02	8.057806e-02	7.922639e-02
	7.784201e-02	7.641562e-02	7.493040e-02	7.335005e-02	7.160798e-02
	6.959936e-02	6.722013e-02	6.442934e-02	6.126023e-02	5.780754e-02
	5.419198e-02	5.052726e-02	4.692603e-02	4.348442e-02	4.024570e-02
	3.719683e-02	3.429671e-02	3.150118e-02	2.877175e-02	2.607205e-02
	2.336983e-02	2.066598e-02	1.802593e-02	1.556014e-02	1.334888e-02
	1.138877e-02	9.614205e-03	7.954051e-03	6.381148e-03	4.928729e-03
	3.662911e-03	2.637460e-03	1.860433e-03	1.297377e-03	8.981113e-04
	6.168179e-04	4.190064e-04	2.804862e-04	1.842964e-04	1.183339e-04
	7.378842e-05	4.421160e-05	2.491753e-05	1.255691e-05	4.791192e-06
	0.000000e+00
temperature [K]
	3.000000e+02	3.000712e+02	3.001900e+02	3.003818e+02	3.006802e+02
	3.011298e+02	3.017869e+02	3.027190e+02	3.040036e+02	3.057262e+02
	3.079772e+02	3.108475e+02	3.144253e+02	3.187913e+02	3.240160e+02
	3.301557e+02	3.372512e+02	3.453262e+02	3.543892e+02	3.644354e+02
	3.754491e+02	3.874055e+02	4.002734e+02	4.140174e+02	4.286003e+02
	4.439869e+02	4.601474e+02	4.770646e+02	4.947447e+02	5.132262e+02
	5.325854e+02	5.528746e+02	5.739793e+02	5.956322e+02	6.176794e+02
	6.402296e+02	6.634398e+02	6.872617e+02	7.114904e+02	7.360059e+02
	7.609043e+02	7.864390e+02	8.128905e+02	8.404658e+02	8.692834e+02
	8.994267e+02	9.309631e+02	9.639197e+02	9.982769e+02	1.034020e+03
	1.071144e+03	1.109636e+03	1.149474e+03	1.190594e+03	1.232791e+03
	1.275598e+03	1.318253e+03	1.359826e+03	1.399467e+03	1.436593e+03
	1.470971e+03	1.502679e+03	1.531996e+03	1.559276e+03	1.584881e+03
	1.609183e+03	1.632582e+03	1.655533e+03	1.678512e+03	1.701949e+03
	1.726161e+03	1.751326e+03	1.777379e+03	1.803865e+03	1.830003e+03
	1.855047e+03	1.878584e+03	1.900493e+03	1.920717e+03	1.939187e+03
	1.955931e+03	1.971101e+03	1.984887e+03	1.997468e+03	2.009002e+03
	2.019622e+03	2.029433e+03	2.038494e+03	2.046786e+03	2.054218e+03
	2.060660e+03	2.065973e+03	2.070021e+03	2.072654e+03	2.073705e+03
	2.073027e+03	2.070549e+03	2.066284e+03	2.060233e+03	2.052218e+03
	2.041696e+03	2.027792e+03	2.009531e+03	1.985910e+03	1.956042e+03
	1.919270e+03	1.875262e+03	1.824416e+03	1.767912e+03	1.706995e+03
	1.642294e+03	1.573808e+03	1.501208e+03	1.424049e+03	1.341728e+03
	1.253595e+03	1.160055e+03	1.064041e+03	9.706164e+02	8.838988e+02
	8.046363e+02	7.308795e+02	6.601531e+02	5.916378e+02	5.271215e+02
	4.699639e+02	4.230542e+02	3.871592e+02	3.609630e+02	3.422924e+02
	3.290907e+02	3.197831e+02	3.132533e+02	3.087130e+02	3.055966e+02
	3.034908e+02	3.020919e+02	3.011791e+02	3.005943e+02	3.002268e+02
	3.000000e+02
massfraction-N2
	1.000000e-60	5.813332e-04	1.340194e-03	2.307015e-03	3.510275e-03
	4.979240e-03	6.742198e-03	8.824071e-03	1.124575e-02	1.402379e-02
	1.717046e-02	2.069403e-02	2.459925e-02	2.888787e-02	3.355902e-02
	3.860946e-02	4.403364e-02	4.982424e-02	5.597301e-02	6.247165e-02
	6.931211e-02	7.648645e-02	8.398686e-02	9.180590e-02	9.993686e-02
	1.083746e-01	1.171169e-01	1.261675e-01	1.355412e-01	1.452683e-01
	1.553970e-01	1.659609e-01	1.769056e-01	1.880973e-01	1.994606e-01
	2.110540e-01	2.229585e-01	2.351483e-01	2.475164e-01	2.599992e-01
	2.726421e-01	2.855685e-01	2.989132e-01	3.127703e-01	3.271863e-01
	3.421867e-01	3.577850e-01	3.739927e-01	3.907269e-01	4.079587e-01
	4.256397e-01	4.437235e-01	4.621564e-01	4.808588e-01	4.996837e-01
	5.183710e-01	5.365472e-01	5.537971e-01	5.697751e-01	5.842767e-01
	5.972550e-01	6.087886e-01	6.190239e-01	6.281237e-01	6.362415e-01
	6.435202e-01	6.500980e-01	6.561100e-01	6.616743e-01	6.668737e-01
	6.717507e-01	6.763154e-01	6.805472e-01	6.843964e-01	6.878144e-01
	6.907958e-01	6.933853e-01	6.956481e-01	6.976380e-01	6.993926e-01
	7.009467e-01	7.023361e-01	7.035934e-01	7.047451e-01	7.058134e-01
	7.068170e-01	7.077725e-01	7.086929e-01	7.095860e-01	7.104545e-01
	7.112988e-01	7.121209e-01	7.129264e-01	7.137239e-01	7.145228e-01
	7.153327e-01	7.161633e-01	7.170297e-01	7.179588e-01	7.189967e-01
	7.202159e-01	7.216947e-01	7.234764e-01	7.255535e-01	7.278652e-01
	7.303201e-01	7.328240e-01	7.352841e-01	7.376237e-01	7.398080e-01
	7.418448e-01	7.437626e-01	7.455925e-01	7.473621e-01	7.490976e-01
	7.508228e-01	7.525402e-01	7.542119e-01	7.557717e-01	7.571739e-01
	7.584262e-01	7.595754e-01	7.606734e-01	7.617460e-01	7.627780e-01
	7.637246e-01	7.645368e-01	7.651896e-01	7.656905e-01	7.660657e-01
	7.663447e-01	7.665518e-01	7.667054e-01	7.668187e-01	7.669016e-01
	7.669616e-01	7.670044e-01	7.670347e-01	7.670557e-01	7.670700e-01
	7.670796e-01
massfraction-O2
	1.000000e-60	5.342515e-13	1.235063e-12	2.133283e-12	3.260510e-12
	4.653666e-12	6.356517e-12	8.421924e-12	1.091727e-11	1.393204e-11
	1.758784e-11	2.205130e-11	2.755030e-11	3.439472e-11	4.300272e-11
	5.393437e-11	6.793458e-11	8.598928e-11	1.094000e-10	1.398817e-10
	1.796895e-10	2.317797e-10	3.000174e-10	3.894442e-10	5.066241e-10
	6.601005e-10	8.610129e-10	1.123999e-09	1.468589e-09	1.921359e-09
	2.519193e-09	3.311507e-09	4.356397e-09	5.715825e-09	7.467029e-09
	9.726911e-09	1.265770e-08	1.644530e-08	2.128720e-08	2.742456e-08
	3.520669e-08	4.515328e-08	5.800200e-08	7.474741e-08	9.670577e-08
	1.256486e-07	1.639793e-07	2.149343e-07	2.827761e-07	3.732187e-07
	4.939866e-07	6.556117e-07	8.724700e-07	1.163992e-06	1.555383e-06
	2.076708e-06	2.759464e-06	3.631589e-06	4.713524e-06	6.017184e-06
	7.548908e-06	9.315125e-06	1.132700e-05	1.360236e-05	1.616689e-05
	1.905883e-05	2.233914e-05	2.610675e-05	3.051132e-05	3.575848e-05
	4.211485e-05	4.991785e-05	5.955923e-05	7.140420e-05	8.570920e-05
	1.026585e-04	1.225110e-04	1.456843e-04	1.726496e-04	2.038081e-04
	2.396067e-04	2.807312e-04	3.281633e-04	3.832230e-04	4.476866e-04
	5.240060e-04	6.156392e-04	7.273199e-04	8.651269e-04	1.036499e-03
	1.250550e-03	1.519089e-03	1.858243e-03	2.290026e-03	2.842951e-03
	3.551199e-03	4.453586e-03	5.597964e-03	7.056541e-03	8.953999e-03
	1.150811e-02	1.501370e-02	1.974191e-02	2.585316e-02	3.334080e-02
	4.204961e-02	5.173491e-02	6.204986e-02	7.259930e-02	8.309299e-02
	9.341918e-02	1.035895e-01	1.136598e-01	1.236914e-01	1.337568e-01
	1.439275e-01	1.541616e-01	1.641855e-01	1.735683e-01	1.820042e-01
	1.895049e-01	1.963157e-01	2.027025e-01	2.087623e-01	2.143582e-01
	2.192263e-01	2.231535e-01	2.261092e-01	2.282314e-01	2.297191e-01
	2.307535e-01	2.314704e-01	2.319646e-01	2.323021e-01	2.325295e-01
	2.326804e-01	2.327787e-01	2.328417e-01	2.328812e-01	2.329056e-01
	2.329204e-01
massfraction-H
	1.000000e-60	4.066092e-19	8.860005e-19	1.406289e-18	1.935870e-18
	2.470545e-18	3.027179e-18	3.637399e-18	4.348003e-18	5.226307e-18
	6.370678e-18	7.928740e-18	1.012822e-17	1.332916e-17	1.811265e-17
	2.543178e-17	3.686875e-17	5.507315e-17	8.450778e-17	1.327111e-16
	2.124125e-16	3.450302e-16	5.663801e-16	9.358624e-16	1.551049e-15
	2.570684e-15	4.251007e-15	7.004291e-15	1.149638e-14	1.881291e-14
	3.074333e-14	5.018543e-14	8.147684e-14	1.305312e-13	2.053987e-13
	3.178817e-13	4.851079e-13	7.297167e-13	1.080280e-12	1.575554e-12
	2.273911e-12	3.266766e-12	4.696219e-12	6.780036e-12	9.854318e-12
	1.445264e-11	2.143737e-11	3.220914e-11	4.905180e-11	7.578046e-11
	1.189173e-10	1.898682e-10	3.090364e-10	5.136702e-10	8.724314e-10
	1.510692e-09	2.650057e-09	4.661893e-09	8.127300e-09	1.388754e-08
	2.307658e-08	3.715034e-08	5.792951e-08	8.765605e-08	1.290736e-07
	1.856085e-07	2.617864e-07	3.640224e-07	5.016791e-07	6.881095e-07
	9.416978e-07	1.287068e-06	1.755069e-06	2.378771e-06	3.187171e-06
	4.203643e-06	5.451295e-06	6.955945e-06	8.736752e-06	1.079534e-05
	1.312312e-05	1.571524e-05	1.857353e-05	2.170607e-05	2.512865e-05
	2.886790e-05	3.296396e-05	3.746315e-05	4.239899e-05	4.777418e-05
	5.355646e-05	5.968947e-05	6.610113e-05	7.269128e-05	7.930380e-05
	8.570788e-05	9.161737e-05	9.674922e-05	1.008530e-04	1.036513e-04
	1.046957e-04	1.032524e-04	9.860081e-05	9.057204e-05	7.978871e-05
	6.742508e-05	5.475971e-05	4.290981e-05	3.262072e-05	2.414976e-05
	1.739720e-05	1.212879e-05	8.107062e-06	5.126051e-06	3.006208e-06
	1.590128e-06	7.360621e-07	2.934020e-07	1.018909e-07	3.192743e-08
	9.408807e-09	2.708834e-09	7.850048e-10	2.317398e-10	6.992514e-11
	2.194968e-11	7.391014e-12	2.730240e-12	1.107664e-12	4.858697e-13
	2.251841e-13	1.077816e-13	5.223701e-14	2.519494e-14	1.189306e-14
	5.389005e-15	2.280077e-15	8.581119e-16	2.582296e-16	4.448515e-17
	1.000000e-60
massfraction-OH
	1.000000e-60	1.468211e-27	7.647523e-27	2.213400e-26	5.018715e-26
	1.001149e-25	1.858693e-25	3.319730e-25	5.835694e-25	1.027566e-24
	1.838657e-24	3.383132e-24	6.461606e-24	1.289620e-23	2.699544e-23
	5.930591e-23	1.364188e-22	3.269794e-22	8.112486e-22	2.067494e-21
	5.369117e-21	1.409650e-20	3.714572e-20	9.762107e-20	2.545543e-19
	6.561359e-19	1.668185e-18	4.182046e-18	1.035550e-17	2.541733e-17
	6.212394e-17	1.514640e-16	3.656817e-16	8.620330e-16	1.967182e-15
	4.354796e-15	9.389275e-15	1.968116e-14	3.993285e-14	7.844210e-14
	1.501447e-13	2.826456e-13	5.276065e-13	9.816654e-13	1.825686e-12
	3.401877e-12	6.365559e-12	1.198052e-11	2.269477e-11	4.330983e-11
	8.336278e-11	1.620098e-10	3.181472e-10	6.313234e-10	1.263565e-09
	2.537007e-09	5.061299e-09	9.910086e-09	1.881783e-08	3.434370e-08
	5.998411e-08	1.003084e-07	1.612213e-07	2.504124e-07	3.780899e-07
	5.583428e-07	8.118080e-07	1.170707e-06	1.687132e-06	2.445405e-06
	3.580828e-06	5.308016e-06	7.952064e-06	1.195368e-05	1.782727e-05
	2.611075e-05	3.736948e-05	5.221545e-05	7.121605e-05	9.474909e-05
	1.230454e-04	1.563552e-04	1.950198e-04	2.395046e-04	2.904620e-04
	3.488384e-04	4.160076e-04	4.937819e-04	5.842282e-04	6.894486e-04
	8.115406e-04	9.528250e-04	1.116042e-03	1.304004e-03	1.518441e-03
	1.758316e-03	2.018827e-03	2.292749e-03	2.573271e-03	2.855354e-03
	3.133333e-03	3.390247e-03	3.592675e-03	3.702031e-03	3.689447e-03
	3.545605e-03	3.281659e-03	2.926768e-03	2.521240e-03	2.102901e-03
	1.698098e-03	1.322832e-03	9.873579e-04	6.989278e-04	4.622688e-04
	2.799646e-04	1.526619e-04	7.558293e-05	3.570963e-05	1.721368e-05
	8.793132e-06	4.752484e-06	2.667651e-06	1.534460e-06	9.035392e-07
	5.479366e-07	3.445427e-07	2.252298e-07	1.525253e-07	1.061540e-07
	7.518669e-08	5.368236e-08	3.831893e-08	2.714191e-08	1.893488e-08
	1.289292e-08	8.454808e-09	5.213371e-09	2.865947e-09	1.186390e-09
	1.000000e-60
massfraction-O
	1.000000e-60	8.607905e-28	4.209194e-27	1.122165e-26	2.283183e-26
	3.992054e-26	6.356068e-26	9.531483e-26	1.376115e-25	1.943786e-25
	2.721326e-25	3.812219e-25	5.389447e-25	7.733966e-25	1.131275e-24
	1.690196e-24	2.580102e-24	4.019571e-24	6.375529e-24	1.026430e-23
	1.671547e-23	2.743844e-23	4.524633e-23	7.472453e-23	1.232704e-22
	2.027080e-22	3.318105e-22	5.403471e-22	8.758277e-22	1.415008e-21
	2.283566e-21	3.683988e-21	5.918247e-21	9.398155e-21	1.468875e-20
	2.263034e-20	3.446733e-20	5.190043e-20	7.719048e-20	1.136054e-19
	1.664194e-19	2.446622e-19	3.642965e-19	5.546672e-19	8.731179e-19
	1.440313e-18	2.527342e-18	4.776633e-18	9.778273e-18	2.162679e-17
	5.123008e-17	1.285345e-16	3.380947e-16	9.246891e-16	2.608349e-15
	7.503168e-15	2.165034e-14	6.140871e-14	1.678591e-13	4.354309e-13
	1.062806e-12	2.437687e-12	5.274607e-12	1.083708e-11	2.129943e-11
	4.037407e-11	7.450988e-11	1.353728e-10	2.450346e-10	4.466993e-10
	8.272767e-10	1.566056e-09	3.035409e-09	5.984716e-09	1.183253e-08
	2.310770e-08	4.416287e-08	8.229457e-08	1.490390e-07	2.612003e-07
	4.421981e-07	7.247769e-07	1.155032e-06	1.798376e-06	2.749270e-06
	4.147874e-06	6.208495e-06	9.261680e-06	1.380676e-05	2.057202e-05
	3.058533e-05	4.526671e-05	6.653125e-05	9.681287e-05	1.388307e-04
	1.949548e-04	2.663980e-04	3.530693e-04	4.545220e-04	5.712153e-04
	7.047442e-04	8.532584e-04	1.005308e-03	1.140473e-03	1.235919e-03
	1.274985e-03	1.252024e-03	1.172951e-03	1.052854e-03	9.095306e-04
	7.576397e-04	6.074694e-04	4.663212e-04	3.397573e-04	2.320027e-04
	1.461959e-04	8.438424e-05	4.566892e-05	2.468617e-05	1.421179e-05
	8.882448e-06	5.910176e-06	4.067944e-06	2.837919e-06	1.990332e-06
	1.403897e-06	1.000206e-06	7.222834e-07	5.285394e-07	3.904473e-07
	2.894809e-07	2.140514e-07	1.569322e-07	1.134358e-07	8.035233e-08
	5.533786e-08	3.659531e-08	2.270608e-08	1.254075e-08	5.210372e-09
	1.000000e-60
massfraction-H2
	1.000000e-60	1.983037e-05	4.102297e-05	6.332973e-05	8.650920e-05
	1.104018e-04	1.348836e-04	1.598379e-04	1.851588e-04	2.107550e-04
	2.365511e-04	2.624879e-04	2.885213e-04	3.146208e-04	3.407665e-04
	3.669463e-04	3.931522e-04	4.193804e-04	4.456322e-04	4.719148e-04
	4.982400e-04	5.246216e-04	5.510741e-04	5.776135e-04	6.042571e-04
	6.310259e-04	6.579482e-04	6.850674e-04	7.124554e-04	7.402219e-04
	7.685183e-04	7.974464e-04	8.268697e-04	8.564544e-04	8.860393e-04
	9.158123e-04	9.460084e-04	9.765854e-04	1.007304e-03	1.038039e-03
	1.068934e-03	1.100318e-03	1.132538e-03	1.165840e-03	1.200359e-03
	1.236181e-03	1.273372e-03	1.312022e-03	1.351933e-03	1.393119e-03
	1.435531e-03	1.479134e-03	1.523881e-03	1.569671e-03	1.616239e-03
	1.663027e-03	1.709151e-03	1.753551e-03	1.795245e-03	1.833530e-03
	1.868046e-03	1.898730e-03	1.925690e-03	1.949069e-03	1.968990e-03
	1.985534e-03	1.998739e-03	2.008557e-03	2.014766e-03	2.016890e-03
	2.014211e-03	2.005868e-03	1.991085e-03	1.969616e-03	1.942128e-03
	1.909996e-03	1.874641e-03	1.837155e-03	1.798440e-03	1.759338e-03
	1.720431e-03	1.681907e-03	1.643702e-03	1.605610e-03	1.567330e-03
	1.528459e-03	1.488483e-03	1.446839e-03	1.403050e-03	1.356801e-03
	1.307897e-03	1.256128e-03	1.201178e-03	1.142693e-03	1.080513e-03
	1.014919e-03	9.466659e-04	8.765525e-04	8.048085e-04	7.307619e-04
	6.530123e-04	5.713816e-04	4.882362e-04	4.070664e-04	3.312417e-04
	2.632728e-04	2.045849e-04	1.558866e-04	1.170395e-04	8.694278e-05
	6.401993e-05	4.679173e-05	3.409359e-05	2.502505e-05	1.882983e-05
	1.482592e-05	1.238129e-05	1.091065e-05	9.951132e-06	9.228408e-06
	8.609435e-06	8.024610e-06	7.428610e-06	6.794240e-06	6.117806e-06
	5.419502e-06	4.734716e-06	4.096274e-06	3.520757e-06	3.009219e-06
	2.554533e-06	2.148243e-06	1.783690e-06	1.456225e-06	1.162739e-06
	9.009374e-07	6.688522e-07	4.645727e-07	2.861850e-07	1.319785e-07
	1.000000e-60
massfraction-H2O
	1.000000e-60	1.010589e-04	2.330485e-04	4.012677e-04	6.106536e-04
	8.662433e-04	1.172851e-03	1.534629e-03	1.954937e-03	2.436262e-03
	2.980210e-03	3.587543e-03	4.258256e-03	4.991660e-03	5.786457e-03
	6.640802e-03	7.552346e-03	8.518346e-03	9.535862e-03	1.060194e-02
	1.171367e-02	1.286826e-02	1.406298e-02	1.529530e-02	1.656291e-02
	1.786388e-02	1.919687e-02	2.056153e-02	2.195926e-02	2.339371e-02
	2.487105e-02	2.639516e-02	2.795738e-02	2.953828e-02	3.112746e-02
	3.273337e-02	3.436734e-02	3.602584e-02	3.769464e-02	3.936574e-02
	4.104588e-02	4.275188e-02	4.450160e-02	4.630730e-02	4.817487e-02
	5.010752e-02	5.210705e-02	5.417549e-02	5.630193e-02	5.848385e-02
	6.071613e-02	6.299416e-02	6.531265e-02	6.766333e-02	7.002963e-02
	7.238095e-02	7.467218e-02	7.685244e-02	7.887861e-02	8.072448e-02
	8.238303e-02	8.386288e-02	8.518123e-02	8.635749e-02	8.741017e-02
	8.835659e-02	8.921371e-02	8.999825e-02	9.072487e-02	9.140363e-02
	9.203920e-02	9.263194e-02	9.317799e-02	9.366966e-02	9.409966e-02
	9.446667e-02	9.477607e-02	9.503590e-02	9.525288e-02	9.543198e-02
	9.557801e-02	9.569591e-02	9.578995e-02	9.586356e-02	9.591940e-02
	9.595941e-02	9.598491e-02	9.599647e-02	9.599398e-02	9.597676e-02
	9.594360e-02	9.589239e-02	9.581947e-02	9.571894e-02	9.558233e-02
	9.539873e-02	9.515539e-02	9.483684e-02	9.442089e-02	9.387072e-02
	9.312395e-02	9.210032e-02	9.073449e-02	8.899597e-02	8.689070e-02
	8.444632e-02	8.169915e-02	7.870846e-02	7.555319e-02	7.229432e-02
	6.894997e-02	6.550462e-02	6.192876e-02	5.818951e-02	5.424763e-02
	5.006134e-02	4.563571e-02	4.108861e-02	3.663556e-02	3.245815e-02
	2.858832e-02	2.492585e-02	2.133686e-02	1.776207e-02	1.427706e-02
	1.106048e-02	8.299596e-03	6.088695e-03	4.403336e-03	3.152521e-03
	2.234333e-03	1.563872e-03	1.077513e-03	7.281739e-04	4.805788e-04
	3.078168e-04	1.892869e-04	1.093633e-04	5.641150e-05	2.198803e-05
	1.000000e-60
massfraction-HO2
	1.000000e-60	9.783395e-13	2.263985e-12	3.912343e-12	5.976009e-12
	8.509260e-12	1.156491e-11	1.518999e-11	1.942435e-11	2.429992e-11
	2.984065e-11	3.606287e-11	4.297610e-11	5.058393e-11	5.888468e-11
	6.787195e-11	7.753478e-11	8.785861e-11	9.882694e-11	1.104230e-10
	1.226303e-10	1.354324e-10	1.488133e-10	1.627573e-10	1.772504e-10
	1.922812e-10	2.078436e-10	2.239419e-10	2.406003e-10	2.578697e-10
	2.758324e-10	2.945435e-10	3.139016e-10	3.336631e-10	3.536872e-10
	3.740654e-10	3.949234e-10	4.161910e-10	4.376493e-10	4.591464e-10
	4.807085e-10	5.024759e-10	5.245779e-10	5.470367e-10	5.697478e-10
	5.925111e-10	6.150286e-10	6.369148e-10	6.575550e-10	6.764008e-10
	6.929144e-10	7.067561e-10	7.180612e-10	7.279525e-10	7.393647e-10
	7.580665e-10	7.932727e-10	8.569663e-10	9.618202e-10	1.118855e-09
	1.336222e-09	1.619481e-09	1.972470e-09	2.397857e-09	2.897395e-09
	3.472663e-09	4.126761e-09	4.866531e-09	5.703274e-09	6.651070e-09
	7.725488e-09	8.945764e-09	1.033820e-08	1.193777e-08	1.379123e-08
	1.596270e-08	1.853900e-08	2.162824e-08	2.534083e-08	2.976934e-08
	3.500283e-08	4.115817e-08	4.839414e-08	5.692197e-08	6.702589e-08
	7.909868e-08	9.369384e-08	1.115660e-07	1.336737e-07	1.611658e-07
	1.954061e-07	2.381000e-07	2.915027e-07	3.585954e-07	4.431015e-07
	5.492997e-07	6.818558e-07	8.464333e-07	1.051620e-06	1.312020e-06
	1.651819e-06	2.098964e-06	2.668837e-06	3.354797e-06	4.128597e-06
	4.952029e-06	5.789737e-06	6.610597e-06	7.391100e-06	8.122104e-06
	8.807911e-06	9.458447e-06	1.008150e-05	1.067566e-05	1.121784e-05
	1.163083e-05	1.172132e-05	1.113585e-05	9.544033e-06	7.193912e-06
	4.862442e-06	3.056856e-06	1.830447e-06	1.054940e-06	5.906127e-07
	3.266104e-07	1.826443e-07	1.054170e-07	6.334340e-08	3.951174e-08
	2.533841e-08	1.651229e-08	1.081411e-08	7.044843e-09	4.520395e-09
	2.826633e-09	1.698477e-09	9.579626e-10	4.816519e-10	1.828742e-10
	1.000000e-60
massfraction-H2O2
	1.000000e-60	1.818221e-15	4.212525e-15	7.288212e-15	1.114538e-14
	1.588702e-14	2.161288e-14	2.841098e-14	3.635472e-14	4.550114e-14
	5.589062e-14	6.754757e-14	8.048195e-14	9.469115e-14	1.101617e-13
	1.268704e-13	1.447855e-13	1.638687e-13	1.840787e-13	2.053746e-13
	2.277168e-13	2.510674e-13	2.753900e-13	3.006503e-13	3.268179e-13
	3.538679e-13	3.817861e-13	4.105777e-13	4.402834e-13	4.709922e-13
	5.028481e-13	5.359476e-13	5.701124e-13	6.049196e-13	6.401333e-13
	6.759326e-13	7.125626e-13	7.499332e-13	7.877016e-13	8.256450e-13
	8.638458e-13	9.025629e-13	9.419710e-13	9.819045e-13	1.021668e-12
	1.059843e-12	1.093931e-12	1.119949e-12	1.131951e-12	1.122987e-12
	1.086615e-12	1.020258e-12	9.288350e-13	8.256429e-13	7.279252e-13
	6.497191e-13	5.986913e-13	5.782671e-13	5.902155e-13	6.357730e-13
	7.165264e-13	8.357028e-13	9.996933e-13	1.219815e-12	1.514920e-12
	1.916256e-12	2.477065e-12	3.291855e-12	4.533817e-12	6.526598e-12
	9.884722e-12	1.578837e-11	2.646940e-11	4.589290e-11	8.046350e-11
	1.396829e-10	2.370867e-10	3.915048e-10	6.272454e-10	9.723873e-10
	1.458177e-09	2.121262e-09	3.006397e-09	4.169850e-09	5.685243e-09
	7.653708e-09	1.022024e-08	1.359295e-08	1.806052e-08	2.401122e-08
	3.196651e-08	4.264744e-08	5.707621e-08	7.667741e-08	1.033040e-07
	1.390940e-07	1.861672e-07	2.465056e-07	3.223946e-07	4.173637e-07
	5.371353e-07	6.872837e-07	8.688669e-07	1.078445e-06	1.311232e-06
	1.565622e-06	1.846094e-06	2.161853e-06	2.525593e-06	2.955356e-06
	3.478103e-06	4.132603e-06	4.969293e-06	6.035790e-06	7.298689e-06
	8.419979e-06	8.696534e-06	7.890425e-06	6.631527e-06	5.460235e-06
	4.497729e-06	3.698796e-06	3.004265e-06	2.381947e-06	1.828735e-06
	1.356935e-06	9.780254e-07	6.910233e-07	4.823519e-07	3.337900e-07
	2.288143e-07	1.549054e-07	1.031930e-07	6.738760e-08	4.295441e-08
	2.656648e-08	1.577844e-08	8.812365e-09	4.401150e-09	1.665063e-09
	1.000000e-60
massfraction-CO
	1.000000e-60	4.185306e-05	9.658408e-05	1.664289e-04	2.534858e-04
	3.599111e-04	4.877887e-04	6.389551e-04	8.149477e-04	1.016980e-03
	1.245945e-03	1.502433e-03	1.786770e-03	2.099051e-03	2.439176e-03
	2.806861e-03	3.201655e-03	3.622970e-03	4.070151e-03	4.542540e-03
	5.039497e-03	5.560393e-03	6.104611e-03	6.671561e-03	7.260714e-03
	7.871654e-03	8.504176e-03	9.158515e-03	9.835705e-03	1.053789e-02
	1.126850e-02	1.202991e-02	1.281816e-02	1.362357e-02	1.444070e-02
	1.527376e-02	1.612855e-02	1.700319e-02	1.789000e-02	1.878442e-02
	1.968972e-02	2.061474e-02	2.156909e-02	2.255950e-02	2.358924e-02
	2.466012e-02	2.577310e-02	2.692898e-02	2.812184e-02	2.934966e-02
	3.060905e-02	3.189678e-02	3.320912e-02	3.454052e-02	3.588064e-02
	3.721115e-02	3.850558e-02	3.973451e-02	4.087334e-02	4.190751e-02
	4.283357e-02	4.365703e-02	4.438818e-02	4.503848e-02	4.561870e-02
	4.613885e-02	4.660855e-02	4.703714e-02	4.743260e-02	4.780017e-02
	4.814189e-02	4.845707e-02	4.874243e-02	4.899250e-02	4.920237e-02
	4.937096e-02	4.950114e-02	4.959713e-02	4.966224e-02	4.969861e-02
	4.970769e-02	4.968992e-02	4.964422e-02	4.956773e-02	4.945558e-02
	4.930033e-02	4.909109e-02	4.881265e-02	4.844546e-02	4.796647e-02
	4.734989e-02	4.656661e-02	4.558278e-02	4.436056e-02	4.286432e-02
	4.107249e-02	3.898763e-02	3.662994e-02	3.401295e-02	3.111966e-02
	2.789780e-02	2.434304e-02	2.058340e-02	1.683697e-02	1.333561e-02
	1.025387e-02	7.681701e-03	5.644517e-03	4.108149e-03	2.989245e-03
	2.189041e-03	1.621618e-03	1.221724e-03	9.412927e-04	7.442766e-04
	6.035920e-04	4.997025e-04	4.193458e-04	3.545006e-04	3.006992e-04
	2.548120e-04	2.140764e-04	1.763804e-04	1.409098e-04	1.083244e-04
	8.005946e-05	5.727793e-05	4.011523e-05	2.776027e-05	1.906307e-05
	1.298394e-05	8.744931e-06	5.802913e-06	3.779052e-06	2.404755e-06
	1.486122e-06	8.826187e-07	4.932273e-07	2.465701e-07	9.339207e-08
	1.000000e-60
massfraction-CO2
	1.000000e-60	3.452345e-05	8.407385e-05	1.532182e-04	2.470466e-04
	3.713371e-04	5.323924e-04	7.367335e-04	9.908759e-04	1.301112e-03
	1.673327e-03	2.112849e-03	2.624349e-03	3.211780e-03	3.878327e-03
	4.626371e-03	5.457460e-03	6.372349e-03	7.371155e-03	8.453528e-03
	9.618757e-03	1.086581e-02	1.219337e-02	1.359996e-02	1.508405e-02
	1.664423e-02	1.827954e-02	1.999010e-02	2.177813e-02	2.364891e-02
	2.561131e-02	2.767150e-02	2.981845e-02	3.202510e-02	3.427549e-02
	3.658015e-02	3.895436e-02	4.139214e-02	4.387124e-02	4.637789e-02
	4.892029e-02	5.152245e-02	5.421071e-02	5.700323e-02	5.990845e-02
	6.293045e-02	6.607076e-02	6.932985e-02	7.269014e-02	7.614365e-02
	7.967874e-02	8.328399e-02	8.694645e-02	9.064799e-02	9.435717e-02
	9.802088e-02	1.015648e-01	1.049083e-01	1.079862e-01	1.107624e-01
	1.132317e-01	1.154132e-01	1.173382e-01	1.190407e-01	1.205521e-01
	1.219014e-01	1.231163e-01	1.242233e-01	1.252459e-01	1.262009e-01
	1.270980e-01	1.279415e-01	1.287309e-01	1.294601e-01	1.301229e-01
	1.307198e-01	1.312593e-01	1.317537e-01	1.322127e-01	1.326427e-01
	1.330494e-01	1.334396e-01	1.338202e-01	1.341979e-01	1.345792e-01
	1.349710e-01	1.353811e-01	1.358178e-01	1.362883e-01	1.367980e-01
	1.373498e-01	1.379453e-01	1.385848e-01	1.392659e-01	1.399784e-01
	1.407000e-01	1.413935e-01	1.420099e-01	1.424894e-01	1.427482e-01
	1.426424e-01	1.419245e-01	1.402750e-01	1.374158e-01	1.332258e-01
	1.277723e-01	1.212596e-01	1.140058e-01	1.063820e-01	9.868080e-02
	9.104752e-02	8.351881e-02	7.608631e-02	6.873021e-02	6.141907e-02
	5.412223e-02	4.689214e-02	3.994309e-02	3.358326e-02	2.800972e-02
	2.319014e-02	1.894357e-02	1.509185e-02	1.157414e-02	8.466907e-03
	5.899462e-03	3.945604e-03	2.566543e-03	1.642329e-03	1.039736e-03
	6.513115e-04	4.025504e-04	2.446174e-04	1.456291e-04	8.462536e-05
	4.775730e-05	2.593698e-05	1.329610e-05	6.129168e-06	2.156638e-06
	1.000000e-60
massfraction-CH
	1.000000e-60	1.128060e-33	1.000000e-60	1.000000e-60	1.552441e-32
	1.000000e-60	1.718950e-33	1.000000e-60	2.962436e-33	1.000000e-60
	1.000000e-60	5.717048e-32	1.000000e-60	7.742007e-32	1.000000e-60
	6.430616e-32	1.000000e-60	3.025573e-32	1.328734e-31	1.000000e-60
	1.530006e-31	7.543825e-31	2.422043e-30	8.808420e-30	3.162442e-29
	1.109211e-28	3.808821e-28	1.308691e-27	4.423208e-27	1.478815e-26
	4.896948e-26	1.607783e-25	5.180403e-25	1.608168e-24	4.761194e-24
	1.349944e-23	3.689854e-23	9.715031e-23	2.454173e-22	5.960407e-22
	1.405769e-21	3.263300e-21	7.545162e-21	1.751513e-20	4.103111e-20
	9.745931e-20	2.357718e-19	5.826412e-19	1.472635e-18	3.812700e-18
	1.013754e-17	2.777554e-17	7.872216e-17	2.316195e-16	7.081997e-16
	2.239546e-15	7.229243e-15	2.333649e-14	7.357576e-14	2.217399e-13
	6.292877e-13	1.670726e-12	4.151515e-12	9.698491e-12	2.143671e-11
	4.517522e-11	9.161342e-11	1.807597e-10	3.509263e-10	6.765245e-10
	1.302695e-09	2.512245e-09	4.844992e-09	9.271552e-09	1.739173e-08
	3.164997e-08	5.564072e-08	9.448535e-08	1.548615e-07	2.443613e-07
	3.709014e-07	5.426820e-07	7.680415e-07	1.055121e-06	1.411530e-06
	1.843990e-06	2.357448e-06	2.951770e-06	3.614736e-06	4.313426e-06
	4.988370e-06	5.553603e-06	5.902496e-06	5.921975e-06	5.525068e-06
	4.705058e-06	3.580952e-06	2.376571e-06	1.327831e-06	5.889117e-07
	1.887485e-07	3.960285e-08	5.209304e-09	4.421447e-10	2.631392e-11
	1.227708e-12	5.134582e-14	2.304502e-15	1.358771e-16	1.138749e-17
	1.227371e-18	1.495243e-19	1.905643e-20	2.438222e-21	3.032784e-22
	3.531301e-23	3.712962e-24	3.502816e-25	3.120556e-26	2.838350e-27
	2.738045e-28	2.734541e-29	2.695399e-30	2.880554e-31	5.120944e-32
	7.228995e-34	8.232186e-33	1.000000e-60	2.352264e-33	9.318419e-34
	1.835643e-33	2.031203e-34	1.000000e-60	5.088385e-34	1.000000e-60
	1.000000e-60	1.000000e-60	1.000000e-60	1.000000e-60	1.000000e-60
	1.000000e-60
massfraction-CHO
	1.000000e-60	7.476335e-16	1.827432e-15	3.343232e-15	5.411706e-15
	8.165989e-15	1.175204e-14	1.632163e-14	2.202699e-14	2.901534e-14
	3.742413e-14	4.737698e-14	5.898057e-14	7.232234e-14	8.746848e-14
	1.044618e-13	1.233197e-13	1.440322e-13	1.665628e-13	1.908458e-13
	2.167806e-13	2.442191e-13	2.729492e-13	3.026744e-13	3.329936e-13
	3.633917e-13	3.932577e-13	4.219573e-13	4.489785e-13	4.741427e-13
	4.978411e-13	5.211347e-13	5.455324e-13	5.724611e-13	6.028388e-13
	6.371399e-13	6.756049e-13	7.184420e-13	7.662776e-13	8.206432e-13
	8.841429e-13	9.603906e-13	1.054020e-12	1.170976e-12	1.319390e-12
	1.511127e-12	1.763427e-12	2.100916e-12	2.558806e-12	3.190327e-12
	4.078896e-12	5.359176e-12	7.253078e-12	1.013422e-11	1.463572e-11
	2.180994e-11	3.332324e-11	5.162488e-11	7.999873e-11	1.224287e-10
	1.833549e-10	2.675184e-10	3.799720e-10	5.261852e-10	7.122525e-10
	9.454778e-10	1.235672e-09	1.597354e-09	2.052276e-09	2.631659e-09
	3.379087e-09	4.355705e-09	5.645539e-09	7.355523e-09	9.613784e-09
	1.257935e-08	1.646854e-08	2.157768e-08	2.826387e-08	3.689293e-08
	4.782939e-08	6.146608e-08	7.822643e-08	9.855214e-08	1.228967e-07
	1.517241e-07	1.854847e-07	2.244557e-07	2.683640e-07	3.158886e-07
	3.642420e-07	4.089551e-07	4.438062e-07	4.610196e-07	4.525059e-07
	4.130649e-07	3.447755e-07	2.588306e-07	1.720298e-07	1.003523e-07
	5.324623e-08	2.986356e-08	2.023221e-08	1.516766e-08	1.123846e-08
	7.967139e-09	5.409410e-09	3.555237e-09	2.294304e-09	1.471075e-09
	9.428533e-10	6.049334e-10	3.878856e-10	2.469179e-10	1.532274e-10
	8.908934e-11	4.537401e-11	1.869141e-11	5.996074e-12	1.562807e-12
	3.576122e-13	7.617471e-14	1.552816e-14	3.028181e-15	5.623671e-16
	1.019486e-16	1.908746e-17	3.904616e-18	8.959443e-19	2.291884e-19
	6.369823e-20	1.864523e-20	5.582971e-21	1.665314e-21	4.822905e-22
	1.316926e-22	3.253385e-23	6.766005e-24	1.010555e-24	6.566072e-26
	1.000000e-60
massfraction-CH2
	1.000000e-60	2.183243e-23	4.719432e-23	7.449581e-23	1.023957e-22
	1.312539e-22	1.628616e-22	2.003141e-22	2.484668e-22	3.150863e-22
	4.131517e-22	5.653764e-22	8.132714e-22	1.235763e-21	1.988407e-21
	3.387832e-21	6.096867e-21	1.153611e-20	2.280750e-20	4.677460e-20
	9.873871e-20	2.128689e-19	4.651790e-19	1.023325e-18	2.252479e-18
	4.936058e-18	1.072789e-17	2.306925e-17	4.905022e-17	1.032176e-16
	2.154316e-16	4.461635e-16	9.113488e-16	1.816838e-15	3.515707e-15
	6.623926e-15	1.220479e-14	2.198208e-14	3.860199e-14	6.615282e-14
	1.112706e-13	1.851480e-13	3.068904e-13	5.090484e-13	8.473191e-13
	1.418738e-12	2.394962e-12	4.081707e-12	7.025651e-12	1.222080e-11
	2.150744e-11	3.835633e-11	6.944447e-11	1.278472e-10	2.393736e-10
	4.544324e-10	8.682108e-10	1.650764e-09	3.085018e-09	5.605343e-09
	9.830631e-09	1.659656e-08	2.699620e-08	4.243148e-08	6.468356e-08
	9.604866e-08	1.396306e-07	1.999031e-07	2.835282e-07	4.003041e-07
	5.642729e-07	7.951207e-07	1.118883e-06	1.565563e-06	2.163916e-06
	2.938305e-06	3.910381e-06	5.099235e-06	6.511551e-06	8.130718e-06
	9.922213e-06	1.184533e-05	1.385569e-05	1.590404e-05	1.793544e-05
	1.988746e-05	2.168548e-05	2.323162e-05	2.439441e-05	2.501276e-05
	2.491833e-05	2.396715e-05	2.207183e-05	1.924347e-05	1.565146e-05
	1.166819e-05	7.818849e-06	4.601075e-06	2.296982e-06	9.178421e-07
	2.679271e-07	5.221160e-08	6.607516e-09	5.695901e-10	3.701498e-11
	2.055776e-12	1.122588e-13	7.170307e-15	6.405692e-16	8.411826e-17
	1.456763e-17	2.949134e-18	6.541989e-19	1.549840e-19	3.881398e-20
	1.020441e-20	2.804950e-21	8.120908e-22	2.558452e-22	9.095174e-23
	3.624826e-23	1.541874e-23	6.571006e-24	2.648691e-24	9.647812e-25
	3.086432e-25	8.841567e-26	2.477000e-26	7.521034e-27	2.614488e-27
	1.044032e-27	4.681090e-28	2.284199e-28	1.173135e-28	6.124280e-29
	3.126922e-29	1.489698e-29	6.195527e-30	1.993540e-30	3.518284e-31
	1.000000e-60
massfraction-CH2O
	1.000000e-60	2.161499e-08	5.293392e-08	9.703692e-08	1.574036e-07
	2.380219e-07	3.432838e-07	4.777813e-07	6.461462e-07	8.528893e-07
	1.102255e-06	1.398099e-06	1.743800e-06	2.142193e-06	2.595522e-06
	3.105400e-06	3.672778e-06	4.297973e-06	4.980776e-06	5.720576e-06
	6.516448e-06	7.367188e-06	8.271369e-06	9.227422e-06	1.023373e-05
	1.128877e-05	1.239133e-05	1.354095e-05	1.473859e-05	1.598722e-05
	1.729217e-05	1.865695e-05	2.007365e-05	2.152397e-05	2.299721e-05
	2.450003e-05	2.604207e-05	2.761909e-05	2.921641e-05	3.082497e-05
	3.244980e-05	3.410582e-05	3.580904e-05	3.756984e-05	3.939201e-05
	4.127609e-05	4.322034e-05	4.522166e-05	4.726423e-05	4.933723e-05
	5.142542e-05	5.351088e-05	5.557089e-05	5.757449e-05	5.947695e-05
	6.121602e-05	6.271659e-05	6.390630e-05	6.473410e-05	6.518043e-05
	6.525574e-05	6.499038e-05	6.442289e-05	6.359246e-05	6.253586e-05
	6.128514e-05	5.986455e-05	5.828776e-05	5.656064e-05	5.469134e-05
	5.270250e-05	5.064094e-05	4.858897e-05	4.667022e-05	4.502465e-05
	4.376246e-05	4.294361e-05	4.259435e-05	4.272475e-05	4.332505e-05
	4.436245e-05	4.579110e-05	4.755855e-05	4.960508e-05	5.186074e-05
	5.424078e-05	5.663637e-05	5.889370e-05	6.078644e-05	6.200156e-05
	6.215338e-05	6.082230e-05	5.760993e-05	5.223317e-05	4.469495e-05
	3.549401e-05	2.568488e-05	1.658319e-05	9.269017e-06	4.265246e-06
	1.491779e-06	3.656143e-07	6.102685e-08	7.195801e-09	6.509556e-10
	5.006114e-11	3.657187e-12	2.871749e-13	2.740108e-14	3.451515e-15
	5.807993e-16	1.251630e-16	3.285170e-17	1.017605e-17	3.675884e-18
	1.549808e-18	7.660125e-19	4.404219e-19	2.870630e-19	2.049445e-19
	1.548328e-19	1.200938e-19	9.325687e-20	7.105526e-20	5.236038e-20
	3.704016e-20	2.519604e-20	1.663010e-20	1.075559e-20	6.856345e-21
	4.311739e-21	2.669412e-21	1.622282e-21	9.648298e-22	5.596817e-22
	3.151433e-22	1.707233e-22	8.728736e-23	4.013225e-23	1.408659e-23
	1.000000e-60
massfraction-CH3
	1.000000e-60	1.481126e-10	3.372889e-10	5.736341e-10	8.629985e-10
	1.211928e-09	1.627529e-09	2.117240e-09	2.689017e-09	3.351584e-09
	4.114724e-09	4.989609e-09	5.989138e-09	7.128273e-09	8.424355e-09
	9.897374e-09	1.157022e-08	1.346902e-08	1.562380e-08	1.806911e-08
	2.084486e-08	2.399698e-08	2.757847e-08	3.165071e-08	3.628536e-08
	4.156711e-08	4.759785e-08	5.450400e-08	6.244896e-08	7.165124e-08
	8.240962e-08	9.509682e-08	1.100757e-07	1.276596e-07	1.482886e-07
	1.727617e-07	2.021923e-07	2.377439e-07	2.805513e-07	3.320096e-07
	3.941884e-07	4.700714e-07	5.636166e-07	6.798386e-07	8.253393e-07
	1.009471e-06	1.245498e-06	1.551614e-06	1.952097e-06	2.480604e-06
	3.184760e-06	4.133406e-06	5.427470e-06	7.215806e-06	9.714283e-06
	1.322113e-05	1.811528e-05	2.482376e-05	3.375426e-05	4.520696e-05
	5.931075e-05	7.602074e-05	9.515843e-05	1.164577e-04	1.396123e-04
	1.643462e-04	1.905020e-04	2.181179e-04	2.474253e-04	2.787703e-04
	3.125548e-04	3.492183e-04	3.890727e-04	4.318591e-04	4.763603e-04
	5.205235e-04	5.619805e-04	5.983741e-04	6.274157e-04	6.472371e-04
	6.568876e-04	6.562980e-04	6.459221e-04	6.264737e-04	5.987647e-04
	5.635911e-04	5.216692e-04	4.737296e-04	4.207816e-04	3.643295e-04
	3.063288e-04	2.489088e-04	1.941375e-04	1.439968e-04	1.003944e-04
	6.493567e-05	3.841618e-05	2.041099e-05	9.449990e-06	3.615851e-06
	1.052193e-06	2.148162e-07	3.004758e-08	3.004008e-09	2.342427e-10
	1.581427e-11	1.028954e-12	7.210205e-14	6.028685e-15	6.444726e-16
	9.002965e-17	1.616043e-17	3.605858e-18	9.704991e-19	3.088198e-19
	1.147984e-19	4.924538e-20	2.378182e-20	1.254375e-20	7.087879e-21
	4.222097e-21	2.589490e-21	1.589150e-21	9.513511e-22	5.473709e-22
	3.029614e-22	1.642457e-22	8.941823e-23	4.974952e-23	2.844229e-23
	1.665348e-23	9.919923e-24	5.971686e-24	3.611440e-24	2.181142e-24
	1.305353e-24	7.642716e-25	4.272219e-25	2.158841e-25	8.313596e-26
	1.000000e-60
massfraction-CH4
	1.000000e-60	1.639210e-05	3.735659e-05	6.354616e-05	9.553571e-05
	1.339024e-04	1.791822e-04	2.318136e-04	2.921291e-04	3.603535e-04
	4.366116e-04	5.209388e-04	6.132964e-04	7.135850e-04	8.216553e-04
	9.373150e-04	1.060331e-03	1.190443e-03	1.327382e-03	1.470890e-03
	1.620727e-03	1.776665e-03	1.938490e-03	2.106006e-03	2.279041e-03
	2.457465e-03	2.641215e-03	2.830357e-03	3.025193e-03	3.226338e-03
	3.434767e-03	3.651146e-03	3.874348e-03	4.101656e-03	4.331583e-03
	4.565351e-03	4.804626e-03	5.048913e-03	5.296110e-03	5.544992e-03
	5.796519e-03	6.053187e-03	6.317696e-03	6.591931e-03	6.876828e-03
	7.172913e-03	7.480474e-03	7.799779e-03	8.129148e-03	8.468019e-03
	8.815364e-03	9.170079e-03	9.530722e-03	9.894999e-03	1.025872e-02
	1.061460e-02	1.095199e-02	1.125816e-02	1.152068e-02	1.172934e-02
	1.187706e-02	1.195958e-02	1.197446e-02	1.192019e-02	1.179575e-02
	1.160025e-02	1.133207e-02	1.098737e-02	1.055950e-02	1.004049e-02
	9.424317e-03	8.710834e-03	7.911765e-03	7.057502e-03	6.193745e-03
	5.364480e-03	4.597358e-03	3.904290e-03	3.290310e-03	2.757114e-03
	2.300872e-03	1.913064e-03	1.584013e-03	1.304767e-03	1.067534e-03
	8.656722e-04	6.936498e-04	5.472525e-04	4.236200e-04	3.207740e-04
	2.369242e-04	1.700365e-04	1.178778e-04	7.828548e-05	4.930896e-05
	2.913921e-05	1.597078e-05	7.990118e-06	3.548137e-06	1.330688e-06
	3.902850e-07	8.331472e-08	1.273371e-08	1.458422e-09	1.364292e-10
	1.150230e-11	9.614158e-13	8.727842e-14	9.285360e-15	1.211857e-15
	1.971658e-16	3.999778e-17	1.008744e-17	3.160976e-18	1.234239e-18
	6.031930e-19	3.658424e-19	2.631789e-19	2.095093e-19	1.747946e-19
	1.483131e-19	1.257319e-19	1.049854e-19	8.528762e-20	6.686801e-20
	5.052366e-20	3.701190e-20	2.655997e-20	1.883324e-20	1.324904e-20
	9.242911e-21	6.375982e-21	4.333582e-21	2.890833e-21	1.884256e-21
	1.192496e-21	7.249177e-22	4.142811e-22	2.115224e-22	8.168170e-23
	1.000000e-60
massfraction-C2H6
	1.000000e-60	2.699143e-07	6.601243e-07	1.208448e-06	1.957502e-06
	2.956060e-06	4.257796e-06	5.918807e-06	7.995733e-06	1.054389e-05
	1.361559e-05	1.725883e-05	2.151630e-05	2.642469e-05	3.201422e-05
	3.830821e-05	4.532272e-05	5.306683e-05	6.154389e-05	7.075299e-05
	8.068980e-05	9.134690e-05	1.027143e-04	1.147802e-04	1.275321e-04
	1.409585e-04	1.550515e-04	1.698122e-04	1.852602e-04	2.014411e-04
	2.184318e-04	2.362861e-04	2.549083e-04	2.740632e-04	2.936109e-04
	3.136418e-04	3.342871e-04	3.554935e-04	3.770653e-04	3.988799e-04
	4.210060e-04	4.436486e-04	4.670321e-04	4.913075e-04	5.165389e-04
	5.427484e-04	5.699307e-04	5.980637e-04	6.269596e-04	6.564995e-04
	6.865129e-04	7.168018e-04	7.471107e-04	7.770726e-04	8.061129e-04
	8.333520e-04	8.576005e-04	8.775030e-04	8.917606e-04	8.993044e-04
	8.993740e-04	8.915006e-04	8.754447e-04	8.511663e-04	8.188341e-04
	7.788011e-04	7.314950e-04	6.772789e-04	6.164932e-04	5.497933e-04
	4.785707e-04	4.051955e-04	3.331069e-04	2.664721e-04	2.088381e-04
	1.616731e-04	1.243349e-04	9.519609e-05	7.262723e-05	5.527010e-05
	4.196420e-05	3.174349e-05	2.386669e-05	1.778525e-05	1.309181e-05
	9.479383e-06	6.714654e-06	4.622945e-06	3.073404e-06	1.961170e-06
	1.193956e-06	6.880481e-07	3.709604e-07	1.841043e-07	8.245033e-08
	3.260327e-08	1.111942e-08	3.170059e-09	7.172095e-10	1.180845e-10
	1.257609e-11	8.025701e-13	3.189923e-14	8.947341e-16	2.044675e-17
	4.302195e-19	9.205545e-21	2.191045e-22	6.253791e-24	2.242732e-25
	1.029253e-26	6.071137e-28	4.621414e-29	4.583197e-30	6.016726e-31
	1.073792e-31	2.709360e-32	9.953512e-33	5.173893e-33	3.469487e-33
	2.697984e-33	2.248375e-33	1.911232e-33	1.604251e-33	1.299667e-33
	1.003099e-33	7.371837e-34	5.207692e-34	3.577404e-34	2.408261e-34
	1.592754e-34	1.034056e-34	6.576211e-35	4.085686e-35	2.471278e-35
	1.447398e-35	8.125814e-36	4.281208e-36	2.011593e-36	7.133436e-37
	1.000000e-60
massfraction-C2H
	1.000000e-60	1.000000e-60	1.077822e-32	2.357930e-33	6.287916e-33
	1.469385e-33	7.393755e-33	3.732242e-33	1.640924e-33	6.045738e-33
	5.305048e-33	1.494769e-32	3.194311e-32	9.516078e-32	2.828807e-31
	8.498958e-31	2.818392e-30	1.016667e-29	3.856667e-29	1.533671e-28
	6.299995e-28	2.639105e-27	1.113181e-26	4.678136e-26	1.941272e-25
	7.900300e-25	3.139106e-24	1.215584e-23	4.592671e-23	1.699412e-22
	6.192895e-22	2.226955e-21	7.823694e-21	2.636291e-20	8.436217e-20
	2.576424e-19	7.561714e-19	2.128733e-18	5.713355e-18	1.461880e-17
	3.596722e-17	8.615785e-17	2.031636e-16	4.747790e-16	1.103285e-15
	2.555758e-15	5.915288e-15	1.369716e-14	3.173668e-14	7.362372e-14
	1.711718e-13	3.992021e-13	9.345205e-13	2.195589e-12	5.164150e-12
	1.207915e-11	2.777890e-11	6.193410e-11	1.321387e-10	2.673609e-10
	5.112275e-10	9.254893e-10	1.594765e-09	2.633552e-09	4.196980e-09
	6.499995e-09	9.854728e-09	1.474157e-08	2.192545e-08	3.262176e-08
	4.872376e-08	7.309346e-08	1.097396e-07	1.634023e-07	2.383535e-07
	3.372493e-07	4.609586e-07	6.086722e-07	7.770574e-07	9.596786e-07
	1.148536e-06	1.335890e-06	1.514617e-06	1.678076e-06	1.820004e-06
	1.934345e-06	2.014909e-06	2.054900e-06	2.047127e-06	1.985460e-06
	1.866864e-06	1.692746e-06	1.469457e-06	1.209070e-06	9.306534e-07
	6.598348e-07	4.235957e-07	2.411302e-07	1.178759e-07	4.685105e-08
	1.389140e-08	2.816636e-09	3.775688e-10	3.454541e-11	2.340023e-12
	1.309151e-13	6.938214e-15	4.195169e-16	3.493632e-17	4.196097e-18
	6.570885e-19	1.206723e-19	2.451932e-20	5.362456e-21	1.239997e-21
	2.970847e-22	7.195680e-23	1.728263e-23	4.160890e-24	1.040800e-24
	2.731469e-25	7.229397e-26	1.800439e-26	3.954898e-27	7.461710e-28
	1.252837e-28	2.072150e-29	3.821666e-30	8.542958e-31	2.366507e-31
	7.955783e-32	3.125488e-32	1.378467e-32	6.567594e-33	3.257344e-33
	1.618243e-33	7.692967e-34	3.276919e-34	1.105969e-34	2.080767e-35
	1.000000e-60
massfraction-C2H2
	1.000000e-60	1.169612e-05	2.795482e-05	4.995620e-05	7.895103e-05
	1.163109e-04	1.634760e-04	2.218710e-04	2.928543e-04	3.776744e-04
	4.774386e-04	5.930920e-04	7.254091e-04	8.749924e-04	1.042274e-03
	1.227515e-03	1.430808e-03	1.652092e-03	1.891195e-03	2.147871e-03
	2.421827e-03	2.712726e-03	3.020197e-03	3.343857e-03	3.683329e-03
	4.038286e-03	4.408517e-03	4.794062e-03	5.195443e-03	5.613854e-03
	6.051283e-03	6.509109e-03	6.984894e-03	7.472692e-03	7.969068e-03
	8.476431e-03	8.998212e-03	9.533164e-03	1.007648e-02	1.062524e-02
	1.118133e-02	1.175007e-02	1.233729e-02	1.294703e-02	1.358122e-02
	1.424083e-02	1.492633e-02	1.563798e-02	1.637203e-02	1.712697e-02
	1.790043e-02	1.869014e-02	1.949346e-02	2.030660e-02	2.112280e-02
	2.193034e-02	2.271242e-02	2.345025e-02	2.412745e-02	2.473292e-02
	2.526119e-02	2.571100e-02	2.608274e-02	2.637630e-02	2.659008e-02
	2.672071e-02	2.676249e-02	2.670581e-02	2.653470e-02	2.622546e-02
	2.574775e-02	2.506836e-02	2.416087e-02	2.302401e-02	2.169480e-02
	2.023665e-02	1.871155e-02	1.716660e-02	1.564106e-02	1.417046e-02
	1.277769e-02	1.146973e-02	1.024458e-02	9.096663e-03	8.019095e-03
	7.004524e-03	6.045931e-03	5.139208e-03	4.285980e-03	3.493631e-03
	2.772179e-03	2.130395e-03	1.574234e-03	1.107686e-03	7.333700e-04
	4.509094e-04	2.538739e-04	1.285117e-04	5.671517e-05	2.067092e-05
	5.717716e-06	1.106526e-06	1.462055e-07	1.374347e-08	1.003253e-09
	6.362571e-11	4.022478e-12	3.045364e-13	3.311669e-14	5.384403e-15
	1.183953e-15	3.187958e-16	1.002330e-16	3.633156e-17	1.523169e-17
	7.449336e-18	4.258165e-18	2.783516e-18	1.997725e-18	1.517759e-18
	1.189116e-18	9.405735e-19	7.367548e-19	5.620501e-19	4.128489e-19
	2.908677e-19	1.975725e-19	1.308212e-19	8.529756e-20	5.504678e-20
	3.516069e-20	2.216616e-20	1.374417e-20	8.352030e-21	4.955205e-21
	2.855162e-21	1.582759e-21	8.275903e-22	3.886513e-22	1.390690e-22
	1.000000e-60
massfraction-CHCO
	1.000000e-60	2.431705e-06	5.541081e-06	9.424429e-06	1.416628e-05
	1.985122e-05	2.655734e-05	3.434798e-05	4.327023e-05	5.335488e-05
	6.461742e-05	7.705971e-05	9.067227e-05	1.054363e-04	1.213253e-04
	1.383063e-04	1.563401e-04	1.753835e-04	1.953920e-04	2.163227e-04
	2.381357e-04	2.607928e-04	2.842581e-04	3.084985e-04	3.334847e-04
	3.591934e-04	3.856116e-04	4.127447e-04	4.406316e-04	4.693558e-04
	4.990513e-04	5.298070e-04	5.614569e-04	5.936121e-04	6.260606e-04
	6.589739e-04	6.925839e-04	7.268179e-04	7.613800e-04	7.960989e-04
	8.311088e-04	8.667560e-04	9.034121e-04	9.413335e-04	9.806438e-04
	1.021410e-03	1.063666e-03	1.107449e-03	1.152525e-03	1.198827e-03
	1.246231e-03	1.294620e-03	1.343857e-03	1.393734e-03	1.443862e-03
	1.493544e-03	1.541774e-03	1.587433e-03	1.629582e-03	1.667662e-03
	1.701542e-03	1.731431e-03	1.757728e-03	1.780880e-03	1.801317e-03
	1.819441e-03	1.835644e-03	1.850304e-03	1.863751e-03	1.876224e-03
	1.887851e-03	1.898645e-03	1.908453e-03	1.916863e-03	1.923192e-03
	1.926567e-03	1.925997e-03	1.920363e-03	1.908474e-03	1.889296e-03
	1.862070e-03	1.826197e-03	1.781117e-03	1.726247e-03	1.660916e-03
	1.584272e-03	1.495200e-03	1.392497e-03	1.275418e-03	1.144329e-03
	1.001062e-03	8.488180e-04	6.920356e-04	5.366597e-04	3.904584e-04
	2.623474e-04	1.599802e-04	8.666114e-05	4.033425e-05	1.523831e-05
	4.279307e-06	8.215993e-07	1.055210e-07	9.495465e-09	6.547591e-10
	3.847486e-11	2.169679e-12	1.367426e-13	1.150021e-14	1.432925e-15
	2.518379e-16	5.582985e-17	1.447342e-17	4.244863e-18	1.392402e-18
	5.083530e-19	2.048545e-19	8.932252e-20	4.128978e-20	2.013656e-20
	1.042574e-20	5.804376e-21	3.552050e-21	2.423221e-21	1.776064e-21
	1.284099e-21	8.569066e-22	5.268794e-22	3.097930e-22	1.800360e-22
	1.050357e-22	6.173899e-23	3.651023e-23	2.165974e-23	1.285043e-23
	7.590075e-24	4.420938e-24	2.483235e-24	1.272912e-24	5.003380e-25
	1.000000e-60
massfraction-C3H3
	1.000000e-60	3.668978e-09	9.444692e-09	1.825513e-08	3.127321e-08
	4.997020e-08	7.612427e-08	1.117909e-07	1.592645e-07	2.210237e-07
	2.996642e-07	3.978274e-07	5.181286e-07	6.630896e-07	8.350736e-07
	1.036224e-06	1.268404e-06	1.533168e-06	1.831769e-06	2.165185e-06
	2.534144e-06	2.939132e-06	3.380404e-06	3.858028e-06	4.371927e-06
	4.921967e-06	5.508076e-06	6.130507e-06	6.790255e-06	7.489460e-06
	8.231685e-06	9.019569e-06	9.849124e-06	1.070989e-05	1.159544e-05
	1.250973e-05	1.345884e-05	1.444047e-05	1.544575e-05	1.646914e-05
	1.751418e-05	1.859121e-05	1.971208e-05	2.088584e-05	2.211820e-05
	2.341390e-05	2.477777e-05	2.621551e-05	2.772777e-05	2.932121e-05
	3.100484e-05	3.279296e-05	3.470637e-05	3.677308e-05	3.902636e-05
	4.149959e-05	4.422006e-05	4.720562e-05	5.046541e-05	5.400224e-05
	5.781748e-05	6.191767e-05	6.631779e-05	7.104037e-05	7.611537e-05
	8.158739e-05	8.753094e-05	9.407004e-05	1.013869e-04	1.097120e-04
	1.193083e-04	1.304516e-04	1.433584e-04	1.580273e-04	1.741220e-04
	1.910511e-04	2.081559e-04	2.247674e-04	2.401097e-04	2.533142e-04
	2.636103e-04	2.704174e-04	2.732974e-04	2.719132e-04	2.660134e-04
	2.554212e-04	2.400302e-04	2.198686e-04	1.952828e-04	1.671481e-04
	1.369220e-04	1.064575e-04	7.771311e-05	5.250792e-05	3.227149e-05
	1.770582e-05	8.511294e-06	3.508788e-06	1.201238e-06	3.246554e-07
	6.508342e-08	9.464347e-09	1.053540e-09	9.805843e-11	8.193957e-12
	6.393218e-13	4.752134e-14	3.436650e-15	2.474907e-16	1.791910e-17
	1.286910e-18	8.888705e-20	5.674518e-21	3.192263e-22	1.481387e-23
	5.151883e-25	1.200556e-26	1.733344e-28	1.566105e-30	9.456439e-33
	3.779811e-35	8.391383e-38	7.575508e-41	2.171375e-44	4.287402e-48
	1.000000e-60	6.329661e-50	7.708683e-50	1.190030e-50	1.000000e-60
	3.888925e-51	3.949576e-52	1.000000e-60	4.218243e-52	1.000000e-60
	1.000000e-60	1.000000e-60	1.000000e-60	1.000000e-60	1.000000e-60
	1.000000e-60
massfraction-C2H3
	1.000000e-60	1.582899e-18	3.648780e-18	6.150529e-18	9.037452e-18
	1.238913e-17	1.644213e-17	2.163100e-17	2.870381e-17	3.896071e-17
	5.473042e-17	8.034191e-17	1.241656e-16	2.030289e-16	3.520303e-16
	6.468670e-16	1.255563e-15	2.559864e-15	5.442166e-15	1.196407e-14
	2.696103e-14	6.174198e-14	1.425143e-13	3.291187e-13	7.555126e-13
	1.714331e-12	3.826230e-12	8.361110e-12	1.780520e-11	3.676989e-11
	7.327533e-11	1.400315e-10	2.541756e-10	4.342359e-10	6.974397e-10
	1.060359e-09	1.537661e-09	2.136173e-09	2.853050e-09	3.683415e-09
	4.629429e-09	5.702113e-09	6.916303e-09	8.282480e-09	9.800081e-09
	1.145398e-08	1.321015e-08	1.501569e-08	1.681312e-08	1.858807e-08
	2.042295e-08	2.254589e-08	2.536367e-08	2.952013e-08	3.602894e-08
	4.650605e-08	6.346779e-08	9.056799e-08	1.325689e-07	1.948815e-07
	2.828097e-07	4.008839e-07	5.524665e-07	7.395104e-07	9.624155e-07
	1.220176e-06	1.510842e-06	1.831831e-06	2.178832e-06	2.542747e-06
	2.906196e-06	3.241725e-06	3.513191e-06	3.683840e-06	3.731571e-06
	3.658399e-06	3.484529e-06	3.236930e-06	2.943728e-06	2.631757e-06
	2.322290e-06	2.028792e-06	1.758492e-06	1.514531e-06	1.297459e-06
	1.106264e-06	9.391351e-07	7.942142e-07	6.699473e-07	5.646963e-07
	4.759851e-07	4.000622e-07	3.322471e-07	2.680909e-07	2.051449e-07
	1.446184e-07	9.120218e-08	5.002068e-08	2.311633e-08	8.622087e-09
	2.457676e-09	5.199064e-10	8.467941e-11	1.167138e-11	1.524455e-12
	2.057356e-13	3.004448e-14	4.872357e-15	8.923252e-16	1.855085e-16
	4.356606e-17	1.147188e-17	3.367769e-18	1.093409e-18	3.832652e-19
	1.368188e-19	4.558528e-20	1.359464e-20	3.875185e-21	1.163633e-21
	3.838881e-22	1.370802e-22	5.085282e-23	1.887633e-23	6.896015e-24
	2.491163e-24	9.060384e-25	3.377628e-25	1.299383e-25	5.132116e-26
	2.054568e-26	8.213941e-27	3.235413e-27	1.240685e-27	4.579271e-28
	1.604664e-28	5.225588e-29	1.516907e-29	3.553355e-30	4.830140e-31
	1.000000e-60
massfraction-C2H4
	1.000000e-60	5.317489e-06	1.284532e-05	2.321198e-05	3.710335e-05
	5.528636e-05	7.858387e-05	1.078310e-04	1.438454e-04	1.873998e-04
	2.391995e-04	2.998657e-04	3.699260e-04	4.498078e-04	5.398362e-04
	6.402308e-04	7.511038e-04	8.724684e-04	1.004260e-03	1.146360e-03
	1.298609e-03	1.460815e-03	1.632756e-03	1.814197e-03	2.004900e-03
	2.204653e-03	2.413306e-03	2.630850e-03	2.857547e-03	3.094044e-03
	3.341435e-03	3.600471e-03	3.869746e-03	4.145864e-03	4.426851e-03
	4.714043e-03	5.009361e-03	5.312074e-03	5.619440e-03	5.929786e-03
	6.244161e-03	6.565554e-03	6.897228e-03	7.241423e-03	7.599171e-03
	7.970958e-03	8.356935e-03	8.757110e-03	9.169176e-03	9.591955e-03
	1.002364e-02	1.046219e-02	1.090489e-02	1.134763e-02	1.178338e-02
	1.220068e-02	1.258313e-02	1.291124e-02	1.316565e-02	1.332998e-02
	1.339229e-02	1.334507e-02	1.318402e-02	1.290728e-02	1.251507e-02
	1.200919e-02	1.139146e-02	1.066166e-02	9.817730e-03	8.860439e-03
	7.800293e-03	6.663756e-03	5.499298e-03	4.377943e-03	3.373860e-03
	2.533770e-03	1.865695e-03	1.352579e-03	9.694828e-04	6.906249e-04
	4.910211e-04	3.490122e-04	2.479648e-04	1.758725e-04	1.242559e-04
	8.716693e-05	6.045055e-05	4.123826e-05	2.754983e-05	1.796540e-05
	1.140641e-05	7.028521e-06	4.182473e-06	2.388132e-06	1.299799e-06
	6.706215e-07	3.262047e-07	1.480373e-07	6.126470e-08	2.218920e-08
	6.638146e-09	1.576533e-09	3.020441e-10	4.964249e-11	7.561601e-12
	1.141694e-12	1.794797e-13	3.053796e-14	5.785433e-15	1.235500e-15
	2.970442e-16	8.000830e-17	2.412549e-17	8.188970e-18	3.158452e-18
	1.399041e-18	7.168213e-19	4.211673e-19	2.757591e-19	1.944716e-19
	1.434000e-19	1.077591e-19	8.066974e-20	5.907113e-20	4.182456e-20
	2.853308e-20	1.885215e-20	1.219025e-20	7.785818e-21	4.932733e-21
	3.097737e-21	1.921876e-21	1.173465e-21	7.024978e-22	4.107398e-22
	2.333187e-22	1.275727e-22	6.583793e-23	3.054525e-23	1.081116e-23
	1.000000e-60
massfraction-C2H5
	1.000000e-60	3.634102e-11	8.871147e-11	1.620774e-10	2.620089e-10
	3.948589e-10	5.675931e-10	7.874619e-10	1.061755e-09	1.397560e-09
	1.801551e-09	2.279820e-09	2.837758e-09	3.479969e-09	4.210217e-09
	5.031376e-09	5.945382e-09	6.953282e-09	8.055395e-09	9.251501e-09
	1.054095e-08	1.192272e-08	1.339544e-08	1.495753e-08	1.660731e-08
	1.834319e-08	2.016398e-08	2.206956e-08	2.406189e-08	2.614591e-08
	2.832974e-08	3.061710e-08	3.299008e-08	3.540952e-08	3.784367e-08
	4.028211e-08	4.270712e-08	4.506234e-08	4.725847e-08	4.919865e-08
	5.078452e-08	5.189726e-08	5.237650e-08	5.201901e-08	5.060995e-08
	4.798539e-08	4.412517e-08	3.926610e-08	3.394963e-08	2.893274e-08
	2.490535e-08	2.223373e-08	2.093705e-08	2.091198e-08	2.217014e-08
	2.493804e-08	2.966709e-08	3.701625e-08	4.780572e-08	6.292106e-08
	8.318633e-08	1.092542e-07	1.415205e-07	1.800403e-07	2.244584e-07
	2.740149e-07	3.276296e-07	3.839666e-07	4.412654e-07	4.969479e-07
	5.474137e-07	5.884117e-07	6.160299e-07	6.282207e-07	6.259187e-07
	6.121813e-07	5.900692e-07	5.614708e-07	5.273913e-07	4.886827e-07
	4.463289e-07	4.014008e-07	3.550413e-07	3.084175e-07	2.626328e-07
	2.186505e-07	1.772771e-07	1.392571e-07	1.053643e-07	7.632208e-08
	5.258698e-08	3.418271e-08	2.071818e-08	1.152241e-08	5.765376e-09
	2.540678e-09	9.652622e-10	3.087050e-10	8.061113e-11	1.674062e-11
	2.868502e-12	4.742670e-13	8.111608e-14	1.331377e-14	2.075386e-15
	3.225843e-16	5.267682e-17	9.452162e-18	1.925404e-18	4.514519e-19
	1.216610e-19	3.741291e-20	1.302616e-20	5.068161e-21	2.133996e-21
	9.107476e-22	3.612138e-22	1.268454e-22	4.045430e-23	1.238959e-23
	3.766310e-24	1.131873e-24	3.297104e-25	9.185206e-26	2.465469e-26
	6.584966e-27	1.820549e-27	5.336839e-28	1.660049e-28	5.396218e-29
	1.792793e-29	5.954351e-30	1.940467e-30	6.109910e-31	1.833846e-31
	5.173664e-32	1.347870e-32	3.162113e-33	6.449424e-34	1.076324e-34
	1.000000e-60
massfraction-C3H4
	1.000000e-60	5.074461e-09	1.285401e-08	2.442198e-08	4.110223e-08
	6.450948e-08	9.654142e-08	1.393289e-07	1.951846e-07	2.665385e-07
	3.558687e-07	4.656327e-07	5.982043e-07	7.558177e-07	9.405179e-07
	1.154113e-06	1.398134e-06	1.673814e-06	1.982112e-06	2.323753e-06
	2.699253e-06	3.108927e-06	3.552905e-06	4.031165e-06	4.543582e-06
	5.089995e-06	5.670333e-06	6.284855e-06	6.934556e-06	7.621546e-06
	8.349311e-06	9.120398e-06	9.930854e-06	1.077041e-05	1.163275e-05
	1.252163e-05	1.344275e-05	1.439362e-05	1.536528e-05	1.635195e-05
	1.735647e-05	1.838801e-05	1.945676e-05	2.056971e-05	2.173000e-05
	2.293891e-05	2.419663e-05	2.550269e-05	2.684964e-05	2.823334e-05
	2.964814e-05	3.108839e-05	3.254760e-05	3.401695e-05	3.548176e-05
	3.691769e-05	3.829001e-05	3.955817e-05	4.068309e-05	4.163281e-05
	4.238544e-05	4.292955e-05	4.326206e-05	4.338602e-05	4.330970e-05
	4.304605e-05	4.261110e-05	4.202199e-05	4.129792e-05	4.046746e-05
	3.957954e-05	3.871317e-05	3.798192e-05	3.752014e-05	3.743723e-05
	3.776992e-05	3.847884e-05	3.947590e-05	4.064099e-05	4.183169e-05
	4.290601e-05	4.374032e-05	4.422980e-05	4.428443e-05	4.382582e-05
	4.278404e-05	4.109470e-05	3.870377e-05	3.558985e-05	3.179698e-05
	2.745491e-05	2.277024e-05	1.800009e-05	1.342969e-05	9.348199e-06
	5.999796e-06	3.512289e-06	1.853100e-06	8.644125e-07	3.448161e-07
	1.121373e-07	2.880874e-08	5.943336e-09	1.039273e-09	1.651441e-10
	2.544468e-11	3.999929e-12	6.690681e-13	1.229566e-13	2.521949e-14
	5.780909e-15	1.475830e-15	4.195764e-16	1.335612e-16	4.801919e-17
	1.967703e-17	9.226761e-18	4.884327e-18	2.832339e-18	1.748659e-18
	1.123059e-18	7.319248e-19	4.713895e-19	2.934860e-19	1.747105e-19
	9.965143e-20	5.519721e-20	3.020937e-20	1.653529e-20	9.085632e-21
	4.996553e-21	2.734022e-21	1.479760e-21	7.881212e-22	4.111781e-22
	2.090435e-22	1.026889e-22	4.786818e-23	2.021175e-23	6.577735e-24
	1.000000e-60
massfraction-C3H5
	1.000000e-60	2.937000e-10	7.491515e-10	1.433921e-09	2.431807e-09
	3.846282e-09	5.800462e-09	8.434397e-09	1.190203e-08	1.636719e-08
	2.199907e-08	2.896756e-08	3.743888e-08	4.757148e-08	5.951242e-08
	7.339380e-08	8.932950e-08	1.074137e-07	1.277217e-07	1.503127e-07
	1.752307e-07	2.025056e-07	2.321537e-07	2.641801e-07	2.985819e-07
	3.353530e-07	3.744921e-07	4.160199e-07	4.600062e-07	5.065967e-07
	5.560303e-07	6.084831e-07	6.636882e-07	7.209454e-07	7.798209e-07
	8.405679e-07	9.035731e-07	9.686625e-07	1.035217e-06	1.102834e-06
	1.171701e-06	1.242434e-06	1.315722e-06	1.392025e-06	1.471530e-06
	1.554283e-06	1.640230e-06	1.729233e-06	1.820619e-06	1.913843e-06
	2.008104e-06	2.102339e-06	2.195004e-06	2.283724e-06	2.364762e-06
	2.432622e-06	2.480404e-06	2.501363e-06	2.491130e-06	2.449128e-06
	2.378174e-06	2.282702e-06	2.167056e-06	2.034781e-06	1.888743e-06
	1.731401e-06	1.564916e-06	1.391189e-06	1.212398e-06	1.032118e-06
	8.561910e-07	6.925968e-07	5.504250e-07	4.374987e-07	3.568367e-07
	3.054290e-07	2.769183e-07	2.649344e-07	2.644344e-07	2.715274e-07
	2.831654e-07	2.970207e-07	3.112989e-07	3.245379e-07	3.354683e-07
	3.429180e-07	3.457306e-07	3.427097e-07	3.326970e-07	3.148471e-07
	2.889716e-07	2.557378e-07	2.166805e-07	1.741774e-07	1.313983e-07
	9.195309e-08	5.901772e-08	3.429516e-08	1.768654e-08	7.826828e-09
	2.832197e-09	8.107281e-10	1.864962e-10	3.652553e-11	6.583868e-12
	1.178285e-12	2.228118e-13	4.679728e-14	1.128669e-14	3.159405e-15
	1.018203e-15	3.719780e-16	1.520658e-16	6.920295e-17	3.515515e-17
	2.007567e-17	1.291105e-17	9.181730e-18	6.957246e-18	5.425179e-18
	4.256203e-18	3.302395e-18	2.490146e-18	1.794148e-18	1.221169e-18
	7.837348e-19	4.786953e-19	2.826902e-19	1.636440e-19	9.351910e-20
	5.278626e-20	2.934039e-20	1.600126e-20	8.533106e-21	4.435826e-21
	2.238876e-21	1.089109e-21	5.020140e-22	2.095136e-22	6.743513e-23
	1.000000e-60
massfraction-C3H6
	1.000000e-60	2.839692e-08	7.305915e-08	1.411300e-07	2.416296e-07
	3.858650e-07	5.874947e-07	8.623020e-07	1.227907e-06	1.703350e-06
	2.308596e-06	3.063995e-06	3.989763e-06	5.105469e-06	6.429570e-06
	7.978948e-06	9.768475e-06	1.181077e-05	1.411627e-05	1.669344e-05
	1.954891e-05	2.268752e-05	2.611241e-05	2.982529e-05	3.382675e-05
	3.811687e-05	4.269617e-05	4.756764e-05	5.273994e-05	5.823064e-05
	6.406837e-05	7.027435e-05	7.681722e-05	8.361378e-05	9.061196e-05
	9.784113e-05	1.053468e-04	1.131075e-04	1.210489e-04	1.291221e-04
	1.373488e-04	1.458023e-04	1.545646e-04	1.636911e-04	1.732047e-04
	1.831129e-04	1.934122e-04	2.040915e-04	2.150797e-04	2.263261e-04
	2.377578e-04	2.492824e-04	2.607671e-04	2.719983e-04	2.826120e-04
	2.920115e-04	2.993287e-04	3.035013e-04	3.034847e-04	2.985319e-04
	2.884115e-04	2.734461e-04	2.543927e-04	2.322694e-04	2.081886e-04
	1.831968e-04	1.581458e-04	1.336432e-04	1.101351e-04	8.805915e-05
	6.792505e-05	5.027764e-05	3.561102e-05	2.421808e-05	1.598371e-05
	1.037242e-05	6.680207e-06	4.288896e-06	2.753958e-06	1.775715e-06
	1.152806e-06	7.535425e-07	4.952012e-07	3.265116e-07	2.154906e-07
	1.419488e-07	9.300976e-08	6.042525e-08	3.884849e-08	2.470167e-08
	1.551083e-08	9.559607e-09	5.700087e-09	3.208632e-09	1.648359e-09
	7.426493e-10	2.814804e-10	8.582261e-11	1.985160e-11	3.193718e-12
	3.193711e-13	1.870070e-14	6.985468e-16	2.090213e-17	6.528751e-19
	2.428382e-20	1.067618e-21	5.468102e-23	3.309907e-24	2.410468e-25
	2.119756e-26	2.752816e-27	2.711364e-28	1.000000e-60	1.000000e-60
	1.000000e-60	4.327505e-29	2.242248e-29	1.499733e-29	1.124675e-29
	8.700518e-30	6.692267e-30	5.003604e-30	3.570286e-30	2.402585e-30
	1.521897e-30	9.161406e-31	5.326737e-31	3.034071e-31	1.705403e-31
	9.464631e-32	5.170737e-32	2.770667e-32	1.451204e-32	7.407500e-33
	3.670808e-33	1.753546e-33	7.942080e-34	3.260607e-34	1.034232e-34
	1.000000e-60
massfraction-N-C3H7
	1.000000e-60	1.183604e-12	3.049309e-12	5.898992e-12	1.011491e-11
	1.617738e-11	2.466796e-11	3.626033e-11	5.170834e-11	7.182855e-11
	9.747909e-11	1.295368e-10	1.688743e-10	2.163388e-10	2.727308e-10
	3.387844e-10	4.151482e-10	5.023745e-10	6.009211e-10	7.111599e-10
	8.333818e-10	9.677952e-10	1.114525e-09	1.273613e-09	1.445005e-09
	1.628525e-09	1.823809e-09	2.030164e-09	2.246276e-09	2.469479e-09
	2.694237e-09	2.908634e-09	3.089354e-09	3.200950e-09	3.202993e-09
	3.061395e-09	2.767852e-09	2.367182e-09	1.950335e-09	1.593005e-09
	1.315289e-09	1.102865e-09	9.376469e-10	8.073305e-10	7.042145e-10
	6.231306e-10	5.602783e-10	5.127211e-10	4.781143e-10	4.547871e-10
	4.417358e-10	4.386596e-10	4.458533e-10	4.643086e-10	4.958258e-10
	5.429264e-10	6.083715e-10	6.942334e-10	8.007225e-10	9.252263e-10
	1.062162e-09	1.203755e-09	1.341141e-09	1.465294e-09	1.567773e-09
	1.641333e-09	1.680170e-09	1.679595e-09	1.635571e-09	1.545195e-09
	1.408652e-09	1.231762e-09	1.028038e-09	8.182352e-10	6.241921e-10
	4.602111e-10	3.302417e-10	2.315720e-10	1.592173e-10	1.078148e-10
	7.217073e-11	4.782373e-11	3.136380e-11	2.033536e-11	1.301262e-11
	8.197885e-12	5.068826e-12	3.067851e-12	1.817194e-12	1.056917e-12
	6.068452e-13	3.450826e-13	1.934987e-13	1.052029e-13	5.374957e-14
	2.472403e-14	9.760165e-15	3.143094e-15	7.768398e-16	1.356566e-16
	1.520601e-17	1.068284e-18	5.342492e-20	2.307103e-21	9.614430e-23
	4.002825e-24	1.726371e-25	8.175739e-27	4.510259e-28	3.018712e-29
	2.465658e-30	4.099154e-31	2.608716e-32	1.000000e-60	4.368781e-33
	1.000000e-60	3.314015e-31	2.055019e-33	1.688325e-33	1.655180e-33
	1.811680e-33	2.364624e-33	3.326281e-33	3.290815e-33	2.473023e-33
	1.628076e-33	9.955829e-34	5.829853e-34	3.331172e-34	1.874516e-34
	1.040287e-34	5.679084e-35	3.039341e-35	1.589455e-35	8.098684e-36
	4.005533e-36	1.909576e-36	8.631280e-37	3.536712e-37	1.119854e-37
	1.000000e-60
massfraction-I-C3H7
	1.000000e-60	3.895824e-11	1.003680e-10	1.941657e-10	3.329341e-10
	5.324828e-10	8.119549e-10	1.193525e-09	1.702007e-09	2.364280e-09
	3.208589e-09	4.263797e-09	5.558632e-09	7.120977e-09	8.977185e-09
	1.115143e-08	1.366506e-08	1.653627e-08	1.978016e-08	2.340903e-08
	2.743256e-08	3.185786e-08	3.668958e-08	4.193020e-08	4.758047e-08
	5.364004e-08	6.010847e-08	6.698741e-08	7.428387e-08	8.201202e-08
	9.019095e-08	9.880812e-08	1.077386e-07	1.167226e-07	1.254458e-07
	1.335413e-07	1.404049e-07	1.450357e-07	1.461373e-07	1.424267e-07
	1.329889e-07	1.177382e-07	9.805041e-08	7.703720e-08	5.841863e-08
	4.430305e-08	3.441595e-08	2.750853e-08	2.257643e-08	1.900720e-08
	1.642031e-08	1.457018e-08	1.329262e-08	1.248179e-08	1.207660e-08
	1.204739e-08	1.237893e-08	1.305055e-08	1.401837e-08	1.520634e-08
	1.651048e-08	1.781326e-08	1.899872e-08	1.996240e-08	2.061758e-08
	2.089872e-08	2.076041e-08	2.017122e-08	1.910910e-08	1.756971e-08
	1.558849e-08	1.326372e-08	1.076974e-08	8.340168e-09	6.193784e-09
	4.449572e-09	3.113829e-09	2.130650e-09	1.429914e-09	9.451630e-10
	6.173805e-10	3.988442e-10	2.545795e-10	1.602184e-10	9.911525e-11
	6.001137e-11	3.535637e-11	2.013836e-11	1.102895e-11	5.787921e-12
	2.904362e-12	1.388939e-12	6.289486e-13	2.670898e-13	1.051857e-13
	3.799557e-14	1.244214e-14	3.625172e-15	9.072804e-16	1.837492e-16
	2.784382e-17	2.995446e-18	2.311744e-19	1.360842e-20	6.674472e-22
	2.991989e-23	1.336893e-24	6.468139e-26	3.631961e-27	2.468936e-28
	2.065588e-29	2.137807e-30	2.756332e-31	4.494739e-32	9.516958e-33
	2.736533e-33	1.140349e-33	7.136223e-34	5.754437e-34	3.825446e-34
	1.850324e-34	8.353886e-35	3.917199e-35	1.918568e-35	9.735810e-36
	5.094958e-36	2.724522e-36	1.461769e-36	7.710193e-37	3.939446e-37
	1.930877e-37	9.015993e-38	3.990915e-38	1.668373e-38	6.565095e-39
	2.420761e-39	8.293768e-40	2.594470e-40	7.131512e-41	1.533616e-41
	1.000000e-60
massfraction-C3H8
	1.000000e+00	9.991852e-01	9.981206e-01	9.967611e-01	9.950638e-01
	9.929838e-01	9.904767e-01	9.875024e-01	9.840260e-01	9.800187e-01
	9.754579e-01	9.703271e-01	9.646151e-01	9.583160e-01	9.514283e-01
	9.439545e-01	9.359016e-01	9.272798e-01	9.181013e-01	9.083791e-01
	8.981262e-01	8.873558e-01	8.760811e-01	8.643150e-01	8.520695e-01
	8.393542e-01	8.261741e-01	8.125254e-01	7.983873e-01	7.837159e-01
	7.684399e-01	7.525104e-01	7.360106e-01	7.191438e-01	7.020246e-01
	6.845659e-01	6.666466e-01	6.483065e-01	6.297073e-01	6.109453e-01
	5.919525e-01	5.725441e-01	5.525185e-01	5.317358e-01	5.101274e-01
	4.876567e-01	4.643047e-01	4.401166e-01	4.150966e-01	3.893509e-01
	3.629532e-01	3.359750e-01	3.084992e-01	2.806482e-01	2.526469e-01
	2.248901e-01	1.979449e-01	1.724423e-01	1.489130e-01	1.276788e-01
	1.088281e-01	9.226190e-02	7.778035e-02	6.515811e-02	5.418153e-02
	4.465211e-02	3.638121e-02	2.919320e-02	2.294703e-02	1.755693e-02
	1.298753e-02	9.228258e-03	6.269418e-03	4.075509e-03	2.553895e-03
	1.558295e-03	9.324373e-04	5.489516e-04	3.189913e-04	1.838883e-04
	1.055731e-04	6.039366e-05	3.436151e-05	1.938435e-05	1.079726e-05
	5.905492e-06	3.149063e-06	1.624552e-06	8.056832e-07	3.826597e-07
	1.736457e-07	7.501845e-08	3.064046e-08	1.171139e-08	4.141720e-09
	1.341282e-09	3.937174e-10	1.029780e-10	2.318478e-11	4.230370e-12
	5.774576e-13	5.594133e-14	3.893011e-15	2.070910e-16	9.180928e-18
	3.704141e-19	1.474497e-20	6.258162e-22	3.025333e-23	1.733219e-24
	1.192100e-25	9.840278e-27	9.743243e-28	1.163010e-28	1.693286e-29
	3.077271e-30	7.256546e-31	2.294492e-31	9.589610e-32	4.965328e-32
	2.948163e-32	1.882418e-32	1.232258e-32	7.996665e-33	5.037224e-33
	3.051559e-33	1.783058e-33	1.015940e-33	5.703972e-34	3.171540e-34
	1.744980e-34	9.464177e-35	5.039040e-35	2.624135e-35	1.332317e-35
	6.569287e-36	3.123361e-36	1.408400e-36	5.758989e-37	1.820284e-37
	1.000000e-60
V [kg/(s*m^2)]
	8.773582e-02	8.443466e-02	8.116567e-02	7.796698e-02	7.486562e-02
	7.187144e-02	6.898737e-02	6.621446e-02	6.355202e-02	6.099775e-02
	5.854799e-02	5.619801e-02	5.394231e-02	5.177488e-02	4.968956e-02
	4.768029e-02	4.574131e-02	4.386718e-02	4.205264e-02	4.029257e-02
	3.858204e-02	3.691650e-02	3.529178e-02	3.370403e-02	3.214970e-02
	3.062534e-02	2.912743e-02	2.765194e-02	2.619367e-02	2.474589e-02
	2.330027e-02	2.185162e-02	2.040688e-02	1.898200e-02	1.758360e-02
	1.620152e-02	1.482420e-02	1.345328e-02	1.209900e-02	1.076592e-02
	9.446797e-03	8.127011e-03	6.791932e-03	5.431851e-03	4.042114e-03
	2.620033e-03	1.163802e-03	-3.264589e-04	-1.848760e-03	-3.400822e-03
	-4.981376e-03	-6.590084e-03	-8.226781e-03	-9.889869e-03	-1.157254e-02
	-1.325839e-02	-1.492028e-02	-1.652550e-02	-1.804466e-02	-1.945825e-02
	-2.075914e-02	-2.195102e-02	-2.304414e-02	-2.405089e-02	-2.498357e-02
	-2.585427e-02	-2.667584e-02	-2.746236e-02	-2.822768e-02	-2.898276e-02
	-2.973398e-02	-3.048293e-02	-3.122483e-02	-3.194636e-02	-3.262962e-02
	-3.326159e-02	-3.383940e-02	-3.436700e-02	-3.484869e-02	-3.528725e-02
	-3.568658e-02	-3.605246e-02	-3.639101e-02	-3.670774e-02	-3.700758e-02
	-3.729509e-02	-3.757461e-02	-3.784988e-02	-3.812336e-02	-3.839613e-02
	-3.866854e-02	-3.894136e-02	-3.921644e-02	-3.949646e-02	-3.978431e-02
	-4.008249e-02	-4.039343e-02	-4.072138e-02	-4.107523e-02	-4.147136e-02
	-4.193633e-02	-4.249903e-02	-4.317657e-02	-4.397067e-02	-4.486870e-02
	-4.585020e-02	-4.689387e-02	-4.797473e-02	-4.906740e-02	-5.015822e-02
	-5.125030e-02	-5.235822e-02	-5.350161e-02	-5.470300e-02	-5.599060e-02
	-5.739989e-02	-5.896003e-02	-6.066807e-02	-6.247962e-02	-6.434290e-02
	-6.625190e-02	-6.826704e-02	-7.049756e-02	-7.305712e-02	-7.601059e-02
	-7.934027e-02	-8.294159e-02	-8.667182e-02	-9.042155e-02	-9.414352e-02
	-9.784152e-02	-1.015413e-01	-1.052686e-01	-1.090421e-01	-1.128714e-01
	-1.167592e-01	-1.207034e-01	-1.246988e-01	-1.287370e-01	-1.327988e-01
	-1.368632e-01
density [kg/m^3]
	1.767629e+00	1.765518e+00	1.762789e+00	1.759256e+00	1.754691e+00
	1.748805e+00	1.741251e+00	1.731639e+00	1.719554e+00	1.704578e+00
	1.686323e+00	1.664467e+00	1.638787e+00	1.609188e+00	1.575720e+00
	1.538587e+00	1.498136e+00	1.454832e+00	1.409224e+00	1.361898e+00
	1.313445e+00	1.264426e+00	1.215355e+00	1.166681e+00	1.118779e+00
	1.071945e+00	1.026394e+00	9.822585e-01	9.395813e-01	8.983198e-01
	8.583648e-01	8.196801e-01	7.825209e-01	7.473016e-01	7.141355e-01
	6.827248e-01	6.527689e-01	6.242672e-01	5.973706e-01	5.720862e-01
	5.481975e-01	5.253899e-01	5.033950e-01	4.820622e-01	4.613403e-01
	4.412152e-01	4.216879e-01	4.027592e-01	3.845221e-01	3.669817e-01
	3.501528e-01	3.340446e-01	3.186610e-01	3.040145e-01	2.901527e-01
	2.771776e-01	2.652320e-01	2.544467e-01	2.448854e-01	2.365241e-01
	2.292639e-01	2.229605e-01	2.174588e-01	2.126166e-01	2.083129e-01
	2.044437e-01	2.009153e-01	1.976399e-01	1.945396e-01	1.915551e-01
	1.886492e-01	1.858050e-01	1.830306e-01	1.803673e-01	1.778747e-01
	1.755967e-01	1.735422e-01	1.716969e-01	1.700457e-01	1.685785e-01
	1.672802e-01	1.661295e-01	1.651047e-01	1.641873e-01	1.633620e-01
	1.626166e-01	1.619421e-01	1.613335e-01	1.607920e-01	1.603242e-01
	1.599394e-01	1.596479e-01	1.594604e-01	1.593892e-01	1.594482e-01
	1.596497e-01	1.600001e-01	1.605002e-01	1.611539e-01	1.619825e-01
	1.630410e-01	1.644120e-01	1.661855e-01	1.684588e-01	1.713342e-01
	1.749181e-01	1.793175e-01	1.845993e-01	1.907707e-01	1.978382e-01
	2.058841e-01	2.150941e-01	2.257531e-01	2.382558e-01	2.531682e-01
	2.712980e-01	2.935550e-01	3.204830e-01	3.518244e-01	3.868798e-01
	4.255723e-01	4.691625e-01	5.201666e-01	5.812757e-01	6.534281e-01
	7.340002e-01	8.164924e-01	8.932017e-01	9.588817e-01	1.011878e+00
	1.053015e+00	1.084084e+00	1.106999e+00	1.123516e+00	1.135145e+00
	1.143145e+00	1.148525e+00	1.152065e+00	1.154347e+00	1.155787e+00
	1.156679e+00
cp [J/m^3K]
	1.677129e+03	1.677316e+03	1.677619e+03	1.678130e+03	1.678981e+03
	1.680351e+03	1.682473e+03	1.685628e+03	1.690138e+03	1.696355e+03
	1.704637e+03	1.715334e+03	1.728756e+03	1.745160e+03	1.764724e+03
	1.787539e+03	1.813592e+03	1.842774e+03	1.874881e+03	1.909632e+03
	1.946681e+03	1.985637e+03	2.026072e+03	2.067541e+03	2.109594e+03
	2.151794e+03	2.193724e+03	2.235013e+03	2.275343e+03	2.314462e+03
	2.352162e+03	2.388147e+03	2.421841e+03	2.452562e+03	2.479964e+03
	2.504090e+03	2.524965e+03	2.542401e+03	2.556190e+03	2.566307e+03
	2.572857e+03	2.575910e+03	2.575415e+03	2.571209e+03	2.563087e+03
	2.550834e+03	2.534235e+03	2.513249e+03	2.487410e+03	2.452267e+03
	2.412850e+03	2.369386e+03	2.321911e+03	2.270584e+03	2.215822e+03
	2.158498e+03	2.100021e+03	2.042143e+03	1.986555e+03	1.934543e+03
	1.886814e+03	1.843540e+03	1.804537e+03	1.769467e+03	1.737949e+03
	1.709585e+03	1.683956e+03	1.660625e+03	1.639210e+03	1.619464e+03
	1.601293e+03	1.584723e+03	1.569867e+03	1.556894e+03	1.545891e+03
	1.536739e+03	1.529146e+03	1.522777e+03	1.517366e+03	1.512723e+03
	1.508694e+03	1.505142e+03	1.501957e+03	1.499054e+03	1.496366e+03
	1.493841e+03	1.491433e+03	1.489108e+03	1.486847e+03	1.484646e+03
	1.482508e+03	1.480432e+03	1.478409e+03	1.476422e+03	1.474446e+03
	1.472452e+03	1.470397e+03	1.468219e+03	1.465813e+03	1.463012e+03
	1.459552e+03	1.455106e+03	1.449398e+03	1.442249e+03	1.433596e+03
	1.423467e+03	1.411936e+03	1.399190e+03	1.385516e+03	1.371141e+03
	1.356114e+03	1.340326e+03	1.323593e+03	1.305696e+03	1.286360e+03
	1.265270e+03	1.242336e+03	1.218095e+03	1.193413e+03	1.166481e+03
	1.139976e+03	1.115522e+03	1.093364e+03	1.073717e+03	1.057088e+03
	1.043840e+03	1.033870e+03	1.026663e+03	1.021557e+03	1.017956e+03
	1.015409e+03	1.013601e+03	1.012321e+03	1.011421e+03	1.010796e+03
	1.010368e+03	1.010079e+03	1.009888e+03	1.009764e+03	1.009684e+03
	1.009633e+03
lambda [W/m]
	1.571348e-02	1.574583e-02	1.578583e-02	1.583589e-02	1.589918e-02
	1.597997e-02	1.608367e-02	1.621671e-02	1.638653e-02	1.660137e-02
	1.687006e-02	1.720172e-02	1.760547e-02	1.809007e-02	1.866363e-02
	1.933328e-02	2.010486e-02	2.098278e-02	2.196991e-02	2.306770e-02
	2.427619e-02	2.559407e-02	2.701878e-02	2.854663e-02	3.017311e-02
	3.189313e-02	3.370152e-02	3.559388e-02	3.756773e-02	3.962358e-02
	4.176544e-02	4.399379e-02	4.629027e-02	4.862014e-02	5.096194e-02
	5.332245e-02	5.571289e-02	5.812291e-02	6.052735e-02	6.291111e-02
	6.528082e-02	6.765713e-02	7.006123e-02	7.250554e-02	7.499303e-02
	7.752248e-02	8.009001e-02	8.268686e-02	8.529865e-02	8.780626e-02
	9.031848e-02	9.283196e-02	9.533794e-02	9.782589e-02	1.002786e-01
	1.026674e-01	1.049531e-01	1.070949e-01	1.090627e-01	1.108435e-01
	1.124418e-01	1.138746e-01	1.151656e-01	1.163385e-01	1.174153e-01
	1.184160e-01	1.193606e-01	1.202695e-01	1.211630e-01	1.220582e-01
	1.229672e-01	1.238967e-01	1.248442e-01	1.257936e-01	1.267181e-01
	1.275925e-01	1.284039e-01	1.291493e-01	1.298277e-01	1.304375e-01
	1.309807e-01	1.314630e-01	1.318911e-01	1.322713e-01	1.326084e-01
	1.329061e-01	1.331668e-01	1.333904e-01	1.335744e-01	1.337134e-01
	1.338009e-01	1.338296e-01	1.337915e-01	1.336774e-01	1.334771e-01
	1.331819e-01	1.327866e-01	1.322883e-01	1.316792e-01	1.309357e-01
	1.300069e-01	1.288246e-01	1.273279e-01	1.254724e-01	1.232359e-01
	1.206171e-01	1.176302e-01	1.143246e-01	1.107823e-01	1.070737e-01
	1.032247e-01	9.922267e-02	9.503794e-02	9.063544e-02	8.597180e-02
	8.100080e-02	7.573448e-02	7.032556e-02	6.503433e-02	5.997551e-02
	5.529709e-02	5.096026e-02	4.683812e-02	4.287346e-02	3.914228e-02
	3.580687e-02	3.302052e-02	3.084004e-02	2.921237e-02	2.802904e-02
	2.717871e-02	2.657159e-02	2.614154e-02	2.584034e-02	2.563245e-02
	2.549137e-02	2.539732e-02	2.533577e-02	2.529620e-02	2.527126e-02
	2.525581e-02
mu [kg/s^2m]
	8.255382e-06	8.263230e-06	8.274085e-06	8.288930e-06	8.308969e-06
	8.335724e-06	8.371037e-06	8.417050e-06	8.476165e-06	8.550985e-06
	8.644235e-06	8.758650e-06	8.896873e-06	9.061341e-06	9.254175e-06
	9.477091e-06	9.731320e-06	1.001758e-05	1.033611e-05	1.068674e-05
	1.106895e-05	1.148193e-05	1.192469e-05	1.239607e-05	1.289491e-05
	1.342008e-05	1.397071e-05	1.454635e-05	1.514736e-05	1.577524e-05
	1.643280e-05	1.712207e-05	1.783947e-05	1.857623e-05	1.932745e-05
	2.009715e-05	2.089106e-05	2.170793e-05	2.254112e-05	2.338681e-05
	2.424864e-05	2.513574e-05	2.605835e-05	2.702427e-05	2.803831e-05
	2.910415e-05	3.022493e-05	3.140236e-05	3.263643e-05	3.392689e-05
	3.527381e-05	3.667695e-05	3.813571e-05	3.964755e-05	4.120432e-05
	4.278769e-05	4.436773e-05	4.590781e-05	4.737400e-05	4.874252e-05
	5.000285e-05	5.115652e-05	5.221261e-05	5.318322e-05	5.408083e-05
	5.491809e-05	5.570853e-05	5.646703e-05	5.720848e-05	5.794533e-05
	5.868601e-05	5.943451e-05	6.018826e-05	6.093485e-05	6.165493e-05
	6.233184e-05	6.295844e-05	6.353489e-05	6.406225e-05	6.454065e-05
	6.497221e-05	6.536179e-05	6.571494e-05	6.603673e-05	6.633151e-05
	6.660294e-05	6.685400e-05	6.708641e-05	6.730002e-05	6.749293e-05
	6.766227e-05	6.780518e-05	6.791897e-05	6.800085e-05	6.804775e-05
	6.805703e-05	6.802765e-05	6.796037e-05	6.785572e-05	6.771056e-05
	6.751403e-05	6.724755e-05	6.688878e-05	6.641325e-05	6.579772e-05
	6.502326e-05	6.407773e-05	6.296492e-05	6.170662e-05	6.032712e-05
	5.883742e-05	5.723354e-05	5.550273e-05	5.362764e-05	5.158456e-05
	4.934513e-05	4.690417e-05	4.432260e-05	4.172742e-05	3.923489e-05
	3.687572e-05	3.460017e-05	3.233338e-05	3.004395e-05	2.778708e-05
	2.568798e-05	2.388003e-05	2.243427e-05	2.133928e-05	2.053561e-05
	1.995454e-05	1.953805e-05	1.924233e-05	1.903495e-05	1.889176e-05
	1.879461e-05	1.872990e-05	1.868761e-05	1.866049e-05	1.864344e-05
	1.863292e-05
mDot_C3H8 [kg/m^3s]
	0.000000e+00	-1.196546e-13	-2.611150e-13	-4.159965e-13	-5.768137e-13
	-7.453414e-13	-9.314991e-13	-1.152885e-12	-1.437545e-12	-1.830715e-12
	-2.408223e-12	-3.302751e-12	-4.756277e-12	-7.227254e-12	-1.161482e-11
	-1.973732e-11	-3.536960e-11	-6.651710e-11	-1.304319e-10	-2.646796e-10
	-5.514082e-10	-1.169923e-09	-2.508641e-09	-5.398453e-09	-1.158740e-08
	-2.468260e-08	-5.197816e-08	-1.079551e-07	-2.209760e-07	-4.461707e-07
	-8.903659e-07	-1.756599e-06	-3.406499e-06	-6.430005e-06	-1.175443e-05
	-2.086996e-05	-3.613314e-05	-6.098503e-05	-1.001381e-04	-1.601703e-04
	-2.509294e-04	-3.877888e-04	-5.947677e-04	-9.088169e-04	-1.386618e-03
	-2.116616e-03	-3.238201e-03	-4.969944e-03	-7.653510e-03	-1.182823e-02
	-1.835754e-02	-2.863676e-02	-4.494096e-02	-7.099248e-02	-1.128071e-01
	-1.797341e-01	-2.852955e-01	-4.470811e-01	-6.849005e-01	-1.016913e+00
	-1.455004e+00	-2.001509e+00	-2.647914e+00	-3.374829e+00	-4.153046e+00
	-4.946086e+00	-5.713282e+00	-6.410967e+00	-6.989505e+00	-7.389639e+00
	-7.546158e+00	-7.402926e+00	-6.937963e+00	-6.191464e+00	-5.268599e+00
	-4.297306e+00	-3.378184e+00	-2.569248e+00	-1.896930e+00	-1.365664e+00
	-9.625211e-01	-6.654074e-01	-4.512932e-01	-2.999719e-01	-1.949883e-01
	-1.235057e-01	-7.583100e-02	-4.485604e-02	-2.542446e-02	-1.375764e-02
	-7.088710e-03	-3.464845e-03	-1.595464e-03	-6.851067e-04	-2.711314e-04
	-9.775302e-05	-3.172429e-05	-9.096089e-06	-2.224320e-06	-4.366742e-07
	-6.348297e-08	-6.459777e-09	-4.627184e-10	-2.467561e-11	-1.064002e-12
	-4.045843e-14	-1.471099e-15	-5.535874e-17	-2.309245e-18	-1.113236e-19
	-6.278583e-21	-4.125133e-22	-3.133831e-23	-2.739159e-24	-2.748042e-25
	-3.180164e-26	-4.355181e-27	-7.388104e-28	-1.611472e-28	-4.504501e-29
	-1.532936e-29	-5.878341e-30	-2.356560e-30	-9.356655e-31	-3.586817e-31
	-1.329236e-31	-4.860264e-32	-1.794659e-32	-6.770040e-33	-2.604140e-33
	-1.010386e-33	-3.900443e-34	-1.479151e-34	-5.447962e-35	-1.927782e-35
	-6.468411e-36	-2.016070e-36	-5.604676e-37	-1.259785e-37	-1.648383e-38
	0.000000e+00
ScalarDissRate [1/s]
	4.892226e-06	8.868720e-06	2.466359e-05	6.521428e-05	1.631400e-04
	3.859553e-04	8.644395e-04	1.835587e-03	3.702319e-03	7.108947e-03
	1.302754e-02	2.284637e-02	3.844873e-02	6.226920e-02	9.731522e-02
	1.471436e-01	2.157860e-01	3.076288e-01	4.272647e-01	5.793268e-01
	7.683082e-01	9.983694e-01	1.273153e+00	1.595620e+00	1.967925e+00
	2.391338e+00	2.866249e+00	3.392331e+00	3.968881e+00	4.595176e+00
	5.270680e+00	5.992739e+00	6.751262e+00	7.529270e+00	8.313052e+00
	9.097575e+00	9.878488e+00	1.064382e+01	1.137725e+01	1.206664e+01
	1.270676e+01	1.329555e+01	1.382933e+01	1.430060e+01	1.469891e+01
	1.501293e+01	1.523242e+01	1.534526e+01	1.534025e+01	1.521555e+01
	1.496680e+01	1.460107e+01	1.412433e+01	1.354604e+01	1.288100e+01
	1.215143e+01	1.138724e+01	1.062192e+01	9.885628e+00	9.199706e+00
	8.574948e+00	8.013103e+00	7.510315e+00	7.060377e+00	6.656581e+00
	6.292214e+00	5.960496e+00	5.654601e+00	5.368362e+00	5.097238e+00
	4.838672e+00	4.591829e+00	4.357738e+00	4.139560e+00	3.941088e+00
	3.764136e+00	3.607571e+00	3.468676e+00	3.345024e+00	3.234894e+00
	3.136533e+00	3.047933e+00	2.967195e+00	2.892702e+00	2.823080e+00
	2.757125e+00	2.693739e+00	2.632014e+00	2.571361e+00	2.511520e+00
	2.452392e+00	2.393798e+00	2.335338e+00	2.276454e+00	2.216589e+00
	2.155308e+00	2.092253e+00	2.026782e+00	1.957462e+00	1.881648e+00
	1.795232e+00	1.694446e+00	1.578515e+00	1.449925e+00	1.313594e+00
	1.175192e+00	1.039716e+00	9.116478e-01	7.943600e-01	6.890059e-01
	5.947588e-01	5.100205e-01	4.333128e-01	3.635439e-01	2.999038e-01
	2.418903e-01	1.897759e-01	1.447402e-01	1.079444e-01	7.938743e-02
	5.767797e-02	4.104960e-02	2.813941e-02	1.823919e-02	1.104883e-02
	6.256735e-03	3.356277e-03	1.739746e-03	8.853912e-04	4.454523e-04
	2.212926e-04	1.080045e-04	5.151371e-05	2.390794e-05	1.076719e-05
	4.698484e-06	1.985548e-06	8.127129e-07	3.224508e-07	1.243950e-07
	7.237049e-08
ZBilger
	1.000000e+00	9.993404e-01	9.984665e-01	9.973381e-01	9.959165e-01
	9.941611e-01	9.920319e-01	9.894924e-01	9.865106e-01	9.830598e-01
	9.791189e-01	9.746722e-01	9.697090e-01	9.642232e-01	9.582129e-01
	9.516801e-01	9.446309e-01	9.370745e-01	9.290218e-01	9.204850e-01
	9.114759e-01	9.020071e-01	8.920910e-01	8.817398e-01	8.709647e-01
	8.597749e-01	8.481759e-01	8.361647e-01	8.237240e-01	8.108155e-01
	7.973774e-01	7.833671e-01	7.688585e-01	7.540308e-01	7.389852e-01
	7.236453e-01	7.079049e-01	6.917996e-01	6.754713e-01	6.590049e-01
	6.423406e-01	6.253163e-01	6.077557e-01	5.895363e-01	5.705985e-01
	5.509105e-01	5.304563e-01	5.092685e-01	4.873655e-01	4.648331e-01
	4.417355e-01	4.181347e-01	3.941017e-01	3.697411e-01	3.452451e-01
	3.209514e-01	2.973448e-01	2.749618e-01	2.542478e-01	2.354640e-01
	2.186677e-01	2.037539e-01	1.905308e-01	1.787865e-01	1.683214e-01
	1.589502e-01	1.504944e-01	1.427805e-01	1.356570e-01	1.290191e-01
	1.228140e-01	1.170304e-01	1.116948e-01	1.068686e-01	1.026079e-01
	9.891202e-02	9.571725e-02	9.293587e-02	9.049565e-02	8.834608e-02
	8.644175e-02	8.473674e-02	8.319032e-02	8.176921e-02	8.044620e-02
	7.919822e-02	7.800513e-02	7.685121e-02	7.572769e-02	7.463285e-02
	7.356865e-02	7.253607e-02	7.153236e-02	7.055181e-02	6.958757e-02
	6.863208e-02	6.767457e-02	6.669530e-02	6.565906e-02	6.450941e-02
	6.316253e-02	6.153140e-02	5.956881e-02	5.727694e-02	5.469940e-02
	5.189998e-02	4.894577e-02	4.591883e-02	4.290642e-02	3.996435e-02
	3.710254e-02	3.430253e-02	3.153851e-02	2.878648e-02	2.602191e-02
	2.322266e-02	2.039981e-02	1.763094e-02	1.503937e-02	1.271479e-02
	1.065836e-02	8.806565e-03	7.091679e-03	5.493998e-03	4.055962e-03
	2.846993e-03	1.912354e-03	1.243130e-03	7.888482e-04	4.896356e-04
	2.957720e-04	1.720423e-04	9.483538e-05	4.829284e-05	2.163187e-05
	7.476001e-06	8.395711e-07	-1.552564e-06	-1.762325e-06	-1.018713e-06
	0.000000e+00
ScalarDissRateBilger [1/s]
	7.791529e-04	1.067316e-03	1.886543e-03	3.238107e-03	5.386042e-03
	8.686212e-03	1.360012e-02	2.070207e-02	3.068320e-02	4.435027e-02
	6.262002e-02	8.650989e-02	1.171265e-01	1.556521e-01	2.033299e-01
	2.614458e-01	3.313084e-01	4.142320e-01	5.115297e-01	6.245107e-01
	7.544759e-01	9.027051e-01	1.070448e+00	1.258919e+00	1.469297e+00
	1.702745e+00	1.960445e+00	2.243716e+00	2.554218e+00	2.894186e+00
	3.266630e+00	3.674155e+00	4.115831e+00	4.586842e+00	5.083961e+00
	5.609349e+00	6.166209e+00	6.752651e+00	7.362391e+00	7.990600e+00
	8.637515e+00	9.307120e+00	1.000366e+01	1.072860e+01	1.147983e+01
	1.225270e+01	1.302999e+01	1.381994e+01	1.461018e+01	1.536891e+01
	1.608066e+01	1.672433e+01	1.727718e+01	1.771440e+01	1.800978e+01
	1.813905e+01	1.808622e+01	1.784984e+01	1.744422e+01	1.689440e+01
	1.622870e+01	1.547259e+01	1.464649e+01	1.376684e+01	1.284786e+01
	1.190194e+01	1.093886e+01	9.965169e+00	8.986568e+00	8.012989e+00
	7.062019e+00	6.158445e+00	5.332237e+00	4.613537e+00	4.021000e+00
	3.552809e+00	3.190763e+00	2.911738e+00	2.695666e+00	2.526833e+00
	2.392492e+00	2.282404e+00	2.188831e+00	2.106016e+00	2.029538e+00
	1.955772e+00	1.881509e+00	1.803838e+00	1.720307e+00	1.629225e+00
	1.529992e+00	1.423341e+00	1.311617e+00	1.199189e+00	1.092598e+00
	9.995996e-01	9.267139e-01	8.764893e-01	8.466729e-01	8.314776e-01
	8.233457e-01	8.147131e-01	8.006193e-01	7.807353e-01	7.573669e-01
	7.317697e-01	7.030465e-01	6.696272e-01	6.307581e-01	5.867109e-01
	5.382254e-01	4.861314e-01	4.313228e-01	3.748183e-01	3.177274e-01
	2.613451e-01	2.076714e-01	1.595055e-01	1.192612e-01	8.757674e-02
	6.319178e-02	4.432376e-02	2.962410e-02	1.844642e-02	1.053354e-02
	5.503000e-03	2.665922e-03	1.224640e-03	5.430458e-04	2.338896e-04
	9.730801e-05	3.860245e-05	1.435048e-05	4.886702e-06	1.474426e-06
	3.715319e-07	6.824376e-08	5.566092e-09	2.213389e-10	2.448764e-09
	3.271732e-09
ChiAnalytOverChiStoich
	1.000000e-10	1.000000e-10	1.000000e-10	3.151712e-03	1.217050e-02
	2.468318e-02	4.185397e-02	6.511035e-02	9.614112e-02	1.368715e-01
	1.894151e-01	2.560055e-01	3.389124e-01	4.403484e-01	5.623703e-01
	7.067807e-01	8.750346e-01	1.068172e+00	1.286794e+00	1.531063e+00
	1.800715e+00	2.095069e+00	2.413056e+00	2.753261e+00	3.113991e+00
	3.493351e+00	3.889351e+00	4.300090e+00	4.723994e+00	5.159999e+00
	5.607578e+00	6.065202e+00	6.527287e+00	6.985078e+00	7.432738e+00
	7.869839e+00	8.296305e+00	8.707804e+00	9.097650e+00	9.461289e+00
	9.797594e+00	1.010674e+01	1.038771e+01	1.063709e+01	1.084941e+01
	1.101816e+01	1.113623e+01	1.119615e+01	1.119090e+01	1.111426e+01
	1.096140e+01	1.072892e+01	1.041512e+01	1.002066e+01	9.550147e+00
	9.014679e+00	8.433283e+00	7.831000e+00	7.233614e+00	6.662337e+00
	6.130780e+00	5.644898e+00	5.205166e+00	4.809162e+00	4.453238e+00
	4.133094e+00	3.843882e+00	3.580430e+00	3.338043e+00	3.113444e+00
	2.905026e+00	2.712475e+00	2.536623e+00	2.379293e+00	2.241961e+00
	2.124160e+00	2.023420e+00	1.936600e+00	1.861153e+00	1.795283e+00
	1.737412e+00	1.686001e+00	1.639713e+00	1.597469e+00	1.558403e+00
	1.521790e+00	1.487007e+00	1.453576e+00	1.421229e+00	1.389903e+00
	1.359645e+00	1.330467e+00	1.302281e+00	1.274916e+00	1.248173e+00
	1.221839e+00	1.195618e+00	1.168980e+00	1.140991e+00	1.110184e+00
	1.074426e+00	1.031616e+00	9.808453e-01	9.226123e-01	8.585336e-01
	7.907065e-01	7.212180e-01	6.523512e-01	5.862734e-01	5.242188e-01
	4.663179e-01	4.121209e-01	3.611032e-01	3.128605e-01	2.670696e-01
	2.235445e-01	1.826651e-01	1.456255e-01	1.138091e-01	8.770125e-02
	6.658362e-02	4.920293e-02	3.452508e-02	2.210614e-02	1.198627e-02
	4.268904e-03	1.000000e-10	1.000000e-10	1.000000e-10	1.000000e-10
	1.000000e-10	1.000000e-10	1.000000e-10	1.000000e-10	1.000000e-10
	1.000000e-10	1.000000e-10	1.000000e-10	1.000000e-10	1.000000e-10
	1.000000e-10
ChiKWOverChiKWStoich
	5.919653e-11	5.920631e-11	5.921898e-11	1.866930e-03	7.211846e-03
	1.463327e-02	2.482781e-02	3.865332e-02	5.713088e-02	8.143433e-02
	1.128673e-01	1.528288e-01	2.027713e-01	2.641514e-01	3.383782e-01
	4.267581e-01	5.304404e-01	6.503749e-01	7.872906e-01	9.416903e-01
	1.113846e+00	1.303793e+00	1.511334e+00	1.736054e+00	1.977350e+00
	2.234470e+00	2.506579e+00	2.792880e+00	3.092794e+00	3.406106e+00
	3.733028e+00	4.073093e+00	4.422776e+00	4.775894e+00	5.128177e+00
	5.479474e+00	5.830023e+00	6.176608e+00	6.513784e+00	6.837605e+00
	7.147023e+00	7.442371e+00	7.723222e+00	7.987140e+00	8.229782e+00
	8.445682e+00	8.628575e+00	8.771609e+00	8.867386e+00	8.909169e+00
	8.890887e+00	8.807314e+00	8.654366e+00	8.429636e+00	8.133714e+00
	7.772395e+00	7.358521e+00	6.911232e+00	6.452114e+00	6.000560e+00
	5.570546e+00	5.169827e+00	4.801262e+00	4.464789e+00	4.158849e+00
	3.880928e+00	3.627722e+00	3.395377e+00	3.180252e+00	2.979818e+00
	2.792947e+00	2.619611e+00	2.460781e+00	2.318289e+00	2.193611e+00
	2.086422e+00	1.994537e+00	1.915135e+00	1.845920e+00	1.785280e+00
	1.731799e+00	1.684091e+00	1.640949e+00	1.601397e+00	1.564644e+00
	1.530024e+00	1.496958e+00	1.464994e+00	1.433871e+00	1.403522e+00
	1.373981e+00	1.345250e+00	1.317227e+00	1.289724e+00	1.262527e+00
	1.235410e+00	1.208084e+00	1.180036e+00	1.150347e+00	1.117528e+00
	1.079378e+00	1.033720e+00	9.796332e-01	9.176697e-01	8.495614e-01
	7.775652e-01	7.039561e-01	6.312390e-01	5.617918e-01	4.969786e-01
	4.369747e-01	3.813364e-01	3.295440e-01	2.812076e-01	2.360295e-01
	1.938593e-01	1.550914e-01	1.208274e-01	9.220043e-02	6.938786e-02
	5.147731e-02	3.717723e-02	2.548038e-02	1.592090e-02	8.421288e-03
	2.929187e-03	6.720516e-11	6.607950e-11	6.522996e-11	6.460855e-11
	6.416051e-11	6.384004e-11	6.361282e-11	6.345361e-11	6.334371e-11
	6.326914e-11	6.321946e-11	6.318696e-11	6.316610e-11	6.315297e-11
	6.314485e-11
ChiKWFact
	5.919653e-01	5.920631e-01	5.921898e-01	5.923543e-01	5.925676e-01
	5.928440e-01	5.932008e-01	5.936585e-01	5.942398e-01	5.949693e-01
	5.958725e-01	5.969748e-01	5.982999e-01	5.998690e-01	6.016999e-01
	6.038055e-01	6.061937e-01	6.088670e-01	6.118234e-01	6.150567e-01
	6.185578e-01	6.223151e-01	6.263154e-01	6.305446e-01	6.349889e-01
	6.396350e-01	6.444722e-01	6.494934e-01	6.546989e-01	6.600981e-01
	6.657113e-01	6.715511e-01	6.775826e-01	6.837282e-01	6.899445e-01
	6.962625e-01	7.027253e-01	7.093186e-01	7.159854e-01	7.226927e-01
	7.294672e-01	7.363769e-01	7.434958e-01	7.508765e-01	7.585465e-01
	7.665234e-01	7.748199e-01	7.834484e-01	7.923747e-01	8.015980e-01
	8.111084e-01	8.208944e-01	8.309422e-01	8.412261e-01	8.516847e-01
	8.621932e-01	8.725571e-01	8.825478e-01	8.919627e-01	9.006689e-01
	9.086194e-01	9.158407e-01	9.224032e-01	9.283925e-01	9.338932e-01
	9.389886e-01	9.437653e-01	9.483154e-01	9.527295e-01	9.570811e-01
	9.614186e-01	9.657640e-01	9.701013e-01	9.743603e-01	9.784339e-01
	9.822338e-01	9.857258e-01	9.889163e-01	9.918156e-01	9.944282e-01
	9.967690e-01	9.988669e-01	1.000754e+00	1.002459e+00	1.004004e+00
	1.005411e+00	1.006692e+00	1.007855e+00	1.008895e+00	1.009798e+00
	1.010544e+00	1.011111e+00	1.011476e+00	1.011615e+00	1.011500e+00
	1.011107e+00	1.010426e+00	1.009458e+00	1.008199e+00	1.006615e+00
	1.004609e+00	1.002040e+00	9.987643e-01	9.946428e-01	9.895493e-01
	9.833803e-01	9.760656e-01	9.676367e-01	9.582420e-01	9.480367e-01
	9.370747e-01	9.253024e-01	9.126034e-01	8.988275e-01	8.837753e-01
	8.672069e-01	8.490477e-01	8.297135e-01	8.101326e-01	7.911843e-01
	7.731228e-01	7.555897e-01	7.380252e-01	7.202026e-01	7.025781e-01
	6.861685e-01	6.720516e-01	6.607950e-01	6.522996e-01	6.460855e-01
	6.416051e-01	6.384004e-01	6.361282e-01	6.345361e-01	6.334371e-01
	6.326914e-01	6.321946e-01	6.318696e-01	6.316610e-01	6.315297e-01
	6.314485e-01
MolarMass [kg/kmole]
	4.409000e+01	4.404781e+01	4.399713e+01	4.393699e+01	4.386652e+01
	4.378475e+01	4.369075e+01	4.358378e+01	4.346327e+01	4.332887e+01
	4.318044e+01	4.301801e+01	4.284180e+01	4.265216e+01	4.244958e+01
	4.223463e+01	4.200803e+01	4.177054e+01	4.152295e+01	4.126606e+01
	4.100063e+01	4.072741e+01	4.044712e+01	4.016044e+01	3.986801e+01
	3.957038e+01	3.926800e+01	3.896106e+01	3.864945e+01	3.833254e+01
	3.800922e+01	3.767895e+01	3.734392e+01	3.700853e+01	3.667512e+01
	3.634204e+01	3.600715e+01	3.567142e+01	3.533790e+01	3.500826e+01
	3.468126e+01	3.435378e+01	3.402269e+01	3.368611e+01	3.334345e+01
	3.299469e+01	3.264010e+01	3.227856e+01	3.191539e+01	3.155012e+01
	3.118412e+01	3.081859e+01	3.045480e+01	3.009441e+01	2.974019e+01
	2.939678e+01	2.907049e+01	2.876789e+01	2.849400e+01	2.825121e+01
	2.803932e+01	2.785621e+01	2.769890e+01	2.756436e+01	2.744989e+01
	2.735313e+01	2.727193e+01	2.720445e+01	2.714940e+01	2.710617e+01
	2.707473e+01	2.705528e+01	2.704778e+01	2.705140e+01	2.706412e+01
	2.708314e+01	2.710587e+01	2.713041e+01	2.715543e+01	2.718000e+01
	2.720357e+01	2.722598e+01	2.724728e+01	2.726762e+01	2.728722e+01
	2.730630e+01	2.732513e+01	2.734398e+01	2.736306e+01	2.738252e+01
	2.740246e+01	2.742305e+01	2.744451e+01	2.746715e+01	2.749125e+01
	2.751698e+01	2.754442e+01	2.757360e+01	2.760482e+01	2.763882e+01
	2.767677e+01	2.771945e+01	2.776614e+01	2.781513e+01	2.786443e+01
	2.791249e+01	2.795841e+01	2.800152e+01	2.804143e+01	2.807825e+01
	2.811264e+01	2.814544e+01	2.817749e+01	2.820955e+01	2.824239e+01
	2.827689e+01	2.831365e+01	2.835250e+01	2.839235e+01	2.843193e+01
	2.847087e+01	2.850997e+01	2.855058e+01	2.859341e+01	2.863758e+01
	2.868061e+01	2.871944e+01	2.875193e+01	2.877766e+01	2.879740e+01
	2.881230e+01	2.882345e+01	2.883172e+01	2.883778e+01	2.884216e+01
	2.884527e+01	2.884744e+01	2.884893e+01	2.884994e+01	2.885062e+01
	2.885106e+01
TotalEnthalpy [J/kg]
	-2.352410e+06	-2.352157e+06	-2.351811e+06	-2.351336e+06	-2.350685e+06
	-2.349792e+06	-2.348577e+06	-2.346940e+06	-2.344763e+06	-2.341913e+06
	-2.338243e+06	-2.333600e+06	-2.327824e+06	-2.320756e+06	-2.312241e+06
	-2.302136e+06	-2.290311e+06	-2.276652e+06	-2.261066e+06	-2.243475e+06
	-2.223821e+06	-2.202064e+06	-2.178181e+06	-2.152167e+06	-2.124031e+06
	-2.093791e+06	-2.061470e+06	-2.027078e+06	-1.990594e+06	-1.951938e+06
	-1.910965e+06	-1.867589e+06	-1.822102e+06	-1.775158e+06	-1.727187e+06
	-1.678060e+06	-1.627555e+06	-1.575906e+06	-1.523698e+06	-1.471327e+06
	-1.418731e+06	-1.365532e+06	-1.311336e+06	-1.255955e+06	-1.199429e+06
	-1.141913e+06	-1.083640e+06	-1.025020e+06	-9.663862e+05	-9.083430e+05
	-8.514156e+05	-7.960773e+05	-7.428038e+05	-6.921083e+05	-6.446108e+05
	-6.010623e+05	-5.622241e+05	-5.286178e+05	-5.003215e+05	-4.769657e+05
	-4.578748e+05	-4.422528e+05	-4.293367e+05	-4.184765e+05	-4.091488e+05
	-4.009341e+05	-3.934875e+05	-3.865137e+05	-3.797617e+05	-3.730314e+05
	-3.661808e+05	-3.591319e+05	-3.519014e+05	-3.446453e+05	-3.376306e+05
	-3.311189e+05	-3.252704e+05	-3.201527e+05	-3.158007e+05	-3.122300e+05
	-3.094143e+05	-3.072921e+05	-3.057949e+05	-3.048613e+05	-3.044405e+05
	-3.044940e+05	-3.049956e+05	-3.059288e+05	-3.072751e+05	-3.089986e+05
	-3.110345e+05	-3.132889e+05	-3.156410e+05	-3.179359e+05	-3.199703e+05
	-3.214841e+05	-3.221720e+05	-3.216986e+05	-3.196624e+05	-3.154713e+05
	-3.081346e+05	-2.962800e+05	-2.787680e+05	-2.554595e+05	-2.275889e+05
	-1.973745e+05	-1.672472e+05	-1.394082e+05	-1.153843e+05	-9.572002e+04
	-8.020946e+04	-6.835756e+04	-5.965444e+04	-5.363679e+04	-4.986025e+04
	-4.786963e+04	-4.714787e+04	-4.704956e+04	-4.690860e+04	-4.621975e+04
	-4.474468e+04	-4.244060e+04	-3.923212e+04	-3.503855e+04	-2.994776e+04
	-2.434363e+04	-1.883052e+04	-1.395022e+04	-9.957977e+03	-6.845385e+03
	-4.476382e+03	-2.694409e+03	-1.364921e+03	-3.810618e+02	3.401140e+02
	8.630603e+02	1.237790e+03	1.502900e+03	1.687870e+03	1.814833e+03
	1.900584e+03
trailer
Lewis numbers evaluated at maximum consumption
N2	-1
O2	0.991833
@ Z = 0.0749304
H	0.16792
@ Z = 0.0885934
OH	0.661799
@ Z = 0.0819073
O	0.648097
@ Z = 0.0792264
H2	0.275151
@ Z = 0.071608
H2O	0.656848
@ Z = 0.195162
HO2	0.999732
@ Z = 0.0764156
H2O2	0.980968
@ Z = 0.0315012
CO	0.998006
@ Z = 0.0672201
CO2	1.28116
@ Z = 0.0845484
CH	0.602276
@ Z = 0.0733501
CHO	1.13882
@ Z = 0.071608
CH2	0.870428
@ Z = 0.0749304
CH2O	1.15027
@ Z = 0.0733501
CH3	0.907614
@ Z = 0.077842
CH4	0.916837
@ Z = 0.0914015
C2H6	1.32445
@ Z = 0.110127
C2H	1.17621
@ Z = 0.0764156
C2H2	1.19206
@ Z = 0.0805781
CHCO	0.800629
@ Z = 0.0764156
C3H3	1.61555
@ Z = 0.0792264
C2H3	1.208
@ Z = 0.0885934
C2H4	1.20629
@ Z = 0.107127
C2H5	1.31482
@ Z = 0.0845484
C3H4	1.57719
@ Z = 0.077842
C3H5	1.62213
@ Z = 0.0764156
C3H6	1.67019
@ Z = 0.125805
N-C3H7	0.999001
@ Z = 0.631779
I-C3H7	1.04602
@ Z = 0.527184
C3H8	1.66271
@ Z = 0.135405
Lewis numbers evaluated at maximum formation
N2	-1
O2	0.995873
@ Z = 0.0180259
H	0.165604
@ Z = 0.0733501
OH	0.654096
@ Z = 0.0695994
O	0.63686
@ Z = 0.0612602
H2	0.277654
@ Z = 0.0845484
H2O	0.737682
@ Z = 0.0749304
HO2	0.982073
@ Z = 0.0180259
H2O2	0.986321
@ Z = 0.020666
CO	1.01032
@ Z = 0.0805781
CO2	1.26683
@ Z = 0.0695994
CH	0.606424
@ Z = 0.0805781
CHO	1.14691
@ Z = 0.0792264
CH2	0.876316
@ Z = 0.0832266
CH2O	1.15855
@ Z = 0.0819073
CH3	0.913145
@ Z = 0.092878
CH4	0.886658
@ Z = 0.135405
C2H6	1.24122
@ Z = 0.15682
C2H	1.18333
@ Z = 0.0858813
C2H2	1.18542
@ Z = 0.113473
CHCO	0.806376
@ Z = 0.0885934
C3H3	1.62261
@ Z = 0.08998
C2H3	1.20336
@ Z = 0.113473
C2H4	1.14121
@ Z = 0.151076
C2H5	1.31712
@ Z = 0.0998497
C3H4	1.58533
@ Z = 0.0885934
C3H5	1.63147
@ Z = 0.0858813
C3H6	1.49352
@ Z = 0.185681
N-C3H7	0.971947
@ Z = 0.712867
I-C3H7	0.999001
@ Z = 0.631779
C3H8	-1
Lewis numbers evaluated at maximum mass fraction
N2	0.9213
@ Z = 4.79119e-06
O2	1.05234
@ Z = 4.79119e-06
H	0.164839
@ Z = 0.0695994
OH	0.649053
@ Z = 0.0612602
O	0.633483
@ Z = 0.054192
H2	0.267874
@ Z = 0.140442
H2O	0.744538
@ Z = 0.0885934
HO2	0.979545
@ Z = 0.020666
H2O2	0.986321
@ Z = 0.020666
CO	1.01429
@ Z = 0.0998497
CO2	1.26943
@ Z = 0.071608
CH	0.606424
@ Z = 0.0805781
CHO	1.14804
@ Z = 0.0805781
CH2	0.877327
@ Z = 0.0858813
CH2O	0.995121
@ Z = 0.205937
CH3	0.913215
@ Z = 0.0998497
CH4	0.801192
@ Z = 0.185681
C2H6	1.12493
@ Z = 0.205937
C2H	1.18418
@ Z = 0.0885934
C2H2	1.11109
@ Z = 0.15682
CHCO	0.803705
@ Z = 0.113473
C3H3	1.62336
@ Z = 0.0960936
C2H3	1.20031
@ Z = 0.117209
C2H4	1.02343
@ Z = 0.205937
C2H5	1.30344
@ Z = 0.121338
C3H4	1.58622
@ Z = 0.0944334
C3H5	1.28723
@ Z = 0.247986
C3H6	1.33671
@ Z = 0.247986
N-C3H7	0.966288
@ Z = 0.732454
I-C3H7	0.991578
@ Z = 0.652144
C3H8	0.824067
@ Z = 0.999948
