header

title = "planar counterflow diffusion flame"
mechanism = "C3H8.82.pre"
author = ""
date = "Wed Aug 14 15:21:50 2013"

fuel = "CH4"
pressure = 1 [bar]
chi_st = 40 [1/s]
FlameLoc = 5.53848e-321
Tmax = 300 [K]

FuelSide
begin
	Temperature = 300 [K]
	Massfraction-CH4 = 1
end

OxidizerSide
begin
	Temperature = 300 [K]
	Massfraction-N2 = 0.76708
	Massfraction-O2 = 0.23292
end

numOfSpecies = 31
gridPoints = 141

body
Z
	0.000000e+00	2.087175e-02	4.065862e-02	5.853850e-02	7.438964e-02
	8.850545e-02	1.011720e-01	1.127290e-01	1.235240e-01	1.336698e-01
	1.431985e-01	1.522860e-01	1.610065e-01	1.693515e-01	1.774294e-01
	1.853012e-01	1.929826e-01	2.005324e-01	2.079776e-01	2.153356e-01
	2.226315e-01	2.298751e-01	2.370814e-01	2.442652e-01	2.514338e-01
	2.585948e-01	2.657560e-01	2.729279e-01	2.801268e-01	2.873678e-01
	2.946530e-01	3.019779e-01	3.093556e-01	3.168150e-01	3.243684e-01
	3.320069e-01	3.397423e-01	3.476210e-01	3.556716e-01	3.638790e-01
	3.722274e-01	3.807612e-01	3.895727e-01	3.987779e-01	4.085393e-01
	4.188021e-01	4.290523e-01	4.387797e-01	4.479120e-01	4.565975e-01
	4.649672e-01	4.730959e-01	4.809676e-01	4.885239e-01	4.957506e-01
	5.026888e-01	5.093966e-01	5.158985e-01	5.221829e-01	5.282250e-01
	5.340098e-01	5.395542e-01	5.448917e-01	5.500618e-01	5.551062e-01
	5.600495e-01	5.648954e-01	5.696396e-01	5.742782e-01	5.788098e-01
	5.832367e-01	5.875658e-01	5.918083e-01	5.959768e-01	6.000829e-01
	6.041351e-01	6.081390e-01	6.120982e-01	6.160166e-01	6.198997e-01
	6.237532e-01	6.275815e-01	6.313879e-01	6.351759e-01	6.389515e-01
	6.427218e-01	6.464909e-01	6.502614e-01	6.540352e-01	6.578143e-01
	6.615992e-01	6.653890e-01	6.691838e-01	6.729865e-01	6.768021e-01
	6.806380e-01	6.845016e-01	6.883951e-01	6.923189e-01	6.962754e-01
	7.002701e-01	7.043135e-01	7.084164e-01	7.125857e-01	7.168275e-01
	7.211484e-01	7.255547e-01	7.300511e-01	7.346360e-01	7.393032e-01
	7.440523e-01	7.488896e-01	7.538267e-01	7.588779e-01	7.640600e-01
	7.693859e-01	7.748563e-01	7.804658e-01	7.862123e-01	7.920957e-01
	7.981200e-01	8.042953e-01	8.106391e-01	8.171756e-01	8.239327e-01
	8.309377e-01	8.382090e-01	8.457648e-01	8.536456e-01	8.619063e-01
	8.705893e-01	8.797168e-01	8.893019e-01	8.993766e-01	9.100243e-01
	9.214505e-01	9.339694e-01	9.479669e-01	9.639602e-01	9.817012e-01
	1.000000e+00
temperature [K]
	3.000000e+02	3.000000e+02	3.000000e+02	3.000000e+02	3.000000e+02
	3.000000e+02	3.000000e+02	3.000000e+02	3.000000e+02	3.000000e+02
	3.000000e+02	3.000000e+02	3.000000e+02	3.000000e+02	3.000000e+02
	3.000000e+02	3.000000e+02	3.000000e+02	3.000000e+02	3.000000e+02
	3.000000e+02	3.000000e+02	3.000000e+02	3.000000e+02	3.000000e+02
	3.000000e+02	3.000000e+02	3.000000e+02	3.000000e+02	3.000000e+02
	3.000000e+02	3.000000e+02	3.000000e+02	3.000000e+02	3.000000e+02
	3.000000e+02	3.000000e+02	3.000000e+02	3.000000e+02	3.000000e+02
	3.000000e+02	3.000000e+02	3.000000e+02	3.000000e+02	3.000000e+02
	3.000000e+02	3.000000e+02	3.000000e+02	3.000000e+02	3.000000e+02
	3.000000e+02	3.000000e+02	3.000000e+02	3.000000e+02	3.000000e+02
	3.000000e+02	3.000000e+02	3.000000e+02	3.000000e+02	3.000000e+02
	3.000000e+02	3.000000e+02	3.000000e+02	3.000000e+02	3.000000e+02
	3.000000e+02	3.000000e+02	3.000000e+02	3.000000e+02	3.000000e+02
	3.000000e+02	3.000000e+02	3.000000e+02	3.000000e+02	3.000000e+02
	3.000000e+02	3.000000e+02	3.000000e+02	3.000000e+02	3.000000e+02
	3.000000e+02	3.000000e+02	3.000000e+02	3.000000e+02	3.000000e+02
	3.000000e+02	3.000000e+02	3.000000e+02	3.000000e+02	3.000000e+02
	3.000000e+02	3.000000e+02	3.000000e+02	3.000000e+02	3.000000e+02
	3.000000e+02	3.000000e+02	3.000000e+02	3.000000e+02	3.000000e+02
	3.000000e+02	3.000000e+02	3.000000e+02	3.000000e+02	3.000000e+02
	3.000000e+02	3.000000e+02	3.000000e+02	3.000000e+02	3.000000e+02
	3.000000e+02	3.000000e+02	3.000000e+02	3.000000e+02	3.000000e+02
	3.000000e+02	3.000000e+02	3.000000e+02	3.000000e+02	3.000000e+02
	3.000000e+02	3.000000e+02	3.000000e+02	3.000000e+02	3.000000e+02
	3.000000e+02	3.000000e+02	3.000000e+02	3.000000e+02	3.000000e+02
	3.000000e+02	3.000000e+02	3.000000e+02	3.000000e+02	3.000000e+02
	3.000000e+02	3.000000e+02	3.000000e+02	3.000000e+02	3.000000e+02
	3.000000e+02
massfraction-N2
	7.670796e-01	7.510693e-01	7.358912e-01	7.221759e-01	7.100168e-01
	6.991889e-01	6.894727e-01	6.806075e-01	6.723269e-01	6.645442e-01
	6.572349e-01	6.502641e-01	6.435748e-01	6.371735e-01	6.309771e-01
	6.249388e-01	6.190466e-01	6.132553e-01	6.075442e-01	6.019000e-01
	5.963035e-01	5.907471e-01	5.852193e-01	5.797088e-01	5.742099e-01
	5.687168e-01	5.632236e-01	5.577222e-01	5.522000e-01	5.466456e-01
	5.410573e-01	5.354385e-01	5.297792e-01	5.240573e-01	5.182632e-01
	5.124039e-01	5.064702e-01	5.004267e-01	4.942512e-01	4.879554e-01
	4.815516e-01	4.750055e-01	4.682463e-01	4.611852e-01	4.536974e-01
	4.458251e-01	4.379624e-01	4.305006e-01	4.234955e-01	4.168329e-01
	4.104128e-01	4.041774e-01	3.981392e-01	3.923429e-01	3.867994e-01
	3.814773e-01	3.763319e-01	3.713444e-01	3.665237e-01	3.618890e-01
	3.574516e-01	3.531986e-01	3.491043e-01	3.451384e-01	3.412690e-01
	3.374771e-01	3.337599e-01	3.301207e-01	3.265625e-01	3.230864e-01
	3.196906e-01	3.163699e-01	3.131156e-01	3.099180e-01	3.067683e-01
	3.036599e-01	3.005886e-01	2.975516e-01	2.945458e-01	2.915672e-01
	2.886113e-01	2.856746e-01	2.827548e-01	2.798491e-01	2.769529e-01
	2.740609e-01	2.711696e-01	2.682773e-01	2.653825e-01	2.624837e-01
	2.595804e-01	2.566733e-01	2.537624e-01	2.508454e-01	2.479185e-01
	2.449761e-01	2.420124e-01	2.390258e-01	2.360159e-01	2.329809e-01
	2.299167e-01	2.268151e-01	2.236678e-01	2.204696e-01	2.172158e-01
	2.139014e-01	2.105214e-01	2.070723e-01	2.035553e-01	1.999752e-01
	1.963323e-01	1.926216e-01	1.888345e-01	1.849599e-01	1.809848e-01
	1.768993e-01	1.727032e-01	1.684002e-01	1.639922e-01	1.594791e-01
	1.548580e-01	1.501211e-01	1.452549e-01	1.402409e-01	1.350576e-01
	1.296842e-01	1.241066e-01	1.183107e-01	1.122654e-01	1.059289e-01
	9.926829e-02	9.226681e-02	8.491428e-02	7.718617e-02	6.901852e-02
	6.025371e-02	5.065076e-02	3.991352e-02	2.764543e-02	1.403664e-02
	1.000000e-60
massfraction-O2
	2.329204e-01	2.280589e-01	2.234502e-01	2.192856e-01	2.155935e-01
	2.123057e-01	2.093554e-01	2.066635e-01	2.041491e-01	2.017860e-01
	1.995665e-01	1.974499e-01	1.954187e-01	1.934750e-01	1.915935e-01
	1.897600e-01	1.879708e-01	1.862123e-01	1.844782e-01	1.827643e-01
	1.810650e-01	1.793778e-01	1.776993e-01	1.760260e-01	1.743563e-01
	1.726884e-01	1.710204e-01	1.693499e-01	1.676731e-01	1.659866e-01
	1.642897e-01	1.625836e-01	1.608651e-01	1.591277e-01	1.573684e-01
	1.555892e-01	1.537875e-01	1.519524e-01	1.500772e-01	1.481655e-01
	1.462210e-01	1.442333e-01	1.421810e-01	1.400369e-01	1.377632e-01
	1.353728e-01	1.329854e-01	1.307196e-01	1.285926e-01	1.265695e-01
	1.246201e-01	1.227267e-01	1.208932e-01	1.191332e-01	1.174500e-01
	1.158339e-01	1.142715e-01	1.127571e-01	1.112933e-01	1.098860e-01
	1.085386e-01	1.072472e-01	1.060040e-01	1.047998e-01	1.036248e-01
	1.024734e-01	1.013447e-01	1.002397e-01	9.915929e-02	9.810378e-02
	9.707267e-02	9.606434e-02	9.507618e-02	9.410524e-02	9.314885e-02
	9.220499e-02	9.127241e-02	9.035025e-02	8.943756e-02	8.853310e-02
	8.763555e-02	8.674386e-02	8.585728e-02	8.497497e-02	8.409555e-02
	8.321739e-02	8.233947e-02	8.146125e-02	8.058225e-02	7.970203e-02
	7.882045e-02	7.793773e-02	7.705384e-02	7.616810e-02	7.527938e-02
	7.438592e-02	7.348601e-02	7.257913e-02	7.166520e-02	7.074365e-02
	6.981321e-02	6.887141e-02	6.791575e-02	6.694464e-02	6.595664e-02
	6.495022e-02	6.392392e-02	6.287659e-02	6.180869e-02	6.072159e-02
	5.961544e-02	5.848872e-02	5.733878e-02	5.616226e-02	5.495524e-02
	5.371472e-02	5.244056e-02	5.113399e-02	4.979552e-02	4.842515e-02
	4.702196e-02	4.558362e-02	4.410603e-02	4.258353e-02	4.100965e-02
	3.937805e-02	3.768443e-02	3.592453e-02	3.408891e-02	3.216485e-02
	3.014238e-02	2.801642e-02	2.578385e-02	2.343724e-02	2.095717e-02
	1.829578e-02	1.537988e-02	1.211957e-02	8.394415e-03	4.262164e-03
	1.000000e-60
massfraction-H
	1.000000e-60	1.000000e-60	1.000000e-60	1.000000e-60	1.000000e-60
	3.739364e-34	1.000000e-60	1.000000e-60	1.000000e-60	1.000000e-60
	5.757141e-34	1.000000e-60	1.000000e-60	1.000000e-60	1.596295e-33
	1.000000e-60	1.000000e-60	1.000000e-60	1.000000e-60	1.991291e-33
	1.513376e-34	1.000000e-60	1.000000e-60	5.528713e-35	3.744708e-35
	6.293457e-35	1.197316e-34	2.953927e-34	6.705781e-34	1.508906e-33
	3.388480e-33	7.564599e-33	8.060395e-33	1.000000e-60	1.000000e-60
	1.000000e-60	1.000000e-60	2.738726e-33	1.294908e-33	1.000000e-60
	5.165254e-35	1.000000e-60	4.362319e-33	5.919355e-33	5.617870e-33
	5.255468e-33	4.703575e-33	2.559954e-33	1.000000e-60	1.000000e-60
	1.000000e-60	1.000000e-60	1.000000e-60	1.000000e-60	1.000000e-60
	1.000000e-60	9.292533e-33	1.678558e-32	1.552126e-32	1.000000e-60
	1.000000e-60	1.000000e-60	1.000000e-60	1.000000e-60	1.000000e-60
	1.000000e-60	1.000000e-60	1.000000e-60	1.000000e-60	1.000000e-60
	1.000000e-60	1.000000e-60	1.000000e-60	1.000000e-60	1.000000e-60
	1.000000e-60	3.116757e-32	4.438191e-32	6.249749e-32	8.777921e-32
	9.787823e-32	8.622245e-32	4.394569e-32	9.792273e-33	1.000000e-60
	8.780676e-33	1.193303e-32	1.000000e-60	1.000000e-60	1.000000e-60
	1.000000e-60	1.000000e-60	1.245536e-32	1.761381e-32	2.454034e-32
	4.631061e-32	5.278989e-32	5.016678e-32	4.699140e-32	3.120918e-32
	3.210844e-32	2.283793e-32	2.112454e-32	1.929453e-32	1.674660e-32
	3.559002e-33	4.484161e-33	1.000000e-60	1.000000e-60	1.000000e-60
	1.000000e-60	1.000000e-60	1.000000e-60	1.000000e-60	1.000000e-60
	1.000000e-60	1.000000e-60	1.000000e-60	1.000000e-60	1.000000e-60
	1.000000e-60	1.000000e-60	1.000000e-60	1.937751e-33	3.989289e-33
	2.809207e-33	5.302555e-34	1.000000e-60	1.000000e-60	1.000000e-60
	1.000000e-60	1.091861e-33	1.969660e-34	2.181701e-33	1.224226e-33
	1.000000e-60	1.000000e-60	2.344483e-34	2.252625e-34	5.570163e-35
	1.000000e-60
massfraction-OH
	1.000000e-60	1.000000e-60	1.000000e-60	1.000000e-60	1.000000e-60
	1.000000e-60	1.000000e-60	1.000000e-60	1.000000e-60	1.000000e-60
	1.000000e-60	1.000000e-60	1.000000e-60	1.000000e-60	1.000000e-60
	1.000000e-60	1.000000e-60	1.000000e-60	1.000000e-60	1.000000e-60
	1.000000e-60	1.000000e-60	1.520917e-32	3.006737e-32	4.309306e-32
	5.451204e-32	6.451735e-32	7.327872e-32	8.094660e-32	8.764680e-32
	9.347674e-32	9.851911e-32	1.028594e-31	1.065783e-31	1.097347e-31
	1.123735e-31	1.145435e-31	1.162937e-31	1.176583e-31	1.186608e-31
	1.193265e-31	1.196831e-31	1.197506e-31	1.195366e-31	1.190346e-31
	1.182447e-31	1.172271e-31	1.160816e-31	1.148693e-31	1.136098e-31
	1.123105e-31	1.109783e-31	1.096302e-31	1.082889e-31	1.069677e-31
	1.056680e-31	1.043855e-31	1.031205e-31	1.018796e-31	1.006713e-31
	9.950194e-32	9.837072e-32	9.727298e-32	9.620225e-32	9.515116e-32
	9.411557e-32	9.309552e-32	9.209263e-32	9.110837e-32	9.014361e-32
	8.919837e-32	8.827159e-32	8.736127e-32	8.646499e-32	8.558054e-32
	8.470629e-32	8.384125e-32	8.298482e-32	8.213628e-32	8.129459e-32
	8.045866e-32	7.962762e-32	7.880087e-32	7.797774e-32	7.715700e-32
	7.633724e-32	7.551757e-32	7.469756e-32	7.387685e-32	7.305510e-32
	7.223225e-32	7.140858e-32	7.058413e-32	6.975836e-32	6.893028e-32
	6.809836e-32	6.726107e-32	6.641807e-32	6.556936e-32	6.471456e-32
	6.385261e-32	6.298141e-32	6.209881e-32	6.120357e-32	6.029462e-32
	5.937087e-32	5.843132e-32	5.747536e-32	5.650392e-32	5.551881e-32
	5.452084e-32	5.350946e-32	5.248327e-32	5.144052e-32	5.037932e-32
	4.929904e-32	4.820215e-32	4.709289e-32	4.597570e-32	4.485563e-32
	4.373852e-32	4.263108e-32	4.154179e-32	4.048257e-32	3.947169e-32
	3.853812e-32	3.772774e-32	3.711077e-32	3.679528e-32	3.696033e-32
	3.791115e-32	4.017652e-32	4.470792e-32	5.332521e-32	6.984512e-32
	1.034370e-31	1.798318e-31	1.577981e-31	6.452899e-32	1.000000e-60
	1.000000e-60
massfraction-O
	1.000000e-60	4.400331e-29	8.317654e-29	1.168438e-28	1.402904e-28
	1.473837e-28	1.452146e-28	1.432309e-28	1.413575e-28	1.396046e-28
	1.380108e-28	1.365389e-28	1.351296e-28	1.337838e-28	1.324441e-28
	1.311438e-28	1.298778e-28	1.286359e-28	1.274122e-28	1.261321e-28
	1.249438e-28	1.236855e-28	1.224427e-28	1.212060e-28	1.199740e-28
	1.187453e-28	1.175185e-28	1.162918e-28	1.150623e-28	1.138276e-28
	1.125873e-28	1.113420e-28	1.100897e-28	1.088255e-28	1.075472e-28
	1.062565e-28	1.049513e-28	1.036240e-28	1.022698e-28	1.008914e-28
	9.949141e-29	9.806262e-29	9.658968e-29	9.505348e-29	9.342725e-29
	9.172055e-29	9.001905e-29	8.840715e-29	8.689637e-29	8.546171e-29
	8.408126e-29	8.274244e-29	8.144771e-29	8.020649e-29	7.902089e-29
	7.788398e-29	7.678607e-29	7.572304e-29	7.469667e-29	7.371088e-29
	7.276799e-29	7.186514e-29	7.099676e-29	7.015633e-29	6.933703e-29
	6.853482e-29	6.774904e-29	6.698036e-29	6.622937e-29	6.549624e-29
	6.478059e-29	6.408125e-29	6.339638e-29	6.272391e-29	6.206197e-29
	6.140913e-29	6.076452e-29	6.012752e-29	5.949748e-29	5.887352e-29
	5.825471e-29	5.764034e-29	5.702986e-29	5.642271e-29	5.581792e-29
	5.521437e-29	5.461136e-29	5.400852e-29	5.340552e-29	5.280206e-29
	5.219804e-29	5.159362e-29	5.098879e-29	5.038306e-29	4.977569e-29
	4.916547e-29	4.855123e-29	4.793264e-29	4.730964e-29	4.668187e-29
	4.604847e-29	4.540778e-29	4.475810e-29	4.409838e-29	4.342766e-29
	4.274495e-29	4.204926e-29	4.133987e-29	4.061712e-29	3.988196e-29
	3.913452e-29	3.837384e-29	3.759814e-29	3.680522e-29	3.599249e-29
	3.515798e-29	3.430168e-29	3.342449e-29	3.252682e-29	3.160875e-29
	3.066974e-29	2.970831e-29	2.872183e-29	2.770665e-29	2.665857e-29
	2.557355e-29	2.444891e-29	2.328206e-29	2.206699e-29	2.079559e-29
	1.946168e-29	1.806236e-29	1.659614e-29	1.505878e-29	1.343837e-29
	1.170478e-29	9.812193e-30	7.705319e-30	5.311843e-30	2.678448e-30
	1.000000e-60
massfraction-H2
	1.000000e-60	6.508300e-39	4.276013e-38	1.391178e-37	2.270492e-37
	3.049226e-37	3.732759e-37	4.352243e-37	4.932337e-37	5.471442e-37
	5.987918e-37	6.484150e-37	6.971569e-37	7.451826e-37	7.909207e-37
	8.353635e-37	8.789311e-37	9.206094e-37	9.634153e-37	1.006541e-36
	1.047534e-36	1.090289e-36	1.132930e-36	1.172757e-36	1.212472e-36
	1.255414e-36	1.298477e-36	1.341672e-36	1.384988e-36	1.431800e-36
	1.470960e-36	1.508112e-36	1.541400e-36	1.571533e-36	1.597854e-36
	1.620164e-36	1.642403e-36	1.658372e-36	1.675013e-36	1.697426e-36
	1.718513e-36	1.739654e-36	1.762099e-36	1.784340e-36	1.800061e-36
	1.812716e-36	1.821217e-36	1.828637e-36	1.837296e-36	1.838824e-36
	1.837038e-36	1.831311e-36	1.834048e-36	1.848711e-36	1.871523e-36
	1.909909e-36	1.942332e-36	1.961065e-36	1.972066e-36	1.970829e-36
	1.969548e-36	1.960844e-36	1.961921e-36	1.966495e-36	1.968838e-36
	1.980867e-36	2.004172e-36	2.048365e-36	2.102364e-36	2.166419e-36
	2.240680e-36	2.333888e-36	2.446438e-36	2.561487e-36	2.691091e-36
	2.829400e-36	2.968259e-36	3.117643e-36	3.239694e-36	3.338272e-36
	3.413921e-36	3.480081e-36	3.530185e-36	3.576296e-36	3.610698e-36
	3.648631e-36	3.693035e-36	3.726112e-36	3.745348e-36	3.775113e-36
	3.801519e-36	3.833798e-36	3.867544e-36	3.897948e-36	3.923492e-36
	3.916508e-36	3.888323e-36	3.845751e-36	3.773619e-36	3.682147e-36
	3.588163e-36	3.485241e-36	3.367055e-36	3.234094e-36	3.072198e-36
	2.891951e-36	2.708129e-36	2.516100e-36	2.306675e-36	2.093575e-36
	1.898984e-36	1.719843e-36	1.561350e-36	1.392854e-36	1.230264e-36
	1.091743e-36	9.666586e-37	8.484134e-37	7.462119e-37	6.545194e-37
	5.820884e-37	5.284385e-37	5.139635e-37	4.987861e-37	4.780400e-37
	4.389292e-37	4.045826e-37	3.791593e-37	3.849810e-37	4.020219e-37
	4.056961e-37	4.104135e-37	3.779400e-37	3.452755e-37	2.894668e-37
	2.181320e-37	1.522271e-37	1.533005e-37	1.461174e-37	8.229431e-38
	1.000000e-60
massfraction-H2O
	1.000000e-60	1.000000e-60	1.000000e-60	1.000000e-60	1.000000e-60
	1.000000e-60	1.000000e-60	1.000000e-60	1.000000e-60	1.000000e-60
	1.000000e-60	1.000000e-60	1.000000e-60	1.000000e-60	1.000000e-60
	1.000000e-60	1.000000e-60	1.000000e-60	1.000000e-60	1.000000e-60
	1.000000e-60	1.000000e-60	1.000000e-60	1.000000e-60	1.000000e-60
	1.000000e-60	1.000000e-60	1.000000e-60	1.000000e-60	1.000000e-60
	1.000000e-60	1.000000e-60	1.000000e-60	1.000000e-60	1.000000e-60
	1.000000e-60	1.000000e-60	1.000000e-60	1.000000e-60	1.000000e-60
	1.000000e-60	1.000000e-60	1.000000e-60	1.000000e-60	1.000000e-60
	1.000000e-60	1.000000e-60	1.000000e-60	1.000000e-60	1.000000e-60
	1.000000e-60	1.000000e-60	1.000000e-60	1.000000e-60	1.000000e-60
	1.000000e-60	1.000000e-60	1.000000e-60	1.000000e-60	1.000000e-60
	1.000000e-60	1.000000e-60	1.000000e-60	1.000000e-60	3.242616e-32
	1.137170e-31	1.924226e-31	2.685333e-31	3.420493e-31	4.130106e-31
	4.815122e-31	5.477182e-31	6.118489e-31	6.741387e-31	7.347948e-31
	7.939748e-31	8.517835e-31	9.082966e-31	9.635931e-31	1.017767e-30
	1.070914e-30	1.123108e-30	1.174404e-30	1.224860e-30	1.274562e-30
	1.323606e-30	1.372051e-30	1.419925e-30	1.467254e-30	1.514058e-30
	1.560342e-30	1.606092e-30	1.651305e-30	1.696014e-30	1.740269e-30
	1.784149e-30	1.827727e-30	1.871011e-30	1.913990e-30	1.956675e-30
	1.999105e-30	2.041369e-30	2.083550e-30	2.125684e-30	2.167795e-30
	2.209904e-30	2.252025e-30	2.294152e-30	2.336212e-30	2.378096e-30
	2.419745e-30	2.461158e-30	2.502368e-30	2.543419e-30	2.584358e-30
	2.625184e-30	2.665787e-30	2.706011e-30	2.745719e-30	2.784787e-30
	2.823105e-30	2.860587e-30	2.897167e-30	2.932778e-30	2.967323e-30
	3.000630e-30	3.032419e-30	3.062320e-30	3.089928e-30	3.114668e-30
	3.135612e-30	3.151322e-30	3.159597e-30	3.156848e-30	3.136366e-30
	3.083146e-30	2.957003e-30	2.623609e-30	1.922961e-30	8.477666e-31
	1.000000e-60
massfraction-HO2
	1.000000e-60	4.648951e-29	1.067014e-28	1.898766e-28	2.437808e-28
	2.471499e-28	2.221813e-28	1.990755e-28	1.777032e-28	1.582988e-28
	1.406054e-28	1.240309e-28	1.088012e-28	9.448180e-29	7.980133e-29
	6.530143e-29	5.160033e-29	3.825857e-29	2.486340e-29	1.128653e-29
	1.000000e-60	1.000000e-60	1.000000e-60	1.000000e-60	1.000000e-60
	1.000000e-60	1.000000e-60	1.000000e-60	1.000000e-60	1.000000e-60
	1.000000e-60	1.000000e-60	1.000000e-60	1.000000e-60	1.000000e-60
	1.000000e-60	1.000000e-60	1.000000e-60	1.000000e-60	1.000000e-60
	1.000000e-60	1.000000e-60	1.000000e-60	1.000000e-60	1.000000e-60
	1.000000e-60	1.000000e-60	1.000000e-60	1.000000e-60	1.000000e-60
	1.000000e-60	1.000000e-60	1.000000e-60	1.000000e-60	1.000000e-60
	1.000000e-60	1.000000e-60	1.000000e-60	1.000000e-60	1.000000e-60
	1.000000e-60	1.000000e-60	1.000000e-60	1.000000e-60	1.000000e-60
	1.000000e-60	1.000000e-60	1.000000e-60	1.000000e-60	1.000000e-60
	1.000000e-60	1.000000e-60	1.000000e-60	1.000000e-60	1.000000e-60
	1.000000e-60	1.000000e-60	1.000000e-60	1.000000e-60	1.000000e-60
	1.000000e-60	1.000000e-60	1.000000e-60	1.000000e-60	1.000000e-60
	1.000000e-60	1.000000e-60	1.000000e-60	1.000000e-60	1.000000e-60
	1.000000e-60	1.000000e-60	1.000000e-60	1.000000e-60	1.000000e-60
	1.000000e-60	1.000000e-60	1.000000e-60	1.000000e-60	1.000000e-60
	1.000000e-60	1.000000e-60	1.000000e-60	1.000000e-60	1.000000e-60
	1.000000e-60	1.000000e-60	1.000000e-60	1.000000e-60	1.000000e-60
	1.000000e-60	1.000000e-60	1.000000e-60	1.000000e-60	1.000000e-60
	1.000000e-60	1.000000e-60	1.000000e-60	1.000000e-60	1.000000e-60
	1.000000e-60	1.000000e-60	1.000000e-60	1.000000e-60	1.000000e-60
	1.000000e-60	1.000000e-60	1.000000e-60	1.000000e-60	1.000000e-60
	1.000000e-60	1.000000e-60	1.000000e-60	1.000000e-60	1.000000e-60
	1.000000e-60	1.000000e-60	1.000000e-60	1.000000e-60	1.000000e-60
	1.000000e-60
massfraction-H2O2
	1.000000e-60	1.000000e-60	1.000000e-60	1.000000e-60	1.000000e-60
	1.000000e-60	1.000000e-60	1.000000e-60	1.000000e-60	1.000000e-60
	1.000000e-60	1.000000e-60	1.000000e-60	1.000000e-60	1.000000e-60
	1.000000e-60	1.000000e-60	1.000000e-60	1.000000e-60	1.000000e-60
	1.000000e-60	1.000000e-60	1.000000e-60	1.000000e-60	1.000000e-60
	1.000000e-60	1.000000e-60	1.000000e-60	1.000000e-60	1.000000e-60
	1.000000e-60	1.000000e-60	1.000000e-60	1.000000e-60	1.000000e-60
	1.000000e-60	1.000000e-60	1.000000e-60	1.000000e-60	1.000000e-60
	1.000000e-60	1.000000e-60	1.000000e-60	1.000000e-60	1.000000e-60
	1.000000e-60	1.000000e-60	1.000000e-60	1.000000e-60	1.000000e-60
	1.000000e-60	1.000000e-60	1.000000e-60	1.000000e-60	1.000000e-60
	1.000000e-60	1.000000e-60	1.000000e-60	1.000000e-60	1.000000e-60
	1.000000e-60	1.000000e-60	1.000000e-60	1.000000e-60	1.000000e-60
	1.000000e-60	1.000000e-60	1.000000e-60	1.000000e-60	1.000000e-60
	1.000000e-60	1.000000e-60	1.000000e-60	1.000000e-60	1.000000e-60
	1.000000e-60	1.000000e-60	1.000000e-60	1.000000e-60	1.000000e-60
	1.000000e-60	1.000000e-60	1.000000e-60	1.000000e-60	1.000000e-60
	1.000000e-60	1.000000e-60	1.000000e-60	1.000000e-60	1.000000e-60
	1.000000e-60	1.000000e-60	1.000000e-60	1.000000e-60	1.000000e-60
	1.000000e-60	1.000000e-60	1.000000e-60	1.000000e-60	1.000000e-60
	1.000000e-60	1.000000e-60	1.000000e-60	1.000000e-60	1.000000e-60
	1.000000e-60	1.000000e-60	1.000000e-60	1.000000e-60	1.000000e-60
	1.000000e-60	1.000000e-60	1.000000e-60	1.000000e-60	1.000000e-60
	1.000000e-60	1.000000e-60	1.000000e-60	1.000000e-60	1.000000e-60
	1.000000e-60	1.000000e-60	1.000000e-60	1.000000e-60	1.000000e-60
	1.000000e-60	1.000000e-60	1.000000e-60	1.000000e-60	1.000000e-60
	1.000000e-60	1.000000e-60	1.000000e-60	1.000000e-60	1.000000e-60
	1.000000e-60	1.000000e-60	1.000000e-60	1.000000e-60	1.000000e-60
	1.000000e-60
massfraction-CO
	1.000000e-60	1.039837e-28	2.021821e-28	2.963715e-28	3.621138e-28
	3.827828e-28	3.779025e-28	3.732339e-28	3.687958e-28	3.646311e-28
	3.608464e-28	3.573523e-28	3.540003e-28	3.507854e-28	3.475740e-28
	3.444449e-28	3.413914e-28	3.383886e-28	3.354101e-28	3.323123e-28
	3.293885e-28	3.263193e-28	3.232654e-28	3.202214e-28	3.171839e-28
	3.141496e-28	3.111152e-28	3.080764e-28	3.050260e-28	3.019579e-28
	2.988710e-28	2.957672e-28	2.926411e-28	2.894804e-28	2.862799e-28
	2.830433e-28	2.797656e-28	2.764273e-28	2.730161e-28	2.695384e-28
	2.660010e-28	2.623851e-28	2.586514e-28	2.547510e-28	2.506148e-28
	2.462663e-28	2.419231e-28	2.378013e-28	2.339318e-28	2.302515e-28
	2.267051e-28	2.232608e-28	2.199254e-28	2.167236e-28	2.136615e-28
	2.107217e-28	2.078794e-28	2.051244e-28	2.024616e-28	1.999014e-28
	1.974503e-28	1.951010e-28	1.928394e-28	1.906487e-28	1.885112e-28
	1.864167e-28	1.843633e-28	1.823531e-28	1.803877e-28	1.784675e-28
	1.765917e-28	1.747574e-28	1.729598e-28	1.711935e-28	1.694536e-28
	1.677366e-28	1.660401e-28	1.643625e-28	1.627022e-28	1.610568e-28
	1.594240e-28	1.578019e-28	1.561890e-28	1.545840e-28	1.529841e-28
	1.513866e-28	1.497895e-28	1.481919e-28	1.465929e-28	1.449916e-28
	1.433878e-28	1.417820e-28	1.401741e-28	1.385628e-28	1.369460e-28
	1.353207e-28	1.336836e-28	1.320338e-28	1.303712e-28	1.286948e-28
	1.270021e-28	1.252888e-28	1.235503e-28	1.217837e-28	1.199864e-28
	1.181555e-28	1.162885e-28	1.143832e-28	1.124406e-28	1.104629e-28
	1.084506e-28	1.064010e-28	1.043090e-28	1.021687e-28	9.997296e-29
	9.771623e-29	9.539832e-29	9.302144e-29	9.058655e-29	8.809360e-29
	8.554097e-29	8.292438e-29	8.023638e-29	7.746671e-29	7.460355e-29
	7.163539e-29	6.855440e-29	6.535284e-29	6.201355e-29	5.851335e-29
	5.483414e-29	5.096664e-29	4.690522e-29	4.263634e-29	3.812467e-29
	3.328314e-29	2.797863e-29	2.204756e-29	1.527087e-29	7.753604e-30
	1.000000e-60
massfraction-CO2
	1.000000e-60	1.000000e-60	1.000000e-60	1.000000e-60	1.000000e-60
	1.000000e-60	1.000000e-60	1.000000e-60	1.000000e-60	1.000000e-60
	1.000000e-60	1.000000e-60	1.000000e-60	1.000000e-60	1.000000e-60
	1.000000e-60	1.000000e-60	1.000000e-60	1.000000e-60	1.000000e-60
	1.000000e-60	1.000000e-60	1.000000e-60	1.000000e-60	1.000000e-60
	1.000000e-60	1.000000e-60	1.000000e-60	1.000000e-60	1.000000e-60
	1.000000e-60	1.000000e-60	1.000000e-60	1.000000e-60	1.000000e-60
	1.000000e-60	1.000000e-60	1.000000e-60	1.000000e-60	1.000000e-60
	1.000000e-60	1.000000e-60	1.000000e-60	1.000000e-60	1.000000e-60
	1.000000e-60	1.000000e-60	1.000000e-60	1.000000e-60	1.000000e-60
	1.000000e-60	1.000000e-60	1.000000e-60	1.000000e-60	1.000000e-60
	1.000000e-60	1.000000e-60	1.000000e-60	1.000000e-60	1.000000e-60
	1.000000e-60	1.000000e-60	1.000000e-60	1.000000e-60	1.000000e-60
	1.000000e-60	1.000000e-60	1.000000e-60	1.000000e-60	1.000000e-60
	1.000000e-60	1.000000e-60	1.000000e-60	1.000000e-60	1.000000e-60
	1.000000e-60	1.000000e-60	1.000000e-60	1.000000e-60	1.000000e-60
	1.000000e-60	1.000000e-60	1.000000e-60	1.000000e-60	1.000000e-60
	1.000000e-60	1.000000e-60	1.000000e-60	1.000000e-60	1.000000e-60
	1.000000e-60	1.000000e-60	1.000000e-60	1.000000e-60	1.000000e-60
	1.000000e-60	1.000000e-60	1.000000e-60	1.000000e-60	1.000000e-60
	1.000000e-60	1.000000e-60	1.000000e-60	1.000000e-60	1.000000e-60
	1.000000e-60	1.000000e-60	1.000000e-60	1.000000e-60	1.000000e-60
	1.000000e-60	1.000000e-60	1.000000e-60	1.000000e-60	1.000000e-60
	1.000000e-60	1.000000e-60	1.000000e-60	1.000000e-60	1.000000e-60
	1.000000e-60	1.000000e-60	1.000000e-60	1.000000e-60	1.000000e-60
	1.000000e-60	1.000000e-60	1.000000e-60	1.000000e-60	1.000000e-60
	1.000000e-60	1.000000e-60	1.000000e-60	1.000000e-60	1.000000e-60
	1.000000e-60	1.000000e-60	1.000000e-60	1.000000e-60	1.000000e-60
	1.000000e-60
massfraction-CH
	1.000000e-60	1.218531e-34	3.379096e-34	2.882372e-33	1.168689e-32
	1.204861e-32	3.014003e-35	8.280338e-35	1.000000e-60	1.000000e-60
	1.000000e-60	7.285326e-36	6.037691e-36	4.189984e-34	1.000000e-60
	1.000000e-60	1.998002e-36	2.485120e-35	1.282770e-33	1.000000e-60
	1.635815e-33	1.000000e-60	1.000000e-60	1.000000e-60	1.000000e-60
	1.000000e-60	1.000000e-60	1.000000e-60	1.000000e-60	1.000000e-60
	1.000000e-60	1.000000e-60	1.000000e-60	1.000000e-60	1.000000e-60
	1.000000e-60	1.000000e-60	1.000000e-60	1.000000e-60	1.000000e-60
	1.000000e-60	1.000000e-60	4.336305e-64	6.379548e-64	4.939778e-65
	1.000000e-60	1.023510e-63	1.000000e-60	1.000000e-60	3.079960e-64
	1.000000e-60	1.000000e-60	1.000000e-60	5.940247e-64	1.000000e-60
	1.000000e-60	1.000000e-60	1.000000e-60	1.288517e-63	1.000000e-60
	1.398540e-63	1.445736e-63	1.345323e-63	1.000000e-60	3.574280e-63
	9.776163e-65	9.913519e-64	4.630478e-63	1.371871e-63	4.145786e-63
	4.808970e-65	1.000000e-60	1.000000e-60	1.000000e-60	1.000000e-60
	1.000000e-60	1.000000e-60	1.000000e-60	3.186960e-63	1.735066e-63
	1.230755e-63	1.000000e-60	1.000000e-60	5.587126e-63	5.615344e-63
	4.345022e-64	1.724709e-63	5.749025e-63	7.312460e-63	1.000000e-60
	1.000000e-60	2.500211e-64	1.814539e-63	4.712642e-64	1.762662e-63
	6.323160e-64	1.000000e-60	1.000000e-60	2.548148e-63	4.232221e-64
	1.000000e-60	1.685040e-64	1.000000e-60	1.000000e-60	4.720469e-64
	9.438243e-64	1.000000e-60	1.000000e-60	1.000000e-60	1.000000e-60
	1.000000e-60	1.163091e-63	4.026319e-64	5.610495e-64	2.136278e-63
	1.000000e-60	2.953349e-64	2.367206e-63	1.000000e-60	1.000000e-60
	1.000000e-60	1.102018e-63	1.053090e-63	1.000000e-60	1.000000e-60
	1.000000e-60	1.000000e-60	1.239024e-63	1.000000e-60	1.000000e-60
	1.634987e-65	7.099387e-65	1.000000e-60	2.440433e-64	1.528175e-65
	1.000000e-60	1.000000e-60	1.000000e-60	3.130227e-65	6.113760e-63
	1.000000e-60
massfraction-CHO
	1.000000e-60	2.716588e-33	7.592140e-33	6.463229e-32	2.596581e-31
	2.663123e-31	3.676737e-33	1.839943e-33	1.000000e-60	1.000000e-60
	1.000000e-60	1.000000e-60	5.202930e-34	8.354022e-33	1.000000e-60
	5.389759e-36	2.064693e-34	2.249985e-33	2.191811e-32	1.000000e-60
	2.724732e-32	7.777307e-35	1.000000e-60	1.000000e-60	1.000000e-60
	1.000000e-60	1.000000e-60	1.000000e-60	1.000000e-60	1.000000e-60
	1.000000e-60	1.000000e-60	1.000000e-60	1.000000e-60	1.000000e-60
	1.000000e-60	1.000000e-60	1.000000e-60	1.000000e-60	1.000000e-60
	1.000000e-60	1.000000e-60	1.000000e-60	1.000000e-60	1.000000e-60
	1.000000e-60	1.000000e-60	1.000000e-60	1.000000e-60	1.000000e-60
	1.000000e-60	1.000000e-60	1.000000e-60	1.000000e-60	1.000000e-60
	6.491105e-62	3.496640e-61	9.964732e-61	2.217505e-60	3.309890e-60
	3.823795e-60	3.930455e-60	4.614424e-60	5.284740e-60	5.813283e-60
	5.724450e-60	5.448532e-60	5.066073e-60	4.682969e-60	4.644413e-60
	4.726288e-60	4.741830e-60	4.342852e-60	3.597805e-60	2.621772e-60
	1.598990e-60	9.110050e-61	6.227672e-61	5.448804e-61	5.445476e-61
	5.971407e-61	4.581260e-61	3.164126e-61	1.919022e-61	1.279938e-61
	1.419396e-61	1.567866e-61	1.063646e-61	6.124136e-62	1.490317e-61
	4.563302e-61	1.016629e-60	1.788853e-60	2.658720e-60	3.435679e-60
	3.863366e-60	3.741337e-60	3.410335e-60	3.048527e-60	2.582193e-60
	2.069644e-60	1.478846e-60	1.189734e-60	1.031331e-60	9.034871e-61
	7.452409e-61	5.976077e-61	4.986350e-61	2.647867e-61	7.247055e-62
	1.000000e-60	1.000000e-60	1.000000e-60	1.000000e-60	8.584342e-63
	1.000000e-60	1.000000e-60	1.639937e-62	1.965727e-62	7.337612e-62
	1.900366e-61	1.962901e-61	1.444066e-61	1.317821e-61	2.213116e-61
	2.418828e-61	3.254168e-61	3.902740e-61	3.997486e-61	2.275115e-61
	8.161828e-62	2.647986e-62	2.673366e-62	4.662202e-62	3.188846e-62
	9.908153e-63	5.103730e-63	1.799684e-62	2.172291e-62	1.634686e-61
	1.000000e-60
massfraction-CH2
	1.000000e-60	1.000000e-60	1.000000e-60	1.000000e-60	1.000000e-60
	2.511215e-33	1.132583e-34	6.997691e-36	5.527618e-37	5.394683e-38
	6.343971e-39	8.655757e-40	1.343184e-40	2.347226e-41	4.509127e-42
	9.389030e-43	2.100673e-43	4.987490e-44	1.246993e-44	3.265457e-45
	8.899357e-46	2.515703e-46	7.344147e-47	2.206512e-47	6.806035e-48
	2.150039e-48	6.941818e-49	2.284558e-49	7.641283e-50	2.591240e-50
	8.901078e-51	3.096910e-51	1.088742e-51	3.852897e-52	1.370561e-52
	4.903402e-53	1.760872e-53	6.314147e-54	2.254684e-54	8.033508e-55
	2.859350e-55	1.011176e-55	3.517810e-56	1.189935e-56	3.866628e-57
	1.223389e-57	3.967899e-58	1.377867e-58	5.137781e-59	2.024356e-59
	8.313997e-60	3.531897e-60	1.553304e-60	7.102971e-61	3.377464e-61
	1.661856e-61	8.410136e-62	4.365516e-62	2.325734e-62	1.273926e-62
	7.179913e-63	4.154795e-63	2.459656e-63	1.483650e-63	9.081003e-64
	5.626261e-64	3.526800e-64	2.237352e-64	1.436779e-64	9.341231e-65
	6.147329e-65	4.091844e-65	2.750875e-65	1.864706e-65	1.272253e-65
	8.723632e-66	6.010259e-66	4.162544e-66	2.897167e-66	2.025570e-66
	1.422066e-66	1.002435e-66	7.098001e-67	5.055180e-67	3.630217e-67
	2.642337e-67	1.969303e-67	1.529309e-67	1.269478e-67	1.158830e-67
	1.184286e-67	1.348789e-67	1.618707e-67	1.938351e-67	2.224765e-67
	2.379751e-67	2.360885e-67	2.238515e-67	2.052862e-67	1.820505e-67
	1.548295e-67	1.261179e-67	1.052119e-67	8.880827e-68	7.502848e-68
	6.316789e-68	5.297364e-68	4.457448e-68	3.293249e-68	2.202671e-68
	1.471125e-68	9.874421e-69	6.761234e-69	4.879873e-69	3.938185e-69
	3.811725e-69	4.540862e-69	6.366223e-69	9.823699e-69	1.593478e-68
	2.294858e-68	2.698930e-68	2.888622e-68	3.686100e-68	5.700465e-68
	9.150875e-68	1.587997e-67	2.860161e-67	5.384832e-67	1.072056e-66
	2.277083e-66	5.112345e-66	1.207883e-65	3.013452e-65	8.020356e-65
	2.328288e-64	7.629766e-64	2.964501e-63	1.467264e-62	9.829198e-62
	1.000000e-60
massfraction-CH2O
	1.000000e-60	5.218594e-34	1.269377e-33	1.977440e-33	2.633961e-33
	3.121232e-33	3.448925e-33	3.719423e-33	3.951014e-33	4.152205e-33
	4.327959e-33	4.484576e-33	4.625436e-33	4.752076e-33	4.867457e-33
	4.973385e-33	5.070818e-33	5.161096e-33	5.244987e-33	5.323064e-33
	5.395885e-33	5.463806e-33	5.527180e-33	5.586306e-33	5.641387e-33
	5.692609e-33	5.740133e-33	5.784118e-33	5.824727e-33	5.862085e-33
	5.896226e-33	5.927155e-33	5.954946e-33	5.979698e-33	6.001413e-33
	6.020027e-33	6.035531e-33	6.047942e-33	6.057182e-33	6.063108e-33
	6.065603e-33	6.064560e-33	6.059764e-33	6.050818e-33	6.037051e-33
	6.017952e-33	5.994278e-33	5.967677e-33	5.939135e-33	5.908860e-33
	5.876864e-33	5.843197e-33	5.808209e-33	5.772461e-33	5.736329e-33
	5.699885e-33	5.663044e-33	5.625853e-33	5.588541e-33	5.551425e-33
	5.514763e-33	5.478605e-33	5.442867e-33	5.407392e-33	5.371977e-33
	5.336511e-33	5.301022e-33	5.265594e-33	5.230307e-33	5.195224e-33
	5.160375e-33	5.125751e-33	5.091302e-33	5.056959e-33	5.022658e-33
	4.988349e-33	4.954009e-33	4.919626e-33	4.885183e-33	4.850647e-33
	4.815982e-33	4.781160e-33	4.746162e-33	4.710964e-33	4.675519e-33
	4.639767e-33	4.603670e-33	4.567209e-33	4.530367e-33	4.493128e-33
	4.455487e-33	4.417455e-33	4.379032e-33	4.340191e-33	4.300881e-33
	4.261025e-33	4.220541e-33	4.179403e-33	4.137601e-33	4.095106e-33
	4.051852e-33	4.007716e-33	3.962571e-33	3.916327e-33	3.868902e-33
	3.820206e-33	3.770150e-33	3.718658e-33	3.665732e-33	3.611422e-33
	3.555716e-33	3.498520e-33	3.439677e-33	3.378991e-33	3.316230e-33
	3.251202e-33	3.183867e-33	3.114252e-33	3.042352e-33	2.968130e-33
	2.891505e-33	2.812310e-33	2.730280e-33	2.645053e-33	2.556211e-33
	2.463330e-33	2.366093e-33	2.264175e-33	2.156939e-33	2.043533e-33
	1.923242e-33	1.795623e-33	1.660341e-33	1.516786e-33	1.363588e-33
	1.197550e-33	1.013758e-33	8.008827e-34	5.559250e-34	2.833265e-34
	1.000000e-60
massfraction-CH3
	1.000000e-60	1.000000e-60	1.000000e-60	1.483601e-30	3.459262e-30
	5.061557e-30	5.126313e-30	5.254473e-30	5.416330e-30	5.594997e-30
	5.779561e-30	5.966256e-30	6.152169e-30	6.334070e-30	6.512263e-30
	6.686674e-30	6.856649e-30	7.022779e-30	7.185105e-30	7.343589e-30
	7.498419e-30	7.649560e-30	7.797073e-30	7.941066e-30	8.081516e-30
	8.218428e-30	8.351816e-30	8.481755e-30	8.608415e-30	8.731926e-30
	8.852188e-30	8.969001e-30	9.082451e-30	9.192831e-30	9.300143e-30
	9.404078e-30	9.504622e-30	9.602144e-30	9.696705e-30	9.787812e-30
	9.875008e-30	9.958448e-30	1.003858e-29	1.011578e-29	1.019041e-29
	1.026088e-29	1.032314e-29	1.037474e-29	1.041661e-29	1.045054e-29
	1.047783e-29	1.049929e-29	1.051535e-29	1.052642e-29	1.053303e-29
	1.053574e-29	1.053499e-29	1.053109e-29	1.052438e-29	1.051521e-29
	1.050393e-29	1.049083e-29	1.047612e-29	1.045990e-29	1.044220e-29
	1.042308e-29	1.040263e-29	1.038097e-29	1.035823e-29	1.033452e-29
	1.030993e-29	1.028453e-29	1.025833e-29	1.023134e-29	1.020354e-29
	1.017491e-29	1.014548e-29	1.011525e-29	1.008423e-29	1.005241e-29
	1.001976e-29	9.986281e-30	9.951952e-30	9.916761e-30	9.880664e-30
	9.843604e-30	9.805537e-30	9.766441e-30	9.726291e-30	9.685064e-30
	9.642747e-30	9.599346e-30	9.554855e-30	9.509231e-30	9.462409e-30
	9.414280e-30	9.364729e-30	9.313703e-30	9.261170e-30	9.207068e-30
	9.151291e-30	9.093650e-30	9.033940e-30	8.972005e-30	8.907684e-30
	8.840805e-30	8.771186e-30	8.698660e-30	8.623164e-30	8.544702e-30
	8.463191e-30	8.378420e-30	8.290080e-30	8.197781e-30	8.101063e-30
	7.999508e-30	7.892913e-30	7.781179e-30	7.664149e-30	7.541609e-30
	7.413253e-30	7.278617e-30	7.137034e-30	6.987625e-30	6.829347e-30
	6.661071e-30	6.481771e-30	6.290311e-30	6.084824e-30	5.862783e-30
	5.621592e-30	5.358716e-30	5.071106e-30	4.753799e-30	4.397271e-30
	3.980409e-30	3.455722e-30	2.712614e-30	2.013178e-30	9.832422e-31
	1.000000e-60
massfraction-CH4
	1.000000e-60	2.087175e-02	4.065862e-02	5.853850e-02	7.438964e-02
	8.850545e-02	1.011720e-01	1.127290e-01	1.235240e-01	1.336698e-01
	1.431985e-01	1.522860e-01	1.610065e-01	1.693515e-01	1.774294e-01
	1.853012e-01	1.929826e-01	2.005324e-01	2.079776e-01	2.153356e-01
	2.226315e-01	2.298751e-01	2.370814e-01	2.442652e-01	2.514338e-01
	2.585948e-01	2.657560e-01	2.729279e-01	2.801268e-01	2.873678e-01
	2.946530e-01	3.019779e-01	3.093556e-01	3.168150e-01	3.243684e-01
	3.320069e-01	3.397423e-01	3.476210e-01	3.556716e-01	3.638790e-01
	3.722274e-01	3.807612e-01	3.895727e-01	3.987779e-01	4.085393e-01
	4.188021e-01	4.290523e-01	4.387797e-01	4.479120e-01	4.565975e-01
	4.649672e-01	4.730959e-01	4.809676e-01	4.885239e-01	4.957506e-01
	5.026888e-01	5.093966e-01	5.158985e-01	5.221829e-01	5.282250e-01
	5.340098e-01	5.395542e-01	5.448917e-01	5.500618e-01	5.551062e-01
	5.600495e-01	5.648954e-01	5.696396e-01	5.742782e-01	5.788098e-01
	5.832367e-01	5.875658e-01	5.918083e-01	5.959768e-01	6.000829e-01
	6.041351e-01	6.081390e-01	6.120982e-01	6.160166e-01	6.198997e-01
	6.237532e-01	6.275815e-01	6.313879e-01	6.351759e-01	6.389515e-01
	6.427218e-01	6.464909e-01	6.502614e-01	6.540352e-01	6.578143e-01
	6.615992e-01	6.653890e-01	6.691838e-01	6.729865e-01	6.768021e-01
	6.806380e-01	6.845016e-01	6.883951e-01	6.923189e-01	6.962754e-01
	7.002701e-01	7.043135e-01	7.084164e-01	7.125857e-01	7.168275e-01
	7.211484e-01	7.255547e-01	7.300511e-01	7.346360e-01	7.393032e-01
	7.440523e-01	7.488896e-01	7.538267e-01	7.588779e-01	7.640600e-01
	7.693859e-01	7.748563e-01	7.804658e-01	7.862123e-01	7.920957e-01
	7.981200e-01	8.042953e-01	8.106391e-01	8.171756e-01	8.239327e-01
	8.309377e-01	8.382090e-01	8.457648e-01	8.536456e-01	8.619063e-01
	8.705893e-01	8.797168e-01	8.893019e-01	8.993766e-01	9.100243e-01
	9.214505e-01	9.339694e-01	9.479669e-01	9.639602e-01	9.817012e-01
	1.000000e+00
massfraction-C2H6
	1.000000e-60	2.145908e-38	4.996884e-38	7.765328e-38	1.019441e-37
	1.191982e-37	1.360221e-37	1.503631e-37	1.630037e-37	1.742871e-37
	1.844005e-37	1.936382e-37	2.021499e-37	2.099866e-37	2.172969e-37
	2.241695e-37	2.306447e-37	2.367933e-37	2.426528e-37	2.482498e-37
	2.536136e-37	2.587597e-37	2.637057e-37	2.684674e-37	2.730541e-37
	2.774744e-37	2.817361e-37	2.858475e-37	2.898193e-37	2.936599e-37
	2.973699e-37	3.009466e-37	3.043955e-37	3.077279e-37	3.109460e-37
	3.140422e-37	3.170178e-37	3.198848e-37	3.226459e-37	3.252873e-37
	3.277965e-37	3.301782e-37	3.324451e-37	3.346068e-37	3.366709e-37
	3.385904e-37	3.402537e-37	3.415997e-37	3.426591e-37	3.434845e-37
	3.441130e-37	3.445675e-37	3.448619e-37	3.450104e-37	3.450300e-37
	3.449366e-37	3.447421e-37	3.444562e-37	3.440889e-37	3.436516e-37
	3.431559e-37	3.426100e-37	3.420193e-37	3.413861e-37	3.407105e-37
	3.399932e-37	3.392368e-37	3.384454e-37	3.376228e-37	3.367727e-37
	3.358979e-37	3.349999e-37	3.340791e-37	3.331351e-37	3.321672e-37
	3.311748e-37	3.301580e-37	3.291172e-37	3.280523e-37	3.269629e-37
	3.258481e-37	3.247074e-37	3.235404e-37	3.223464e-37	3.211238e-37
	3.198707e-37	3.185855e-37	3.172674e-37	3.159156e-37	3.145292e-37
	3.131078e-37	3.116515e-37	3.101601e-37	3.086322e-37	3.070654e-37
	3.054562e-37	3.038007e-37	3.020970e-37	3.003442e-37	2.985400e-37
	2.966809e-37	2.947606e-37	2.927722e-37	2.907105e-37	2.885701e-37
	2.863451e-37	2.840295e-37	2.816177e-37	2.791074e-37	2.764987e-37
	2.737887e-37	2.709703e-37	2.680330e-37	2.649636e-37	2.617467e-37
	2.583680e-37	2.548205e-37	2.511006e-37	2.472026e-37	2.431190e-37
	2.388391e-37	2.343470e-37	2.296198e-37	2.246275e-37	2.193347e-37
	2.137031e-37	2.076979e-37	2.012809e-37	1.943903e-37	1.869437e-37
	1.788598e-37	1.700665e-37	1.604889e-37	1.500200e-37	1.384760e-37
	1.254929e-37	1.104881e-37	9.114183e-38	6.609628e-38	3.620483e-38
	1.000000e-60
massfraction-C2H
	1.000000e-60	2.273315e-64	1.000000e-60	2.018823e-62	1.000000e-60
	1.502421e-60	1.000000e-60	9.284931e-60	1.783285e-60	1.000000e-60
	1.000000e-60	9.175088e-60	6.077351e-60	6.073205e-60	1.000000e-60
	9.401950e-60	1.000000e-60	2.845535e-60	1.164594e-59	2.424244e-59
	7.536644e-60	7.475301e-60	6.704635e-61	6.282948e-62	6.131345e-63
	6.210777e-64	6.507239e-65	7.025696e-66	7.600303e-67	1.000000e-60
	1.000000e-60	8.422613e-70	1.000000e-60	2.219261e-69	2.119894e-68
	1.205797e-67	1.000000e-60	1.620830e-68	1.342439e-67	1.000000e-60
	1.000000e-60	1.000000e-60	1.000000e-60	1.000000e-60	1.000000e-60
	9.565223e-70	6.372653e-69	1.000000e-60	1.000000e-60	6.043558e-69
	1.000000e-60	2.120595e-69	8.956479e-69	7.587369e-68	4.223091e-67
	1.000000e-60	1.000000e-60	1.000000e-60	2.028117e-69	5.872949e-69
	1.000000e-60	5.915202e-69	1.000000e-60	1.000000e-60	1.668587e-69
	3.631389e-69	2.035152e-69	1.000000e-60	1.000000e-60	1.000000e-60
	1.000000e-60	1.000000e-60	1.000000e-60	1.000000e-60	1.000000e-60
	1.000000e-60	1.000000e-60	1.000000e-60	1.000000e-60	1.000000e-60
	1.000000e-60	1.000000e-60	1.000000e-60	1.000000e-60	1.000000e-60
	1.000000e-60	1.000000e-60	1.000000e-60	6.749920e-76	2.482298e-75
	5.857313e-75	1.292247e-74	2.811370e-74	6.098534e-74	1.323198e-73
	2.877117e-73	6.279224e-73	1.376236e-72	3.029524e-72	6.701022e-72
	1.490868e-71	3.342950e-71	7.569816e-71	1.733172e-70	4.017519e-70
	9.439267e-70	2.250558e-69	5.450073e-69	1.340109e-68	3.342527e-68
	8.456201e-68	2.172158e-67	1.000000e-60	1.000000e-60	1.333511e-67
	1.000000e-60	7.548235e-69	3.773290e-68	1.179011e-67	1.000000e-60
	3.438124e-71	3.362084e-70	1.000000e-60	1.000000e-60	1.000000e-60
	1.000000e-60	1.000000e-60	1.000000e-60	7.609717e-69	4.557942e-68
	1.000000e-60	1.000000e-60	3.118672e-68	6.280707e-69	3.511270e-68
	3.014445e-67	3.108699e-66	4.135897e-65	7.725536e-64	2.151989e-62
	1.000000e-60
massfraction-C2H2
	1.000000e-60	1.951730e-60	1.953266e-60	1.953275e-60	1.953275e-60
	1.953275e-60	1.953275e-60	1.953275e-60	1.953275e-60	1.953275e-60
	1.953275e-60	1.953275e-60	1.953275e-60	1.953275e-60	1.953275e-60
	1.953275e-60	1.953275e-60	1.953275e-60	1.953275e-60	1.953275e-60
	1.953275e-60	1.953275e-60	1.953275e-60	1.953275e-60	1.953275e-60
	1.953275e-60	1.953275e-60	1.953275e-60	1.953275e-60	1.953275e-60
	1.953275e-60	1.953275e-60	1.953275e-60	1.953275e-60	1.953275e-60
	1.953275e-60	1.953275e-60	1.953275e-60	1.953275e-60	1.953275e-60
	1.953275e-60	1.953275e-60	1.953275e-60	1.953275e-60	1.953275e-60
	1.953275e-60	1.953275e-60	1.953275e-60	1.953275e-60	1.953275e-60
	1.953275e-60	1.953275e-60	1.953275e-60	1.953275e-60	1.953275e-60
	1.953275e-60	1.953275e-60	1.953275e-60	1.953275e-60	1.953275e-60
	1.953275e-60	1.953275e-60	1.953275e-60	1.953275e-60	1.953275e-60
	1.953275e-60	1.953275e-60	1.953275e-60	1.953275e-60	1.953275e-60
	1.953275e-60	1.953275e-60	1.953275e-60	1.953275e-60	1.953275e-60
	1.953275e-60	1.953275e-60	1.953275e-60	1.953275e-60	1.953275e-60
	1.953275e-60	1.953275e-60	1.953275e-60	1.953275e-60	1.953275e-60
	1.953275e-60	1.953275e-60	1.953275e-60	1.953275e-60	1.953275e-60
	1.953275e-60	1.953275e-60	1.953275e-60	1.953275e-60	1.953275e-60
	1.953275e-60	1.953275e-60	1.953275e-60	1.953275e-60	1.953275e-60
	1.953275e-60	1.953275e-60	1.953275e-60	1.953275e-60	1.953275e-60
	1.953275e-60	1.953275e-60	1.953275e-60	1.953275e-60	1.953275e-60
	1.953275e-60	1.953275e-60	1.953275e-60	1.953275e-60	1.953275e-60
	1.953275e-60	1.953275e-60	1.953275e-60	1.953275e-60	1.953275e-60
	1.953275e-60	1.953275e-60	1.953275e-60	1.953275e-60	1.953275e-60
	1.953275e-60	1.953274e-60	1.953274e-60	1.953272e-60	1.953270e-60
	1.953265e-60	1.953254e-60	1.953230e-60	1.953176e-60	1.953042e-60
	1.952686e-60	1.951618e-60	1.947844e-60	1.931091e-60	1.833634e-60
	1.000000e-60
massfraction-CHCO
	1.000000e-60	4.196644e-51	8.319941e-51	1.237988e-50	1.472438e-50
	1.750747e-50	1.726453e-50	1.704256e-50	1.683521e-50	1.664033e-50
	1.645730e-50	1.628275e-50	1.611525e-50	1.595496e-50	1.579980e-50
	1.564860e-50	1.550105e-50	1.535604e-50	1.521303e-50	1.507170e-50
	1.493156e-50	1.479243e-50	1.465401e-50	1.451603e-50	1.437833e-50
	1.424079e-50	1.410323e-50	1.396548e-50	1.382720e-50	1.368812e-50
	1.354819e-50	1.340749e-50	1.326578e-50	1.312250e-50	1.297742e-50
	1.283070e-50	1.268212e-50	1.253079e-50	1.237615e-50	1.221851e-50
	1.205815e-50	1.189424e-50	1.172498e-50	1.154817e-50	1.136068e-50
	1.116355e-50	1.096667e-50	1.077982e-50	1.060441e-50	1.043758e-50
	1.027682e-50	1.012069e-50	9.969487e-51	9.824346e-51	9.685537e-51
	9.552271e-51	9.423427e-51	9.298540e-51	9.177830e-51	9.061775e-51
	8.950662e-51	8.844166e-51	8.741644e-51	8.642337e-51	8.545445e-51
	8.450495e-51	8.357416e-51	8.266291e-51	8.177193e-51	8.090151e-51
	8.005120e-51	7.921967e-51	7.840479e-51	7.760410e-51	7.681541e-51
	7.603706e-51	7.526800e-51	7.450753e-51	7.375489e-51	7.300902e-51
	7.226885e-51	7.153352e-51	7.080240e-51	7.007480e-51	6.934958e-51
	6.862541e-51	6.790143e-51	6.717720e-51	6.645233e-51	6.572646e-51
	6.499946e-51	6.427153e-51	6.354263e-51	6.281220e-51	6.207931e-51
	6.134252e-51	6.060040e-51	5.985255e-51	5.909887e-51	5.833891e-51
	5.757162e-51	5.679497e-51	5.600688e-51	5.520605e-51	5.439129e-51
	5.356135e-51	5.271500e-51	5.185132e-51	5.097068e-51	5.007420e-51
	4.916201e-51	4.823286e-51	4.728455e-51	4.631433e-51	4.531897e-51
	4.429596e-51	4.324523e-51	4.216776e-51	4.106399e-51	3.993391e-51
	3.877677e-51	3.759064e-51	3.637213e-51	3.511661e-51	3.381870e-51
	3.247320e-51	3.107655e-51	2.962524e-51	2.811150e-51	2.652482e-51
	2.485699e-51	2.310380e-51	2.126271e-51	1.932758e-51	1.728238e-51
	1.508765e-51	1.268306e-51	9.994427e-52	6.922473e-52	3.514803e-52
	1.000000e-60
massfraction-C3H3
	1.000000e-60	1.034598e-64	3.964175e-68	3.467377e-71	5.736412e-74
	1.588453e-76	6.732368e-79	4.033801e-81	3.194680e-83	3.230812e-85
	2.576292e-87	1.000000e-60	1.000000e-60	1.000000e-60	1.000000e-60
	1.000000e-60	1.000000e-60	1.000000e-60	1.000000e-60	1.000000e-60
	1.000000e-60	1.000000e-60	1.000000e-60	1.000000e-60	1.000000e-60
	1.000000e-60	1.000000e-60	1.000000e-60	1.000000e-60	1.000000e-60
	1.000000e-60	1.000000e-60	1.000000e-60	1.000000e-60	1.000000e-60
	1.000000e-60	1.000000e-60	1.000000e-60	1.000000e-60	1.000000e-60
	1.000000e-60	1.000000e-60	1.000000e-60	1.000000e-60	1.000000e-60
	1.000000e-60	1.000000e-60	1.000000e-60	1.000000e-60	1.000000e-60
	1.000000e-60	1.000000e-60	1.000000e-60	1.000000e-60	1.000000e-60
	1.000000e-60	1.000000e-60	1.000000e-60	1.000000e-60	1.000000e-60
	1.000000e-60	1.000000e-60	1.000000e-60	1.000000e-60	1.000000e-60
	1.000000e-60	1.000000e-60	1.000000e-60	1.000000e-60	1.000000e-60
	1.000000e-60	1.000000e-60	1.000000e-60	1.000000e-60	1.000000e-60
	1.000000e-60	1.000000e-60	1.000000e-60	1.000000e-60	1.000000e-60
	1.000000e-60	1.000000e-60	1.000000e-60	1.000000e-60	1.000000e-60
	1.000000e-60	1.000000e-60	1.000000e-60	1.000000e-60	1.000000e-60
	1.000000e-60	1.000000e-60	1.000000e-60	1.000000e-60	1.000000e-60
	1.000000e-60	1.000000e-60	1.000000e-60	1.000000e-60	1.000000e-60
	1.000000e-60	1.000000e-60	1.000000e-60	1.000000e-60	1.000000e-60
	1.000000e-60	1.000000e-60	1.000000e-60	1.000000e-60	1.000000e-60
	1.000000e-60	1.000000e-60	1.000000e-60	1.000000e-60	1.000000e-60
	1.000000e-60	1.000000e-60	1.000000e-60	1.000000e-60	1.000000e-60
	1.000000e-60	1.000000e-60	1.000000e-60	1.000000e-60	1.000000e-60
	1.000000e-60	1.000000e-60	1.000000e-60	1.000000e-60	1.000000e-60
	2.795980e-74	2.814946e-73	3.097592e-72	3.801174e-71	5.286641e-70
	8.622755e-69	1.735264e-67	4.605458e-66	1.754599e-64	1.017033e-62
	1.000000e-60
massfraction-C2H3
	1.000000e-60	1.621103e-63	9.649182e-66	1.291674e-67	3.197247e-69
	1.284535e-70	7.606974e-72	6.110482e-73	6.213474e-74	7.725612e-75
	1.145443e-75	1.951486e-76	3.750352e-77	8.151242e-78	2.095700e-78
	7.830851e-79	5.213039e-79	5.057018e-79	5.480508e-79	6.014624e-79
	6.539619e-79	7.026183e-79	7.469347e-79	7.871010e-79	8.234072e-79
	8.562180e-79	8.858247e-79	9.125191e-79	9.365654e-79	9.581983e-79
	9.775821e-79	9.948604e-79	1.010223e-78	1.023864e-78	1.035976e-78
	1.046460e-78	1.055284e-78	1.062468e-78	1.068295e-78	1.072714e-78
	1.075704e-78	1.077343e-78	1.077970e-78	1.077573e-78	1.076362e-78
	1.075276e-78	1.077198e-78	1.088065e-78	1.119388e-78	1.195447e-78
	1.365671e-78	1.727139e-78	2.361730e-78	3.218965e-78	4.398075e-78
	6.141916e-78	8.887790e-78	1.335143e-77	2.064243e-77	3.240059e-77
	5.097511e-77	7.976373e-77	1.237049e-76	1.900283e-76	2.894441e-76
	4.374289e-76	6.555954e-76	9.736267e-76	1.431942e-75	2.085110e-75
	3.006499e-75	4.295059e-75	6.084980e-75	8.558524e-75	1.196237e-74
	1.662809e-74	2.299796e-74	3.165989e-74	4.339762e-74	5.926079e-74
	8.065442e-74	1.094510e-73	1.481386e-73	2.000373e-73	2.696279e-73
	3.629756e-73	4.882130e-73	6.562180e-73	8.815978e-73	1.183989e-72
	1.589690e-72	2.133736e-72	2.863155e-72	3.841743e-72	5.156490e-72
	6.927520e-72	9.320754e-72	1.256174e-71	1.695872e-71	2.293827e-71
	3.109818e-71	4.229280e-71	5.774414e-71	7.919196e-71	1.091403e-70
	1.512299e-70	2.107894e-70	2.956499e-70	4.172209e-70	5.921521e-70
	8.452336e-70	1.213972e-69	1.755873e-69	2.560375e-69	3.768754e-69
	5.605368e-69	8.424760e-69	1.279261e-68	1.962322e-68	3.041008e-68
	4.763305e-68	7.547559e-68	1.211520e-67	1.974037e-67	3.272072e-67
	5.531016e-67	9.550406e-67	1.687909e-66	3.063691e-66	5.739873e-66
	1.114651e-65	2.250570e-65	4.740467e-65	1.046880e-64	2.447370e-64
	6.179133e-64	1.738177e-63	5.697697e-63	2.327133e-62	1.255057e-61
	1.000000e-60
massfraction-C2H4
	1.000000e-60	3.798794e-48	7.415135e-48	1.044209e-47	1.291445e-47
	1.492827e-47	1.676316e-47	1.832851e-47	1.970184e-47	2.091832e-47
	2.199837e-47	2.297451e-47	2.386374e-47	2.467271e-47	2.541806e-47
	2.610982e-47	2.675297e-47	2.735530e-47	2.792116e-47	2.845369e-47
	2.895617e-47	2.943049e-47	2.987870e-47	3.030254e-47	3.070315e-47
	3.108156e-47	3.143868e-47	3.177545e-47	3.209291e-47	3.239185e-47
	3.267242e-47	3.293450e-47	3.317858e-47	3.340548e-47	3.361525e-47
	3.380733e-47	3.398169e-47	3.413884e-47	3.427851e-47	3.439957e-47
	3.450105e-47	3.458264e-47	3.464386e-47	3.468331e-47	3.469837e-47
	3.468511e-47	3.464275e-47	3.457623e-47	3.449094e-47	3.438966e-47
	3.427382e-47	3.414445e-47	3.400360e-47	3.385419e-47	3.369849e-47
	3.353738e-47	3.337094e-47	3.319971e-47	3.302508e-47	3.284880e-47
	3.267243e-47	3.249649e-47	3.232079e-47	3.214475e-47	3.196749e-47
	3.178857e-47	3.160820e-47	3.142690e-47	3.124515e-47	3.106335e-47
	3.088175e-47	3.070034e-47	3.051894e-47	3.033724e-47	3.015493e-47
	2.997178e-47	2.978770e-47	2.960265e-47	2.941656e-47	2.922928e-47
	2.904062e-47	2.885045e-47	2.865867e-47	2.846516e-47	2.826967e-47
	2.807188e-47	2.787157e-47	2.766864e-47	2.746299e-47	2.725453e-47
	2.704322e-47	2.682913e-47	2.661226e-47	2.639244e-47	2.616939e-47
	2.594265e-47	2.571176e-47	2.547654e-47	2.523693e-47	2.499275e-47
	2.474359e-47	2.448873e-47	2.422740e-47	2.395908e-47	2.368322e-47
	2.339929e-47	2.310672e-47	2.280502e-47	2.249416e-47	2.217438e-47
	2.184558e-47	2.150716e-47	2.115813e-47	2.079728e-47	2.042316e-47
	2.003456e-47	1.963115e-47	1.921300e-47	1.878002e-47	1.833190e-47
	1.786805e-47	1.738740e-47	1.688822e-47	1.636820e-47	1.582466e-47
	1.525485e-47	1.465666e-47	1.402789e-47	1.336440e-47	1.266067e-47
	1.191197e-47	1.111520e-47	1.026791e-47	9.365922e-48	8.400178e-48
	7.349940e-48	6.183248e-48	4.989634e-48	3.485640e-48	1.764374e-48
	1.000000e-60
massfraction-C2H5
	1.000000e-60	1.000000e-60	1.905286e-48	4.277369e-48	6.684681e-48
	8.033850e-48	9.495965e-48	1.073973e-47	1.184216e-47	1.283592e-47
	1.373746e-47	1.457194e-47	1.535165e-47	1.607989e-47	1.676916e-47
	1.742676e-47	1.805552e-47	1.866145e-47	1.924758e-47	1.981600e-47
	2.036911e-47	2.090807e-47	2.143430e-47	2.194908e-47	2.245309e-47
	2.294698e-47	2.343133e-47	2.390685e-47	2.437460e-47	2.483541e-47
	2.528926e-47	2.573571e-47	2.617534e-47	2.660959e-47	2.703881e-47
	2.746207e-47	2.787962e-47	2.829340e-47	2.870418e-47	2.911037e-47
	2.951044e-47	2.990567e-47	3.029912e-47	3.069415e-47	3.109505e-47
	3.149642e-47	3.187652e-47	3.221783e-47	3.252091e-47	3.279342e-47
	3.304136e-47	3.326826e-47	3.347481e-47	3.366077e-47	3.382723e-47
	3.397648e-47	3.411083e-47	3.423164e-47	3.433954e-47	3.443496e-47
	3.451863e-47	3.459170e-47	3.465539e-47	3.471082e-47	3.475890e-47
	3.480024e-47	3.483516e-47	3.486392e-47	3.488682e-47	3.490417e-47
	3.491627e-47	3.492344e-47	3.492597e-47	3.492408e-47	3.491794e-47
	3.490768e-47	3.489343e-47	3.487528e-47	3.485331e-47	3.482757e-47
	3.479811e-47	3.476493e-47	3.472804e-47	3.468745e-47	3.464311e-47
	3.459493e-47	3.454283e-47	3.448675e-47	3.442663e-47	3.436237e-47
	3.429393e-47	3.422127e-47	3.414434e-47	3.406302e-47	3.397714e-47
	3.388643e-47	3.379059e-47	3.368944e-47	3.358281e-47	3.347047e-47
	3.335209e-47	3.322715e-47	3.309505e-47	3.295527e-47	3.280725e-47
	3.265038e-47	3.248401e-47	3.230749e-47	3.212038e-47	3.192244e-47
	3.171318e-47	3.149177e-47	3.125708e-47	3.100769e-47	3.074194e-47
	3.045818e-47	3.015530e-47	2.983245e-47	2.948857e-47	2.912242e-47
	2.873240e-47	2.831635e-47	2.787138e-47	2.739373e-47	2.687892e-47
	2.632192e-47	2.571778e-47	2.506088e-47	2.434282e-47	2.355240e-47
	2.267775e-47	2.170713e-47	2.062758e-47	1.942126e-47	1.805953e-47
	1.648882e-47	1.462206e-47	1.242118e-47	9.585440e-48	5.344734e-48
	1.000000e-60
massfraction-C3H4
	1.000000e-60	1.000000e-60	1.000000e-60	1.000000e-60	1.000000e-60
	1.000000e-60	1.000000e-60	1.000000e-60	1.000000e-60	1.000000e-60
	1.000000e-60	1.000000e-60	1.000000e-60	1.000000e-60	1.000000e-60
	1.000000e-60	1.000000e-60	1.000000e-60	1.000000e-60	1.000000e-60
	1.000000e-60	1.000000e-60	1.000000e-60	1.000000e-60	1.000000e-60
	1.000000e-60	1.000000e-60	1.000000e-60	1.000000e-60	1.000000e-60
	1.000000e-60	1.000000e-60	1.000000e-60	1.000000e-60	1.000000e-60
	1.000000e-60	1.000000e-60	1.000000e-60	1.000000e-60	1.000000e-60
	1.000000e-60	1.000000e-60	1.000000e-60	1.000000e-60	1.000000e-60
	1.000000e-60	1.000000e-60	1.000000e-60	1.000000e-60	1.000000e-60
	1.000000e-60	1.000000e-60	1.000000e-60	1.000000e-60	1.000000e-60
	1.000000e-60	1.000000e-60	1.000000e-60	1.000000e-60	1.000000e-60
	1.000000e-60	1.000000e-60	1.000000e-60	1.000000e-60	1.000000e-60
	1.000000e-60	1.000000e-60	1.000000e-60	1.000000e-60	1.000000e-60
	1.000000e-60	1.000000e-60	1.000000e-60	1.000000e-60	1.000000e-60
	1.000000e-60	1.000000e-60	1.000000e-60	1.000000e-60	1.000000e-60
	1.000000e-60	1.000000e-60	1.000000e-60	1.000000e-60	1.000000e-60
	1.000000e-60	1.000000e-60	1.000000e-60	1.000000e-60	1.000000e-60
	1.000000e-60	1.000000e-60	1.000000e-60	1.000000e-60	1.000000e-60
	1.000000e-60	1.000000e-60	1.000000e-60	1.000000e-60	1.000000e-60
	1.000000e-60	1.000000e-60	1.000000e-60	1.000000e-60	1.000000e-60
	1.000000e-60	1.000000e-60	1.000000e-60	1.000000e-60	1.000000e-60
	1.000000e-60	1.000000e-60	1.000000e-60	1.000000e-60	1.000000e-60
	1.000000e-60	1.000000e-60	1.000000e-60	1.000000e-60	1.000000e-60
	1.000000e-60	1.000000e-60	1.000000e-60	1.000000e-60	1.000000e-60
	1.000000e-60	1.000000e-60	1.000000e-60	1.000000e-60	1.000000e-60
	1.000000e-60	1.000000e-60	1.000000e-60	1.000000e-60	1.000000e-60
	1.000000e-60	1.000000e-60	1.000000e-60	1.000000e-60	1.000000e-60
	1.000000e-60
massfraction-C3H5
	1.000000e-60	1.000000e-60	1.000000e-60	1.000000e-60	1.000000e-60
	1.000000e-60	1.000000e-60	1.000000e-60	1.000000e-60	1.000000e-60
	1.000000e-60	1.000000e-60	1.000000e-60	1.000000e-60	1.000000e-60
	1.000000e-60	1.000000e-60	1.000000e-60	1.000000e-60	1.000000e-60
	1.000000e-60	1.000000e-60	1.000000e-60	1.000000e-60	1.000000e-60
	1.000000e-60	1.000000e-60	1.000000e-60	1.000000e-60	1.000000e-60
	1.000000e-60	1.000000e-60	1.000000e-60	1.000000e-60	1.000000e-60
	1.000000e-60	1.000000e-60	1.000000e-60	1.000000e-60	1.000000e-60
	1.000000e-60	1.000000e-60	1.000000e-60	1.000000e-60	1.000000e-60
	1.000000e-60	1.000000e-60	1.000000e-60	1.000000e-60	1.000000e-60
	1.000000e-60	1.000000e-60	1.000000e-60	1.000000e-60	1.000000e-60
	1.000000e-60	1.000000e-60	1.000000e-60	1.000000e-60	1.000000e-60
	1.000000e-60	1.000000e-60	1.000000e-60	1.000000e-60	1.000000e-60
	1.000000e-60	1.000000e-60	1.000000e-60	1.000000e-60	1.000000e-60
	1.000000e-60	1.000000e-60	1.000000e-60	1.000000e-60	1.000000e-60
	1.000000e-60	1.000000e-60	1.000000e-60	1.000000e-60	1.000000e-60
	1.000000e-60	1.000000e-60	1.000000e-60	1.000000e-60	1.000000e-60
	1.000000e-60	1.000000e-60	1.000000e-60	1.000000e-60	1.000000e-60
	1.000000e-60	1.000000e-60	1.000000e-60	1.000000e-60	1.000000e-60
	1.000000e-60	1.000000e-60	1.000000e-60	1.000000e-60	1.000000e-60
	1.000000e-60	1.000000e-60	1.000000e-60	1.000000e-60	1.000000e-60
	1.000000e-60	1.000000e-60	1.000000e-60	1.000000e-60	1.000000e-60
	1.000000e-60	1.000000e-60	1.000000e-60	1.000000e-60	1.000000e-60
	1.000000e-60	1.000000e-60	1.000000e-60	1.000000e-60	1.000000e-60
	1.000000e-60	1.000000e-60	1.000000e-60	1.000000e-60	1.000000e-60
	1.000000e-60	1.000000e-60	1.000000e-60	1.000000e-60	1.000000e-60
	1.000000e-60	1.000000e-60	1.000000e-60	1.000000e-60	1.000000e-60
	1.000000e-60	1.000000e-60	1.000000e-60	1.000000e-60	1.000000e-60
	1.000000e-60
massfraction-C3H6
	1.000000e-60	1.357203e-60	1.476065e-60	1.537863e-60	1.575509e-60
	1.600733e-60	1.618700e-60	1.632152e-60	1.642675e-60	1.651064e-60
	1.657809e-60	1.663347e-60	1.667929e-60	1.671710e-60	1.674858e-60
	1.677481e-60	1.679649e-60	1.681429e-60	1.682867e-60	1.683996e-60
	1.684845e-60	1.685437e-60	1.685791e-60	1.685920e-60	1.685838e-60
	1.685554e-60	1.685077e-60	1.684413e-60	1.683567e-60	1.682541e-60
	1.681338e-60	1.679961e-60	1.678410e-60	1.676680e-60	1.674767e-60
	1.672672e-60	1.670391e-60	1.667907e-60	1.665206e-60	1.662286e-60
	1.659149e-60	1.655772e-60	1.652107e-60	1.648092e-60	1.643628e-60
	1.638711e-60	1.633577e-60	1.628502e-60	1.623560e-60	1.618703e-60
	1.613880e-60	1.609063e-60	1.604275e-60	1.599565e-60	1.594958e-60
	1.590441e-60	1.585986e-60	1.581587e-60	1.577259e-60	1.573028e-60
	1.568914e-60	1.564911e-60	1.561004e-60	1.557170e-60	1.553380e-60
	1.549621e-60	1.545892e-60	1.542200e-60	1.538549e-60	1.534945e-60
	1.531387e-60	1.527873e-60	1.524396e-60	1.520947e-60	1.517518e-60
	1.514104e-60	1.510701e-60	1.507307e-60	1.503919e-60	1.500534e-60
	1.497147e-60	1.493755e-60	1.490356e-60	1.486946e-60	1.483521e-60
	1.480074e-60	1.476601e-60	1.473101e-60	1.469571e-60	1.466009e-60
	1.462415e-60	1.458789e-60	1.455131e-60	1.451438e-60	1.447704e-60
	1.443923e-60	1.440086e-60	1.436191e-60	1.432235e-60	1.428216e-60
	1.424128e-60	1.419958e-60	1.415694e-60	1.411327e-60	1.406849e-60
	1.402250e-60	1.397522e-60	1.392657e-60	1.387654e-60	1.382518e-60
	1.377245e-60	1.371827e-60	1.366247e-60	1.360484e-60	1.354517e-60
	1.348324e-60	1.341899e-60	1.335243e-60	1.328353e-60	1.321222e-60
	1.313839e-60	1.306185e-60	1.298230e-60	1.289933e-60	1.281248e-60
	1.272127e-60	1.262529e-60	1.252411e-60	1.241698e-60	1.230289e-60
	1.218091e-60	1.205032e-60	1.191048e-60	1.176035e-60	1.159798e-60
	1.141919e-60	1.121744e-60	1.098375e-60	1.070445e-60	1.037497e-60
	1.000000e-60
massfraction-N-C3H7
	1.000000e-60	1.000000e-60	1.000000e-60	1.000000e-60	1.000000e-60
	1.000000e-60	1.000000e-60	1.000000e-60	1.000000e-60	1.000000e-60
	1.000000e-60	1.000000e-60	1.000000e-60	1.000000e-60	1.000000e-60
	1.000000e-60	1.000000e-60	1.000000e-60	1.000000e-60	1.000000e-60
	1.000000e-60	1.000000e-60	1.000000e-60	1.000000e-60	1.000000e-60
	1.000000e-60	1.000000e-60	1.000000e-60	1.000000e-60	1.000000e-60
	1.000000e-60	1.000000e-60	1.000000e-60	1.000000e-60	1.000000e-60
	1.000000e-60	1.000000e-60	1.000000e-60	1.000000e-60	1.000000e-60
	1.000000e-60	1.000000e-60	1.000000e-60	1.000000e-60	1.000000e-60
	1.000000e-60	1.000000e-60	1.000000e-60	1.000000e-60	1.000000e-60
	1.000000e-60	1.000000e-60	1.000000e-60	1.000000e-60	1.000000e-60
	1.000000e-60	1.000000e-60	1.000000e-60	1.000000e-60	1.000000e-60
	1.000000e-60	1.000000e-60	1.000000e-60	1.000000e-60	1.000000e-60
	1.000000e-60	1.000000e-60	1.000000e-60	1.000000e-60	1.000000e-60
	1.000000e-60	1.000000e-60	1.000000e-60	1.000000e-60	1.000000e-60
	1.000000e-60	1.000000e-60	1.000000e-60	1.000000e-60	1.000000e-60
	1.000000e-60	1.000000e-60	1.000000e-60	1.000000e-60	1.000000e-60
	1.000000e-60	1.000000e-60	1.000000e-60	1.000000e-60	1.000000e-60
	1.000000e-60	1.000000e-60	1.000000e-60	1.000000e-60	1.000000e-60
	1.000000e-60	1.000000e-60	1.000000e-60	1.000000e-60	1.000000e-60
	1.000000e-60	1.000000e-60	1.000000e-60	1.000000e-60	1.000000e-60
	1.000000e-60	1.000000e-60	1.000000e-60	1.000000e-60	1.000000e-60
	1.000000e-60	1.000000e-60	1.000000e-60	1.000000e-60	1.000000e-60
	1.000000e-60	1.000000e-60	1.000000e-60	1.000000e-60	1.000000e-60
	1.000000e-60	1.000000e-60	1.000000e-60	1.000000e-60	1.000000e-60
	1.000000e-60	1.000000e-60	1.000000e-60	1.000000e-60	1.000000e-60
	1.000000e-60	1.000000e-60	1.000000e-60	1.000000e-60	1.000000e-60
	1.000000e-60	1.000000e-60	1.000000e-60	1.000000e-60	1.000000e-60
	1.000000e-60
massfraction-I-C3H7
	1.000000e-60	6.324601e-61	5.101578e-61	4.465716e-61	4.078367e-61
	3.818822e-61	3.633952e-61	3.495544e-61	3.387272e-61	3.300947e-61
	3.231544e-61	3.174570e-61	3.127420e-61	3.088513e-61	3.056120e-61
	3.029132e-61	3.006826e-61	2.988509e-61	2.973720e-61	2.962104e-61
	2.953362e-61	2.947269e-61	2.943634e-61	2.942303e-61	2.943150e-61
	2.946071e-61	2.950980e-61	2.957807e-61	2.966511e-61	2.977068e-61
	2.989449e-61	3.003618e-61	3.019576e-61	3.037378e-61	3.057062e-61
	3.078616e-61	3.102086e-61	3.127643e-61	3.155439e-61	3.185479e-61
	3.217759e-61	3.252511e-61	3.290214e-61	3.331534e-61	3.377465e-61
	3.428051e-61	3.480877e-61	3.533099e-61	3.583947e-61	3.633922e-61
	3.683549e-61	3.733113e-61	3.782381e-61	3.830841e-61	3.878247e-61
	3.924728e-61	3.970563e-61	4.015828e-61	4.060358e-61	4.103891e-61
	4.146228e-61	4.187409e-61	4.227609e-61	4.267067e-61	4.306057e-61
	4.344735e-61	4.383102e-61	4.421096e-61	4.458656e-61	4.495745e-61
	4.532352e-61	4.568510e-61	4.604289e-61	4.639776e-61	4.675054e-61
	4.710182e-61	4.745198e-61	4.780121e-61	4.814978e-61	4.849809e-61
	4.884659e-61	4.919561e-61	4.954540e-61	4.989626e-61	5.024870e-61
	5.060336e-61	5.096066e-61	5.132082e-61	5.168404e-61	5.205052e-61
	5.242035e-61	5.279344e-61	5.316983e-61	5.354983e-61	5.393396e-61
	5.432301e-61	5.471781e-61	5.511865e-61	5.552566e-61	5.593916e-61
	5.635983e-61	5.678890e-61	5.722765e-61	5.767699e-61	5.813778e-61
	5.861094e-61	5.909741e-61	5.959799e-61	6.011273e-61	6.064126e-61
	6.118376e-61	6.174128e-61	6.231546e-61	6.290835e-61	6.352239e-61
	6.415962e-61	6.482068e-61	6.550553e-61	6.621450e-61	6.694823e-61
	6.770786e-61	6.849542e-61	6.931398e-61	7.016765e-61	7.106126e-61
	7.199981e-61	7.298741e-61	7.402844e-61	7.513071e-61	7.630466e-61
	7.755981e-61	7.890342e-61	8.034231e-61	8.188705e-61	8.355780e-61
	8.539740e-61	8.747324e-61	8.987786e-61	9.275163e-61	9.614179e-61
	1.000000e-60
massfraction-C3H8
	1.000000e-60	1.000000e-60	1.000000e-60	1.000000e-60	1.000000e-60
	1.000000e-60	1.000000e-60	1.000000e-60	1.000000e-60	1.000000e-60
	1.000000e-60	1.000000e-60	1.000000e-60	1.000000e-60	1.000000e-60
	1.000000e-60	1.000000e-60	1.000000e-60	1.000000e-60	1.000000e-60
	1.000000e-60	1.000000e-60	1.000000e-60	1.000000e-60	1.000000e-60
	1.000000e-60	1.000000e-60	1.000000e-60	1.000000e-60	1.000000e-60
	1.000000e-60	1.000000e-60	1.000000e-60	1.000000e-60	1.000000e-60
	1.000000e-60	1.000000e-60	1.000000e-60	1.000000e-60	1.000000e-60
	1.000000e-60	1.000000e-60	1.000000e-60	1.000000e-60	1.000000e-60
	1.000000e-60	1.000000e-60	1.000000e-60	1.000000e-60	1.000000e-60
	1.000000e-60	1.000000e-60	1.000000e-60	1.000000e-60	1.000000e-60
	1.000000e-60	1.000000e-60	1.000000e-60	1.000000e-60	1.000000e-60
	1.000000e-60	1.000000e-60	1.000000e-60	1.000000e-60	1.000000e-60
	1.000000e-60	1.000000e-60	1.000000e-60	1.000000e-60	1.000000e-60
	1.000000e-60	1.000000e-60	1.000000e-60	1.000000e-60	1.000000e-60
	1.000000e-60	1.000000e-60	1.000000e-60	1.000000e-60	1.000000e-60
	1.000000e-60	1.000000e-60	1.000000e-60	1.000000e-60	1.000000e-60
	1.000000e-60	1.000000e-60	1.000000e-60	1.000000e-60	1.000000e-60
	1.000000e-60	1.000000e-60	1.000000e-60	1.000000e-60	1.000000e-60
	1.000000e-60	1.000000e-60	1.000000e-60	1.000000e-60	1.000000e-60
	1.000000e-60	1.000000e-60	1.000000e-60	1.000000e-60	1.000000e-60
	1.000000e-60	1.000000e-60	1.000000e-60	1.000000e-60	1.000000e-60
	1.000000e-60	1.000000e-60	1.000000e-60	1.000000e-60	1.000000e-60
	1.000000e-60	1.000000e-60	1.000000e-60	1.000000e-60	1.000000e-60
	1.000000e-60	1.000000e-60	1.000000e-60	1.000000e-60	1.000000e-60
	1.000000e-60	1.000000e-60	1.000000e-60	1.000000e-60	1.000000e-60
	1.000000e-60	1.000000e-60	1.000000e-60	1.000000e-60	1.000000e-60
	1.000000e-60	1.000000e-60	1.000000e-60	1.000000e-60	1.000000e-60
	1.000000e-60
W
	2.885106e+01	2.837819e+01	2.794399e+01	2.756292e+01	2.723366e+01
	2.694701e+01	2.669488e+01	2.646891e+01	2.626127e+01	2.606906e+01
	2.589109e+01	2.572361e+01	2.556492e+01	2.541489e+01	2.527132e+01
	2.513297e+01	2.499942e+01	2.486953e+01	2.474276e+01	2.461873e+01
	2.449697e+01	2.437728e+01	2.425935e+01	2.414292e+01	2.402785e+01
	2.391399e+01	2.380120e+01	2.368930e+01	2.357803e+01	2.346717e+01
	2.335667e+01	2.324661e+01	2.313681e+01	2.302684e+01	2.291654e+01
	2.280607e+01	2.269528e+01	2.258354e+01	2.247049e+01	2.235640e+01
	2.224153e+01	2.212532e+01	2.200660e+01	2.188393e+01	2.175533e+01
	2.162174e+01	2.148995e+01	2.136635e+01	2.125161e+01	2.114361e+01
	2.104058e+01	2.094147e+01	2.084638e+01	2.075590e+01	2.067011e+01
	2.058840e+01	2.051002e+01	2.043462e+01	2.036226e+01	2.029317e+01
	2.022746e+01	2.016488e+01	2.010501e+01	2.004734e+01	1.999140e+01
	1.993688e+01	1.988372e+01	1.983195e+01	1.978160e+01	1.973265e+01
	1.968507e+01	1.963876e+01	1.959358e+01	1.954940e+01	1.950607e+01
	1.946350e+01	1.942162e+01	1.938038e+01	1.933974e+01	1.929963e+01
	1.926000e+01	1.922078e+01	1.918195e+01	1.914345e+01	1.910524e+01
	1.906724e+01	1.902939e+01	1.899169e+01	1.895410e+01	1.891660e+01
	1.887920e+01	1.884189e+01	1.880469e+01	1.876755e+01	1.873044e+01
	1.869327e+01	1.865598e+01	1.861856e+01	1.858100e+01	1.854328e+01
	1.850534e+01	1.846711e+01	1.842847e+01	1.838937e+01	1.834976e+01
	1.830959e+01	1.826881e+01	1.822738e+01	1.818532e+01	1.814271e+01
	1.809956e+01	1.805581e+01	1.801138e+01	1.796615e+01	1.791999e+01
	1.787278e+01	1.782456e+01	1.777538e+01	1.772528e+01	1.767427e+01
	1.762235e+01	1.756944e+01	1.751542e+01	1.746011e+01	1.740329e+01
	1.734478e+01	1.728446e+01	1.722222e+01	1.715778e+01	1.709075e+01
	1.702085e+01	1.694799e+01	1.687215e+01	1.679316e+01	1.671048e+01
	1.662265e+01	1.652748e+01	1.642235e+01	1.630385e+01	1.617439e+01
	1.604300e+01
ZBilger
	0.000000e+00	2.087175e-02	4.065862e-02	5.853850e-02	7.438964e-02
	8.850545e-02	1.011720e-01	1.127290e-01	1.235240e-01	1.336698e-01
	1.431985e-01	1.522860e-01	1.610065e-01	1.693515e-01	1.774294e-01
	1.853012e-01	1.929826e-01	2.005324e-01	2.079776e-01	2.153356e-01
	2.226315e-01	2.298751e-01	2.370814e-01	2.442652e-01	2.514338e-01
	2.585948e-01	2.657560e-01	2.729279e-01	2.801268e-01	2.873678e-01
	2.946530e-01	3.019779e-01	3.093556e-01	3.168150e-01	3.243684e-01
	3.320069e-01	3.397423e-01	3.476210e-01	3.556716e-01	3.638790e-01
	3.722274e-01	3.807612e-01	3.895727e-01	3.987779e-01	4.085393e-01
	4.188021e-01	4.290523e-01	4.387797e-01	4.479120e-01	4.565975e-01
	4.649672e-01	4.730959e-01	4.809676e-01	4.885239e-01	4.957506e-01
	5.026888e-01	5.093966e-01	5.158985e-01	5.221829e-01	5.282250e-01
	5.340098e-01	5.395542e-01	5.448917e-01	5.500618e-01	5.551062e-01
	5.600495e-01	5.648954e-01	5.696396e-01	5.742782e-01	5.788098e-01
	5.832367e-01	5.875658e-01	5.918083e-01	5.959768e-01	6.000829e-01
	6.041351e-01	6.081390e-01	6.120982e-01	6.160166e-01	6.198997e-01
	6.237532e-01	6.275815e-01	6.313879e-01	6.351759e-01	6.389515e-01
	6.427218e-01	6.464909e-01	6.502614e-01	6.540352e-01	6.578143e-01
	6.615992e-01	6.653890e-01	6.691838e-01	6.729865e-01	6.768021e-01
	6.806380e-01	6.845016e-01	6.883951e-01	6.923189e-01	6.962754e-01
	7.002701e-01	7.043135e-01	7.084164e-01	7.125857e-01	7.168275e-01
	7.211484e-01	7.255547e-01	7.300511e-01	7.346360e-01	7.393032e-01
	7.440523e-01	7.488896e-01	7.538267e-01	7.588779e-01	7.640600e-01
	7.693859e-01	7.748563e-01	7.804658e-01	7.862123e-01	7.920957e-01
	7.981200e-01	8.042953e-01	8.106391e-01	8.171756e-01	8.239327e-01
	8.309377e-01	8.382090e-01	8.457648e-01	8.536456e-01	8.619063e-01
	8.705893e-01	8.797168e-01	8.893019e-01	8.993766e-01	9.100243e-01
	9.214505e-01	9.339694e-01	9.479669e-01	9.639602e-01	9.817012e-01
	1.000000e+00
chi [1/s]
	0.000000e+00	8.118398e+00	2.453187e+01	4.391176e+01	6.365087e+01
	8.281316e+01	1.007993e+02	1.178430e+02	1.341299e+02	1.496828e+02
	1.644900e+02	1.786256e+02	1.921468e+02	2.052513e+02	2.177087e+02
	2.299345e+02	2.416880e+02	2.532495e+02	2.644308e+02	2.755199e+02
	2.861880e+02	2.968360e+02	3.070991e+02	3.172681e+02	3.272527e+02
	3.369619e+02	3.466180e+02	3.559361e+02	3.651477e+02	3.742416e+02
	3.830391e+02	3.917413e+02	4.002100e+02	4.084820e+02	4.166583e+02
	4.245302e+02	4.322364e+02	4.397892e+02	4.470854e+02	4.542122e+02
	4.610413e+02	4.676060e+02	4.739704e+02	4.800771e+02	4.860350e+02
	4.916455e+02	4.966161e+02	5.007200e+02	5.040320e+02	5.066963e+02
	5.088025e+02	5.104229e+02	5.115875e+02	5.123299e+02	5.126962e+02
	5.127311e+02	5.124698e+02	5.119399e+02	5.111699e+02	5.101883e+02
	5.090296e+02	5.077195e+02	5.062754e+02	5.046966e+02	5.029945e+02
	5.011733e+02	4.992426e+02	4.972049e+02	4.950702e+02	4.928596e+02
	4.905825e+02	4.882449e+02	4.858323e+02	4.833462e+02	4.808003e+02
	4.781949e+02	4.755316e+02	4.728043e+02	4.699857e+02	4.671111e+02
	4.641800e+02	4.611924e+02	4.581487e+02	4.550118e+02	4.517911e+02
	4.485059e+02	4.451545e+02	4.417367e+02	4.382503e+02	4.346182e+02
	4.309178e+02	4.271520e+02	4.233225e+02	4.194281e+02	4.154052e+02
	4.112625e+02	4.070357e+02	4.027239e+02	3.983279e+02	3.937931e+02
	3.890870e+02	3.842761e+02	3.793487e+02	3.742981e+02	3.690132e+02
	3.635233e+02	3.578858e+02	3.520970e+02	3.460911e+02	3.398025e+02
	3.333779e+02	3.268133e+02	3.199677e+02	3.128193e+02	3.054837e+02
	2.979245e+02	2.898757e+02	2.816507e+02	2.732392e+02	2.643201e+02
	2.552635e+02	2.459014e+02	2.361204e+02	2.261908e+02	2.155859e+02
	2.048113e+02	1.933709e+02	1.817390e+02	1.693269e+02	1.565415e+02
	1.432510e+02	1.292439e+02	1.148211e+02	1.000068e+02	8.482462e+01
	6.925447e+01	5.298445e+01	3.645476e+01	2.014841e+01	6.489035e+00
	0.000000e+00
density
	1.156679e+00	1.137721e+00	1.120313e+00	1.105035e+00	1.091835e+00
	1.080343e+00	1.070234e+00	1.061175e+00	1.052850e+00	1.045145e+00
	1.038010e+00	1.031295e+00	1.024933e+00	1.018918e+00	1.013162e+00
	1.007615e+00	1.002261e+00	9.970537e-01	9.919712e-01	9.869988e-01
	9.821174e-01	9.773186e-01	9.725908e-01	9.679230e-01	9.633095e-01
	9.587446e-01	9.542227e-01	9.497366e-01	9.452758e-01	9.408310e-01
	9.364010e-01	9.319887e-01	9.275865e-01	9.231777e-01	9.187557e-01
	9.143269e-01	9.098851e-01	9.054052e-01	9.008729e-01	8.962987e-01
	8.916935e-01	8.870346e-01	8.822748e-01	8.773567e-01	8.722010e-01
	8.668454e-01	8.615616e-01	8.566065e-01	8.520062e-01	8.476765e-01
	8.435458e-01	8.395723e-01	8.357599e-01	8.321327e-01	8.286931e-01
	8.254175e-01	8.222751e-01	8.192519e-01	8.163510e-01	8.135812e-01
	8.109469e-01	8.084380e-01	8.060374e-01	8.037256e-01	8.014827e-01
	7.992970e-01	7.971658e-01	7.950904e-01	7.930715e-01	7.911091e-01
	7.892014e-01	7.873448e-01	7.855337e-01	7.837623e-01	7.820252e-01
	7.803185e-01	7.786394e-01	7.769861e-01	7.753568e-01	7.737488e-01
	7.721598e-01	7.705875e-01	7.690306e-01	7.674875e-01	7.659555e-01
	7.644318e-01	7.629146e-01	7.614029e-01	7.598958e-01	7.583926e-01
	7.568930e-01	7.553974e-01	7.539058e-01	7.524169e-01	7.509289e-01
	7.494389e-01	7.479441e-01	7.464438e-01	7.449378e-01	7.434255e-01
	7.419047e-01	7.403718e-01	7.388227e-01	7.372552e-01	7.356673e-01
	7.340567e-01	7.324216e-01	7.307606e-01	7.290746e-01	7.273662e-01
	7.256362e-01	7.238824e-01	7.221011e-01	7.202878e-01	7.184369e-01
	7.165445e-01	7.146111e-01	7.126394e-01	7.106307e-01	7.085859e-01
	7.065043e-01	7.043832e-01	7.022174e-01	6.999997e-01	6.977218e-01
	6.953760e-01	6.929577e-01	6.904624e-01	6.878789e-01	6.851916e-01
	6.823894e-01	6.794683e-01	6.764276e-01	6.732608e-01	6.699460e-01
	6.664249e-01	6.626093e-01	6.583945e-01	6.536439e-01	6.484537e-01
	6.431859e-01
lambda [W/m K]
	2.525581e-02	2.554087e-02	2.580115e-02	2.602841e-02	2.622388e-02
	2.639338e-02	2.654194e-02	2.667466e-02	2.679627e-02	2.690853e-02
	2.701221e-02	2.710955e-02	2.720158e-02	2.728839e-02	2.737130e-02
	2.745103e-02	2.752785e-02	2.760242e-02	2.767507e-02	2.774602e-02
	2.781554e-02	2.788377e-02	2.795087e-02	2.801701e-02	2.808226e-02
	2.814672e-02	2.821046e-02	2.827359e-02	2.833626e-02	2.839859e-02
	2.846062e-02	2.852229e-02	2.858372e-02	2.864513e-02	2.870663e-02
	2.876811e-02	2.882966e-02	2.889164e-02	2.895422e-02	2.901727e-02
	2.908064e-02	2.914462e-02	2.920986e-02	2.927714e-02	2.934753e-02
	2.942048e-02	2.949230e-02	2.955951e-02	2.962179e-02	2.968028e-02
	2.973600e-02	2.978950e-02	2.984074e-02	2.988942e-02	2.993551e-02
	2.997934e-02	3.002132e-02	3.006167e-02	3.010033e-02	3.013719e-02
	3.017221e-02	3.020553e-02	3.023737e-02	3.026801e-02	3.029770e-02
	3.032660e-02	3.035476e-02	3.038215e-02	3.040878e-02	3.043463e-02
	3.045974e-02	3.048416e-02	3.050797e-02	3.053123e-02	3.055402e-02
	3.057639e-02	3.059839e-02	3.062003e-02	3.064134e-02	3.066236e-02
	3.068312e-02	3.070364e-02	3.072394e-02	3.074405e-02	3.076401e-02
	3.078384e-02	3.080357e-02	3.082321e-02	3.084278e-02	3.086229e-02
	3.088174e-02	3.090112e-02	3.092044e-02	3.093971e-02	3.095895e-02
	3.097820e-02	3.099751e-02	3.101687e-02	3.103629e-02	3.105578e-02
	3.107536e-02	3.109509e-02	3.111500e-02	3.113514e-02	3.115553e-02
	3.117619e-02	3.119715e-02	3.121843e-02	3.124001e-02	3.126185e-02
	3.128396e-02	3.130635e-02	3.132907e-02	3.135217e-02	3.137574e-02
	3.139981e-02	3.142439e-02	3.144942e-02	3.147490e-02	3.150081e-02
	3.152716e-02	3.155398e-02	3.158134e-02	3.160932e-02	3.163803e-02
	3.166756e-02	3.169797e-02	3.172930e-02	3.176170e-02	3.179536e-02
	3.183041e-02	3.186689e-02	3.190481e-02	3.194423e-02	3.198543e-02
	3.202912e-02	3.207637e-02	3.212845e-02	3.218701e-02	3.225083e-02
	3.231541e-02
cp [J/kg K]
	1.009633e+03	1.034435e+03	1.057947e+03	1.079193e+03	1.098029e+03
	1.114802e+03	1.129853e+03	1.143586e+03	1.156414e+03	1.168470e+03
	1.179793e+03	1.190591e+03	1.200953e+03	1.210869e+03	1.220468e+03
	1.229822e+03	1.238950e+03	1.247921e+03	1.256768e+03	1.265511e+03
	1.274181e+03	1.282788e+03	1.291351e+03	1.299887e+03	1.308406e+03
	1.316915e+03	1.325425e+03	1.333947e+03	1.342501e+03	1.351105e+03
	1.359762e+03	1.368466e+03	1.377233e+03	1.386097e+03	1.395072e+03
	1.404149e+03	1.413341e+03	1.422703e+03	1.432269e+03	1.442022e+03
	1.451942e+03	1.462082e+03	1.472553e+03	1.483491e+03	1.495090e+03
	1.507285e+03	1.519465e+03	1.531024e+03	1.541876e+03	1.552197e+03
	1.562142e+03	1.571801e+03	1.581155e+03	1.590134e+03	1.598721e+03
	1.606966e+03	1.614936e+03	1.622663e+03	1.630130e+03	1.637310e+03
	1.644184e+03	1.650772e+03	1.657114e+03	1.663258e+03	1.669252e+03
	1.675126e+03	1.680884e+03	1.686522e+03	1.692034e+03	1.697418e+03
	1.702679e+03	1.707823e+03	1.712864e+03	1.717817e+03	1.722697e+03
	1.727512e+03	1.732270e+03	1.736974e+03	1.741630e+03	1.746245e+03
	1.750824e+03	1.755373e+03	1.759896e+03	1.764397e+03	1.768883e+03
	1.773363e+03	1.777842e+03	1.782323e+03	1.786807e+03	1.791297e+03
	1.795795e+03	1.800298e+03	1.804808e+03	1.809326e+03	1.813860e+03
	1.818418e+03	1.823009e+03	1.827636e+03	1.832298e+03	1.837000e+03
	1.841747e+03	1.846551e+03	1.851427e+03	1.856381e+03	1.861421e+03
	1.866556e+03	1.871792e+03	1.877135e+03	1.882583e+03	1.888129e+03
	1.893772e+03	1.899520e+03	1.905387e+03	1.911389e+03	1.917546e+03
	1.923875e+03	1.930375e+03	1.937041e+03	1.943869e+03	1.950861e+03
	1.958019e+03	1.965357e+03	1.972895e+03	1.980662e+03	1.988692e+03
	1.997016e+03	2.005656e+03	2.014634e+03	2.023999e+03	2.033815e+03
	2.044133e+03	2.054979e+03	2.066368e+03	2.078340e+03	2.090992e+03
	2.104570e+03	2.119446e+03	2.136078e+03	2.155083e+03	2.176164e+03
	2.197908e+03
lambdaOverCp [kg/ms]
	2.501484e-05	2.469065e-05	2.438794e-05	2.411840e-05	2.388269e-05
	2.367539e-05	2.349149e-05	2.332545e-05	2.317187e-05	2.302886e-05
	2.289573e-05	2.276983e-05	2.264999e-05	2.253620e-05	2.242688e-05
	2.232114e-05	2.221870e-05	2.211873e-05	2.202083e-05	2.192475e-05
	2.183014e-05	2.173685e-05	2.164467e-05	2.155341e-05	2.146296e-05
	2.137322e-05	2.128409e-05	2.119544e-05	2.110706e-05	2.101879e-05
	2.093059e-05	2.084253e-05	2.075446e-05	2.066604e-05	2.057716e-05
	2.048794e-05	2.039824e-05	2.030757e-05	2.021563e-05	2.012263e-05
	2.002879e-05	1.993364e-05	1.983621e-05	1.973530e-05	1.962927e-05
	1.951886e-05	1.940966e-05	1.930702e-05	1.921152e-05	1.912147e-05
	1.903540e-05	1.895246e-05	1.887275e-05	1.879679e-05	1.872466e-05
	1.865587e-05	1.858979e-05	1.852614e-05	1.846498e-05	1.840653e-05
	1.835088e-05	1.829782e-05	1.824700e-05	1.819802e-05	1.815046e-05
	1.810407e-05	1.805880e-05	1.801468e-05	1.797173e-05	1.792995e-05
	1.788931e-05	1.784972e-05	1.781108e-05	1.777327e-05	1.773616e-05
	1.769967e-05	1.766376e-05	1.762838e-05	1.759348e-05	1.755903e-05
	1.752496e-05	1.749124e-05	1.745782e-05	1.742468e-05	1.739177e-05
	1.735901e-05	1.732638e-05	1.729385e-05	1.726140e-05	1.722902e-05
	1.719670e-05	1.716445e-05	1.713226e-05	1.710013e-05	1.706799e-05
	1.703580e-05	1.700348e-05	1.697103e-05	1.693845e-05	1.690571e-05
	1.687277e-05	1.683955e-05	1.680596e-05	1.677196e-05	1.673749e-05
	1.670252e-05	1.666700e-05	1.663089e-05	1.659423e-05	1.655706e-05
	1.651939e-05	1.648119e-05	1.644237e-05	1.640282e-05	1.636244e-05
	1.632113e-05	1.627890e-05	1.623580e-05	1.619188e-05	1.614713e-05
	1.610156e-05	1.605509e-05	1.600761e-05	1.595896e-05	1.590896e-05
	1.585744e-05	1.580429e-05	1.574941e-05	1.569255e-05	1.563336e-05
	1.557160e-05	1.550716e-05	1.544004e-05	1.537007e-05	1.529677e-05
	1.521884e-05	1.513432e-05	1.504086e-05	1.493539e-05	1.482003e-05
	1.470280e-05
mu [kg/sm]
	1.863292e-05	1.839994e-05	1.818402e-05	1.799294e-05	1.782665e-05
	1.768096e-05	1.755211e-05	1.743608e-05	1.732898e-05	1.722944e-05
	1.713692e-05	1.704955e-05	1.696650e-05	1.688772e-05	1.681212e-05
	1.673905e-05	1.666832e-05	1.659935e-05	1.653186e-05	1.646566e-05
	1.640051e-05	1.633631e-05	1.627290e-05	1.621015e-05	1.614798e-05
	1.608633e-05	1.602511e-05	1.596424e-05	1.590358e-05	1.584300e-05
	1.578248e-05	1.572207e-05	1.566167e-05	1.560104e-05	1.554009e-05
	1.547891e-05	1.541741e-05	1.535525e-05	1.529221e-05	1.522845e-05
	1.516410e-05	1.509885e-05	1.503203e-05	1.496282e-05	1.489008e-05
	1.481432e-05	1.473937e-05	1.466890e-05	1.460332e-05	1.454146e-05
	1.448232e-05	1.442531e-05	1.437050e-05	1.431826e-05	1.426863e-05
	1.422128e-05	1.417579e-05	1.413196e-05	1.408983e-05	1.404955e-05
	1.401119e-05	1.397461e-05	1.393957e-05	1.390578e-05	1.387296e-05
	1.384094e-05	1.380968e-05	1.377921e-05	1.374954e-05	1.372068e-05
	1.369258e-05	1.366522e-05	1.363850e-05	1.361234e-05	1.358667e-05
	1.356142e-05	1.353656e-05	1.351207e-05	1.348790e-05	1.346404e-05
	1.344044e-05	1.341706e-05	1.339390e-05	1.337092e-05	1.334810e-05
	1.332537e-05	1.330273e-05	1.328015e-05	1.325763e-05	1.323514e-05
	1.321270e-05	1.319029e-05	1.316793e-05	1.314559e-05	1.312325e-05
	1.310086e-05	1.307839e-05	1.305581e-05	1.303313e-05	1.301033e-05
	1.298740e-05	1.296426e-05	1.294086e-05	1.291716e-05	1.289313e-05
	1.286875e-05	1.284397e-05	1.281877e-05	1.279318e-05	1.276722e-05
	1.274092e-05	1.271422e-05	1.268709e-05	1.265944e-05	1.263119e-05
	1.260228e-05	1.257272e-05	1.254254e-05	1.251177e-05	1.248041e-05
	1.244845e-05	1.241585e-05	1.238253e-05	1.234837e-05	1.231324e-05
	1.227703e-05	1.223965e-05	1.220103e-05	1.216100e-05	1.211930e-05
	1.207576e-05	1.203031e-05	1.198292e-05	1.193349e-05	1.188167e-05
	1.182652e-05	1.176666e-05	1.170039e-05	1.162554e-05	1.154355e-05
	1.146011e-05
ProdRateCO2 [kg/m^3s]
	0.000000e+00	1.505068e-53	1.429872e-53	1.365211e-53	1.310350e-53
	3.172533e-26	1.384680e-27	8.302907e-29	6.377589e-30	6.062437e-31
	6.954873e-32	9.267561e-33	1.405822e-33	2.403785e-34	4.521354e-35
	9.222581e-36	2.022312e-36	4.707226e-37	1.154103e-37	2.964191e-38
	7.924238e-39	2.197546e-39	6.293975e-40	1.855250e-40	5.614373e-41
	1.740015e-41	5.511353e-42	1.779226e-42	5.836929e-43	1.941071e-43
	6.537539e-44	2.229791e-44	7.683046e-45	2.664044e-45	9.282260e-46
	3.251755e-46	1.143037e-46	4.010032e-47	1.400138e-47	4.875424e-48
	1.695092e-48	5.852555e-49	1.986758e-49	6.556825e-50	2.082640e-50
	6.504944e-51	2.151065e-51	8.220823e-52	3.872937e-52	2.314449e-52
	1.701959e-52	1.434086e-52	1.299519e-52	1.219320e-52	1.162666e-52
	1.117061e-52	1.077191e-52	1.040807e-52	1.007007e-52	9.754455e-53
	9.459394e-53	9.182443e-53	8.920919e-53	8.672205e-53	8.433830e-53
	8.204305e-53	7.983187e-53	7.770419e-53	7.565920e-53	7.369498e-53
	7.180811e-53	6.999331e-53	6.824386e-53	6.655274e-53	6.491380e-53
	6.332231e-53	6.177501e-53	6.026947e-53	5.880320e-53	5.737334e-53
	5.597707e-53	5.461213e-53	5.327680e-53	5.196931e-53	5.068718e-53
	4.942774e-53	4.818930e-53	4.697094e-53	4.577186e-53	4.459137e-53
	4.342919e-53	4.228554e-53	4.116028e-53	4.005246e-53	3.896067e-53
	3.788285e-53	3.681709e-53	3.576308e-53	3.472098e-53	3.369047e-53
	3.267046e-53	3.165875e-53	3.065328e-53	2.965316e-53	2.865779e-53
	2.766661e-53	2.667928e-53	2.569589e-53	2.471808e-53	2.374829e-53
	2.278777e-53	2.183642e-53	2.089335e-53	1.995743e-53	1.902748e-53
	1.810343e-53	1.718763e-53	1.628348e-53	1.539392e-53	1.452164e-53
	1.366901e-53	1.283796e-53	1.203009e-53	1.124730e-53	1.049250e-53
	9.770729e-54	9.090314e-54	8.462796e-54	7.902635e-54	7.431632e-54
	7.085196e-54	6.919366e-54	7.022927e-54	7.543093e-54	8.747682e-54
	1.119118e-53	1.616905e-53	1.103914e-53	3.084241e-54	8.981395e-57
	0.000000e+00
ProdRateH2O [kg/m^3s]
	0.000000e+00	7.312126e-57	1.381163e-56	1.934672e-56	2.400159e-56
	9.774175e-53	3.136399e-56	3.435761e-56	3.705938e-56	3.951843e-56
	7.905250e-53	4.383685e-56	4.577704e-56	4.758618e-56	1.185049e-52
	5.091916e-56	5.246786e-56	5.395543e-56	5.538958e-56	1.989043e-53
	5.812018e-56	5.942616e-56	9.231593e-28	1.862310e-27	2.721298e-27
	3.506966e-27	4.225446e-27	4.882538e-27	5.483828e-27	6.034077e-27
	6.536595e-27	6.994078e-27	7.410107e-27	7.788581e-27	8.131974e-27
	8.441654e-27	8.719805e-27	8.969359e-27	9.192043e-27	9.388219e-27
	9.558502e-27	9.704655e-27	9.828503e-27	9.931111e-27	1.001276e-26
	1.007134e-26	1.010472e-26	1.011547e-26	1.010870e-26	1.008842e-26
	1.005712e-26	1.001652e-26	9.968335e-27	9.914441e-27	9.856366e-27
	9.794977e-27	9.730693e-27	9.664016e-27	9.595709e-27	9.526643e-27
	9.457557e-27	9.388749e-27	9.320220e-27	9.251789e-27	9.183156e-27
	9.114181e-27	9.044979e-27	8.975764e-27	8.906739e-27	8.838062e-27
	8.769824e-27	8.702034e-27	8.634616e-27	8.567455e-27	8.500436e-27
	8.433482e-27	8.366557e-27	8.299648e-27	8.232733e-27	8.165759e-27
	8.098663e-27	8.031399e-27	7.963939e-27	7.896245e-27	7.828233e-27
	7.759797e-27	7.690874e-27	7.621437e-27	7.551462e-27	7.480928e-27
	7.409834e-27	7.338215e-27	7.266078e-27	7.193382e-27	7.120047e-27
	7.045937e-27	6.970918e-27	6.894958e-27	6.818057e-27	6.740177e-27
	6.661223e-27	6.580994e-27	6.499288e-27	6.415980e-27	6.330960e-27
	6.244113e-27	6.155333e-27	6.064551e-27	5.971839e-27	5.877362e-27
	5.781190e-27	5.683264e-27	5.583441e-27	5.481542e-27	5.377376e-27
	5.270872e-27	5.162268e-27	5.051987e-27	4.940485e-27	4.828287e-27
	4.716017e-27	4.604402e-27	4.494375e-27	4.387252e-27	4.285046e-27
	4.190944e-27	4.109983e-27	4.049889e-27	4.022602e-27	4.047934e-27
	4.159664e-27	4.416387e-27	4.923680e-27	5.883751e-27	7.721151e-27
	1.145682e-26	1.995849e-26	1.755015e-26	7.192995e-27	1.117251e-55
	0.000000e+00
ProdRateCO [kg/m^3s]
	0.000000e+00	7.257041e-26	1.926820e-25	1.566135e-24	6.039058e-24
	5.991827e-24	8.066639e-26	3.880176e-26	4.059045e-30	3.858466e-31
	4.426460e-32	5.898381e-33	9.665459e-27	1.518505e-25	2.877637e-35
	9.396821e-29	3.527971e-27	3.769142e-26	3.600506e-25	1.886573e-38
	4.306282e-25	1.205835e-27	4.005829e-40	1.180782e-40	3.573293e-41
	1.107440e-41	3.507725e-42	1.132396e-42	3.714940e-43	1.235403e-43
	4.160846e-44	1.419161e-44	4.889909e-45	1.695543e-45	5.907734e-46
	2.069592e-46	7.274884e-47	2.552180e-47	8.911011e-48	3.102757e-48
	1.078624e-48	3.722686e-49	1.262309e-49	4.151899e-50	1.304975e-50
	3.942342e-51	1.179120e-51	3.417129e-52	7.320435e-53	-1.958956e-53
	-5.245088e-53	-6.361577e-53	-6.655444e-53	-6.633634e-53	-6.493156e-53
	-6.978111e-53	-7.043160e-53	-6.765894e-53	-5.681805e-53	-4.023666e-53
	-3.547238e-53	-3.349217e-53	-2.800801e-53	-2.281258e-53	-1.865559e-53
	-1.830029e-53	-1.905410e-53	-2.040322e-53	-2.172308e-53	-2.109796e-53
	-1.984344e-53	-1.899360e-53	-2.037748e-53	-2.353695e-53	-2.779916e-53
	-3.217790e-53	-4.749070e-53	-5.323252e-53	-5.978598e-53	-6.866786e-53
	-7.116258e-53	-6.605928e-53	-4.931628e-53	-3.592421e-53	-3.168862e-53
	-3.409572e-53	-3.437459e-53	-2.944030e-53	-2.887383e-53	-2.776215e-53
	-2.577602e-53	-2.282136e-53	-2.337707e-53	-2.108252e-53	-1.980897e-53
	-2.480485e-53	-2.673393e-53	-2.643349e-53	-2.605654e-53	-2.208743e-53
	-2.352013e-53	-2.205545e-53	-2.186025e-53	-2.118234e-53	-2.019584e-53
	-1.626767e-53	-1.638861e-53	-1.483917e-53	-1.494469e-53	-1.490402e-53
	-1.166275e-53	-1.112440e-53	-1.059208e-53	-1.006522e-53	-1.208809e-53
	-9.026281e-54	-8.515749e-54	-1.032516e-53	-9.752801e-54	-9.080918e-54
	-8.296074e-54	-7.769037e-54	-7.372393e-54	-7.265155e-54	-6.981863e-54
	-6.276706e-54	-5.338287e-54	-4.781320e-54	-4.446167e-54	-4.418991e-54
	-4.405734e-54	-4.502269e-54	-4.462642e-54	-4.970950e-54	-5.647790e-54
	-7.115267e-54	-1.028741e-53	-7.028095e-54	-1.960291e-54	3.125785e-56
	0.000000e+00
ProdRateH2 [kg/m^3s]
	0.000000e+00	8.481917e-61	1.600633e-60	2.231734e-60	2.732726e-60
	1.212903e-33	3.617328e-60	3.961520e-60	4.273041e-60	4.556225e-60
	2.789224e-33	5.053498e-60	5.276956e-60	5.481364e-60	9.129178e-33
	5.869381e-60	6.047855e-60	6.219133e-60	6.369811e-60	1.311653e-32
	1.020459e-33	6.850313e-60	6.993504e-60	3.972852e-34	2.743522e-34
	4.697321e-34	9.097600e-34	2.283438e-33	5.270555e-33	1.205199e-32
	2.749000e-32	6.230426e-32	6.736875e-32	8.397892e-60	8.516186e-60
	8.633502e-60	8.749779e-60	2.450618e-32	1.173682e-32	9.097313e-60
	4.800278e-34	9.326364e-60	4.153832e-32	5.705493e-32	5.482441e-32
	5.193244e-32	4.703771e-32	2.588074e-32	1.013724e-59	1.023139e-59
	1.031997e-59	1.040407e-59	1.048328e-59	1.055717e-59	1.062600e-59
	1.069016e-59	1.004985e-31	1.825033e-31	1.696050e-31	1.091779e-59
	1.096744e-59	1.101444e-59	1.105866e-59	1.110071e-59	1.114116e-59
	1.117993e-59	1.121707e-59	1.125232e-59	1.128603e-59	1.131823e-59
	1.134899e-59	1.137817e-59	1.140590e-59	1.143273e-59	1.145847e-59
	1.148336e-59	3.608392e-31	5.149781e-31	7.267640e-31	1.022936e-30
	1.143006e-30	1.008950e-30	5.152702e-31	1.150417e-31	1.169544e-59
	1.035532e-31	1.409938e-31	1.176280e-59	1.178515e-59	1.180707e-59
	1.182883e-59	1.185026e-59	1.487549e-31	2.107230e-31	2.940865e-31
	5.559099e-31	6.347442e-31	6.042037e-31	5.668913e-31	3.771147e-31
	3.886121e-31	2.768583e-31	2.565025e-31	2.346617e-31	2.040043e-31
	4.342575e-32	5.480357e-32	1.220606e-59	1.222983e-59	1.225357e-59
	1.227695e-59	1.230006e-59	1.232286e-59	1.234580e-59	1.236872e-59
	1.239145e-59	1.241409e-59	1.243669e-59	1.245912e-59	1.248143e-59
	1.250353e-59	1.252545e-59	1.254705e-59	2.436375e-32	5.024434e-32
	3.544271e-32	6.701717e-33	1.265803e-59	1.268062e-59	1.270347e-59
	1.272676e-59	1.392463e-32	2.516624e-33	2.792793e-32	1.570107e-32
	1.284766e-59	1.287326e-59	3.025156e-33	2.913169e-33	7.220052e-34
	0.000000e+00
TotalEnthalpy [J/kg]
	1.900584e+03	-9.548993e+04	-1.878182e+05	-2.712483e+05	-3.452119e+05
	-4.110782e+05	-4.701819e+05	-5.241086e+05	-5.744797e+05	-6.218216e+05
	-6.662838e+05	-7.086871e+05	-7.493782e+05	-7.883173e+05	-8.260098e+05
	-8.627407e+05	-8.985834e+05	-9.338118e+05	-9.685519e+05	-1.002886e+06
	-1.036929e+06	-1.070729e+06	-1.104354e+06	-1.137875e+06	-1.171324e+06
	-1.204739e+06	-1.238154e+06	-1.271619e+06	-1.305210e+06	-1.338998e+06
	-1.372992e+06	-1.407171e+06	-1.441596e+06	-1.476403e+06	-1.511648e+06
	-1.547290e+06	-1.583385e+06	-1.620147e+06	-1.657713e+06	-1.696010e+06
	-1.734964e+06	-1.774784e+06	-1.815900e+06	-1.858853e+06	-1.904401e+06
	-1.952288e+06	-2.000117e+06	-2.045507e+06	-2.088119e+06	-2.128647e+06
	-2.167701e+06	-2.205631e+06	-2.242362e+06	-2.277620e+06	-2.311341e+06
	-2.343715e+06	-2.375015e+06	-2.405354e+06	-2.434678e+06	-2.462871e+06
	-2.489864e+06	-2.515735e+06	-2.540640e+06	-2.564765e+06	-2.588303e+06
	-2.611369e+06	-2.633980e+06	-2.656117e+06	-2.677762e+06	-2.698907e+06
	-2.719563e+06	-2.739764e+06	-2.759559e+06	-2.779010e+06	-2.798170e+06
	-2.817078e+06	-2.835761e+06	-2.854235e+06	-2.872519e+06	-2.890638e+06
	-2.908619e+06	-2.926482e+06	-2.944244e+06	-2.961919e+06	-2.979537e+06
	-2.997129e+06	-3.014717e+06	-3.032310e+06	-3.049919e+06	-3.067553e+06
	-3.085214e+06	-3.102897e+06	-3.120604e+06	-3.138349e+06	-3.156153e+06
	-3.174051e+06	-3.192080e+06	-3.210247e+06	-3.228556e+06	-3.247018e+06
	-3.265658e+06	-3.284525e+06	-3.303670e+06	-3.323124e+06	-3.342917e+06
	-3.363079e+06	-3.383639e+06	-3.404620e+06	-3.426014e+06	-3.447792e+06
	-3.469951e+06	-3.492523e+06	-3.515560e+06	-3.539130e+06	-3.563310e+06
	-3.588162e+06	-3.613687e+06	-3.639862e+06	-3.666676e+06	-3.694129e+06
	-3.722239e+06	-3.751054e+06	-3.780655e+06	-3.811155e+06	-3.842685e+06
	-3.875371e+06	-3.909300e+06	-3.944556e+06	-3.981329e+06	-4.019874e+06
	-4.060391e+06	-4.102981e+06	-4.147706e+06	-4.194716e+06	-4.244400e+06
	-4.297716e+06	-4.356131e+06	-4.421446e+06	-4.496072e+06	-4.578854e+06
	-4.664239e+06
HeatRelease [J/m^3 s]
	0.000000e+00	1.152672e-18	3.044174e-18	2.478227e-17	9.616262e-17
	9.659426e-17	5.807557e-19	6.142160e-19	-4.038266e-21	-4.336843e-21
	1.381906e-18	2.849510e-20	7.158019e-20	2.600505e-18	4.084406e-18
	-4.787237e-21	2.089864e-20	2.876183e-19	6.895330e-18	5.294597e-18
	8.808527e-18	3.770749e-22	-2.784049e-21	1.493894e-19	1.042418e-19
	1.757846e-19	3.317061e-19	8.083789e-19	1.822334e-18	4.080771e-18
	9.128929e-18	2.030804e-17	2.157024e-17	1.974729e-20	2.088103e-20
	2.190587e-20	2.282912e-20	7.170152e-18	3.380896e-18	2.506715e-20
	1.575002e-19	2.614786e-20	1.096144e-17	1.470926e-17	1.379804e-17
	1.274191e-17	1.125069e-17	6.052456e-18	2.773400e-20	2.771154e-20
	2.765349e-20	2.756565e-20	2.745329e-20	2.732203e-20	2.717656e-20
	2.701976e-20	1.945506e-17	3.468391e-17	3.167918e-17	2.631446e-20
	2.612975e-20	2.594497e-20	2.576026e-20	2.557526e-20	2.538922e-20
	2.520184e-20	2.501347e-20	2.482475e-20	2.463626e-20	2.444847e-20
	2.426166e-20	2.407590e-20	2.389098e-20	2.370662e-20	2.352252e-20
	2.333848e-20	5.222637e-17	7.359019e-17	1.025447e-16	1.425203e-16
	1.572558e-16	1.370778e-16	6.913860e-17	1.525910e-17	2.167105e-20
	1.339161e-17	1.799224e-17	2.110038e-20	2.090722e-20	2.071249e-20
	2.051621e-20	2.031845e-20	1.752276e-17	2.447343e-17	3.367281e-17
	6.273643e-17	7.060303e-17	6.622601e-17	6.121428e-17	4.011169e-17
	4.069578e-17	2.854002e-17	2.601435e-17	2.340425e-17	1.999988e-17
	4.195623e-18	5.193771e-18	1.680466e-20	1.654958e-20	1.628983e-20
	1.602566e-20	1.575693e-20	1.548334e-20	1.520445e-20	1.491986e-20
	1.462949e-20	1.433415e-20	1.403523e-20	1.373420e-20	1.343286e-20
	1.313333e-20	1.283819e-20	1.255078e-20	1.469853e-18	2.896420e-18
	1.958275e-18	3.624910e-19	1.151501e-20	1.152577e-20	1.171768e-20
	1.220424e-20	5.436121e-19	1.027978e-19	8.994417e-19	4.651861e-19
	3.726523e-20	6.585045e-20	1.061539e-19	5.545070e-20	3.738230e-21
	0.000000e+00
trailer
N2	0.921269
O2	1.05235
H	0.173247
OH	0.668119
O	0.65527
H2	0.27173
H2O	0.911603
HO2	1.02955
H2O2	1.03673
CO	1.03114
CO2	1.35631
CH	0.611797
CHO	1.35646
CH2	0.908822
CH2O	1.36795
CH3	0.946368
CH4	0.949835
C2H6	1.44507
C2H	1.26671
C2H2	1.28003
CHCO	0.846248
C3H3	1.8287
C2H3	1.29274
C2H4	1.32935
C2H5	1.43296
C3H4	1.72617
C3H5	1.78275
C3H6	1.85648
N-C3H7	1.8654
I-C3H7	1.8654
C3H8	1.8742
