header

title = "planar counterflow diffusion flame"
mechanism = "C3H8.82.pre"
author = ""
date = "Wed Aug 14 14:43:07 2013"

fuel = "CH4"
pressure = 1 [bar]
chi_st = 1 [1/s]
FlameLoc = 5.53848e-321
Tmax = 300 [K]

FuelSide
begin
	Temperature = 300 [K]
	Massfraction-CH4 = 1
end

OxidizerSide
begin
	Temperature = 300 [K]
	Massfraction-N2 = 0.76708
	Massfraction-O2 = 0.23292
end

numOfSpecies = 31
gridPoints = 141

body
Z
	0.000000e+00	1.073879e-02	2.147758e-02	3.221636e-02	4.283576e-02
	5.312471e-02	6.311094e-02	7.300551e-02	8.290008e-02	9.243917e-02
	1.011507e-01	1.092736e-01	1.172800e-01	1.252863e-01	1.332927e-01
	1.409890e-01	1.479902e-01	1.545315e-01	1.609980e-01	1.674644e-01
	1.739308e-01	1.803972e-01	1.867791e-01	1.928850e-01	1.986924e-01
	2.043928e-01	2.100932e-01	2.157936e-01	2.214941e-01	2.271945e-01
	2.328901e-01	2.385269e-01	2.440602e-01	2.495441e-01	2.550279e-01
	2.605118e-01	2.659957e-01	2.714796e-01	2.769634e-01	2.824473e-01
	2.879312e-01	2.934151e-01	2.988989e-01	3.043828e-01	3.098667e-01
	3.153506e-01	3.208344e-01	3.263183e-01	3.318345e-01	3.374279e-01
	3.430786e-01	3.487418e-01	3.544050e-01	3.600682e-01	3.657314e-01
	3.713947e-01	3.770820e-01	3.828705e-01	3.887891e-01	3.947607e-01
	4.007323e-01	4.067039e-01	4.126756e-01	4.186472e-01	4.246398e-01
	4.307156e-01	4.368945e-01	4.431146e-01	4.493347e-01	4.555548e-01
	4.617749e-01	4.679950e-01	4.742212e-01	4.804623e-01	4.867151e-01
	4.929708e-01	4.992265e-01	5.054821e-01	5.117378e-01	5.179918e-01
	5.242208e-01	5.304045e-01	5.365665e-01	5.427285e-01	5.488905e-01
	5.550525e-01	5.612144e-01	5.673764e-01	5.735384e-01	5.797004e-01
	5.858624e-01	5.920244e-01	5.981864e-01	6.043483e-01	6.105103e-01
	6.166831e-01	6.228841e-01	6.291095e-01	6.353416e-01	6.415736e-01
	6.478057e-01	6.540378e-01	6.602699e-01	6.665556e-01	6.729499e-01
	6.794008e-01	6.858531e-01	6.923054e-01	6.987577e-01	7.052100e-01
	7.117344e-01	7.184521e-01	7.253405e-01	7.322783e-01	7.392161e-01
	7.461539e-01	7.530917e-01	7.601887e-01	7.676632e-01	7.754147e-01
	7.832253e-01	7.910359e-01	7.988464e-01	8.068755e-01	8.154683e-01
	8.245330e-01	8.337244e-01	8.429158e-01	8.523460e-01	8.625434e-01
	8.735586e-01	8.848631e-01	8.963046e-01	9.084541e-01	9.216087e-01
	9.351974e-01	9.486315e-01	9.617008e-01	9.745043e-01	9.872521e-01
	1.000000e+00
temperature [K]
	3.000000e+02	3.000000e+02	3.000000e+02	2.999999e+02	2.999999e+02
	2.999999e+02	2.999999e+02	2.999999e+02	2.999999e+02	2.999998e+02
	2.999998e+02	2.999998e+02	2.999998e+02	2.999998e+02	2.999998e+02
	2.999998e+02	2.999998e+02	2.999998e+02	2.999998e+02	2.999998e+02
	2.999998e+02	2.999998e+02	2.999998e+02	2.999998e+02	2.999998e+02
	2.999998e+02	2.999998e+02	2.999998e+02	2.999998e+02	2.999998e+02
	2.999998e+02	2.999998e+02	2.999998e+02	2.999998e+02	2.999998e+02
	2.999998e+02	2.999998e+02	2.999998e+02	2.999998e+02	2.999998e+02
	2.999998e+02	2.999998e+02	2.999998e+02	2.999998e+02	2.999998e+02
	2.999998e+02	2.999998e+02	2.999998e+02	2.999998e+02	2.999998e+02
	2.999998e+02	2.999998e+02	2.999998e+02	2.999998e+02	2.999998e+02
	2.999998e+02	2.999998e+02	2.999998e+02	2.999998e+02	2.999998e+02
	2.999998e+02	2.999998e+02	2.999998e+02	2.999998e+02	2.999998e+02
	2.999998e+02	2.999998e+02	2.999998e+02	2.999998e+02	2.999998e+02
	2.999998e+02	2.999998e+02	2.999998e+02	2.999998e+02	2.999998e+02
	2.999998e+02	2.999998e+02	2.999998e+02	2.999998e+02	2.999998e+02
	2.999998e+02	2.999998e+02	2.999998e+02	2.999998e+02	2.999998e+02
	2.999998e+02	2.999998e+02	2.999998e+02	2.999998e+02	2.999999e+02
	2.999999e+02	2.999999e+02	2.999999e+02	2.999999e+02	2.999999e+02
	2.999999e+02	2.999999e+02	2.999999e+02	2.999999e+02	2.999999e+02
	2.999999e+02	2.999999e+02	2.999999e+02	2.999999e+02	2.999999e+02
	2.999999e+02	2.999999e+02	2.999999e+02	2.999999e+02	2.999999e+02
	2.999999e+02	2.999999e+02	2.999999e+02	2.999999e+02	2.999999e+02
	2.999999e+02	2.999999e+02	2.999999e+02	2.999999e+02	2.999999e+02
	2.999999e+02	2.999999e+02	2.999999e+02	2.999999e+02	2.999999e+02
	2.999999e+02	2.999999e+02	2.999999e+02	2.999999e+02	3.000000e+02
	3.000000e+02	3.000000e+02	3.000000e+02	3.000000e+02	3.000000e+02
	3.000000e+02	3.000000e+02	3.000000e+02	3.000000e+02	3.000000e+02
	3.000000e+02
massfraction-N2
	7.670796e-01	7.588421e-01	7.506046e-01	7.423671e-01	7.342212e-01
	7.263287e-01	7.186685e-01	7.110786e-01	7.034887e-01	6.961714e-01
	6.894890e-01	6.832580e-01	6.771165e-01	6.709750e-01	6.648335e-01
	6.589299e-01	6.535593e-01	6.485416e-01	6.435814e-01	6.386211e-01
	6.336608e-01	6.287006e-01	6.238052e-01	6.191215e-01	6.146667e-01
	6.102940e-01	6.059214e-01	6.015487e-01	5.971760e-01	5.928034e-01
	5.884343e-01	5.841105e-01	5.798660e-01	5.756595e-01	5.714529e-01
	5.672463e-01	5.630397e-01	5.588332e-01	5.546266e-01	5.504200e-01
	5.462135e-01	5.420069e-01	5.378003e-01	5.335938e-01	5.293872e-01
	5.251806e-01	5.209741e-01	5.167675e-01	5.125361e-01	5.082456e-01
	5.039110e-01	4.995669e-01	4.952228e-01	4.908786e-01	4.865345e-01
	4.821903e-01	4.778277e-01	4.733875e-01	4.688475e-01	4.642667e-01
	4.596860e-01	4.551053e-01	4.505246e-01	4.459439e-01	4.413471e-01
	4.366865e-01	4.319467e-01	4.271754e-01	4.224041e-01	4.176328e-01
	4.128615e-01	4.080902e-01	4.033142e-01	3.985268e-01	3.937304e-01
	3.889318e-01	3.841332e-01	3.793346e-01	3.745360e-01	3.697387e-01
	3.649606e-01	3.602171e-01	3.554904e-01	3.507637e-01	3.460369e-01
	3.413102e-01	3.365835e-01	3.318567e-01	3.271300e-01	3.224033e-01
	3.176765e-01	3.129498e-01	3.082231e-01	3.034963e-01	2.987696e-01
	2.940346e-01	2.892779e-01	2.845026e-01	2.797221e-01	2.749415e-01
	2.701610e-01	2.653805e-01	2.606000e-01	2.557784e-01	2.508734e-01
	2.459251e-01	2.409757e-01	2.360262e-01	2.310768e-01	2.261274e-01
	2.211227e-01	2.159697e-01	2.106857e-01	2.053638e-01	2.000420e-01
	1.947201e-01	1.893983e-01	1.839543e-01	1.782209e-01	1.722748e-01
	1.662834e-01	1.602921e-01	1.543008e-01	1.481419e-01	1.415505e-01
	1.345972e-01	1.275467e-01	1.204961e-01	1.132624e-01	1.054401e-01
	9.699065e-02	8.831913e-02	7.954260e-02	7.022301e-02	6.013239e-02
	4.970877e-02	3.940374e-02	2.937854e-02	1.955726e-02	9.778629e-03
	1.000000e-60
massfraction-O2
	2.329204e-01	2.304191e-01	2.279178e-01	2.254165e-01	2.229431e-01
	2.205466e-01	2.182206e-01	2.159159e-01	2.136113e-01	2.113894e-01
	2.093603e-01	2.074683e-01	2.056035e-01	2.037386e-01	2.018738e-01
	2.000812e-01	1.984505e-01	1.969268e-01	1.954207e-01	1.939145e-01
	1.924084e-01	1.909022e-01	1.894157e-01	1.879935e-01	1.866409e-01
	1.853131e-01	1.839854e-01	1.826576e-01	1.813299e-01	1.800022e-01
	1.786755e-01	1.773626e-01	1.760738e-01	1.747965e-01	1.735192e-01
	1.722419e-01	1.709646e-01	1.696873e-01	1.684100e-01	1.671326e-01
	1.658553e-01	1.645780e-01	1.633007e-01	1.620234e-01	1.607461e-01
	1.594688e-01	1.581915e-01	1.569142e-01	1.556294e-01	1.543266e-01
	1.530104e-01	1.516913e-01	1.503722e-01	1.490532e-01	1.477341e-01
	1.464150e-01	1.450903e-01	1.437421e-01	1.423635e-01	1.409726e-01
	1.395817e-01	1.381907e-01	1.367998e-01	1.354089e-01	1.340131e-01
	1.325979e-01	1.311587e-01	1.297100e-01	1.282612e-01	1.268124e-01
	1.253636e-01	1.239148e-01	1.224646e-01	1.210109e-01	1.195545e-01
	1.180974e-01	1.166404e-01	1.151833e-01	1.137262e-01	1.122695e-01
	1.108187e-01	1.093784e-01	1.079431e-01	1.065079e-01	1.050726e-01
	1.036374e-01	1.022021e-01	1.007668e-01	9.933160e-02	9.789634e-02
	9.646109e-02	9.502584e-02	9.359059e-02	9.215534e-02	9.072008e-02
	8.928232e-02	8.783797e-02	8.638797e-02	8.493638e-02	8.348480e-02
	8.203322e-02	8.058164e-02	7.913006e-02	7.766600e-02	7.617662e-02
	7.467409e-02	7.317121e-02	7.166834e-02	7.016547e-02	6.866259e-02
	6.714294e-02	6.557825e-02	6.397379e-02	6.235783e-02	6.074188e-02
	5.912592e-02	5.750997e-02	5.585693e-02	5.411599e-02	5.231048e-02
	5.049124e-02	4.867201e-02	4.685277e-02	4.498263e-02	4.298120e-02
	4.086985e-02	3.872899e-02	3.658812e-02	3.439162e-02	3.201644e-02
	2.945079e-02	2.681772e-02	2.415276e-02	2.132291e-02	1.825894e-02
	1.509385e-02	1.196477e-02	8.920667e-03	5.938476e-03	2.969238e-03
	1.000000e-60
massfraction-H
	1.000000e-60	3.563752e-22	7.127503e-22	1.069126e-21	1.421539e-21
	8.222023e-19	2.310657e-18	3.785449e-18	5.260241e-18	6.682048e-18
	1.680898e-17	3.014848e-17	4.329655e-17	5.644462e-17	6.959269e-17
	8.223158e-17	7.611553e-17	6.441185e-17	5.284222e-17	4.127259e-17
	2.970296e-17	1.813333e-17	6.714921e-18	9.606110e-20	8.612677e-20
	7.637551e-20	6.662426e-20	5.687300e-20	4.712175e-20	3.737049e-20
	2.762736e-20	1.476612e-19	1.800361e-18	3.438311e-18	5.076260e-18
	6.714209e-18	8.352159e-18	9.990108e-18	1.162806e-17	1.326601e-17
	1.357992e-17	1.194265e-17	1.030538e-17	8.668116e-18	7.030847e-18
	5.393579e-18	3.756310e-18	2.119042e-18	4.721247e-19	2.255317e-20
	1.967903e-20	1.679853e-20	1.391802e-20	1.103752e-20	8.157016e-21
	5.276512e-21	2.383761e-21	8.044762e-21	3.158752e-20	5.534118e-20
	7.909485e-20	1.028485e-19	1.266022e-19	1.503558e-19	1.741930e-19
	1.813053e-19	1.567332e-19	1.319976e-19	1.072620e-19	8.252637e-20
	5.779076e-20	3.305516e-20	8.295416e-21	1.930355e-21	4.076779e-21
	6.224172e-21	8.371565e-21	1.051896e-20	1.266635e-20	1.481318e-20
	1.666543e-20	1.448788e-20	1.231801e-20	1.014813e-20	7.978253e-21
	5.808377e-21	3.638500e-21	1.468624e-21	3.990642e-23	3.464802e-23
	2.938898e-23	2.413108e-23	1.887277e-23	1.361446e-23	8.355789e-24
	3.088680e-24	2.701894e-23	6.912383e-23	1.112737e-22	1.534236e-22
	1.955745e-22	2.377240e-22	2.798743e-22	3.223875e-22	2.806193e-22
	2.369657e-22	1.933025e-22	1.496395e-22	1.059759e-22	6.231277e-23
	1.816197e-23	1.061680e-24	1.334121e-24	1.608147e-24	1.882411e-24
	2.156495e-24	2.431274e-24	2.711351e-24	2.611991e-24	2.386776e-24
	2.159403e-24	1.932344e-24	1.705495e-24	1.471955e-24	1.220979e-24
	9.554133e-25	6.859707e-25	4.167798e-25	1.404613e-25	4.488253e-27
	1.385889e-26	2.330796e-26	3.295338e-26	3.693482e-26	2.584606e-26
	1.442628e-26	3.145657e-27	2.577131e-30	3.515010e-30	1.135439e-30
	1.000000e-60
massfraction-OH
	1.000000e-60	6.283534e-28	9.044204e-28	1.042558e-27	7.296565e-28
	1.000000e-60	1.000000e-60	1.000000e-60	1.000000e-60	1.000000e-60
	1.000000e-60	1.000000e-60	1.000000e-60	1.000000e-60	1.000000e-60
	1.000000e-60	1.000000e-60	1.000000e-60	1.000000e-60	1.000000e-60
	1.000000e-60	1.000000e-60	1.000000e-60	1.000000e-60	1.000000e-60
	1.000000e-60	2.932484e-27	4.858264e-27	3.040096e-27	1.000000e-60
	1.000000e-60	1.000000e-60	1.391976e-28	1.000000e-60	1.000000e-60
	1.000000e-60	1.000000e-60	1.000000e-60	1.000000e-60	1.000000e-60
	1.000000e-60	1.000000e-60	1.000000e-60	1.000000e-60	3.906197e-30
	3.107851e-27	5.981880e-27	8.522407e-27	1.057205e-26	1.186879e-26
	1.257288e-26	1.290238e-26	1.297395e-26	1.290686e-26	1.278496e-26
	1.268103e-26	1.265115e-26	1.269216e-26	1.277288e-26	1.285010e-26
	1.293787e-26	1.296600e-26	1.291298e-26	1.274961e-26	1.253165e-26
	1.233784e-26	1.222862e-26	1.219987e-26	1.224422e-26	1.233885e-26
	1.245014e-26	1.252514e-26	1.250381e-26	6.109323e-23	1.505000e-22
	2.399471e-22	3.293942e-22	4.188412e-22	5.082882e-22	5.977117e-22
	6.750167e-22	5.865974e-22	4.984894e-22	4.103815e-22	3.222736e-22
	2.341657e-22	1.460578e-22	5.794986e-23	9.728182e-27	9.499990e-27
	9.248488e-27	8.987453e-27	8.723861e-27	8.460963e-27	8.199950e-27
	7.940061e-27	7.678327e-27	7.416405e-27	7.157920e-27	6.904410e-27
	6.656399e-27	6.414030e-27	6.177223e-27	5.943580e-27	5.710294e-27
	5.478047e-27	5.259048e-27	5.045180e-27	4.839205e-27	4.638342e-27
	4.435681e-27	4.236431e-27	4.038854e-27	3.848070e-27	3.660397e-27
	3.477293e-27	3.301455e-27	3.127928e-27	2.950172e-27	2.775045e-27
	2.605507e-27	2.438984e-27	2.276975e-27	2.118241e-27	1.575849e-23
	3.978541e-23	6.414820e-23	8.851099e-23	1.135069e-22	1.216287e-22
	1.122612e-22	1.026475e-22	9.291748e-23	8.024623e-23	6.072538e-23
	4.056032e-23	2.062470e-23	1.211303e-23	8.063610e-24	4.031795e-24
	1.000000e-60
massfraction-O
	1.000000e-60	2.171593e-25	4.206379e-25	6.011669e-25	6.931182e-25
	8.399588e-25	9.909559e-25	1.137786e-24	1.272091e-24	1.393029e-24
	1.625496e-24	1.800595e-24	1.933012e-24	2.221141e-24	2.751376e-24
	3.194903e-24	3.580092e-24	3.972751e-24	4.353449e-24	4.780640e-24
	5.092361e-24	5.563923e-24	5.854729e-24	6.233226e-24	6.653390e-24
	6.850194e-24	6.892354e-24	6.892469e-24	6.933703e-24	6.901637e-24
	6.966968e-24	6.922912e-24	7.269111e-24	7.546625e-24	7.697099e-24
	7.866566e-24	8.092456e-24	8.261998e-24	8.511572e-24	8.691831e-24
	9.028642e-24	9.275754e-24	9.599232e-24	9.841018e-24	9.986331e-24
	9.953093e-24	9.937125e-24	9.964112e-24	9.957767e-24	9.888196e-24
	9.852121e-24	9.814403e-24	9.589238e-24	9.346128e-24	9.089571e-24
	8.885207e-24	8.875072e-24	8.987521e-24	9.157084e-24	9.201586e-24
	9.425089e-24	9.504035e-24	9.537861e-24	9.317138e-24	9.009310e-24
	8.758401e-24	8.681609e-24	8.663731e-24	8.725704e-24	8.843753e-24
	9.008398e-24	9.158742e-24	9.072116e-24	8.967224e-24	8.993342e-24
	8.815489e-24	8.697548e-24	8.528681e-24	8.329042e-24	8.113394e-24
	7.914585e-24	7.764107e-24	7.561113e-24	7.306171e-24	7.108055e-24
	6.982331e-24	6.806029e-24	6.660919e-24	6.480276e-24	6.303891e-24
	6.115786e-24	5.931233e-24	5.750436e-24	5.573139e-24	5.399288e-24
	5.228814e-24	5.061381e-24	4.896898e-24	4.735794e-24	4.577966e-24
	4.423364e-24	4.271930e-24	4.123775e-24	3.977537e-24	3.832166e-24
	3.688846e-24	3.548790e-24	3.411979e-24	3.278313e-24	3.147810e-24
	3.019013e-24	2.889718e-24	2.760587e-24	2.633950e-24	2.510696e-24
	2.390824e-24	2.274234e-24	2.158354e-24	2.039915e-24	1.920926e-24
	1.804932e-24	1.692837e-24	1.584575e-24	1.477177e-24	1.366575e-24
	1.254674e-24	1.146123e-24	1.042444e-24	9.410830e-25	8.371103e-25
	7.312721e-25	6.295459e-25	5.336287e-25	4.394871e-25	3.464772e-25
	2.601584e-25	1.847159e-25	1.210605e-25	6.858287e-26	2.721398e-26
	1.000000e-60
massfraction-H2
	1.000000e-60	1.000000e-60	1.000000e-60	1.000000e-60	1.000000e-60
	1.000000e-60	1.000000e-60	1.000000e-60	1.000000e-60	1.000000e-60
	1.000000e-60	1.000000e-60	1.000000e-60	1.000000e-60	1.000000e-60
	1.000000e-60	1.000000e-60	1.000000e-60	1.000000e-60	1.000000e-60
	1.000000e-60	1.000000e-60	1.000000e-60	1.000000e-60	1.000000e-60
	1.000000e-60	1.000000e-60	1.000000e-60	1.000000e-60	1.000000e-60
	1.000000e-60	1.000000e-60	1.000000e-60	1.000000e-60	1.000000e-60
	1.000000e-60	1.000000e-60	1.000000e-60	1.000000e-60	1.000000e-60
	1.000000e-60	1.000000e-60	1.000000e-60	1.000000e-60	1.000000e-60
	1.000000e-60	1.000000e-60	1.000000e-60	1.000000e-60	1.000000e-60
	1.000000e-60	1.000000e-60	1.000000e-60	1.000000e-60	1.000000e-60
	1.000000e-60	1.000000e-60	1.000000e-60	1.000000e-60	1.000000e-60
	1.000000e-60	1.000000e-60	1.000000e-60	1.000000e-60	1.000000e-60
	1.000000e-60	1.000000e-60	1.000000e-60	1.000000e-60	1.000000e-60
	1.000000e-60	1.000000e-60	1.000000e-60	3.243388e-18	7.990894e-18
	1.274054e-17	1.749019e-17	2.223984e-17	2.698949e-17	3.173789e-17
	3.644400e-17	4.078917e-17	4.511905e-17	4.944893e-17	5.377881e-17
	5.810868e-17	6.243856e-17	6.676844e-17	6.953000e-17	6.927946e-17
	6.902893e-17	6.877840e-17	6.852786e-17	6.827733e-17	6.802679e-17
	6.777582e-17	6.669709e-17	6.510269e-17	6.350655e-17	6.191042e-17
	6.031428e-17	5.871814e-17	5.712201e-17	5.551214e-17	5.390022e-17
	5.227452e-17	5.064844e-17	4.902237e-17	4.739630e-17	4.577023e-17
	4.412600e-17	4.265403e-17	4.128342e-17	3.990299e-17	3.852256e-17
	3.714213e-17	3.576170e-17	3.434959e-17	3.308796e-17	3.184926e-17
	3.060114e-17	2.935302e-17	2.810490e-17	2.682186e-17	2.555073e-17
	2.425772e-17	2.294663e-17	2.163555e-17	2.029039e-17	1.886218e-17
	1.734473e-17	1.578740e-17	1.421122e-17	1.254031e-17	1.073810e-17
	8.876411e-18	7.035906e-18	5.245714e-18	3.492065e-18	1.746032e-18
	1.000000e-60
massfraction-H2O
	1.000000e-60	1.000000e-60	1.000000e-60	1.000000e-60	1.000000e-60
	1.000000e-60	1.000000e-60	1.000000e-60	1.000000e-60	1.000000e-60
	1.000000e-60	1.000000e-60	1.000000e-60	1.000000e-60	1.000000e-60
	1.000000e-60	1.000000e-60	1.000000e-60	1.000000e-60	1.000000e-60
	1.000000e-60	1.000000e-60	1.000000e-60	1.000000e-60	1.000000e-60
	1.000000e-60	1.000000e-60	1.000000e-60	1.000000e-60	1.000000e-60
	1.000000e-60	1.000000e-60	1.000000e-60	1.000000e-60	1.000000e-60
	1.000000e-60	1.000000e-60	1.000000e-60	1.000000e-60	1.000000e-60
	1.000000e-60	1.000000e-60	1.000000e-60	1.751094e-25	4.606241e-25
	7.463099e-25	1.030803e-24	1.312842e-24	1.592942e-24	1.872335e-24
	2.149270e-24	2.421133e-24	2.687149e-24	2.947281e-24	3.201552e-24
	3.450009e-24	3.693708e-24	3.935761e-24	4.176980e-24	4.413873e-24
	4.644190e-24	4.867864e-24	5.084857e-24	5.295169e-24	5.499562e-24
	5.700066e-24	5.897106e-24	6.088485e-24	6.272844e-24	6.450114e-24
	6.620195e-24	6.782974e-24	6.938503e-24	1.016890e-19	2.505259e-19
	3.994300e-19	5.483341e-19	6.972382e-19	8.461423e-19	9.950072e-19
	1.165461e-18	1.646262e-18	2.125371e-18	2.604479e-18	3.083587e-18
	3.562695e-18	4.041803e-18	4.520911e-18	4.920439e-18	5.167126e-18
	5.413813e-18	5.660500e-18	5.907187e-18	6.153873e-18	6.400560e-18
	6.647678e-18	6.785323e-18	6.855071e-18	6.924895e-18	6.994719e-18
	7.064543e-18	7.134366e-18	7.204190e-18	7.274615e-18	7.234019e-18
	7.191064e-18	7.148099e-18	7.105134e-18	7.062169e-18	7.019204e-18
	6.975759e-18	6.889139e-18	6.774014e-18	6.658064e-18	6.542115e-18
	6.426166e-18	6.310216e-18	6.191606e-18	6.035133e-18	5.863107e-18
	5.689771e-18	5.516436e-18	5.343100e-18	5.164916e-18	4.956533e-18
	4.728393e-18	4.497064e-18	4.265734e-18	4.028393e-18	3.763191e-18
	3.468515e-18	3.166096e-18	2.860014e-18	2.532154e-18	2.170126e-18
	1.796151e-18	1.426431e-18	1.064262e-18	7.084777e-19	3.542389e-19
	1.000000e-60
massfraction-HO2
	1.000000e-60	1.748341e-15	3.496682e-15	5.245023e-15	6.973926e-15
	8.487819e-15	9.821232e-15	1.114241e-14	1.246358e-14	1.373729e-14
	1.327920e-14	1.213644e-14	1.101007e-14	9.883709e-15	8.757344e-15
	7.674599e-15	1.063498e-14	1.474249e-14	1.880295e-14	2.286342e-14
	2.692388e-14	3.098435e-14	3.499174e-14	3.781345e-14	3.901942e-14
	4.020316e-14	4.138691e-14	4.257066e-14	4.375441e-14	4.493815e-14
	4.612091e-14	4.718488e-14	4.696804e-14	4.675313e-14	4.653821e-14
	4.632330e-14	4.610839e-14	4.589348e-14	4.567857e-14	4.546366e-14
	4.514714e-14	4.468090e-14	4.421466e-14	4.374841e-14	4.328217e-14
	4.281593e-14	4.234969e-14	4.188345e-14	4.141446e-14	4.049349e-14
	3.939837e-14	3.830082e-14	3.720327e-14	3.610572e-14	3.500817e-14
	3.391062e-14	3.280841e-14	3.171908e-14	3.067230e-14	2.961615e-14
	2.856001e-14	2.750386e-14	2.644771e-14	2.539156e-14	2.433169e-14
	2.346967e-14	2.298936e-14	2.250586e-14	2.202235e-14	2.153885e-14
	2.105534e-14	2.057183e-14	2.008786e-14	1.977312e-14	1.953651e-14
	1.929978e-14	1.906306e-14	1.882634e-14	1.858961e-14	1.835295e-14
	1.811725e-14	1.788347e-14	1.765052e-14	1.741756e-14	1.718461e-14
	1.695165e-14	1.671870e-14	1.648574e-14	1.625249e-14	1.601865e-14
	1.578482e-14	1.555098e-14	1.531715e-14	1.508331e-14	1.484948e-14
	1.461523e-14	1.437967e-14	1.414304e-14	1.390616e-14	1.366927e-14
	1.343238e-14	1.319550e-14	1.295861e-14	1.271969e-14	1.247634e-14
	1.223083e-14	1.198527e-14	1.173971e-14	1.149415e-14	1.124859e-14
	1.100028e-14	1.074445e-14	1.048200e-14	1.021767e-14	9.953344e-15
	9.689016e-15	9.424688e-15	9.154294e-15	8.869335e-15	8.573751e-15
	8.275918e-15	7.978086e-15	7.680253e-15	7.374088e-15	7.046275e-15
	6.700386e-15	6.349663e-15	5.998939e-15	5.639101e-15	5.249880e-15
	4.829342e-15	4.397753e-15	3.960938e-15	3.497036e-15	2.994609e-15
	2.475602e-15	1.962500e-15	1.463227e-15	9.740682e-16	4.870341e-16
	1.000000e-60
massfraction-H2O2
	1.000000e-60	1.000000e-60	1.000000e-60	1.000000e-60	1.000000e-60
	1.000000e-60	1.000000e-60	1.000000e-60	1.000000e-60	1.000000e-60
	1.000000e-60	1.000000e-60	1.000000e-60	1.000000e-60	1.000000e-60
	1.000000e-60	1.000000e-60	1.000000e-60	1.000000e-60	1.000000e-60
	1.000000e-60	1.000000e-60	1.000000e-60	1.000000e-60	1.000000e-60
	1.000000e-60	1.000000e-60	1.000000e-60	1.000000e-60	1.000000e-60
	1.000000e-60	1.000000e-60	1.000000e-60	1.000000e-60	1.000000e-60
	1.000000e-60	1.000000e-60	1.000000e-60	1.000000e-60	1.000000e-60
	1.000000e-60	1.000000e-60	1.000000e-60	1.000000e-60	1.000000e-60
	1.000000e-60	1.000000e-60	1.000000e-60	1.000000e-60	1.000000e-60
	1.000000e-60	1.000000e-60	1.000000e-60	1.000000e-60	1.000000e-60
	1.000000e-60	1.000000e-60	1.000000e-60	1.000000e-60	1.000000e-60
	1.000000e-60	1.000000e-60	1.000000e-60	1.000000e-60	1.000000e-60
	1.000000e-60	1.000000e-60	1.000000e-60	1.000000e-60	1.000000e-60
	1.000000e-60	1.000000e-60	1.000000e-60	1.000000e-60	1.000000e-60
	1.000000e-60	1.000000e-60	1.000000e-60	1.000000e-60	1.000000e-60
	1.000000e-60	1.000000e-60	1.000000e-60	1.000000e-60	1.000000e-60
	1.000000e-60	1.000000e-60	1.000000e-60	1.000000e-60	1.000000e-60
	1.000000e-60	1.000000e-60	1.000000e-60	1.000000e-60	1.000000e-60
	1.000000e-60	1.000000e-60	1.000000e-60	1.000000e-60	1.000000e-60
	1.000000e-60	1.000000e-60	1.000000e-60	1.000000e-60	1.000000e-60
	1.000000e-60	1.000000e-60	1.000000e-60	1.000000e-60	1.000000e-60
	1.000000e-60	1.000000e-60	1.000000e-60	1.000000e-60	1.000000e-60
	1.000000e-60	1.000000e-60	1.000000e-60	1.000000e-60	1.000000e-60
	1.000000e-60	1.000000e-60	1.000000e-60	1.000000e-60	1.000000e-60
	1.000000e-60	1.000000e-60	1.000000e-60	1.000000e-60	1.000000e-60
	1.000000e-60	1.000000e-60	1.000000e-60	1.000000e-60	1.000000e-60
	1.000000e-60	1.000000e-60	1.000000e-60	1.000000e-60	1.000000e-60
	1.000000e-60
massfraction-CO
	1.000000e-60	1.695606e-24	3.347833e-24	4.930433e-24	6.249970e-24
	7.681541e-24	9.087685e-24	1.046937e-23	1.180665e-23	1.306523e-23
	1.454578e-23	1.580841e-23	1.693630e-23	1.848173e-23	2.067943e-23
	2.259427e-23	2.428198e-23	2.594163e-23	2.754813e-23	2.926913e-23
	3.067364e-23	3.250362e-23	3.383139e-23	3.537129e-23	3.700350e-23
	3.801418e-23	3.860372e-23	3.906687e-23	3.962715e-23	3.998087e-23
	4.060909e-23	4.094436e-23	4.233131e-23	4.352329e-23	4.436064e-23
	4.524001e-23	4.626334e-23	4.712709e-23	4.819662e-23	4.907314e-23
	5.036153e-23	5.140135e-23	5.263433e-23	5.363488e-23	5.435753e-23
	5.458430e-23	5.484415e-23	5.520931e-23	5.547509e-23	5.556325e-23
	5.573233e-23	5.588268e-23	5.551518e-23	5.508340e-23	5.460598e-23
	5.426454e-23	5.444295e-23	5.495259e-23	5.561034e-23	5.592758e-23
	5.670872e-23	5.709179e-23	5.732962e-23	5.686558e-23	5.614981e-23
	5.557976e-23	5.547238e-23	5.552016e-23	5.577448e-23	5.617139e-23
	5.668238e-23	5.713582e-23	5.693792e-23	5.667437e-23	5.674214e-23
	5.625502e-23	5.590692e-23	5.540985e-23	5.481487e-23	5.416365e-23
	5.354646e-23	5.304566e-23	5.239241e-23	5.158867e-23	5.092623e-23
	5.044617e-23	4.982390e-23	4.927036e-23	4.861236e-23	4.795291e-23
	4.725182e-23	4.654934e-23	4.584684e-23	4.514380e-23	4.444026e-23
	4.373573e-23	4.302869e-23	4.231909e-23	4.160891e-23	4.089830e-23
	4.018726e-23	3.947578e-23	3.876429e-23	3.804648e-23	3.731646e-23
	3.657998e-23	3.584331e-23	3.510662e-23	3.436977e-23	3.363294e-23
	3.288789e-23	3.212088e-23	3.133453e-23	3.054253e-23	2.975055e-23
	2.895871e-23	2.816687e-23	2.735697e-23	2.650400e-23	2.561940e-23
	2.472808e-23	2.383688e-23	2.294579e-23	2.202976e-23	2.104949e-23
	2.001542e-23	1.896690e-23	1.791838e-23	1.684266e-23	1.567947e-23
	1.442301e-23	1.313351e-23	1.182837e-23	1.044250e-23	8.941971e-24
	7.391931e-24	5.859523e-24	4.368728e-24	2.908256e-24	1.454128e-24
	1.000000e-60
massfraction-CO2
	1.000000e-60	1.000000e-60	1.000000e-60	1.000000e-60	1.000000e-60
	1.000000e-60	1.000000e-60	1.000000e-60	1.000000e-60	1.000000e-60
	1.000000e-60	1.000000e-60	1.000000e-60	1.000000e-60	1.000000e-60
	1.000000e-60	1.000000e-60	1.000000e-60	1.000000e-60	1.000000e-60
	1.000000e-60	1.000000e-60	1.000000e-60	1.000000e-60	1.000000e-60
	1.000000e-60	1.000000e-60	1.000000e-60	1.000000e-60	1.000000e-60
	1.000000e-60	1.000000e-60	1.000000e-60	1.000000e-60	1.000000e-60
	1.000000e-60	1.000000e-60	1.000000e-60	1.000000e-60	1.000000e-60
	1.000000e-60	1.000000e-60	1.000000e-60	1.000000e-60	1.000000e-60
	1.000000e-60	1.000000e-60	1.000000e-60	1.000000e-60	1.000000e-60
	1.000000e-60	1.000000e-60	1.000000e-60	1.000000e-60	1.000000e-60
	1.000000e-60	1.000000e-60	1.000000e-60	1.000000e-60	1.000000e-60
	1.000000e-60	1.000000e-60	1.000000e-60	1.000000e-60	1.000000e-60
	1.000000e-60	1.000000e-60	1.000000e-60	1.000000e-60	1.000000e-60
	1.000000e-60	1.000000e-60	1.000000e-60	1.000000e-60	1.000000e-60
	1.000000e-60	1.000000e-60	1.000000e-60	1.000000e-60	1.000000e-60
	1.000000e-60	1.000000e-60	1.000000e-60	1.000000e-60	1.000000e-60
	1.000000e-60	1.000000e-60	1.000000e-60	1.000000e-60	1.000000e-60
	1.000000e-60	1.000000e-60	1.000000e-60	1.000000e-60	1.000000e-60
	1.000000e-60	1.000000e-60	1.000000e-60	1.000000e-60	1.000000e-60
	1.000000e-60	1.000000e-60	1.000000e-60	1.000000e-60	1.000000e-60
	1.000000e-60	1.000000e-60	1.000000e-60	1.000000e-60	1.000000e-60
	1.000000e-60	1.000000e-60	1.000000e-60	1.000000e-60	1.000000e-60
	1.000000e-60	1.000000e-60	1.000000e-60	1.000000e-60	1.000000e-60
	1.000000e-60	1.000000e-60	1.000000e-60	1.000000e-60	1.000000e-60
	1.000000e-60	1.000000e-60	1.000000e-60	1.000000e-60	1.000000e-60
	1.000000e-60	1.000000e-60	1.000000e-60	1.000000e-60	1.000000e-60
	1.000000e-60	1.000000e-60	1.000000e-60	1.000000e-60	1.000000e-60
	1.000000e-60
massfraction-CH
	1.000000e-60	1.200246e-28	2.401245e-28	3.608648e-28	4.777634e-28
	4.704513e-28	3.591985e-28	2.491248e-28	1.385357e-28	2.163766e-29
	4.853640e-30	5.683379e-30	1.000000e-60	1.000000e-60	1.358614e-29
	5.468717e-30	5.544102e-28	1.285669e-27	1.975472e-27	2.749971e-27
	3.344484e-27	4.204490e-27	4.770902e-27	4.928524e-27	4.474381e-27
	3.813099e-27	3.108048e-27	2.418716e-27	1.884697e-27	1.116744e-27
	6.714749e-28	1.000000e-60	6.980468e-29	1.378843e-28	1.000000e-60
	1.000000e-60	6.981096e-29	1.000000e-60	9.069603e-29	1.000000e-60
	9.867659e-28	2.899604e-27	5.253672e-27	7.413771e-27	9.674605e-27
	1.151946e-26	1.361412e-26	1.586976e-26	1.806497e-26	1.689951e-26
	1.475639e-26	1.285963e-26	1.037413e-26	8.161858e-27	5.840442e-27
	3.375406e-27	1.293205e-27	1.851990e-27	8.160771e-27	1.366216e-26
	2.029031e-26	2.615429e-26	3.259889e-26	3.832454e-26	4.410433e-26
	4.854780e-26	5.075253e-26	5.270247e-26	5.473798e-26	5.674655e-26
	5.886140e-26	6.131839e-26	6.285520e-26	6.136983e-26	5.946560e-26
	5.625827e-26	5.387461e-26	5.119959e-26	4.853571e-26	4.583034e-26
	4.293230e-26	3.754188e-26	3.192376e-26	2.602834e-26	2.036835e-26
	1.507323e-26	9.238814e-27	3.801081e-27	1.000000e-60	4.327618e-29
	7.473021e-31	3.158987e-33	5.597851e-31	5.502219e-31	1.000000e-60
	1.000000e-60	8.298448e-28	2.176768e-27	3.525822e-27	4.874184e-27
	6.222581e-27	7.570454e-27	8.919069e-27	1.027857e-26	8.943658e-27
	7.548236e-27	6.152496e-27	4.756898e-27	3.360964e-27	1.965230e-27
	5.537760e-28	1.691288e-30	1.551770e-30	1.242832e-30	8.235370e-31
	6.635824e-31	2.626712e-31	7.500047e-32	4.212768e-33	1.000000e-60
	1.000000e-60	1.000000e-60	8.450842e-33	1.000000e-60	8.443264e-32
	2.846809e-31	4.554969e-31	6.055544e-31	7.884815e-31	9.502595e-31
	1.064115e-30	1.169151e-30	1.270819e-30	1.273228e-30	9.749121e-31
	6.706954e-31	3.668330e-31	2.270650e-31	1.511121e-31	7.560629e-32
	1.000000e-60
massfraction-CHO
	1.000000e-60	1.602140e-26	3.204447e-26	4.808183e-26	6.388518e-26
	6.282442e-26	4.793382e-26	3.318358e-26	1.842144e-26	3.961362e-27
	1.080006e-28	1.267590e-28	1.000000e-60	1.000000e-60	3.012557e-28
	1.241625e-28	3.286089e-25	7.479230e-25	1.161701e-24	1.577350e-24
	1.989025e-24	2.406561e-24	2.812406e-24	3.043717e-24	3.033602e-24
	3.018917e-24	3.003248e-24	2.987937e-24	2.976033e-24	2.959015e-24
	2.949020e-24	2.899395e-24	2.568127e-24	2.231759e-24	1.890442e-24
	1.551592e-24	1.216522e-24	8.750955e-25	5.411512e-25	1.970214e-25
	4.981957e-26	1.616829e-25	2.830999e-25	4.003577e-25	5.197110e-25
	6.300180e-25	7.457488e-25	8.650354e-25	9.834040e-25	9.248249e-25
	8.059049e-25	6.921333e-25	5.656008e-25	4.448910e-25	3.218235e-25
	1.956869e-25	7.756354e-26	4.131365e-26	1.816734e-25	3.047227e-25
	4.520024e-25	5.829959e-25	7.263062e-25	8.540856e-25	9.829007e-25
	1.083346e-24	1.136133e-24	1.183529e-24	1.232719e-24	1.281370e-24
	1.332415e-24	1.390691e-24	1.429081e-24	1.394871e-24	1.348024e-24
	1.273364e-24	1.216163e-24	1.152862e-24	1.089711e-24	1.025664e-24
	9.576662e-25	8.372552e-25	7.119371e-25	5.806179e-25	4.544200e-25
	3.360132e-25	2.061959e-25	8.468101e-26	3.185057e-29	9.348631e-28
	3.120393e-29	7.767280e-31	1.227627e-29	1.196212e-29	1.000000e-60
	1.000000e-60	1.845732e-26	4.841621e-26	7.842159e-26	1.084123e-25
	1.384033e-25	1.683834e-25	1.983789e-25	2.286177e-25	1.989402e-25
	1.679178e-25	1.368882e-25	1.058616e-25	7.482779e-26	4.379818e-26
	1.241929e-26	1.360937e-28	1.172822e-28	9.471454e-29	6.979049e-29
	5.035799e-29	2.587173e-29	5.521112e-30	8.949569e-32	1.000000e-60
	1.000000e-60	1.000000e-60	1.519553e-31	1.000000e-60	3.077440e-30
	9.350265e-30	1.500391e-29	2.020174e-29	2.616794e-29	2.855134e-29
	2.664099e-29	2.441778e-29	2.206510e-29	1.945558e-29	1.549332e-29
	1.148698e-29	7.457664e-30	5.098778e-30	3.393259e-30	1.697745e-30
	1.000000e-60
massfraction-CH2
	1.000000e-60	1.000000e-60	1.000000e-60	1.000000e-60	1.000000e-60
	1.080523e-28	3.014004e-28	4.997284e-28	6.914462e-28	8.739302e-28
	8.069953e-28	6.502471e-28	5.058048e-28	3.595412e-28	2.113952e-28
	1.000000e-60	1.000000e-60	2.534327e-29	1.353756e-29	1.000000e-60
	1.000000e-60	1.000000e-60	1.000000e-60	1.000000e-60	1.935123e-28
	3.159146e-28	7.640264e-28	1.038275e-27	1.158082e-27	9.890024e-28
	1.365129e-27	1.603143e-27	1.550155e-27	1.350497e-27	1.147199e-27
	9.438082e-28	7.404148e-28	5.370214e-28	3.336279e-28	1.302345e-28
	8.642556e-30	7.598669e-30	6.554783e-30	5.510896e-30	4.467009e-30
	3.423122e-30	2.379235e-30	1.335348e-30	2.853093e-31	1.000000e-60
	1.000000e-60	1.000000e-60	1.000000e-60	1.000000e-60	1.000000e-60
	1.000000e-60	1.000000e-60	2.368343e-31	9.676348e-31	1.704982e-30
	2.442330e-30	3.179677e-30	3.917024e-30	4.654372e-30	5.394312e-30
	5.881128e-30	5.885048e-30	5.888995e-30	5.892941e-30	5.896888e-30
	5.900834e-30	5.904781e-30	5.908731e-30	1.540371e-29	2.930014e-29
	4.320284e-29	5.710554e-29	7.100825e-29	8.491095e-29	9.880999e-29
	1.110375e-28	1.004828e-28	8.996537e-29	7.944789e-29	6.893042e-29
	5.841294e-29	4.789547e-29	3.737799e-29	2.911372e-29	2.517693e-29
	2.124014e-29	1.730335e-29	1.336656e-29	9.429773e-30	5.492983e-30
	1.549313e-30	3.554197e-32	3.049578e-32	2.544411e-32	2.039244e-32
	1.534077e-32	1.028911e-32	5.237436e-33	1.423193e-34	4.540291e-35
	3.832861e-35	3.125271e-35	2.417681e-35	1.710091e-35	1.002502e-35
	2.870133e-36	6.589446e-38	5.544838e-38	4.492745e-38	3.440652e-38
	2.388559e-38	1.336466e-38	2.602282e-39	1.000000e-60	1.000000e-60
	1.000000e-60	1.000000e-60	1.000000e-60	1.000000e-60	1.000000e-60
	1.000000e-60	1.000000e-60	1.000000e-60	1.000000e-60	1.000000e-60
	1.000000e-60	1.000000e-60	1.000000e-60	1.000000e-60	1.000000e-60
	1.000000e-60	1.000000e-60	1.000000e-60	1.000000e-60	1.000000e-60
	1.000000e-60
massfraction-CH2O
	1.000000e-60	8.499637e-19	1.699927e-18	2.549891e-18	3.390405e-18
	4.268908e-18	5.175652e-18	6.074073e-18	6.972495e-18	7.838638e-18
	8.683539e-18	9.495142e-18	1.029510e-17	1.109505e-17	1.189501e-17
	1.266398e-17	1.340340e-17	1.410780e-17	1.480414e-17	1.550047e-17
	1.619681e-17	1.689315e-17	1.758038e-17	1.825482e-17	1.892098e-17
	1.957488e-17	2.022877e-17	2.088267e-17	2.153656e-17	2.219046e-17
	2.284381e-17	2.349315e-17	2.416309e-17	2.482705e-17	2.549101e-17
	2.615496e-17	2.681892e-17	2.748288e-17	2.814684e-17	2.881080e-17
	2.948765e-17	3.018351e-17	3.087937e-17	3.157523e-17	3.227109e-17
	3.296694e-17	3.366280e-17	3.435866e-17	3.505862e-17	3.579043e-17
	3.653790e-17	3.728702e-17	3.803614e-17	3.878527e-17	3.953439e-17
	4.028351e-17	4.103582e-17	4.181117e-17	4.262389e-17	4.344389e-17
	4.426388e-17	4.508388e-17	4.590387e-17	4.672387e-17	4.754675e-17
	4.839123e-17	4.926907e-17	5.015275e-17	5.103643e-17	5.192011e-17
	5.280378e-17	5.368746e-17	5.457200e-17	5.547615e-17	5.639007e-17
	5.730440e-17	5.821873e-17	5.913305e-17	6.004738e-17	6.096147e-17
	6.184267e-17	6.230705e-17	6.276978e-17	6.323252e-17	6.369526e-17
	6.415800e-17	6.462074e-17	6.508347e-17	6.534425e-17	6.521714e-17
	6.509003e-17	6.496291e-17	6.483580e-17	6.470869e-17	6.458158e-17
	6.445425e-17	6.404465e-17	6.345915e-17	6.287302e-17	6.228689e-17
	6.170077e-17	6.111464e-17	6.052851e-17	5.993734e-17	5.904828e-17
	5.814624e-17	5.724400e-17	5.634175e-17	5.543951e-17	5.453726e-17
	5.362494e-17	5.257709e-17	5.143448e-17	5.028368e-17	4.913288e-17
	4.798208e-17	4.683129e-17	4.565408e-17	4.433096e-17	4.293304e-17
	4.152448e-17	4.011592e-17	3.870735e-17	3.725939e-17	3.566182e-17
	3.395399e-17	3.222228e-17	3.049057e-17	2.871386e-17	2.676858e-17
	2.464425e-17	2.246409e-17	2.025753e-17	1.790608e-17	1.533935e-17
	1.268791e-17	1.006663e-17	7.508011e-18	4.998073e-18	2.499036e-18
	1.000000e-60
massfraction-CH3
	1.000000e-60	1.217082e-24	2.428984e-24	3.634582e-24	4.820441e-24
	5.965022e-24	7.074462e-24	8.175417e-24	9.279460e-24	1.035005e-23
	1.133904e-23	1.226752e-23	1.317822e-23	1.406957e-23	1.492236e-23
	1.568512e-23	1.631428e-23	1.685535e-23	1.735921e-23	1.784336e-23
	1.831659e-23	1.878378e-23	1.924290e-23	1.968347e-23	2.010455e-23
	2.051657e-23	2.092540e-23	2.132891e-23	2.172632e-23	2.211843e-23
	2.250672e-23	2.288755e-23	2.325769e-23	2.361927e-23	2.397464e-23
	2.432325e-23	2.466465e-23	2.499838e-23	2.532393e-23	2.564052e-23
	2.594714e-23	2.624316e-23	2.652895e-23	2.680453e-23	2.706989e-23
	2.732500e-23	2.756997e-23	2.780500e-23	2.803165e-23	2.825193e-23
	2.846461e-23	2.866754e-23	2.886013e-23	2.904247e-23	2.921470e-23
	2.937700e-23	2.953013e-23	2.967584e-23	2.981413e-23	2.994249e-23
	3.005954e-23	3.016503e-23	3.025884e-23	3.034091e-23	3.041161e-23
	3.047160e-23	3.052072e-23	3.055813e-23	3.058344e-23	3.059653e-23
	3.059723e-23	3.058528e-23	3.056044e-23	3.052261e-23	3.047173e-23
	3.040776e-23	3.033079e-23	3.024089e-23	3.013821e-23	3.002290e-23
	3.020979e-18	4.844720e-17	9.371346e-17	1.389797e-16	1.842460e-16
	2.295123e-16	2.747785e-16	3.200448e-16	3.516851e-16	3.571554e-16
	3.626258e-16	3.680961e-16	3.735665e-16	3.790369e-16	3.845072e-16
	3.899871e-16	3.871323e-16	3.790938e-16	3.710466e-16	3.629994e-16
	3.549521e-16	3.469049e-16	3.388577e-16	3.307412e-16	3.210740e-16
	3.112961e-16	3.015161e-16	2.917360e-16	2.819560e-16	2.721759e-16
	2.622867e-16	2.533507e-16	2.449704e-16	2.365300e-16	2.280896e-16
	2.196492e-16	2.112088e-16	2.025747e-16	1.949807e-16	1.875684e-16
	1.800998e-16	1.726312e-16	1.651625e-16	1.574850e-16	1.499676e-16
	1.423659e-16	1.346580e-16	1.269500e-16	1.190418e-16	1.106632e-16
	1.017788e-16	9.266086e-17	8.343252e-17	7.364411e-17	6.307296e-17
	5.215294e-17	4.135716e-17	3.083949e-17	2.052981e-17	1.026490e-17
	1.000000e-60
massfraction-CH4
	1.000000e-60	1.073879e-02	2.147758e-02	3.221636e-02	4.283576e-02
	5.312471e-02	6.311094e-02	7.300551e-02	8.290008e-02	9.243917e-02
	1.011507e-01	1.092736e-01	1.172800e-01	1.252863e-01	1.332927e-01
	1.409890e-01	1.479902e-01	1.545315e-01	1.609980e-01	1.674644e-01
	1.739308e-01	1.803972e-01	1.867791e-01	1.928850e-01	1.986924e-01
	2.043928e-01	2.100932e-01	2.157936e-01	2.214941e-01	2.271945e-01
	2.328901e-01	2.385269e-01	2.440602e-01	2.495441e-01	2.550279e-01
	2.605118e-01	2.659957e-01	2.714796e-01	2.769634e-01	2.824473e-01
	2.879312e-01	2.934151e-01	2.988989e-01	3.043828e-01	3.098667e-01
	3.153506e-01	3.208344e-01	3.263183e-01	3.318345e-01	3.374279e-01
	3.430786e-01	3.487418e-01	3.544050e-01	3.600682e-01	3.657314e-01
	3.713947e-01	3.770820e-01	3.828705e-01	3.887891e-01	3.947607e-01
	4.007323e-01	4.067039e-01	4.126756e-01	4.186472e-01	4.246398e-01
	4.307156e-01	4.368945e-01	4.431146e-01	4.493347e-01	4.555548e-01
	4.617749e-01	4.679950e-01	4.742212e-01	4.804623e-01	4.867151e-01
	4.929708e-01	4.992265e-01	5.054821e-01	5.117378e-01	5.179918e-01
	5.242208e-01	5.304045e-01	5.365665e-01	5.427285e-01	5.488905e-01
	5.550525e-01	5.612144e-01	5.673764e-01	5.735384e-01	5.797004e-01
	5.858624e-01	5.920244e-01	5.981864e-01	6.043483e-01	6.105103e-01
	6.166831e-01	6.228841e-01	6.291095e-01	6.353416e-01	6.415736e-01
	6.478057e-01	6.540378e-01	6.602699e-01	6.665556e-01	6.729499e-01
	6.794008e-01	6.858531e-01	6.923054e-01	6.987577e-01	7.052100e-01
	7.117344e-01	7.184521e-01	7.253405e-01	7.322783e-01	7.392161e-01
	7.461539e-01	7.530917e-01	7.601887e-01	7.676632e-01	7.754147e-01
	7.832253e-01	7.910359e-01	7.988464e-01	8.068755e-01	8.154683e-01
	8.245330e-01	8.337244e-01	8.429158e-01	8.523460e-01	8.625434e-01
	8.735586e-01	8.848631e-01	8.963046e-01	9.084541e-01	9.216087e-01
	9.351974e-01	9.486315e-01	9.617008e-01	9.745043e-01	9.872521e-01
	1.000000e+00
massfraction-C2H6
	1.000000e-60	3.774560e-17	7.549120e-17	1.132368e-16	1.505628e-16
	1.869199e-16	2.223699e-16	2.574944e-16	2.926190e-16	3.264816e-16
	3.599996e-16	3.923973e-16	4.243301e-16	4.562629e-16	4.881957e-16
	5.188919e-16	5.485442e-16	5.768363e-16	6.048044e-16	6.327725e-16
	6.607406e-16	6.887087e-16	7.163112e-16	7.405630e-16	7.604806e-16
	7.800312e-16	7.995819e-16	8.191325e-16	8.386832e-16	8.582338e-16
	8.777682e-16	8.957857e-16	8.979095e-16	9.000143e-16	9.021191e-16
	9.042239e-16	9.063287e-16	9.084335e-16	9.105383e-16	9.126431e-16
	9.090155e-16	8.969401e-16	8.848648e-16	8.727894e-16	8.607141e-16
	8.486387e-16	8.365634e-16	8.244880e-16	8.123415e-16	7.975880e-16
	7.817820e-16	7.659409e-16	7.500999e-16	7.342588e-16	7.184178e-16
	7.025767e-16	6.866683e-16	6.710652e-16	6.563251e-16	6.414529e-16
	6.265807e-16	6.117085e-16	5.968363e-16	5.819641e-16	5.670397e-16
	5.529458e-16	5.405475e-16	5.280667e-16	5.155859e-16	5.031051e-16
	4.906243e-16	4.781435e-16	4.656505e-16	4.547157e-16	4.444940e-16
	4.342676e-16	4.240412e-16	4.138148e-16	4.035885e-16	3.933648e-16
	3.833101e-16	3.751265e-16	3.669718e-16	3.588170e-16	3.506622e-16
	3.425075e-16	3.343527e-16	3.261979e-16	3.186289e-16	3.121848e-16
	3.057406e-16	2.992965e-16	2.928524e-16	2.864083e-16	2.799642e-16
	2.735088e-16	2.677444e-16	2.624032e-16	2.570562e-16	2.517091e-16
	2.463621e-16	2.410151e-16	2.356681e-16	2.302751e-16	2.254226e-16
	2.205384e-16	2.156532e-16	2.107680e-16	2.058828e-16	2.009975e-16
	1.960578e-16	1.911690e-16	1.862799e-16	1.813557e-16	1.764316e-16
	1.715075e-16	1.665833e-16	1.615462e-16	1.563653e-16	1.510306e-16
	1.456554e-16	1.402801e-16	1.349049e-16	1.293792e-16	1.235295e-16
	1.173885e-16	1.111616e-16	1.049348e-16	9.854609e-17	9.167231e-17
	8.428053e-17	7.669453e-17	6.901664e-17	6.087996e-17	5.211043e-17
	4.305151e-17	3.409564e-17	2.541219e-17	1.691686e-17	8.458429e-18
	1.000000e-60
massfraction-C2H
	1.000000e-60	8.277209e-45	1.655494e-44	2.483161e-44	3.301677e-44
	3.920757e-41	1.102562e-40	1.806527e-40	2.510490e-40	3.189165e-40
	3.150334e-40	2.823414e-40	2.501177e-40	2.178951e-40	1.856715e-40
	1.546965e-40	1.313124e-40	1.110941e-40	9.111040e-41	7.112340e-41
	5.113708e-41	3.115207e-41	1.142666e-41	9.659112e-47	1.000000e-60
	1.000000e-60	2.326964e-46	1.000000e-60	1.000000e-60	8.695907e-46
	1.000000e-60	1.109015e-42	1.537233e-41	2.949875e-41	4.363042e-41
	5.774896e-41	7.187912e-41	8.601206e-41	1.001410e-40	1.142668e-40
	1.169677e-40	1.028449e-40	8.871657e-41	7.459029e-41	6.046064e-41
	4.633379e-41	3.220604e-41	1.807465e-41	3.858111e-42	2.360390e-41
	5.618000e-41	8.883020e-41	1.214791e-40	1.541282e-40	1.867747e-40
	2.194241e-40	2.522144e-40	2.634705e-40	2.293513e-40	1.949179e-40
	1.604952e-40	1.260657e-40	9.164208e-41	5.721485e-41	2.266827e-41
	2.296212e-46	6.342375e-45	8.694440e-46	3.318680e-45	1.000000e-60
	1.000000e-60	8.386250e-47	4.507916e-45	8.585747e-46	1.763639e-45
	1.000000e-60	1.425684e-45	1.838258e-45	6.769176e-46	3.077147e-45
	1.000000e-60	3.868543e-45	3.238805e-45	1.000000e-60	1.000000e-60
	1.955548e-45	2.702397e-46	1.665564e-45	6.680906e-42	2.619496e-41
	4.571116e-41	6.522594e-41	8.474064e-41	1.042554e-40	1.237700e-40
	1.433194e-40	1.386566e-40	1.189418e-40	9.920512e-41	7.946837e-41
	5.973166e-41	3.999491e-41	2.025871e-41	3.512312e-43	3.844472e-49
	2.823748e-47	1.977778e-49	1.448137e-47	1.389349e-47	1.000000e-60
	1.000000e-60	1.000000e-60	1.000000e-60	1.582000e-49	1.281481e-47
	4.109820e-48	3.330678e-46	8.458741e-48	1.000000e-60	8.520937e-47
	4.971356e-46	7.235499e-46	1.080272e-45	8.845397e-46	1.117546e-45
	1.107096e-45	1.105036e-45	1.104711e-45	1.101558e-45	1.145818e-45
	1.006568e-45	9.613149e-46	1.023875e-45	1.373057e-45	2.851570e-45
	4.350148e-45	5.888972e-45	5.073841e-45	3.377228e-45	1.690353e-45
	1.000000e-60
massfraction-C2H2
	1.000000e-60	1.138677e-25	2.277354e-25	3.416030e-25	4.542048e-25
	4.465452e-25	3.406571e-25	2.357410e-25	1.308249e-25	2.967810e-26
	1.000000e-60	1.000000e-60	1.000000e-60	1.000000e-60	1.000000e-60
	1.000000e-60	1.000000e-60	1.000000e-60	1.000000e-60	1.000000e-60
	1.000000e-60	1.000000e-60	1.000000e-60	1.000000e-60	1.000000e-60
	1.000000e-60	1.000000e-60	1.000000e-60	1.000000e-60	1.000000e-60
	1.000000e-60	1.000000e-60	1.000000e-60	1.000000e-60	1.000000e-60
	1.000000e-60	1.000000e-60	1.000000e-60	1.000000e-60	1.000000e-60
	1.000000e-60	1.000000e-60	1.000000e-60	1.000000e-60	1.000000e-60
	1.000000e-60	1.000000e-60	1.000000e-60	1.000000e-60	1.000000e-60
	1.000000e-60	1.000000e-60	1.000000e-60	1.000000e-60	1.000000e-60
	1.000000e-60	1.000000e-60	1.000000e-60	1.000000e-60	1.000000e-60
	1.000000e-60	1.000000e-60	1.000000e-60	1.000000e-60	1.000000e-60
	1.000000e-60	1.000000e-60	1.000000e-60	1.000000e-60	1.000000e-60
	1.000000e-60	1.000000e-60	1.000000e-60	1.000000e-60	1.000000e-60
	1.000000e-60	1.000000e-60	1.000000e-60	1.000000e-60	1.000000e-60
	1.000000e-60	1.000000e-60	1.000000e-60	1.000000e-60	1.000000e-60
	1.000000e-60	1.000000e-60	1.000000e-60	1.000000e-60	1.000000e-60
	1.000000e-60	1.000000e-60	1.000000e-60	1.000000e-60	1.000000e-60
	1.000000e-60	1.000000e-60	1.000000e-60	1.000000e-60	1.000000e-60
	1.000000e-60	1.000000e-60	1.000000e-60	1.000000e-60	1.000000e-60
	1.000000e-60	1.000000e-60	1.000000e-60	1.000000e-60	1.000000e-60
	1.000000e-60	1.000000e-60	1.000000e-60	1.000000e-60	1.000000e-60
	1.000000e-60	1.000000e-60	1.000000e-60	1.000000e-60	1.000000e-60
	1.000000e-60	1.000000e-60	1.000000e-60	1.000000e-60	1.000000e-60
	1.000000e-60	1.000000e-60	1.000000e-60	1.000000e-60	1.000000e-60
	1.000000e-60	1.000000e-60	1.000000e-60	1.000000e-60	1.000000e-60
	1.000000e-60	1.000000e-60	1.000000e-60	1.000000e-60	1.000000e-60
	1.000000e-60
massfraction-CHCO
	1.000000e-60	6.833730e-28	1.366746e-27	2.050119e-27	2.725894e-27
	3.396017e-27	4.059390e-27	4.716674e-27	5.373958e-27	6.007628e-27
	6.612923e-27	7.189060e-27	7.756928e-27	8.324796e-27	8.892665e-27
	9.438541e-27	9.887049e-27	1.028975e-26	1.068784e-26	1.108592e-26
	1.148401e-26	1.188210e-26	1.227498e-26	1.258899e-26	1.279731e-26
	1.300179e-26	1.320628e-26	1.341076e-26	1.361524e-26	1.381973e-26
	1.402404e-26	1.420315e-26	1.410563e-26	1.400899e-26	1.391235e-26
	1.381571e-26	1.371907e-26	1.362242e-26	1.352578e-26	1.342914e-26
	1.325327e-26	1.296064e-26	1.266800e-26	1.237537e-26	1.208274e-26
	1.179011e-26	1.149747e-26	1.120484e-26	1.091048e-26	1.062058e-26
	1.033088e-26	1.004054e-26	9.750193e-27	9.459849e-27	9.169505e-27
	8.879161e-27	8.587583e-27	8.316500e-27	8.092314e-27	7.866119e-27
	7.639924e-27	7.413729e-27	7.187534e-27	6.961339e-27	6.734349e-27
	6.532146e-27	6.378601e-27	6.224035e-27	6.069468e-27	5.914902e-27
	5.760336e-27	5.605769e-27	5.451052e-27	5.332330e-27	5.230182e-27
	5.127988e-27	5.025794e-27	4.923599e-27	4.821405e-27	4.719238e-27
	4.619241e-27	4.544703e-27	4.470427e-27	4.396152e-27	4.321876e-27
	4.247600e-27	4.173325e-27	4.099049e-27	4.028611e-27	3.965546e-27
	3.902480e-27	3.839414e-27	3.776348e-27	3.713282e-27	3.650216e-27
	3.587040e-27	3.526104e-27	3.466494e-27	3.406819e-27	3.347144e-27
	3.287469e-27	3.227795e-27	3.168120e-27	3.107932e-27	3.047969e-27
	2.987499e-27	2.927015e-27	2.866531e-27	2.806047e-27	2.745563e-27
	2.684404e-27	2.621648e-27	2.557432e-27	2.492756e-27	2.428081e-27
	2.363405e-27	2.298729e-27	2.232570e-27	2.162955e-27	2.090778e-27
	2.018052e-27	1.945327e-27	1.872601e-27	1.797841e-27	1.717842e-27
	1.633456e-27	1.547890e-27	1.462324e-27	1.374534e-27	1.279604e-27
	1.177062e-27	1.071826e-27	9.653153e-28	8.522143e-28	7.297563e-28
	6.032570e-28	4.781970e-28	3.565329e-28	2.373435e-28	1.186717e-28
	1.000000e-60
massfraction-C3H3
	1.000000e-60	1.000000e-60	1.000000e-60	1.000000e-60	1.000000e-60
	1.000000e-60	1.000000e-60	1.000000e-60	1.000000e-60	1.000000e-60
	6.079879e-45	1.443258e-44	2.266541e-44	3.089824e-44	3.913106e-44
	4.704506e-44	4.368783e-44	3.696145e-44	3.031211e-44	2.366277e-44
	1.701343e-44	1.036408e-44	3.801649e-45	7.839394e-45	2.673931e-44
	4.529105e-44	6.384279e-44	8.239453e-44	1.009463e-43	1.194980e-43
	1.380343e-43	1.535693e-43	1.355633e-43	1.177181e-43	9.987285e-44
	8.202761e-44	6.418237e-44	4.633712e-44	2.849188e-44	1.064664e-44
	1.315404e-44	4.565442e-44	7.815480e-44	1.106552e-43	1.431556e-43
	1.756559e-43	2.081563e-43	2.406567e-43	2.733486e-43	2.761789e-43
	2.678259e-43	2.594545e-43	2.510831e-43	2.427117e-43	2.343403e-43
	2.259689e-43	2.175619e-43	2.033083e-43	1.769802e-43	1.504162e-43
	1.238523e-43	9.728829e-44	7.072433e-44	4.416036e-44	1.750297e-44
	1.316366e-47	1.137502e-47	9.574486e-48	7.773953e-48	5.973419e-48
	4.172885e-48	2.372351e-48	5.700603e-49	1.000000e-60	1.000000e-60
	1.000000e-60	1.000000e-60	1.000000e-60	1.000000e-60	1.000000e-60
	1.000000e-60	1.000000e-60	1.000000e-60	1.000000e-60	1.000000e-60
	1.000000e-60	1.000000e-60	1.000000e-60	1.000000e-60	5.629495e-61
	8.979430e-61	8.999874e-61	8.999967e-61	8.994633e-61	8.148455e-61
	1.000000e-60	1.000000e-60	1.000000e-60	1.000000e-60	1.000000e-60
	1.000000e-60	1.000000e-60	1.000000e-60	1.000000e-60	1.000000e-60
	1.000000e-60	1.000000e-60	1.000000e-60	1.000000e-60	1.000000e-60
	1.000000e-60	1.000000e-60	1.000000e-60	1.000000e-60	1.000000e-60
	1.000000e-60	1.000000e-60	7.136331e-61	8.990848e-61	8.999958e-61
	9.000000e-61	9.000000e-61	8.999953e-61	8.989012e-61	6.161494e-61
	1.844705e-61	1.000000e-60	1.000000e-60	1.000000e-60	1.000000e-60
	1.000000e-60	1.000000e-60	1.000000e-60	1.000000e-60	1.000000e-60
	1.000000e-60	1.000000e-60	3.257889e-61	5.178346e-61	7.089579e-61
	1.000000e-60
massfraction-C2H3
	1.000000e-60	1.000000e-60	1.000000e-60	1.000000e-60	1.000000e-60
	1.000000e-60	1.000000e-60	1.000000e-60	1.000000e-60	1.000000e-60
	1.000000e-60	1.000000e-60	1.000000e-60	1.000000e-60	1.000000e-60
	1.000000e-60	1.000000e-60	1.000000e-60	1.000000e-60	1.000000e-60
	1.000000e-60	1.000000e-60	1.000000e-60	1.000000e-60	1.000000e-60
	1.000000e-60	1.000000e-60	1.000000e-60	1.000000e-60	1.000000e-60
	1.000000e-60	1.000000e-60	1.000000e-60	1.000000e-60	1.000000e-60
	1.000000e-60	1.000000e-60	1.000000e-60	1.000000e-60	1.000000e-60
	1.000000e-60	1.000000e-60	1.000000e-60	1.000000e-60	1.000000e-60
	1.000000e-60	1.000000e-60	1.000000e-60	1.607665e-45	3.354055e-37
	7.982860e-37	1.262192e-36	1.726098e-36	2.190004e-36	2.653910e-36
	3.117816e-36	3.583696e-36	1.848993e-34	7.434073e-34	1.306919e-33
	1.870430e-33	2.433941e-33	2.997453e-33	3.560964e-33	4.126457e-33
	4.295352e-33	3.712915e-33	3.126603e-33	2.540290e-33	1.953978e-33
	1.367665e-33	7.813530e-34	1.944684e-34	1.313263e-34	3.106180e-34
	4.899908e-34	6.693635e-34	8.487363e-34	1.028109e-33	1.207435e-33
	1.362392e-33	1.184086e-33	1.006407e-33	8.287287e-34	6.510502e-34
	4.733717e-34	2.956932e-34	1.180147e-34	1.120833e-36	9.690704e-37
	8.173088e-37	6.655471e-37	5.137855e-37	3.620239e-37	2.102622e-37
	5.823538e-38	9.490316e-37	2.488980e-36	4.030599e-36	5.572218e-36
	7.113838e-36	8.655457e-36	1.019708e-35	1.175195e-35	1.022514e-35
	8.629410e-36	7.033316e-36	5.437221e-36	3.841126e-36	2.245032e-36
	6.311207e-37	2.807830e-45	2.195448e-46	1.705722e-47	1.328247e-48
	1.035023e-49	7.856799e-51	3.961025e-52	1.000000e-60	1.000000e-60
	1.000000e-60	1.000000e-60	1.000000e-60	1.000000e-60	1.000000e-60
	1.000000e-60	1.000000e-60	1.001016e-51	1.368379e-49	1.611728e-40
	4.899052e-40	8.272755e-40	1.168732e-39	1.311100e-39	9.190908e-40
	5.141445e-40	1.138053e-40	1.665275e-42	1.108571e-42	5.542857e-43
	1.000000e-60
massfraction-C2H4
	1.000000e-60	7.160565e-23	1.432113e-22	2.148170e-22	2.856265e-22
	2.808098e-22	2.142221e-22	1.482457e-22	8.226919e-23	1.866306e-23
	1.000000e-60	1.000000e-60	1.000000e-60	1.000000e-60	1.000000e-60
	1.000000e-60	1.000000e-60	1.000000e-60	1.000000e-60	1.000000e-60
	1.000000e-60	1.000000e-60	1.000000e-60	1.000000e-60	1.000000e-60
	1.000000e-60	1.000000e-60	1.000000e-60	1.000000e-60	1.000000e-60
	1.000000e-60	1.000000e-60	1.000000e-60	1.000000e-60	1.000000e-60
	1.000000e-60	1.000000e-60	1.000000e-60	1.000000e-60	1.000000e-60
	1.000000e-60	1.000000e-60	1.000000e-60	1.000000e-60	1.000000e-60
	1.000000e-60	1.000000e-60	1.000000e-60	1.000000e-60	1.000000e-60
	1.000000e-60	1.000000e-60	1.000000e-60	1.000000e-60	1.000000e-60
	1.000000e-60	1.000000e-60	1.000000e-60	1.000000e-60	1.000000e-60
	1.000000e-60	1.000000e-60	1.000000e-60	1.000000e-60	1.000000e-60
	1.000000e-60	1.000000e-60	1.000000e-60	1.000000e-60	1.000000e-60
	1.000000e-60	1.000000e-60	1.000000e-60	1.000000e-60	1.000000e-60
	1.000000e-60	1.000000e-60	1.000000e-60	1.000000e-60	1.000000e-60
	1.000000e-60	1.000000e-60	1.000000e-60	1.000000e-60	1.000000e-60
	1.000000e-60	1.000000e-60	1.000000e-60	1.000000e-60	1.000000e-60
	1.000000e-60	1.000000e-60	1.000000e-60	1.000000e-60	1.000000e-60
	1.000000e-60	1.000000e-60	1.000000e-60	1.000000e-60	1.000000e-60
	1.000000e-60	1.000000e-60	1.000000e-60	1.000000e-60	1.000000e-60
	1.000000e-60	1.000000e-60	1.000000e-60	1.000000e-60	1.000000e-60
	1.000000e-60	1.000000e-60	1.000000e-60	1.000000e-60	1.000000e-60
	1.000000e-60	1.000000e-60	1.000000e-60	1.000000e-60	1.000000e-60
	1.000000e-60	1.000000e-60	1.000000e-60	1.000000e-60	1.000000e-60
	1.000000e-60	1.000000e-60	1.000000e-60	1.000000e-60	1.000000e-60
	1.000000e-60	1.000000e-60	1.000000e-60	1.000000e-60	1.000000e-60
	1.000000e-60	1.000000e-60	1.000000e-60	1.000000e-60	1.000000e-60
	1.000000e-60
massfraction-C2H5
	1.000000e-60	1.000000e-60	1.000000e-60	1.000000e-60	1.000000e-60
	1.000000e-60	1.000000e-60	1.000000e-60	1.000000e-60	1.000000e-60
	1.000000e-60	1.000000e-60	1.000000e-60	1.000000e-60	1.000000e-60
	1.000000e-60	1.000000e-60	1.000000e-60	1.000000e-60	1.000000e-60
	1.000000e-60	1.000000e-60	1.000000e-60	1.000000e-60	1.000000e-60
	1.000000e-60	1.000000e-60	1.000000e-60	1.000000e-60	1.000000e-60
	1.000000e-60	1.000000e-60	1.000000e-60	1.000000e-60	1.000000e-60
	1.000000e-60	1.000000e-60	1.000000e-60	1.000000e-60	1.000000e-60
	1.000000e-60	1.000000e-60	1.000000e-60	1.000000e-60	1.000000e-60
	1.000000e-60	1.000000e-60	1.000000e-60	1.000000e-60	1.000000e-60
	1.000000e-60	1.000000e-60	1.000000e-60	1.000000e-60	1.000000e-60
	1.000000e-60	1.000000e-60	1.000000e-60	1.000000e-60	1.000000e-60
	1.000000e-60	1.000000e-60	1.000000e-60	1.000000e-60	1.000000e-60
	1.000000e-60	1.000000e-60	1.000000e-60	1.000000e-60	1.000000e-60
	1.000000e-60	1.000000e-60	1.000000e-60	1.000000e-60	1.000000e-60
	1.000000e-60	1.000000e-60	1.000000e-60	1.000000e-60	1.000000e-60
	1.000000e-60	1.000000e-60	1.000000e-60	1.000000e-60	1.000000e-60
	1.000000e-60	1.000000e-60	1.000000e-60	1.000000e-60	1.000000e-60
	1.000000e-60	1.000000e-60	1.000000e-60	1.000000e-60	1.000000e-60
	1.000000e-60	1.000000e-60	1.000000e-60	1.000000e-60	1.000000e-60
	1.000000e-60	1.000000e-60	1.000000e-60	1.000000e-60	1.000000e-60
	1.000000e-60	1.000000e-60	1.000000e-60	1.000000e-60	1.000000e-60
	1.000000e-60	1.000000e-60	1.000000e-60	1.000000e-60	1.000000e-60
	1.000000e-60	1.000000e-60	1.000000e-60	1.000000e-60	1.000000e-60
	1.000000e-60	1.000000e-60	1.000000e-60	1.000000e-60	1.000000e-60
	1.000000e-60	1.000000e-60	1.000000e-60	1.000000e-60	1.000000e-60
	1.000000e-60	1.000000e-60	1.000000e-60	1.000000e-60	1.000000e-60
	1.000000e-60	1.000000e-60	1.000000e-60	1.000000e-60	1.000000e-60
	1.000000e-60
massfraction-C3H4
	1.000000e-60	2.621509e-39	5.243017e-39	7.864526e-39	1.045689e-38
	1.028055e-38	7.842749e-39	5.427327e-39	3.011904e-39	6.832614e-40
	1.000000e-60	1.000000e-60	1.000000e-60	1.000000e-60	1.000000e-60
	1.000000e-60	1.000000e-60	1.000000e-60	1.000000e-60	1.000000e-60
	1.000000e-60	1.000000e-60	1.000000e-60	1.000000e-60	1.000000e-60
	1.000000e-60	1.000000e-60	1.000000e-60	1.000000e-60	1.000000e-60
	1.000000e-60	1.000000e-60	1.000000e-60	1.000000e-60	1.000000e-60
	1.000000e-60	1.000000e-60	1.000000e-60	1.000000e-60	1.000000e-60
	1.000000e-60	1.000000e-60	1.000000e-60	1.000000e-60	1.000000e-60
	1.000000e-60	1.000000e-60	1.000000e-60	1.000000e-60	1.000000e-60
	1.000000e-60	1.000000e-60	1.000000e-60	1.000000e-60	1.000000e-60
	1.000000e-60	1.000000e-60	1.000000e-60	1.000000e-60	1.000000e-60
	1.000000e-60	1.000000e-60	1.000000e-60	1.000000e-60	1.000000e-60
	1.000000e-60	1.000000e-60	1.000000e-60	1.000000e-60	1.000000e-60
	1.000000e-60	1.000000e-60	1.000000e-60	1.000000e-60	1.000000e-60
	1.000000e-60	1.000000e-60	1.000000e-60	1.000000e-60	1.000000e-60
	1.000000e-60	1.000000e-60	1.000000e-60	1.000000e-60	1.000000e-60
	1.000000e-60	1.000000e-60	1.000000e-60	1.000000e-60	1.000000e-60
	1.000000e-60	1.000000e-60	1.000000e-60	1.000000e-60	1.000000e-60
	1.000000e-60	1.000000e-60	1.000000e-60	1.000000e-60	1.000000e-60
	1.000000e-60	1.000000e-60	1.000000e-60	1.000000e-60	1.000000e-60
	1.000000e-60	1.000000e-60	1.000000e-60	1.000000e-60	1.000000e-60
	1.000000e-60	1.000000e-60	1.000000e-60	1.000000e-60	1.000000e-60
	1.000000e-60	1.000000e-60	1.000000e-60	1.000000e-60	1.000000e-60
	1.000000e-60	1.000000e-60	1.000000e-60	1.000000e-60	1.000000e-60
	1.000000e-60	1.000000e-60	1.000000e-60	1.000000e-60	1.000000e-60
	1.000000e-60	1.000000e-60	1.000000e-60	1.000000e-60	1.000000e-60
	1.000000e-60	1.000000e-60	1.000000e-60	1.000000e-60	1.000000e-60
	1.000000e-60
massfraction-C3H5
	1.000000e-60	1.000000e-60	1.000000e-60	1.000000e-60	1.000000e-60
	1.000000e-60	1.000000e-60	1.000000e-60	1.000000e-60	1.000000e-60
	1.000000e-60	1.000000e-60	1.000000e-60	1.000000e-60	1.000000e-60
	1.000000e-60	1.000000e-60	1.000000e-60	1.000000e-60	1.000000e-60
	1.000000e-60	1.000000e-60	1.000000e-60	1.000000e-60	1.000000e-60
	1.000000e-60	1.000000e-60	1.000000e-60	1.000000e-60	1.000000e-60
	1.000000e-60	1.000000e-60	1.000000e-60	1.000000e-60	1.000000e-60
	1.000000e-60	1.000000e-60	1.000000e-60	1.000000e-60	1.000000e-60
	1.000000e-60	1.000000e-60	1.000000e-60	1.000000e-60	1.000000e-60
	1.000000e-60	1.000000e-60	1.000000e-60	1.000000e-60	1.000000e-60
	1.000000e-60	1.000000e-60	1.000000e-60	1.000000e-60	1.000000e-60
	1.000000e-60	1.000000e-60	1.000000e-60	1.000000e-60	1.000000e-60
	1.000000e-60	1.000000e-60	1.000000e-60	1.000000e-60	1.000000e-60
	1.000000e-60	1.000000e-60	1.000000e-60	1.000000e-60	1.000000e-60
	1.000000e-60	1.000000e-60	1.000000e-60	1.000000e-60	1.000000e-60
	1.000000e-60	1.000000e-60	1.000000e-60	1.000000e-60	1.000000e-60
	1.000000e-60	1.000000e-60	1.000000e-60	1.000000e-60	1.000000e-60
	1.000000e-60	1.000000e-60	1.000000e-60	1.000000e-60	1.000000e-60
	1.000000e-60	1.000000e-60	1.000000e-60	1.000000e-60	1.000000e-60
	1.000000e-60	1.000000e-60	1.000000e-60	1.000000e-60	1.000000e-60
	1.000000e-60	1.000000e-60	1.000000e-60	1.000000e-60	1.000000e-60
	1.000000e-60	1.000000e-60	1.000000e-60	1.000000e-60	1.000000e-60
	1.000000e-60	1.000000e-60	1.000000e-60	1.000000e-60	1.000000e-60
	1.000000e-60	1.000000e-60	1.000000e-60	1.000000e-60	1.000000e-60
	1.000000e-60	1.000000e-60	1.000000e-60	1.000000e-60	1.000000e-60
	1.000000e-60	1.000000e-60	1.000000e-60	1.000000e-60	1.000000e-60
	1.000000e-60	1.000000e-60	1.000000e-60	1.000000e-60	1.000000e-60
	1.000000e-60	1.000000e-60	1.000000e-60	1.000000e-60	1.000000e-60
	1.000000e-60
massfraction-C3H6
	1.000000e-60	4.492402e-30	8.984803e-30	1.347721e-29	1.791966e-29
	2.222389e-29	2.640148e-29	3.054073e-29	3.467998e-29	3.867052e-29
	4.238418e-29	4.587751e-29	4.932071e-29	5.276391e-29	5.620711e-29
	5.951696e-29	6.287206e-29	6.612380e-29	6.933829e-29	7.255278e-29
	7.576726e-29	7.898175e-29	8.215423e-29	8.898551e-29	1.010242e-28
	1.128410e-28	1.246579e-28	1.364748e-28	1.482917e-28	1.601085e-28
	1.719156e-28	1.829738e-28	1.864113e-28	1.898180e-28	1.932248e-28
	1.966316e-28	2.000383e-28	2.034451e-28	2.068519e-28	2.102586e-28
	2.102428e-28	2.051831e-28	2.001234e-28	1.950637e-28	1.900040e-28
	1.849444e-28	1.798847e-28	1.748250e-28	1.697355e-28	1.650912e-28
	1.605903e-28	1.560794e-28	1.515685e-28	1.470576e-28	1.425468e-28
	1.380359e-28	1.335058e-28	1.294315e-28	1.263724e-28	1.232860e-28
	1.201995e-28	1.171130e-28	1.140265e-28	1.109400e-28	1.078426e-28
	1.050990e-28	1.030483e-28	1.009841e-28	9.891979e-29	9.685553e-29
	9.479126e-29	9.272699e-29	9.066071e-29	8.899638e-29	8.751687e-29
	8.603669e-29	8.455651e-29	8.307633e-29	8.159615e-29	8.011636e-29
	7.866430e-29	7.752890e-29	7.639749e-29	7.526609e-29	7.413468e-29
	7.300328e-29	7.187187e-29	7.074047e-29	6.964122e-29	6.860375e-29
	6.756627e-29	6.652880e-29	6.549132e-29	6.445385e-29	6.341637e-29
	6.237708e-29	6.135207e-29	6.033482e-29	5.931646e-29	5.829811e-29
	5.727975e-29	5.626139e-29	5.524304e-29	5.421593e-29	5.317615e-29
	5.212728e-29	5.107817e-29	5.002906e-29	4.897995e-29	4.793085e-29
	4.687003e-29	4.577777e-29	4.465775e-29	4.352971e-29	4.240167e-29
	4.127363e-29	4.014559e-29	3.899166e-29	3.777637e-29	3.651602e-29
	3.524607e-29	3.397613e-29	3.270619e-29	3.140072e-29	3.000359e-29
	2.852973e-29	2.703527e-29	2.554082e-29	2.400752e-29	2.234949e-29
	2.055851e-29	1.872046e-29	1.686015e-29	1.488474e-29	1.274589e-29
	1.053646e-29	8.352166e-30	6.227188e-30	4.145431e-30	2.072715e-30
	1.000000e-60
massfraction-N-C3H7
	1.000000e-60	1.000000e-60	1.000000e-60	1.000000e-60	1.000000e-60
	1.000000e-60	1.000000e-60	1.000000e-60	1.000000e-60	1.000000e-60
	1.000000e-60	1.000000e-60	1.000000e-60	1.000000e-60	1.000000e-60
	1.000000e-60	1.000000e-60	1.000000e-60	1.000000e-60	1.000000e-60
	1.000000e-60	1.000000e-60	1.000000e-60	1.000000e-60	1.000000e-60
	1.000000e-60	1.000000e-60	1.000000e-60	1.000000e-60	1.000000e-60
	1.000000e-60	1.000000e-60	1.000000e-60	1.000000e-60	1.000000e-60
	1.000000e-60	1.000000e-60	1.000000e-60	1.000000e-60	1.000000e-60
	1.000000e-60	1.000000e-60	1.000000e-60	1.000000e-60	1.000000e-60
	1.000000e-60	1.000000e-60	1.000000e-60	1.000000e-60	1.000000e-60
	1.000000e-60	1.000000e-60	1.000000e-60	1.000000e-60	1.000000e-60
	1.000000e-60	1.000000e-60	1.000000e-60	1.000000e-60	1.000000e-60
	1.000000e-60	1.000000e-60	1.000000e-60	1.000000e-60	1.000000e-60
	1.000000e-60	1.000000e-60	1.000000e-60	1.000000e-60	1.000000e-60
	1.000000e-60	1.000000e-60	1.000000e-60	1.000000e-60	1.000000e-60
	1.000000e-60	1.000000e-60	1.000000e-60	1.000000e-60	1.000000e-60
	1.000000e-60	1.000000e-60	1.000000e-60	1.000000e-60	1.000000e-60
	1.000000e-60	1.000000e-60	1.000000e-60	1.000000e-60	1.000000e-60
	1.000000e-60	1.000000e-60	1.000000e-60	1.000000e-60	1.000000e-60
	1.000000e-60	1.000000e-60	1.000000e-60	1.000000e-60	1.000000e-60
	1.000000e-60	1.000000e-60	1.000000e-60	1.000000e-60	1.000000e-60
	1.000000e-60	1.000000e-60	1.000000e-60	1.000000e-60	1.000000e-60
	1.000000e-60	1.000000e-60	1.000000e-60	1.000000e-60	1.000000e-60
	1.000000e-60	1.000000e-60	1.000000e-60	1.000000e-60	1.000000e-60
	1.000000e-60	1.000000e-60	1.000000e-60	1.000000e-60	1.000000e-60
	1.000000e-60	1.000000e-60	1.000000e-60	1.000000e-60	1.000000e-60
	1.000000e-60	1.000000e-60	1.000000e-60	1.000000e-60	1.000000e-60
	1.000000e-60	1.000000e-60	1.000000e-60	1.000000e-60	1.000000e-60
	1.000000e-60
massfraction-I-C3H7
	1.000000e-60	7.132438e-61	5.139174e-61	3.193433e-61	1.275977e-61
	3.670726e-62	2.842437e-62	2.023316e-62	1.204868e-62	4.161266e-63
	1.133659e-61	2.665736e-61	4.175829e-61	5.685925e-61	7.196023e-61
	8.647641e-61	9.000004e-61	9.000002e-61	9.000001e-61	9.000000e-61
	9.000000e-61	8.999999e-61	8.999999e-61	8.999999e-61	9.000000e-61
	9.000000e-61	9.000000e-61	9.000001e-61	9.000002e-61	9.000002e-61
	9.000004e-61	9.000005e-61	9.000006e-61	9.000008e-61	9.000010e-61
	9.000012e-61	9.000014e-61	9.000017e-61	9.000020e-61	9.000023e-61
	9.000027e-61	9.000031e-61	9.000036e-61	9.000041e-61	9.000047e-61
	9.000053e-61	9.000060e-61	9.000068e-61	9.000077e-61	9.000086e-61
	9.000097e-61	9.000109e-61	9.000122e-61	9.000137e-61	9.000153e-61
	9.000171e-61	9.000190e-61	9.000212e-61	9.000236e-61	9.000263e-61
	9.000293e-61	9.000325e-61	9.000361e-61	9.000400e-61	9.000443e-61
	9.000491e-61	9.000544e-61	9.000602e-61	9.000666e-61	9.000736e-61
	9.000813e-61	9.000897e-61	9.000988e-61	9.001088e-61	9.001197e-61
	9.001316e-61	9.001446e-61	9.001587e-61	9.001740e-61	9.001907e-61
	9.002087e-61	9.002281e-61	9.002491e-61	9.002718e-61	9.002964e-61
	9.003230e-61	9.003518e-61	9.003829e-61	8.607236e-61	7.448332e-61
	6.289457e-61	5.130614e-61	3.971803e-61	2.813029e-61	1.654293e-61
	4.935735e-62	5.512300e-63	6.516285e-63	7.526583e-63	8.542490e-63
	9.564420e-63	1.059281e-62	1.162815e-62	1.267993e-62	1.440641e-62
	1.616887e-62	1.794166e-62	1.972512e-62	2.152007e-62	2.332739e-62
	2.516842e-62	2.781290e-62	3.100265e-62	3.423457e-62	3.748748e-62
	4.076316e-62	4.406350e-62	4.746727e-62	5.279154e-62	5.887961e-62
	6.505801e-62	7.128493e-62	7.756520e-62	8.408235e-62	9.428295e-62
	1.066189e-61	1.192390e-61	1.319856e-61	1.452122e-61	1.650101e-61
	1.917427e-61	2.195060e-61	2.480068e-61	2.862376e-61	3.468297e-61
	4.104641e-61	4.747428e-61	5.880286e-61	7.207411e-61	8.566290e-61
	1.000000e-60
massfraction-C3H8
	1.000000e-60	1.000000e-60	1.000000e-60	1.000000e-60	1.000000e-60
	1.000000e-60	1.000000e-60	1.000000e-60	1.000000e-60	1.000000e-60
	1.000000e-60	1.000000e-60	1.000000e-60	1.000000e-60	1.000000e-60
	1.000000e-60	1.000000e-60	1.000000e-60	1.000000e-60	1.000000e-60
	1.000000e-60	1.000000e-60	1.000000e-60	1.000000e-60	1.000000e-60
	1.000000e-60	1.000000e-60	1.000000e-60	1.000000e-60	1.000000e-60
	1.000000e-60	1.000000e-60	1.000000e-60	1.000000e-60	1.000000e-60
	1.000000e-60	1.000000e-60	1.000000e-60	1.000000e-60	1.000000e-60
	1.000000e-60	1.000000e-60	1.000000e-60	1.000000e-60	1.000000e-60
	1.000000e-60	1.000000e-60	1.000000e-60	1.000000e-60	1.000000e-60
	1.000000e-60	1.000000e-60	1.000000e-60	1.000000e-60	1.000000e-60
	1.000000e-60	1.000000e-60	1.000000e-60	1.000000e-60	1.000000e-60
	1.000000e-60	1.000000e-60	1.000000e-60	1.000000e-60	1.000000e-60
	1.000000e-60	1.000000e-60	1.000000e-60	1.000000e-60	1.000000e-60
	1.000000e-60	1.000000e-60	1.000000e-60	1.000000e-60	1.000000e-60
	1.000000e-60	1.000000e-60	1.000000e-60	1.000000e-60	1.000000e-60
	1.000000e-60	1.000000e-60	1.000000e-60	1.000000e-60	1.000000e-60
	1.000000e-60	1.000000e-60	1.000000e-60	1.000000e-60	1.000000e-60
	1.000000e-60	1.000000e-60	1.000000e-60	1.000000e-60	1.000000e-60
	1.000000e-60	1.000000e-60	1.000000e-60	1.000000e-60	1.000000e-60
	1.000000e-60	1.000000e-60	1.000000e-60	1.000000e-60	1.000000e-60
	1.000000e-60	1.000000e-60	1.000000e-60	1.000000e-60	1.000000e-60
	1.000000e-60	1.000000e-60	1.000000e-60	1.000000e-60	1.000000e-60
	1.000000e-60	1.000000e-60	1.000000e-60	1.000000e-60	1.000000e-60
	1.000000e-60	1.000000e-60	1.000000e-60	1.000000e-60	1.000000e-60
	1.000000e-60	1.000000e-60	1.000000e-60	1.000000e-60	1.000000e-60
	1.000000e-60	1.000000e-60	1.000000e-60	1.000000e-60	1.000000e-60
	1.000000e-60	1.000000e-60	1.000000e-60	1.000000e-60	1.000000e-60
	1.000000e-60
W
	2.885106e+01	2.860581e+01	2.836470e+01	2.812761e+01	2.789703e+01
	2.767720e+01	2.746713e+01	2.726210e+01	2.706011e+01	2.686820e+01
	2.669529e+01	2.653607e+01	2.638097e+01	2.622768e+01	2.607616e+01
	2.593215e+01	2.580251e+01	2.568256e+01	2.556508e+01	2.544866e+01
	2.533330e+01	2.521898e+01	2.510716e+01	2.500111e+01	2.490106e+01
	2.480364e+01	2.470697e+01	2.461105e+01	2.451588e+01	2.442144e+01
	2.432780e+01	2.423583e+01	2.414623e+01	2.405808e+01	2.397057e+01
	2.388369e+01	2.379744e+01	2.371181e+01	2.362680e+01	2.354239e+01
	2.345858e+01	2.337537e+01	2.329275e+01	2.321071e+01	2.312924e+01
	2.304835e+01	2.296801e+01	2.288824e+01	2.280855e+01	2.272832e+01
	2.264783e+01	2.256773e+01	2.248820e+01	2.240923e+01	2.233081e+01
	2.225293e+01	2.217527e+01	2.209679e+01	2.201711e+01	2.193729e+01
	2.185806e+01	2.177939e+01	2.170129e+01	2.162375e+01	2.154649e+01
	2.146871e+01	2.139020e+01	2.131173e+01	2.123384e+01	2.115652e+01
	2.107976e+01	2.100355e+01	2.092782e+01	2.085245e+01	2.077749e+01
	2.070303e+01	2.062910e+01	2.055569e+01	2.048281e+01	2.041046e+01
	2.033890e+01	2.026836e+01	2.019856e+01	2.012923e+01	2.006038e+01
	1.999199e+01	1.992408e+01	1.985662e+01	1.978961e+01	1.972306e+01
	1.965695e+01	1.959129e+01	1.952606e+01	1.946126e+01	1.939690e+01
	1.933284e+01	1.926892e+01	1.920517e+01	1.914178e+01	1.907880e+01
	1.901623e+01	1.895407e+01	1.889232e+01	1.883044e+01	1.876791e+01
	1.870524e+01	1.864298e+01	1.858113e+01	1.851969e+01	1.845865e+01
	1.839734e+01	1.833464e+01	1.827079e+01	1.820692e+01	1.814350e+01
	1.808053e+01	1.801798e+01	1.795445e+01	1.788802e+01	1.781965e+01
	1.775128e+01	1.768344e+01	1.761611e+01	1.754743e+01	1.747452e+01
	1.739826e+01	1.732161e+01	1.724563e+01	1.716837e+01	1.708560e+01
	1.699708e+01	1.690719e+01	1.681717e+01	1.672262e+01	1.662144e+01
	1.651820e+01	1.641739e+01	1.632049e+01	1.622666e+01	1.613431e+01
	1.604300e+01
ZBilger
	0.000000e+00	1.073879e-02	2.147758e-02	3.221636e-02	4.283576e-02
	5.312471e-02	6.311094e-02	7.300551e-02	8.290008e-02	9.243917e-02
	1.011507e-01	1.092736e-01	1.172800e-01	1.252863e-01	1.332927e-01
	1.409890e-01	1.479902e-01	1.545315e-01	1.609980e-01	1.674644e-01
	1.739308e-01	1.803972e-01	1.867791e-01	1.928850e-01	1.986924e-01
	2.043928e-01	2.100932e-01	2.157936e-01	2.214941e-01	2.271945e-01
	2.328901e-01	2.385269e-01	2.440602e-01	2.495441e-01	2.550279e-01
	2.605118e-01	2.659957e-01	2.714796e-01	2.769634e-01	2.824473e-01
	2.879312e-01	2.934151e-01	2.988989e-01	3.043828e-01	3.098667e-01
	3.153506e-01	3.208344e-01	3.263183e-01	3.318345e-01	3.374279e-01
	3.430786e-01	3.487418e-01	3.544050e-01	3.600682e-01	3.657314e-01
	3.713947e-01	3.770820e-01	3.828705e-01	3.887891e-01	3.947607e-01
	4.007323e-01	4.067039e-01	4.126756e-01	4.186472e-01	4.246398e-01
	4.307156e-01	4.368945e-01	4.431146e-01	4.493347e-01	4.555548e-01
	4.617749e-01	4.679950e-01	4.742212e-01	4.804623e-01	4.867151e-01
	4.929708e-01	4.992265e-01	5.054821e-01	5.117378e-01	5.179918e-01
	5.242208e-01	5.304045e-01	5.365665e-01	5.427285e-01	5.488905e-01
	5.550525e-01	5.612144e-01	5.673764e-01	5.735384e-01	5.797004e-01
	5.858624e-01	5.920244e-01	5.981864e-01	6.043483e-01	6.105103e-01
	6.166831e-01	6.228841e-01	6.291095e-01	6.353416e-01	6.415736e-01
	6.478057e-01	6.540378e-01	6.602699e-01	6.665556e-01	6.729499e-01
	6.794008e-01	6.858531e-01	6.923054e-01	6.987577e-01	7.052100e-01
	7.117344e-01	7.184521e-01	7.253405e-01	7.322783e-01	7.392161e-01
	7.461539e-01	7.530917e-01	7.601887e-01	7.676632e-01	7.754147e-01
	7.832253e-01	7.910359e-01	7.988464e-01	8.068755e-01	8.154683e-01
	8.245330e-01	8.337244e-01	8.429158e-01	8.523460e-01	8.625434e-01
	8.735586e-01	8.848631e-01	8.963046e-01	9.084541e-01	9.216087e-01
	9.351974e-01	9.486315e-01	9.617008e-01	9.745043e-01	9.872521e-01
	1.000000e+00
chi [1/s]
	0.000000e+00	6.453694e-02	2.125779e-01	4.185974e-01	6.668359e-01
	9.415026e-01	1.236534e+00	1.546622e+00	1.875487e+00	2.206839e+00
	2.519213e+00	2.818312e+00	3.120091e+00	3.420871e+00	3.727659e+00
	4.028177e+00	4.296614e+00	4.554810e+00	4.803339e+00	5.058341e+00
	5.306854e+00	5.559092e+00	5.804487e+00	6.038435e+00	6.262678e+00
	6.475774e+00	6.690764e+00	6.904688e+00	7.113012e+00	7.322261e+00
	7.529215e+00	7.728634e+00	7.924450e+00	8.117107e+00	8.303278e+00
	8.488819e+00	8.673499e+00	8.851786e+00	9.027802e+00	9.202367e+00
	9.373163e+00	9.538842e+00	9.702553e+00	9.864096e+00	1.001957e+01
	1.017182e+01	1.032148e+01	1.046776e+01	1.060889e+01	1.074892e+01
	1.088705e+01	1.102056e+01	1.114893e+01	1.127359e+01	1.139438e+01
	1.150952e+01	1.162055e+01	1.172925e+01	1.183573e+01	1.193673e+01
	1.203283e+01	1.212391e+01	1.220945e+01	1.228914e+01	1.236384e+01
	1.243407e+01	1.249931e+01	1.255891e+01	1.261253e+01	1.266008e+01
	1.270128e+01	1.273638e+01	1.276535e+01	1.278812e+01	1.280464e+01
	1.281488e+01	1.281881e+01	1.281644e+01	1.280776e+01	1.279279e+01
	1.277163e+01	1.274442e+01	1.271124e+01	1.267206e+01	1.262673e+01
	1.257534e+01	1.251806e+01	1.245497e+01	1.238548e+01	1.231027e+01
	1.222944e+01	1.214265e+01	1.204970e+01	1.195138e+01	1.184783e+01
	1.173745e+01	1.162120e+01	1.149948e+01	1.137180e+01	1.123784e+01
	1.109925e+01	1.095620e+01	1.080561e+01	1.064952e+01	1.048665e+01
	1.031511e+01	1.013862e+01	9.958578e+00	9.771859e+00	9.580080e+00
	9.383320e+00	9.173845e+00	8.954015e+00	8.730442e+00	8.498003e+00
	8.263201e+00	8.025182e+00	7.774089e+00	7.509653e+00	7.226385e+00
	6.940462e+00	6.648043e+00	6.354432e+00	6.047676e+00	5.719223e+00
	5.366332e+00	5.010995e+00	4.652124e+00	4.283533e+00	3.888565e+00
	3.465651e+00	3.037332e+00	2.612521e+00	2.175289e+00	1.725872e+00
	1.287246e+00	8.934100e-01	5.560692e-01	2.834605e-01	8.690232e-02
	0.000000e+00
density
	1.156679e+00	1.146846e+00	1.137180e+00	1.127675e+00	1.118431e+00
	1.109617e+00	1.101195e+00	1.092976e+00	1.084878e+00	1.077184e+00
	1.070252e+00	1.063868e+00	1.057650e+00	1.051504e+00	1.045430e+00
	1.039656e+00	1.034459e+00	1.029650e+00	1.024940e+00	1.020273e+00
	1.015648e+00	1.011064e+00	1.006582e+00	1.002330e+00	9.983186e-01
	9.944127e-01	9.905372e-01	9.866918e-01	9.828761e-01	9.790898e-01
	9.753357e-01	9.716487e-01	9.680564e-01	9.645222e-01	9.610138e-01
	9.575308e-01	9.540729e-01	9.506399e-01	9.472316e-01	9.438476e-01
	9.404877e-01	9.371516e-01	9.338391e-01	9.305499e-01	9.272839e-01
	9.240407e-01	9.208200e-01	9.176218e-01	9.144271e-01	9.112102e-01
	9.079834e-01	9.047722e-01	9.015836e-01	8.984174e-01	8.952734e-01
	8.921514e-01	8.890379e-01	8.858912e-01	8.826967e-01	8.794969e-01
	8.763202e-01	8.731664e-01	8.700352e-01	8.669264e-01	8.638289e-01
	8.607109e-01	8.575630e-01	8.544173e-01	8.512945e-01	8.481946e-01
	8.451171e-01	8.420619e-01	8.390257e-01	8.360041e-01	8.329986e-01
	8.300133e-01	8.270494e-01	8.241065e-01	8.211844e-01	8.182838e-01
	8.154151e-01	8.125871e-01	8.097884e-01	8.070090e-01	8.042486e-01
	8.015070e-01	7.987840e-01	7.960795e-01	7.933932e-01	7.907250e-01
	7.880747e-01	7.854420e-01	7.828270e-01	7.802292e-01	7.776487e-01
	7.750807e-01	7.725179e-01	7.699621e-01	7.674204e-01	7.648955e-01
	7.623871e-01	7.598951e-01	7.574193e-01	7.549385e-01	7.524315e-01
	7.499191e-01	7.474229e-01	7.449433e-01	7.424800e-01	7.400330e-01
	7.375750e-01	7.350612e-01	7.325012e-01	7.299408e-01	7.273983e-01
	7.248734e-01	7.223659e-01	7.198189e-01	7.171557e-01	7.144145e-01
	7.116736e-01	7.089536e-01	7.062543e-01	7.035009e-01	7.005778e-01
	6.975204e-01	6.944474e-01	6.914013e-01	6.883038e-01	6.849853e-01
	6.814365e-01	6.778324e-01	6.742234e-01	6.704328e-01	6.663765e-01
	6.622374e-01	6.581957e-01	6.543109e-01	6.505492e-01	6.468466e-01
	6.431859e-01
lambda [W/m K]
	2.525581e-02	2.540386e-02	2.554898e-02	2.569125e-02	2.582921e-02
	2.596037e-02	2.608536e-02	2.620702e-02	2.632657e-02	2.643986e-02
	2.654168e-02	2.663525e-02	2.672619e-02	2.681589e-02	2.690437e-02
	2.698830e-02	2.706370e-02	2.713336e-02	2.720147e-02	2.726885e-02
	2.733551e-02	2.740146e-02	2.746587e-02	2.752686e-02	2.758431e-02
	2.764018e-02	2.769554e-02	2.775039e-02	2.780474e-02	2.785859e-02
	2.791192e-02	2.796422e-02	2.801511e-02	2.806511e-02	2.811468e-02
	2.816383e-02	2.821256e-02	2.826087e-02	2.830878e-02	2.835628e-02
	2.840339e-02	2.845010e-02	2.849643e-02	2.854236e-02	2.858792e-02
	2.863311e-02	2.867792e-02	2.872236e-02	2.876670e-02	2.881130e-02
	2.885597e-02	2.890037e-02	2.894440e-02	2.898807e-02	2.903138e-02
	2.907433e-02	2.911711e-02	2.916029e-02	2.920407e-02	2.924786e-02
	2.929129e-02	2.933434e-02	2.937704e-02	2.941937e-02	2.946149e-02
	2.950384e-02	2.954654e-02	2.958915e-02	2.963139e-02	2.967328e-02
	2.971480e-02	2.975597e-02	2.979683e-02	2.983745e-02	2.987779e-02
	2.991781e-02	2.995750e-02	2.999685e-02	3.003587e-02	3.007456e-02
	3.011277e-02	3.015040e-02	3.018759e-02	3.022448e-02	3.026107e-02
	3.029736e-02	3.033337e-02	3.036909e-02	3.040452e-02	3.043968e-02
	3.047456e-02	3.050916e-02	3.054349e-02	3.057755e-02	3.061135e-02
	3.064494e-02	3.067843e-02	3.071178e-02	3.074492e-02	3.077779e-02
	3.081041e-02	3.084278e-02	3.087491e-02	3.090706e-02	3.093951e-02
	3.097199e-02	3.100423e-02	3.103621e-02	3.106795e-02	3.109943e-02
	3.113103e-02	3.116330e-02	3.119612e-02	3.122891e-02	3.126143e-02
	3.129369e-02	3.132568e-02	3.135814e-02	3.139203e-02	3.142687e-02
	3.146167e-02	3.149614e-02	3.153031e-02	3.156512e-02	3.160202e-02
	3.164056e-02	3.167923e-02	3.171751e-02	3.175637e-02	3.179794e-02
	3.184231e-02	3.188729e-02	3.193225e-02	3.197938e-02	3.202972e-02
	3.208096e-02	3.213090e-02	3.217880e-02	3.222508e-02	3.227055e-02
	3.231541e-02
cp [J/kg K]
	1.009633e+03	1.022394e+03	1.035155e+03	1.047915e+03	1.060534e+03
	1.072760e+03	1.084626e+03	1.096384e+03	1.108141e+03	1.119476e+03
	1.129828e+03	1.139480e+03	1.148994e+03	1.158508e+03	1.168022e+03
	1.177167e+03	1.185486e+03	1.193259e+03	1.200943e+03	1.208627e+03
	1.216311e+03	1.223995e+03	1.231578e+03	1.238834e+03	1.245734e+03
	1.252508e+03	1.259282e+03	1.266055e+03	1.272829e+03	1.279603e+03
	1.286371e+03	1.293069e+03	1.299644e+03	1.306160e+03	1.312676e+03
	1.319193e+03	1.325709e+03	1.332225e+03	1.338742e+03	1.345258e+03
	1.351774e+03	1.358291e+03	1.364807e+03	1.371323e+03	1.377840e+03
	1.384356e+03	1.390872e+03	1.397389e+03	1.403944e+03	1.410590e+03
	1.417305e+03	1.424034e+03	1.430764e+03	1.437493e+03	1.444222e+03
	1.450952e+03	1.457710e+03	1.464588e+03	1.471621e+03	1.478717e+03
	1.485813e+03	1.492909e+03	1.500005e+03	1.507101e+03	1.514222e+03
	1.521441e+03	1.528784e+03	1.536175e+03	1.543566e+03	1.550957e+03
	1.558348e+03	1.565740e+03	1.573138e+03	1.580554e+03	1.587984e+03
	1.595418e+03	1.602851e+03	1.610285e+03	1.617718e+03	1.625150e+03
	1.632551e+03	1.639899e+03	1.647221e+03	1.654544e+03	1.661866e+03
	1.669188e+03	1.676510e+03	1.683832e+03	1.691154e+03	1.698476e+03
	1.705798e+03	1.713121e+03	1.720443e+03	1.727765e+03	1.735087e+03
	1.742422e+03	1.749790e+03	1.757188e+03	1.764593e+03	1.771999e+03
	1.779404e+03	1.786810e+03	1.794215e+03	1.801684e+03	1.809282e+03
	1.816948e+03	1.824615e+03	1.832282e+03	1.839949e+03	1.847616e+03
	1.855369e+03	1.863352e+03	1.871537e+03	1.879781e+03	1.888025e+03
	1.896269e+03	1.904513e+03	1.912946e+03	1.921828e+03	1.931039e+03
	1.940320e+03	1.949601e+03	1.958882e+03	1.968423e+03	1.978633e+03
	1.989405e+03	2.000327e+03	2.011249e+03	2.022454e+03	2.034572e+03
	2.047661e+03	2.061094e+03	2.074689e+03	2.089126e+03	2.104758e+03
	2.120905e+03	2.136868e+03	2.152398e+03	2.167612e+03	2.182760e+03
	2.197908e+03
lambdaOverCp [kg/ms]
	2.501484e-05	2.484743e-05	2.468132e-05	2.451653e-05	2.435491e-05
	2.419960e-05	2.405009e-05	2.390314e-05	2.375741e-05	2.361806e-05
	2.349179e-05	2.337491e-05	2.326051e-05	2.314692e-05	2.303414e-05
	2.292649e-05	2.282920e-05	2.273887e-05	2.265009e-05	2.256184e-05
	2.247412e-05	2.238691e-05	2.230136e-05	2.221998e-05	2.214301e-05
	2.206787e-05	2.199312e-05	2.191878e-05	2.184483e-05	2.177128e-05
	2.169819e-05	2.162624e-05	2.155599e-05	2.148673e-05	2.141783e-05
	2.134929e-05	2.128111e-05	2.121328e-05	2.114581e-05	2.107870e-05
	2.101193e-05	2.094552e-05	2.087945e-05	2.081374e-05	2.074837e-05
	2.068334e-05	2.061865e-05	2.055431e-05	2.048993e-05	2.042500e-05
	2.035975e-05	2.029472e-05	2.023004e-05	2.016571e-05	2.010174e-05
	2.003811e-05	1.997455e-05	1.991023e-05	1.984483e-05	1.977922e-05
	1.971398e-05	1.964912e-05	1.958463e-05	1.952050e-05	1.945652e-05
	1.939203e-05	1.932683e-05	1.926158e-05	1.919671e-05	1.913223e-05
	1.906814e-05	1.900442e-05	1.894102e-05	1.887784e-05	1.881492e-05
	1.875234e-05	1.869013e-05	1.862829e-05	1.856681e-05	1.850572e-05
	1.844522e-05	1.838552e-05	1.832637e-05	1.826756e-05	1.820909e-05
	1.815096e-05	1.809316e-05	1.803570e-05	1.797856e-05	1.792176e-05
	1.786527e-05	1.780911e-05	1.775327e-05	1.769775e-05	1.764254e-05
	1.758756e-05	1.753263e-05	1.747780e-05	1.742323e-05	1.736897e-05
	1.731502e-05	1.726137e-05	1.720803e-05	1.715454e-05	1.710043e-05
	1.704616e-05	1.699220e-05	1.693855e-05	1.688522e-05	1.683219e-05
	1.677889e-05	1.672433e-05	1.666872e-05	1.661306e-05	1.655774e-05
	1.650277e-05	1.644813e-05	1.639259e-05	1.633447e-05	1.627459e-05
	1.621468e-05	1.615517e-05	1.609607e-05	1.603574e-05	1.597164e-05
	1.590453e-05	1.583703e-05	1.577006e-05	1.570190e-05	1.562881e-05
	1.555058e-05	1.547105e-05	1.539134e-05	1.530754e-05	1.521777e-05
	1.512608e-05	1.503645e-05	1.495021e-05	1.486663e-05	1.478429e-05
	1.470280e-05
mu [kg/sm]
	1.863292e-05	1.851236e-05	1.839325e-05	1.827556e-05	1.816055e-05
	1.805040e-05	1.794467e-05	1.784105e-05	1.773854e-05	1.764075e-05
	1.755232e-05	1.747061e-05	1.739077e-05	1.731160e-05	1.723311e-05
	1.715828e-05	1.709074e-05	1.702808e-05	1.696657e-05	1.690546e-05
	1.684477e-05	1.678449e-05	1.672539e-05	1.666921e-05	1.661610e-05
	1.656428e-05	1.651277e-05	1.646155e-05	1.641063e-05	1.636000e-05
	1.630971e-05	1.626023e-05	1.621192e-05	1.616432e-05	1.611697e-05
	1.606989e-05	1.602306e-05	1.597649e-05	1.593017e-05	1.588411e-05
	1.583829e-05	1.579272e-05	1.574740e-05	1.570233e-05	1.565749e-05
	1.561289e-05	1.556854e-05	1.552442e-05	1.548027e-05	1.543575e-05
	1.539102e-05	1.534643e-05	1.530209e-05	1.525798e-05	1.521412e-05
	1.517049e-05	1.512691e-05	1.508280e-05	1.503795e-05	1.499294e-05
	1.494820e-05	1.490370e-05	1.485945e-05	1.481545e-05	1.477154e-05
	1.472727e-05	1.468250e-05	1.463770e-05	1.459315e-05	1.454885e-05
	1.450481e-05	1.446102e-05	1.441744e-05	1.437400e-05	1.433072e-05
	1.428767e-05	1.424486e-05	1.420230e-05	1.415997e-05	1.411789e-05
	1.407622e-05	1.403507e-05	1.399430e-05	1.395374e-05	1.391341e-05
	1.387330e-05	1.383341e-05	1.379373e-05	1.375426e-05	1.371501e-05
	1.367597e-05	1.363714e-05	1.359851e-05	1.356009e-05	1.352188e-05
	1.348380e-05	1.344575e-05	1.340775e-05	1.336992e-05	1.333228e-05
	1.329485e-05	1.325761e-05	1.322057e-05	1.318341e-05	1.314580e-05
	1.310807e-05	1.307054e-05	1.303320e-05	1.299607e-05	1.295913e-05
	1.292199e-05	1.288395e-05	1.284517e-05	1.280632e-05	1.276770e-05
	1.272930e-05	1.269112e-05	1.265228e-05	1.261162e-05	1.256971e-05
	1.252774e-05	1.248604e-05	1.244460e-05	1.240227e-05	1.235727e-05
	1.231013e-05	1.226268e-05	1.221556e-05	1.216758e-05	1.211609e-05
	1.206094e-05	1.200482e-05	1.194852e-05	1.188928e-05	1.182576e-05
	1.176082e-05	1.169726e-05	1.163606e-05	1.157667e-05	1.151812e-05
	1.146011e-05
ProdRateCO2 [kg/m^3s]
	0.000000e+00	1.025673e-44	2.865904e-44	4.784344e-44	4.175262e-44
	1.495954e-21	4.066355e-21	6.571685e-21	8.863010e-21	1.092890e-20
	9.866753e-21	7.784715e-21	5.931088e-21	4.129345e-21	2.377945e-21
	1.102612e-53	1.082718e-53	2.697638e-22	1.416918e-22	1.029152e-53
	1.011922e-53	9.949595e-54	9.784772e-54	9.629434e-54	1.835230e-21
	2.951522e-21	7.031857e-21	9.413477e-21	1.034292e-20	8.700753e-21
	1.182998e-20	1.368641e-20	1.304091e-20	1.119663e-20	9.373078e-21
	7.599144e-21	5.874637e-21	4.198650e-21	2.570273e-21	9.886161e-22
	6.464197e-23	5.599714e-23	4.759127e-23	3.941995e-23	3.147889e-23
	2.376386e-23	1.627072e-23	8.995409e-24	1.892964e-24	4.007747e-42
	4.228312e-42	4.320110e-42	4.285142e-42	4.200170e-42	4.095625e-42
	4.008823e-42	3.984568e-42	1.362153e-24	5.472301e-24	9.478944e-24
	1.334735e-23	1.708020e-23	2.068009e-23	2.414958e-23	2.750272e-23
	2.945431e-23	2.894117e-23	2.843095e-23	2.792697e-23	2.742915e-23
	2.693739e-23	2.645160e-23	2.597122e-23	6.642074e-23	1.239256e-22
	1.792090e-22	2.322881e-22	2.832056e-22	3.320035e-22	3.787108e-22
	4.171355e-22	3.699987e-22	3.246762e-22	2.809686e-22	2.388460e-22
	1.982792e-22	1.592392e-22	1.216980e-22	9.281093e-23	7.857009e-23
	6.487560e-23	5.171748e-23	3.908594e-23	2.697138e-23	1.536440e-23
	4.236777e-24	9.499002e-26	7.962856e-26	6.489107e-26	5.078296e-26
	3.729282e-26	2.440946e-26	1.212189e-26	3.211849e-28	9.983355e-29
	8.206520e-29	6.513253e-29	4.902414e-29	3.372481e-29	1.921961e-29
	5.345053e-30	1.190400e-31	9.703866e-32	7.610537e-32	5.637814e-32
	3.783341e-32	2.044809e-32	3.839858e-33	2.943439e-43	2.655882e-43
	2.388435e-43	2.138765e-43	1.907448e-43	1.690377e-43	1.191620e-39
	2.835774e-39	4.294659e-39	5.549139e-39	6.629221e-39	6.549366e-39
	5.503076e-39	4.533600e-39	3.656784e-39	2.756823e-39	1.764867e-39
	9.624010e-40	3.832034e-40	1.658232e-40	7.264266e-41	1.795449e-41
	0.000000e+00
ProdRateH2O [kg/m^3s]
	0.000000e+00	2.402798e-24	6.801637e-24	1.156645e-23	1.059294e-23
	7.783867e-24	2.492896e-23	4.564480e-23	6.990110e-23	9.648593e-23
	2.316109e-22	3.751509e-22	4.830603e-22	5.587769e-22	6.033918e-22
	6.179416e-22	7.847118e-22	9.119888e-22	9.455349e-22	8.898339e-22
	7.473038e-22	5.202969e-22	2.156641e-22	3.305891e-24	3.034107e-24
	2.750561e-24	1.660573e-22	2.783800e-22	1.778633e-22	1.458353e-24
	1.098042e-24	5.958835e-24	8.040222e-23	1.354733e-22	1.976452e-22
	2.583291e-22	3.175523e-22	3.753416e-22	4.317233e-22	4.867229e-22
	4.912552e-22	4.245373e-22	3.599549e-22	2.974678e-22	2.373184e-22
	4.051124e-22	5.626224e-22	7.014848e-22	8.087555e-22	9.006728e-22
	9.630674e-22	9.974048e-22	1.011950e-21	1.015542e-21	1.014549e-21
	1.014691e-21	1.020567e-21	1.032371e-21	1.047902e-21	1.063139e-21
	1.079163e-21	1.090107e-21	1.094039e-21	1.088327e-21	1.077586e-21
	1.068361e-21	1.065803e-21	1.070091e-21	1.080678e-21	1.095664e-21
	1.112135e-21	1.125361e-21	1.129864e-21	5.552403e-18	1.375662e-17
	2.205559e-17	3.044305e-17	3.891649e-17	4.747345e-17	5.610925e-17
	6.367928e-17	5.560311e-17	4.747168e-17	3.925899e-17	3.096728e-17
	2.259872e-17	1.415547e-17	5.639603e-18	9.505684e-22	9.319442e-22
	9.107796e-22	8.884167e-22	8.655437e-22	8.424881e-22	8.193762e-22
	7.961445e-22	7.725086e-22	7.486364e-22	7.248925e-22	7.014395e-22
	6.783414e-22	6.556235e-22	6.332878e-22	6.111130e-22	5.888286e-22
	5.664926e-22	5.453614e-22	5.246069e-22	5.045255e-22	4.848375e-22
	4.648397e-22	4.450999e-22	4.254312e-22	4.063563e-22	3.874867e-22
	3.689832e-22	3.511401e-22	3.334550e-22	3.152519e-22	2.972469e-22
	2.797392e-22	2.624541e-22	2.455594e-22	2.289412e-22	1.707053e-18
	4.319749e-18	6.980693e-18	9.652831e-18	1.240542e-17	1.332271e-17
	1.232496e-17	1.129490e-17	1.024646e-17	8.868523e-18	6.726192e-18
	4.502413e-18	2.294080e-18	1.349815e-18	9.000920e-19	4.507571e-19
	0.000000e+00
ProdRateCO [kg/m^3s]
	0.000000e+00	4.393866e-19	8.546871e-19	1.247246e-18	1.612240e-18
	1.544758e-18	1.150434e-18	7.787270e-19	4.247497e-19	9.488324e-20
	8.623482e-21	7.648159e-21	3.774868e-21	2.628140e-21	7.528270e-21
	2.429928e-21	6.315030e-18	1.413070e-17	2.158147e-17	2.881299e-17
	3.572463e-17	4.249942e-17	4.884379e-17	5.202184e-17	5.106592e-17
	5.006388e-17	4.906515e-17	4.808879e-17	4.718270e-17	4.621038e-17
	4.536705e-17	4.394319e-17	3.835517e-17	3.284855e-17	2.742092e-17
	2.217859e-17	1.713568e-17	1.214646e-17	7.401371e-18	2.655209e-18
	6.614242e-19	2.114854e-18	3.648321e-18	5.083057e-18	6.500497e-18
	7.762993e-18	9.051972e-18	1.034287e-17	1.158082e-17	1.072395e-17
	9.199791e-18	7.777614e-18	6.256150e-18	4.843604e-18	3.448476e-18
	2.063678e-18	8.049223e-19	4.217514e-19	1.823608e-18	3.006951e-18
	4.384429e-18	5.558490e-18	6.806083e-18	7.865591e-18	8.894687e-18
	9.630235e-18	9.916919e-18	1.014169e-17	1.036900e-17	1.057902e-17
	1.079600e-17	1.105758e-17	1.114901e-17	1.067565e-17	1.011983e-17
	9.375313e-18	8.780680e-18	8.161320e-18	7.562807e-18	6.977625e-18
	6.385872e-18	5.472241e-18	4.560546e-18	3.644749e-18	2.794915e-18
	2.024565e-18	1.216893e-18	4.894437e-19	2.392883e-22	5.228255e-21
	2.104566e-22	3.703638e-23	8.859227e-23	7.789425e-23	9.778744e-24
	2.696516e-24	8.755599e-20	2.243884e-19	3.549880e-19	4.791899e-19
	5.971794e-19	7.090226e-19	8.149430e-19	9.157594e-19	7.764183e-19
	6.381355e-19	5.063567e-19	3.810039e-19	2.619228e-19	1.490376e-19
	4.105129e-20	4.363773e-22	3.643075e-22	2.847740e-22	2.029768e-22
	1.415755e-22	7.025879e-23	1.445997e-23	2.254094e-25	-7.737038e-41
	-6.719854e-41	-5.750175e-41	3.213592e-25	-3.931188e-41	5.874870e-24
	1.682512e-23	2.535927e-23	3.197472e-23	3.858336e-23	3.881320e-23
	3.296974e-23	2.722640e-23	2.192289e-23	1.687403e-23	1.136781e-23
	6.880989e-24	3.498122e-24	1.762176e-24	7.717380e-25	1.908700e-25
	0.000000e+00
ProdRateH2 [kg/m^3s]
	0.000000e+00	1.580553e-22	6.216076e-22	1.375333e-21	2.391760e-21
	1.688712e-18	5.552674e-18	1.036638e-17	1.611591e-17	2.250492e-17
	6.115247e-17	1.170814e-16	1.783580e-16	2.455158e-16	3.183393e-16
	3.934899e-16	3.784976e-16	3.313543e-16	2.806265e-16	2.259161e-16
	1.673374e-16	1.050016e-16	3.990228e-17	5.845176e-19	5.355355e-19
	4.847117e-19	4.312374e-19	3.751787e-19	3.166003e-19	2.555653e-19
	1.921892e-19	1.044125e-18	1.292969e-17	2.506380e-17	3.754230e-17
	5.035677e-17	6.349894e-17	7.696078e-17	9.073439e-17	1.048121e-16
	1.085981e-16	9.663464e-17	8.434564e-17	7.173881e-17	5.882175e-17
	4.560188e-17	3.208647e-17	1.828262e-17	4.113452e-18	1.984064e-19
	1.747765e-19	1.505857e-19	1.258982e-19	1.007262e-19	7.508186e-20
	4.897672e-20	2.230843e-20	7.590247e-20	3.004573e-19	5.306169e-19
	7.642904e-19	1.001384e-18	1.241806e-18	1.485467e-18	1.733154e-18
	1.816544e-18	1.581248e-18	1.340764e-18	1.096746e-18	8.492877e-19
	5.984847e-19	3.444285e-19	8.695614e-20	2.035374e-20	4.323260e-20
	6.637487e-20	8.976313e-20	1.133903e-19	1.372497e-19	1.613282e-19
	1.823977e-19	1.593247e-19	1.360938e-19	1.126307e-19	8.894170e-20
	6.503315e-20	4.091112e-20	1.658160e-20	4.523909e-22	3.943343e-22
	3.357736e-22	2.767428e-22	2.172379e-22	1.572765e-22	9.686775e-23
	3.593028e-23	3.153731e-22	8.095148e-22	1.307370e-21	1.808319e-21
	2.312280e-21	2.819132e-21	3.328815e-21	3.845653e-21	3.357119e-21
	2.842974e-21	2.325594e-21	1.805190e-21	1.281846e-21	7.556669e-22
	2.208138e-22	1.294110e-23	1.630372e-23	1.970199e-23	2.311870e-23
	2.654814e-23	3.000056e-23	3.353411e-23	3.238192e-23	2.966058e-23
	2.689772e-23	2.412402e-23	2.133878e-23	1.845712e-23	1.534481e-23
	1.203502e-23	8.660451e-24	5.273331e-24	1.781011e-24	5.703676e-26
	1.765247e-25	2.975496e-25	4.215971e-25	4.735698e-25	3.321351e-25
	1.857889e-25	4.059325e-26	3.331795e-29	4.552030e-29	1.472751e-29
	0.000000e+00
TotalEnthalpy [J/kg]
	1.900584e+03	-4.820812e+04	-9.831683e+04	-1.484255e+05	-1.979771e+05
	-2.459868e+05	-2.925840e+05	-3.387535e+05	-3.849229e+05	-4.294337e+05
	-4.700830e+05	-5.079857e+05	-5.453444e+05	-5.827031e+05	-6.200619e+05
	-6.559738e+05	-6.886426e+05	-7.191655e+05	-7.493387e+05	-7.795119e+05
	-8.096851e+05	-8.398584e+05	-8.696372e+05	-8.981281e+05	-9.252263e+05
	-9.518252e+05	-9.784241e+05	-1.005023e+06	-1.031622e+06	-1.058221e+06
	-1.084798e+06	-1.111100e+06	-1.136919e+06	-1.162507e+06	-1.188096e+06
	-1.213684e+06	-1.239273e+06	-1.264861e+06	-1.290450e+06	-1.316038e+06
	-1.341627e+06	-1.367215e+06	-1.392804e+06	-1.418393e+06	-1.443981e+06
	-1.469570e+06	-1.495158e+06	-1.520747e+06	-1.546486e+06	-1.572585e+06
	-1.598952e+06	-1.625378e+06	-1.651803e+06	-1.678228e+06	-1.704654e+06
	-1.731079e+06	-1.757617e+06	-1.784627e+06	-1.812244e+06	-1.840108e+06
	-1.867973e+06	-1.895837e+06	-1.923702e+06	-1.951566e+06	-1.979529e+06
	-2.007879e+06	-2.036711e+06	-2.065735e+06	-2.094758e+06	-2.123782e+06
	-2.152806e+06	-2.181830e+06	-2.210882e+06	-2.240004e+06	-2.269181e+06
	-2.298370e+06	-2.327560e+06	-2.356750e+06	-2.385940e+06	-2.415122e+06
	-2.444187e+06	-2.473041e+06	-2.501794e+06	-2.530547e+06	-2.559299e+06
	-2.588052e+06	-2.616805e+06	-2.645557e+06	-2.674310e+06	-2.703063e+06
	-2.731815e+06	-2.760568e+06	-2.789321e+06	-2.818074e+06	-2.846826e+06
	-2.875629e+06	-2.904564e+06	-2.933612e+06	-2.962692e+06	-2.991772e+06
	-3.020852e+06	-3.049932e+06	-3.079011e+06	-3.108341e+06	-3.138178e+06
	-3.168279e+06	-3.198386e+06	-3.228494e+06	-3.258601e+06	-3.288708e+06
	-3.319152e+06	-3.350498e+06	-3.382640e+06	-3.415013e+06	-3.447385e+06
	-3.479758e+06	-3.512131e+06	-3.545247e+06	-3.580123e+06	-3.616293e+06
	-3.652738e+06	-3.689184e+06	-3.725629e+06	-3.763093e+06	-3.803189e+06
	-3.845486e+06	-3.888374e+06	-3.931262e+06	-3.975265e+06	-4.022848e+06
	-4.074246e+06	-4.126995e+06	-4.180382e+06	-4.237073e+06	-4.298454e+06
	-4.361861e+06	-4.424547e+06	-4.485530e+06	-4.545273e+06	-4.604756e+06
	-4.664239e+06
HeatRelease [J/m^3 s]
	0.000000e+00	3.454295e-07	8.211809e-07	1.412127e-06	2.096104e-06
	1.325160e-03	4.007724e-03	6.989745e-03	1.025471e-02	1.363588e-02
	3.559080e-02	6.582862e-02	9.714752e-02	1.297907e-01	1.635896e-01
	1.970213e-01	1.852534e-01	1.588762e-01	1.319178e-01	1.041704e-01
	7.571842e-02	4.664279e-02	1.741080e-02	2.507899e-04	2.261772e-04
	2.016063e-04	1.766746e-04	1.514267e-04	1.259057e-04	1.001528e-04
	7.422907e-05	3.975496e-04	4.854844e-03	9.282653e-03	1.371563e-02
	1.814890e-02	2.257782e-02	2.699791e-02	3.140490e-02	3.579470e-02
	3.659535e-02	3.213257e-02	2.767543e-02	2.322807e-02	1.879449e-02
	1.437849e-02	9.983738e-03	5.613727e-03	1.246310e-03	5.930617e-05
	5.153312e-05	4.379529e-05	3.611573e-05	2.849994e-05	2.095321e-05
	1.348055e-05	6.055506e-06	2.031319e-05	7.924840e-05	1.379109e-04
	1.957333e-04	2.526815e-04	3.087230e-04	3.638273e-04	4.181541e-04
	4.316107e-04	3.698692e-04	3.086905e-04	2.485210e-04	1.893915e-04
	1.313311e-04	7.436719e-05	1.847153e-05	4.253204e-06	8.885223e-06
	1.341526e-05	1.783945e-05	2.215618e-05	2.636395e-05	3.046026e-05
	3.384839e-05	2.905983e-05	2.439519e-05	1.983878e-05	1.539187e-05
	1.105565e-05	6.831187e-06	2.719498e-06	7.388297e-08	6.336578e-08
	5.312147e-08	4.315550e-08	3.346689e-08	2.405803e-08	1.492985e-08
	6.070330e-09	4.449093e-08	1.103544e-07	1.739701e-07	2.352605e-07
	2.942219e-07	3.508465e-07	4.051345e-07	4.575197e-07	3.903169e-07
	3.228631e-07	2.579008e-07	1.954477e-07	1.355038e-07	7.807042e-08
	2.254698e-08	1.693740e-09	1.948521e-09	2.188986e-09	2.413965e-09
	2.623010e-09	2.817070e-09	2.998317e-09	2.791749e-09	2.472100e-09
	2.166284e-09	1.877435e-09	1.605361e-09	1.342611e-09	1.086299e-09
	8.398152e-10	6.121898e-10	4.071566e-10	2.198392e-10	1.275214e-10
	1.156756e-10	1.038516e-10	9.232779e-11	7.734716e-11	5.531501e-11
	3.547178e-11	1.868477e-11	1.021459e-11	5.507117e-12	2.124260e-12
	0.000000e+00
trailer
N2	0.921269
O2	1.05235
H	0.173247
OH	0.668119
O	0.65527
H2	0.27173
H2O	0.911603
HO2	1.02955
H2O2	1.03673
CO	1.03114
CO2	1.35631
CH	0.611797
CHO	1.35646
CH2	0.908822
CH2O	1.36795
CH3	0.946368
CH4	0.949835
C2H6	1.44507
C2H	1.26671
C2H2	1.28003
CHCO	0.846248
C3H3	1.8287
C2H3	1.29274
C2H4	1.32935
C2H5	1.43296
C3H4	1.72617
C3H5	1.78275
C3H6	1.85648
N-C3H7	1.8654
I-C3H7	1.8654
C3H8	1.8742
