header

title = "planar counterflow diffusion flame"
mechanism = "C3H8.82.pre"
author = ""
date = "Wed Aug 14 15:21:51 2013"

fuel = "CH4"
pressure = 1 [bar]
chi_st = 80 [1/s]
FlameLoc = 5.53848e-321
Tmax = 300 [K]

FuelSide
begin
	Temperature = 300 [K]
	Massfraction-CH4 = 1
end

OxidizerSide
begin
	Temperature = 300 [K]
	Massfraction-N2 = 0.76708
	Massfraction-O2 = 0.23292
end

numOfSpecies = 31
gridPoints = 141

body
Z
	0.000000e+00	1.967874e-02	3.866790e-02	5.622562e-02	7.185954e-02
	8.549153e-02	9.740837e-02	1.080969e-01	1.180007e-01	1.273962e-01
	1.364102e-01	1.450849e-01	1.534181e-01	1.613566e-01	1.688273e-01
	1.758379e-01	1.824960e-01	1.889173e-01	1.951763e-01	2.013138e-01
	2.073502e-01	2.132962e-01	2.191452e-01	2.248733e-01	2.304461e-01
	2.358437e-01	2.410977e-01	2.462603e-01	2.513616e-01	2.564174e-01
	2.614353e-01	2.663999e-01	2.712810e-01	2.760723e-01	2.807812e-01
	2.854146e-01	2.899995e-01	2.945585e-01	2.991006e-01	3.036351e-01
	3.081667e-01	3.126981e-01	3.172396e-01	3.218108e-01	3.264303e-01
	3.311243e-01	3.359099e-01	3.407782e-01	3.457206e-01	3.507198e-01
	3.557781e-01	3.609243e-01	3.661644e-01	3.715071e-01	3.769534e-01
	3.824763e-01	3.880729e-01	3.937512e-01	3.995207e-01	4.053888e-01
	4.113225e-01	4.172677e-01	4.231808e-01	4.290142e-01	4.347300e-01
	4.403412e-01	4.458641e-01	4.513176e-01	4.567230e-01	4.620787e-01
	4.673849e-01	4.726261e-01	4.777861e-01	4.828804e-01	4.879279e-01
	4.929461e-01	4.979551e-01	5.029576e-01	5.079382e-01	5.128756e-01
	5.177562e-01	5.225724e-01	5.273298e-01	5.320532e-01	5.367639e-01
	5.414703e-01	5.461755e-01	5.508821e-01	5.555947e-01	5.603169e-01
	5.650386e-01	5.697312e-01	5.743701e-01	5.789583e-01	5.835205e-01
	5.880785e-01	5.926436e-01	5.972230e-01	6.018212e-01	6.064378e-01
	6.110777e-01	6.157740e-01	6.205876e-01	6.255514e-01	6.306350e-01
	6.357973e-01	6.410592e-01	6.465278e-01	6.522992e-01	6.583554e-01
	6.646823e-01	6.713155e-01	6.781841e-01	6.851484e-01	6.921535e-01
	6.992113e-01	7.063306e-01	7.135105e-01	7.207479e-01	7.280496e-01
	7.355077e-01	7.432935e-01	7.514354e-01	7.597814e-01	7.682642e-01
	7.770515e-01	7.864434e-01	7.965337e-01	8.071300e-01	8.181108e-01
	8.295084e-01	8.413795e-01	8.538256e-01	8.669740e-01	8.810354e-01
	8.963477e-01	9.132044e-01	9.319062e-01	9.528991e-01	9.759815e-01
	1.000000e+00
temperature [K]
	3.000000e+02	3.000000e+02	3.000000e+02	3.000000e+02	3.000000e+02
	3.000000e+02	3.000000e+02	3.000000e+02	3.000000e+02	3.000000e+02
	3.000000e+02	3.000000e+02	3.000000e+02	3.000000e+02	3.000000e+02
	3.000000e+02	3.000000e+02	3.000000e+02	3.000000e+02	3.000000e+02
	3.000000e+02	3.000000e+02	3.000000e+02	3.000000e+02	3.000000e+02
	3.000000e+02	3.000000e+02	3.000000e+02	3.000000e+02	3.000000e+02
	3.000000e+02	3.000000e+02	3.000000e+02	3.000000e+02	3.000000e+02
	3.000000e+02	3.000000e+02	3.000000e+02	3.000000e+02	3.000000e+02
	3.000000e+02	3.000000e+02	3.000000e+02	3.000000e+02	3.000000e+02
	3.000000e+02	3.000000e+02	3.000000e+02	3.000000e+02	3.000000e+02
	3.000000e+02	3.000000e+02	3.000000e+02	3.000000e+02	3.000000e+02
	3.000000e+02	3.000000e+02	3.000000e+02	3.000000e+02	3.000000e+02
	3.000000e+02	3.000000e+02	3.000000e+02	3.000000e+02	3.000000e+02
	3.000000e+02	3.000000e+02	3.000000e+02	3.000000e+02	3.000000e+02
	3.000000e+02	3.000000e+02	3.000000e+02	3.000000e+02	3.000000e+02
	3.000000e+02	3.000000e+02	3.000000e+02	3.000000e+02	3.000000e+02
	3.000000e+02	3.000000e+02	3.000000e+02	3.000000e+02	3.000000e+02
	3.000000e+02	3.000000e+02	3.000000e+02	3.000000e+02	3.000000e+02
	3.000000e+02	3.000000e+02	3.000000e+02	3.000000e+02	3.000000e+02
	3.000000e+02	3.000000e+02	3.000000e+02	3.000000e+02	3.000000e+02
	3.000000e+02	3.000000e+02	3.000000e+02	3.000000e+02	3.000000e+02
	3.000000e+02	3.000000e+02	3.000000e+02	3.000000e+02	3.000000e+02
	3.000000e+02	3.000000e+02	3.000000e+02	3.000000e+02	3.000000e+02
	3.000000e+02	3.000000e+02	3.000000e+02	3.000000e+02	3.000000e+02
	3.000000e+02	3.000000e+02	3.000000e+02	3.000000e+02	3.000000e+02
	3.000000e+02	3.000000e+02	3.000000e+02	3.000000e+02	3.000000e+02
	3.000000e+02	3.000000e+02	3.000000e+02	3.000000e+02	3.000000e+02
	3.000000e+02	3.000000e+02	3.000000e+02	3.000000e+02	3.000000e+02
	3.000000e+02
massfraction-N2
	7.670796e-01	7.519845e-01	7.374183e-01	7.239501e-01	7.119576e-01
	7.015008e-01	6.923596e-01	6.841607e-01	6.765637e-01	6.693566e-01
	6.624421e-01	6.557879e-01	6.493957e-01	6.433062e-01	6.375756e-01
	6.321979e-01	6.270906e-01	6.221650e-01	6.173639e-01	6.126559e-01
	6.080255e-01	6.034645e-01	5.989778e-01	5.945839e-01	5.903091e-01
	5.861687e-01	5.821385e-01	5.781784e-01	5.742653e-01	5.703871e-01
	5.665380e-01	5.627297e-01	5.589855e-01	5.553102e-01	5.516981e-01
	5.481439e-01	5.446269e-01	5.411298e-01	5.376456e-01	5.341673e-01
	5.306912e-01	5.272153e-01	5.237316e-01	5.202251e-01	5.166816e-01
	5.130809e-01	5.094100e-01	5.056756e-01	5.018844e-01	4.980496e-01
	4.941695e-01	4.902220e-01	4.862024e-01	4.821041e-01	4.779263e-01
	4.736899e-01	4.693968e-01	4.650411e-01	4.606154e-01	4.561142e-01
	4.515625e-01	4.470021e-01	4.424662e-01	4.379916e-01	4.336071e-01
	4.293029e-01	4.250664e-01	4.208831e-01	4.167367e-01	4.126284e-01
	4.085582e-01	4.045378e-01	4.005797e-01	3.966719e-01	3.928001e-01
	3.889507e-01	3.851084e-01	3.812711e-01	3.774506e-01	3.736632e-01
	3.699194e-01	3.662250e-01	3.625757e-01	3.589525e-01	3.553389e-01
	3.517288e-01	3.481195e-01	3.445092e-01	3.408943e-01	3.372720e-01
	3.336500e-01	3.300504e-01	3.264921e-01	3.229725e-01	3.194729e-01
	3.159766e-01	3.124748e-01	3.089620e-01	3.054349e-01	3.018936e-01
	2.983344e-01	2.947320e-01	2.910395e-01	2.872319e-01	2.833323e-01
	2.793725e-01	2.753362e-01	2.711413e-01	2.667142e-01	2.620686e-01
	2.572153e-01	2.521271e-01	2.468584e-01	2.415162e-01	2.361428e-01
	2.307289e-01	2.252678e-01	2.197603e-01	2.142086e-01	2.086076e-01
	2.028866e-01	1.969143e-01	1.906688e-01	1.842668e-01	1.777598e-01
	1.710192e-01	1.638149e-01	1.560749e-01	1.479466e-01	1.395235e-01
	1.307806e-01	1.216745e-01	1.121274e-01	1.020415e-01	9.125534e-02
	7.950955e-02	6.657911e-02	5.223335e-02	3.613017e-02	1.842407e-02
	1.000000e-60
massfraction-O2
	2.329204e-01	2.283368e-01	2.239138e-01	2.198243e-01	2.161828e-01
	2.130077e-01	2.102320e-01	2.077424e-01	2.054356e-01	2.032472e-01
	2.011477e-01	1.991272e-01	1.971862e-01	1.953371e-01	1.935971e-01
	1.919642e-01	1.904133e-01	1.889177e-01	1.874598e-01	1.860303e-01
	1.846243e-01	1.832394e-01	1.818770e-01	1.805428e-01	1.792448e-01
	1.779876e-01	1.767638e-01	1.755613e-01	1.743731e-01	1.731955e-01
	1.720268e-01	1.708704e-01	1.697335e-01	1.686175e-01	1.675207e-01
	1.664415e-01	1.653736e-01	1.643117e-01	1.632538e-01	1.621976e-01
	1.611421e-01	1.600866e-01	1.590288e-01	1.579641e-01	1.568881e-01
	1.557948e-01	1.546801e-01	1.535462e-01	1.523950e-01	1.512306e-01
	1.500524e-01	1.488538e-01	1.476332e-01	1.463888e-01	1.451202e-01
	1.438339e-01	1.425303e-01	1.412077e-01	1.398639e-01	1.384971e-01
	1.371150e-01	1.357302e-01	1.343529e-01	1.329942e-01	1.316629e-01
	1.303559e-01	1.290695e-01	1.277993e-01	1.265403e-01	1.252928e-01
	1.240569e-01	1.228361e-01	1.216343e-01	1.204477e-01	1.192720e-01
	1.181032e-01	1.169365e-01	1.157713e-01	1.146112e-01	1.134612e-01
	1.123244e-01	1.112026e-01	1.100945e-01	1.089944e-01	1.078971e-01
	1.068009e-01	1.057050e-01	1.046087e-01	1.035111e-01	1.024112e-01
	1.013114e-01	1.002184e-01	9.913789e-02	9.806919e-02	9.700657e-02
	9.594491e-02	9.488161e-02	9.381496e-02	9.274397e-02	9.166867e-02
	9.058794e-02	8.949407e-02	8.837288e-02	8.721670e-02	8.603263e-02
	8.483024e-02	8.360463e-02	8.233087e-02	8.098661e-02	7.957599e-02
	7.810232e-02	7.655731e-02	7.495748e-02	7.333536e-02	7.170372e-02
	7.005982e-02	6.840160e-02	6.672925e-02	6.504351e-02	6.334278e-02
	6.160564e-02	5.979218e-02	5.789576e-02	5.595181e-02	5.397599e-02
	5.192924e-02	4.974168e-02	4.739146e-02	4.492335e-02	4.236570e-02
	3.971097e-02	3.694594e-02	3.404700e-02	3.098447e-02	2.770929e-02
	2.414273e-02	2.021646e-02	1.586043e-02	1.097077e-02	5.594388e-03
	1.000000e-60
massfraction-H
	1.000000e-60	1.000000e-60	1.000000e-60	1.000000e-60	3.212854e-36
	5.805071e-35	1.551370e-35	1.000000e-60	1.000000e-60	1.000000e-60
	1.000000e-60	2.663668e-35	1.000000e-60	1.000000e-60	1.000000e-60
	1.000000e-60	1.000000e-60	1.000000e-60	1.000000e-60	3.145583e-35
	9.125137e-34	7.376650e-34	3.361088e-34	4.950858e-34	7.373437e-34
	4.118058e-34	1.000000e-60	1.000000e-60	1.000000e-60	1.000000e-60
	1.000000e-60	1.000000e-60	1.000000e-60	1.000000e-60	3.401785e-34
	5.639822e-34	4.859207e-34	4.096266e-34	2.011537e-34	4.670422e-34
	8.439800e-34	3.622084e-34	6.088373e-34	9.195903e-34	1.324936e-33
	1.435274e-33	1.591277e-33	1.294713e-33	1.376392e-33	1.448228e-33
	1.467912e-33	8.330183e-34	1.263582e-33	1.918594e-33	2.848375e-33
	3.447745e-33	2.676144e-33	1.505813e-33	1.414478e-33	1.320585e-33
	4.032765e-34	5.033722e-34	7.819382e-34	1.195338e-33	5.106752e-34
	1.000000e-60	1.000000e-60	1.000000e-60	1.000000e-60	1.932122e-34
	2.388994e-34	2.821388e-34	7.249096e-35	1.000000e-60	1.000000e-60
	1.000000e-60	1.000000e-60	1.000000e-60	1.000000e-60	1.000000e-60
	1.000000e-60	1.000000e-60	1.000000e-60	1.000000e-60	1.000000e-60
	1.000000e-60	1.000000e-60	1.000000e-60	1.000000e-60	1.000000e-60
	1.000000e-60	1.000000e-60	1.000000e-60	1.000000e-60	1.000000e-60
	1.000000e-60	4.057963e-35	1.338829e-34	2.881203e-34	4.689039e-34
	4.730049e-34	5.167768e-34	6.035399e-34	7.457130e-34	9.786499e-34
	1.000000e-60	1.000000e-60	1.000000e-60	1.000000e-60	2.040337e-34
	3.279970e-34	5.477143e-34	1.000000e-60	1.000000e-60	1.000000e-60
	1.000000e-60	1.000000e-60	1.000000e-60	1.000000e-60	1.000000e-60
	1.000000e-60	1.000000e-60	1.000000e-60	1.000000e-60	8.917992e-34
	3.793727e-34	4.018793e-34	4.780093e-34	6.392959e-34	2.423226e-34
	1.000000e-60	3.476134e-34	8.624310e-35	1.000000e-60	1.000000e-60
	1.000000e-60	1.000000e-60	1.000000e-60	1.000000e-60	1.000000e-60
	1.000000e-60
massfraction-OH
	1.000000e-60	1.000000e-60	1.000000e-60	1.000000e-60	1.000000e-60
	1.000000e-60	1.000000e-60	1.000000e-60	1.000000e-60	1.000000e-60
	1.000000e-60	1.000000e-60	1.000000e-60	1.000000e-60	1.000000e-60
	1.000000e-60	1.000000e-60	1.000000e-60	1.000000e-60	1.000000e-60
	1.000000e-60	1.000000e-60	1.000000e-60	1.000000e-60	1.000000e-60
	1.000000e-60	1.000000e-60	1.000000e-60	1.000000e-60	1.000000e-60
	1.000000e-60	1.000000e-60	1.000000e-60	1.000000e-60	1.000000e-60
	1.000000e-60	1.000000e-60	1.000000e-60	1.000000e-60	1.000000e-60
	1.000000e-60	1.000000e-60	1.000000e-60	1.000000e-60	1.000000e-60
	1.000000e-60	1.000000e-60	1.000000e-60	1.000000e-60	1.000000e-60
	1.000000e-60	1.000000e-60	1.000000e-60	1.000000e-60	1.000000e-60
	1.000000e-60	1.000000e-60	1.000000e-60	1.000000e-60	1.000000e-60
	1.000000e-60	1.000000e-60	1.000000e-60	1.000000e-60	1.000000e-60
	1.000000e-60	1.000000e-60	1.000000e-60	1.000000e-60	1.000000e-60
	1.000000e-60	1.000000e-60	1.000000e-60	1.000000e-60	1.000000e-60
	1.000000e-60	1.000000e-60	1.000000e-60	1.000000e-60	1.000000e-60
	1.000000e-60	1.000000e-60	1.000000e-60	1.000000e-60	1.000000e-60
	1.000000e-60	1.000000e-60	1.000000e-60	1.000000e-60	1.000000e-60
	1.000000e-60	1.000000e-60	1.000000e-60	1.000000e-60	1.000000e-60
	1.000000e-60	1.000000e-60	1.000000e-60	1.000000e-60	1.000000e-60
	1.000000e-60	1.000000e-60	1.000000e-60	1.000000e-60	1.000000e-60
	1.000000e-60	1.000000e-60	1.000000e-60	1.000000e-60	1.000000e-60
	1.000000e-60	1.000000e-60	1.000000e-60	1.000000e-60	1.000000e-60
	1.000000e-60	1.000000e-60	1.000000e-60	1.000000e-60	1.000000e-60
	1.000000e-60	1.000000e-60	1.000000e-60	1.000000e-60	1.000000e-60
	1.000000e-60	1.000000e-60	1.000000e-60	1.000000e-60	1.000000e-60
	1.000000e-60	1.000000e-60	1.000000e-60	1.000000e-60	1.000000e-60
	1.000000e-60	1.000000e-60	1.000000e-60	1.000000e-60	1.000000e-60
	1.000000e-60
massfraction-O
	1.000000e-60	1.000000e-60	1.000000e-60	1.000000e-60	1.000000e-60
	1.000000e-60	1.000000e-60	1.000000e-60	1.000000e-60	1.000000e-60
	1.000000e-60	1.000000e-60	1.000000e-60	1.000000e-60	1.000000e-60
	1.000000e-60	1.000000e-60	1.000000e-60	1.000000e-60	1.000000e-60
	1.000000e-60	1.000000e-60	1.000000e-60	1.000000e-60	1.000000e-60
	1.000000e-60	1.000000e-60	1.000000e-60	1.000000e-60	1.000000e-60
	1.000000e-60	1.000000e-60	1.000000e-60	1.000000e-60	1.000000e-60
	1.000000e-60	1.000000e-60	1.000000e-60	1.000000e-60	1.000000e-60
	1.000000e-60	1.000000e-60	1.000000e-60	1.000000e-60	1.000000e-60
	1.000000e-60	1.000000e-60	1.000000e-60	1.000000e-60	1.000000e-60
	1.000000e-60	1.000000e-60	1.000000e-60	1.000000e-60	1.000000e-60
	1.000000e-60	1.000000e-60	1.000000e-60	1.000000e-60	1.000000e-60
	1.000000e-60	1.000000e-60	1.000000e-60	1.000000e-60	1.000000e-60
	1.000000e-60	1.000000e-60	1.000000e-60	1.000000e-60	1.000000e-60
	1.000000e-60	1.000000e-60	1.000000e-60	1.000000e-60	1.000000e-60
	1.000000e-60	1.000000e-60	1.000000e-60	1.000000e-60	1.000000e-60
	1.000000e-60	1.000000e-60	1.000000e-60	1.000000e-60	1.000000e-60
	1.000000e-60	1.000000e-60	1.000000e-60	1.000000e-60	1.000000e-60
	1.000000e-60	1.000000e-60	1.000000e-60	1.000000e-60	1.000000e-60
	1.000000e-60	1.000000e-60	1.000000e-60	1.000000e-60	1.000000e-60
	1.000000e-60	1.000000e-60	1.000000e-60	1.000000e-60	1.000000e-60
	1.000000e-60	1.000000e-60	1.000000e-60	1.000000e-60	1.000000e-60
	1.000000e-60	1.000000e-60	1.000000e-60	1.000000e-60	1.000000e-60
	1.000000e-60	1.000000e-60	1.000000e-60	1.000000e-60	1.000000e-60
	1.000000e-60	1.000000e-60	1.000000e-60	1.000000e-60	1.000000e-60
	1.000000e-60	1.000000e-60	1.000000e-60	1.000000e-60	1.000000e-60
	1.000000e-60	1.000000e-60	1.000000e-60	1.000000e-60	1.000000e-60
	1.000000e-60	1.000000e-60	1.000000e-60	1.000000e-60	1.000000e-60
	1.000000e-60
massfraction-H2
	1.000000e-60	1.000000e-60	1.000000e-60	1.000000e-60	1.000000e-60
	1.000000e-60	1.000000e-60	1.000000e-60	1.000000e-60	1.000000e-60
	1.000000e-60	1.000000e-60	1.000000e-60	1.000000e-60	1.000000e-60
	1.000000e-60	1.000000e-60	1.000000e-60	1.000000e-60	1.000000e-60
	1.000000e-60	1.000000e-60	1.000000e-60	1.000000e-60	1.000000e-60
	1.000000e-60	1.000000e-60	1.000000e-60	1.000000e-60	1.000000e-60
	1.000000e-60	1.000000e-60	1.000000e-60	1.000000e-60	1.000000e-60
	1.000000e-60	1.000000e-60	1.000000e-60	1.000000e-60	1.000000e-60
	1.000000e-60	1.000000e-60	1.000000e-60	1.000000e-60	1.000000e-60
	1.000000e-60	1.000000e-60	1.000000e-60	1.000000e-60	1.000000e-60
	1.000000e-60	1.000000e-60	1.000000e-60	1.000000e-60	1.000000e-60
	1.000000e-60	1.000000e-60	1.000000e-60	1.000000e-60	1.000000e-60
	1.000000e-60	1.000000e-60	1.000000e-60	1.000000e-60	1.000000e-60
	1.000000e-60	1.000000e-60	1.000000e-60	1.000000e-60	1.000000e-60
	1.000000e-60	1.000000e-60	1.000000e-60	1.000000e-60	1.000000e-60
	1.000000e-60	1.000000e-60	1.000000e-60	1.000000e-60	1.000000e-60
	1.000000e-60	1.000000e-60	1.000000e-60	1.000000e-60	1.000000e-60
	1.000000e-60	1.000000e-60	1.000000e-60	1.000000e-60	1.000000e-60
	1.000000e-60	1.000000e-60	1.000000e-60	1.000000e-60	1.000000e-60
	1.000000e-60	1.000000e-60	1.000000e-60	1.000000e-60	1.000000e-60
	1.000000e-60	1.000000e-60	1.000000e-60	1.000000e-60	1.000000e-60
	1.000000e-60	1.000000e-60	1.000000e-60	1.000000e-60	1.000000e-60
	1.000000e-60	1.000000e-60	1.000000e-60	1.000000e-60	1.000000e-60
	1.000000e-60	1.000000e-60	1.000000e-60	1.000000e-60	1.000000e-60
	1.000000e-60	1.000000e-60	1.000000e-60	1.000000e-60	1.000000e-60
	1.000000e-60	1.000000e-60	1.000000e-60	1.000000e-60	1.000000e-60
	1.000000e-60	1.000000e-60	1.000000e-60	1.000000e-60	1.000000e-60
	1.000000e-60	1.000000e-60	1.000000e-60	1.000000e-60	1.000000e-60
	1.000000e-60
massfraction-H2O
	1.000000e-60	1.000000e-60	1.000000e-60	1.000000e-60	1.000000e-60
	1.000000e-60	1.000000e-60	1.000000e-60	1.000000e-60	1.000000e-60
	1.000000e-60	1.000000e-60	1.000000e-60	1.000000e-60	1.000000e-60
	1.000000e-60	1.000000e-60	1.000000e-60	1.000000e-60	1.000000e-60
	1.000000e-60	1.000000e-60	1.000000e-60	1.000000e-60	1.000000e-60
	1.000000e-60	1.000000e-60	1.000000e-60	1.000000e-60	1.000000e-60
	1.000000e-60	1.000000e-60	1.000000e-60	1.000000e-60	1.000000e-60
	1.000000e-60	1.000000e-60	1.000000e-60	1.000000e-60	1.000000e-60
	1.000000e-60	1.000000e-60	1.000000e-60	1.000000e-60	1.000000e-60
	1.000000e-60	1.000000e-60	1.000000e-60	1.000000e-60	1.000000e-60
	1.000000e-60	1.000000e-60	1.000000e-60	1.000000e-60	1.000000e-60
	1.000000e-60	1.000000e-60	1.000000e-60	1.000000e-60	1.000000e-60
	1.000000e-60	1.000000e-60	1.000000e-60	1.000000e-60	1.000000e-60
	1.000000e-60	1.000000e-60	1.000000e-60	1.000000e-60	1.000000e-60
	1.000000e-60	1.000000e-60	1.000000e-60	1.000000e-60	1.000000e-60
	1.000000e-60	1.000000e-60	1.000000e-60	1.000000e-60	1.000000e-60
	1.000000e-60	1.000000e-60	1.000000e-60	1.000000e-60	1.000000e-60
	1.000000e-60	1.000000e-60	1.000000e-60	1.000000e-60	1.000000e-60
	1.000000e-60	1.000000e-60	1.000000e-60	1.000000e-60	1.000000e-60
	1.000000e-60	1.000000e-60	1.000000e-60	1.000000e-60	1.000000e-60
	1.000000e-60	1.000000e-60	1.000000e-60	1.000000e-60	1.000000e-60
	1.000000e-60	1.000000e-60	1.000000e-60	1.000000e-60	1.000000e-60
	1.000000e-60	1.000000e-60	1.000000e-60	1.000000e-60	1.000000e-60
	1.000000e-60	1.000000e-60	1.000000e-60	1.000000e-60	1.000000e-60
	1.000000e-60	1.000000e-60	1.000000e-60	1.000000e-60	1.000000e-60
	1.000000e-60	1.000000e-60	1.000000e-60	1.000000e-60	1.000000e-60
	1.000000e-60	1.000000e-60	1.000000e-60	1.000000e-60	1.000000e-60
	1.000000e-60	1.000000e-60	1.000000e-60	1.000000e-60	1.000000e-60
	1.000000e-60
massfraction-HO2
	1.000000e-60	1.000000e-60	1.000000e-60	1.000000e-60	1.000000e-60
	1.000000e-60	1.000000e-60	1.000000e-60	1.000000e-60	1.000000e-60
	1.000000e-60	1.000000e-60	1.000000e-60	1.000000e-60	1.000000e-60
	1.000000e-60	1.000000e-60	1.000000e-60	1.000000e-60	1.000000e-60
	1.000000e-60	1.000000e-60	1.000000e-60	1.000000e-60	1.000000e-60
	1.000000e-60	1.000000e-60	1.000000e-60	1.000000e-60	1.000000e-60
	1.000000e-60	1.000000e-60	1.000000e-60	1.000000e-60	1.000000e-60
	1.000000e-60	1.000000e-60	1.000000e-60	1.000000e-60	1.000000e-60
	1.000000e-60	1.000000e-60	1.000000e-60	1.000000e-60	1.000000e-60
	1.000000e-60	1.000000e-60	1.000000e-60	1.000000e-60	1.000000e-60
	1.000000e-60	1.000000e-60	1.000000e-60	1.000000e-60	1.000000e-60
	1.000000e-60	1.000000e-60	1.000000e-60	1.000000e-60	1.000000e-60
	1.000000e-60	1.000000e-60	1.000000e-60	1.000000e-60	1.000000e-60
	1.000000e-60	1.000000e-60	1.000000e-60	1.000000e-60	1.000000e-60
	1.000000e-60	1.000000e-60	1.000000e-60	1.000000e-60	1.000000e-60
	1.000000e-60	1.000000e-60	1.000000e-60	1.000000e-60	1.000000e-60
	1.000000e-60	1.000000e-60	1.000000e-60	1.000000e-60	1.000000e-60
	1.000000e-60	1.000000e-60	1.000000e-60	1.000000e-60	1.000000e-60
	1.000000e-60	1.000000e-60	1.000000e-60	1.000000e-60	1.000000e-60
	1.000000e-60	1.000000e-60	1.000000e-60	1.000000e-60	1.000000e-60
	1.000000e-60	1.000000e-60	1.000000e-60	1.000000e-60	1.000000e-60
	1.000000e-60	1.000000e-60	1.000000e-60	1.000000e-60	1.000000e-60
	1.000000e-60	1.000000e-60	1.000000e-60	1.000000e-60	1.000000e-60
	1.000000e-60	1.000000e-60	1.000000e-60	1.000000e-60	1.000000e-60
	1.000000e-60	1.000000e-60	1.000000e-60	1.000000e-60	1.000000e-60
	1.000000e-60	1.000000e-60	1.000000e-60	1.000000e-60	1.000000e-60
	1.000000e-60	1.000000e-60	1.000000e-60	1.000000e-60	1.000000e-60
	1.000000e-60	1.000000e-60	1.000000e-60	1.000000e-60	1.000000e-60
	1.000000e-60
massfraction-H2O2
	1.000000e-60	1.000000e-60	1.000000e-60	1.000000e-60	1.000000e-60
	1.000000e-60	1.000000e-60	1.000000e-60	1.000000e-60	1.000000e-60
	1.000000e-60	1.000000e-60	1.000000e-60	1.000000e-60	1.000000e-60
	1.000000e-60	1.000000e-60	1.000000e-60	1.000000e-60	1.000000e-60
	1.000000e-60	1.000000e-60	1.000000e-60	1.000000e-60	1.000000e-60
	1.000000e-60	1.000000e-60	1.000000e-60	1.000000e-60	1.000000e-60
	1.000000e-60	1.000000e-60	1.000000e-60	1.000000e-60	1.000000e-60
	1.000000e-60	1.000000e-60	1.000000e-60	1.000000e-60	1.000000e-60
	1.000000e-60	1.000000e-60	1.000000e-60	1.000000e-60	1.000000e-60
	1.000000e-60	1.000000e-60	1.000000e-60	1.000000e-60	1.000000e-60
	1.000000e-60	1.000000e-60	1.000000e-60	1.000000e-60	1.000000e-60
	1.000000e-60	1.000000e-60	1.000000e-60	1.000000e-60	1.000000e-60
	1.000000e-60	1.000000e-60	1.000000e-60	1.000000e-60	1.000000e-60
	1.000000e-60	1.000000e-60	1.000000e-60	1.000000e-60	1.000000e-60
	1.000000e-60	1.000000e-60	1.000000e-60	1.000000e-60	1.000000e-60
	1.000000e-60	1.000000e-60	1.000000e-60	1.000000e-60	1.000000e-60
	1.000000e-60	1.000000e-60	1.000000e-60	1.000000e-60	1.000000e-60
	1.000000e-60	1.000000e-60	1.000000e-60	1.000000e-60	1.000000e-60
	1.000000e-60	1.000000e-60	1.000000e-60	1.000000e-60	1.000000e-60
	1.000000e-60	1.000000e-60	1.000000e-60	1.000000e-60	1.000000e-60
	1.000000e-60	1.000000e-60	1.000000e-60	1.000000e-60	1.000000e-60
	1.000000e-60	1.000000e-60	1.000000e-60	1.000000e-60	1.000000e-60
	1.000000e-60	1.000000e-60	1.000000e-60	1.000000e-60	1.000000e-60
	1.000000e-60	1.000000e-60	1.000000e-60	1.000000e-60	1.000000e-60
	1.000000e-60	1.000000e-60	1.000000e-60	1.000000e-60	1.000000e-60
	1.000000e-60	1.000000e-60	1.000000e-60	1.000000e-60	1.000000e-60
	1.000000e-60	1.000000e-60	1.000000e-60	1.000000e-60	1.000000e-60
	1.000000e-60	1.000000e-60	1.000000e-60	1.000000e-60	1.000000e-60
	1.000000e-60
massfraction-CO
	1.000000e-60	1.000000e-60	1.000000e-60	1.000000e-60	1.000000e-60
	1.000000e-60	1.000000e-60	1.000000e-60	1.000000e-60	1.000000e-60
	1.000000e-60	1.000000e-60	1.000000e-60	1.000000e-60	1.000000e-60
	1.000000e-60	1.000000e-60	1.000000e-60	1.000000e-60	1.000000e-60
	1.000000e-60	1.000000e-60	1.000000e-60	1.000000e-60	1.000000e-60
	1.000000e-60	1.000000e-60	1.000000e-60	1.000000e-60	1.000000e-60
	1.000000e-60	1.000000e-60	1.000000e-60	1.000000e-60	1.000000e-60
	1.000000e-60	1.000000e-60	1.000000e-60	1.000000e-60	1.000000e-60
	1.000000e-60	1.000000e-60	1.000000e-60	1.000000e-60	1.000000e-60
	1.000000e-60	1.000000e-60	1.000000e-60	1.000000e-60	1.000000e-60
	1.000000e-60	1.000000e-60	1.000000e-60	1.000000e-60	1.000000e-60
	1.000000e-60	1.000000e-60	1.000000e-60	1.000000e-60	1.000000e-60
	1.000000e-60	1.000000e-60	1.000000e-60	1.000000e-60	1.000000e-60
	1.000000e-60	1.000000e-60	1.000000e-60	1.000000e-60	1.000000e-60
	1.000000e-60	1.000000e-60	1.000000e-60	1.000000e-60	1.000000e-60
	1.000000e-60	1.000000e-60	1.000000e-60	1.000000e-60	1.000000e-60
	1.000000e-60	1.000000e-60	1.000000e-60	1.000000e-60	1.000000e-60
	1.000000e-60	1.000000e-60	1.000000e-60	1.000000e-60	1.000000e-60
	1.000000e-60	1.000000e-60	1.000000e-60	1.000000e-60	1.000000e-60
	1.000000e-60	1.000000e-60	1.000000e-60	1.000000e-60	1.000000e-60
	1.000000e-60	1.000000e-60	1.000000e-60	1.000000e-60	1.000000e-60
	1.000000e-60	1.000000e-60	1.000000e-60	1.000000e-60	1.000000e-60
	1.000000e-60	1.000000e-60	1.000000e-60	1.000000e-60	1.000000e-60
	1.000000e-60	1.000000e-60	1.000000e-60	1.000000e-60	1.000000e-60
	1.000000e-60	1.000000e-60	1.000000e-60	1.000000e-60	1.000000e-60
	1.000000e-60	1.000000e-60	1.000000e-60	1.000000e-60	1.000000e-60
	1.000000e-60	1.000000e-60	1.000000e-60	1.000000e-60	1.000000e-60
	1.000000e-60	1.000000e-60	1.000000e-60	1.000000e-60	1.000000e-60
	1.000000e-60
massfraction-CO2
	1.000000e-60	1.000000e-60	1.000000e-60	1.000000e-60	1.000000e-60
	1.000000e-60	1.000000e-60	1.000000e-60	1.000000e-60	1.000000e-60
	1.000000e-60	1.000000e-60	1.000000e-60	1.000000e-60	1.000000e-60
	1.000000e-60	1.000000e-60	1.000000e-60	1.000000e-60	1.000000e-60
	1.000000e-60	1.000000e-60	1.000000e-60	1.000000e-60	1.000000e-60
	1.000000e-60	1.000000e-60	1.000000e-60	1.000000e-60	1.000000e-60
	1.000000e-60	1.000000e-60	1.000000e-60	1.000000e-60	1.000000e-60
	1.000000e-60	1.000000e-60	1.000000e-60	1.000000e-60	1.000000e-60
	1.000000e-60	1.000000e-60	1.000000e-60	1.000000e-60	1.000000e-60
	1.000000e-60	1.000000e-60	1.000000e-60	1.000000e-60	1.000000e-60
	1.000000e-60	1.000000e-60	1.000000e-60	1.000000e-60	1.000000e-60
	1.000000e-60	1.000000e-60	1.000000e-60	1.000000e-60	1.000000e-60
	1.000000e-60	1.000000e-60	1.000000e-60	1.000000e-60	1.000000e-60
	1.000000e-60	1.000000e-60	1.000000e-60	1.000000e-60	1.000000e-60
	1.000000e-60	1.000000e-60	1.000000e-60	1.000000e-60	1.000000e-60
	1.000000e-60	1.000000e-60	1.000000e-60	1.000000e-60	1.000000e-60
	1.000000e-60	1.000000e-60	1.000000e-60	1.000000e-60	1.000000e-60
	1.000000e-60	1.000000e-60	1.000000e-60	1.000000e-60	1.000000e-60
	1.000000e-60	1.000000e-60	1.000000e-60	1.000000e-60	1.000000e-60
	1.000000e-60	1.000000e-60	1.000000e-60	1.000000e-60	1.000000e-60
	1.000000e-60	1.000000e-60	1.000000e-60	1.000000e-60	1.000000e-60
	1.000000e-60	1.000000e-60	1.000000e-60	1.000000e-60	1.000000e-60
	1.000000e-60	1.000000e-60	1.000000e-60	1.000000e-60	1.000000e-60
	1.000000e-60	1.000000e-60	1.000000e-60	1.000000e-60	1.000000e-60
	1.000000e-60	1.000000e-60	1.000000e-60	1.000000e-60	1.000000e-60
	1.000000e-60	1.000000e-60	1.000000e-60	1.000000e-60	1.000000e-60
	1.000000e-60	1.000000e-60	1.000000e-60	1.000000e-60	1.000000e-60
	1.000000e-60	1.000000e-60	1.000000e-60	1.000000e-60	1.000000e-60
	1.000000e-60
massfraction-CH
	1.000000e-60	1.000000e-60	3.615432e-33	1.000000e-60	1.000000e-60
	1.000000e-60	2.223872e-35	1.000000e-60	8.236662e-37	9.213680e-35
	1.000000e-60	1.202103e-34	7.660770e-37	1.313569e-35	1.111651e-35
	4.137383e-37	1.778727e-38	8.550026e-40	4.501432e-41	2.562314e-42
	1.564968e-43	1.021963e-44	7.139494e-46	5.368891e-47	4.381063e-48
	3.882310e-49	3.690739e-50	3.704699e-51	3.887970e-52	4.242183e-53
	4.804134e-54	5.674792e-55	7.039552e-56	9.173166e-57	1.251795e-57
	1.781409e-58	2.619021e-59	3.949983e-60	6.090733e-61	9.572540e-62
	1.530868e-62	2.480657e-63	4.045966e-64	6.843575e-65	1.129327e-65
	1.638132e-66	3.143516e-67	1.117185e-67	3.899919e-67	6.743051e-67
	1.000000e-60	1.000000e-60	8.177355e-68	6.119756e-68	1.000000e-60
	1.000000e-60	1.000000e-60	1.000000e-60	1.000000e-60	1.000000e-60
	1.000000e-60	1.000000e-60	1.429105e-66	9.727297e-67	1.000000e-60
	1.000000e-60	1.758727e-67	1.000000e-60	2.108665e-67	1.276265e-67
	1.499857e-67	3.032805e-67	1.452276e-67	1.000000e-60	1.000000e-60
	5.146541e-68	2.299235e-67	1.000000e-60	1.000000e-60	4.777259e-67
	1.000000e-60	6.578177e-68	1.046160e-67	1.000000e-60	1.000000e-60
	1.000000e-60	5.485315e-67	1.000000e-60	4.171616e-67	1.000000e-60
	1.000000e-60	1.000000e-60	1.000000e-60	1.000000e-60	1.000000e-60
	1.000000e-60	1.080916e-66	3.808060e-66	3.680665e-66	3.363394e-66
	1.000000e-60	1.303621e-66	2.814162e-66	3.183225e-66	5.688486e-67
	1.818004e-66	1.000000e-60	1.000000e-60	1.000000e-60	1.664265e-66
	1.574144e-66	1.000000e-60	1.000000e-60	1.000000e-60	3.544333e-66
	5.498206e-67	1.000000e-60	2.372830e-66	1.000000e-60	1.000000e-60
	2.001343e-66	1.000000e-60	1.000000e-60	1.000000e-60	1.000000e-60
	1.000000e-60	1.258944e-66	1.000000e-60	1.000000e-60	1.907690e-68
	8.682849e-67	7.153445e-67	1.000000e-60	2.549969e-67	9.897861e-68
	8.181570e-66	2.155889e-64	7.356973e-63	1.080545e-63	8.964673e-63
	1.000000e-60
massfraction-CHO
	1.000000e-60	1.000000e-60	7.909111e-32	1.000000e-60	1.000000e-60
	1.000000e-60	4.613188e-34	1.525271e-35	1.020532e-34	1.849207e-33
	2.393348e-34	2.313278e-33	2.358281e-34	2.801498e-34	2.257465e-34
	3.739094e-35	5.967674e-36	1.004948e-36	1.800477e-37	3.416944e-38
	6.836428e-39	1.437625e-39	3.176621e-40	7.402437e-41	1.828283e-41
	4.787546e-42	1.317250e-42	3.763302e-43	1.108293e-43	3.350747e-44
	1.038226e-44	3.305891e-45	1.086678e-45	3.687615e-46	1.288847e-46
	4.627319e-47	1.696161e-47	6.317708e-48	2.386004e-48	9.117874e-49
	3.521110e-49	1.372816e-49	5.391096e-50	2.124218e-50	8.367589e-51
	3.280009e-51	1.276344e-51	4.939858e-52	1.905074e-52	7.341002e-53
	2.824478e-53	1.080215e-53	4.103196e-54	1.546356e-54	5.785119e-55
	2.157707e-55	8.026509e-56	2.974289e-56	1.096527e-56	4.020392e-57
	1.473859e-57	5.440689e-58	2.028107e-58	7.601531e-59	2.806257e-59
	9.513901e-60	1.883280e-60	1.000000e-60	1.000000e-60	1.000000e-60
	1.000000e-60	1.000000e-60	1.000000e-60	1.000000e-60	1.000000e-60
	1.000000e-60	1.000000e-60	1.000000e-60	1.000000e-60	1.000000e-60
	1.000000e-60	1.000000e-60	1.000000e-60	1.000000e-60	1.000000e-60
	1.000000e-60	1.000000e-60	1.000000e-60	1.000000e-60	1.000000e-60
	1.000000e-60	1.000000e-60	1.000000e-60	1.000000e-60	1.000000e-60
	1.000000e-60	1.000000e-60	1.000000e-60	1.000000e-60	1.000000e-60
	1.000000e-60	1.000000e-60	1.000000e-60	1.000000e-60	1.000000e-60
	1.000000e-60	1.000000e-60	1.000000e-60	1.000000e-60	1.000000e-60
	1.000000e-60	1.000000e-60	1.000000e-60	1.000000e-60	1.000000e-60
	1.000000e-60	1.000000e-60	1.000000e-60	1.000000e-60	1.000000e-60
	1.000000e-60	1.000000e-60	1.000000e-60	1.000000e-60	1.000000e-60
	1.000000e-60	1.000000e-60	1.000000e-60	1.000000e-60	1.000000e-60
	1.000000e-60	1.000000e-60	1.000000e-60	1.000000e-60	1.000000e-60
	1.000000e-60	1.000000e-60	1.000000e-60	1.000000e-60	1.643962e-61
	1.000000e-60
massfraction-CH2
	1.000000e-60	1.000000e-60	1.000000e-60	1.000000e-60	1.000000e-60
	1.000000e-60	1.000000e-60	1.000000e-60	1.000000e-60	1.000000e-60
	1.000000e-60	1.000000e-60	1.000000e-60	1.000000e-60	1.000000e-60
	1.000000e-60	1.000000e-60	1.000000e-60	1.000000e-60	1.000000e-60
	1.000000e-60	1.000000e-60	1.000000e-60	1.000000e-60	1.000000e-60
	1.000000e-60	1.000000e-60	1.000000e-60	1.000000e-60	1.000000e-60
	1.000000e-60	1.000000e-60	1.000000e-60	1.000000e-60	1.000000e-60
	1.000000e-60	1.000000e-60	1.000000e-60	1.000000e-60	1.000000e-60
	1.000000e-60	1.000000e-60	1.000000e-60	1.000000e-60	1.000000e-60
	1.000000e-60	1.000000e-60	1.000000e-60	1.000000e-60	1.000000e-60
	1.000000e-60	1.000000e-60	1.000000e-60	1.000000e-60	1.000000e-60
	1.000000e-60	1.000000e-60	1.000000e-60	1.000000e-60	1.000000e-60
	1.000000e-60	1.000000e-60	1.000000e-60	1.000000e-60	1.000000e-60
	1.000000e-60	1.000000e-60	1.000000e-60	1.000000e-60	1.000000e-60
	1.000000e-60	1.000000e-60	1.000000e-60	1.000000e-60	1.000000e-60
	1.000000e-60	1.000000e-60	1.000000e-60	1.000000e-60	1.000000e-60
	1.000000e-60	1.000000e-60	1.000000e-60	1.000000e-60	1.000000e-60
	1.000000e-60	1.000000e-60	1.000000e-60	1.000000e-60	1.000000e-60
	1.000000e-60	1.000000e-60	1.000000e-60	1.000000e-60	1.000000e-60
	1.000000e-60	1.000000e-60	1.000000e-60	1.000000e-60	1.000000e-60
	1.000000e-60	1.000000e-60	1.000000e-60	1.000000e-60	1.000000e-60
	1.000000e-60	1.000000e-60	1.000000e-60	1.000000e-60	1.000000e-60
	1.000000e-60	1.000000e-60	1.000000e-60	1.000000e-60	1.000000e-60
	1.000000e-60	1.000000e-60	1.000000e-60	1.000000e-60	1.000000e-60
	1.000000e-60	1.000000e-60	1.000000e-60	1.000000e-60	1.000000e-60
	1.000000e-60	1.000000e-60	1.000000e-60	1.673106e-66	4.315480e-66
	9.207574e-66	1.938556e-65	4.189617e-65	9.461039e-65	2.271760e-64
	5.946348e-64	1.741351e-63	5.887916e-63	2.425813e-62	1.289699e-61
	1.000000e-60
massfraction-CH2O
	1.000000e-60	1.000000e-60	1.000000e-60	1.000000e-60	1.000000e-60
	1.000000e-60	1.000000e-60	1.000000e-60	1.000000e-60	1.000000e-60
	1.000000e-60	1.000000e-60	1.000000e-60	1.000000e-60	1.000000e-60
	1.000000e-60	1.000000e-60	1.000000e-60	1.000000e-60	1.000000e-60
	1.000000e-60	1.000000e-60	1.000000e-60	1.000000e-60	1.000000e-60
	1.000000e-60	1.000000e-60	1.000000e-60	1.000000e-60	1.000000e-60
	1.000000e-60	1.000000e-60	1.000000e-60	1.000000e-60	1.000000e-60
	1.000000e-60	1.000000e-60	1.000000e-60	1.000000e-60	1.000000e-60
	1.000000e-60	1.000000e-60	1.000000e-60	1.000000e-60	1.000000e-60
	1.000000e-60	1.000000e-60	1.000000e-60	1.000000e-60	1.000000e-60
	1.000000e-60	1.000000e-60	1.000000e-60	1.000000e-60	1.000000e-60
	1.000000e-60	1.000000e-60	1.000000e-60	1.000000e-60	1.000000e-60
	1.000000e-60	1.000000e-60	1.000000e-60	1.000000e-60	1.000000e-60
	1.000000e-60	1.000000e-60	1.000000e-60	1.000000e-60	1.000000e-60
	1.000000e-60	1.000000e-60	1.000000e-60	1.000000e-60	1.000000e-60
	1.000000e-60	1.000000e-60	1.000000e-60	1.000000e-60	1.000000e-60
	1.000000e-60	1.000000e-60	1.000000e-60	1.000000e-60	1.000000e-60
	1.000000e-60	1.000000e-60	1.000000e-60	1.000000e-60	1.000000e-60
	1.000000e-60	1.000000e-60	1.000000e-60	1.000000e-60	1.000000e-60
	1.000000e-60	1.000000e-60	1.000000e-60	1.000000e-60	1.000000e-60
	1.000000e-60	1.000000e-60	1.000000e-60	1.000000e-60	1.000000e-60
	1.000000e-60	1.000000e-60	1.000000e-60	1.000000e-60	1.000000e-60
	1.000000e-60	1.000000e-60	1.000000e-60	1.000000e-60	1.000000e-60
	1.000000e-60	1.000000e-60	1.000000e-60	1.000000e-60	1.000000e-60
	1.000000e-60	1.000000e-60	1.000000e-60	1.000000e-60	1.000000e-60
	1.000000e-60	1.000000e-60	1.000000e-60	1.000000e-60	1.000000e-60
	1.000000e-60	1.000000e-60	1.000000e-60	1.000000e-60	1.000000e-60
	1.000000e-60	1.000000e-60	1.000000e-60	1.000000e-60	1.000000e-60
	1.000000e-60
massfraction-CH3
	1.000000e-60	1.000000e-60	1.000000e-60	1.000000e-60	1.000000e-60
	1.000000e-60	1.000000e-60	1.000000e-60	1.000000e-60	1.000000e-60
	1.000000e-60	1.000000e-60	1.000000e-60	1.000000e-60	1.000000e-60
	1.000000e-60	1.000000e-60	1.000000e-60	1.000000e-60	1.000000e-60
	1.000000e-60	1.000000e-60	1.000000e-60	1.000000e-60	1.000000e-60
	1.000000e-60	1.000000e-60	1.000000e-60	1.000000e-60	1.000000e-60
	1.000000e-60	1.000000e-60	1.000000e-60	1.000000e-60	1.000000e-60
	1.000000e-60	1.000000e-60	1.000000e-60	1.000000e-60	1.000000e-60
	1.000000e-60	1.000000e-60	1.000000e-60	1.000000e-60	1.000000e-60
	1.000000e-60	1.000000e-60	1.000000e-60	1.000000e-60	1.000000e-60
	1.000000e-60	1.000000e-60	1.000000e-60	1.000000e-60	1.000000e-60
	1.000000e-60	1.000000e-60	1.000000e-60	1.000000e-60	1.000000e-60
	1.000000e-60	1.000000e-60	1.000000e-60	1.000000e-60	1.000000e-60
	1.000000e-60	1.000000e-60	1.000000e-60	1.000000e-60	1.000000e-60
	1.000000e-60	1.000000e-60	1.000000e-60	1.000000e-60	1.000000e-60
	1.000000e-60	1.000000e-60	1.000000e-60	1.000000e-60	1.000000e-60
	1.000000e-60	1.000000e-60	1.000000e-60	1.000000e-60	1.000000e-60
	1.000000e-60	1.000000e-60	1.000000e-60	1.000000e-60	1.000000e-60
	1.000000e-60	1.000000e-60	1.000000e-60	1.000000e-60	1.000000e-60
	1.000000e-60	1.000000e-60	1.000000e-60	1.000000e-60	1.000000e-60
	1.000000e-60	1.000000e-60	1.000000e-60	1.000000e-60	1.000000e-60
	1.000000e-60	1.000000e-60	1.000000e-60	1.000000e-60	1.000000e-60
	1.000000e-60	1.000000e-60	1.000000e-60	1.000000e-60	1.000000e-60
	1.000000e-60	1.000000e-60	1.000000e-60	1.000000e-60	1.000000e-60
	1.000000e-60	1.000000e-60	1.000000e-60	1.000000e-60	1.000000e-60
	1.000000e-60	1.000000e-60	1.000000e-60	1.000000e-60	1.000000e-60
	1.000000e-60	1.000000e-60	1.000000e-60	1.000000e-60	1.000000e-60
	1.000000e-60	1.000000e-60	1.000000e-60	1.000000e-60	1.000000e-60
	1.000000e-60
massfraction-CH4
	1.000000e-60	1.967874e-02	3.866790e-02	5.622562e-02	7.185954e-02
	8.549153e-02	9.740837e-02	1.080969e-01	1.180007e-01	1.273962e-01
	1.364102e-01	1.450849e-01	1.534181e-01	1.613566e-01	1.688273e-01
	1.758379e-01	1.824960e-01	1.889173e-01	1.951763e-01	2.013138e-01
	2.073502e-01	2.132962e-01	2.191452e-01	2.248733e-01	2.304461e-01
	2.358437e-01	2.410977e-01	2.462603e-01	2.513616e-01	2.564174e-01
	2.614353e-01	2.663999e-01	2.712810e-01	2.760723e-01	2.807812e-01
	2.854146e-01	2.899995e-01	2.945585e-01	2.991006e-01	3.036351e-01
	3.081667e-01	3.126981e-01	3.172396e-01	3.218108e-01	3.264303e-01
	3.311243e-01	3.359099e-01	3.407782e-01	3.457206e-01	3.507198e-01
	3.557781e-01	3.609243e-01	3.661644e-01	3.715071e-01	3.769534e-01
	3.824763e-01	3.880729e-01	3.937512e-01	3.995207e-01	4.053888e-01
	4.113225e-01	4.172677e-01	4.231808e-01	4.290142e-01	4.347300e-01
	4.403412e-01	4.458641e-01	4.513176e-01	4.567230e-01	4.620787e-01
	4.673849e-01	4.726261e-01	4.777861e-01	4.828804e-01	4.879279e-01
	4.929461e-01	4.979551e-01	5.029576e-01	5.079382e-01	5.128756e-01
	5.177562e-01	5.225724e-01	5.273298e-01	5.320532e-01	5.367639e-01
	5.414703e-01	5.461755e-01	5.508821e-01	5.555947e-01	5.603169e-01
	5.650386e-01	5.697312e-01	5.743701e-01	5.789583e-01	5.835205e-01
	5.880785e-01	5.926436e-01	5.972230e-01	6.018212e-01	6.064378e-01
	6.110777e-01	6.157740e-01	6.205876e-01	6.255514e-01	6.306350e-01
	6.357973e-01	6.410592e-01	6.465278e-01	6.522992e-01	6.583554e-01
	6.646823e-01	6.713155e-01	6.781841e-01	6.851484e-01	6.921535e-01
	6.992113e-01	7.063306e-01	7.135105e-01	7.207479e-01	7.280496e-01
	7.355077e-01	7.432935e-01	7.514354e-01	7.597814e-01	7.682642e-01
	7.770515e-01	7.864434e-01	7.965337e-01	8.071300e-01	8.181108e-01
	8.295084e-01	8.413795e-01	8.538256e-01	8.669740e-01	8.810354e-01
	8.963477e-01	9.132044e-01	9.319062e-01	9.528991e-01	9.759815e-01
	1.000000e+00
massfraction-C2H6
	1.000000e-60	1.000000e-60	1.000000e-60	1.000000e-60	1.000000e-60
	1.000000e-60	1.000000e-60	1.000000e-60	1.000000e-60	1.000000e-60
	1.000000e-60	1.000000e-60	1.000000e-60	1.000000e-60	1.000000e-60
	1.000000e-60	1.000000e-60	1.000000e-60	1.000000e-60	1.000000e-60
	1.000000e-60	1.000000e-60	1.000000e-60	1.000000e-60	1.000000e-60
	1.000000e-60	1.000000e-60	1.000000e-60	1.000000e-60	1.000000e-60
	1.000000e-60	1.000000e-60	1.000000e-60	1.000000e-60	1.000000e-60
	1.000000e-60	1.000000e-60	1.000000e-60	1.000000e-60	1.000000e-60
	1.000000e-60	1.000000e-60	1.000000e-60	1.000000e-60	1.000000e-60
	1.000000e-60	1.000000e-60	1.000000e-60	1.000000e-60	1.000000e-60
	1.000000e-60	1.000000e-60	1.000000e-60	1.000000e-60	1.000000e-60
	1.000000e-60	1.000000e-60	1.000000e-60	1.000000e-60	1.000000e-60
	1.000000e-60	1.000000e-60	1.000000e-60	1.000000e-60	1.000000e-60
	1.000000e-60	1.000000e-60	1.000000e-60	1.000000e-60	1.000000e-60
	1.000000e-60	1.000000e-60	1.000000e-60	1.000000e-60	1.000000e-60
	1.000000e-60	1.000000e-60	1.000000e-60	1.000000e-60	1.000000e-60
	1.000000e-60	1.000000e-60	1.000000e-60	1.000000e-60	1.000000e-60
	1.000000e-60	1.000000e-60	1.000000e-60	1.000000e-60	1.000000e-60
	1.000000e-60	1.000000e-60	1.000000e-60	1.000000e-60	1.000000e-60
	1.000000e-60	1.000000e-60	1.000000e-60	1.000000e-60	1.000000e-60
	1.000000e-60	1.000000e-60	1.000000e-60	1.000000e-60	1.000000e-60
	1.000000e-60	1.000000e-60	1.000000e-60	1.000000e-60	1.000000e-60
	1.000000e-60	1.000000e-60	1.000000e-60	1.000000e-60	1.000000e-60
	1.000000e-60	1.000000e-60	1.000000e-60	1.000000e-60	1.000000e-60
	1.000000e-60	1.000000e-60	1.000000e-60	1.000000e-60	1.000000e-60
	1.000000e-60	1.000000e-60	1.000000e-60	1.000000e-60	1.000000e-60
	1.000000e-60	1.000000e-60	1.000000e-60	1.000000e-60	1.000000e-60
	1.000000e-60	1.000000e-60	1.000000e-60	1.000000e-60	1.000000e-60
	1.000000e-60
massfraction-C2H
	1.000000e-60	4.483021e-63	1.000000e-60	1.000000e-60	7.758815e-58
	3.082758e-57	2.442239e-57	1.000000e-60	1.598998e-57	1.000000e-60
	1.000000e-60	1.997371e-56	3.054841e-59	8.545494e-57	1.000000e-60
	1.000000e-60	1.000000e-60	1.000000e-60	1.000000e-60	1.000000e-60
	1.000000e-60	1.000000e-60	1.000000e-60	1.000000e-60	1.000000e-60
	1.000000e-60	1.000000e-60	1.000000e-60	1.000000e-60	1.000000e-60
	1.000000e-60	8.408728e-68	8.662460e-68	5.730032e-69	1.000000e-60
	1.000000e-60	1.000000e-60	1.000000e-60	1.000000e-60	1.000000e-60
	1.000000e-60	1.000000e-60	1.000000e-60	1.000000e-60	3.461330e-66
	1.000000e-60	1.000000e-60	1.000000e-60	3.164077e-67	1.083897e-66
	3.342197e-66	1.000000e-60	1.000000e-60	1.000000e-60	1.000000e-60
	1.000000e-60	1.000000e-60	1.000000e-60	1.000000e-60	1.000000e-60
	1.000000e-60	1.000000e-60	1.000000e-60	1.771006e-68	7.711526e-68
	2.931239e-68	6.256835e-68	9.590465e-68	3.705578e-68	1.453576e-68
	5.787965e-69	2.344413e-69	9.677154e-70	4.059006e-70	1.724410e-70
	7.397768e-71	3.194967e-71	1.388627e-71	6.087996e-72	2.700437e-72
	1.214051e-72	5.536121e-73	2.556907e-73	1.190759e-73	5.559335e-74
	2.568935e-74	1.110725e-74	3.076335e-75	1.000000e-60	1.000000e-60
	1.000000e-60	1.000000e-60	1.000000e-60	1.000000e-60	1.000000e-60
	1.000000e-60	1.000000e-60	1.000000e-60	1.000000e-60	1.000000e-60
	1.000000e-60	1.000000e-60	1.000000e-60	1.000000e-60	1.000000e-60
	1.000000e-60	1.000000e-60	1.000000e-60	1.000000e-60	1.000000e-60
	1.000000e-60	1.000000e-60	1.000000e-60	1.000000e-60	1.000000e-60
	1.000000e-60	1.000000e-60	1.000000e-60	2.620120e-68	5.559525e-69
	1.549569e-68	8.352511e-68	2.878712e-67	8.903418e-67	1.000000e-60
	1.000000e-60	1.000000e-60	1.000000e-60	1.000000e-60	1.000000e-60
	1.587844e-68	4.767321e-68	2.933972e-67	1.000000e-60	1.000000e-60
	9.355356e-67	9.136330e-66	9.895284e-65	1.434925e-63	2.970321e-62
	1.000000e-60
massfraction-C2H2
	1.000000e-60	1.950063e-60	1.953238e-60	1.953274e-60	1.953275e-60
	1.953275e-60	1.953275e-60	1.953275e-60	1.953275e-60	1.953275e-60
	1.953275e-60	1.953275e-60	1.953275e-60	1.953275e-60	1.953275e-60
	1.953275e-60	1.953275e-60	1.953275e-60	1.953275e-60	1.953275e-60
	1.953275e-60	1.953275e-60	1.953275e-60	1.953275e-60	1.953275e-60
	1.953275e-60	1.953275e-60	1.953275e-60	1.953275e-60	1.953275e-60
	1.953275e-60	1.953275e-60	1.953275e-60	1.953275e-60	1.953275e-60
	1.953275e-60	1.953275e-60	1.953275e-60	1.953275e-60	1.953275e-60
	1.953275e-60	1.953275e-60	1.953275e-60	1.953275e-60	1.953275e-60
	1.953275e-60	1.953275e-60	1.953275e-60	1.953275e-60	1.953275e-60
	1.953275e-60	1.953275e-60	1.953275e-60	1.953275e-60	1.953275e-60
	1.953275e-60	1.953275e-60	1.953275e-60	1.953275e-60	1.953275e-60
	1.953275e-60	1.953275e-60	1.953275e-60	1.953275e-60	1.953275e-60
	1.953275e-60	1.953275e-60	1.953275e-60	1.953275e-60	1.953275e-60
	1.953275e-60	1.953275e-60	1.953275e-60	1.953275e-60	1.953275e-60
	1.953275e-60	1.953275e-60	1.953275e-60	1.953275e-60	1.953275e-60
	1.953275e-60	1.953275e-60	1.953275e-60	1.953275e-60	1.953275e-60
	1.953275e-60	1.953275e-60	1.953275e-60	1.953275e-60	1.953275e-60
	1.953275e-60	1.953275e-60	1.953275e-60	1.953275e-60	1.953275e-60
	1.953275e-60	1.953275e-60	1.953275e-60	1.953275e-60	1.953275e-60
	1.953275e-60	1.953275e-60	1.953275e-60	1.953275e-60	1.953275e-60
	1.953275e-60	1.953275e-60	1.953275e-60	1.953275e-60	1.953275e-60
	1.953275e-60	1.953275e-60	1.953275e-60	1.953275e-60	1.953275e-60
	1.953275e-60	1.953275e-60	1.953275e-60	1.953275e-60	1.953275e-60
	1.953275e-60	1.953275e-60	1.953275e-60	1.953274e-60	1.953274e-60
	1.953273e-60	1.953271e-60	1.953268e-60	1.953263e-60	1.953254e-60
	1.953237e-60	1.953203e-60	1.953135e-60	1.952991e-60	1.952669e-60
	1.951879e-60	1.949723e-60	1.942999e-60	1.917770e-60	1.798670e-60
	1.000000e-60
massfraction-CHCO
	1.000000e-60	1.000000e-60	1.000000e-60	1.000000e-60	1.000000e-60
	1.000000e-60	1.000000e-60	1.000000e-60	1.000000e-60	1.000000e-60
	1.000000e-60	1.000000e-60	1.000000e-60	1.000000e-60	1.000000e-60
	1.000000e-60	1.000000e-60	1.000000e-60	1.000000e-60	1.000000e-60
	1.000000e-60	1.000000e-60	1.000000e-60	1.000000e-60	1.000000e-60
	1.000000e-60	1.000000e-60	1.000000e-60	1.000000e-60	1.000000e-60
	1.000000e-60	1.000000e-60	1.000000e-60	1.000000e-60	1.000000e-60
	1.000000e-60	1.000000e-60	1.000000e-60	1.000000e-60	1.000000e-60
	1.000000e-60	1.000000e-60	1.000000e-60	1.000000e-60	1.000000e-60
	1.000000e-60	1.000000e-60	1.000000e-60	1.000000e-60	1.000000e-60
	1.000000e-60	1.000000e-60	1.000000e-60	1.000000e-60	1.000000e-60
	1.000000e-60	1.000000e-60	1.000000e-60	1.000000e-60	1.000000e-60
	1.000000e-60	1.000000e-60	1.000000e-60	1.000000e-60	1.000000e-60
	1.000000e-60	1.000000e-60	1.000000e-60	1.000000e-60	1.000000e-60
	1.000000e-60	1.000000e-60	1.000000e-60	1.000000e-60	1.000000e-60
	1.000000e-60	1.000000e-60	1.000000e-60	1.000000e-60	1.000000e-60
	1.000000e-60	1.000000e-60	1.000000e-60	1.000000e-60	1.000000e-60
	1.000000e-60	1.000000e-60	1.000000e-60	1.000000e-60	1.000000e-60
	1.000000e-60	1.000000e-60	1.000000e-60	1.000000e-60	1.000000e-60
	1.000000e-60	1.000000e-60	1.000000e-60	1.000000e-60	1.000000e-60
	1.000000e-60	1.000000e-60	1.000000e-60	1.000000e-60	1.000000e-60
	1.000000e-60	1.000000e-60	1.000000e-60	1.000000e-60	1.000000e-60
	1.000000e-60	1.000000e-60	1.000000e-60	1.000000e-60	1.000000e-60
	1.000000e-60	1.000000e-60	1.000000e-60	1.000000e-60	1.000000e-60
	1.000000e-60	1.000000e-60	1.000000e-60	1.000000e-60	1.000000e-60
	1.000000e-60	1.000000e-60	1.000000e-60	1.000000e-60	1.000000e-60
	1.000000e-60	1.000000e-60	1.000000e-60	1.000000e-60	1.000000e-60
	1.000000e-60	1.000000e-60	1.000000e-60	1.000000e-60	1.000000e-60
	1.000000e-60
massfraction-C3H3
	1.000000e-60	2.157997e-64	1.629083e-67	2.754799e-70	8.909836e-73
	5.024754e-75	3.918796e-77	1.000000e-60	1.000000e-60	1.000000e-60
	1.000000e-60	1.000000e-60	1.000000e-60	1.000000e-60	1.000000e-60
	1.000000e-60	1.000000e-60	1.000000e-60	1.000000e-60	1.000000e-60
	1.000000e-60	1.000000e-60	1.000000e-60	1.000000e-60	1.000000e-60
	1.000000e-60	1.000000e-60	1.000000e-60	1.000000e-60	1.000000e-60
	1.000000e-60	1.000000e-60	1.000000e-60	1.000000e-60	1.000000e-60
	1.000000e-60	1.000000e-60	1.000000e-60	1.000000e-60	1.000000e-60
	1.000000e-60	1.000000e-60	1.000000e-60	1.000000e-60	1.000000e-60
	1.000000e-60	1.000000e-60	1.000000e-60	1.000000e-60	1.000000e-60
	1.000000e-60	1.000000e-60	1.000000e-60	1.000000e-60	1.000000e-60
	1.000000e-60	1.000000e-60	1.000000e-60	1.000000e-60	1.000000e-60
	1.000000e-60	1.000000e-60	1.000000e-60	1.000000e-60	1.000000e-60
	1.000000e-60	1.000000e-60	1.000000e-60	1.000000e-60	1.000000e-60
	1.000000e-60	1.000000e-60	1.000000e-60	1.000000e-60	1.000000e-60
	1.000000e-60	1.000000e-60	1.000000e-60	1.000000e-60	1.000000e-60
	1.000000e-60	1.000000e-60	1.000000e-60	1.000000e-60	1.000000e-60
	1.000000e-60	1.000000e-60	1.000000e-60	1.000000e-60	1.000000e-60
	1.000000e-60	1.000000e-60	1.000000e-60	1.000000e-60	1.000000e-60
	1.000000e-60	1.000000e-60	1.000000e-60	1.000000e-60	1.000000e-60
	1.000000e-60	1.000000e-60	1.000000e-60	1.000000e-60	1.000000e-60
	1.000000e-60	1.000000e-60	1.000000e-60	1.000000e-60	1.000000e-60
	1.000000e-60	1.000000e-60	1.000000e-60	1.000000e-60	1.000000e-60
	1.000000e-60	1.000000e-60	1.000000e-60	1.000000e-60	1.000000e-60
	1.000000e-60	1.000000e-60	1.000000e-60	1.000000e-60	1.000000e-60
	1.000000e-60	1.000000e-60	1.000000e-60	1.000000e-60	1.968604e-74
	2.926456e-73	2.427061e-72	2.174788e-71	2.159755e-70	2.441486e-69
	3.269444e-68	5.397238e-67	1.144436e-65	3.331698e-64	1.416179e-62
	1.000000e-60
massfraction-C2H3
	1.000000e-60	3.370219e-63	3.909740e-65	9.883042e-67	4.576599e-68
	3.477411e-69	3.910139e-70	5.867795e-71	1.081376e-71	2.316548e-72
	5.583593e-73	1.467823e-73	3.629550e-74	1.000000e-60	1.000000e-60
	1.000000e-60	1.000000e-60	1.000000e-60	1.000000e-60	1.000000e-60
	1.000000e-60	1.000000e-60	1.000000e-60	1.000000e-60	1.000000e-60
	1.000000e-60	1.000000e-60	1.000000e-60	1.000000e-60	1.000000e-60
	1.000000e-60	1.000000e-60	1.000000e-60	1.000000e-60	1.000000e-60
	1.000000e-60	1.000000e-60	1.000000e-60	1.000000e-60	1.000000e-60
	1.000000e-60	1.000000e-60	1.000000e-60	1.000000e-60	1.000000e-60
	1.000000e-60	1.000000e-60	1.000000e-60	1.000000e-60	1.000000e-60
	1.000000e-60	1.000000e-60	1.000000e-60	1.000000e-60	1.000000e-60
	1.000000e-60	1.000000e-60	1.000000e-60	1.000000e-60	1.000000e-60
	1.000000e-60	1.000000e-60	1.000000e-60	1.000000e-60	1.000000e-60
	1.000000e-60	1.000000e-60	1.000000e-60	1.000000e-60	1.000000e-60
	1.000000e-60	1.000000e-60	1.000000e-60	1.000000e-60	1.000000e-60
	1.215491e-73	2.487797e-73	4.015052e-73	5.941417e-73	8.435126e-73
	1.170165e-72	1.599577e-72	2.164864e-72	2.911793e-72	3.901890e-72
	5.215209e-72	6.956546e-72	9.264085e-72	1.232180e-71	1.637346e-71
	2.172554e-71	2.873823e-71	3.784517e-71	4.962839e-71	6.490212e-71
	8.475511e-71	1.105976e-70	1.442757e-70	1.882026e-70	2.454977e-70
	3.203186e-70	4.188325e-70	5.506758e-70	7.293391e-70	9.713870e-70
	1.298031e-69	1.742199e-69	2.362335e-69	3.252662e-69	4.542828e-69
	6.430218e-69	9.240701e-69	1.343052e-68	1.959648e-68	2.862125e-68
	4.186736e-68	6.136977e-68	9.014322e-68	1.326658e-67	1.957195e-67
	2.908234e-67	4.391100e-67	6.747975e-67	1.047500e-66	1.637216e-66
	2.598226e-66	4.251071e-66	7.207399e-66	1.255324e-65	2.233774e-65
	4.069110e-65	7.617391e-65	1.474867e-64	2.978197e-64	6.356168e-64
	1.464419e-63	3.726795e-63	1.078023e-62	3.724527e-62	1.621833e-61
	1.000000e-60
massfraction-C2H4
	1.000000e-60	1.000000e-60	1.000000e-60	1.000000e-60	1.000000e-60
	1.000000e-60	1.000000e-60	1.000000e-60	1.000000e-60	1.000000e-60
	1.000000e-60	1.000000e-60	1.000000e-60	1.000000e-60	1.000000e-60
	1.000000e-60	1.000000e-60	1.000000e-60	1.000000e-60	1.000000e-60
	1.000000e-60	1.000000e-60	1.000000e-60	1.000000e-60	1.000000e-60
	1.000000e-60	1.000000e-60	1.000000e-60	1.000000e-60	1.000000e-60
	1.000000e-60	1.000000e-60	1.000000e-60	1.000000e-60	1.000000e-60
	1.000000e-60	1.000000e-60	1.000000e-60	1.000000e-60	1.000000e-60
	1.000000e-60	1.000000e-60	1.000000e-60	1.000000e-60	1.000000e-60
	1.000000e-60	1.000000e-60	1.000000e-60	1.000000e-60	1.000000e-60
	1.000000e-60	1.000000e-60	1.000000e-60	1.000000e-60	1.000000e-60
	1.000000e-60	1.000000e-60	1.000000e-60	1.000000e-60	1.000000e-60
	1.000000e-60	1.000000e-60	1.000000e-60	1.000000e-60	1.000000e-60
	1.000000e-60	1.000000e-60	1.000000e-60	1.000000e-60	1.000000e-60
	1.000000e-60	1.000000e-60	1.000000e-60	1.000000e-60	1.000000e-60
	1.000000e-60	1.000000e-60	1.000000e-60	1.000000e-60	1.000000e-60
	1.000000e-60	1.000000e-60	1.000000e-60	1.000000e-60	1.000000e-60
	1.000000e-60	1.000000e-60	1.000000e-60	1.000000e-60	1.000000e-60
	1.000000e-60	1.000000e-60	1.000000e-60	1.000000e-60	1.000000e-60
	1.000000e-60	1.000000e-60	1.000000e-60	1.000000e-60	1.000000e-60
	1.000000e-60	1.000000e-60	1.000000e-60	1.000000e-60	1.000000e-60
	1.000000e-60	1.000000e-60	1.000000e-60	1.000000e-60	1.000000e-60
	1.000000e-60	1.000000e-60	1.000000e-60	1.000000e-60	1.000000e-60
	1.000000e-60	1.000000e-60	1.000000e-60	1.000000e-60	1.000000e-60
	1.000000e-60	1.000000e-60	1.000000e-60	1.000000e-60	1.000000e-60
	1.000000e-60	1.000000e-60	1.000000e-60	1.000000e-60	1.000000e-60
	1.000000e-60	1.000000e-60	1.000000e-60	1.000000e-60	1.000000e-60
	1.000000e-60	1.000000e-60	1.000000e-60	1.000000e-60	1.000000e-60
	1.000000e-60
massfraction-C2H5
	1.000000e-60	1.000000e-60	1.000000e-60	1.000000e-60	1.000000e-60
	1.000000e-60	1.000000e-60	1.000000e-60	1.000000e-60	1.000000e-60
	1.000000e-60	1.000000e-60	1.000000e-60	1.000000e-60	1.000000e-60
	1.000000e-60	1.000000e-60	1.000000e-60	1.000000e-60	1.000000e-60
	1.000000e-60	1.000000e-60	1.000000e-60	1.000000e-60	1.000000e-60
	1.000000e-60	1.000000e-60	1.000000e-60	1.000000e-60	1.000000e-60
	1.000000e-60	1.000000e-60	1.000000e-60	1.000000e-60	1.000000e-60
	1.000000e-60	1.000000e-60	1.000000e-60	1.000000e-60	1.000000e-60
	1.000000e-60	1.000000e-60	1.000000e-60	1.000000e-60	1.000000e-60
	1.000000e-60	1.000000e-60	1.000000e-60	1.000000e-60	1.000000e-60
	1.000000e-60	1.000000e-60	1.000000e-60	1.000000e-60	1.000000e-60
	1.000000e-60	1.000000e-60	1.000000e-60	1.000000e-60	1.000000e-60
	1.000000e-60	1.000000e-60	1.000000e-60	1.000000e-60	1.000000e-60
	1.000000e-60	1.000000e-60	1.000000e-60	1.000000e-60	1.000000e-60
	1.000000e-60	1.000000e-60	1.000000e-60	1.000000e-60	1.000000e-60
	1.000000e-60	1.000000e-60	1.000000e-60	1.000000e-60	1.000000e-60
	1.000000e-60	1.000000e-60	1.000000e-60	1.000000e-60	1.000000e-60
	1.000000e-60	1.000000e-60	1.000000e-60	1.000000e-60	1.000000e-60
	1.000000e-60	1.000000e-60	1.000000e-60	1.000000e-60	1.000000e-60
	1.000000e-60	1.000000e-60	1.000000e-60	1.000000e-60	1.000000e-60
	1.000000e-60	1.000000e-60	1.000000e-60	1.000000e-60	1.000000e-60
	1.000000e-60	1.000000e-60	1.000000e-60	1.000000e-60	1.000000e-60
	1.000000e-60	1.000000e-60	1.000000e-60	1.000000e-60	1.000000e-60
	1.000000e-60	1.000000e-60	1.000000e-60	1.000000e-60	1.000000e-60
	1.000000e-60	1.000000e-60	1.000000e-60	1.000000e-60	1.000000e-60
	1.000000e-60	1.000000e-60	1.000000e-60	1.000000e-60	1.000000e-60
	1.000000e-60	1.000000e-60	1.000000e-60	1.000000e-60	1.000000e-60
	1.000000e-60	1.000000e-60	1.000000e-60	1.000000e-60	1.000000e-60
	1.000000e-60
massfraction-C3H4
	1.000000e-60	1.000000e-60	1.000000e-60	1.000000e-60	1.000000e-60
	1.000000e-60	1.000000e-60	1.000000e-60	1.000000e-60	1.000000e-60
	1.000000e-60	1.000000e-60	1.000000e-60	1.000000e-60	1.000000e-60
	1.000000e-60	1.000000e-60	1.000000e-60	1.000000e-60	1.000000e-60
	1.000000e-60	1.000000e-60	1.000000e-60	1.000000e-60	1.000000e-60
	1.000000e-60	1.000000e-60	1.000000e-60	1.000000e-60	1.000000e-60
	1.000000e-60	1.000000e-60	1.000000e-60	1.000000e-60	1.000000e-60
	1.000000e-60	1.000000e-60	1.000000e-60	1.000000e-60	1.000000e-60
	1.000000e-60	1.000000e-60	1.000000e-60	1.000000e-60	1.000000e-60
	1.000000e-60	1.000000e-60	1.000000e-60	1.000000e-60	1.000000e-60
	1.000000e-60	1.000000e-60	1.000000e-60	1.000000e-60	1.000000e-60
	1.000000e-60	1.000000e-60	1.000000e-60	1.000000e-60	1.000000e-60
	1.000000e-60	1.000000e-60	1.000000e-60	1.000000e-60	1.000000e-60
	1.000000e-60	1.000000e-60	1.000000e-60	1.000000e-60	1.000000e-60
	1.000000e-60	1.000000e-60	1.000000e-60	1.000000e-60	1.000000e-60
	1.000000e-60	1.000000e-60	1.000000e-60	1.000000e-60	1.000000e-60
	1.000000e-60	1.000000e-60	1.000000e-60	1.000000e-60	1.000000e-60
	1.000000e-60	1.000000e-60	1.000000e-60	1.000000e-60	1.000000e-60
	1.000000e-60	1.000000e-60	1.000000e-60	1.000000e-60	1.000000e-60
	1.000000e-60	1.000000e-60	1.000000e-60	1.000000e-60	1.000000e-60
	1.000000e-60	1.000000e-60	1.000000e-60	1.000000e-60	1.000000e-60
	1.000000e-60	1.000000e-60	1.000000e-60	1.000000e-60	1.000000e-60
	1.000000e-60	1.000000e-60	1.000000e-60	1.000000e-60	1.000000e-60
	1.000000e-60	1.000000e-60	1.000000e-60	1.000000e-60	1.000000e-60
	1.000000e-60	1.000000e-60	1.000000e-60	1.000000e-60	1.000000e-60
	1.000000e-60	1.000000e-60	1.000000e-60	1.000000e-60	1.000000e-60
	1.000000e-60	1.000000e-60	1.000000e-60	1.000000e-60	1.000000e-60
	1.000000e-60	1.000000e-60	1.000000e-60	1.000000e-60	1.000000e-60
	1.000000e-60
massfraction-C3H5
	1.000000e-60	1.000000e-60	1.000000e-60	1.000000e-60	1.000000e-60
	1.000000e-60	1.000000e-60	1.000000e-60	1.000000e-60	1.000000e-60
	1.000000e-60	1.000000e-60	1.000000e-60	1.000000e-60	1.000000e-60
	1.000000e-60	1.000000e-60	1.000000e-60	1.000000e-60	1.000000e-60
	1.000000e-60	1.000000e-60	1.000000e-60	1.000000e-60	1.000000e-60
	1.000000e-60	1.000000e-60	1.000000e-60	1.000000e-60	1.000000e-60
	1.000000e-60	1.000000e-60	1.000000e-60	1.000000e-60	1.000000e-60
	1.000000e-60	1.000000e-60	1.000000e-60	1.000000e-60	1.000000e-60
	1.000000e-60	1.000000e-60	1.000000e-60	1.000000e-60	1.000000e-60
	1.000000e-60	1.000000e-60	1.000000e-60	1.000000e-60	1.000000e-60
	1.000000e-60	1.000000e-60	1.000000e-60	1.000000e-60	1.000000e-60
	1.000000e-60	1.000000e-60	1.000000e-60	1.000000e-60	1.000000e-60
	1.000000e-60	1.000000e-60	1.000000e-60	1.000000e-60	1.000000e-60
	1.000000e-60	1.000000e-60	1.000000e-60	1.000000e-60	1.000000e-60
	1.000000e-60	1.000000e-60	1.000000e-60	1.000000e-60	1.000000e-60
	1.000000e-60	1.000000e-60	1.000000e-60	1.000000e-60	1.000000e-60
	1.000000e-60	1.000000e-60	1.000000e-60	1.000000e-60	1.000000e-60
	1.000000e-60	1.000000e-60	1.000000e-60	1.000000e-60	1.000000e-60
	1.000000e-60	1.000000e-60	1.000000e-60	1.000000e-60	1.000000e-60
	1.000000e-60	1.000000e-60	1.000000e-60	1.000000e-60	1.000000e-60
	1.000000e-60	1.000000e-60	1.000000e-60	1.000000e-60	1.000000e-60
	1.000000e-60	1.000000e-60	1.000000e-60	1.000000e-60	1.000000e-60
	1.000000e-60	1.000000e-60	1.000000e-60	1.000000e-60	1.000000e-60
	1.000000e-60	1.000000e-60	1.000000e-60	1.000000e-60	1.000000e-60
	1.000000e-60	1.000000e-60	1.000000e-60	1.000000e-60	1.000000e-60
	1.000000e-60	1.000000e-60	1.000000e-60	1.000000e-60	1.000000e-60
	1.000000e-60	1.000000e-60	1.000000e-60	1.000000e-60	1.000000e-60
	1.000000e-60	1.000000e-60	1.000000e-60	1.000000e-60	1.000000e-60
	1.000000e-60
massfraction-C3H6
	1.000000e-60	1.224752e-60	1.311270e-60	1.359730e-60	1.390341e-60
	1.410955e-60	1.425622e-60	1.436690e-60	1.445489e-60	1.452735e-60
	1.458808e-60	1.463935e-60	1.468265e-60	1.471900e-60	1.474921e-60
	1.477430e-60	1.479540e-60	1.481339e-60	1.482883e-60	1.484207e-60
	1.485333e-60	1.486282e-60	1.487066e-60	1.487697e-60	1.488185e-60
	1.488546e-60	1.488795e-60	1.488943e-60	1.489001e-60	1.488972e-60
	1.488863e-60	1.488677e-60	1.488421e-60	1.488102e-60	1.487724e-60
	1.487291e-60	1.486805e-60	1.486267e-60	1.485676e-60	1.485033e-60
	1.484340e-60	1.483596e-60	1.482802e-60	1.481953e-60	1.481046e-60
	1.480076e-60	1.479036e-60	1.477927e-60	1.476750e-60	1.475507e-60
	1.474197e-60	1.472812e-60	1.471348e-60	1.469800e-60	1.468166e-60
	1.466452e-60	1.464658e-60	1.462781e-60	1.460814e-60	1.458754e-60
	1.456612e-60	1.454405e-60	1.452152e-60	1.449873e-60	1.447587e-60
	1.445292e-60	1.442986e-60	1.440662e-60	1.438313e-60	1.435942e-60
	1.433552e-60	1.431149e-60	1.428745e-60	1.426333e-60	1.423907e-60
	1.421459e-60	1.418980e-60	1.416469e-60	1.413935e-60	1.411389e-60
	1.408839e-60	1.406292e-60	1.403745e-60	1.401187e-60	1.398606e-60
	1.395998e-60	1.393362e-60	1.390696e-60	1.387998e-60	1.385265e-60
	1.382505e-60	1.379733e-60	1.376966e-60	1.374201e-60	1.371427e-60
	1.368629e-60	1.365800e-60	1.362936e-60	1.360035e-60	1.357096e-60
	1.354115e-60	1.351071e-60	1.347923e-60	1.344647e-60	1.341261e-60
	1.337790e-60	1.334219e-60	1.330472e-60	1.326478e-60	1.322244e-60
	1.317773e-60	1.313034e-60	1.308071e-60	1.302980e-60	1.297801e-60
	1.292522e-60	1.287137e-60	1.281643e-60	1.276041e-60	1.270325e-60
	1.264420e-60	1.258181e-60	1.251577e-60	1.244721e-60	1.237663e-60
	1.230256e-60	1.222229e-60	1.213477e-60	1.204142e-60	1.194309e-60
	1.183928e-60	1.172921e-60	1.161161e-60	1.148484e-60	1.134628e-60
	1.119165e-60	1.101662e-60	1.081591e-60	1.058121e-60	1.030873e-60
	1.000000e-60
massfraction-N-C3H7
	1.000000e-60	1.000000e-60	1.000000e-60	1.000000e-60	1.000000e-60
	1.000000e-60	1.000000e-60	1.000000e-60	1.000000e-60	1.000000e-60
	1.000000e-60	1.000000e-60	1.000000e-60	1.000000e-60	1.000000e-60
	1.000000e-60	1.000000e-60	1.000000e-60	1.000000e-60	1.000000e-60
	1.000000e-60	1.000000e-60	1.000000e-60	1.000000e-60	1.000000e-60
	1.000000e-60	1.000000e-60	1.000000e-60	1.000000e-60	1.000000e-60
	1.000000e-60	1.000000e-60	1.000000e-60	1.000000e-60	1.000000e-60
	1.000000e-60	1.000000e-60	1.000000e-60	1.000000e-60	1.000000e-60
	1.000000e-60	1.000000e-60	1.000000e-60	1.000000e-60	1.000000e-60
	1.000000e-60	1.000000e-60	1.000000e-60	1.000000e-60	1.000000e-60
	1.000000e-60	1.000000e-60	1.000000e-60	1.000000e-60	1.000000e-60
	1.000000e-60	1.000000e-60	1.000000e-60	1.000000e-60	1.000000e-60
	1.000000e-60	1.000000e-60	1.000000e-60	1.000000e-60	1.000000e-60
	1.000000e-60	1.000000e-60	1.000000e-60	1.000000e-60	1.000000e-60
	1.000000e-60	1.000000e-60	1.000000e-60	1.000000e-60	1.000000e-60
	1.000000e-60	1.000000e-60	1.000000e-60	1.000000e-60	1.000000e-60
	1.000000e-60	1.000000e-60	1.000000e-60	1.000000e-60	1.000000e-60
	1.000000e-60	1.000000e-60	1.000000e-60	1.000000e-60	1.000000e-60
	1.000000e-60	1.000000e-60	1.000000e-60	1.000000e-60	1.000000e-60
	1.000000e-60	1.000000e-60	1.000000e-60	1.000000e-60	1.000000e-60
	1.000000e-60	1.000000e-60	1.000000e-60	1.000000e-60	1.000000e-60
	1.000000e-60	1.000000e-60	1.000000e-60	1.000000e-60	1.000000e-60
	1.000000e-60	1.000000e-60	1.000000e-60	1.000000e-60	1.000000e-60
	1.000000e-60	1.000000e-60	1.000000e-60	1.000000e-60	1.000000e-60
	1.000000e-60	1.000000e-60	1.000000e-60	1.000000e-60	1.000000e-60
	1.000000e-60	1.000000e-60	1.000000e-60	1.000000e-60	1.000000e-60
	1.000000e-60	1.000000e-60	1.000000e-60	1.000000e-60	1.000000e-60
	1.000000e-60	1.000000e-60	1.000000e-60	1.000000e-60	1.000000e-60
	1.000000e-60
massfraction-I-C3H7
	1.000000e-60	7.687436e-61	6.797221e-61	6.298602e-61	5.983626e-61
	5.771521e-61	5.620606e-61	5.506730e-61	5.416191e-61	5.341637e-61
	5.279145e-61	5.226397e-61	5.181838e-61	5.144436e-61	5.113354e-61
	5.087540e-61	5.065827e-61	5.047312e-61	5.031426e-61	5.017811e-61
	5.006218e-61	4.996458e-61	4.988391e-61	4.981901e-61	4.976871e-61
	4.973159e-61	4.970603e-61	4.969073e-61	4.968483e-61	4.968776e-61
	4.969903e-61	4.971815e-61	4.974444e-61	4.977729e-61	4.981618e-61
	4.986070e-61	4.991070e-61	4.996615e-61	5.002694e-61	5.009304e-61
	5.016439e-61	5.024090e-61	5.032266e-61	5.040999e-61	5.050328e-61
	5.060315e-61	5.071014e-61	5.082423e-61	5.094537e-61	5.107324e-61
	5.120800e-61	5.135054e-61	5.150121e-61	5.166049e-61	5.182861e-61
	5.200493e-61	5.218949e-61	5.238269e-61	5.258504e-61	5.279697e-61
	5.301746e-61	5.324452e-61	5.347634e-61	5.371081e-61	5.394602e-61
	5.418213e-61	5.441948e-61	5.465862e-61	5.490028e-61	5.514419e-61
	5.539019e-61	5.563739e-61	5.588480e-61	5.613296e-61	5.638260e-61
	5.663450e-61	5.688957e-61	5.714791e-61	5.740866e-61	5.767062e-61
	5.793293e-61	5.819502e-61	5.845706e-61	5.872031e-61	5.898589e-61
	5.925423e-61	5.952548e-61	5.979979e-61	6.007740e-61	6.035854e-61
	6.064259e-61	6.092779e-61	6.121255e-61	6.149696e-61	6.178246e-61
	6.207038e-61	6.236143e-61	6.265607e-61	6.295461e-61	6.325706e-61
	6.356375e-61	6.387696e-61	6.420087e-61	6.453794e-61	6.488636e-61
	6.524348e-61	6.561093e-61	6.599647e-61	6.640740e-61	6.684307e-61
	6.730308e-61	6.779071e-61	6.830140e-61	6.882519e-61	6.935813e-61
	6.990125e-61	7.045540e-61	7.102068e-61	7.159702e-61	7.218516e-61
	7.279284e-61	7.343475e-61	7.411429e-61	7.481970e-61	7.554591e-61
	7.630811e-61	7.713402e-61	7.803449e-61	7.899502e-61	8.000678e-61
	8.107496e-61	8.220753e-61	8.341754e-61	8.472186e-61	8.614764e-61
	8.773860e-61	8.953965e-61	9.160481e-61	9.401968e-61	9.682336e-61
	1.000000e-60
massfraction-C3H8
	1.000000e-60	1.000000e-60	1.000000e-60	1.000000e-60	1.000000e-60
	1.000000e-60	1.000000e-60	1.000000e-60	1.000000e-60	1.000000e-60
	1.000000e-60	1.000000e-60	1.000000e-60	1.000000e-60	1.000000e-60
	1.000000e-60	1.000000e-60	1.000000e-60	1.000000e-60	1.000000e-60
	1.000000e-60	1.000000e-60	1.000000e-60	1.000000e-60	1.000000e-60
	1.000000e-60	1.000000e-60	1.000000e-60	1.000000e-60	1.000000e-60
	1.000000e-60	1.000000e-60	1.000000e-60	1.000000e-60	1.000000e-60
	1.000000e-60	1.000000e-60	1.000000e-60	1.000000e-60	1.000000e-60
	1.000000e-60	1.000000e-60	1.000000e-60	1.000000e-60	1.000000e-60
	1.000000e-60	1.000000e-60	1.000000e-60	1.000000e-60	1.000000e-60
	1.000000e-60	1.000000e-60	1.000000e-60	1.000000e-60	1.000000e-60
	1.000000e-60	1.000000e-60	1.000000e-60	1.000000e-60	1.000000e-60
	1.000000e-60	1.000000e-60	1.000000e-60	1.000000e-60	1.000000e-60
	1.000000e-60	1.000000e-60	1.000000e-60	1.000000e-60	1.000000e-60
	1.000000e-60	1.000000e-60	1.000000e-60	1.000000e-60	1.000000e-60
	1.000000e-60	1.000000e-60	1.000000e-60	1.000000e-60	1.000000e-60
	1.000000e-60	1.000000e-60	1.000000e-60	1.000000e-60	1.000000e-60
	1.000000e-60	1.000000e-60	1.000000e-60	1.000000e-60	1.000000e-60
	1.000000e-60	1.000000e-60	1.000000e-60	1.000000e-60	1.000000e-60
	1.000000e-60	1.000000e-60	1.000000e-60	1.000000e-60	1.000000e-60
	1.000000e-60	1.000000e-60	1.000000e-60	1.000000e-60	1.000000e-60
	1.000000e-60	1.000000e-60	1.000000e-60	1.000000e-60	1.000000e-60
	1.000000e-60	1.000000e-60	1.000000e-60	1.000000e-60	1.000000e-60
	1.000000e-60	1.000000e-60	1.000000e-60	1.000000e-60	1.000000e-60
	1.000000e-60	1.000000e-60	1.000000e-60	1.000000e-60	1.000000e-60
	1.000000e-60	1.000000e-60	1.000000e-60	1.000000e-60	1.000000e-60
	1.000000e-60	1.000000e-60	1.000000e-60	1.000000e-60	1.000000e-60
	1.000000e-60	1.000000e-60	1.000000e-60	1.000000e-60	1.000000e-60
	1.000000e-60
W
	2.885106e+01	2.840480e+01	2.798708e+01	2.761162e+01	2.728569e+01
	2.700771e+01	2.676930e+01	2.655902e+01	2.636710e+01	2.618758e+01
	2.601763e+01	2.585615e+01	2.570290e+01	2.555859e+01	2.542426e+01
	2.529948e+01	2.518210e+01	2.506992e+01	2.496154e+01	2.485616e+01
	2.475339e+01	2.465298e+01	2.455501e+01	2.445981e+01	2.436789e+01
	2.427952e+01	2.419412e+01	2.411078e+01	2.402900e+01	2.394849e+01
	2.386912e+01	2.379111e+01	2.371490e+01	2.364057e+01	2.356797e+01
	2.349697e+01	2.342713e+01	2.335810e+01	2.328972e+01	2.322186e+01
	2.315443e+01	2.308740e+01	2.302061e+01	2.295377e+01	2.288662e+01
	2.281878e+01	2.275004e+01	2.268053e+01	2.261039e+01	2.253989e+01
	2.246900e+01	2.239734e+01	2.232483e+01	2.225139e+01	2.217702e+01
	2.210211e+01	2.202672e+01	2.195074e+01	2.187409e+01	2.179667e+01
	2.171894e+01	2.164161e+01	2.156524e+01	2.149044e+01	2.141764e+01
	2.134665e+01	2.127723e+01	2.120913e+01	2.114206e+01	2.107602e+01
	2.101100e+01	2.094717e+01	2.088471e+01	2.082340e+01	2.076301e+01
	2.070332e+01	2.064408e+01	2.058525e+01	2.052702e+01	2.046961e+01
	2.041317e+01	2.035779e+01	2.030338e+01	2.024964e+01	2.019633e+01
	2.014335e+01	2.009066e+01	2.003822e+01	1.998600e+01	1.993394e+01
	1.988216e+01	1.983096e+01	1.978060e+01	1.973105e+01	1.968202e+01
	1.963329e+01	1.958471e+01	1.953623e+01	1.948779e+01	1.943939e+01
	1.939099e+01	1.934225e+01	1.929255e+01	1.924156e+01	1.918961e+01
	1.913716e+01	1.908398e+01	1.902902e+01	1.897137e+01	1.891124e+01
	1.884884e+01	1.878385e+01	1.871703e+01	1.864976e+01	1.858258e+01
	1.851538e+01	1.844809e+01	1.838072e+01	1.831331e+01	1.824579e+01
	1.817735e+01	1.810644e+01	1.803288e+01	1.795809e+01	1.788270e+01
	1.780528e+01	1.772327e+01	1.763599e+01	1.754526e+01	1.745222e+01
	1.735669e+01	1.725829e+01	1.715631e+01	1.704988e+01	1.693752e+01
	1.681683e+01	1.668594e+01	1.654309e+01	1.638562e+01	1.621591e+01
	1.604300e+01
ZBilger
	0.000000e+00	1.967874e-02	3.866790e-02	5.622562e-02	7.185954e-02
	8.549153e-02	9.740837e-02	1.080969e-01	1.180007e-01	1.273962e-01
	1.364102e-01	1.450849e-01	1.534181e-01	1.613566e-01	1.688273e-01
	1.758379e-01	1.824960e-01	1.889173e-01	1.951763e-01	2.013138e-01
	2.073502e-01	2.132962e-01	2.191452e-01	2.248733e-01	2.304461e-01
	2.358437e-01	2.410977e-01	2.462603e-01	2.513616e-01	2.564174e-01
	2.614353e-01	2.663999e-01	2.712810e-01	2.760723e-01	2.807812e-01
	2.854146e-01	2.899995e-01	2.945585e-01	2.991006e-01	3.036351e-01
	3.081667e-01	3.126981e-01	3.172396e-01	3.218108e-01	3.264303e-01
	3.311243e-01	3.359099e-01	3.407782e-01	3.457206e-01	3.507198e-01
	3.557781e-01	3.609243e-01	3.661644e-01	3.715071e-01	3.769534e-01
	3.824763e-01	3.880729e-01	3.937512e-01	3.995207e-01	4.053888e-01
	4.113225e-01	4.172677e-01	4.231808e-01	4.290142e-01	4.347300e-01
	4.403412e-01	4.458641e-01	4.513176e-01	4.567230e-01	4.620787e-01
	4.673849e-01	4.726261e-01	4.777861e-01	4.828804e-01	4.879279e-01
	4.929461e-01	4.979551e-01	5.029576e-01	5.079382e-01	5.128756e-01
	5.177562e-01	5.225724e-01	5.273298e-01	5.320532e-01	5.367639e-01
	5.414703e-01	5.461755e-01	5.508821e-01	5.555947e-01	5.603169e-01
	5.650386e-01	5.697312e-01	5.743701e-01	5.789583e-01	5.835205e-01
	5.880785e-01	5.926436e-01	5.972230e-01	6.018212e-01	6.064378e-01
	6.110777e-01	6.157740e-01	6.205876e-01	6.255514e-01	6.306350e-01
	6.357973e-01	6.410592e-01	6.465278e-01	6.522992e-01	6.583554e-01
	6.646823e-01	6.713155e-01	6.781841e-01	6.851484e-01	6.921535e-01
	6.992113e-01	7.063306e-01	7.135105e-01	7.207479e-01	7.280496e-01
	7.355077e-01	7.432935e-01	7.514354e-01	7.597814e-01	7.682642e-01
	7.770515e-01	7.864434e-01	7.965337e-01	8.071300e-01	8.181108e-01
	8.295084e-01	8.413795e-01	8.538256e-01	8.669740e-01	8.810354e-01
	8.963477e-01	9.132044e-01	9.319062e-01	9.528991e-01	9.759815e-01
	1.000000e+00
chi [1/s]
	0.000000e+00	1.464711e+01	4.520266e+01	8.252114e+01	1.208307e+02
	1.572222e+02	1.908980e+02	2.220530e+02	2.517432e+02	2.802348e+02
	3.078204e+02	3.347437e+02	3.608610e+02	3.853854e+02	4.089082e+02
	4.304587e+02	4.513590e+02	4.708831e+02	4.901633e+02	5.088336e+02
	5.269673e+02	5.449830e+02	5.621634e+02	5.789569e+02	5.953543e+02
	6.106946e+02	6.255695e+02	6.401817e+02	6.543093e+02	6.680286e+02
	6.815988e+02	6.949657e+02	7.076310e+02	7.199434e+02	7.319597e+02
	7.436913e+02	7.548696e+02	7.658518e+02	7.766826e+02	7.873764e+02
	7.977493e+02	8.078794e+02	8.178942e+02	8.278268e+02	8.376521e+02
	8.472710e+02	8.568988e+02	8.664986e+02	8.760350e+02	8.852646e+02
	8.943599e+02	9.033679e+02	9.122761e+02	9.209404e+02	9.294466e+02
	9.377591e+02	9.458508e+02	9.535998e+02	9.610990e+02	9.683433e+02
	9.752543e+02	9.816955e+02	9.876916e+02	9.931976e+02	9.981749e+02
	1.002646e+03	1.006668e+03	1.010269e+03	1.013462e+03	1.016251e+03
	1.018657e+03	1.020681e+03	1.022331e+03	1.023620e+03	1.024569e+03
	1.025188e+03	1.025482e+03	1.025452e+03	1.025103e+03	1.024440e+03
	1.023477e+03	1.022228e+03	1.020697e+03	1.018891e+03	1.016806e+03
	1.014443e+03	1.011799e+03	1.008861e+03	1.005642e+03	1.002141e+03
	9.983668e+02	9.943280e+02	9.900532e+02	9.855702e+02	9.808652e+02
	9.759217e+02	9.706843e+02	9.651673e+02	9.593878e+02	9.533479e+02
	9.470431e+02	9.403253e+02	9.331871e+02	9.255719e+02	9.175129e+02
	9.089731e+02	8.999259e+02	8.902428e+02	8.797260e+02	8.681859e+02
	8.557173e+02	8.422924e+02	8.278379e+02	8.126460e+02	7.970284e+02
	7.806781e+02	7.637184e+02	7.463444e+02	7.280677e+02	7.093559e+02
	6.898374e+02	6.688119e+02	6.466981e+02	6.230805e+02	5.990727e+02
	5.733058e+02	5.457751e+02	5.152803e+02	4.830284e+02	4.494376e+02
	4.139798e+02	3.768953e+02	3.380980e+02	2.973992e+02	2.545776e+02
	2.088737e+02	1.609309e+02	1.111428e+02	6.216036e+01	2.056654e+01
	0.000000e+00
density
	1.156679e+00	1.138788e+00	1.122040e+00	1.106988e+00	1.093921e+00
	1.082776e+00	1.073218e+00	1.064787e+00	1.057093e+00	1.049896e+00
	1.043083e+00	1.036609e+00	1.030465e+00	1.024679e+00	1.019294e+00
	1.014291e+00	1.009585e+00	1.005088e+00	1.000742e+00	9.965178e-01
	9.923975e-01	9.883720e-01	9.844440e-01	9.806272e-01	9.769423e-01
	9.733995e-01	9.699756e-01	9.666346e-01	9.633558e-01	9.601281e-01
	9.569459e-01	9.538182e-01	9.507630e-01	9.477830e-01	9.448724e-01
	9.420258e-01	9.392259e-01	9.364582e-01	9.337170e-01	9.309963e-01
	9.282931e-01	9.256058e-01	9.229280e-01	9.202483e-01	9.175560e-01
	9.148364e-01	9.120803e-01	9.092935e-01	9.064817e-01	9.036552e-01
	9.008132e-01	8.979401e-01	8.950333e-01	8.920889e-01	8.891073e-01
	8.861041e-01	8.830814e-01	8.800356e-01	8.769623e-01	8.738584e-01
	8.707421e-01	8.676420e-01	8.645803e-01	8.615812e-01	8.586625e-01
	8.558164e-01	8.530335e-01	8.503033e-01	8.476143e-01	8.449668e-01
	8.423600e-01	8.398009e-01	8.372966e-01	8.348387e-01	8.324177e-01
	8.300246e-01	8.276495e-01	8.252911e-01	8.229563e-01	8.206547e-01
	8.183922e-01	8.161719e-01	8.139904e-01	8.118360e-01	8.096986e-01
	8.075745e-01	8.054621e-01	8.033600e-01	8.012662e-01	7.991791e-01
	7.971030e-01	7.950504e-01	7.930316e-01	7.910450e-01	7.890794e-01
	7.871254e-01	7.851781e-01	7.832343e-01	7.812922e-01	7.793519e-01
	7.774116e-01	7.754575e-01	7.734647e-01	7.714205e-01	7.693380e-01
	7.672349e-01	7.651029e-01	7.628998e-01	7.605884e-01	7.581778e-01
	7.556759e-01	7.530704e-01	7.503914e-01	7.476945e-01	7.450012e-01
	7.423072e-01	7.396094e-01	7.369084e-01	7.342057e-01	7.314990e-01
	7.287549e-01	7.259120e-01	7.229628e-01	7.199644e-01	7.169422e-01
	7.138382e-01	7.105502e-01	7.070513e-01	7.034138e-01	6.996836e-01
	6.958534e-01	6.919084e-01	6.878202e-01	6.835533e-01	6.790484e-01
	6.742098e-01	6.689623e-01	6.632351e-01	6.569221e-01	6.501180e-01
	6.431859e-01
lambda [W/m K]
	2.525581e-02	2.552487e-02	2.577538e-02	2.599943e-02	2.619305e-02
	2.635754e-02	2.649814e-02	2.662179e-02	2.673433e-02	2.683934e-02
	2.693852e-02	2.703254e-02	2.712157e-02	2.720524e-02	2.728298e-02
	2.735505e-02	2.742274e-02	2.748732e-02	2.754961e-02	2.761009e-02
	2.766898e-02	2.772644e-02	2.778242e-02	2.783674e-02	2.788912e-02
	2.793940e-02	2.798794e-02	2.803524e-02	2.808161e-02	2.812719e-02
	2.817208e-02	2.821615e-02	2.825915e-02	2.830105e-02	2.834192e-02
	2.838185e-02	2.842108e-02	2.845982e-02	2.849815e-02	2.853615e-02
	2.857386e-02	2.861132e-02	2.864861e-02	2.868588e-02	2.872329e-02
	2.876104e-02	2.879925e-02	2.883785e-02	2.887675e-02	2.891581e-02
	2.895505e-02	2.899466e-02	2.903470e-02	2.907520e-02	2.911617e-02
	2.915738e-02	2.919881e-02	2.924051e-02	2.928253e-02	2.932492e-02
	2.936742e-02	2.940964e-02	2.945129e-02	2.949204e-02	2.953164e-02
	2.957022e-02	2.960789e-02	2.964481e-02	2.968112e-02	2.971684e-02
	2.975197e-02	2.978642e-02	2.982009e-02	2.985311e-02	2.988560e-02
	2.991767e-02	2.994948e-02	2.998103e-02	3.001223e-02	3.004295e-02
	3.007313e-02	3.010271e-02	3.013175e-02	3.016040e-02	3.018879e-02
	3.021699e-02	3.024500e-02	3.027285e-02	3.030056e-02	3.032816e-02
	3.035559e-02	3.038268e-02	3.040930e-02	3.043548e-02	3.046135e-02
	3.048705e-02	3.051264e-02	3.053816e-02	3.056363e-02	3.058906e-02
	3.061446e-02	3.064003e-02	3.066607e-02	3.069277e-02	3.071993e-02
	3.074734e-02	3.077510e-02	3.080376e-02	3.083379e-02	3.086508e-02
	3.089751e-02	3.093125e-02	3.096590e-02	3.100073e-02	3.103547e-02
	3.107018e-02	3.110489e-02	3.113960e-02	3.117428e-02	3.120897e-02
	3.124410e-02	3.128043e-02	3.131808e-02	3.135629e-02	3.139476e-02
	3.143420e-02	3.147592e-02	3.152024e-02	3.156623e-02	3.161330e-02
	3.166155e-02	3.171115e-02	3.176244e-02	3.181586e-02	3.187213e-02
	3.193243e-02	3.199765e-02	3.206862e-02	3.214662e-02	3.223038e-02
	3.231541e-02
cp [J/kg K]
	1.009633e+03	1.033017e+03	1.055581e+03	1.076445e+03	1.095022e+03
	1.111221e+03	1.125381e+03	1.138082e+03	1.149851e+03	1.161015e+03
	1.171726e+03	1.182034e+03	1.191936e+03	1.201369e+03	1.210247e+03
	1.218577e+03	1.226489e+03	1.234119e+03	1.241556e+03	1.248849e+03
	1.256022e+03	1.263088e+03	1.270038e+03	1.276845e+03	1.283467e+03
	1.289880e+03	1.296124e+03	1.302258e+03	1.308320e+03	1.314328e+03
	1.320290e+03	1.326190e+03	1.331990e+03	1.337683e+03	1.343279e+03
	1.348784e+03	1.354232e+03	1.359650e+03	1.365047e+03	1.370435e+03
	1.375820e+03	1.381205e+03	1.386601e+03	1.392033e+03	1.397522e+03
	1.403100e+03	1.408787e+03	1.414571e+03	1.420444e+03	1.426385e+03
	1.432395e+03	1.438511e+03	1.444737e+03	1.451086e+03	1.457558e+03
	1.464120e+03	1.470771e+03	1.477518e+03	1.484374e+03	1.491347e+03
	1.498397e+03	1.505462e+03	1.512488e+03	1.519420e+03	1.526212e+03
	1.532880e+03	1.539442e+03	1.545923e+03	1.552346e+03	1.558710e+03
	1.565015e+03	1.571243e+03	1.577374e+03	1.583428e+03	1.589426e+03
	1.595389e+03	1.601341e+03	1.607285e+03	1.613203e+03	1.619070e+03
	1.624870e+03	1.630593e+03	1.636246e+03	1.641859e+03	1.647456e+03
	1.653049e+03	1.658640e+03	1.664233e+03	1.669832e+03	1.675444e+03
	1.681054e+03	1.686631e+03	1.692143e+03	1.697595e+03	1.703016e+03
	1.708432e+03	1.713857e+03	1.719298e+03	1.724762e+03	1.730248e+03
	1.735761e+03	1.741342e+03	1.747062e+03	1.752960e+03	1.759001e+03
	1.765135e+03	1.771388e+03	1.777886e+03	1.784744e+03	1.791940e+03
	1.799459e+03	1.807341e+03	1.815502e+03	1.823778e+03	1.832102e+03
	1.840488e+03	1.848948e+03	1.857480e+03	1.866080e+03	1.874756e+03
	1.883619e+03	1.892870e+03	1.902545e+03	1.912462e+03	1.922542e+03
	1.932984e+03	1.944144e+03	1.956134e+03	1.968726e+03	1.981774e+03
	1.995317e+03	2.009423e+03	2.024213e+03	2.039837e+03	2.056545e+03
	2.074741e+03	2.094771e+03	2.116994e+03	2.141939e+03	2.169368e+03
	2.197908e+03
lambdaOverCp [kg/ms]
	2.501484e-05	2.470905e-05	2.441819e-05	2.415305e-05	2.392011e-05
	2.371945e-05	2.354593e-05	2.339180e-05	2.325027e-05	2.311714e-05
	2.299045e-05	2.286951e-05	2.275422e-05	2.264519e-05	2.254332e-05
	2.244836e-05	2.235873e-05	2.227282e-05	2.218958e-05	2.210842e-05
	2.202905e-05	2.195132e-05	2.187527e-05	2.180120e-05	2.172952e-05
	2.166046e-05	2.159357e-05	2.152817e-05	2.146387e-05	2.140044e-05
	2.133780e-05	2.127611e-05	2.121574e-05	2.115676e-05	2.109906e-05
	2.104254e-05	2.098685e-05	2.093173e-05	2.087704e-05	2.082269e-05
	2.076861e-05	2.071476e-05	2.066103e-05	2.060719e-05	2.055301e-05
	2.049821e-05	2.044260e-05	2.038628e-05	2.032938e-05	2.027210e-05
	2.021442e-05	2.015603e-05	2.009687e-05	2.003686e-05	1.997600e-05
	1.991461e-05	1.985273e-05	1.979029e-05	1.972720e-05	1.966338e-05
	1.959922e-05	1.953529e-05	1.947208e-05	1.941006e-05	1.934963e-05
	1.929063e-05	1.923287e-05	1.917613e-05	1.912018e-05	1.906503e-05
	1.901066e-05	1.895723e-05	1.890489e-05	1.885347e-05	1.880276e-05
	1.875259e-05	1.870275e-05	1.865321e-05	1.860412e-05	1.855568e-05
	1.850802e-05	1.846121e-05	1.841517e-05	1.836967e-05	1.832449e-05
	1.827955e-05	1.823482e-05	1.819027e-05	1.814587e-05	1.810157e-05
	1.805747e-05	1.801383e-05	1.797088e-05	1.792859e-05	1.788671e-05
	1.784504e-05	1.780349e-05	1.776199e-05	1.772049e-05	1.767900e-05
	1.763748e-05	1.759564e-05	1.755294e-05	1.750911e-05	1.746442e-05
	1.741926e-05	1.737344e-05	1.732606e-05	1.727631e-05	1.722439e-05
	1.717045e-05	1.711423e-05	1.705638e-05	1.699808e-05	1.693982e-05
	1.688149e-05	1.682302e-05	1.676443e-05	1.670576e-05	1.664695e-05
	1.658727e-05	1.652540e-05	1.646115e-05	1.639577e-05	1.632981e-05
	1.626201e-05	1.619012e-05	1.611353e-05	1.603384e-05	1.595202e-05
	1.586793e-05	1.578122e-05	1.569126e-05	1.559726e-05	1.549790e-05
	1.539104e-05	1.527501e-05	1.514819e-05	1.500818e-05	1.485704e-05
	1.470280e-05
mu [kg/sm]
	1.863292e-05	1.841311e-05	1.820553e-05	1.801745e-05	1.785300e-05
	1.771188e-05	1.759021e-05	1.748241e-05	1.738362e-05	1.729086e-05
	1.720274e-05	1.711872e-05	1.703873e-05	1.696318e-05	1.689265e-05
	1.682696e-05	1.676502e-05	1.670569e-05	1.664823e-05	1.659225e-05
	1.653753e-05	1.648396e-05	1.643158e-05	1.638059e-05	1.633127e-05
	1.628376e-05	1.623776e-05	1.619280e-05	1.614861e-05	1.610503e-05
	1.606200e-05	1.601963e-05	1.597818e-05	1.593769e-05	1.589809e-05
	1.585930e-05	1.582109e-05	1.578326e-05	1.574575e-05	1.570847e-05
	1.567137e-05	1.563444e-05	1.559760e-05	1.556068e-05	1.552353e-05
	1.548595e-05	1.544782e-05	1.540921e-05	1.537020e-05	1.533093e-05
	1.529138e-05	1.525135e-05	1.521078e-05	1.516963e-05	1.512790e-05
	1.508580e-05	1.504337e-05	1.500054e-05	1.495726e-05	1.491349e-05
	1.486946e-05	1.482560e-05	1.478221e-05	1.473965e-05	1.469816e-05
	1.465765e-05	1.461798e-05	1.457901e-05	1.454057e-05	1.450268e-05
	1.446532e-05	1.442859e-05	1.439260e-05	1.435724e-05	1.432236e-05
	1.428785e-05	1.425355e-05	1.421945e-05	1.418566e-05	1.415230e-05
	1.411948e-05	1.408723e-05	1.405551e-05	1.402415e-05	1.399300e-05
	1.396201e-05	1.393116e-05	1.390043e-05	1.386979e-05	1.383921e-05
	1.380876e-05	1.377863e-05	1.374896e-05	1.371973e-05	1.369079e-05
	1.366198e-05	1.363325e-05	1.360454e-05	1.357583e-05	1.354712e-05
	1.351837e-05	1.348940e-05	1.345982e-05	1.342945e-05	1.339847e-05
	1.336716e-05	1.333538e-05	1.330251e-05	1.326798e-05	1.323193e-05
	1.319446e-05	1.315540e-05	1.311518e-05	1.307463e-05	1.303408e-05
	1.299347e-05	1.295274e-05	1.291192e-05	1.287100e-05	1.282998e-05
	1.278832e-05	1.274511e-05	1.270022e-05	1.265451e-05	1.260836e-05
	1.256090e-05	1.251053e-05	1.245685e-05	1.240094e-05	1.234350e-05
	1.228440e-05	1.222342e-05	1.216009e-05	1.209385e-05	1.202377e-05
	1.194831e-05	1.186627e-05	1.177648e-05	1.167721e-05	1.156986e-05
	1.146011e-05
ProdRateCO2 [kg/m^3s]
	0.000000e+00	1.509729e-53	1.437261e-53	1.373407e-53	1.318957e-53
	1.273240e-53	1.234560e-53	1.200850e-53	1.170415e-53	1.142234e-53
	1.115809e-53	1.090932e-53	1.067531e-53	1.045679e-53	1.025498e-53
	1.006892e-53	9.895113e-54	9.730119e-54	9.571731e-54	9.418710e-54
	9.270386e-54	9.126353e-54	8.986642e-54	8.851680e-54	8.722118e-54
	8.598240e-54	8.479155e-54	8.363559e-54	8.250697e-54	8.140155e-54
	8.031719e-54	7.925665e-54	7.822577e-54	7.722504e-54	7.625222e-54
	7.530519e-54	7.437789e-54	7.346540e-54	7.256569e-54	7.167668e-54
	7.079733e-54	6.992698e-54	6.906359e-54	6.820340e-54	6.734306e-54
	6.647791e-54	6.560519e-54	6.472692e-54	6.384494e-54	6.296263e-54
	6.207978e-54	6.119165e-54	6.029762e-54	5.939662e-54	5.848897e-54
	5.757955e-54	5.666910e-54	5.575662e-54	5.484095e-54	5.392130e-54
	5.300314e-54	5.209491e-54	5.120301e-54	5.033416e-54	4.949325e-54
	4.867766e-54	4.788435e-54	4.711009e-54	4.635141e-54	4.560822e-54
	4.488013e-54	4.416889e-54	4.347627e-54	4.279975e-54	4.213653e-54
	4.148404e-54	4.083952e-54	4.020248e-54	3.957477e-54	3.895884e-54
	3.835613e-54	3.776730e-54	3.719134e-54	3.662505e-54	3.606570e-54
	3.551222e-54	3.496417e-54	3.442119e-54	3.388270e-54	3.334826e-54
	3.281895e-54	3.229790e-54	3.178764e-54	3.128762e-54	3.079500e-54
	3.030731e-54	2.982332e-54	2.934223e-54	2.886358e-54	2.838741e-54
	2.791323e-54	2.743771e-54	2.695490e-54	2.646181e-54	2.596183e-54
	2.545922e-54	2.495213e-54	2.443067e-54	2.388637e-54	2.332179e-54
	2.273907e-54	2.213581e-54	2.151931e-54	2.090255e-54	2.029052e-54
	1.968222e-54	1.907694e-54	1.847485e-54	1.787628e-54	1.728074e-54
	1.668096e-54	1.606386e-54	1.542824e-54	1.478679e-54	1.414512e-54
	1.349115e-54	1.280406e-54	1.207924e-54	1.896072e-60	4.563356e-60
	9.026696e-60	1.748155e-59	3.440651e-59	6.983373e-59	1.479882e-58
	3.327089e-58	8.032159e-58	2.094350e-57	5.855442e-57	1.554758e-56
	0.000000e+00
ProdRateH2O [kg/m^3s]
	0.000000e+00	6.907107e-57	1.317592e-56	1.864806e-56	2.327393e-56
	2.712776e-56	3.036586e-56	3.317055e-56	3.568819e-56	3.800690e-56
	4.016962e-56	4.219542e-56	4.409165e-56	4.585387e-56	4.747387e-56
	4.896108e-56	5.034457e-56	5.165270e-56	5.290359e-56	5.410746e-56
	5.526996e-56	5.639458e-56	5.748140e-56	5.852740e-56	5.952791e-56
	6.048113e-56	6.139430e-56	6.227769e-56	6.313726e-56	6.397632e-56
	6.479662e-56	6.559620e-56	6.637084e-56	6.712033e-56	6.784654e-56
	6.855122e-56	6.923900e-56	6.991362e-56	7.057668e-56	7.122973e-56
	7.187361e-56	7.250881e-56	7.313687e-56	7.376053e-56	7.438220e-56
	7.500520e-56	7.563144e-56	7.625940e-56	7.688768e-56	7.751383e-56
	7.813796e-56	7.876336e-56	7.939039e-56	8.001969e-56	8.065095e-56
	8.128070e-56	8.190835e-56	8.253455e-56	8.316001e-56	8.378519e-56
	8.440632e-56	8.501768e-56	8.561505e-56	8.619408e-56	8.675171e-56
	8.728990e-56	8.781084e-56	8.831682e-56	8.881021e-56	8.929120e-56
	8.976015e-56	9.021605e-56	9.065788e-56	9.108738e-56	9.150645e-56
	9.191677e-56	9.232016e-56	9.271694e-56	9.310603e-56	9.348596e-56
	9.385594e-56	9.421566e-56	9.456583e-56	9.490848e-56	9.524530e-56
	9.557698e-56	9.590380e-56	9.622601e-56	9.654397e-56	9.685796e-56
	9.716737e-56	9.747040e-56	9.776564e-56	9.805349e-56	9.833565e-56
	9.861356e-56	9.888795e-56	9.915927e-56	9.942780e-56	9.969351e-56
	9.995669e-56	1.002192e-55	1.004841e-55	1.007532e-55	1.010243e-55
	1.012952e-55	1.015667e-55	1.018440e-55	1.021315e-55	1.024274e-55
	1.027303e-55	1.030413e-55	1.033563e-55	1.036684e-55	1.039752e-55
	1.042772e-55	1.045746e-55	1.048675e-55	1.051556e-55	1.054392e-55
	1.057216e-55	1.060088e-55	1.063009e-55	1.065919e-55	1.068790e-55
	1.071674e-55	1.074658e-55	1.077753e-55	1.080883e-55	1.083999e-55
	1.087101e-55	1.090191e-55	1.093282e-55	1.096388e-55	1.099533e-55
	1.102758e-55	1.106075e-55	1.109483e-55	1.112982e-55	1.116450e-55
	0.000000e+00
ProdRateCO [kg/m^3s]
	0.000000e+00	3.640528e-53	2.017637e-24	3.311804e-53	3.180505e-53
	3.070263e-53	1.010865e-26	3.250989e-28	2.120052e-27	3.749041e-26
	4.739972e-27	4.479252e-26	4.468437e-27	5.199581e-27	4.108996e-27
	6.682347e-28	1.048107e-28	1.735568e-29	3.058847e-30	5.712275e-31
	1.124882e-31	2.328749e-32	5.066904e-33	1.163002e-33	2.830382e-34
	7.306382e-35	1.982442e-35	5.586503e-36	1.623025e-36	4.841212e-37
	1.480063e-37	4.650547e-38	1.508797e-38	5.054562e-39	1.744350e-39
	6.184921e-40	2.239189e-40	8.238010e-41	3.073140e-41	1.159982e-41
	4.424623e-42	1.703872e-42	6.608548e-43	2.571490e-43	1.000168e-43
	3.870190e-44	1.486229e-44	5.675175e-45	2.158828e-45	8.203856e-46
	3.112205e-46	1.173227e-46	4.391393e-47	1.630238e-47	6.005738e-48
	2.205166e-48	8.073369e-49	2.943504e-49	1.067378e-49	3.848109e-50
	1.386893e-50	5.034023e-51	1.846432e-51	6.823192e-52	2.496707e-52
	8.529742e-53	1.905382e-53	1.136003e-53	1.117708e-53	1.099787e-53
	1.082230e-53	1.065079e-53	1.048377e-53	1.032064e-53	1.016071e-53
	1.000337e-53	9.847956e-54	9.694341e-54	9.542975e-54	9.394451e-54
	9.249115e-54	9.107126e-54	8.968242e-54	8.831686e-54	8.696805e-54
	8.563341e-54	8.431185e-54	8.300252e-54	8.170403e-54	8.041528e-54
	7.913893e-54	7.788247e-54	7.665205e-54	7.544631e-54	7.425841e-54
	7.308241e-54	7.191532e-54	7.075523e-54	6.960103e-54	6.845280e-54
	6.730936e-54	6.616271e-54	6.499846e-54	6.380946e-54	6.260380e-54
	6.139182e-54	6.016904e-54	5.891159e-54	5.759909e-54	5.623766e-54
	5.483250e-54	5.337783e-54	5.189120e-54	5.040397e-54	4.892814e-54
	4.746128e-54	4.600173e-54	4.454986e-54	4.310649e-54	4.167040e-54
	4.022411e-54	3.873606e-54	3.720332e-54	3.565655e-54	3.410924e-54
	3.253229e-54	3.087543e-54	2.912762e-54	2.011461e-54	1.876877e-54
	1.740063e-54	1.600606e-54	1.457648e-54	1.310150e-54	1.156324e-54
	9.933139e-55	8.192130e-55	6.326790e-55	4.321591e-55	4.507130e-56
	0.000000e+00
ProdRateH2 [kg/m^3s]
	0.000000e+00	8.013422e-61	1.528632e-60	2.163492e-60	8.675260e-36
	1.827019e-34	5.465409e-35	3.848349e-60	4.140438e-60	4.409448e-60
	4.660361e-60	1.303969e-34	5.115383e-60	5.319831e-60	5.507778e-60
	5.680320e-60	5.840828e-60	5.992594e-60	6.137718e-60	1.974605e-34
	5.851272e-33	4.826345e-33	2.241450e-33	3.361720e-33	5.092282e-33
	2.889577e-33	7.122786e-60	7.225273e-60	7.324998e-60	7.422343e-60
	7.517513e-60	7.610278e-60	7.700149e-60	7.787102e-60	2.677665e-33
	4.485412e-33	3.903354e-33	3.322552e-33	1.647066e-33	3.859573e-33
	7.037580e-33	3.046990e-33	5.166060e-33	7.869374e-33	1.143367e-32
	1.248958e-32	1.396272e-32	1.145483e-32	1.227780e-32	1.302381e-32
	1.330712e-32	7.612032e-33	1.163839e-32	1.781155e-32	2.665192e-32
	3.251205e-32	2.543077e-32	1.441879e-32	1.364686e-32	1.283676e-32
	3.949114e-33	4.965012e-33	7.766840e-33	1.195335e-32	5.139781e-33
	1.012712e-59	1.018755e-59	1.024626e-59	1.030350e-59	2.001544e-33
	2.487829e-33	2.953034e-33	7.624497e-34	1.056769e-59	1.061631e-59
	1.066391e-59	1.071071e-59	1.075675e-59	1.080189e-59	1.084596e-59
	1.088889e-59	1.093062e-59	1.097125e-59	1.101100e-59	1.105008e-59
	1.108856e-59	1.112648e-59	1.116386e-59	1.120075e-59	1.123717e-59
	1.127307e-59	1.130823e-59	1.134248e-59	1.137588e-59	1.140861e-59
	1.144085e-59	4.655575e-34	1.540211e-33	3.323559e-33	5.423411e-33
	5.485286e-33	6.008631e-33	7.035992e-33	8.716704e-33	1.147031e-32
	1.175197e-59	1.178347e-59	1.181564e-59	1.184899e-59	2.424597e-33
	3.909222e-33	6.547676e-33	1.199109e-59	1.202730e-59	1.206290e-59
	1.209793e-59	1.213244e-59	1.216642e-59	1.219984e-59	1.223274e-59
	1.226550e-59	1.229882e-59	1.233272e-59	1.236647e-59	1.105812e-32
	4.716835e-33	5.010578e-33	5.976921e-33	8.016824e-33	3.047506e-33
	1.261222e-59	4.396641e-33	1.093902e-33	1.271997e-59	1.275646e-59
	1.279387e-59	1.283236e-59	1.287189e-59	1.291249e-59	1.295273e-59
	0.000000e+00
TotalEnthalpy [J/kg]
	1.900584e+03	-8.992318e+04	-1.785293e+05	-2.604560e+05	-3.334061e+05
	-3.970149e+05	-4.526205e+05	-5.024948e+05	-5.487070e+05	-5.925477e+05
	-6.346086e+05	-6.750858e+05	-7.139699e+05	-7.510120e+05	-7.858712e+05
	-8.185837e+05	-8.496514e+05	-8.796140e+05	-9.088193e+05	-9.374578e+05
	-9.656243e+05	-9.933692e+05	-1.020661e+06	-1.047390e+06	-1.073393e+06
	-1.098579e+06	-1.123095e+06	-1.147184e+06	-1.170988e+06	-1.194579e+06
	-1.217993e+06	-1.241159e+06	-1.263934e+06	-1.286291e+06	-1.308264e+06
	-1.329884e+06	-1.351278e+06	-1.372551e+06	-1.393745e+06	-1.414903e+06
	-1.436048e+06	-1.457192e+06	-1.478384e+06	-1.499713e+06	-1.521269e+06
	-1.543172e+06	-1.565502e+06	-1.588218e+06	-1.611280e+06	-1.634607e+06
	-1.658210e+06	-1.682222e+06	-1.706674e+06	-1.731604e+06	-1.757017e+06
	-1.782787e+06	-1.808902e+06	-1.835398e+06	-1.862319e+06	-1.889700e+06
	-1.917388e+06	-1.945129e+06	-1.972720e+06	-1.999940e+06	-2.026611e+06
	-2.052793e+06	-2.078564e+06	-2.104010e+06	-2.129233e+06	-2.154223e+06
	-2.178983e+06	-2.203439e+06	-2.227516e+06	-2.251287e+06	-2.274839e+06
	-2.298255e+06	-2.321627e+06	-2.344970e+06	-2.368210e+06	-2.391249e+06
	-2.414022e+06	-2.436495e+06	-2.458694e+06	-2.480734e+06	-2.502715e+06
	-2.524676e+06	-2.546631e+06	-2.568592e+06	-2.590582e+06	-2.612616e+06
	-2.634649e+06	-2.656545e+06	-2.678190e+06	-2.699600e+06	-2.720888e+06
	-2.742156e+06	-2.763457e+06	-2.784826e+06	-2.806281e+06	-2.827823e+06
	-2.849473e+06	-2.871387e+06	-2.893848e+06	-2.917010e+06	-2.940731e+06
	-2.964818e+06	-2.989371e+06	-3.014889e+06	-3.041819e+06	-3.070078e+06
	-3.099600e+06	-3.130552e+06	-3.162601e+06	-3.195098e+06	-3.227784e+06
	-3.260717e+06	-3.293937e+06	-3.327439e+06	-3.361210e+06	-3.395281e+06
	-3.430081e+06	-3.466411e+06	-3.504402e+06	-3.543346e+06	-3.582928e+06
	-3.623931e+06	-3.667754e+06	-3.714837e+06	-3.764281e+06	-3.815519e+06
	-3.868702e+06	-3.924094e+06	-3.982169e+06	-4.043521e+06	-4.109134e+06
	-4.180583e+06	-4.259239e+06	-4.346504e+06	-4.444460e+06	-4.552166e+06
	-4.664239e+06
HeatRelease [J/m^3 s]
	0.000000e+00	7.889932e-45	3.246911e-17	7.986465e-45	5.892283e-21
	1.146510e-19	2.010730e-19	1.666646e-21	1.497340e-20	6.403090e-19
	2.429985e-20	8.524425e-19	2.638998e-20	8.514170e-20	6.960529e-20
	5.199567e-21	6.122632e-22	9.251758e-23	1.586489e-23	8.281075e-20
	2.414633e-18	1.960709e-18	8.968072e-19	1.325270e-18	1.979041e-18
	1.107683e-18	1.016316e-28	2.863967e-29	8.320572e-30	2.481887e-30
	7.587666e-31	2.384141e-31	7.734969e-32	2.591263e-32	9.181715e-19
	1.520764e-18	1.308731e-18	1.101723e-18	5.401625e-19	1.251927e-18
	2.257861e-18	9.669018e-19	1.621437e-18	2.442757e-18	3.509742e-18
	3.790598e-18	4.188925e-18	3.396289e-18	3.596979e-18	3.769573e-18
	3.804578e-18	2.149272e-18	3.244472e-18	4.901105e-18	7.236694e-18
	8.709248e-18	6.719338e-18	3.756835e-18	3.505386e-18	3.249686e-18
	9.850868e-19	1.220245e-18	1.880750e-18	2.852309e-18	1.208850e-18
	5.037872e-45	2.603635e-45	4.548137e-45	2.519263e-45	4.388655e-19
	5.380076e-19	6.299130e-19	1.604460e-19	4.227482e-45	4.176689e-45
	2.357487e-45	2.334853e-45	4.023901e-45	3.974402e-45	2.266644e-45
	3.877272e-45	2.221745e-45	2.199568e-45	3.736926e-45	3.690976e-45
	3.645216e-45	2.110869e-45	3.554155e-45	2.110517e-45	3.507212e-45
	3.461377e-45	3.415987e-45	3.371279e-45	3.327218e-45	3.283565e-45
	3.240110e-45	7.070593e-20	2.306154e-19	4.905250e-19	7.888633e-19
	7.861642e-19	8.482793e-19	9.779409e-19	1.192023e-18	1.542444e-18
	1.710857e-45	2.746901e-45	2.697263e-45	2.645140e-45	2.965328e-19
	4.674753e-19	7.644711e-19	2.414694e-45	2.353628e-45	1.428652e-45
	1.393476e-45	2.170337e-45	1.322403e-45	2.024255e-45	1.963575e-45
	1.191776e-45	1.838272e-45	1.772110e-45	1.704841e-45	8.611154e-19
	3.516748e-19	3.560047e-19	4.023869e-19	5.086953e-19	1.812959e-19
	7.083205e-46	2.253018e-19	5.132214e-20	5.561644e-46	4.951183e-46
	4.218894e-46	3.514052e-46	2.751143e-46	1.884346e-46	9.523285e-47
	0.000000e+00
trailer
N2	0.921269
O2	1.05235
H	0.173247
OH	0.668119
O	0.65527
H2	0.27173
H2O	0.911603
HO2	1.02955
H2O2	1.03673
CO	1.03114
CO2	1.35631
CH	0.611797
CHO	1.35646
CH2	0.908822
CH2O	1.36795
CH3	0.946368
CH4	0.949835
C2H6	1.44507
C2H	1.26671
C2H2	1.28003
CHCO	0.846248
C3H3	1.8287
C2H3	1.29274
C2H4	1.32935
C2H5	1.43296
C3H4	1.72617
C3H5	1.78275
C3H6	1.85648
N-C3H7	1.8654
I-C3H7	1.8654
C3H8	1.8742
