header

title = "planar counterflow diffusion flame"
author = ""
date = "Wed Aug 14 11:00:36 2013"

fuel = "CH4"
pressure = 1 [bar]
strainrate = 50 [1/s]
chiStoichAnal = 1.23106 [1/s]
chiStoichAnalKW = 1.96317 [1/s]
FlameLocZ = 0.0546488 [K]
FlameLocBilger = 0.0650778 [K]
Tmax = 2102.15 [K]
stoichScalarDissRate = 2.159 [1/s]
stoichScalarDissRateBilger = 1.50188 [1/s]

OxidizerSide
begin
	Temperature = 300 [K]
	Massfraction-N2 = 0.76708
	Massfraction-O2 = 0.23292
	Molefraction-N2 = 0.79
	Molefraction-O2 = 0.21
end

FuelSide
begin
	Temperature = 300 [K]
	Massfraction-CH4 = 1
	Molefraction-CH4 = 1
end

numOfSpecies = 31
gridPoints = 141

body
eta
	0.000000e+00	1.063836e-01	2.119717e-01	3.157677e-01	4.169183e-01
	5.148994e-01	6.093351e-01	6.999106e-01	7.863934e-01	8.686489e-01
	9.466454e-01	1.020447e+00	1.090197e+00	1.156102e+00	1.218411e+00
	1.277397e+00	1.333340e+00	1.386523e+00	1.437219e+00	1.485687e+00
	1.532172e+00	1.576901e+00	1.620088e+00	1.661930e+00	1.702614e+00
	1.742319e+00	1.781221e+00	1.819500e+00	1.857340e+00	1.894920e+00
	1.932383e+00	1.969823e+00	2.007280e+00	2.044719e+00	2.082050e+00
	2.119217e+00	2.156250e+00	2.193290e+00	2.230669e+00	2.268983e+00
	2.308966e+00	2.351166e+00	2.395610e+00	2.441768e+00	2.488860e+00
	2.536266e+00	2.583676e+00	2.630938e+00	2.677945e+00	2.724629e+00
	2.770884e+00	2.816429e+00	2.860769e+00	2.903279e+00	2.943272e+00
	2.980040e+00	3.012943e+00	3.041563e+00	3.065798e+00	3.085956e+00
	3.102683e+00	3.116680e+00	3.128563e+00	3.138840e+00	3.147883e+00
	3.155946e+00	3.163200e+00	3.169768e+00	3.175751e+00	3.181248e+00
	3.186357e+00	3.191161e+00	3.195706e+00	3.200022e+00	3.204143e+00
	3.208111e+00	3.211959e+00	3.215708e+00	3.219374e+00	3.222985e+00
	3.226567e+00	3.230138e+00	3.233706e+00	3.237275e+00	3.240848e+00
	3.244443e+00	3.248098e+00	3.251890e+00	3.255934e+00	3.260382e+00
	3.265454e+00	3.271476e+00	3.278956e+00	3.288669e+00	3.301712e+00
	3.319318e+00	3.342118e+00	3.369336e+00	3.399163e+00	3.430286e+00
	3.462827e+00	3.497872e+00	3.536558e+00	3.579325e+00	3.625703e+00
	3.674877e+00	3.726306e+00	3.779748e+00	3.834828e+00	3.890866e+00
	3.947288e+00	4.004092e+00	4.061878e+00	4.121505e+00	4.183664e+00
	4.248609e+00	4.316247e+00	4.386393e+00	4.458903e+00	4.533692e+00
	4.610728e+00	4.690006e+00	4.771532e+00	4.855311e+00	4.941332e+00
	5.029570e+00	5.119977e+00	5.212482e+00	5.306990e+00	5.403384e+00
	5.501528e+00	5.601270e+00	5.702448e+00	5.804898e+00	5.908456e+00
	6.012963e+00	6.118273e+00	6.224249e+00	6.330747e+00	6.437523e+00
	6.544325e+00
y [m]
	-5.973774e-03	-5.865172e-03	-5.757360e-03	-5.651343e-03	-5.547974e-03
	-5.447763e-03	-5.351062e-03	-5.258149e-03	-5.169206e-03	-5.084310e-03
	-5.003423e-03	-4.926405e-03	-4.853034e-03	-4.783022e-03	-4.716043e-03
	-4.651751e-03	-4.589791e-03	-4.529814e-03	-4.471485e-03	-4.414481e-03
	-4.358499e-03	-4.303250e-03	-4.248458e-03	-4.193861e-03	-4.139200e-03
	-4.084214e-03	-4.028633e-03	-3.972166e-03	-3.914490e-03	-3.855263e-03
	-3.794174e-03	-3.730971e-03	-3.665483e-03	-3.597672e-03	-3.527620e-03
	-3.455377e-03	-3.380836e-03	-3.303661e-03	-3.223060e-03	-3.137549e-03
	-3.045129e-03	-2.943997e-03	-2.833428e-03	-2.714099e-03	-2.587542e-03
	-2.455141e-03	-2.317631e-03	-2.175416e-03	-2.028843e-03	-1.878196e-03
	-1.723936e-03	-1.567211e-03	-1.410064e-03	-1.255237e-03	-1.105928e-03
	-9.656064e-04	-8.376165e-04	-7.244852e-04	-6.274093e-04	-5.457941e-04
	-4.774845e-04	-4.199221e-04	-3.707692e-04	-3.280596e-04	-2.903263e-04
	-2.565624e-04	-2.260931e-04	-1.984329e-04	-1.731782e-04	-1.499296e-04
	-1.282821e-04	-1.079022e-04	-8.859248e-05	-7.023780e-05	-5.269980e-05
	-3.580334e-05	-1.940974e-05	-3.441687e-06	1.217418e-05	2.754548e-05
	4.278288e-05	5.795715e-05	7.309684e-05	8.821259e-05	1.033189e-04
	1.184755e-04	1.338491e-04	1.497508e-04	1.666451e-04	1.851566e-04
	2.061595e-04	2.309551e-04	2.615276e-04	3.008440e-04	3.529497e-04
	4.220254e-04	5.092786e-04	6.100873e-04	7.162108e-04	8.219148e-04
	9.267833e-04	1.033177e-03	1.142796e-03	1.254704e-03	1.365678e-03
	1.472510e-03	1.573574e-03	1.668469e-03	1.756934e-03	1.838586e-03
	1.913532e-03	1.982716e-03	2.047603e-03	2.109634e-03	2.169799e-03
	2.228532e-03	2.285947e-03	2.342125e-03	2.397215e-03	2.451422e-03
	2.504985e-03	2.558148e-03	2.611139e-03	2.664169e-03	2.717418e-03
	2.771040e-03	2.825153e-03	2.879847e-03	2.935182e-03	2.991187e-03
	3.047866e-03	3.105202e-03	3.163161e-03	3.221692e-03	3.280741e-03
	3.340245e-03	3.400143e-03	3.460374e-03	3.520870e-03	3.581500e-03
	3.642128e-03
f
	-3.529277e+00	-3.386609e+00	-3.245001e+00	-3.105783e+00	-2.970091e+00
	-2.838616e+00	-2.711848e+00	-2.590186e+00	-2.473918e+00	-2.363192e+00
	-2.258019e+00	-2.158275e+00	-2.063730e+00	-1.974070e+00	-1.888927e+00
	-1.807898e+00	-1.730574e+00	-1.656544e+00	-1.585412e+00	-1.516801e+00
	-1.450351e+00	-1.385728e+00	-1.322616e+00	-1.260714e+00	-1.199737e+00
	-1.139402e+00	-1.079427e+00	-1.019515e+00	-9.593501e-01	-8.986120e-01
	-8.370271e-01	-7.743950e-01	-7.106029e-01	-6.456732e-01	-5.797352e-01
	-5.128791e-01	-4.450489e-01	-3.759855e-01	-3.050488e-01	-2.310490e-01
	-1.524487e-01	-6.800769e-02	2.249718e-02	1.180851e-01	2.171316e-01
	3.182257e-01	4.205387e-01	5.235401e-01	6.267715e-01	7.298489e-01
	8.322983e-01	9.332520e-01	1.031388e+00	1.125131e+00	1.212839e+00
	1.292923e+00	1.364042e+00	1.425413e+00	1.476985e+00	1.519580e+00
	1.554702e+00	1.583928e+00	1.608618e+00	1.629872e+00	1.648497e+00
	1.665041e+00	1.679873e+00	1.693258e+00	1.705415e+00	1.716551e+00
	1.726876e+00	1.736556e+00	1.745694e+00	1.754350e+00	1.762596e+00
	1.770519e+00	1.778186e+00	1.785637e+00	1.792910e+00	1.800057e+00
	1.807132e+00	1.814170e+00	1.821187e+00	1.828189e+00	1.835186e+00
	1.842207e+00	1.849331e+00	1.856705e+00	1.864546e+00	1.873147e+00
	1.882921e+00	1.894481e+00	1.908768e+00	1.927197e+00	1.951719e+00
	1.984412e+00	2.026054e+00	2.074765e+00	2.126944e+00	2.180097e+00
	2.234282e+00	2.291067e+00	2.351915e+00	2.417050e+00	2.485344e+00
	2.555329e+00	2.626107e+00	2.697304e+00	2.768456e+00	2.838798e+00
	2.907792e+00	2.975624e+00	3.043146e+00	3.111445e+00	3.181349e+00
	3.253169e+00	3.326837e+00	3.402205e+00	3.479187e+00	3.557763e+00
	3.637974e+00	3.719887e+00	3.803577e+00	3.889113e+00	3.976546e+00
	4.065905e+00	4.157189e+00	4.250373e+00	4.345399e+00	4.442181e+00
	4.540612e+00	4.640563e+00	4.741891e+00	4.844446e+00	4.948075e+00
	5.052630e+00	5.157969e+00	5.263963e+00	5.370471e+00	5.477251e+00
	5.584053e+00
df/deta
	1.341029e+00	1.341068e+00	1.341141e+00	1.341269e+00	1.341484e+00
	1.341833e+00	1.342379e+00	1.343206e+00	1.344412e+00	1.346116e+00
	1.348442e+00	1.351520e+00	1.355476e+00	1.360427e+00	1.366475e+00
	1.373707e+00	1.382190e+00	1.391979e+00	1.403110e+00	1.415607e+00
	1.429485e+00	1.444747e+00	1.461393e+00	1.479416e+00	1.498809e+00
	1.519564e+00	1.541676e+00	1.565149e+00	1.590000e+00	1.616244e+00
	1.643879e+00	1.672853e+00	1.703058e+00	1.734300e+00	1.766309e+00
	1.798815e+00	1.831611e+00	1.864578e+00	1.897759e+00	1.931404e+00
	1.965812e+00	2.000995e+00	2.036385e+00	2.070883e+00	2.103257e+00
	2.132523e+00	2.158038e+00	2.179343e+00	2.196086e+00	2.207999e+00
	2.214875e+00	2.216597e+00	2.213239e+00	2.205175e+00	2.193118e+00
	2.178106e+00	2.161411e+00	2.144342e+00	2.128008e+00	2.113095e+00
	2.099797e+00	2.088024e+00	2.077564e+00	2.068174e+00	2.059647e+00
	2.051834e+00	2.044637e+00	2.037983e+00	2.031809e+00	2.026041e+00
	2.020598e+00	2.015410e+00	2.010437e+00	2.005659e+00	2.001045e+00
	1.996557e+00	1.992160e+00	1.987838e+00	1.983572e+00	1.979336e+00
	1.975100e+00	1.970843e+00	1.966558e+00	1.962242e+00	1.957890e+00
	1.953484e+00	1.948975e+00	1.944267e+00	1.939217e+00	1.933625e+00
	1.927208e+00	1.919532e+00	1.909921e+00	1.897325e+00	1.880234e+00
	1.856896e+00	1.826352e+00	1.789645e+00	1.749430e+00	1.707836e+00
	1.665116e+00	1.620363e+00	1.572857e+00	1.523043e+00	1.472548e+00
	1.423202e+00	1.376219e+00	1.332241e+00	1.291773e+00	1.255268e+00
	1.222834e+00	1.194114e+00	1.168505e+00	1.145447e+00	1.124600e+00
	1.105843e+00	1.089147e+00	1.074456e+00	1.061666e+00	1.050638e+00
	1.041216e+00	1.033237e+00	1.026543e+00	1.020983e+00	1.016412e+00
	1.012695e+00	1.009708e+00	1.007335e+00	1.005474e+00	1.004032e+00
	1.002930e+00	1.002098e+00	1.001478e+00	1.001022e+00	1.000691e+00
	1.000453e+00	1.000285e+00	1.000169e+00	1.000089e+00	1.000035e+00
	1.000000e+00
Z
	1.000000e+00	9.999718e-01	9.999209e-01	9.998322e-01	9.996831e-01
	9.994413e-01	9.990632e-01	9.984933e-01	9.976649e-01	9.965024e-01
	9.949242e-01	9.928475e-01	9.901914e-01	9.868799e-01	9.828446e-01
	9.780247e-01	9.723678e-01	9.658288e-01	9.583693e-01	9.499558e-01
	9.405592e-01	9.301530e-01	9.187130e-01	9.062152e-01	8.926356e-01
	8.779476e-01	8.621197e-01	8.451127e-01	8.268762e-01	8.073534e-01
	7.865012e-01	7.643058e-01	7.407964e-01	7.160707e-01	6.902904e-01
	6.636239e-01	6.361959e-01	6.080580e-01	5.791149e-01	5.490648e-01
	5.175076e-01	4.842363e-01	4.495285e-01	4.141662e-01	3.791141e-01
	3.451422e-01	3.127081e-01	2.820827e-01	2.534396e-01	2.268671e-01
	2.024207e-01	1.801876e-01	1.602752e-01	1.427548e-01	1.276323e-01
	1.148502e-01	1.042867e-01	9.574432e-02	8.896316e-02	8.362805e-02
	7.940505e-02	7.600956e-02	7.322326e-02	7.088372e-02	6.887778e-02
	6.712993e-02	6.558974e-02	6.422126e-02	6.299587e-02	6.188765e-02
	6.087245e-02	5.993107e-02	5.905168e-02	5.822684e-02	5.744854e-02
	5.670755e-02	5.599671e-02	5.531176e-02	5.464883e-02	5.400275e-02
	5.336843e-02	5.274262e-02	5.212388e-02	5.151156e-02	5.090488e-02
	5.030128e-02	4.969411e-02	4.907130e-02	4.841528e-02	4.770299e-02
	4.690294e-02	4.596931e-02	4.483411e-02	4.339979e-02	4.154250e-02
	3.915554e-02	3.625992e-02	3.307515e-02	2.990179e-02	2.691688e-02
	2.412259e-02	2.145143e-02	1.886572e-02	1.639482e-02	1.410942e-02
	1.206351e-02	1.026891e-02	8.712111e-03	7.376434e-03	6.245497e-03
	5.295758e-03	4.495790e-03	3.813617e-03	3.223728e-03	2.709768e-03
	2.262783e-03	1.877034e-03	1.546991e-03	1.266755e-03	1.030405e-03
	8.323106e-04	6.673229e-04	5.308259e-04	4.187178e-04	3.273682e-04
	2.535707e-04	1.945003e-04	1.476781e-04	1.109418e-04	8.242113e-05
	6.051524e-05	4.387051e-05	3.135820e-05	2.205090e-05	1.519826e-05
	1.020262e-05	6.595201e-06	4.013806e-06	2.182898e-06	8.963037e-07
	0.000000e+00
temperature [K]
	3.000000e+02	3.000327e+02	3.000916e+02	3.001944e+02	3.003670e+02
	3.006468e+02	3.010840e+02	3.017423e+02	3.026981e+02	3.040377e+02
	3.058528e+02	3.082360e+02	3.112764e+02	3.150555e+02	3.196450e+02
	3.251063e+02	3.314904e+02	3.388391e+02	3.471873e+02	3.565646e+02
	3.669978e+02	3.785125e+02	3.911359e+02	4.048980e+02	4.198345e+02
	4.359893e+02	4.534182e+02	4.721932e+02	4.924081e+02	5.141743e+02
	5.376015e+02	5.627812e+02	5.897724e+02	6.185702e+02	6.491077e+02
	6.813177e+02	7.151947e+02	7.508390e+02	7.885705e+02	8.290514e+02
	8.732147e+02	9.219237e+02	9.755422e+02	1.033749e+03	1.095687e+03
	1.160437e+03	1.227345e+03	1.295885e+03	1.365535e+03	1.435786e+03
	1.506036e+03	1.575391e+03	1.642641e+03	1.706438e+03	1.765478e+03
	1.818624e+03	1.865047e+03	1.904412e+03	1.936922e+03	1.963336e+03
	1.984788e+03	2.002384e+03	2.017045e+03	2.029488e+03	2.040228e+03
	2.049607e+03	2.057847e+03	2.065105e+03	2.071501e+03	2.077146e+03
	2.082139e+03	2.086549e+03	2.090406e+03	2.093716e+03	2.096489e+03
	2.098730e+03	2.100434e+03	2.101581e+03	2.102150e+03	2.102120e+03
	2.101462e+03	2.100148e+03	2.098157e+03	2.095486e+03	2.092146e+03
	2.088154e+03	2.083498e+03	2.078105e+03	2.071821e+03	2.064391e+03
	2.055415e+03	2.044256e+03	2.029897e+03	2.010728e+03	1.984328e+03
	1.947567e+03	1.897848e+03	1.835090e+03	1.762151e+03	1.682134e+03
	1.595557e+03	1.500919e+03	1.397275e+03	1.286666e+03	1.174325e+03
	1.066009e+03	9.654884e+02	8.743747e+02	7.933257e+02	7.226305e+02
	6.618126e+02	6.095774e+02	5.643224e+02	5.246748e+02	4.897511e+02
	4.590973e+02	4.324364e+02	4.094754e+02	3.898713e+02	3.732602e+02
	3.592832e+02	3.476038e+02	3.379149e+02	3.299389e+02	3.234277e+02
	3.181594e+02	3.139371e+02	3.105869e+02	3.079563e+02	3.059126e+02
	3.043422e+02	3.031484e+02	3.022508e+02	3.015829e+02	3.010911e+02
	3.007325e+02	3.004735e+02	3.002882e+02	3.001567e+02	3.000644e+02
	3.000000e+02
massfraction-N2
	1.000000e-60	2.317361e-05	6.509722e-05	1.384066e-04	2.619819e-04
	4.628666e-04	7.777704e-04	1.253628e-03	1.947037e-03	2.922400e-03
	4.249029e-03	5.997661e-03	8.237044e-03	1.103105e-02	1.443668e-02
	1.850295e-02	2.327068e-02	2.877281e-02	3.503522e-02	4.207771e-02
	4.991507e-02	5.855815e-02	6.801486e-02	7.829124e-02	8.939267e-02
	1.013255e-01	1.140991e-01	1.277284e-01	1.422365e-01	1.576503e-01
	1.739857e-01	1.912352e-01	2.093594e-01	2.282686e-01	2.478292e-01
	2.679081e-01	2.884110e-01	3.093021e-01	3.306576e-01	3.527058e-01
	3.757473e-01	3.999452e-01	4.251226e-01	4.507501e-01	4.761738e-01
	5.008716e-01	5.245403e-01	5.470027e-01	5.681430e-01	5.878989e-01
	6.062236e-01	6.230388e-01	6.382415e-01	6.517487e-01	6.635214e-01
	6.735670e-01	6.819443e-01	6.887756e-01	6.942399e-01	6.985679e-01
	7.020140e-01	7.047988e-01	7.070935e-01	7.090266e-01	7.106878e-01
	7.121368e-01	7.134134e-01	7.145459e-01	7.155568e-01	7.164670e-01
	7.172960e-01	7.180595e-01	7.187672e-01	7.194254e-01	7.200412e-01
	7.206222e-01	7.211750e-01	7.217034e-01	7.222112e-01	7.227032e-01
	7.231839e-01	7.236565e-01	7.241226e-01	7.245833e-01	7.250396e-01
	7.254935e-01	7.259502e-01	7.264187e-01	7.269121e-01	7.274478e-01
	7.280492e-01	7.287509e-01	7.296049e-01	7.306872e-01	7.320973e-01
	7.339254e-01	7.361584e-01	7.386121e-01	7.410318e-01	7.432718e-01
	7.453343e-01	7.472803e-01	7.491528e-01	7.509507e-01	7.526423e-01
	7.541989e-01	7.556113e-01	7.568852e-01	7.580274e-01	7.590424e-01
	7.599399e-01	7.607377e-01	7.614563e-01	7.621133e-01	7.627189e-01
	7.632762e-01	7.637849e-01	7.642449e-01	7.646572e-01	7.650236e-01
	7.653467e-01	7.656297e-01	7.658756e-01	7.660876e-01	7.662690e-01
	7.664229e-01	7.665523e-01	7.666602e-01	7.667493e-01	7.668222e-01
	7.668813e-01	7.669288e-01	7.669665e-01	7.669962e-01	7.670194e-01
	7.670373e-01	7.670511e-01	7.670615e-01	7.670694e-01	7.670753e-01
	7.670796e-01
massfraction-O2
	1.000000e-60	4.423811e-08	1.240189e-07	2.631004e-07	4.968480e-07
	8.757297e-07	1.467978e-06	2.360443e-06	3.657306e-06	5.476377e-06
	7.943412e-06	1.118537e-05	1.532382e-05	2.046932e-05	2.671755e-05
	3.414713e-05	4.281907e-05	5.277742e-05	6.405075e-05	7.665405e-05
	9.059076e-05	1.058549e-04	1.224330e-04	1.403062e-04	1.594524e-04
	1.798493e-04	2.014779e-04	2.243266e-04	2.483949e-04	2.736865e-04
	3.001840e-04	3.278321e-04	3.565252e-04	3.860844e-04	4.162722e-04
	4.468651e-04	4.777111e-04	5.087561e-04	5.401161e-04	5.721278e-04
	6.052251e-04	6.396434e-04	6.751540e-04	7.110713e-04	7.465818e-04
	7.810847e-04	8.142941e-04	8.461021e-04	8.764908e-04	9.055341e-04
	9.333677e-04	9.601460e-04	9.860835e-04	1.011556e-03	1.037164e-03
	1.063711e-03	1.092090e-03	1.123100e-03	1.157210e-03	1.194576e-03
	1.235345e-03	1.279772e-03	1.328297e-03	1.381658e-03	1.440797e-03
	1.506703e-03	1.580303e-03	1.662457e-03	1.754066e-03	1.856349e-03
	1.971120e-03	2.100601e-03	2.246867e-03	2.411758e-03	2.597598e-03
	2.807686e-03	3.045736e-03	3.315277e-03	3.620236e-03	3.965865e-03
	4.358534e-03	4.804619e-03	5.309749e-03	5.878824e-03	6.516401e-03
	7.228608e-03	8.027492e-03	8.935951e-03	9.992278e-03	1.125517e-02
	1.281583e-02	1.482144e-02	1.751388e-02	2.128505e-02	2.672250e-02
	3.452602e-02	4.507917e-02	5.791550e-02	7.186894e-02	8.595561e-02
	9.989380e-02	1.137967e-01	1.276836e-01	1.412332e-01	1.539093e-01
	1.653131e-01	1.753383e-01	1.840550e-01	1.915554e-01	1.979244e-01
	2.032854e-01	2.078086e-01	2.116694e-01	2.150090e-01	2.179177e-01
	2.204445e-01	2.226211e-01	2.244784e-01	2.260498e-01	2.273693e-01
	2.284694e-01	2.293799e-01	2.301279e-01	2.307375e-01	2.312299e-01
	2.316239e-01	2.319362e-01	2.321811e-01	2.323711e-01	2.325168e-01
	2.326275e-01	2.327104e-01	2.327720e-01	2.328172e-01	2.328501e-01
	2.328737e-01	2.328905e-01	2.329024e-01	2.329107e-01	2.329164e-01
	2.329204e-01
massfraction-H
	1.000000e-60	6.343630e-18	1.368935e-17	2.206179e-17	3.146508e-17
	4.192476e-17	5.352515e-17	6.648006e-17	8.124989e-17	9.869496e-17
	1.202686e-16	1.482777e-16	1.862833e-16	2.397729e-16	3.173176e-16
	4.325606e-16	6.076244e-16	8.789652e-16	1.307497e-15	1.996234e-15
	3.121250e-15	4.986411e-15	8.120772e-15	1.345319e-14	2.262807e-14
	3.858262e-14	6.661701e-14	1.164113e-13	2.058908e-13	3.686384e-13
	6.677051e-13	1.219986e-12	2.234698e-12	4.061493e-12	7.229064e-12
	1.245040e-11	2.059255e-11	3.266690e-11	4.999527e-11	7.472762e-11
	1.107745e-10	1.651577e-10	2.497858e-10	3.838737e-10	5.981529e-10
	9.436063e-10	1.506963e-09	2.437169e-09	3.993689e-09	6.638405e-09
	1.120412e-08	1.918491e-08	3.321966e-08	5.787120e-08	1.007657e-07
	1.739292e-07	2.946756e-07	4.849856e-07	7.683334e-07	1.166437e-06
	1.700635e-06	2.394516e-06	3.276696e-06	4.383881e-06	5.758257e-06
	7.439848e-06	9.457058e-06	1.182059e-05	1.452434e-05	1.755540e-05
	2.090473e-05	2.456188e-05	2.849889e-05	3.267095e-05	3.703794e-05
	4.157312e-05	4.624547e-05	5.100829e-05	5.581330e-05	6.062274e-05
	6.539962e-05	7.009289e-05	7.463751e-05	7.896535e-05	8.301551e-05
	8.674669e-05	9.014631e-05	9.322209e-05	9.597938e-05	9.839322e-05
	1.003834e-04	1.017711e-04	1.021945e-04	1.009718e-04	9.698845e-05
	8.894749e-05	7.648885e-05	6.132212e-05	4.630502e-05	3.333570e-05
	2.284123e-05	1.464530e-05	8.572904e-06	4.481874e-06	2.071561e-06
	8.465785e-07	3.070101e-07	1.000408e-07	3.041152e-08	9.263760e-09
	3.070559e-09	1.160838e-09	4.969627e-10	2.328411e-10	1.159159e-10
	6.033905e-11	3.259963e-11	1.819675e-11	1.045061e-11	6.149892e-12
	3.693173e-12	2.254415e-12	1.393653e-12	8.694359e-13	5.455588e-13
	3.432405e-13	2.158732e-13	1.353223e-13	8.430319e-14	5.203714e-14
	3.172126e-14	1.902359e-14	1.117007e-14	6.380148e-15	3.511962e-15
	1.836058e-15	8.895031e-16	3.811836e-16	1.301741e-16	2.558306e-17
	1.000000e-60
massfraction-OH
	1.000000e-60	2.777254e-23	1.855451e-22	7.442567e-22	2.419198e-21
	6.990495e-21	1.863914e-20	4.664829e-20	1.105928e-19	2.499290e-19
	5.412860e-19	1.129222e-18	2.280559e-18	4.479767e-18	8.595230e-18
	1.616616e-17	2.989200e-17	5.445606e-17	9.789272e-17	1.738245e-16
	3.050723e-16	5.294080e-16	9.086235e-16	1.542730e-15	2.592160e-15
	4.312710e-15	7.111516e-15	1.163926e-14	1.894856e-14	3.077552e-14
	5.005753e-14	8.195114e-14	1.359220e-13	2.299693e-13	3.988528e-13
	7.093824e-13	1.287700e-12	2.369207e-12	4.403779e-12	8.307869e-12
	1.608449e-11	3.232844e-11	6.782965e-11	1.479879e-10	3.313022e-10
	7.486685e-10	1.687261e-09	3.768073e-09	8.319107e-09	1.816696e-08
	3.928902e-08	8.408603e-08	1.774886e-07	3.676697e-07	7.430975e-07
	1.455124e-06	2.738396e-06	4.913399e-06	8.352667e-06	1.343635e-05
	2.056509e-05	3.019967e-05	4.291306e-05	5.945743e-05	8.075266e-05
	1.077845e-04	1.414434e-04	1.823853e-04	2.309955e-04	2.875339e-04
	3.523384e-04	4.257584e-04	5.078411e-04	5.983113e-04	6.970154e-04
	8.041658e-04	9.199787e-04	1.044359e-03	1.177175e-03	1.318583e-03
	1.468764e-03	1.627397e-03	1.793433e-03	1.965227e-03	2.140787e-03
	2.318345e-03	2.497159e-03	2.677819e-03	2.861840e-03	3.050786e-03
	3.245657e-03	3.445854e-03	3.646434e-03	3.832164e-03	3.967705e-03
	3.989983e-03	3.826543e-03	3.454470e-03	2.933873e-03	2.356759e-03
	1.786833e-03	1.260447e-03	8.097262e-04	4.659535e-04	2.410416e-04
	1.155229e-04	5.388606e-05	2.589871e-05	1.344216e-05	7.679531e-06
	4.793967e-06	3.208362e-06	2.257427e-06	1.644341e-06	1.227360e-06
	9.332609e-07	7.204503e-07	5.631872e-07	4.447682e-07	3.540850e-07
	2.836008e-07	2.281110e-07	1.839542e-07	1.485064e-07	1.198533e-07
	9.657389e-08	7.759536e-08	6.209439e-08	4.942863e-08	3.908879e-08
	3.066490e-08	2.382246e-08	1.828549e-08	1.382443e-08	1.024746e-08
	7.393973e-09	5.129666e-09	3.342596e-09	1.940157e-09	8.468221e-10
	1.000000e-60
massfraction-O
	1.000000e-60	8.514325e-23	2.167713e-22	4.049891e-22	6.536924e-22
	9.650660e-22	1.345049e-21	1.807489e-21	2.378571e-21	3.104181e-21
	4.062292e-21	5.382950e-21	7.281494e-21	1.011644e-20	1.449340e-20
	2.145432e-20	3.282527e-20	5.186125e-20	8.445157e-20	1.413900e-19
	2.426760e-19	4.257001e-19	7.608694e-19	1.381497e-18	2.541061e-18
	4.723138e-18	8.853218e-18	1.670917e-17	3.172237e-17	6.053519e-17
	1.159508e-16	2.222964e-16	4.245508e-16	8.024632e-16	1.491659e-15
	2.719673e-15	4.877754e-15	8.671050e-15	1.544741e-14	2.795126e-14
	5.205660e-14	1.006131e-13	2.014832e-13	4.134394e-13	8.572645e-13
	1.780287e-12	3.692900e-12	7.654052e-12	1.587820e-11	3.306643e-11
	6.932976e-11	1.464372e-10	3.107931e-10	6.595810e-10	1.390533e-09
	2.887347e-09	5.843947e-09	1.140737e-08	2.128292e-08	3.782834e-08
	6.436491e-08	1.057653e-07	1.694514e-07	2.671047e-07	4.169125e-07
	6.461373e-07	9.936055e-07	1.511864e-06	2.269404e-06	3.355384e-06
	4.888592e-06	7.024795e-06	9.954511e-06	1.390023e-05	1.913287e-05
	2.599642e-05	3.490283e-05	4.630478e-05	6.070073e-05	7.866632e-05
	1.008338e-04	1.277941e-04	1.599858e-04	1.976287e-04	2.407053e-04
	2.890811e-04	3.428026e-04	4.023790e-04	4.688938e-04	5.439404e-04
	6.296761e-04	7.288819e-04	8.445680e-04	9.781716e-04	1.124499e-03
	1.262202e-03	1.348834e-03	1.343397e-03	1.241707e-03	1.073261e-03
	8.702796e-04	6.562434e-04	4.525716e-04	2.820447e-04	1.603765e-04
	8.652985e-05	4.698141e-05	2.707903e-05	1.699522e-05	1.157781e-05
	8.418620e-06	6.415116e-06	5.045513e-06	4.050544e-06	3.295388e-06
	2.705955e-06	2.237444e-06	1.859716e-06	1.551341e-06	1.296795e-06
	1.084707e-06	9.066760e-07	7.564171e-07	6.291538e-07	5.211887e-07
	4.295988e-07	3.520210e-07	2.865007e-07	2.313858e-07	1.852530e-07
	1.468577e-07	1.151012e-07	8.900896e-08	6.771672e-08	5.046104e-08
	3.657241e-08	2.546897e-08	1.665028e-08	9.691916e-09	4.240938e-09
	1.000000e-60
massfraction-H2
	1.000000e-60	9.698280e-06	2.172924e-05	3.635361e-05	5.376401e-05
	7.410211e-05	9.743159e-05	1.237129e-04	1.528043e-04	1.844755e-04
	2.184304e-04	2.543339e-04	2.918370e-04	3.305982e-04	3.702991e-04
	4.106527e-04	4.514080e-04	4.923498e-04	5.332971e-04	5.740991e-04
	6.146319e-04	6.547941e-04	6.945041e-04	7.336969e-04	7.723230e-04
	8.103483e-04	8.477550e-04	8.845426e-04	9.207280e-04	9.563304e-04
	9.913390e-04	1.025701e-03	1.059320e-03	1.092048e-03	1.123712e-03
	1.154195e-03	1.183479e-03	1.211647e-03	1.238923e-03	1.265695e-03
	1.292386e-03	1.319242e-03	1.346177e-03	1.372821e-03	1.398788e-03
	1.423877e-03	1.448105e-03	1.471582e-03	1.494428e-03	1.516765e-03
	1.538660e-03	1.560044e-03	1.580667e-03	1.600092e-03	1.617689e-03
	1.632661e-03	1.644172e-03	1.651588e-03	1.654696e-03	1.653778e-03
	1.649400e-03	1.642126e-03	1.632379e-03	1.620395e-03	1.606275e-03
	1.590071e-03	1.571862e-03	1.551784e-03	1.530007e-03	1.506659e-03
	1.481778e-03	1.455369e-03	1.427525e-03	1.398421e-03	1.368163e-03
	1.336739e-03	1.304143e-03	1.270455e-03	1.235747e-03	1.200000e-03
	1.163172e-03	1.125313e-03	1.086597e-03	1.047272e-03	1.007600e-03
	9.677394e-04	9.275756e-04	8.866500e-04	8.442029e-04	7.992745e-04
	7.506701e-04	6.968717e-04	6.360555e-04	5.664201e-04	4.871178e-04
	4.000179e-04	3.115867e-04	2.313533e-04	1.663273e-04	1.174540e-04
	8.188806e-05	5.666887e-05	3.984764e-05	2.975729e-05	2.428153e-05
	2.129764e-05	1.941957e-05	1.800151e-05	1.679761e-05	1.572335e-05
	1.474640e-05	1.384501e-05	1.299831e-05	1.218843e-05	1.140446e-05
	1.064333e-05	9.906474e-06	9.195867e-06	8.512566e-06	7.856784e-06
	7.228213e-06	6.626368e-06	6.050796e-06	5.501171e-06	4.977322e-06
	4.479221e-06	4.006942e-06	3.560611e-06	3.140352e-06	2.746222e-06
	2.378167e-06	2.035981e-06	1.719274e-06	1.427465e-06	1.159785e-06
	9.152893e-07	6.928869e-07	4.913722e-07	3.094955e-07	1.461109e-07
	1.000000e-60
massfraction-H2O
	1.000000e-60	7.537075e-06	2.091025e-05	4.385779e-05	8.183944e-05
	1.425039e-04	2.359980e-04	3.749789e-04	5.743015e-04	8.503558e-04
	1.220140e-03	1.700214e-03	2.305720e-03	3.049578e-03	3.941976e-03
	4.990116e-03	6.198227e-03	7.567753e-03	9.097660e-03	1.078481e-02
	1.262436e-02	1.461012e-02	1.673495e-02	1.899110e-02	2.137055e-02
	2.386545e-02	2.646853e-02	2.917362e-02	3.197600e-02	3.487152e-02
	3.785377e-02	4.091243e-02	4.403238e-02	4.719162e-02	5.036352e-02
	5.352472e-02	5.666063e-02	5.976741e-02	6.285827e-02	6.596715e-02
	6.913559e-02	7.238483e-02	7.569290e-02	7.899819e-02	8.223148e-02
	8.534556e-02	8.832213e-02	9.115729e-02	9.385209e-02	9.641091e-02
	9.883639e-02	1.011225e-01	1.032546e-01	1.052142e-01	1.069836e-01
	1.085466e-01	1.098925e-01	1.110205e-01	1.119415e-01	1.126803e-01
	1.132705e-01	1.137442e-01	1.141276e-01	1.144403e-01	1.146959e-01
	1.149031e-01	1.150674e-01	1.151927e-01	1.152825e-01	1.153402e-01
	1.153686e-01	1.153700e-01	1.153459e-01	1.152980e-01	1.152274e-01
	1.151351e-01	1.150213e-01	1.148863e-01	1.147299e-01	1.145514e-01
	1.143492e-01	1.141220e-01	1.138684e-01	1.135878e-01	1.132794e-01
	1.129417e-01	1.125705e-01	1.121567e-01	1.116852e-01	1.111328e-01
	1.104642e-01	1.096238e-01	1.085218e-01	1.070174e-01	1.049085e-01
	1.019675e-01	9.808170e-02	9.339604e-02	8.824840e-02	8.290603e-02
	7.740348e-02	7.163619e-02	6.553843e-02	5.921271e-02	5.292078e-02
	4.692789e-02	4.138379e-02	3.633843e-02	3.181011e-02	2.780694e-02
	2.430341e-02	2.123330e-02	1.851361e-02	1.607309e-02	1.386809e-02
	1.188084e-02	1.010506e-02	8.533529e-03	7.155028e-03	5.955541e-03
	4.919709e-03	4.031958e-03	3.277078e-03	2.640485e-03	2.108344e-03
	1.667630e-03	1.306173e-03	1.012706e-03	7.769083e-04	5.894449e-04
	4.419900e-04	3.272309e-04	2.388484e-04	1.714727e-04	1.206169e-04
	8.259430e-05	5.442406e-05	3.373363e-05	1.866471e-05	7.787142e-06
	1.000000e-60
massfraction-HO2
	1.000000e-60	1.700074e-11	4.773138e-11	1.014241e-10	1.918580e-10
	3.387465e-10	5.688110e-10	9.161546e-10	1.421801e-09	2.132279e-09
	3.097425e-09	4.367750e-09	5.991848e-09	8.014190e-09	1.047357e-08
	1.340225e-08	1.682567e-08	2.076274e-08	2.522632e-08	3.022399e-08
	3.575878e-08	4.182998e-08	4.843384e-08	5.556434e-08	6.321396e-08
	7.137476e-08	8.003954e-08	8.920313e-08	9.886314e-08	1.090156e-07
	1.196419e-07	1.306948e-07	1.420815e-07	1.536330e-07	1.650807e-07
	1.760546e-07	1.860789e-07	1.945679e-07	2.008317e-07	2.040317e-07
	2.030624e-07	1.965424e-07	1.831976e-07	1.626423e-07	1.360068e-07
	1.057992e-07	7.549396e-08	4.903716e-08	2.957852e-08	1.784074e-08
	1.202025e-08	9.562941e-09	8.752265e-09	8.872736e-09	9.747884e-09
	1.143197e-08	1.409251e-08	1.794820e-08	2.319861e-08	2.997809e-08
	3.838512e-08	4.850661e-08	6.042949e-08	7.425522e-08	9.005737e-08
	1.078253e-07	1.274422e-07	1.487246e-07	1.715085e-07	1.957584e-07
	2.216315e-07	2.494121e-07	2.793785e-07	3.117889e-07	3.470143e-07
	3.855991e-07	4.281302e-07	4.751235e-07	5.271249e-07	5.848569e-07
	6.491665e-07	7.208389e-07	8.004926e-07	8.886106e-07	9.856263e-07
	1.092233e-06	1.210018e-06	1.342132e-06	1.493871e-06	1.673297e-06
	1.892838e-06	2.172303e-06	2.543539e-06	3.055971e-06	3.777697e-06
	4.776391e-06	6.063615e-06	7.553187e-06	9.114985e-06	1.067827e-05
	1.226650e-05	1.395380e-05	1.579546e-05	1.770455e-05	1.926987e-05
	1.968067e-05	1.798776e-05	1.419190e-05	9.788491e-06	6.248009e-06
	3.919613e-06	2.502531e-06	1.642001e-06	1.104013e-06	7.567777e-07
	5.272754e-07	3.729539e-07	2.675788e-07	1.945144e-07	1.430750e-07
	1.063182e-07	7.968009e-08	6.012028e-08	4.558476e-08	3.466681e-08
	2.639021e-08	2.006882e-08	1.521416e-08	1.147374e-08	8.589436e-09
	6.369032e-09	4.666809e-09	3.370275e-09	2.391157e-09	1.659326e-09
	1.118680e-09	7.243047e-10	4.404171e-10	2.388178e-10	9.764043e-11
	1.000000e-60
massfraction-H2O2
	1.000000e-60	1.869416e-13	5.255958e-13	1.118510e-12	2.118999e-12
	3.746582e-12	6.298610e-12	1.015335e-11	1.576237e-11	2.363010e-11
	3.428205e-11	4.822530e-11	6.590744e-11	8.767890e-11	1.137636e-10
	1.442400e-10	1.790326e-10	2.179142e-10	2.605150e-10	3.063374e-10
	3.547736e-10	4.051246e-10	4.566176e-10	5.084231e-10	5.596690e-10
	6.094528e-10	6.568506e-10	7.009183e-10	7.406847e-10	7.751207e-10
	8.031025e-10	8.234258e-10	8.348627e-10	8.362558e-10	8.266647e-10
	8.054507e-10	7.722309e-10	7.267560e-10	6.686452e-10	5.970505e-10
	5.108696e-10	4.103206e-10	3.002423e-10	1.936698e-10	1.095407e-10
	5.831134e-11	3.184140e-11	1.748092e-11	9.350471e-12	5.139581e-12
	3.228935e-12	2.450213e-12	2.189024e-12	2.224680e-12	2.539364e-12
	3.255629e-12	4.691770e-12	7.516338e-12	1.298538e-11	2.324837e-11
	4.181925e-11	7.431393e-11	1.296544e-10	2.220934e-10	3.738815e-10
	6.179783e-10	9.997792e-10	1.577138e-09	2.419231e-09	3.607456e-09
	5.240277e-09	7.434997e-09	1.031939e-08	1.402577e-08	1.870608e-08
	2.455292e-08	3.179474e-08	4.068052e-08	5.149813e-08	6.461350e-08
	8.047327e-08	9.956027e-08	1.223450e-07	1.492596e-07	1.806886e-07
	2.170450e-07	2.589948e-07	3.077349e-07	3.652405e-07	4.344863e-07
	5.199573e-07	6.285914e-07	7.711737e-07	9.640389e-07	1.230234e-06
	1.597486e-06	2.089929e-06	2.724392e-06	3.524403e-06	4.548963e-06
	5.929873e-06	7.897760e-06	1.065755e-05	1.356833e-05	1.451768e-05
	1.308212e-05	1.093178e-05	8.999264e-06	7.435408e-06	6.189582e-06
	5.191748e-06	4.379301e-06	3.702446e-06	3.126064e-06	2.628544e-06
	2.197917e-06	1.826782e-06	1.508886e-06	1.238219e-06	1.009097e-06
	8.162800e-07	6.550445e-07	5.211710e-07	4.108923e-07	3.208412e-07
	2.480053e-07	1.896935e-07	1.435117e-07	1.073468e-07	7.935198e-08
	5.793460e-08	4.174077e-08	2.963817e-08	2.069572e-08	1.416097e-08
	9.436288e-09	6.054966e-09	3.658474e-09	1.975898e-09	8.060505e-10
	1.000000e-60
massfraction-CO
	1.000000e-60	1.302501e-06	3.668136e-06	7.820506e-06	1.484548e-05
	2.630465e-05	4.432575e-05	7.163863e-05	1.115447e-04	1.678086e-04
	2.444855e-04	3.457091e-04	4.754808e-04	6.374868e-04	8.349665e-04
	1.070635e-03	1.346658e-03	1.664663e-03	2.025786e-03	2.430718e-03
	2.879775e-03	3.372961e-03	3.910022e-03	4.490522e-03	5.113905e-03
	5.779596e-03	6.487115e-03	7.236209e-03	8.026984e-03	8.859670e-03
	9.733796e-03	1.064761e-02	1.159768e-02	1.257809e-02	1.358092e-02
	1.459864e-02	1.562606e-02	1.666123e-02	1.770781e-02	1.877688e-02
	1.988271e-02	2.103292e-02	2.221948e-02	2.341902e-02	2.460375e-02
	2.575296e-02	2.685621e-02	2.790864e-02	2.890762e-02	2.985222e-02
	3.074138e-02	3.157136e-02	3.233587e-02	3.302803e-02	3.364170e-02
	3.417213e-02	3.461701e-02	3.497819e-02	3.526223e-02	3.548046e-02
	3.564685e-02	3.577407e-02	3.587218e-02	3.594863e-02	3.600845e-02
	3.605471e-02	3.608900e-02	3.611174e-02	3.612239e-02	3.611952e-02
	3.610068e-02	3.606230e-02	3.599993e-02	3.590865e-02	3.578302e-02
	3.561669e-02	3.540277e-02	3.513469e-02	3.480611e-02	3.441009e-02
	3.393950e-02	3.338871e-02	3.275511e-02	3.203944e-02	3.124534e-02
	3.037669e-02	2.943251e-02	2.840264e-02	2.726630e-02	2.599301e-02
	2.454042e-02	2.285051e-02	2.084925e-02	1.845988e-02	1.564752e-02
	1.251187e-02	9.374367e-03	6.659607e-03	4.610927e-03	3.192393e-03
	2.239101e-03	1.602820e-03	1.183394e-03	9.103031e-04	7.287387e-04
	5.997334e-04	5.006491e-04	4.202720e-04	3.535075e-04	2.978852e-04
	2.515918e-04	2.128215e-04	1.799009e-04	1.515371e-04	1.269084e-04
	1.055623e-04	8.720581e-05	7.155916e-05	5.832703e-05	4.721501e-05
	3.794438e-05	3.026101e-05	2.393763e-05	1.877286e-05	1.458902e-05
	1.122986e-05	8.558363e-06	6.455031e-06	4.816316e-06	3.553307e-06
	2.590501e-06	1.864593e-06	1.323251e-06	9.238644e-07	6.322723e-07
	4.215194e-07	2.706626e-07	1.636752e-07	8.848120e-08	3.612933e-08
	1.000000e-60
massfraction-CO2
	1.000000e-60	6.813489e-07	2.084430e-06	4.866887e-06	1.016283e-05
	1.983594e-05	3.678320e-05	6.524458e-05	1.110651e-04	1.818395e-04
	2.868884e-04	4.370486e-04	6.443045e-04	9.213168e-04	1.280921e-03
	1.735657e-03	2.297374e-03	2.976941e-03	3.784049e-03	4.727121e-03
	5.813279e-03	7.048396e-03	8.437168e-03	9.983261e-03	1.168950e-02
	1.355814e-02	1.559128e-02	1.779133e-02	2.016148e-02	2.270512e-02
	2.542329e-02	2.831263e-02	3.136379e-02	3.455842e-02	3.787025e-02
	4.127294e-02	4.474677e-02	4.828233e-02	5.188942e-02	5.560374e-02
	5.947297e-02	6.352152e-02	6.771743e-02	7.197176e-02	7.617792e-02
	8.025367e-02	8.415424e-02	8.785591e-02	9.134448e-02	9.461340e-02
	9.765729e-02	1.004636e-01	1.030139e-01	1.052911e-01	1.072845e-01
	1.089909e-01	1.104168e-01	1.115810e-01	1.125135e-01	1.132541e-01
	1.138468e-01	1.143299e-01	1.147331e-01	1.150785e-01	1.153820e-01
	1.156542e-01	1.159021e-01	1.161308e-01	1.163443e-01	1.165464e-01
	1.167409e-01	1.169309e-01	1.171184e-01	1.173043e-01	1.174898e-01
	1.176762e-01	1.178642e-01	1.180536e-01	1.182435e-01	1.184331e-01
	1.186210e-01	1.188044e-01	1.189791e-01	1.191402e-01	1.192819e-01
	1.193982e-01	1.194832e-01	1.195293e-01	1.195246e-01	1.194483e-01
	1.192638e-01	1.189045e-01	1.182464e-01	1.170588e-01	1.149409e-01
	1.113214e-01	1.057348e-01	9.831597e-02	8.983908e-02	8.107816e-02
	7.234929e-02	6.367414e-02	5.510452e-02	4.687959e-02	3.933731e-02
	3.270350e-02	2.701642e-02	2.220678e-02	1.818912e-02	1.488100e-02
	1.218255e-02	9.977285e-03	8.155113e-03	6.630951e-03	5.349174e-03
	4.275935e-03	3.386655e-03	2.658200e-03	2.067733e-03	1.593726e-03
	1.216721e-03	9.196651e-04	6.878867e-04	5.089121e-04	3.722309e-04
	2.690623e-04	1.921399e-04	1.355137e-04	9.437207e-05	6.487701e-05
	4.401361e-05	2.945178e-05	1.942117e-05	1.260008e-05	8.018959e-06
	4.978887e-06	2.984480e-06	1.690326e-06	8.594257e-07	3.317450e-07
	1.000000e-60
massfraction-CH
	1.000000e-60	1.234390e-31	2.925328e-31	4.913765e-31	7.198471e-31
	1.071881e-30	1.519683e-30	1.366930e-30	1.738751e-30	5.724402e-31
	1.180395e-30	1.460878e-30	9.667818e-31	3.035372e-30	4.899959e-30
	5.252520e-30	9.955197e-30	1.839468e-29	4.485962e-29	1.098812e-28
	2.961089e-28	8.484990e-28	2.609816e-27	8.435921e-27	2.843946e-26
	9.950624e-26	3.594236e-25	1.335754e-24	5.097683e-24	1.995122e-23
	7.983174e-23	3.241698e-22	1.317193e-21	5.237726e-21	1.983079e-20
	6.973683e-20	2.243248e-19	6.586062e-19	1.787565e-18	4.604417e-18
	1.162808e-17	2.963190e-17	7.742402e-17	2.076377e-16	5.675623e-16
	1.573930e-15	4.425888e-15	1.263061e-14	3.663739e-14	1.083380e-13
	3.274772e-13	1.011080e-12	3.171356e-12	1.001837e-11	3.152363e-11
	9.741104e-11	2.903930e-10	8.189186e-10	2.144334e-09	5.160124e-09
	1.144294e-08	2.361135e-08	4.585170e-08	8.470617e-08	1.499274e-07
	2.549034e-07	4.159905e-07	6.504742e-07	9.737315e-07	1.397177e-06
	1.927373e-06	2.563523e-06	3.292596e-06	4.087896e-06	4.913930e-06
	5.730269e-06	6.490554e-06	7.144332e-06	7.644423e-06	7.952212e-06
	8.039158e-06	7.890270e-06	7.509840e-06	6.924194e-06	6.178844e-06
	5.329653e-06	4.430790e-06	3.527628e-06	2.658189e-06	1.859386e-06
	1.169899e-06	6.285172e-07	2.647796e-07	7.693916e-08	1.326541e-08
	1.238182e-09	6.613785e-11	2.470176e-12	8.368801e-14	3.235590e-15
	1.647869e-16	1.103198e-17	8.560471e-19	6.972978e-20	5.838637e-21
	5.018969e-22	4.413023e-23	4.017664e-24	3.913773e-25	4.306557e-26
	5.660994e-27	9.039705e-28	1.693866e-28	3.487667e-29	7.672228e-30
	1.677250e-30	5.536915e-31	2.833313e-31	4.289919e-32	1.000000e-60
	7.415992e-33	1.000000e-60	1.000000e-60	1.472746e-32	1.000000e-60
	1.000000e-60	1.000000e-60	4.033476e-34	9.474969e-34	1.000000e-60
	1.000000e-60	1.000000e-60	1.020811e-34	1.000000e-60	1.000000e-60
	1.000000e-60	1.000000e-60	1.000000e-60	1.000000e-60	4.138616e-36
	1.000000e-60
massfraction-CHO
	1.000000e-60	7.604934e-19	2.342748e-18	5.438993e-18	1.111124e-17
	2.085962e-17	3.663443e-17	6.080867e-17	9.623271e-17	1.465747e-16
	2.171999e-16	3.168474e-16	4.604413e-16	6.736483e-16	1.000436e-15
	1.515984e-15	2.349143e-15	3.721615e-15	6.015999e-15	9.892641e-15
	1.648685e-14	2.773312e-14	4.687733e-14	7.923696e-14	1.332181e-13
	2.214284e-13	3.613446e-13	5.743700e-13	8.815739e-13	1.294868e-12
	1.805826e-12	2.381278e-12	2.974587e-12	3.543967e-12	4.057631e-12
	4.486578e-12	4.805196e-12	5.003596e-12	5.097804e-12	5.128342e-12
	5.152464e-12	5.237788e-12	5.457044e-12	5.887499e-12	6.630313e-12
	7.855532e-12	9.892925e-12	1.345903e-11	2.017763e-11	3.364173e-11
	6.124121e-11	1.165262e-10	2.209295e-10	4.033014e-10	6.974819e-10
	1.141377e-09	1.781645e-09	2.683284e-09	3.936100e-09	5.660435e-09
	8.025608e-09	1.127313e-08	1.575133e-08	2.197026e-08	3.064619e-08
	4.271330e-08	5.928031e-08	8.153359e-08	1.106232e-07	1.476199e-07
	1.935348e-07	2.491662e-07	3.146974e-07	3.894737e-07	4.722425e-07
	5.613088e-07	6.541757e-07	7.472866e-07	8.363723e-07	9.168129e-07
	9.835931e-07	1.031402e-06	1.055339e-06	1.051914e-06	1.019848e-06
	9.602935e-07	8.761509e-07	7.710690e-07	6.491148e-07	5.155208e-07
	3.777809e-07	2.467763e-07	1.370134e-07	6.257783e-08	2.614750e-08
	1.350185e-08	8.710463e-09	5.714715e-09	3.630793e-09	2.279929e-09
	1.432718e-09	9.002122e-10	5.601543e-10	3.348102e-10	1.792261e-10
	7.818191e-11	2.632983e-11	7.051457e-12	1.640217e-12	3.706738e-13
	9.028229e-14	2.502723e-14	7.838404e-15	2.672650e-15	9.611071e-16
	3.588434e-16	1.384050e-16	5.504671e-17	2.253590e-17	9.474409e-18
	4.078110e-18	1.791014e-18	7.995341e-19	3.613520e-19	1.646497e-19
	7.531103e-20	3.442905e-20	1.566191e-20	7.057906e-21	3.136250e-21
	1.367375e-21	5.816124e-22	2.396614e-22	9.477597e-23	3.548307e-23
	1.231151e-23	3.817586e-24	9.871600e-25	1.820254e-25	1.461968e-26
	1.000000e-60
massfraction-CH2
	1.000000e-60	1.320471e-21	2.699156e-21	4.107180e-21	5.530835e-21
	6.980889e-21	8.499046e-21	1.016971e-20	1.214093e-20	1.465893e-20
	1.812866e-20	2.322694e-20	3.112237e-20	4.391203e-20	6.550693e-20
	1.034654e-19	1.728765e-19	3.047659e-19	5.646524e-19	1.094229e-18
	2.206358e-18	4.604215e-18	9.891803e-18	2.177272e-17	4.888414e-17
	1.115405e-16	2.578993e-16	6.030655e-16	1.424701e-15	3.398180e-15
	8.170152e-15	1.972218e-14	4.744037e-14	1.123563e-13	2.581516e-13
	5.678602e-13	1.186520e-12	2.353130e-12	4.462923e-12	8.217323e-12
	1.496056e-11	2.735035e-11	5.057020e-11	9.439942e-11	1.768148e-10
	3.309540e-10	6.185137e-10	1.154636e-09	2.155181e-09	4.029759e-09
	7.561589e-09	1.423795e-08	2.683588e-08	5.043167e-08	9.402836e-08
	1.728227e-07	3.105523e-07	5.404733e-07	9.026493e-07	1.439138e-06
	2.193461e-06	3.211505e-06	4.542445e-06	6.239371e-06	8.349584e-06
	1.089531e-05	1.385274e-05	1.714178e-05	2.063367e-05	2.417513e-05
	2.760921e-05	3.077473e-05	3.350341e-05	3.564235e-05	3.708104e-05
	3.775156e-05	3.761992e-05	3.669277e-05	3.502128e-05	3.268977e-05
	2.980878e-05	2.651938e-05	2.299097e-05	1.940450e-05	1.592995e-05
	1.270155e-05	9.801165e-06	7.265025e-06	5.105945e-06	3.333574e-06
	1.957762e-06	9.819754e-07	3.872437e-07	1.064238e-07	1.785357e-08
	1.725447e-09	1.063465e-10	5.281785e-12	2.720651e-13	1.761941e-14
	1.611961e-15	2.082100e-16	3.433215e-17	6.705364e-18	1.528246e-18
	4.034493e-19	1.220164e-19	4.219943e-20	1.658624e-20	7.264240e-21
	3.447749e-21	1.720930e-21	8.777150e-22	4.462044e-22	2.222901e-22
	1.078917e-22	5.128778e-23	2.417639e-23	1.147206e-23	5.556912e-24
	2.777489e-24	1.442540e-24	7.811199e-25	4.410966e-25	2.591786e-25
	1.577925e-25	9.897389e-26	6.352360e-26	4.139771e-26	2.716136e-26
	1.777547e-26	1.148528e-26	7.243781e-27	4.402335e-27	2.539384e-27
	1.364185e-27	6.643352e-28	2.798747e-28	9.196241e-29	1.688074e-29
	1.000000e-60
massfraction-CH2O
	1.000000e-60	3.370996e-10	1.049288e-09	2.497276e-09	5.320512e-09
	1.059803e-08	2.005114e-08	3.626392e-08	6.288740e-08	1.047791e-07
	1.680354e-07	2.598938e-07	3.885105e-07	5.626440e-07	7.912915e-07
	1.083324e-06	1.447158e-06	1.890496e-06	2.420127e-06	3.041818e-06
	3.760252e-06	4.579037e-06	5.500749e-06	6.527030e-06	7.658725e-06
	8.896092e-06	1.023908e-05	1.168767e-05	1.324220e-05	1.490296e-05
	1.666860e-05	1.853483e-05	2.049354e-05	2.253101e-05	2.462886e-05
	2.676920e-05	2.893879e-05	3.113116e-05	3.335188e-05	3.562214e-05
	3.796964e-05	4.040701e-05	4.291211e-05	4.542812e-05	4.788662e-05
	5.023022e-05	5.241657e-05	5.440384e-05	5.613842e-05	5.754826e-05
	5.853825e-05	5.900180e-05	5.886801e-05	5.817817e-05	5.714950e-05
	5.616778e-05	5.568058e-05	5.604090e-05	5.740202e-05	5.972546e-05
	6.288817e-05	6.677670e-05	7.132825e-05	7.654425e-05	8.247001e-05
	8.916184e-05	9.665540e-05	1.049449e-04	1.139769e-04	1.236656e-04
	1.339041e-04	1.445285e-04	1.552614e-04	1.657217e-04	1.754935e-04
	1.841461e-04	1.911991e-04	1.961363e-04	1.984748e-04	1.978022e-04
	1.937912e-04	1.862624e-04	1.752785e-04	1.611975e-04	1.446530e-04
	1.264394e-04	1.073308e-04	8.797417e-05	6.892707e-05	5.079066e-05
	3.429553e-05	2.033376e-05	9.873054e-06	3.532786e-06	8.233147e-07
	1.170928e-07	1.094433e-08	8.168488e-10	6.066555e-11	5.252774e-12
	5.730543e-13	8.177771e-14	1.584000e-14	4.328210e-15	1.664886e-15
	8.369459e-16	4.982691e-16	3.269136e-16	2.271081e-16	1.640041e-16
	1.219813e-16	9.273304e-17	7.149361e-17	5.549522e-17	4.313865e-17
	3.347808e-17	2.589824e-17	1.994970e-17	1.528662e-17	1.163969e-17
	8.797809e-18	6.594571e-18	4.897713e-18	3.601281e-18	2.619917e-18
	1.884699e-18	1.340049e-18	9.413706e-19	6.531672e-19	4.474871e-19
	3.026021e-19	2.018659e-19	1.327254e-19	8.586819e-20	5.450138e-20
	3.375223e-20	2.018247e-20	1.140444e-20	5.786061e-21	2.229128e-21
	1.000000e-60
massfraction-CH3
	1.000000e-60	2.127713e-11	5.931033e-11	1.250494e-10	2.346410e-10
	4.109392e-10	6.846329e-10	1.094607e-09	1.687479e-09	2.516283e-09
	3.638591e-09	5.114511e-09	7.005108e-09	9.371551e-09	1.227522e-08
	1.577870e-08	1.994760e-08	2.485296e-08	3.057428e-08	3.720294e-08
	4.484631e-08	5.363255e-08	6.371650e-08	7.528729e-08	8.857841e-08
	1.038819e-07	1.215685e-07	1.421174e-07	1.661596e-07	1.945313e-07
	2.283285e-07	2.689904e-07	3.184139e-07	3.790649e-07	4.541500e-07
	5.479758e-07	6.664886e-07	8.180926e-07	1.015447e-06	1.279022e-06
	1.642368e-06	2.158243e-06	2.904504e-06	3.989540e-06	5.559678e-06
	7.820853e-06	1.107466e-05	1.576470e-05	2.254345e-05	3.238013e-05
	4.670119e-05	6.751957e-05	9.751609e-05	1.400345e-04	1.988646e-04
	2.775967e-04	3.784386e-04	5.008382e-04	6.405672e-04	7.907559e-04
	9.444687e-04	1.095696e-03	1.239403e-03	1.371345e-03	1.487354e-03
	1.583141e-03	1.654834e-03	1.699831e-03	1.717335e-03	1.708215e-03
	1.674320e-03	1.617977e-03	1.542130e-03	1.450403e-03	1.346472e-03
	1.233588e-03	1.114887e-03	9.936518e-04	8.729084e-04	7.550687e-04
	6.421858e-04	5.362893e-04	4.393025e-04	3.527247e-04	2.774104e-04
	2.134172e-04	1.600301e-04	1.161062e-04	8.050512e-05	5.235465e-05
	3.102558e-05	1.600371e-05	6.682610e-06	2.031269e-06	3.986851e-07
	4.770080e-08	3.787106e-09	2.459096e-10	1.647928e-11	1.336757e-12
	1.396216e-13	1.901324e-14	3.436626e-15	8.506761e-16	2.861404e-16
	1.198152e-16	5.613868e-17	2.770956e-17	1.415690e-17	7.488278e-18
	4.106570e-18	2.326337e-18	1.350808e-18	7.975586e-19	4.765699e-19
	2.880981e-19	1.765836e-19	1.099764e-19	6.967677e-20	4.491226e-20
	2.943173e-20	1.958313e-20	1.320853e-20	9.014529e-21	6.213394e-21
	4.317195e-21	3.018432e-21	2.119950e-21	1.493208e-21	1.053061e-21
	7.422842e-22	5.219151e-22	3.651354e-22	2.533165e-22	1.734234e-22
	1.162817e-22	7.540160e-23	4.617384e-23	2.531540e-23	1.048748e-23
	1.000000e-60
massfraction-CH4
	1.000000e+00	9.999572e-01	9.998854e-01	9.997665e-01	9.995733e-01
	9.992673e-01	9.987960e-01	9.980922e-01	9.970746e-01	9.956504e-01
	9.937189e-01	9.911772e-01	9.879245e-01	9.838668e-01	9.789199e-01
	9.730118e-01	9.660825e-01	9.580848e-01	9.489824e-01	9.387492e-01
	9.273674e-01	9.148265e-01	9.011210e-01	8.862495e-01	8.702123e-01
	8.530093e-01	8.346368e-01	8.150838e-01	7.943286e-01	7.723445e-01
	7.491217e-01	7.246836e-01	6.990987e-01	6.725051e-01	6.451001e-01
	6.170764e-01	5.885701e-01	5.596326e-01	5.301600e-01	4.998391e-01
	4.682610e-01	4.352069e-01	4.009215e-01	3.661103e-01	3.316442e-01
	2.982027e-01	2.661664e-01	2.357467e-01	2.070762e-01	1.802211e-01
	1.552325e-01	1.322130e-01	1.113076e-01	9.264500e-02	7.630219e-02
	6.229861e-02	5.058499e-02	4.102119e-02	3.338091e-02	2.735528e-02
	2.259484e-02	1.879248e-02	1.570901e-02	1.316564e-02	1.103844e-02
	9.245217e-03	7.730634e-03	6.453617e-03	5.379582e-03	4.476445e-03
	3.714853e-03	3.071240e-03	2.528711e-03	2.073852e-03	1.693642e-03
	1.375833e-03	1.110609e-03	8.903891e-04	7.084926e-04	5.587632e-04
	4.360197e-04	3.361906e-04	2.559406e-04	1.922999e-04	1.425287e-04
	1.040660e-04	7.456288e-05	5.202439e-05	3.491160e-05	2.212823e-05
	1.289457e-05	6.624374e-06	2.811413e-06	8.980550e-07	1.950551e-07
	2.769850e-08	2.829690e-09	2.549112e-10	2.491131e-11	2.996642e-12
	4.628415e-13	9.325096e-14	2.539505e-14	9.803911e-15	5.338823e-15
	3.715422e-15	2.927982e-15	2.426302e-15	2.048687e-15	1.743742e-15
	1.490885e-15	1.277612e-15	1.094425e-15	9.344523e-16	7.935111e-16
	6.694799e-16	5.611338e-16	4.672920e-16	3.866324e-16	3.177744e-16
	2.593639e-16	2.101323e-16	1.689171e-16	1.346644e-16	1.064225e-16
	8.333489e-17	6.463224e-17	4.962700e-17	3.770851e-17	2.833909e-17
	2.105048e-17	1.543998e-17	1.116613e-17	7.943706e-18	5.538160e-18
	3.759616e-18	2.456732e-18	1.510681e-18	8.296132e-19	3.437266e-19
	1.000000e-60
massfraction-C2H6
	1.000000e-60	3.416190e-09	1.078196e-08	2.605791e-08	5.642139e-08
	1.142455e-07	2.196906e-07	4.036702e-07	7.108010e-07	1.201735e-06
	1.954290e-06	3.062990e-06	4.636974e-06	6.796547e-06	9.668915e-06
	1.338365e-05	1.806842e-05	2.384532e-05	3.082800e-05	3.911963e-05
	4.881164e-05	5.998314e-05	7.270096e-05	8.702034e-05	1.029863e-04
	1.206359e-04	1.400021e-04	1.611183e-04	1.840226e-04	2.087531e-04
	2.353220e-04	2.636954e-04	2.937759e-04	3.253726e-04	3.582104e-04
	3.920087e-04	4.265484e-04	4.617092e-04	4.975573e-04	5.344082e-04
	5.726781e-04	6.125204e-04	6.534839e-04	6.945022e-04	7.342848e-04
	7.717159e-04	8.059429e-04	8.361622e-04	8.614393e-04	8.805985e-04
	8.920754e-04	8.938557e-04	8.836929e-04	8.596248e-04	8.207256e-04
	7.679436e-04	7.045382e-04	6.354820e-04	5.660139e-04	4.999632e-04
	4.389936e-04	3.833507e-04	3.326609e-04	2.863632e-04	2.440667e-04
	2.056619e-04	1.712366e-04	1.409013e-04	1.146417e-04	9.224577e-05
	7.335218e-05	5.758351e-05	4.461603e-05	3.413241e-05	2.577572e-05
	1.918653e-05	1.405584e-05	1.012508e-05	7.163370e-06	4.965897e-06
	3.363052e-06	2.219344e-06	1.424798e-06	8.888355e-07	5.381562e-07
	3.153625e-07	1.775952e-07	9.477015e-08	4.683782e-08	2.072759e-08
	7.809026e-09	2.318395e-09	4.838724e-10	6.146386e-11	4.247551e-12
	1.642628e-13	4.311846e-15	9.984476e-17	2.560062e-18	8.287576e-20
	3.534987e-21	2.025854e-22	1.645609e-23	2.074102e-24	4.356710e-25
	1.500753e-25	7.545638e-26	4.765193e-26	3.385871e-26	2.552817e-26
	1.985831e-26	1.570332e-26	1.250132e-26	9.948319e-27	7.875969e-27
	6.188509e-27	4.822467e-27	3.726089e-27	2.853829e-27	2.165855e-27
	1.627944e-27	1.211197e-27	8.914732e-28	6.487604e-28	4.665845e-28
	3.314839e-28	2.325567e-28	1.610675e-28	1.101035e-28	7.427058e-29
	4.942432e-29	3.243297e-29	2.097067e-29	1.334052e-29	8.326402e-30
	5.072029e-30	2.984747e-30	1.661112e-30	8.309079e-31	3.160207e-31
	1.000000e-60
massfraction-C2H
	1.000000e-60	2.320401e-33	1.975239e-32	8.767948e-32	3.162268e-31
	1.031068e-30	3.127007e-30	8.994629e-30	2.484341e-29	6.656732e-29
	1.747380e-28	4.535614e-28	1.174152e-27	3.053614e-27	8.022579e-27
	2.136878e-26	5.779734e-26	1.587136e-25	4.417448e-25	1.242725e-24
	3.521402e-24	1.001243e-23	2.845688e-23	8.055829e-23	2.264477e-22
	6.305448e-22	1.736558e-21	4.728037e-21	1.273578e-20	3.400516e-20
	9.022857e-20	2.387215e-19	6.325820e-19	1.686019e-18	4.529246e-18
	1.224485e-17	3.314334e-17	8.928281e-17	2.392744e-16	6.440236e-16
	1.769345e-15	5.031011e-15	1.485328e-14	4.508711e-14	1.379408e-13
	4.166888e-13	1.226627e-12	3.497810e-12	9.647922e-12	2.578539e-11
	6.692756e-11	1.686457e-10	4.110631e-10	9.638470e-10	2.159800e-09
	4.589187e-09	9.167058e-09	1.708570e-08	2.957892e-08	4.764854e-08
	7.205902e-08	1.034577e-07	1.425069e-07	1.899845e-07	2.465735e-07
	3.124201e-07	3.866808e-07	4.673336e-07	5.513846e-07	6.354154e-07
	7.160243e-07	7.897675e-07	8.530697e-07	9.027042e-07	9.363567e-07
	9.525854e-07	9.505988e-07	9.303941e-07	8.928572e-07	8.395425e-07
	7.725704e-07	6.947979e-07	6.098623e-07	5.218741e-07	4.349251e-07
	3.524668e-07	2.768165e-07	2.092170e-07	1.503321e-07	1.007570e-07
	6.112952e-08	3.198906e-08	1.336225e-08	3.970739e-09	7.339817e-10
	7.813061e-11	5.110480e-12	2.515491e-13	1.207583e-14	7.122334e-16
	5.919721e-17	6.841682e-18	9.880997e-19	1.658002e-19	3.153590e-20
	6.613761e-21	1.483491e-21	3.545869e-22	9.173873e-23	2.593964e-23
	7.958248e-24	2.597959e-24	8.812959e-25	3.044367e-25	1.059816e-25
	3.724286e-26	1.334078e-26	4.929055e-27	1.898241e-27	7.682148e-28
	3.284859e-28	1.488197e-28	7.145580e-29	3.629003e-29	1.941785e-29
	1.088613e-29	6.351304e-30	3.826804e-30	2.361467e-30	1.479362e-30
	9.321399e-31	5.849216e-31	3.615816e-31	2.174819e-31	1.253875e-31
	6.795655e-32	3.364871e-32	1.449168e-32	4.879973e-33	9.170460e-34
	1.000000e-60
massfraction-C2H2
	1.000000e-60	4.893271e-08	1.483287e-07	3.428338e-07	7.083042e-07
	1.367623e-06	2.509135e-06	4.404674e-06	7.423850e-06	1.204042e-05
	1.882803e-05	2.844473e-05	4.160856e-05	5.906784e-05	8.157066e-05
	1.098372e-04	1.445372e-04	1.862741e-04	2.355750e-04	2.928862e-04
	3.585732e-04	4.329241e-04	5.161551e-04	6.084197e-04	7.098196e-04
	8.204222e-04	9.402834e-04	1.069474e-03	1.208110e-03	1.356311e-03
	1.514060e-03	1.681081e-03	1.856756e-03	2.039961e-03	2.229136e-03
	2.422743e-03	2.619643e-03	2.819298e-03	3.022263e-03	3.230543e-03
	3.446793e-03	3.672357e-03	3.905462e-03	4.141231e-03	4.373882e-03
	4.599022e-03	4.814339e-03	5.018666e-03	5.211310e-03	5.391883e-03
	5.559770e-03	5.713276e-03	5.848956e-03	5.961071e-03	6.041190e-03
	6.078850e-03	6.064236e-03	5.992259e-03	5.865698e-03	5.694397e-03
	5.490199e-03	5.263226e-03	5.020643e-03	4.766560e-03	4.503453e-03
	4.233550e-03	3.959499e-03	3.684259e-03	3.410586e-03	3.140297e-03
	2.874083e-03	2.612563e-03	2.357452e-03	2.111137e-03	1.875289e-03
	1.650678e-03	1.438251e-03	1.239474e-03	1.055546e-03	8.869866e-04
	7.341119e-04	5.974536e-04	4.775638e-04	3.746032e-04	2.881245e-04
	2.169646e-04	1.593373e-04	1.132390e-04	7.688054e-05	4.890396e-05
	2.829355e-05	1.420554e-05	5.747378e-06	1.681894e-06	3.154396e-07
	3.583802e-08	2.693382e-09	1.659681e-10	1.080307e-11	9.252368e-13
	1.198401e-13	2.364571e-14	6.590604e-15	2.473147e-15	1.218347e-15
	7.431369e-16	5.176964e-16	3.876714e-16	3.018934e-16	2.405988e-16
	1.946013e-16	1.587722e-16	1.299410e-16	1.061388e-16	8.620991e-17
	6.949971e-17	5.557942e-17	4.408512e-17	3.467697e-17	2.704157e-17
	2.089698e-17	1.599518e-17	1.212091e-17	9.088980e-18	6.741214e-18
	4.943499e-18	3.583083e-18	2.566126e-18	1.815436e-18	1.268357e-18
	8.747759e-19	5.952403e-19	3.992041e-19	2.634168e-19	1.704832e-19
	1.076094e-19	6.554020e-20	3.768738e-20	1.943484e-20	7.599434e-21
	1.000000e-60
massfraction-CHCO
	1.000000e-60	2.938691e-07	7.820118e-07	1.567838e-06	2.791111e-06
	4.633791e-06	7.320117e-06	1.110938e-05	1.628312e-05	2.312790e-05
	3.191655e-05	4.289112e-05	5.625034e-05	7.214254e-05	9.066414e-05
	1.118624e-04	1.357415e-04	1.622691e-04	1.913847e-04	2.230062e-04
	2.570367e-04	2.933695e-04	3.318931e-04	3.724952e-04	4.150670e-04
	4.595088e-04	5.057362e-04	5.536870e-04	6.033271e-04	6.546338e-04
	7.075466e-04	7.619356e-04	8.175852e-04	8.741537e-04	9.312093e-04
	9.883690e-04	1.045398e-03	1.102252e-03	1.159193e-03	1.216878e-03
	1.276123e-03	1.337384e-03	1.400311e-03	1.463771e-03	1.526429e-03
	1.587326e-03	1.646033e-03	1.702395e-03	1.756357e-03	1.807945e-03
	1.857178e-03	1.903957e-03	1.948083e-03	1.989408e-03	2.027921e-03
	2.063725e-03	2.096883e-03	2.127190e-03	2.153958e-03	2.176153e-03
	2.192740e-03	2.202735e-03	2.205179e-03	2.199061e-03	2.183235e-03
	2.156529e-03	2.117990e-03	2.067113e-03	2.003909e-03	1.928707e-03
	1.841878e-03	1.743965e-03	1.636155e-03	1.520312e-03	1.398358e-03
	1.271965e-03	1.143012e-03	1.013834e-03	8.867558e-04	7.637043e-04
	6.464403e-04	5.368572e-04	4.368450e-04	3.479172e-04	2.709442e-04
	2.059707e-04	1.522332e-04	1.085194e-04	7.361195e-05	4.655061e-05
	2.658970e-05	1.304704e-05	5.080945e-06	1.401190e-06	2.417972e-07
	2.474151e-08	1.639882e-09	8.640828e-11	4.562757e-12	2.933329e-13
	2.666933e-14	3.668774e-15	7.217389e-16	1.871247e-16	6.101934e-17
	2.377916e-17	1.047279e-17	5.072339e-18	2.724423e-18	1.658244e-18
	1.144791e-18	8.702935e-19	6.988258e-19	5.715909e-19	4.642638e-19
	3.689495e-19	2.852136e-19	2.146072e-19	1.578342e-19	1.140730e-19
	8.143495e-20	5.766247e-20	4.062082e-20	2.852606e-20	1.999255e-20
	1.399111e-20	9.777881e-21	6.823565e-21	4.754443e-21	3.307336e-21
	2.296841e-21	1.592156e-21	1.100929e-21	7.580482e-22	5.178208e-22
	3.484325e-22	2.279605e-22	1.414557e-22	7.880862e-23	3.321384e-23
	1.000000e-60
massfraction-C3H3
	1.000000e-60	1.856204e-31	6.280758e-31	1.588306e-30	3.464532e-30
	6.737597e-30	1.192649e-29	1.804051e-29	2.744291e-29	3.788522e-29
	4.591928e-29	7.990909e-29	1.458440e-28	2.796770e-28	5.304735e-28
	1.151945e-27	2.833663e-27	7.462251e-27	2.081068e-26	6.037772e-26
	1.819973e-25	5.641752e-25	1.791089e-24	5.800345e-24	1.910318e-23
	6.383015e-23	2.159710e-22	7.388991e-22	2.553375e-21	8.899724e-21
	3.119235e-20	1.092997e-19	3.793749e-19	1.286917e-18	4.197629e-18
	1.297307e-17	3.765558e-17	1.026337e-16	2.655612e-16	6.667315e-16
	1.669453e-15	4.271778e-15	1.132654e-14	3.117671e-14	8.857484e-14
	2.595428e-13	7.880061e-13	2.492042e-12	8.219133e-12	2.816243e-11
	9.950270e-11	3.591231e-10	1.309231e-09	4.740783e-09	1.661079e-08
	5.450923e-08	1.622547e-07	4.273756e-07	9.825517e-07	1.974278e-06
	3.521421e-06	5.691091e-06	8.496730e-06	1.191033e-05	1.585984e-05
	2.021480e-05	2.477881e-05	2.930377e-05	3.352361e-05	3.719378e-05
	4.011041e-05	4.210429e-05	4.304700e-05	4.288170e-05	4.163510e-05
	3.939793e-05	3.631507e-05	3.258627e-05	2.844315e-05	2.411562e-05
	1.982024e-05	1.575854e-05	1.210113e-05	8.964905e-06	6.401308e-06
	4.397439e-06	2.891747e-06	1.801158e-06	1.043611e-06	5.474369e-07
	2.497345e-07	9.344235e-08	2.657208e-08	5.355593e-09	7.514184e-10
	7.545258e-11	5.606758e-12	3.293151e-13	1.687350e-14	8.005280e-16
	3.407341e-17	1.181568e-18	3.019293e-20	5.389296e-22	6.738845e-24
	5.993323e-26	3.769338e-28	1.658869e-30	5.253048e-33	1.301522e-35
	2.791226e-38	6.723443e-41	2.015380e-42	3.214474e-43	5.601141e-44
	9.606967e-45	2.728273e-45	1.389021e-45	1.000000e-60	1.000000e-60
	7.814778e-47	1.000000e-60	1.000000e-60	1.676652e-47	4.096039e-48
	1.000000e-60	1.000000e-60	1.000000e-60	1.796219e-49	1.000000e-60
	3.673800e-50	1.000000e-60	3.746723e-50	1.000000e-60	1.000000e-60
	1.000000e-60	1.000000e-60	1.000000e-60	1.000000e-60	1.505958e-54
	1.000000e-60
massfraction-C2H3
	1.000000e-60	5.871935e-19	1.566415e-18	2.922692e-18	4.711858e-18
	7.069523e-18	1.019782e-17	1.441175e-17	2.024816e-17	2.866713e-17
	4.143146e-17	6.185390e-17	9.633620e-17	1.576613e-16	2.722664e-16
	4.967670e-16	9.564515e-16	1.936961e-15	4.106738e-15	9.064916e-15
	2.070610e-14	4.864706e-14	1.168731e-13	2.856153e-13	7.067735e-13
	1.764245e-12	4.427152e-12	1.112110e-11	2.777860e-11	6.825848e-11
	1.625958e-10	3.693658e-10	7.880567e-10	1.559157e-09	2.835314e-09
	4.721064e-09	7.205079e-09	1.012370e-08	1.318256e-08	1.600237e-08
	1.811815e-08	1.895712e-08	1.799989e-08	1.530969e-08	1.186953e-08
	8.838751e-09	6.708310e-09	5.428752e-09	4.825096e-09	4.791705e-09
	5.342338e-09	6.633233e-09	9.030485e-09	1.326965e-08	2.070224e-08
	3.365105e-08	5.580038e-08	9.218906e-08	1.482253e-07	2.281295e-07
	3.342703e-07	4.671427e-07	6.256281e-07	8.072353e-07	1.007183e-06
	1.217133e-06	1.424869e-06	1.615769e-06	1.775602e-06	1.893239e-06
	1.961727e-06	1.977965e-06	1.942806e-06	1.861362e-06	1.741775e-06
	1.593285e-06	1.425536e-06	1.248279e-06	1.070236e-06	8.981773e-07
	7.371880e-07	5.911951e-07	4.629509e-07	3.537991e-07	2.636877e-07
	1.913263e-07	1.345384e-07	9.086315e-08	5.807132e-08	3.436334e-08
	1.823552e-08	8.281827e-09	3.019450e-09	8.230460e-10	1.610176e-10
	2.384901e-11	3.179233e-12	4.571086e-13	7.665091e-14	1.505949e-14
	3.398815e-15	8.677751e-16	2.493421e-16	7.775206e-17	2.374334e-17
	6.703286e-18	1.867308e-18	5.546219e-19	1.833402e-19	6.894621e-20
	2.941634e-20	1.388195e-20	7.017995e-21	3.701412e-21	2.001618e-21
	1.099757e-21	6.112464e-22	3.426390e-22	1.931441e-22	1.091536e-22
	6.165703e-23	3.470898e-23	1.941889e-23	1.077046e-23	5.908440e-24
	3.199171e-24	1.706519e-24	8.952596e-25	4.611623e-25	2.328818e-25
	1.150927e-25	5.554978e-26	2.610953e-26	1.189960e-26	5.222381e-27
	2.180899e-27	8.479265e-28	2.937614e-28	8.181980e-29	1.311470e-29
	1.000000e-60
massfraction-C2H4
	1.000000e-60	2.915382e-09	8.957047e-09	2.101229e-08	4.409440e-08
	8.649593e-08	1.611900e-07	2.872832e-07	4.912747e-07	8.077958e-07
	1.279578e-06	1.956545e-06	2.894142e-06	4.151137e-06	5.787233e-06
	7.860785e-06	1.042686e-05	1.353571e-05	1.723181e-05	2.155326e-05
	2.653158e-05	3.219191e-05	3.855329e-05	4.562935e-05	5.342918e-05
	6.195867e-05	7.122234e-05	8.122550e-05	9.197645e-05	1.034838e-04
	1.157449e-04	1.287370e-04	1.424104e-04	1.566756e-04	1.714089e-04
	1.864879e-04	2.018210e-04	2.173625e-04	2.331505e-04	2.493341e-04
	2.661093e-04	2.835656e-04	3.015472e-04	3.196603e-04	3.374497e-04
	3.545756e-04	3.708549e-04	3.861741e-04	4.004243e-04	4.134876e-04
	4.252453e-04	4.356917e-04	4.452561e-04	4.551997e-04	4.676332e-04
	4.846777e-04	5.069244e-04	5.323044e-04	5.565065e-04	5.749235e-04
	5.844446e-04	5.837461e-04	5.728154e-04	5.523589e-04	5.234669e-04
	4.875789e-04	4.464977e-04	4.022562e-04	3.568463e-04	3.119132e-04
	2.686286e-04	2.278630e-04	1.903800e-04	1.567567e-04	1.272103e-04
	1.016613e-04	7.993295e-05	6.180834e-05	4.697468e-05	3.503690e-05
	2.559519e-05	1.828417e-05	1.276245e-05	8.701819e-06	5.794244e-06
	3.762448e-06	2.371008e-06	1.435435e-06	8.211092e-07	4.332163e-07
	2.035300e-07	8.085285e-08	2.528123e-08	5.757044e-09	9.319128e-10
	1.210570e-10	1.585663e-11	2.371077e-12	4.093249e-13	8.126696e-14
	1.834230e-14	4.680197e-15	1.381194e-15	4.935598e-16	2.201489e-16
	1.202756e-16	7.602366e-17	5.256254e-17	3.836473e-17	2.900875e-17
	2.247677e-17	1.769741e-17	1.405320e-17	1.118165e-17	8.873165e-18
	7.005255e-18	5.497095e-18	4.285548e-18	3.317717e-18	2.549112e-18
	1.942567e-18	1.467272e-18	1.097766e-18	8.130379e-19	5.957670e-19
	4.317179e-19	3.092472e-19	2.188992e-19	1.530678e-19	1.057043e-19
	7.206202e-20	4.847054e-20	3.213576e-20	2.096528e-20	1.341813e-20
	8.378089e-21	5.049751e-21	2.875182e-21	1.469118e-21	5.696689e-22
	1.000000e-60
massfraction-C2H5
	1.000000e-60	6.540366e-14	2.059680e-13	4.965702e-13	1.072432e-12
	2.165886e-12	4.154251e-12	7.614235e-12	1.337557e-11	2.256273e-11
	3.661423e-11	5.727241e-11	8.654382e-11	1.266351e-10	1.798752e-10
	2.486337e-10	3.352458e-10	4.419503e-10	5.708447e-10	7.238587e-10
	9.027479e-10	1.109107e-09	1.344402e-09	1.610033e-09	1.907428e-09
	2.238183e-09	2.604267e-09	3.008303e-09	3.453932e-09	3.946074e-09
	4.490877e-09	5.095681e-09	5.768759e-09	6.517863e-09	7.348044e-09
	8.259112e-09	9.241157e-09	1.026777e-08	1.128856e-08	1.221520e-08
	1.289098e-08	1.306706e-08	1.249198e-08	1.123280e-08	9.903735e-09
	9.168835e-09	9.230285e-09	1.008716e-08	1.184596e-08	1.481241e-08
	1.956244e-08	2.705726e-08	3.880259e-08	5.703655e-08	8.486597e-08
	1.261600e-07	1.849457e-07	2.642177e-07	3.644028e-07	4.828268e-07
	6.149207e-07	7.551140e-07	8.972435e-07	1.034683e-06	1.159788e-06
	1.263907e-06	1.338577e-06	1.377486e-06	1.378032e-06	1.341524e-06
	1.272105e-06	1.175721e-06	1.059824e-06	9.326701e-07	8.018223e-07
	6.733105e-07	5.519693e-07	4.416104e-07	3.446116e-07	2.618734e-07
	1.933346e-07	1.383718e-07	9.586180e-08	6.421535e-08	4.155010e-08
	2.590664e-08	1.546692e-08	8.728925e-09	4.558064e-09	2.132821e-09
	8.523043e-10	2.703901e-10	6.134321e-11	8.865541e-12	8.016341e-13
	6.034567e-14	6.251910e-15	9.793786e-16	1.963167e-16	4.725622e-17
	1.340553e-17	4.438176e-18	1.695982e-18	7.050358e-19	2.827054e-19
	1.023066e-19	3.424993e-20	1.103123e-20	3.504300e-21	1.121228e-21
	3.754884e-22	1.366834e-22	5.444167e-23	2.329783e-23	1.048814e-23
	4.900304e-24	2.358601e-24	1.162889e-24	5.840217e-25	2.970597e-25
	1.521756e-25	7.809977e-26	3.996523e-26	2.030456e-26	1.020378e-26
	5.055669e-27	2.462879e-27	1.176882e-27	5.505331e-28	2.516815e-28
	1.122711e-28	4.879578e-29	2.062940e-29	8.467169e-30	3.365722e-30
	1.291740e-30	4.768560e-31	1.684132e-31	5.600195e-32	1.580637e-32
	1.000000e-60
massfraction-C3H4
	1.000000e-60	2.889633e-15	9.687015e-15	2.503446e-14	5.816188e-14
	1.264768e-13	2.609582e-13	5.134260e-13	9.653425e-13	1.737135e-12
	2.996562e-12	4.964508e-12	7.917022e-12	1.218302e-11	1.813806e-11
	2.619491e-11	3.679243e-11	5.038371e-11	6.742480e-11	8.836450e-11
	1.136359e-10	1.436495e-10	1.787887e-10	2.194072e-10	2.658289e-10
	3.183529e-10	3.772615e-10	4.428342e-10	5.153635e-10	5.951378e-10
	6.823589e-10	7.770642e-10	8.790579e-10	9.877895e-10	1.102370e-09
	1.221835e-09	1.345393e-09	1.472582e-09	1.603618e-09	1.739666e-09
	1.882344e-09	2.032391e-09	2.188380e-09	2.346652e-09	2.502810e-09
	2.653313e-09	2.795754e-09	2.927228e-09	3.040639e-09	3.117379e-09
	3.119796e-09	3.006544e-09	2.800678e-09	2.663571e-09	2.889193e-09
	3.930055e-09	6.646466e-09	1.280849e-08	2.565734e-08	5.015342e-08
	9.282692e-08	1.613351e-07	2.639260e-07	4.090502e-07	6.043512e-07
	8.546708e-07	1.159608e-06	1.511960e-06	1.898063e-06	2.300186e-06
	2.698943e-06	3.073398e-06	3.400963e-06	3.660523e-06	3.836396e-06
	3.918971e-06	3.904002e-06	3.793524e-06	3.596122e-06	3.325092e-06
	2.997002e-06	2.631472e-06	2.250093e-06	1.873876e-06	1.520537e-06
	1.202189e-06	9.244174e-07	6.877948e-07	4.905600e-07	3.307067e-07
	2.063968e-07	1.156698e-07	5.575825e-08	2.190810e-08	6.669399e-09
	1.550799e-09	2.918326e-10	4.992153e-11	8.730237e-12	1.672371e-12
	3.565491e-13	8.473804e-14	2.298060e-14	7.451861e-15	2.986931e-15
	1.452174e-15	8.080691e-16	4.878165e-16	3.099742e-16	2.045305e-16
	1.390317e-16	9.659120e-17	6.798884e-17	4.809616e-17	3.400081e-17
	2.395755e-17	1.681617e-17	1.175740e-17	8.186013e-18	5.672378e-18
	3.908795e-18	2.676127e-18	1.818618e-18	1.225568e-18	8.182906e-19
	5.408771e-19	3.536702e-19	2.286333e-19	1.460485e-19	9.214646e-20
	5.739879e-20	3.528219e-20	2.138532e-20	1.276493e-20	7.485135e-21
	4.291368e-21	2.382661e-21	1.255218e-21	5.968375e-22	2.168787e-22
	1.000000e-60
massfraction-C3H5
	1.000000e-60	1.559001e-15	5.292610e-15	1.387142e-14	3.270646e-14
	7.219206e-14	1.511622e-13	3.016840e-13	5.750490e-13	1.048377e-12
	1.830882e-12	3.068693e-12	4.947292e-12	7.691044e-12	1.155988e-11
	1.684356e-11	2.385439e-11	3.291914e-11	4.437097e-11	5.854198e-11
	7.575662e-11	9.632641e-11	1.205458e-10	1.486899e-10	1.810138e-10
	2.177549e-10	2.591391e-10	3.053895e-10	3.567374e-10	4.134099e-10
	4.755693e-10	5.432540e-10	6.163209e-10	6.943455e-10	7.766102e-10
	8.622598e-10	9.504311e-10	1.040297e-09	1.131211e-09	1.222697e-09
	1.313725e-09	1.401251e-09	1.478862e-09	1.536734e-09	1.563288e-09
	1.546449e-09	1.473964e-09	1.334176e-09	1.120233e-09	8.403132e-10
	5.328993e-10	2.684475e-10	1.059801e-10	3.929936e-11	2.101920e-11
	1.881728e-11	2.318693e-11	3.451447e-11	5.754421e-11	1.012016e-10
	1.800535e-10	3.162561e-10	5.417322e-10	9.006805e-10	1.450152e-09
	2.255693e-09	3.380430e-09	4.870313e-09	6.741926e-09	8.980218e-09
	1.154269e-08	1.435437e-08	1.729588e-08	2.021136e-08	2.293770e-08
	2.532132e-08	2.721713e-08	2.849964e-08	2.908477e-08	2.893657e-08
	2.806354e-08	2.652198e-08	2.441982e-08	2.190741e-08	1.915604e-08
	1.632832e-08	1.355042e-08	1.090526e-08	8.447064e-09	6.222751e-09
	4.281637e-09	2.677608e-09	1.463304e-09	6.649933e-10	2.402680e-10
	6.867672e-11	1.662313e-11	3.838505e-12	9.394348e-13	2.551229e-13
	7.647520e-14	2.499663e-14	9.068449e-15	3.842184e-15	1.987991e-15
	1.241809e-15	8.790373e-16	6.607535e-16	5.078140e-16	3.932910e-16
	3.057298e-16	2.379960e-16	1.848723e-16	1.426915e-16	1.090611e-16
	8.241624e-17	6.157118e-17	4.548515e-17	3.322893e-17	2.400141e-17
	1.713395e-17	1.208250e-17	8.411932e-18	5.778873e-18	3.915531e-18
	2.615553e-18	1.721976e-18	1.117092e-18	7.139940e-19	4.495901e-19
	2.788889e-19	1.704020e-19	1.025110e-19	6.065864e-20	3.523034e-20
	1.999494e-20	1.098764e-20	5.729829e-21	2.698206e-21	9.718461e-22
	1.000000e-60
massfraction-C3H6
	1.000000e-60	1.301896e-12	4.492217e-12	1.198911e-11	2.881191e-11
	6.483164e-11	1.383506e-10	2.812435e-10	5.456356e-10	1.011613e-09
	1.795005e-09	3.053992e-09	4.993376e-09	7.865696e-09	1.196900e-08
	1.764154e-08	2.525429e-08	3.520193e-08	4.789347e-08	6.374306e-08
	8.316154e-08	1.065491e-07	1.342892e-07	1.667439e-07	2.042512e-07
	2.471247e-07	2.956552e-07	3.501124e-07	4.107418e-07	4.777179e-07
	5.510155e-07	6.302471e-07	7.144675e-07	8.019210e-07	8.899543e-07
	9.752382e-07	1.054070e-06	1.122631e-06	1.177218e-06	1.214062e-06
	1.228632e-06	1.215498e-06	1.170126e-06	1.092235e-06	9.876119e-07
	8.652204e-07	7.334050e-07	5.984368e-07	4.648256e-07	3.365365e-07
	2.196699e-07	1.250605e-07	6.409188e-08	3.608257e-08	2.750475e-08
	2.719566e-08	3.143845e-08	3.997197e-08	5.334479e-08	7.197184e-08
	9.586417e-08	1.245444e-07	1.570185e-07	1.917702e-07	2.266053e-07
	2.586074e-07	2.844821e-07	3.012957e-07	3.072390e-07	3.019808e-07
	2.864676e-07	2.625539e-07	2.327671e-07	1.999436e-07	1.666474e-07
	1.348375e-07	1.059237e-07	8.082140e-08	5.990362e-08	4.308058e-08
	2.999992e-08	2.018999e-08	1.311476e-08	8.213992e-09	4.954310e-09
	2.869134e-09	1.583173e-09	8.198275e-10	3.886201e-10	1.625404e-10
	5.679701e-11	1.527921e-11	2.816864e-12	3.100161e-13	1.853310e-14
	6.360551e-16	1.570473e-17	3.690043e-19	1.025066e-20	3.745249e-22
	1.836763e-23	1.216296e-24	1.144083e-25	1.688925e-26	4.260987e-27
	1.806643e-27	1.105282e-27	8.013179e-28	6.118122e-28	4.725765e-28
	3.660505e-28	2.836100e-28	2.190750e-28	1.680251e-28	1.275298e-28
	9.564172e-29	7.086801e-29	5.189679e-29	3.756246e-29	2.686668e-29
	1.898228e-29	1.324147e-29	9.114676e-30	6.187795e-30	4.141121e-30
	2.730989e-30	1.774259e-30	1.135342e-30	7.154970e-31	4.440662e-31
	2.714197e-31	1.633616e-31	9.678967e-32	5.640238e-32	3.226184e-32
	1.803677e-32	9.768025e-33	5.023691e-33	2.335510e-33	8.315899e-34
	1.000000e-60
massfraction-N-C3H7
	1.000000e-60	8.140485e-18	2.812753e-17	7.518379e-17	1.809714e-16
	4.078805e-16	8.718167e-16	1.775025e-15	3.448858e-15	6.403350e-15
	1.137748e-14	1.938221e-14	3.172866e-14	5.003627e-14	7.621936e-14
	1.124541e-13	1.611306e-13	2.247959e-13	3.060936e-13	4.077047e-13
	5.322926e-13	6.824554e-13	8.606835e-13	1.069323e-12	1.310543e-12
	1.586285e-12	1.898166e-12	2.247204e-12	2.633102e-12	3.052241e-12
	3.492867e-12	3.925454e-12	4.285803e-12	4.455590e-12	4.274189e-12
	3.649238e-12	2.738747e-12	1.884895e-12	1.257681e-12	8.275328e-13
	5.366949e-13	3.439751e-13	2.196684e-13	1.414095e-13	9.290837e-14
	6.285971e-14	4.386614e-14	3.140870e-14	2.279351e-14	1.639667e-14
	1.129602e-14	7.199314e-15	4.368729e-15	3.065790e-15	3.045555e-15
	4.064648e-15	6.490441e-15	1.150481e-14	2.130811e-14	3.930999e-14
	7.025427e-14	1.201945e-13	1.962779e-13	3.062835e-13	4.570519e-13
	6.513804e-13	8.842353e-13	1.140614e-12	1.397127e-12	1.627149e-12
	1.806260e-12	1.915561e-12	1.944467e-12	1.893292e-12	1.772296e-12
	1.597670e-12	1.388475e-12	1.164451e-12	9.430206e-13	7.371510e-13
	5.554197e-13	4.027623e-13	2.807565e-13	1.879534e-13	1.207007e-13
	7.415258e-14	4.327450e-14	2.365052e-14	1.182033e-14	5.213243e-15
	1.923320e-15	5.475504e-16	1.071776e-16	1.256756e-17	8.022304e-19
	2.937599e-20	7.715132e-22	1.928076e-23	5.743994e-25	2.290531e-26
	1.259591e-27	9.722135e-29	1.121011e-29	2.136473e-30	7.324692e-31
	4.469609e-31	3.990001e-31	4.323285e-31	5.164532e-31	6.568688e-31
	7.262336e-31	6.573636e-31	5.389909e-31	4.225770e-31	3.231128e-31
	2.427192e-31	1.797320e-31	1.314143e-31	9.493793e-32	6.777098e-32
	4.778880e-32	3.327225e-32	2.286020e-32	1.549136e-32	1.034911e-32
	6.813130e-33	4.418643e-33	2.822553e-33	1.775662e-33	1.100091e-33
	6.711819e-34	4.032343e-34	2.384723e-34	1.387090e-34	7.919499e-35
	4.419578e-35	2.389274e-35	1.226754e-35	5.694366e-36	2.024755e-36
	1.000000e-60
massfraction-I-C3H7
	1.000000e-60	9.999998e-61	1.000019e-60	1.000053e-60	1.000108e-60
	1.000191e-60	1.000307e-60	1.000454e-60	1.000615e-60	1.000747e-60
	1.000775e-60	1.000577e-60	9.999801e-61	9.987582e-61	9.966313e-61
	9.932734e-61	9.883213e-61	9.813869e-61	9.720703e-61	9.599739e-61
	9.447152e-61	9.259395e-61	9.033311e-61	8.766233e-61	8.456056e-61
	8.101280e-61	7.701020e-61	7.254969e-61	6.763344e-61	6.227046e-61
	5.648229e-61	5.030736e-61	4.380357e-61	3.705354e-61	3.016406e-61
	2.326456e-61	1.654033e-61	1.031909e-61	5.156747e-62	1.740190e-62
	2.993240e-63	1.963365e-64	4.370247e-66	9.081019e-68	3.561697e-68
	2.237620e-68	1.492905e-68	1.053456e-68	7.836215e-69	6.118377e-69
	4.989501e-69	4.226633e-69	3.695036e-69	3.307139e-69	3.002673e-69
	2.739899e-69	2.492474e-69	2.248140e-69	2.006591e-69	1.773705e-69
	1.555038e-69	1.353829e-69	1.170886e-69	1.005094e-69	8.548557e-70
	7.190258e-70	5.971612e-70	4.892568e-70	3.952906e-70	3.148141e-70
	2.469153e-70	1.905454e-70	1.446984e-70	1.082419e-70	7.980186e-71
	5.795002e-71	4.142472e-71	2.915358e-71	2.018365e-71	1.374368e-71
	9.183287e-72	6.013387e-72	3.857215e-72	2.423456e-72	1.490959e-72
	8.963618e-73	5.233457e-73	2.930353e-73	1.541162e-73	7.370901e-74
	3.028479e-74	9.305714e-75	7.608905e-76	1.000000e-60	1.000000e-60
	1.000000e-60	1.000000e-60	1.195849e-75	9.413732e-74	1.000000e-60
	6.341469e-71	1.391445e-69	2.777705e-68	4.834628e-67	6.749739e-66
	6.970769e-65	4.432070e-64	1.196879e-63	1.638731e-63	1.795760e-63
	1.867035e-63	1.918287e-63	1.967848e-63	2.022162e-63	2.082992e-63
	2.148160e-63	2.211599e-63	2.264346e-63	2.296670e-63	2.301046e-63
	2.275455e-63	2.226441e-63	2.171796e-63	2.143330e-63	2.190750e-63
	2.388192e-63	2.845455e-63	3.726751e-63	5.280978e-63	7.889464e-63
	1.214015e-62	1.894182e-62	2.969900e-62	4.657823e-62	7.291202e-62
	1.138088e-61	1.770706e-61	2.745654e-61	4.242400e-61	6.528500e-61
	1.000000e-60
massfraction-C3H8
	1.000000e-60	1.000001e-60	1.000024e-60	1.000064e-60	1.000134e-60
	1.000247e-60	1.000423e-60	1.000680e-60	1.001039e-60	1.001511e-60
	1.002098e-60	1.002782e-60	1.003522e-60	1.004248e-60	1.004866e-60
	1.005249e-60	1.005251e-60	1.004702e-60	1.003420e-60	1.001211e-60
	9.978789e-61	9.932257e-61	9.870596e-61	9.791960e-61	9.694608e-61
	9.576907e-61	9.437326e-61	9.274409e-61	9.086734e-61	8.872957e-61
	8.632052e-61	8.363577e-61	8.067930e-61	7.746773e-61	7.403041e-61
	7.040166e-61	6.661262e-61	6.268572e-61	5.862340e-61	5.439949e-61
	4.997552e-61	4.534358e-61	4.056712e-61	3.577830e-61	3.112789e-61
	2.673088e-61	2.265116e-61	1.892114e-61	1.555581e-61	1.255667e-61
	9.919699e-62	7.643123e-62	5.725290e-62	4.157834e-62	2.922069e-62
	1.988287e-62	1.315610e-62	8.539112e-63	5.503127e-63	3.561471e-63
	2.327976e-63	1.538735e-63	1.026684e-63	6.889416e-64	4.632203e-64
	3.113225e-64	2.089835e-64	1.401564e-64	9.394943e-65	6.290567e-65
	4.198479e-65	2.786955e-65	1.838741e-65	1.206381e-65	7.867422e-66
	5.090135e-66	3.261636e-66	2.068727e-66	1.297789e-66	8.035912e-67
	4.898620e-67	2.934889e-67	1.727389e-67	9.989070e-68	5.675173e-68
	3.161930e-68	1.716796e-68	8.969700e-69	4.420179e-69	1.997409e-69
	7.949518e-70	2.626338e-70	6.622763e-71	1.149561e-71	1.263833e-72
	1.591318e-73	1.248756e-72	2.723884e-71	6.281961e-70	1.311473e-68
	2.329768e-67	3.494364e-66	4.344684e-65	4.192610e-64	2.851677e-63
	1.282327e-62	3.882796e-62	8.596082e-62	1.521693e-61	2.305907e-61
	3.137882e-61	3.965117e-61	4.760093e-61	5.509693e-61	6.204487e-61
	6.834782e-61	7.393022e-61	7.876625e-61	8.287796e-61	8.631935e-61
	8.916153e-61	9.148156e-61	9.335557e-61	9.485487e-61	9.604383e-61
	9.697905e-61	9.770918e-61	9.827529e-61	9.871144e-61	9.904545e-61
	9.929978e-61	9.949231e-61	9.963717e-61	9.974538e-61	9.982556e-61
	9.988433e-61	9.992682e-61	9.995697e-61	9.997777e-61	9.999153e-61
	1.000000e-60
V [kg/(s*m^2)]
	1.158557e-01	1.111724e-01	1.065238e-01	1.019537e-01	9.749931e-02
	9.318340e-02	8.902196e-02	8.502817e-02	8.121142e-02	7.757663e-02
	7.412409e-02	7.084980e-02	6.774617e-02	6.480290e-02	6.200788e-02
	5.934797e-02	5.680963e-02	5.437945e-02	5.204441e-02	4.979209e-02
	4.761075e-02	4.548938e-02	4.341757e-02	4.138553e-02	3.938382e-02
	3.740322e-02	3.543440e-02	3.346767e-02	3.149263e-02	2.949878e-02
	2.747713e-02	2.542110e-02	2.332699e-02	2.119555e-02	1.903099e-02
	1.683631e-02	1.460964e-02	1.234249e-02	1.001385e-02	7.584657e-03
	5.004442e-03	2.232492e-03	-7.385160e-04	-3.876384e-03	-7.127791e-03
	-1.044641e-02	-1.380505e-02	-1.718628e-02	-2.057506e-02	-2.395879e-02
	-2.732190e-02	-3.063591e-02	-3.385743e-02	-3.693472e-02	-3.981391e-02
	-4.244284e-02	-4.477746e-02	-4.679209e-02	-4.848505e-02	-4.988332e-02
	-5.103629e-02	-5.199569e-02	-5.280618e-02	-5.350389e-02	-5.411528e-02
	-5.465837e-02	-5.514527e-02	-5.558468e-02	-5.598373e-02	-5.634932e-02
	-5.668823e-02	-5.700600e-02	-5.730598e-02	-5.759015e-02	-5.786084e-02
	-5.812090e-02	-5.837259e-02	-5.861719e-02	-5.885594e-02	-5.909056e-02
	-5.932281e-02	-5.955385e-02	-5.978419e-02	-6.001405e-02	-6.024373e-02
	-6.047421e-02	-6.070807e-02	-6.095013e-02	-6.120753e-02	-6.148989e-02
	-6.181073e-02	-6.219022e-02	-6.265921e-02	-6.326418e-02	-6.406918e-02
	-6.514240e-02	-6.650937e-02	-6.810840e-02	-6.982131e-02	-7.156616e-02
	-7.334487e-02	-7.520897e-02	-7.720643e-02	-7.934462e-02	-8.158652e-02
	-8.388392e-02	-8.620733e-02	-8.854452e-02	-9.088023e-02	-9.318937e-02
	-9.545424e-02	-9.768094e-02	-9.989750e-02	-1.021396e-01	-1.044343e-01
	-1.067919e-01	-1.092102e-01	-1.116844e-01	-1.142114e-01	-1.167908e-01
	-1.194239e-01	-1.221129e-01	-1.248602e-01	-1.276681e-01	-1.305383e-01
	-1.334716e-01	-1.364683e-01	-1.395272e-01	-1.426466e-01	-1.458237e-01
	-1.490549e-01	-1.523360e-01	-1.556623e-01	-1.590289e-01	-1.624307e-01
	-1.658629e-01	-1.693209e-01	-1.728004e-01	-1.762967e-01	-1.798020e-01
	-1.833080e-01
density [kg/m^3]
	6.431859e-01	6.430802e-01	6.429140e-01	6.426530e-01	6.422471e-01
	6.416261e-01	6.406967e-01	6.393430e-01	6.374306e-01	6.348144e-01
	6.313505e-01	6.269091e-01	6.213868e-01	6.147169e-01	6.068743e-01
	5.978768e-01	5.877816e-01	5.766790e-01	5.646844e-01	5.519289e-01
	5.385513e-01	5.246904e-01	5.104796e-01	4.960421e-01	4.814876e-01
	4.669105e-01	4.523880e-01	4.379797e-01	4.237280e-01	4.096651e-01
	3.958267e-01	3.822584e-01	3.690158e-01	3.561703e-01	3.437965e-01
	3.319424e-01	3.206146e-01	3.097792e-01	2.993471e-01	2.891700e-01
	2.790877e-01	2.690113e-01	2.589781e-01	2.491320e-01	2.396514e-01
	2.306638e-01	2.222139e-01	2.143072e-01	2.069366e-01	2.000867e-01
	1.937466e-01	1.879253e-01	1.826482e-01	1.779403e-01	1.738169e-01
	1.702801e-01	1.673154e-01	1.648862e-01	1.629350e-01	1.613844e-01
	1.601473e-01	1.591469e-01	1.583236e-01	1.576324e-01	1.570421e-01
	1.565323e-01	1.560899e-01	1.557058e-01	1.553731e-01	1.550860e-01
	1.548390e-01	1.546290e-01	1.544546e-01	1.543160e-01	1.542132e-01
	1.541467e-01	1.541176e-01	1.541279e-01	1.541794e-01	1.542744e-01
	1.544158e-01	1.546064e-01	1.548479e-01	1.551411e-01	1.554856e-01
	1.558810e-01	1.563298e-01	1.568399e-01	1.574272e-01	1.581164e-01
	1.589459e-01	1.599769e-01	1.613079e-01	1.630974e-01	1.655916e-01
	1.691312e-01	1.740651e-01	1.805826e-01	1.886450e-01	1.982080e-01
	2.095599e-01	2.233999e-01	2.406470e-01	2.620666e-01	2.879153e-01
	3.179817e-01	3.519255e-01	3.894592e-01	4.301254e-01	4.730834e-01
	5.174229e-01	5.626073e-01	6.085549e-01	6.553611e-01	7.029054e-01
	7.506342e-01	7.976824e-01	8.431440e-01	8.862260e-01	9.262986e-01
	9.629101e-01	9.957808e-01	1.024791e+00	1.049965e+00	1.071449e+00
	1.089485e+00	1.104385e+00	1.116503e+00	1.126208e+00	1.133868e+00
	1.139828e+00	1.144402e+00	1.147869e+00	1.150463e+00	1.152383e+00
	1.153788e+00	1.154806e+00	1.155537e+00	1.156057e+00	1.156423e+00
	1.156679e+00
cp [J/m^3K]
	2.197908e+03	2.198124e+03	2.198446e+03	2.198930e+03	2.199655e+03
	2.200732e+03	2.202306e+03	2.204559e+03	2.207700e+03	2.211956e+03
	2.217555e+03	2.224704e+03	2.233574e+03	2.244280e+03	2.256877e+03
	2.271351e+03	2.287625e+03	2.305561e+03	2.324977e+03	2.345650e+03
	2.367334e+03	2.389768e+03	2.412689e+03	2.435838e+03	2.458970e+03
	2.481859e+03	2.504303e+03	2.526125e+03	2.547172e+03	2.567301e+03
	2.586353e+03	2.604141e+03	2.620440e+03	2.634974e+03	2.647424e+03
	2.657442e+03	2.664633e+03	2.668501e+03	2.668353e+03	2.663098e+03
	2.650936e+03	2.629110e+03	2.594002e+03	2.543590e+03	2.485464e+03
	2.422030e+03	2.354597e+03	2.284392e+03	2.212610e+03	2.140360e+03
	2.068730e+03	1.998973e+03	1.932491e+03	1.870637e+03	1.814554e+03
	1.765091e+03	1.722731e+03	1.687477e+03	1.658865e+03	1.635988e+03
	1.617678e+03	1.602855e+03	1.590652e+03	1.580402e+03	1.571638e+03
	1.564042e+03	1.557403e+03	1.551567e+03	1.546408e+03	1.541811e+03
	1.537668e+03	1.533892e+03	1.530429e+03	1.527240e+03	1.524286e+03
	1.521524e+03	1.518921e+03	1.516455e+03	1.514106e+03	1.511849e+03
	1.509663e+03	1.507529e+03	1.505438e+03	1.503382e+03	1.501350e+03
	1.499327e+03	1.497283e+03	1.495170e+03	1.492917e+03	1.490430e+03
	1.487575e+03	1.484147e+03	1.479825e+03	1.474103e+03	1.466247e+03
	1.455384e+03	1.440970e+03	1.423341e+03	1.403583e+03	1.382596e+03
	1.360421e+03	1.336515e+03	1.310428e+03	1.282394e+03	1.253442e+03
	1.224848e+03	1.197116e+03	1.167684e+03	1.139867e+03	1.116033e+03
	1.096628e+03	1.081091e+03	1.068580e+03	1.058359e+03	1.049907e+03
	1.042877e+03	1.037024e+03	1.032148e+03	1.028081e+03	1.024686e+03
	1.021854e+03	1.019496e+03	1.017539e+03	1.015922e+03	1.014595e+03
	1.013514e+03	1.012641e+03	1.011942e+03	1.011388e+03	1.010953e+03
	1.010615e+03	1.010355e+03	1.010157e+03	1.010007e+03	1.009895e+03
	1.009812e+03	1.009751e+03	1.009707e+03	1.009674e+03	1.009650e+03
	1.009633e+03
lambda [W/m]
	3.231541e-02	3.232542e-02	3.234027e-02	3.236246e-02	3.239556e-02
	3.244461e-02	3.251630e-02	3.261909e-02	3.276303e-02	3.295939e-02
	3.322015e-02	3.355731e-02	3.398229e-02	3.450542e-02	3.513562e-02
	3.588024e-02	3.674508e-02	3.773450e-02	3.885168e-02	4.009883e-02
	4.147751e-02	4.298888e-02	4.463401e-02	4.641413e-02	4.833092e-02
	5.038694e-02	5.258604e-02	5.493389e-02	5.743853e-02	6.010976e-02
	6.295657e-02	6.598493e-02	6.919583e-02	7.258129e-02	7.612404e-02
	7.980415e-02	8.360460e-02	8.751394e-02	9.153462e-02	9.568767e-02
	9.998996e-02	1.044002e-01	1.087632e-01	1.128704e-01	1.168054e-01
	1.205009e-01	1.238948e-01	1.269514e-01	1.296517e-01	1.319913e-01
	1.339753e-01	1.356138e-01	1.369238e-01	1.379340e-01	1.386835e-01
	1.392175e-01	1.395826e-01	1.398228e-01	1.399752e-01	1.400690e-01
	1.401250e-01	1.401564e-01	1.401712e-01	1.401742e-01	1.401679e-01
	1.401536e-01	1.401319e-01	1.401030e-01	1.400667e-01	1.400223e-01
	1.399687e-01	1.399047e-01	1.398285e-01	1.397389e-01	1.396341e-01
	1.395121e-01	1.393706e-01	1.392074e-01	1.390205e-01	1.388074e-01
	1.385651e-01	1.382911e-01	1.379842e-01	1.376438e-01	1.372703e-01
	1.368636e-01	1.364207e-01	1.359338e-01	1.353885e-01	1.347635e-01
	1.340267e-01	1.331284e-01	1.319905e-01	1.304930e-01	1.284629e-01
	1.256971e-01	1.220707e-01	1.176703e-01	1.127671e-01	1.075930e-01
	1.021759e-01	9.641154e-02	9.023166e-02	8.373971e-02	7.721378e-02
	7.095502e-02	6.513663e-02	5.972031e-02	5.486787e-02	5.066422e-02
	4.708258e-02	4.402865e-02	4.139107e-02	3.907759e-02	3.702941e-02
	3.521674e-02	3.362333e-02	3.223432e-02	3.103316e-02	3.000230e-02
	2.912424e-02	2.838212e-02	2.776007e-02	2.724328e-02	2.681798e-02
	2.647147e-02	2.619211e-02	2.596932e-02	2.579363e-02	2.565662e-02
	2.555099e-02	2.547046e-02	2.540973e-02	2.536441e-02	2.533093e-02
	2.530644e-02	2.528868e-02	2.527591e-02	2.526680e-02	2.526035e-02
	2.525581e-02
mu [kg/s^2m]
	1.146011e-05	1.146132e-05	1.146348e-05	1.146722e-05	1.147346e-05
	1.148355e-05	1.149927e-05	1.152290e-05	1.155717e-05	1.160515e-05
	1.167008e-05	1.175523e-05	1.186368e-05	1.199824e-05	1.216129e-05
	1.235481e-05	1.258035e-05	1.283911e-05	1.313197e-05	1.345962e-05
	1.382264e-05	1.422156e-05	1.465696e-05	1.512953e-05	1.564020e-05
	1.619018e-05	1.678112e-05	1.741528e-05	1.809566e-05	1.882586e-05
	1.960950e-05	2.044959e-05	2.134810e-05	2.230493e-05	2.331796e-05
	2.438505e-05	2.550610e-05	2.668440e-05	2.793038e-05	2.926552e-05
	3.071981e-05	3.232022e-05	3.407623e-05	3.597379e-05	3.798161e-05
	4.006736e-05	4.220776e-05	4.438427e-05	4.657897e-05	4.877497e-05
	5.095320e-05	5.308640e-05	5.513875e-05	5.707142e-05	5.884795e-05
	6.043750e-05	6.181873e-05	6.298471e-05	6.394400e-05	6.472090e-05
	6.535004e-05	6.586484e-05	6.629273e-05	6.665511e-05	6.696722e-05
	6.723921e-05	6.747776e-05	6.768759e-05	6.787239e-05	6.803557e-05
	6.818023e-05	6.830864e-05	6.842193e-05	6.852062e-05	6.860527e-05
	6.867645e-05	6.873436e-05	6.877883e-05	6.880966e-05	6.882661e-05
	6.882932e-05	6.881733e-05	6.879030e-05	6.874820e-05	6.869131e-05
	6.862001e-05	6.853417e-05	6.843247e-05	6.831183e-05	6.816708e-05
	6.798994e-05	6.776709e-05	6.747690e-05	6.708463e-05	6.653675e-05
	6.576141e-05	6.469293e-05	6.331645e-05	6.168267e-05	5.985223e-05
	5.782902e-05	5.556680e-05	5.302644e-05	5.023772e-05	4.731506e-05
	4.440014e-05	4.159783e-05	3.896460e-05	3.653597e-05	3.434062e-05
	3.238545e-05	3.064946e-05	2.909674e-05	2.769398e-05	2.642106e-05
	2.527124e-05	2.424348e-05	2.333535e-05	2.254143e-05	2.185412e-05
	2.126460e-05	2.076360e-05	2.034185e-05	1.999029e-05	1.970025e-05
	1.946350e-05	1.927240e-05	1.911989e-05	1.899959e-05	1.890580e-05
	1.883353e-05	1.877848e-05	1.873703e-05	1.870616e-05	1.868341e-05
	1.866682e-05	1.865483e-05	1.864625e-05	1.864017e-05	1.863590e-05
	1.863292e-05
mDot_CH4 [kg/m^3s]
	0.000000e+00	3.309401e-16	4.762101e-15	1.960379e-14	5.794335e-14
	1.452855e-13	3.289593e-13	6.935965e-13	1.387304e-12	2.667503e-12
	4.983796e-12	9.130677e-12	1.653210e-11	2.977484e-11	5.361331e-11
	9.686857e-11	1.760259e-10	3.220520e-10	5.932926e-10	1.099794e-09
	2.048933e-09	3.830480e-09	7.173959e-09	1.343735e-08	2.513211e-08
	4.686944e-08	8.705086e-08	1.608562e-07	2.954451e-07	5.386546e-07
	9.722519e-07	1.729087e-06	3.007385e-06	5.061205e-06	8.135250e-06
	1.233144e-05	1.744861e-05	2.289741e-05	2.777566e-05	3.098413e-05
	3.107914e-05	2.570088e-05	1.109913e-05	-1.694325e-05	-6.257874e-05
	-1.350924e-04	-2.568088e-04	-4.718761e-04	-8.705824e-04	-1.646862e-03
	-3.211610e-03	-6.399472e-03	-1.283119e-02	-2.552417e-02	-4.985176e-02
	-9.490574e-02	-1.750051e-01	-3.104521e-01	-5.264869e-01	-8.518870e-01
	-1.320388e+00	-1.972379e+00	-2.851866e+00	-3.995649e+00	-5.413383e+00
	-7.066406e+00	-8.859458e+00	-1.065580e+01	-1.231049e+01	-1.370420e+01
	-1.475871e+01	-1.543329e+01	-1.571956e+01	-1.564083e+01	-1.524376e+01
	-1.458378e+01	-1.371767e+01	-1.270209e+01	-1.158867e+01	-1.041923e+01
	-9.227611e+00	-8.044292e+00	-6.897805e+00	-5.813264e+00	-4.810728e+00
	-3.902900e+00	-3.093568e+00	-2.380009e+00	-1.757976e+00	-1.226173e+00
	-7.871390e-01	-4.464163e-01	-2.095425e-01	-7.386822e-02	-1.744534e-02
	-2.589381e-03	-2.579719e-04	-2.075382e-05	-1.661364e-06	-1.517504e-07
	-1.650883e-08	-2.140359e-09	-3.345033e-10	-6.492986e-11	-1.568534e-11
	-4.436028e-12	-1.377443e-12	-4.619503e-13	-1.689348e-13	-6.771309e-14
	-2.952848e-14	-1.378847e-14	-6.765574e-15	-3.430106e-15	-1.777128e-15
	-9.366173e-16	-5.018335e-16	-2.733714e-16	-1.513468e-16	-8.507547e-17
	-4.848595e-17	-2.796518e-17	-1.628875e-17	-9.558462e-18	-5.636165e-18
	-3.330150e-18	-1.965912e-18	-1.156071e-18	-6.751392e-19	-3.903098e-19
	-2.226134e-19	-1.247777e-19	-6.840836e-20	-3.645303e-20	-1.870959e-20
	-9.118593e-21	-4.118899e-21	-1.646140e-21	-5.237530e-22	-9.459360e-23
	0.000000e+00
ScalarDissRate [1/s]
	3.081775e-06	6.131466e-06	1.969021e-05	5.993362e-05	1.719110e-04
	4.635543e-04	1.173807e-03	2.790177e-03	6.229339e-03	1.308199e-02
	2.590321e-02	4.850842e-02	8.622331e-02	1.460381e-01	2.366342e-01
	3.682736e-01	5.525626e-01	8.021149e-01	1.130142e+00	1.550000e+00
	2.074705e+00	2.716443e+00	3.486074e+00	4.392651e+00	5.442970e+00
	6.641172e+00	7.988439e+00	9.482722e+00	1.111846e+01	1.288549e+01
	1.476646e+01	1.673479e+01	1.875332e+01	2.077324e+01	2.273691e+01
	2.458560e+01	2.626509e+01	2.772746e+01	2.893188e+01	2.983859e+01
	3.039455e+01	3.052566e+01	3.015683e+01	2.926470e+01	2.788737e+01
	2.611853e+01	2.406531e+01	2.183588e+01	1.953186e+01	1.724068e+01
	1.503488e+01	1.297614e+01	1.111396e+01	9.480383e+00	8.088512e+00
	6.935246e+00	6.004774e+00	5.271371e+00	4.703699e+00	4.267550e+00
	3.929720e+00	3.663355e+00	3.448611e+00	3.271177e+00	3.121274e+00
	2.992425e+00	2.880311e+00	2.781856e+00	2.694650e+00	2.616578e+00
	2.545730e+00	2.480609e+00	2.420271e+00	2.364101e+00	2.311465e+00
	2.261672e+00	2.214181e+00	2.168664e+00	2.124824e+00	2.082291e+00
	2.040708e+00	1.999846e+00	1.959604e+00	1.919934e+00	1.880786e+00
	1.842001e+00	1.803167e+00	1.763542e+00	1.722060e+00	1.677355e+00
	1.627607e+00	1.570243e+00	1.501591e+00	1.416694e+00	1.309942e+00
	1.178025e+00	1.025790e+00	8.680440e-01	7.210816e-01	5.926565e-01
	4.817934e-01	3.850548e-01	3.006562e-01	2.289617e-01	1.707680e-01
	1.255393e-01	9.136784e-02	6.601851e-02	4.748583e-02	3.415245e-02
	2.464411e-02	1.783937e-02	1.290917e-02	9.292580e-03	6.627620e-03
	4.675096e-03	3.261345e-03	2.250536e-03	1.536144e-03	1.036679e-03
	6.911908e-04	4.548761e-04	2.951897e-04	1.887113e-04	1.187376e-04
	7.347238e-05	4.468042e-05	2.669006e-05	1.565589e-05	9.016442e-06
	5.098348e-06	2.830970e-06	1.544136e-06	8.276741e-07	4.361826e-07
	2.261231e-07	1.153795e-07	5.797703e-08	2.870708e-08	1.402436e-08
	9.454930e-09
ZBilger
	1.000000e+00	9.999774e-01	9.999318e-01	9.998466e-01	9.996967e-01
	9.994460e-01	9.990454e-01	9.984316e-01	9.975281e-01	9.962472e-01
	9.944938e-01	9.921707e-01	9.891825e-01	9.854406e-01	9.808656e-01
	9.753895e-01	9.689561e-01	9.615211e-01	9.530507e-01	9.435211e-01
	9.329162e-01	9.212269e-01	9.084490e-01	8.945823e-01	8.796281e-01
	8.635877e-01	8.464587e-01	8.282323e-01	8.088897e-01	7.884072e-01
	7.667773e-01	7.440231e-01	7.202098e-01	6.954672e-01	6.699798e-01
	6.439277e-01	6.174376e-01	5.905577e-01	5.631914e-01	5.350483e-01
	5.057493e-01	4.750917e-01	4.433025e-01	4.110352e-01	3.790948e-01
	3.481084e-01	3.184255e-01	2.902391e-01	2.636695e-01	2.387758e-01
	2.156034e-01	1.942462e-01	1.748377e-01	1.574967e-01	1.422944e-01
	1.292482e-01	1.183118e-01	1.093537e-01	1.021630e-01	9.645285e-02
	9.189835e-02	8.821370e-02	8.517535e-02	8.261469e-02	8.041348e-02
	7.849273e-02	7.679977e-02	7.529703e-02	7.395436e-02	7.274411e-02
	7.164031e-02	7.062226e-02	6.967726e-02	6.879723e-02	6.797345e-02
	6.719600e-02	6.645721e-02	6.575254e-02	6.507778e-02	6.442747e-02
	6.379620e-02	6.318037e-02	6.257802e-02	6.198768e-02	6.140751e-02
	6.083379e-02	6.025878e-02	5.966951e-02	5.904758e-02	5.836874e-02
	5.759942e-02	5.668983e-02	5.556409e-02	5.410915e-02	5.217323e-02
	4.960737e-02	4.638861e-02	4.272050e-02	3.893320e-02	3.525149e-02
	3.170436e-02	2.823055e-02	2.480238e-02	2.148154e-02	1.838707e-02
	1.561067e-02	1.317774e-02	1.107231e-02	9.271970e-03	7.754757e-03
	6.488654e-03	5.430624e-03	4.536883e-03	3.772502e-03	3.114862e-03
	2.551036e-03	2.072176e-03	1.669653e-03	1.334440e-03	1.057631e-03
	8.308788e-04	6.466464e-04	4.982573e-04	3.798595e-04	2.863564e-04
	2.133312e-04	1.569783e-04	1.140425e-04	8.176570e-05	5.783850e-05
	4.035356e-05	2.776041e-05	1.882033e-05	1.256188e-05	8.237860e-06
	5.284879e-06	3.286652e-06	1.941788e-06	1.036640e-06	4.231264e-07
	0.000000e+00
ScalarDissRateBilger [1/s]
	1.974279e-06	4.559043e-06	1.731295e-05	5.864317e-05	1.806637e-04
	5.121011e-04	1.344957e-03	3.287309e-03	7.502876e-03	1.604171e-02
	3.223709e-02	6.110895e-02	1.096896e-01	1.871833e-01	3.048960e-01
	4.759078e-01	7.145109e-01	1.035466e+00	1.453152e+00	1.980694e+00
	2.629128e+00	3.406670e+00	4.318118e+00	5.364425e+00	6.542446e+00
	7.844894e+00	9.260477e+00	1.077415e+01	1.236742e+01	1.401783e+01
	1.569751e+01	1.737253e+01	1.900345e+01	2.054616e+01	2.195592e+01
	2.319387e+01	2.423025e+01	2.504414e+01	2.562164e+01	2.594994e+01
	2.600850e+01	2.576733e+01	2.520625e+01	2.433360e+01	2.317801e+01
	2.180082e+01	2.026722e+01	1.863822e+01	1.696859e+01	1.530442e+01
	1.368463e+01	1.214515e+01	1.071885e+01	9.431536e+00	8.299653e+00
	7.330433e+00	6.522374e+00	5.865212e+00	5.341690e+00	4.928818e+00
	4.601132e+00	4.336337e+00	4.116895e+00	3.929394e+00	3.764184e+00
	3.614658e+00	3.476480e+00	3.346870e+00	3.224012e+00	3.106481e+00
	2.992950e+00	2.882422e+00	2.774543e+00	2.669344e+00	2.566663e+00
	2.466076e+00	2.367385e+00	2.270848e+00	2.176899e+00	2.085956e+00
	1.998635e+00	1.915985e+00	1.839388e+00	1.770238e+00	1.709649e+00
	1.658182e+00	1.615734e+00	1.581738e+00	1.555473e+00	1.536204e+00
	1.522963e+00	1.514005e+00	1.505792e+00	1.491495e+00	1.460274e+00
	1.400461e+00	1.307735e+00	1.189639e+00	1.059218e+00	9.260835e-01
	7.936413e-01	6.625089e-01	5.348620e-01	4.162940e-01	3.137010e-01
	2.309850e-01	1.675637e-01	1.203879e-01	8.590775e-02	6.111623e-02
	4.348377e-02	3.094056e-02	2.194134e-02	1.542961e-02	1.071504e-02
	7.334391e-03	4.947989e-03	3.290840e-03	2.157561e-03	1.393709e-03
	8.862238e-04	5.540950e-04	3.402107e-04	2.048654e-04	1.208342e-04
	6.972433e-05	3.931631e-05	2.164407e-05	1.162374e-05	6.086287e-06
	3.106230e-06	1.545302e-06	7.497468e-07	3.551745e-07	1.646317e-07
	7.493239e-08	3.368001e-08	1.508006e-08	6.812975e-09	3.162807e-09
	2.107115e-09
ChiAnalytOverChiStoich
	1.000000e-10	1.000000e-10	1.000000e-10	1.000000e-10	1.000000e-10
	1.000000e-10	1.000000e-10	1.000000e-10	2.325425e-03	1.147457e-02
	2.551264e-02	4.674603e-02	7.833241e-02	1.243974e-01	1.900594e-01
	2.813285e-01	4.048697e-01	5.676424e-01	7.764529e-01	1.037470e+00
	1.355760e+00	1.734888e+00	2.176634e+00	2.680831e+00	3.245357e+00
	3.866256e+00	4.537965e+00	5.253598e+00	6.005193e+00	6.783546e+00
	7.577452e+00	8.373278e+00	9.154918e+00	9.903772e+00	1.060020e+01
	1.122626e+01	1.176726e+01	1.221164e+01	1.255062e+01	1.277553e+01
	1.287330e+01	1.282522e+01	1.261378e+01	1.223456e+01	1.170214e+01
	1.104449e+01	1.029327e+01	9.479458e+00	8.631871e+00	7.775687e+00
	6.933165e+00	6.125729e+00	5.373644e+00	4.693481e+00	4.096332e+00
	3.587506e+00	3.166594e+00	2.827644e+00	2.560557e+00	2.352293e+00
	2.188979e+00	2.058875e+00	1.953066e+00	1.864995e+00	1.790138e+00
	1.725490e+00	1.669048e+00	1.619385e+00	1.575370e+00	1.535993e+00
	1.500330e+00	1.467655e+00	1.437514e+00	1.409612e+00	1.383642e+00
	1.359267e+00	1.336225e+00	1.314359e+00	1.293526e+00	1.273545e+00
	1.254241e+00	1.235498e+00	1.217251e+00	1.199451e+00	1.182038e+00
	1.164899e+00	1.147802e+00	1.130365e+00	1.112055e+00	1.092180e+00
	1.069797e+00	1.043530e+00	1.011320e+00	9.701904e-01	9.163602e-01
	8.466424e-01	7.619210e-01	6.692762e-01	5.782348e-01	4.944886e-01
	4.184922e-01	3.487700e-01	2.847654e-01	2.275429e-01	1.786561e-01
	1.385968e-01	1.065660e-01	8.124315e-02	6.140502e-02	4.601850e-02
	3.413048e-02	2.487196e-02	1.753747e-02	1.162229e-02	6.799786e-03
	2.863360e-03	1.000000e-10	1.000000e-10	1.000000e-10	1.000000e-10
	1.000000e-10	1.000000e-10	1.000000e-10	1.000000e-10	1.000000e-10
	1.000000e-10	1.000000e-10	1.000000e-10	1.000000e-10	1.000000e-10
	1.000000e-10	1.000000e-10	1.000000e-10	1.000000e-10	1.000000e-10
	1.000000e-10	1.000000e-10	1.000000e-10	1.000000e-10	1.000000e-10
	1.000000e-10
ChiKWOverChiKWStoich
	7.000145e-11	7.000385e-11	7.000763e-11	7.001356e-11	7.002279e-11
	7.003694e-11	7.005814e-11	7.008912e-11	1.630892e-03	8.054403e-03
	1.792878e-02	3.289915e-02	5.523209e-02	8.791296e-02	1.346838e-01
	1.999973e-01	2.888768e-01	4.066870e-01	5.588364e-01	7.504434e-01
	9.860000e-01	1.269071e+00	1.602053e+00	1.986022e+00	2.420666e+00
	2.904330e+00	3.434128e+00	4.006111e+00	4.615418e+00	5.256103e+00
	5.920442e+00	6.598464e+00	7.277754e+00	7.943230e+00	8.578187e+00
	9.166656e+00	9.694871e+00	1.015151e+01	1.052772e+01	1.081522e+01
	1.100211e+01	1.107058e+01	1.100169e+01	1.078563e+01	1.042836e+01
	9.948667e+00	9.370727e+00	8.719864e+00	8.020868e+00	7.296457e+00
	6.567623e+00	5.855314e+00	5.180146e+00	4.559984e+00	4.008010e+00
	3.532052e+00	3.134324e+00	2.811335e+00	2.555069e+00	2.354139e+00
	2.195879e+00	2.069348e+00	1.966137e+00	1.880010e+00	1.806639e+00
	1.743144e+00	1.687599e+00	1.638631e+00	1.595147e+00	1.556166e+00
	1.520784e+00	1.488289e+00	1.458233e+00	1.430327e+00	1.404265e+00
	1.379711e+00	1.356402e+00	1.334178e+00	1.312895e+00	1.292368e+00
	1.272418e+00	1.252925e+00	1.233824e+00	1.215070e+00	1.196610e+00
	1.178334e+00	1.160009e+00	1.141238e+00	1.121458e+00	1.099933e+00
	1.075657e+00	1.047162e+00	1.012261e+00	9.678161e-01	9.098886e-01
	8.352693e-01	7.451721e-01	6.473734e-01	5.520832e-01	4.652952e-01
	3.874534e-01	3.170301e-01	2.534746e-01	1.978183e-01	1.514183e-01
	1.144325e-01	8.572908e-02	6.372955e-02	4.702572e-02	3.446411e-02
	2.504458e-02	1.791550e-02	1.242045e-02	8.104107e-03	4.673928e-03
	1.942507e-03	6.703980e-11	6.633375e-11	6.571768e-11	6.518544e-11
	6.472988e-11	6.434352e-11	6.401886e-11	6.374866e-11	6.352603e-11
	6.334450e-11	6.319808e-11	6.308129e-11	6.298918e-11	6.291737e-11
	6.286202e-11	6.281985e-11	6.278807e-11	6.276438e-11	6.274691e-11
	6.273415e-11	6.272492e-11	6.271831e-11	6.271361e-11	6.271030e-11
	6.270798e-11
ChiKWFact
	7.000145e-01	7.000385e-01	7.000763e-01	7.001356e-01	7.002279e-01
	7.003694e-01	7.005814e-01	7.008912e-01	7.013305e-01	7.019348e-01
	7.027410e-01	7.037848e-01	7.050988e-01	7.067104e-01	7.086404e-01
	7.109030e-01	7.135055e-01	7.164492e-01	7.197300e-01	7.233398e-01
	7.272675e-01	7.315000e-01	7.360233e-01	7.408231e-01	7.458859e-01
	7.511997e-01	7.567551e-01	7.625461e-01	7.685712e-01	7.748312e-01
	7.813236e-01	7.880383e-01	7.949557e-01	8.020409e-01	8.092479e-01
	8.165366e-01	8.238854e-01	8.312980e-01	8.388207e-01	8.465575e-01
	8.546453e-01	8.631885e-01	8.721964e-01	8.815713e-01	8.911499e-01
	9.007813e-01	9.103743e-01	9.198695e-01	9.292155e-01	9.383683e-01
	9.472763e-01	9.558559e-01	9.639912e-01	9.715571e-01	9.784386e-01
	9.845424e-01	9.898095e-01	9.942322e-01	9.978571e-01	1.000785e+00
	1.003152e+00	1.005087e+00	1.006693e+00	1.008051e+00	1.009218e+00
	1.010231e+00	1.011115e+00	1.011885e+00	1.012554e+00	1.013133e+00
	1.013633e+00	1.014059e+00	1.014413e+00	1.014695e+00	1.014905e+00
	1.015040e+00	1.015100e+00	1.015079e+00	1.014974e+00	1.014780e+00
	1.014492e+00	1.014105e+00	1.013615e+00	1.013022e+00	1.012327e+00
	1.011533e+00	1.010635e+00	1.009619e+00	1.008456e+00	1.007099e+00
	1.005478e+00	1.003480e+00	1.000931e+00	9.975528e-01	9.929377e-01
	9.865669e-01	9.780175e-01	9.672738e-01	9.547734e-01	9.409626e-01
	9.258316e-01	9.089946e-01	8.901170e-01	8.693673e-01	8.475403e-01
	8.256509e-01	8.044693e-01	7.844299e-01	7.658285e-01	7.489186e-01
	7.337892e-01	7.203091e-01	7.082235e-01	6.972901e-01	6.873640e-01
	6.784012e-01	6.703980e-01	6.633375e-01	6.571768e-01	6.518544e-01
	6.472988e-01	6.434352e-01	6.401886e-01	6.374866e-01	6.352603e-01
	6.334450e-01	6.319808e-01	6.308129e-01	6.298918e-01	6.291737e-01
	6.286202e-01	6.281985e-01	6.278807e-01	6.276438e-01	6.274691e-01
	6.273415e-01	6.272492e-01	6.271831e-01	6.271361e-01	6.271030e-01
	6.270798e-01
MolarMass [kg/kmole]
	1.604300e+01	1.604211e+01	1.604111e+01	1.604009e+01	1.603918e+01
	1.603860e+01	1.603865e+01	1.603976e+01	1.604244e+01	1.604730e+01
	1.605502e+01	1.606630e+01	1.608185e+01	1.610238e+01	1.612852e+01
	1.616087e+01	1.619999e+01	1.624634e+01	1.630037e+01	1.636248e+01
	1.643305e+01	1.651244e+01	1.660098e+01	1.669906e+01	1.680703e+01
	1.692533e+01	1.705445e+01	1.719497e+01	1.734763e+01	1.751326e+01
	1.769267e+01	1.788646e+01	1.809494e+01	1.831785e+01	1.855436e+01
	1.880356e+01	1.906494e+01	1.933868e+01	1.962652e+01	1.993253e+01
	2.026234e+01	2.062021e+01	2.100569e+01	2.141275e+01	2.183203e+01
	2.225506e+01	2.267595e+01	2.309037e+01	2.349459e+01	2.388558e+01
	2.426037e+01	2.461510e+01	2.494512e+01	2.524600e+01	2.551421e+01
	2.574746e+01	2.594498e+01	2.610796e+01	2.623942e+01	2.634415e+01
	2.642783e+01	2.649558e+01	2.655149e+01	2.659866e+01	2.663929e+01
	2.667487e+01	2.670641e+01	2.673466e+01	2.676017e+01	2.678350e+01
	2.680513e+01	2.682546e+01	2.684474e+01	2.686313e+01	2.688079e+01
	2.689791e+01	2.691468e+01	2.693116e+01	2.694745e+01	2.696368e+01
	2.697995e+01	2.699635e+01	2.701290e+01	2.702959e+01	2.704644e+01
	2.706347e+01	2.708086e+01	2.709891e+01	2.711813e+01	2.713917e+01
	2.716293e+01	2.719070e+01	2.722435e+01	2.726643e+01	2.731992e+01
	2.738697e+01	2.746634e+01	2.755249e+01	2.763862e+01	2.772103e+01
	2.780022e+01	2.787840e+01	2.795697e+01	2.803530e+01	2.811131e+01
	2.818322e+01	2.825046e+01	2.831309e+01	2.837099e+01	2.842378e+01
	2.847138e+01	2.851425e+01	2.855320e+01	2.858898e+01	2.862201e+01
	2.865239e+01	2.868006e+01	2.870499e+01	2.872722e+01	2.874686e+01
	2.876407e+01	2.877902e+01	2.879190e+01	2.880290e+01	2.881219e+01
	2.881998e+01	2.882643e+01	2.883173e+01	2.883603e+01	2.883950e+01
	2.884225e+01	2.884442e+01	2.884612e+01	2.884744e+01	2.884845e+01
	2.884923e+01	2.884982e+01	2.885027e+01	2.885061e+01	2.885086e+01
	2.885106e+01
TotalEnthalpy [J/kg]
	-4.664239e+06	-4.664078e+06	-4.663812e+06	-4.663375e+06	-4.662670e+06
	-4.661558e+06	-4.659852e+06	-4.657312e+06	-4.653651e+06	-4.648539e+06
	-4.641622e+06	-4.632540e+06	-4.620935e+06	-4.606472e+06	-4.588843e+06
	-4.567771e+06	-4.543013e+06	-4.514352e+06	-4.481597e+06	-4.444576e+06
	-4.403133e+06	-4.357119e+06	-4.306393e+06	-4.250814e+06	-4.190238e+06
	-4.124507e+06	-4.053439e+06	-3.976813e+06	-3.894354e+06	-3.805754e+06
	-3.710758e+06	-3.609241e+06	-3.501268e+06	-3.387216e+06	-3.267761e+06
	-3.143612e+06	-3.015284e+06	-2.882947e+06	-2.746072e+06	-2.603126e+06
	-2.452052e+06	-2.291655e+06	-2.123049e+06	-1.949882e+06	-1.776928e+06
	-1.608146e+06	-1.446095e+06	-1.292466e+06	-1.148492e+06	-1.014970e+06
	-8.924977e+05	-7.817736e+05	-6.834989e+05	-5.980654e+05	-5.254055e+05
	-4.650242e+05	-4.160396e+05	-3.771978e+05	-3.469946e+05	-3.237543e+05
	-3.058130e+05	-2.918103e+05	-2.807392e+05	-2.718806e+05	-2.647554e+05
	-2.590572e+05	-2.545831e+05	-2.511799e+05	-2.487130e+05	-2.470558e+05
	-2.460944e+05	-2.457359e+05	-2.459013e+05	-2.465139e+05	-2.474993e+05
	-2.487916e+05	-2.503289e+05	-2.520470e+05	-2.538820e+05	-2.557752e+05
	-2.576693e+05	-2.595012e+05	-2.612024e+05	-2.627047e+05	-2.639455e+05
	-2.648727e+05	-2.654416e+05	-2.656002e+05	-2.652647e+05	-2.642892e+05
	-2.624215e+05	-2.592234e+05	-2.539295e+05	-2.452467e+05	-2.312383e+05
	-2.098831e+05	-1.811410e+05	-1.488337e+05	-1.186213e+05	-9.399189e+04
	-7.554557e+04	-6.280842e+04	-5.527130e+04	-5.220661e+04	-5.225871e+04
	-5.369744e+04	-5.510547e+04	-5.560583e+04	-5.487207e+04	-5.303962e+04
	-5.040375e+04	-4.723681e+04	-4.372079e+04	-3.996718e+04	-3.606604e+04
	-3.211795e+04	-2.822996e+04	-2.449551e+04	-2.098463e+04	-1.774407e+04
	-1.480035e+04	-1.216415e+04	-9.833950e+03	-7.799179e+03	-6.042814e+03
	-4.543500e+03	-3.277315e+03	-2.219179e+03	-1.343971e+03	-6.273701e+02
	-4.646953e+01	4.198103e+02	7.904731e+02	1.082333e+03	1.310010e+03
	1.486008e+03	1.620856e+03	1.723288e+03	1.800432e+03	1.858000e+03
	1.900584e+03
trailer
Lewis numbers evaluated at maximum consumption
N2	-1
O2	1.00454
@ Z = 0.0490713
H	0.170179
@ Z = 0.0590517
OH	0.670274
@ Z = 0.0553118
O	0.656155
@ Z = 0.0521239
H2	0.279217
@ Z = 0.0459693
H2O	-1
HO2	1.00078
@ Z = 0.0062455
H2O2	0.989854
@ Z = 0.0214514
CO	1.01097
@ Z = 0.0433998
CO2	1.29045
@ Z = 0.0567076
CH	0.610138
@ Z = 0.047703
CHO	1.15276
@ Z = 0.0459693
CH2	0.88294
@ Z = 0.0490713
CH2O	1.1649
@ Z = 0.047703
CH3	0.919939
@ Z = 0.0509049
CH4	0.926998
@ Z = 0.0590517
C2H6	1.3428
@ Z = 0.0582268
C2H	1.19047
@ Z = 0.0490713
C2H2	1.20664
@ Z = 0.0521239
CHCO	0.809782
@ Z = 0.0509049
C3H3	1.63435
@ Z = 0.0509049
C2H3	1.21773
@ Z = 0.0515116
C2H4	1.22026
@ Z = 0.0553118
C2H5	1.32922
@ Z = 0.0533684
C3H4	1.59495
@ Z = 0.0496941
C3H5	1.6399
@ Z = 0.0484153
C3H6	1.71391
@ Z = 0.0546488
N-C3H7	1.71976
@ Z = 0.0527426
I-C3H7	1.70044
@ Z = 0.0433998
C3H8	1.71693
@ Z = 0.00737643
Lewis numbers evaluated at maximum formation
N2	-1
O2	1.00501
@ Z = 0.0102689
H	0.168193
@ Z = 0.0484153
OH	0.663252
@ Z = 0.0459693
O	0.64686
@ Z = 0.0415425
H2	0.281934
@ Z = 0.0574485
H2O	0.746497
@ Z = 0.0509049
HO2	0.989087
@ Z = 0.0102689
H2O2	0.991458
@ Z = 0.0141094
CO	1.02285
@ Z = 0.0527426
CO2	1.27747
@ Z = 0.0459693
CH	0.614258
@ Z = 0.0533684
CHO	1.1605
@ Z = 0.0515116
CH2	0.888317
@ Z = 0.0553118
CH2O	1.1719
@ Z = 0.0533684
CH3	0.923623
@ Z = 0.0599311
CH4	0.694545
@ Z = 0.517508
C2H6	1.33794
@ Z = 0.0732233
C2H	1.19724
@ Z = 0.0553118
C2H2	1.20889
@ Z = 0.0642213
CHCO	0.81369
@ Z = 0.0599311
C3H3	1.64078
@ Z = 0.0574485
C2H3	1.22231
@ Z = 0.0590517
C2H4	1.22032
@ Z = 0.0655897
C2H5	1.332
@ Z = 0.0608724
C3H4	1.60277
@ Z = 0.0559967
C3H5	1.64896
@ Z = 0.0540027
C3H6	1.71566
@ Z = 0.0608724
N-C3H7	1.7237
@ Z = 0.0582268
I-C3H7	1.70894
@ Z = 0.00737643
C3H8	-1
Lewis numbers evaluated at maximum mass fraction
N2	0.921286
@ Z = 8.96304e-07
O2	1.05235
@ Z = 8.96304e-07
H	0.167169
@ Z = 0.0448341
OH	0.657144
@ Z = 0.0391555
O	0.642615
@ Z = 0.0362599
H2	0.280867
@ Z = 0.0889632
H2O	0.750515
@ Z = 0.0599311
HO2	0.986586
@ Z = 0.0120635
H2O2	0.991458
@ Z = 0.0141094
CO	1.02538
@ Z = 0.0629959
CO2	1.28304
@ Z = 0.0490713
CH	0.614258
@ Z = 0.0533684
CHO	1.16117
@ Z = 0.0521239
CH2	0.888882
@ Z = 0.0567076
CH2O	1.17286
@ Z = 0.0546488
CH3	0.923451
@ Z = 0.0629959
CH4	1.04265
@ Z = 0.999972
C2H6	1.29576
@ Z = 0.180188
C2H	1.19789
@ Z = 0.0567076
C2H2	1.18675
@ Z = 0.11485
CHCO	0.810812
@ Z = 0.0732233
C3H3	1.64108
@ Z = 0.0590517
C2H3	1.22235
@ Z = 0.0599311
C2H4	1.21424
@ Z = 0.079405
C2H5	1.33162
@ Z = 0.0629959
C3H4	1.60311
@ Z = 0.0567076
C3H5	1.64956
@ Z = 0.0546488
C3H6	1.61048
@ Z = 0.517508
N-C3H7	1.65359
@ Z = 0.716071
I-C3H7	1.80073
@ Z = 0.994924
C3H8	1.78779
@ Z = 0.972368
