header

title = "planar counterflow diffusion flame"
author = ""
date = "Wed Aug 14 10:11:12 2013"

fuel = "CH4"
pressure = 1 [bar]
strainrate = 180 [1/s]
chiStoichAnal = 4.43183 [1/s]
chiStoichAnalKW = 6.97781 [1/s]
FlameLocZ = 0.0572832 [K]
FlameLocBilger = 0.0672272 [K]
Tmax = 2013.01 [K]
stoichScalarDissRate = 7.65678 [1/s]
stoichScalarDissRateBilger = 5.39381 [1/s]

OxidizerSide
begin
	Temperature = 300 [K]
	Massfraction-N2 = 0.76708
	Massfraction-O2 = 0.23292
	Molefraction-N2 = 0.79
	Molefraction-O2 = 0.21
end

FuelSide
begin
	Temperature = 300 [K]
	Massfraction-CH4 = 1
	Molefraction-CH4 = 1
end

numOfSpecies = 31
gridPoints = 141

body
eta
	0.000000e+00	1.253585e-01	2.489521e-01	3.687723e-01	4.833179e-01
	5.918954e-01	6.942027e-01	7.901315e-01	8.797631e-01	9.633392e-01
	1.041222e+00	1.113849e+00	1.181697e+00	1.245245e+00	1.304963e+00
	1.361290e+00	1.414633e+00	1.465365e+00	1.513825e+00	1.560319e+00
	1.605127e+00	1.648505e+00	1.690690e+00	1.731906e+00	1.772371e+00
	1.812295e+00	1.851882e+00	1.891300e+00	1.930661e+00	1.970025e+00
	2.009428e+00	2.048896e+00	2.088431e+00	2.128011e+00	2.167610e+00
	2.207230e+00	2.246963e+00	2.287163e+00	2.328514e+00	2.371704e+00
	2.416861e+00	2.463323e+00	2.510083e+00	2.556378e+00	2.601843e+00
	2.646347e+00	2.689834e+00	2.732275e+00	2.773638e+00	2.813860e+00
	2.852808e+00	2.890213e+00	2.925641e+00	2.958523e+00	2.988293e+00
	3.014608e+00	3.037466e+00	3.057145e+00	3.074080e+00	3.088754e+00
	3.101627e+00	3.113092e+00	3.123452e+00	3.132916e+00	3.141609e+00
	3.149631e+00	3.157110e+00	3.164180e+00	3.170922e+00	3.177359e+00
	3.183491e+00	3.189317e+00	3.194834e+00	3.200048e+00	3.204991e+00
	3.209719e+00	3.214287e+00	3.218743e+00	3.223126e+00	3.227464e+00
	3.231780e+00	3.236088e+00	3.240396e+00	3.244719e+00	3.249081e+00
	3.253509e+00	3.258039e+00	3.262717e+00	3.267613e+00	3.272823e+00
	3.278473e+00	3.284734e+00	3.291850e+00	3.300147e+00	3.310032e+00
	3.321983e+00	3.336507e+00	3.354202e+00	3.375902e+00	3.402086e+00
	3.432081e+00	3.464825e+00	3.500093e+00	3.538611e+00	3.581430e+00
	3.628899e+00	3.680210e+00	3.734200e+00	3.790161e+00	3.847687e+00
	3.906295e+00	3.965395e+00	4.024579e+00	4.083855e+00	4.143679e+00
	4.204908e+00	4.268565e+00	4.335482e+00	4.406096e+00	4.480509e+00
	4.558641e+00	4.640360e+00	4.725566e+00	4.814216e+00	4.906311e+00
	5.001874e+00	5.100920e+00	5.203441e+00	5.309385e+00	5.418652e+00
	5.531087e+00	5.646483e+00	5.764591e+00	5.885127e+00	6.007788e+00
	6.132265e+00	6.258262e+00	6.385501e+00	6.513703e+00	6.642434e+00
	6.771246e+00
y [m]
	-3.126014e-03	-3.058565e-03	-2.992044e-03	-2.927523e-03	-2.865791e-03
	-2.807202e-03	-2.751888e-03	-2.699876e-03	-2.651084e-03	-2.605341e-03
	-2.562412e-03	-2.522020e-03	-2.483872e-03	-2.447672e-03	-2.413135e-03
	-2.379993e-03	-2.347993e-03	-2.316907e-03	-2.286520e-03	-2.256635e-03
	-2.227066e-03	-2.197635e-03	-2.168170e-03	-2.138498e-03	-2.108441e-03
	-2.077810e-03	-2.046411e-03	-2.014060e-03	-1.980604e-03	-1.945932e-03
	-1.909947e-03	-1.872561e-03	-1.833711e-03	-1.793363e-03	-1.751492e-03
	-1.708055e-03	-1.662906e-03	-1.615573e-03	-1.565119e-03	-1.510475e-03
	-1.451180e-03	-1.387817e-03	-1.321597e-03	-1.253573e-03	-1.184350e-03
	-1.114249e-03	-1.043495e-03	-9.722931e-04	-9.008565e-04	-8.294658e-04
	-7.585489e-04	-6.888049e-04	-6.212963e-04	-5.574052e-04	-4.985620e-04
	-4.457776e-04	-3.993613e-04	-3.589885e-04	-3.239496e-04	-2.933764e-04
	-2.663966e-04	-2.422475e-04	-2.203294e-04	-2.002324e-04	-1.817126e-04
	-1.645717e-04	-1.485510e-04	-1.333747e-04	-1.188727e-04	-1.050040e-04
	-9.177529e-05	-7.919287e-05	-6.726801e-05	-5.599227e-05	-4.529911e-05
	-3.507372e-05	-2.519615e-05	-1.556612e-05	-6.104170e-06	3.251397e-06
	1.254527e-05	2.180436e-05	3.104595e-05	4.029631e-05	4.960156e-05
	5.902040e-05	6.862002e-05	7.849351e-05	8.878025e-05	9.967342e-05
	1.114175e-04	1.243459e-04	1.389287e-04	1.557751e-04	1.756282e-04
	1.993053e-04	2.276053e-04	2.613812e-04	3.017426e-04	3.488959e-04
	4.008204e-04	4.549470e-04	5.102537e-04	5.671324e-04	6.261140e-04
	6.864489e-04	7.460180e-04	8.028537e-04	8.560751e-04	9.054669e-04
	9.509775e-04	9.926571e-04	1.030787e-03	1.065905e-03	1.098712e-03
	1.129969e-03	1.160371e-03	1.190399e-03	1.220297e-03	1.250160e-03
	1.280031e-03	1.309949e-03	1.339983e-03	1.370228e-03	1.400794e-03
	1.431789e-03	1.463315e-03	1.495457e-03	1.528275e-03	1.561808e-03
	1.596067e-03	1.631041e-03	1.666696e-03	1.702979e-03	1.739826e-03
	1.777166e-03	1.814924e-03	1.853027e-03	1.891402e-03	1.929924e-03
	1.968462e-03
f
	-3.529268e+00	-3.361151e+00	-3.195388e+00	-3.034660e+00	-2.880967e+00
	-2.735218e+00	-2.597793e+00	-2.468806e+00	-2.348112e+00	-2.235351e+00
	-2.129999e+00	-2.031431e+00	-1.938973e+00	-1.851946e+00	-1.769691e+00
	-1.691584e+00	-1.617049e+00	-1.545555e+00	-1.476617e+00	-1.409789e+00
	-1.344660e+00	-1.280846e+00	-1.217984e+00	-1.155719e+00	-1.093700e+00
	-1.031569e+00	-9.689708e-01	-9.055895e-01	-8.411897e-01	-7.756177e-01
	-7.087598e-01	-6.405233e-01	-5.708610e-01	-4.997823e-01	-4.273131e-01
	-3.534472e-01	-2.780107e-01	-2.003150e-01	-1.189822e-01	-3.254838e-02
	5.935923e-02	1.554409e-01	2.535358e-01	3.518733e-01	4.494653e-01
	5.457997e-01	6.405400e-01	7.334113e-01	8.241535e-01	9.124559e-01
	9.978694e-01	1.079684e+00	1.156860e+00	1.228120e+00	1.292257e+00
	1.348602e+00	1.397244e+00	1.438877e+00	1.474508e+00	1.505224e+00
	1.532042e+00	1.555821e+00	1.577220e+00	1.596690e+00	1.614506e+00
	1.630888e+00	1.646109e+00	1.660448e+00	1.674079e+00	1.687053e+00
	1.699372e+00	1.711042e+00	1.722062e+00	1.732447e+00	1.742268e+00
	1.751635e+00	1.760664e+00	1.769450e+00	1.778068e+00	1.786578e+00
	1.795023e+00	1.803431e+00	1.811818e+00	1.820213e+00	1.828659e+00
	1.837213e+00	1.845937e+00	1.854921e+00	1.864293e+00	1.874235e+00
	1.884977e+00	1.896832e+00	1.910243e+00	1.925793e+00	1.944199e+00
	1.966269e+00	1.992823e+00	2.024777e+00	2.063357e+00	2.109035e+00
	2.160219e+00	2.214758e+00	2.271986e+00	2.332743e+00	2.398225e+00
	2.468434e+00	2.541742e+00	2.616262e+00	2.690964e+00	2.765359e+00
	2.838945e+00	2.911172e+00	2.981763e+00	3.050935e+00	3.119390e+00
	3.188216e+00	3.258617e+00	3.331529e+00	3.407433e+00	3.486452e+00
	3.568533e+00	3.653583e+00	3.741554e+00	3.832466e+00	3.926383e+00
	4.023390e+00	4.123564e+00	4.226950e+00	4.333546e+00	4.443295e+00
	4.556078e+00	4.671722e+00	4.790002e+00	4.910654e+00	5.033391e+00
	5.157918e+00	5.283944e+00	5.411199e+00	5.539410e+00	5.668144e+00
	5.796956e+00
df/deta
	1.341029e+00	1.341086e+00	1.341199e+00	1.341407e+00	1.341763e+00
	1.342347e+00	1.343258e+00	1.344614e+00	1.346550e+00	1.349201e+00
	1.352703e+00	1.357177e+00	1.362731e+00	1.369454e+00	1.377417e+00
	1.386675e+00	1.397269e+00	1.409230e+00	1.422580e+00	1.437336e+00
	1.453510e+00	1.471116e+00	1.490168e+00	1.510684e+00	1.532687e+00
	1.556209e+00	1.581286e+00	1.607934e+00	1.636126e+00	1.665778e+00
	1.696765e+00	1.728922e+00	1.762036e+00	1.795844e+00	1.830055e+00
	1.864381e+00	1.898599e+00	1.932696e+00	1.966880e+00	2.001250e+00
	2.035315e+00	2.067933e+00	2.097845e+00	2.124179e+00	2.146506e+00
	2.164651e+00	2.178561e+00	2.188254e+00	2.193807e+00	2.195345e+00
	2.193058e+00	2.187245e+00	2.178376e+00	2.167145e+00	2.154436e+00
	2.141158e+00	2.128050e+00	2.115580e+00	2.103965e+00	2.093238e+00
	2.083319e+00	2.074085e+00	2.065414e+00	2.057226e+00	2.049478e+00
	2.042137e+00	2.035128e+00	2.028357e+00	2.021768e+00	2.015359e+00
	2.009147e+00	2.003149e+00	1.997384e+00	1.991860e+00	1.986557e+00
	1.981425e+00	1.976413e+00	1.971473e+00	1.966567e+00	1.961666e+00
	1.956747e+00	1.951796e+00	1.946804e+00	1.941755e+00	1.936624e+00
	1.931377e+00	1.925974e+00	1.920356e+00	1.914439e+00	1.908102e+00
	1.901187e+00	1.893476e+00	1.884655e+00	1.874304e+00	1.861889e+00
	1.846785e+00	1.828318e+00	1.805713e+00	1.777931e+00	1.744473e+00
	1.706455e+00	1.665606e+00	1.622674e+00	1.577363e+00	1.529261e+00
	1.479045e+00	1.428698e+00	1.380257e+00	1.334904e+00	1.293223e+00
	1.255575e+00	1.222122e+00	1.192723e+00	1.166960e+00	1.144270e+00
	1.124083e+00	1.105940e+00	1.089580e+00	1.074909e+00	1.061905e+00
	1.050541e+00	1.040758e+00	1.032457e+00	1.025512e+00	1.019781e+00
	1.015120e+00	1.011384e+00	1.008438e+00	1.006152e+00	1.004410e+00
	1.003105e+00	1.002146e+00	1.001454e+00	1.000964e+00	1.000623e+00
	1.000391e+00	1.000235e+00	1.000132e+00	1.000066e+00	1.000025e+00
	1.000000e+00
Z
	1.000000e+00	9.999594e-01	9.998812e-01	9.997383e-01	9.994910e-01
	9.990849e-01	9.984508e-01	9.975076e-01	9.961665e-01	9.943367e-01
	9.919302e-01	9.888662e-01	9.850724e-01	9.804864e-01	9.750542e-01
	9.687297e-01	9.614720e-01	9.532445e-01	9.440124e-01	9.337416e-01
	9.223971e-01	9.099415e-01	8.963334e-01	8.815257e-01	8.654635e-01
	8.480820e-01	8.293103e-01	8.090845e-01	7.873703e-01	7.641721e-01
	7.395271e-01	7.135013e-01	6.862012e-01	6.577788e-01	6.284143e-01
	5.982921e-01	5.675412e-01	5.360951e-01	5.036404e-01	4.698949e-01
	4.350810e-01	4.000733e-01	3.659586e-01	3.335204e-01	3.031395e-01
	2.749518e-01	2.489793e-01	2.251849e-01	2.034972e-01	1.838344e-01
	1.661250e-01	1.503274e-01	1.364321e-01	1.244379e-01	1.143048e-01
	1.059034e-01	9.901628e-02	9.338326e-02	8.874924e-02	8.488993e-02
	8.162062e-02	7.879860e-02	7.631955e-02	7.411302e-02	7.213426e-02
	7.034815e-02	6.871704e-02	6.720509e-02	6.578966e-02	6.446215e-02
	6.321904e-02	6.205707e-02	6.097369e-02	5.996484e-02	5.902172e-02
	5.813189e-02	5.728320e-02	5.646579e-02	5.567199e-02	5.489596e-02
	5.413349e-02	5.338200e-02	5.263976e-02	5.190441e-02	5.117214e-02
	5.043830e-02	4.969778e-02	4.894372e-02	4.816606e-02	4.735120e-02
	4.648243e-02	4.553750e-02	4.448580e-02	4.328924e-02	4.190410e-02
	4.028707e-02	3.840357e-02	3.622497e-02	3.371899e-02	3.092284e-02
	2.800359e-02	2.513391e-02	2.237913e-02	1.972731e-02	1.716512e-02
	1.473526e-02	1.252063e-02	1.057575e-02	8.903787e-03	7.483206e-03
	6.287912e-03	5.290672e-03	4.461550e-03	3.769443e-03	3.185571e-03
	2.685722e-03	2.251977e-03	1.873251e-03	1.543530e-03	1.259058e-03
	1.016472e-03	8.121091e-04	6.419403e-04	5.018174e-04	3.877147e-04
	2.958688e-04	2.228426e-04	1.655417e-04	1.212109e-04	8.742396e-05
	6.207233e-05	4.335277e-05	2.975249e-05	2.002942e-05	1.318697e-05
	8.444457e-06	5.204776e-06	3.021851e-06	1.570107e-06	6.174754e-07
	0.000000e+00
temperature [K]
	3.000000e+02	3.000459e+02	3.001342e+02	3.002957e+02	3.005750e+02
	3.010332e+02	3.017478e+02	3.028094e+02	3.043163e+02	3.063683e+02
	3.090601e+02	3.124776e+02	3.166950e+02	3.217745e+02	3.277673e+02
	3.347157e+02	3.426557e+02	3.516194e+02	3.616382e+02	3.727450e+02
	3.849766e+02	3.983764e+02	4.129965e+02	4.289014e+02	4.461714e+02
	4.649056e+02	4.852209e+02	5.072393e+02	5.310665e+02	5.567828e+02
	5.844505e+02	6.141183e+02	6.458083e+02	6.795070e+02	7.151826e+02
	7.528122e+02	7.924602e+02	8.344842e+02	8.796756e+02	9.289698e+02
	9.827776e+02	1.040538e+03	1.101003e+03	1.162965e+03	1.225605e+03
	1.288373e+03	1.350812e+03	1.412502e+03	1.473031e+03	1.531962e+03
	1.588773e+03	1.642798e+03	1.693196e+03	1.739051e+03	1.779592e+03
	1.814498e+03	1.843987e+03	1.868667e+03	1.889311e+03	1.906701e+03
	1.921530e+03	1.934362e+03	1.945617e+03	1.955578e+03	1.964417e+03
	1.972269e+03	1.979279e+03	1.985579e+03	1.991236e+03	1.996251e+03
	2.000609e+03	2.004298e+03	2.007313e+03	2.009663e+03	2.011378e+03
	2.012488e+03	2.013013e+03	2.012955e+03	2.012303e+03	2.011037e+03
	2.009133e+03	2.006569e+03	2.003330e+03	1.999405e+03	1.994775e+03
	1.989414e+03	1.983291e+03	1.976350e+03	1.968493e+03	1.959562e+03
	1.949336e+03	1.937490e+03	1.923546e+03	1.906854e+03	1.886586e+03
	1.861772e+03	1.831335e+03	1.793926e+03	1.747546e+03	1.690752e+03
	1.624559e+03	1.551113e+03	1.471152e+03	1.383737e+03	1.287886e+03
	1.185217e+03	1.080736e+03	9.800552e+02	8.867793e+02	8.027031e+02
	7.286991e+02	6.648551e+02	6.104396e+02	5.641579e+02	5.245432e+02
	4.902335e+02	4.601754e+02	4.337183e+02	4.105263e+02	3.903998e+02
	3.731512e+02	3.585590e+02	3.463653e+02	3.362949e+02	3.280744e+02
	3.214440e+02	3.161636e+02	3.120147e+02	3.088016e+02	3.063507e+02
	3.045104e+02	3.031509e+02	3.021628e+02	3.014562e+02	3.009589e+02
	3.006141e+02	3.003785e+02	3.002198e+02	3.001142e+02	3.000449e+02
	3.000000e+02
massfraction-N2
	1.000000e-60	3.314083e-05	9.715297e-05	2.145483e-04	4.183057e-04
	7.538512e-04	1.279247e-03	2.062992e-03	3.180240e-03	4.708111e-03
	6.721187e-03	9.287976e-03	1.246878e-02	1.631489e-02	2.086885e-02
	2.616540e-02	3.223287e-02	3.909465e-02	4.677061e-02	5.527855e-02
	6.463542e-02	7.485856e-02	8.596699e-02	9.798302e-02	1.109340e-01
	1.248535e-01	1.397788e-01	1.557396e-01	1.727423e-01	1.907627e-01
	2.097531e-01	2.296464e-01	2.503489e-01	2.717375e-01	2.936746e-01
	3.160262e-01	3.387058e-01	3.617758e-01	3.854815e-01	4.100495e-01
	4.353505e-01	4.607885e-01	4.856171e-01	5.092961e-01	5.315665e-01
	5.523383e-01	5.715958e-01	5.893606e-01	6.056744e-01	6.205836e-01
	6.341241e-01	6.463071e-01	6.571167e-01	6.665284e-01	6.745472e-01
	6.812493e-01	6.867852e-01	6.913446e-01	6.951194e-01	6.982810e-01
	7.009728e-01	7.033062e-01	7.053632e-01	7.071988e-01	7.088475e-01
	7.103364e-01	7.116952e-01	7.129526e-01	7.141263e-01	7.152230e-01
	7.162451e-01	7.171954e-01	7.180765e-01	7.188922e-01	7.196506e-01
	7.203623e-01	7.210377e-01	7.216855e-01	7.223121e-01	7.229227e-01
	7.235210e-01	7.241094e-01	7.246895e-01	7.252633e-01	7.258339e-01
	7.264047e-01	7.269796e-01	7.275636e-01	7.281640e-01	7.287906e-01
	7.294555e-01	7.301746e-01	7.309699e-01	7.318686e-01	7.329020e-01
	7.341013e-01	7.354918e-01	7.370942e-01	7.389296e-01	7.409630e-01
	7.430611e-01	7.450910e-01	7.470069e-01	7.488265e-01	7.505774e-01
	7.522568e-01	7.538324e-01	7.552773e-01	7.565862e-01	7.577648e-01
	7.588197e-01	7.597574e-01	7.605882e-01	7.613265e-01	7.619887e-01
	7.625908e-01	7.631451e-01	7.636582e-01	7.641316e-01	7.645642e-01
	7.649545e-01	7.653020e-01	7.656076e-01	7.658732e-01	7.661014e-01
	7.662952e-01	7.664580e-01	7.665931e-01	7.667036e-01	7.667930e-01
	7.668643e-01	7.669203e-01	7.669636e-01	7.669968e-01	7.670217e-01
	7.670403e-01	7.670539e-01	7.670638e-01	7.670710e-01	7.670760e-01
	7.670796e-01
massfraction-O2
	1.000000e-60	2.267228e-07	6.631507e-07	1.460892e-06	2.841061e-06
	5.106857e-06	8.643881e-06	1.390430e-05	2.138049e-05	3.157268e-05
	4.495795e-05	6.196588e-05	8.296375e-05	1.082506e-04	1.380586e-04
	1.725595e-04	2.118731e-04	2.560773e-04	3.052175e-04	3.593156e-04
	4.183782e-04	4.824042e-04	5.513924e-04	6.253513e-04	7.043083e-04
	7.883155e-04	8.774330e-04	9.716628e-04	1.070858e-03	1.174693e-03
	1.282718e-03	1.394393e-03	1.509056e-03	1.625930e-03	1.744210e-03
	1.863167e-03	1.982382e-03	2.102247e-03	2.224112e-03	2.349223e-03
	2.477076e-03	2.604940e-03	2.729472e-03	2.848412e-03	2.960888e-03
	3.066820e-03	3.166459e-03	3.260228e-03	3.348678e-03	3.432461e-03
	3.512306e-03	3.588972e-03	3.663212e-03	3.735745e-03	3.807241e-03
	3.878389e-03	3.949937e-03	4.022677e-03	4.097459e-03	4.175298e-03
	4.257504e-03	4.345696e-03	4.441730e-03	4.547436e-03	4.664336e-03
	4.793956e-03	4.938713e-03	5.102157e-03	5.287919e-03	5.498654e-03
	5.736132e-03	6.001499e-03	6.294939e-03	6.616137e-03	6.965885e-03
	7.347005e-03	7.763817e-03	8.221371e-03	8.725187e-03	9.281105e-03
	9.894973e-03	1.057212e-02	1.131744e-02	1.213666e-02	1.303775e-02
	1.403096e-02	1.512881e-02	1.634872e-02	1.771699e-02	1.927197e-02
	2.106632e-02	2.317560e-02	2.571105e-02	2.882626e-02	3.272148e-02
	3.763341e-02	4.380952e-02	5.151091e-02	6.104632e-02	7.247156e-02
	8.521797e-02	9.850564e-02	1.119150e-01	1.253676e-01	1.387954e-01
	1.518276e-01	1.638728e-01	1.745304e-01	1.837366e-01	1.915914e-01
	1.982244e-01	2.037724e-01	2.083920e-01	2.122503e-01	2.155048e-01
	2.182889e-01	2.207016e-01	2.228042e-01	2.246297e-01	2.261990e-01
	2.275313e-01	2.286475e-01	2.295709e-01	2.303256e-01	2.309349e-01
	2.314208e-01	2.318032e-01	2.320999e-01	2.323267e-01	2.324974e-01
	2.326238e-01	2.327159e-01	2.327818e-01	2.328283e-01	2.328605e-01
	2.328825e-01	2.328973e-01	2.329071e-01	2.329136e-01	2.329177e-01
	2.329204e-01
massfraction-H
	1.000000e-60	3.230495e-17	7.034553e-17	1.140615e-16	1.634027e-16
	2.188522e-16	2.818594e-16	3.554517e-16	4.451071e-16	5.599012e-16
	7.141929e-16	9.303557e-16	1.243413e-15	1.708979e-15	2.416868e-15
	3.514508e-15	5.247432e-15	8.029922e-15	1.256935e-14	2.008690e-14
	3.271287e-14	5.420016e-14	9.122308e-14	1.557610e-13	2.695072e-13
	4.720661e-13	8.361490e-13	1.495159e-12	2.691356e-12	4.856056e-12
	8.735180e-12	1.556670e-11	2.729188e-11	4.675165e-11	7.782610e-11
	1.255575e-10	1.965783e-10	3.007591e-10	4.551165e-10	6.900179e-10
	1.056507e-09	1.633218e-09	2.536532e-09	3.944498e-09	6.140454e-09
	9.577723e-09	1.498067e-08	2.351456e-08	3.706981e-08	5.872358e-08
	9.345848e-08	1.491633e-07	2.377545e-07	3.758707e-07	5.843420e-07
	8.865780e-07	1.307176e-06	1.871966e-06	2.609529e-06	3.553543e-06
	4.745081e-06	6.232649e-06	8.068918e-06	1.030105e-05	1.295718e-05
	1.604772e-05	1.958683e-05	2.360001e-05	2.809544e-05	3.303667e-05
	3.835100e-05	4.394591e-05	4.971285e-05	5.554681e-05	6.137759e-05
	6.717488e-05	7.292616e-05	7.861813e-05	8.423118e-05	8.973775e-05
	9.510102e-05	1.002745e-04	1.052084e-04	1.098606e-04	1.142016e-04
	1.182076e-04	1.218562e-04	1.251289e-04	1.280102e-04	1.304756e-04
	1.324767e-04	1.339308e-04	1.346975e-04	1.345436e-04	1.331139e-04
	1.299310e-04	1.244616e-04	1.162138e-04	1.048121e-04	9.049939e-05
	7.466737e-05	5.902797e-05	4.460806e-05	3.184042e-05	2.105267e-05
	1.266854e-05	6.886114e-06	3.379780e-06	1.500479e-06	6.066686e-07
	2.268606e-07	8.042562e-08	2.797831e-08	9.987078e-09	3.841154e-09
	1.645239e-09	7.836909e-10	4.039114e-10	2.187993e-10	1.223301e-10
	6.995667e-11	4.072375e-11	2.404319e-11	1.434485e-11	8.616890e-12
	5.191876e-12	3.126080e-12	1.874119e-12	1.114744e-12	6.555612e-13
	3.798024e-13	2.159323e-13	1.199188e-13	6.466089e-14	3.355822e-14
	1.653532e-14	7.555773e-15	3.061316e-15	9.944515e-16	1.909212e-16
	1.000000e-60
massfraction-OH
	1.000000e-60	9.115125e-22	6.031183e-21	2.506892e-20	8.453691e-20
	2.514423e-19	6.829218e-19	1.722827e-18	4.080675e-18	9.153340e-18
	1.959510e-17	4.031973e-17	8.025008e-17	1.553453e-16	2.937864e-16
	5.447588e-16	9.931615e-16	1.783965e-15	3.162131e-15	5.537401e-15
	9.588639e-15	1.643093e-14	2.788256e-14	4.689281e-14	7.823230e-14
	1.296173e-13	2.135483e-13	3.502766e-13	5.725469e-13	9.333945e-13
	1.519645e-12	2.475987e-12	4.048287e-12	6.662659e-12	1.107208e-11
	1.863002e-11	3.183115e-11	5.553410e-11	9.992944e-11	1.874752e-10
	3.679296e-10	7.484490e-10	1.551541e-09	3.226197e-09	6.658386e-09
	1.355890e-08	2.716726e-08	5.352420e-08	1.037539e-07	1.980734e-07
	3.725609e-07	6.895774e-07	1.251268e-06	2.211678e-06	3.778969e-06
	6.205348e-06	9.775122e-06	1.480556e-05	2.166731e-05	3.082276e-05
	4.287357e-05	5.859008e-05	7.890214e-05	1.048030e-04	1.371709e-04
	1.767297e-04	2.242894e-04	2.808735e-04	3.473466e-04	4.239511e-04
	5.103171e-04	6.056357e-04	7.086631e-04	8.180182e-04	9.327952e-04
	1.052799e-03	1.178234e-03	1.309362e-03	1.446362e-03	1.589241e-03
	1.737731e-03	1.891163e-03	2.048528e-03	2.208767e-03	2.370968e-03
	2.534224e-03	2.697511e-03	2.859900e-03	3.020702e-03	3.179216e-03
	3.334147e-03	3.483349e-03	3.623136e-03	3.746585e-03	3.841846e-03
	3.891116e-03	3.871795e-03	3.759473e-03	3.529632e-03	3.170386e-03
	2.708221e-03	2.197992e-03	1.688307e-03	1.213203e-03	8.032353e-04
	4.883910e-04	2.788527e-04	1.547132e-04	8.546848e-05	4.791204e-05
	2.794498e-05	1.733936e-05	1.150687e-05	8.087281e-06	5.930198e-06
	4.474558e-06	3.437580e-06	2.670497e-06	2.089861e-06	1.644217e-06
	1.298912e-06	1.029260e-06	8.171363e-07	6.491093e-07	5.152021e-07
	4.079719e-07	3.218292e-07	2.525315e-07	1.968148e-07	1.521258e-07
	1.164309e-07	8.808200e-08	6.572347e-08	4.822860e-08	3.465626e-08
	2.422070e-08	1.626932e-08	1.026505e-08	5.771849e-09	2.442876e-09
	1.000000e-60
massfraction-O
	1.000000e-60	1.821543e-21	4.745937e-21	9.064531e-21	1.493862e-20
	2.249404e-20	3.199847e-20	4.406342e-20	5.987589e-20	8.152013e-20
	1.125231e-19	1.588173e-19	2.304738e-19	3.448483e-19	5.323545e-19
	8.471663e-19	1.387231e-18	2.332007e-18	4.014203e-18	7.057012e-18
	1.263801e-17	2.299855e-17	4.242940e-17	7.917953e-17	1.491494e-16
	2.830042e-16	5.397028e-16	1.031488e-15	1.968027e-15	3.731029e-15
	6.997080e-15	1.294008e-14	2.358052e-14	4.244805e-14	7.593375e-14
	1.360299e-13	2.458278e-13	4.514665e-13	8.501312e-13	1.653476e-12
	3.316545e-12	6.768340e-12	1.380867e-11	2.785230e-11	5.538125e-11
	1.086793e-10	2.109386e-10	4.059401e-10	7.765206e-10	1.479509e-09
	2.810235e-09	5.314281e-09	9.959312e-09	1.834774e-08	3.289336e-08
	5.689969e-08	9.459915e-08	1.513255e-07	2.339874e-07	3.519733e-07
	5.186086e-07	7.530955e-07	1.082878e-06	1.545653e-06	2.190301e-06
	3.080047e-06	4.303094e-06	5.986343e-06	8.298694e-06	1.144312e-05
	1.565224e-05	2.118381e-05	2.830084e-05	3.726312e-05	4.836271e-05
	6.197024e-05	7.854297e-05	9.860710e-05	1.227407e-04	1.515481e-04
	1.856128e-04	2.254239e-04	2.713277e-04	3.235668e-04	3.823466e-04
	4.478161e-04	5.200380e-04	5.991114e-04	6.853410e-04	7.792650e-04
	8.814891e-04	9.927280e-04	1.113708e-03	1.244329e-03	1.382425e-03
	1.522078e-03	1.652242e-03	1.756836e-03	1.814763e-03	1.800718e-03
	1.700515e-03	1.523646e-03	1.291754e-03	1.027027e-03	7.543367e-04
	5.064676e-04	3.138703e-04	1.854944e-04	1.089377e-04	6.592947e-05
	4.215885e-05	2.876864e-05	2.086084e-05	1.588003e-05	1.251901e-05
	1.009984e-05	8.262371e-06	6.811501e-06	5.637586e-06	4.673747e-06
	3.875070e-06	3.209074e-06	2.651100e-06	2.182076e-06	1.787147e-06
	1.454633e-06	1.175223e-06	9.413448e-07	7.466868e-07	5.858476e-07
	4.540949e-07	3.472114e-07	2.614057e-07	1.932698e-07	1.397619e-07
	9.820155e-08	6.626492e-08	4.197443e-08	2.368276e-08	1.005406e-08
	1.000000e-60
massfraction-H2
	1.000000e-60	1.360941e-05	3.093590e-05	5.228310e-05	7.774575e-05
	1.072849e-04	1.407057e-04	1.776510e-04	2.176507e-04	2.601788e-04
	3.047050e-04	3.507324e-04	3.978201e-04	4.455925e-04	4.937393e-04
	5.420103e-04	5.902082e-04	6.381792e-04	6.858059e-04	7.330002e-04
	7.796975e-04	8.258525e-04	8.714364e-04	9.164358e-04	9.608519e-04
	1.004698e-03	1.047986e-03	1.090700e-03	1.132766e-03	1.174059e-03
	1.214440e-03	1.253777e-03	1.291937e-03	1.328789e-03	1.364235e-03
	1.398233e-03	1.430847e-03	1.462361e-03	1.493274e-03	1.524031e-03
	1.554658e-03	1.584701e-03	1.613641e-03	1.641218e-03	1.667453e-03
	1.692490e-03	1.716487e-03	1.739573e-03	1.761831e-03	1.783270e-03
	1.803788e-03	1.823117e-03	1.840786e-03	1.856148e-03	1.868523e-03
	1.877418e-03	1.882661e-03	1.884364e-03	1.882791e-03	1.878223e-03
	1.870860e-03	1.860784e-03	1.847980e-03	1.832413e-03	1.814126e-03
	1.793219e-03	1.769708e-03	1.743484e-03	1.714512e-03	1.682998e-03
	1.649329e-03	1.613969e-03	1.577452e-03	1.540278e-03	1.502724e-03
	1.464814e-03	1.426453e-03	1.387534e-03	1.347975e-03	1.307735e-03
	1.266824e-03	1.225330e-03	1.183385e-03	1.141088e-03	1.098454e-03
	1.055449e-03	1.012019e-03	9.680229e-04	9.231662e-04	8.770153e-04
	8.290733e-04	7.787207e-04	7.251867e-04	6.677689e-04	6.060994e-04
	5.404998e-04	4.721593e-04	4.026668e-04	3.335083e-04	2.677835e-04
	2.102662e-04	1.638015e-04	1.282087e-04	1.020392e-04	8.376903e-05
	7.176525e-05	6.399623e-05	5.855646e-05	5.425462e-05	5.054322e-05
	4.721291e-05	4.418503e-05	4.141552e-05	3.886130e-05	3.647480e-05
	3.420636e-05	3.201280e-05	2.986764e-05	2.776305e-05	2.570295e-05
	2.369565e-05	2.174943e-05	1.987043e-05	1.806267e-05	1.632900e-05
	1.467175e-05	1.309328e-05	1.159617e-05	1.018316e-05	8.856939e-06
	7.619846e-06	6.473556e-06	5.418804e-06	4.455198e-06	3.581128e-06
	2.793790e-06	2.089301e-06	1.462903e-06	9.093267e-07	4.235132e-07
	1.000000e-60
massfraction-H2O
	1.000000e-60	1.059744e-05	3.063930e-05	6.665341e-05	1.279506e-04
	2.270246e-04	3.794052e-04	6.028454e-04	9.161199e-04	1.337639e-03
	1.884181e-03	2.569948e-03	3.406033e-03	4.400268e-03	5.557370e-03
	6.879276e-03	8.365576e-03	1.001397e-02	1.182074e-02	1.378109e-02
	1.588962e-02	1.814055e-02	2.052808e-02	2.304675e-02	2.569173e-02
	2.845897e-02	3.134464e-02	3.434306e-02	3.744404e-02	4.063246e-02
	4.389032e-02	4.719815e-02	5.053437e-02	5.387560e-02	5.719943e-02
	6.048725e-02	6.373011e-02	6.694153e-02	7.015956e-02	7.341813e-02
	7.670550e-02	7.995516e-02	8.308904e-02	8.605858e-02	8.884966e-02
	9.146599e-02	9.391683e-02	9.621241e-02	9.836217e-02	1.003731e-01
	1.022479e-01	1.039830e-01	1.055679e-01	1.069877e-01	1.082293e-01
	1.092905e-01	1.101819e-01	1.109239e-01	1.115403e-01	1.120542e-01
	1.124857e-01	1.128505e-01	1.131596e-01	1.134199e-01	1.136353e-01
	1.138088e-01	1.139436e-01	1.140422e-01	1.141056e-01	1.141339e-01
	1.141278e-01	1.140887e-01	1.140188e-01	1.139212e-01	1.137982e-01
	1.136514e-01	1.134809e-01	1.132863e-01	1.130666e-01	1.128205e-01
	1.125467e-01	1.122438e-01	1.119109e-01	1.115466e-01	1.111485e-01
	1.107132e-01	1.102364e-01	1.097119e-01	1.091298e-01	1.084757e-01
	1.077296e-01	1.068631e-01	1.058346e-01	1.045870e-01	1.030475e-01
	1.011314e-01	9.875119e-02	9.581316e-02	9.219747e-02	8.785987e-02
	8.296178e-02	7.772857e-02	7.225230e-02	6.649699e-02	6.042630e-02
	5.416093e-02	4.799042e-02	4.218848e-02	3.689140e-02	3.214060e-02
	2.794112e-02	2.427447e-02	2.109410e-02	1.833160e-02	1.591159e-02
	1.376359e-02	1.183316e-02	1.008874e-02	8.518026e-03	7.117489e-03
	5.884274e-03	4.812638e-03	3.893182e-03	3.113866e-03	2.461259e-03
	1.921454e-03	1.480666e-03	1.125583e-03	8.436020e-04	6.229948e-04
	4.530467e-04	3.241661e-04	2.279585e-04	1.572520e-04	1.060712e-04
	6.956182e-05	4.387783e-05	2.604468e-05	1.381636e-05	5.538251e-06
	1.000000e-60
massfraction-HO2
	1.000000e-60	1.084752e-10	3.178070e-10	7.013663e-10	1.366491e-09
	2.460806e-09	4.172627e-09	6.723514e-09	1.035562e-08	1.531600e-08
	2.184150e-08	3.014683e-08	4.041722e-08	5.280540e-08	6.743220e-08
	8.438947e-08	1.037443e-07	1.255435e-07	1.498183e-07	1.765888e-07
	2.058670e-07	2.376612e-07	2.719789e-07	3.088308e-07	3.482350e-07
	3.902179e-07	4.348034e-07	4.819748e-07	5.316205e-07	5.835048e-07
	6.372671e-07	6.923956e-07	7.481458e-07	8.034506e-07	8.568656e-07
	9.065329e-07	9.502170e-07	9.853743e-07	1.008812e-06	1.015925e-06
	1.000812e-06	9.586542e-07	8.886761e-07	7.947486e-07	6.841793e-07
	5.666884e-07	4.534791e-07	3.552410e-07	2.793618e-07	2.281269e-07
	1.993012e-07	1.885902e-07	1.920792e-07	2.072981e-07	2.329492e-07
	2.681659e-07	3.119964e-07	3.632399e-07	4.204899e-07	4.822763e-07
	5.472266e-07	6.141049e-07	6.817684e-07	7.490622e-07	8.148480e-07
	8.784343e-07	9.400049e-07	1.000434e-06	1.060714e-06	1.121696e-06
	1.184219e-06	1.249120e-06	1.317044e-06	1.388469e-06	1.463995e-06
	1.544492e-06	1.630975e-06	1.724469e-06	1.825969e-06	1.936431e-06
	2.056719e-06	2.187528e-06	2.329422e-06	2.483118e-06	2.649760e-06
	2.830931e-06	3.028689e-06	3.246058e-06	3.487760e-06	3.760833e-06
	4.075122e-06	4.445003e-06	4.891953e-06	5.446256e-06	6.148282e-06
	7.046837e-06	8.194401e-06	9.649476e-06	1.149121e-05	1.377864e-05
	1.649000e-05	1.959334e-05	2.315488e-05	2.734326e-05	3.232177e-05
	3.798230e-05	4.351616e-05	4.713710e-05	4.666033e-05	4.107886e-05
	3.193584e-05	2.237044e-05	1.465452e-05	9.320502e-06	5.916652e-06
	3.806482e-06	2.496199e-06	1.670112e-06	1.139244e-06	7.912519e-07
	5.585753e-07	3.999466e-07	2.897309e-07	2.117685e-07	1.557184e-07
	1.148517e-07	8.471342e-08	6.230006e-08	4.554806e-08	3.301039e-08
	2.364932e-08	1.670242e-08	1.159586e-08	7.888674e-09	5.237130e-09
	3.371932e-09	2.082983e-09	1.208388e-09	6.257688e-10	2.448729e-10
	1.000000e-60
massfraction-H2O2
	1.000000e-60	1.620841e-12	4.756053e-12	1.051313e-11	2.051478e-11
	3.699237e-11	6.278378e-11	1.012004e-10	1.557983e-10	2.300842e-10
	3.272141e-10	4.497330e-10	5.993872e-10	7.770174e-10	9.825284e-10
	1.214917e-09	1.472344e-09	1.752224e-09	2.051334e-09	2.365904e-09
	2.691711e-09	3.024147e-09	3.358275e-09	3.688864e-09	4.010398e-09
	4.317026e-09	4.602413e-09	4.859497e-09	5.080381e-09	5.256623e-09
	5.379751e-09	5.441672e-09	5.435037e-09	5.353762e-09	5.193493e-09
	4.951759e-09	4.627419e-09	4.218238e-09	3.718489e-09	3.123834e-09
	2.448593e-09	1.747291e-09	1.115398e-09	6.472362e-10	3.699963e-10
	2.298589e-10	1.562033e-10	1.109705e-10	8.157480e-11	6.347015e-11
	5.368435e-11	4.992952e-11	5.075804e-11	5.561746e-11	6.475211e-11
	7.915233e-11	1.007133e-10	1.326742e-10	1.804225e-10	2.528611e-10
	3.646390e-10	5.394457e-10	8.143947e-10	1.244390e-09	1.904344e-09
	2.891231e-09	4.333312e-09	6.403399e-09	9.316770e-09	1.330970e-08
	1.862183e-08	2.548415e-08	3.409649e-08	4.462925e-08	5.728048e-08
	7.233737e-08	9.018928e-08	1.113179e-07	1.362978e-07	1.657972e-07
	2.005652e-07	2.413959e-07	2.891163e-07	3.446566e-07	4.091526e-07
	4.839684e-07	5.707163e-07	6.714845e-07	7.892277e-07	9.281549e-07
	1.094043e-06	1.295190e-06	1.543895e-06	1.857618e-06	2.260402e-06
	2.784244e-06	3.471902e-06	4.388724e-06	5.650846e-06	7.430240e-06
	9.928539e-06	1.339797e-05	1.811255e-05	2.385544e-05	2.885679e-05
	3.048251e-05	2.858817e-05	2.519499e-05	2.170991e-05	1.856539e-05
	1.581822e-05	1.345598e-05	1.145022e-05	9.753326e-06	8.308086e-06
	7.060177e-06	5.967420e-06	5.003557e-06	4.155003e-06	3.414181e-06
	2.774786e-06	2.229777e-06	1.770950e-06	1.389393e-06	1.076049e-06
	8.220802e-07	6.190960e-07	4.592676e-07	3.354024e-07	2.409967e-07
	1.702770e-07	1.182264e-07	8.058866e-08	5.384522e-08	3.516417e-08
	2.232728e-08	1.364272e-08	7.852984e-09	4.046564e-09	1.579105e-09
	1.000000e-60
massfraction-CO
	1.000000e-60	2.078403e-06	6.109980e-06	1.353386e-05	2.646863e-05
	4.784541e-05	8.142556e-05	1.316617e-04	2.034508e-04	3.018212e-04
	4.316259e-04	5.972947e-04	8.026774e-04	1.050973e-03	1.344733e-03
	1.685916e-03	2.075966e-03	2.515907e-03	3.006430e-03	3.547988e-03
	4.140869e-03	4.785277e-03	5.481406e-03	6.229539e-03	7.030146e-03
	7.883937e-03	8.791699e-03	9.753621e-03	1.076834e-02	1.183266e-02
	1.294202e-02	1.409090e-02	1.527246e-02	1.647859e-02	1.770083e-02
	1.893144e-02	2.016582e-02	2.140776e-02	2.267094e-02	2.396793e-02
	2.529303e-02	2.661733e-02	2.790553e-02	2.913356e-02	3.029163e-02
	3.137791e-02	3.239356e-02	3.334083e-02	3.422216e-02	3.503948e-02
	3.579336e-02	3.648219e-02	3.710198e-02	3.764757e-02	3.811523e-02
	3.850592e-02	3.882606e-02	3.908562e-02	3.929559e-02	3.946622e-02
	3.960620e-02	3.972222e-02	3.981899e-02	3.989941e-02	3.996492e-02
	4.001612e-02	4.005303e-02	4.007464e-02	4.007851e-02	4.006106e-02
	4.001825e-02	3.994602e-02	3.984086e-02	3.970010e-02	3.952126e-02
	3.930112e-02	3.903555e-02	3.871985e-02	3.834898e-02	3.791796e-02
	3.742229e-02	3.685878e-02	3.622572e-02	3.552197e-02	3.474582e-02
	3.389517e-02	3.296772e-02	3.195935e-02	3.086174e-02	2.966170e-02
	2.834238e-02	2.688128e-02	2.524879e-02	2.341497e-02	2.136028e-02
	1.909251e-02	1.666051e-02	1.414375e-02	1.163374e-02	9.285858e-03
	7.291591e-03	5.728056e-03	4.542255e-03	3.641270e-03	2.946857e-03
	2.405797e-03	1.980637e-03	1.641805e-03	1.366729e-03	1.140304e-03
	9.530563e-04	7.983778e-04	6.705910e-04	5.644218e-04	4.752096e-04
	3.991154e-04	3.333245e-04	2.760947e-04	2.264693e-04	1.838382e-04
	1.476529e-04	1.173219e-04	9.220212e-05	7.163706e-05	5.499404e-05
	4.168505e-05	3.117640e-05	2.299080e-05	1.670652e-05	1.195531e-05
	8.420070e-06	5.832317e-06	3.969147e-06	2.649503e-06	1.729708e-06
	1.098458e-06	6.715826e-07	3.869111e-07	1.995803e-07	7.796927e-08
	1.000000e-60
massfraction-CO2
	1.000000e-60	9.853479e-07	3.173958e-06	7.766991e-06	1.683427e-05
	3.370202e-05	6.332000e-05	1.124899e-04	1.898929e-04	3.058789e-04
	4.720589e-04	7.007838e-04	1.004610e-03	1.395827e-03	1.886094e-03
	2.486197e-03	3.205925e-03	4.054037e-03	5.038302e-03	6.165594e-03
	7.442022e-03	8.873086e-03	1.046388e-02	1.221937e-02	1.414466e-02
	1.624525e-02	1.852667e-02	2.099278e-02	2.364309e-02	2.647166e-02
	2.946806e-02	3.261814e-02	3.590305e-02	3.929908e-02	4.278025e-02
	4.632148e-02	4.990586e-02	5.354051e-02	5.726177e-02	6.110305e-02
	6.504271e-02	6.898836e-02	7.282715e-02	7.648009e-02	7.991232e-02
	8.311446e-02	8.608764e-02	8.883750e-02	9.137160e-02	9.369701e-02
	9.581823e-02	9.773493e-02	9.944192e-02	1.009323e-01	1.022041e-01
	1.032672e-01	1.041443e-01	1.048651e-01	1.054601e-01	1.059567e-01
	1.063779e-01	1.067415e-01	1.070605e-01	1.073438e-01	1.075967e-01
	1.078237e-01	1.080292e-01	1.082175e-01	1.083912e-01	1.085511e-01
	1.086973e-01	1.088299e-01	1.089490e-01	1.090548e-01	1.091480e-01
	1.092293e-01	1.092992e-01	1.093576e-01	1.094036e-01	1.094359e-01
	1.094524e-01	1.094506e-01	1.094274e-01	1.093795e-01	1.093027e-01
	1.091917e-01	1.090404e-01	1.088404e-01	1.085800e-01	1.082422e-01
	1.078026e-01	1.072246e-01	1.064516e-01	1.053991e-01	1.039448e-01
	1.019258e-01	9.914682e-02	9.538647e-02	9.039249e-02	8.406902e-02
	7.674747e-02	6.896925e-02	6.108939e-02	5.324234e-02	4.553044e-02
	3.820109e-02	3.158795e-02	2.588747e-02	2.110060e-02	1.713820e-02
	1.389646e-02	1.127111e-02	9.155249e-03	7.445298e-03	6.050547e-03
	4.897972e-03	3.934663e-03	3.126770e-03	2.453405e-03	1.899217e-03
	1.450105e-03	1.091943e-03	8.107280e-04	5.932448e-04	4.275790e-04
	3.033364e-04	2.116692e-04	1.451909e-04	9.784454e-05	6.475383e-05
	4.207071e-05	2.682470e-05	1.677698e-05	1.028231e-05	6.162668e-06
	3.596428e-06	2.025117e-06	1.078487e-06	5.169195e-07	1.889059e-07
	1.000000e-60
massfraction-CH
	1.000000e-60	3.362798e-27	9.071981e-27	2.009740e-26	4.505554e-26
	1.826390e-26	1.629136e-26	4.530641e-26	1.000000e-60	1.512696e-26
	1.000000e-60	1.009516e-25	1.000000e-60	1.000000e-60	1.000000e-60
	1.000000e-60	1.000000e-60	1.000000e-60	1.000000e-60	1.000000e-60
	3.557310e-28	1.000000e-60	9.575109e-26	1.137056e-24	4.522133e-24
	1.700254e-23	6.553911e-23	2.578589e-22	1.026101e-21	4.092561e-21
	1.615213e-20	6.221446e-20	2.303984e-19	8.084522e-19	2.657157e-18
	8.133118e-18	2.324811e-17	6.299102e-17	1.660337e-16	4.374805e-16
	1.169960e-15	3.165755e-15	8.558368e-15	2.292819e-14	6.084841e-14
	1.603869e-13	4.210185e-13	1.103619e-12	2.897055e-12	7.634314e-12
	2.021691e-11	5.369409e-11	1.420609e-10	3.698343e-10	9.321075e-10
	2.240450e-09	5.089699e-09	1.090623e-08	2.211341e-08	4.267018e-08
	7.885167e-08	1.402575e-07	2.408481e-07	3.992858e-07	6.375720e-07
	9.789300e-07	1.447578e-06	2.068264e-06	2.859362e-06	3.821999e-06
	4.935068e-06	6.156274e-06	7.425559e-06	8.675786e-06	9.846790e-06
	1.089021e-05	1.176549e-05	1.243676e-05	1.287347e-05	1.305254e-05
	1.296120e-05	1.260035e-05	1.198675e-05	1.115148e-05	1.013543e-05
	8.986096e-06	7.755189e-06	6.494085e-06	5.249899e-06	4.065619e-06
	2.982664e-06	2.039099e-06	1.267509e-06	6.921995e-07	3.177774e-07
	1.168050e-07	3.292279e-08	6.889691e-09	1.056389e-09	1.262820e-10
	1.392627e-11	1.703689e-12	2.473236e-13	3.958533e-14	6.256068e-15
	9.225961e-16	1.271090e-16	1.659074e-17	2.068957e-18	2.498845e-19
	2.991677e-20	3.643153e-21	4.622341e-22	6.275202e-23	9.391792e-24
	1.577822e-24	2.937036e-25	6.013175e-26	1.253721e-26	2.837878e-27
	5.848791e-28	1.844493e-28	4.956457e-29	1.000000e-60	6.674843e-30
	1.020718e-29	1.134922e-29	8.488602e-30	1.002804e-29	4.239983e-30
	1.000000e-60	3.812852e-30	2.013847e-31	4.624902e-31	1.000000e-60
	3.895797e-31	3.715254e-31	2.130290e-32	1.000000e-60	1.000000e-60
	1.000000e-60
massfraction-CHO
	1.000000e-60	1.590176e-18	5.149118e-18	1.245146e-17	2.614106e-17
	4.977958e-17	8.781119e-17	1.457105e-16	2.308527e-16	3.546451e-16
	5.364714e-16	8.102767e-16	1.235531e-15	1.916086e-15	3.033537e-15
	4.906993e-15	8.100573e-15	1.361657e-14	2.324148e-14	4.016214e-14
	7.005189e-14	1.229549e-13	2.164751e-13	3.809699e-13	6.674961e-13
	1.158669e-12	1.980193e-12	3.304437e-12	5.327287e-12	8.196725e-12
	1.189965e-11	1.617965e-11	2.059812e-11	2.474387e-11	2.840805e-11
	3.159163e-11	3.444000e-11	3.721801e-11	4.032864e-11	4.435369e-11
	5.008673e-11	5.853476e-11	7.104513e-11	8.970129e-11	1.180295e-10
	1.622193e-10	2.333473e-10	3.512186e-10	5.502842e-10	8.876477e-10
	1.452202e-09	2.371901e-09	3.814246e-09	5.976052e-09	9.066700e-09
	1.330459e-08	1.894082e-08	2.630407e-08	3.585616e-08	4.825868e-08
	6.445508e-08	8.574907e-08	1.138592e-07	1.508665e-07	1.990096e-07
	2.606008e-07	3.383390e-07	4.354907e-07	5.551620e-07	6.991324e-07
	8.673654e-07	1.057923e-06	1.266756e-06	1.488348e-06	1.717214e-06
	1.948552e-06	2.177594e-06	2.398839e-06	2.605787e-06	2.790929e-06
	2.945935e-06	3.062165e-06	3.131632e-06	3.147987e-06	3.106942e-06
	3.006451e-06	2.847067e-06	2.631938e-06	2.366351e-06	2.057767e-06
	1.716944e-06	1.358614e-06	1.002347e-06	6.740094e-07	4.027816e-07
	2.107742e-07	9.925178e-08	4.695947e-08	2.617795e-08	1.776207e-08
	1.328298e-08	1.024398e-08	7.974649e-09	6.176170e-09	4.634874e-09
	3.203373e-09	1.888972e-09	8.907594e-10	3.343990e-10	1.047786e-10
	2.905942e-11	7.514344e-12	1.899845e-12	4.932840e-13	1.381013e-13
	4.298164e-14	1.480413e-14	5.478704e-15	2.116388e-15	8.395140e-16
	3.397405e-16	1.399211e-16	5.852244e-17	2.478470e-17	1.058726e-17
	4.540769e-18	1.945562e-18	8.284685e-19	3.487949e-19	1.444506e-19
	5.855297e-20	2.311189e-20	8.833304e-21	3.246244e-21	1.136021e-21
	3.728825e-22	1.118609e-22	2.918692e-23	5.927533e-24	6.644032e-25
	1.000000e-60
massfraction-CH2
	1.000000e-60	6.193707e-21	1.271010e-20	1.937799e-20	2.617368e-20
	3.329754e-20	4.122511e-20	5.080613e-20	6.346273e-20	8.156822e-20
	1.091932e-19	1.535944e-19	2.282310e-19	3.589940e-19	5.973569e-19
	1.048758e-18	1.935136e-18	3.735343e-18	7.505717e-18	1.562283e-17
	3.352657e-17	7.385643e-17	1.663617e-16	3.818514e-16	8.905209e-16
	2.104871e-15	5.030630e-15	1.212169e-14	2.931968e-14	7.076648e-14
	1.692389e-13	3.979203e-13	9.122066e-13	2.022362e-12	4.308401e-12
	8.791589e-12	1.721113e-11	3.260639e-11	6.068950e-11	1.126989e-10
	2.103394e-10	3.930019e-10	7.283432e-10	1.331197e-09	2.398397e-09
	4.267187e-09	7.512589e-09	1.311550e-08	2.275580e-08	3.931755e-08
	6.773714e-08	1.163242e-07	1.985518e-07	3.348844e-07	5.536622e-07
	8.905403e-07	1.387192e-06	2.090457e-06	3.052310e-06	4.330180e-06
	5.986657e-06	8.085116e-06	1.067901e-05	1.379072e-05	1.738676e-05
	2.137915e-05	2.565634e-05	3.009067e-05	3.450594e-05	3.866947e-05
	4.233777e-05	4.530403e-05	4.742467e-05	4.863840e-05	4.895961e-05
	4.844453e-05	4.716408e-05	4.519675e-05	4.262999e-05	3.956243e-05
	3.610580e-05	3.238534e-05	2.853338e-05	2.467510e-05	2.091798e-05
	1.735223e-05	1.405192e-05	1.107020e-05	8.438589e-06	6.174245e-06
	4.287790e-06	2.781042e-06	1.645395e-06	8.602515e-07	3.823002e-07
	1.388172e-07	3.998981e-08	9.008403e-09	1.600245e-09	2.432114e-10
	3.746768e-11	6.897449e-12	1.595243e-12	4.335592e-13	1.269625e-13
	3.856820e-14	1.219434e-14	4.043556e-15	1.409781e-15	5.189942e-16
	2.027610e-16	8.393379e-17	3.638414e-17	1.622612e-17	7.316157e-18
	3.288555e-18	1.461160e-18	6.417119e-19	2.809907e-19	1.243698e-19
	5.644988e-20	2.659143e-20	1.310404e-20	6.780976e-21	3.685215e-21
	2.097506e-21	1.244029e-21	7.637569e-22	4.816037e-22	3.092366e-22
	2.003132e-22	1.295772e-22	8.274829e-23	5.145872e-23	3.062888e-23
	1.705147e-23	8.590344e-24	3.712286e-24	1.234051e-24	2.258810e-25
	1.000000e-60
massfraction-CH2O
	1.000000e-60	2.696587e-09	8.852897e-09	2.212025e-08	4.898621e-08
	1.001847e-07	1.921469e-07	3.480827e-07	5.984054e-07	9.802827e-07
	1.536367e-06	2.312947e-06	3.357871e-06	4.718552e-06	6.440288e-06
	8.565001e-06	1.113042e-05	1.416969e-05	1.771125e-05	2.177906e-05
	2.639299e-05	3.156934e-05	3.732159e-05	4.366140e-05	5.059975e-05
	5.814770e-05	6.631525e-05	7.510521e-05	8.450408e-05	9.447856e-05
	1.049798e-04	1.159470e-04	1.273042e-04	1.389614e-04	1.508235e-04
	1.628017e-04	1.748373e-04	1.869538e-04	1.992700e-04	2.118916e-04
	2.247399e-04	2.375056e-04	2.498136e-04	2.613925e-04	2.720977e-04
	2.818417e-04	2.905392e-04	2.980823e-04	3.043322e-04	3.091225e-04
	3.122832e-04	3.136971e-04	3.133912e-04	3.116303e-04	3.089340e-04
	3.059583e-04	3.033069e-04	3.014049e-04	3.004874e-04	3.006574e-04
	3.019590e-04	3.044327e-04	3.081384e-04	3.131427e-04	3.194827e-04
	3.271568e-04	3.361676e-04	3.465286e-04	3.581690e-04	3.708349e-04
	3.840962e-04	3.973921e-04	4.100671e-04	4.214598e-04	4.309991e-04
	4.382010e-04	4.426026e-04	4.437302e-04	4.411133e-04	4.343218e-04
	4.230226e-04	4.070552e-04	3.864926e-04	3.616359e-04	3.329652e-04
	3.011256e-04	2.669199e-04	2.312285e-04	1.949286e-04	1.589104e-04
	1.241730e-04	9.181162e-05	6.301680e-05	3.909899e-05	2.119682e-05
	9.674145e-06	3.601101e-06	1.071250e-06	2.543796e-07	5.115609e-08
	9.872833e-09	2.060746e-09	4.969125e-10	1.419556e-10	4.870146e-11
	2.022982e-11	9.998444e-12	5.651530e-12	3.522825e-12	2.359221e-12
	1.664546e-12	1.219586e-12	9.184319e-13	7.051925e-13	5.481619e-13
	4.284390e-13	3.346143e-13	2.598991e-13	2.001638e-13	1.526077e-13
	1.150718e-13	8.575700e-14	6.312038e-14	4.584714e-14	3.283290e-14
	2.316141e-14	1.608071e-14	1.097989e-14	7.368311e-15	4.857329e-15
	3.144226e-15	1.997793e-15	1.245302e-15	7.607608e-16	4.545363e-16
	2.644597e-16	1.484840e-16	7.885923e-17	3.770112e-17	1.374608e-17
	1.000000e-60
massfraction-CH3
	1.000000e-60	1.073375e-10	3.119789e-10	6.826342e-10	1.318477e-09
	2.354385e-09	3.960964e-09	6.338165e-09	9.705526e-09	1.429128e-08
	2.032356e-08	2.802566e-08	3.761620e-08	4.931361e-08	6.334405e-08
	7.995188e-08	9.941202e-08	1.220442e-07	1.482293e-07	1.784291e-07
	2.132105e-07	2.532765e-07	2.995084e-07	3.530232e-07	4.152559e-07
	4.880710e-07	5.739044e-07	6.759104e-07	7.981205e-07	9.457136e-07
	1.125494e-06	1.346550e-06	1.621031e-06	1.965181e-06	2.400956e-06
	2.958429e-06	3.680384e-06	4.633555e-06	5.929537e-06	7.749299e-06
	1.035754e-05	1.409558e-05	1.938014e-05	2.674105e-05	3.688826e-05
	5.078382e-05	6.972126e-05	9.542885e-05	1.301970e-04	1.770005e-04
	2.395488e-04	3.220911e-04	4.287506e-04	5.622495e-04	7.223840e-04
	9.054001e-04	1.104790e-03	1.312815e-03	1.521851e-03	1.725219e-03
	1.917444e-03	2.093828e-03	2.249884e-03	2.380967e-03	2.482680e-03
	2.552099e-03	2.588149e-03	2.590597e-03	2.559611e-03	2.496645e-03
	2.405017e-03	2.289572e-03	2.156199e-03	2.010949e-03	1.858782e-03
	1.703116e-03	1.546354e-03	1.390496e-03	1.237387e-03	1.088816e-03
	9.465756e-04	8.124527e-04	6.880437e-04	5.744535e-04	4.722196e-04
	3.815100e-04	3.022453e-04	2.340410e-04	1.762469e-04	1.281280e-04
	8.901996e-05	5.826626e-05	3.518876e-05	1.907202e-05	8.968781e-06
	3.535373e-06	1.138004e-06	2.951676e-07	6.204882e-08	1.127307e-08
	2.005970e-09	3.908913e-10	8.789677e-11	2.311181e-11	7.164432e-12
	2.638356e-12	1.131468e-12	5.391414e-13	2.733990e-13	1.440352e-13
	7.825303e-14	4.384801e-14	2.533668e-14	1.505076e-14	9.140194e-15
	5.634620e-15	3.502789e-15	2.187545e-15	1.372005e-15	8.657495e-16
	5.508970e-16	3.541373e-16	2.301597e-16	1.511946e-16	1.002885e-16
	6.706712e-17	4.513606e-17	3.051051e-17	2.067424e-17	1.401537e-17
	9.486236e-18	6.396583e-18	4.286049e-18	2.844460e-18	1.861129e-18
	1.192069e-18	7.384683e-19	4.323502e-19	2.269528e-19	9.022415e-20
	1.000000e-60
massfraction-CH4
	1.000000e+00	9.999388e-01	9.998298e-01	9.996404e-01	9.993235e-01
	9.988138e-01	9.980281e-01	9.968675e-01	9.952233e-01	9.929831e-01
	9.900375e-01	9.862856e-01	9.816381e-01	9.760190e-01	9.693656e-01
	9.616274e-01	9.527641e-01	9.427441e-01	9.315421e-01	9.191370e-01
	9.055105e-01	8.906448e-01	8.745209e-01	8.571163e-01	8.384025e-01
	8.183430e-01	7.968977e-01	7.740380e-01	7.497702e-01	7.241443e-01
	6.972430e-01	6.691753e-01	6.400858e-01	6.101566e-01	5.795866e-01
	5.485652e-01	5.172116e-01	4.854377e-01	4.529032e-01	4.192959e-01
	3.847919e-01	3.501803e-01	3.164563e-01	2.843242e-01	2.541065e-01
	2.259021e-01	1.997149e-01	1.755045e-01	1.532092e-01	1.327666e-01
	1.141335e-01	9.730646e-02	8.232413e-02	6.924180e-02	5.807607e-02
	4.874236e-02	4.104795e-02	3.473889e-02	2.955401e-02	2.525751e-02
	2.165250e-02	1.858657e-02	1.594912e-02	1.366636e-02	1.169106e-02
	9.984637e-03	8.505809e-03	7.216540e-03	6.092102e-03	5.119057e-03
	4.286024e-03	3.580005e-03	2.987343e-03	2.493274e-03	2.081692e-03
	1.737145e-03	1.446914e-03	1.201319e-03	9.930206e-04	8.163559e-04
	6.668774e-04	5.410108e-04	4.356940e-04	3.480886e-04	2.755558e-04
	2.157897e-04	1.668332e-04	1.269727e-04	9.470749e-05	6.879068e-05
	4.824819e-05	3.229421e-05	2.028575e-05	1.170143e-05	6.040891e-06
	2.720946e-06	1.049642e-06	3.436522e-07	9.597044e-08	2.413005e-08
	6.074831e-09	1.685603e-09	5.426378e-10	2.081685e-10	9.771534e-11
	5.693169e-11	3.973983e-11	3.094486e-11	2.536465e-11	2.123323e-11
	1.793197e-11	1.521626e-11	1.295568e-11	1.105483e-11	9.435451e-12
	8.033965e-12	6.803869e-12	5.717089e-12	4.759482e-12	3.923142e-12
	3.201109e-12	2.585275e-12	2.066088e-12	1.633224e-12	1.276308e-12
	9.853655e-13	7.510621e-13	5.648055e-13	4.187802e-13	3.059601e-13
	2.201144e-13	1.558081e-13	1.083915e-13	7.397288e-14	4.936982e-14
	3.204162e-14	2.000827e-14	1.176255e-14	6.183719e-15	2.458203e-15
	1.000000e-60
massfraction-C2H6
	1.000000e-60	1.321584e-08	4.405256e-08	1.119280e-07	2.521976e-07
	5.247568e-07	1.023470e-06	1.884097e-06	3.288851e-06	5.465943e-06
	8.684047e-06	1.324275e-05	1.946097e-05	2.766515e-05	3.817878e-05
	5.131401e-05	6.736583e-05	8.660840e-05	1.092935e-04	1.356509e-04
	1.658892e-04	2.001991e-04	2.387568e-04	2.817302e-04	3.292861e-04
	3.815950e-04	4.388227e-04	5.010861e-04	5.683836e-04	6.405626e-04
	7.173420e-04	7.983293e-04	8.829953e-04	9.706689e-04	1.060604e-03
	1.152061e-03	1.244496e-03	1.337957e-03	1.433192e-03	1.530774e-03
	1.629715e-03	1.727084e-03	1.819332e-03	1.903671e-03	1.978258e-03
	2.041627e-03	2.092238e-03	2.128240e-03	2.147349e-03	2.146807e-03
	2.123513e-03	2.074532e-03	1.998134e-03	1.895215e-03	1.770242e-03
	1.630532e-03	1.484090e-03	1.337619e-03	1.195673e-03	1.060757e-03
	9.338628e-04	8.152331e-04	7.049687e-04	6.034602e-04	5.114098e-04
	4.292351e-04	3.565959e-04	2.927741e-04	2.373109e-04	1.900025e-04
	1.504874e-04	1.181184e-04	9.207688e-05	7.142399e-05	5.516267e-05
	4.237413e-05	3.231514e-05	2.441759e-05	1.824547e-05	1.345784e-05
	9.782979e-06	7.000359e-06	4.926086e-06	3.404179e-06	2.304803e-06
	1.524031e-06	9.803696e-07	6.100842e-07	3.641535e-07	2.059361e-07
	1.085415e-07	5.210604e-08	2.205597e-08	7.898053e-09	2.283299e-09
	5.113020e-10	8.670860e-11	1.112034e-11	1.106304e-12	9.354229e-14
	7.792237e-15	7.253907e-16	8.074965e-17	1.116476e-17	2.014291e-18
	5.076390e-19	1.854785e-19	9.371624e-20	5.880306e-20	4.152623e-20
	3.110520e-20	2.401186e-20	1.885010e-20	1.493931e-20	1.188793e-20
	9.448584e-21	7.463415e-21	5.836031e-21	4.507107e-21	3.434052e-21
	2.580221e-21	1.911408e-21	1.395583e-21	1.003784e-21	7.107540e-22
	4.950779e-22	3.389890e-22	2.280181e-22	1.505876e-22	9.760418e-23
	6.206941e-23	3.871708e-23	2.367952e-23	1.418824e-23	8.313124e-24
	4.743770e-24	2.613426e-24	1.363058e-24	6.407576e-25	2.301055e-25
	1.000000e-60
massfraction-C2H
	1.000000e-60	5.004811e-31	1.000000e-60	1.000000e-60	4.386742e-29
	2.312584e-29	1.684819e-28	6.289830e-28	1.106456e-27	3.138770e-27
	8.876474e-27	2.308576e-26	6.267148e-26	1.705880e-25	4.656764e-25
	1.291989e-24	3.619783e-24	1.025097e-23	2.924040e-23	8.382156e-23
	2.407059e-22	6.905009e-22	1.973697e-21	5.609605e-21	1.583011e-20
	4.431806e-20	1.230445e-19	3.386072e-19	9.224194e-19	2.483142e-18
	6.597364e-18	1.729570e-17	4.476634e-17	1.145204e-16	2.900246e-16
	7.285876e-16	1.821842e-15	4.573476e-15	1.170450e-14	3.099997e-14
	8.518116e-14	2.391194e-13	6.693896e-13	1.832136e-12	4.850124e-12
	1.236297e-11	3.031697e-11	7.161206e-11	1.633224e-10	3.604950e-10
	7.711598e-10	1.597348e-09	3.190969e-09	6.105020e-09	1.109764e-08
	1.906614e-08	3.095186e-08	4.768932e-08	7.023497e-08	9.965613e-08
	1.372221e-07	1.843864e-07	2.426027e-07	3.128791e-07	3.951937e-07
	4.884217e-07	5.909204e-07	7.006382e-07	8.142538e-07	9.267512e-07
	1.032297e-06	1.125324e-06	1.201221e-06	1.257022e-06	1.291587e-06
	1.304981e-06	1.297781e-06	1.270847e-06	1.225360e-06	1.162924e-06
	1.085672e-06	9.963644e-07	8.982976e-07	7.949590e-07	6.896856e-07
	5.855882e-07	4.855081e-07	3.917960e-07	3.062028e-07	2.300363e-07
	1.643911e-07	1.100701e-07	6.752673e-08	3.681377e-08	1.715736e-08
	6.550932e-09	1.972571e-09	4.550949e-10	7.971786e-11	1.136634e-11
	1.570112e-12	2.503857e-13	4.849337e-14	1.069474e-14	2.492443e-15
	6.012659e-16	1.527078e-16	4.091625e-17	1.130295e-17	3.165542e-18
	9.076847e-19	2.725408e-19	8.670230e-20	2.909525e-20	1.016468e-20
	3.639584e-21	1.318695e-21	4.812405e-22	1.777736e-22	6.722161e-23
	2.635598e-23	1.083584e-23	4.707150e-24	2.168054e-24	1.058390e-24
	5.456625e-25	2.952683e-25	1.663295e-25	9.660000e-26	5.721944e-26
	3.416338e-26	2.030071e-26	1.184114e-26	6.676913e-27	3.577086e-27
	1.783276e-27	8.042918e-28	3.131529e-28	9.498571e-29	1.610330e-29
	1.000000e-60
massfraction-C2H2
	1.000000e-60	7.553367e-08	2.408578e-07	5.829127e-07	1.249047e-06
	2.472329e-06	4.594229e-06	8.076779e-06	1.350076e-05	2.154824e-05
	3.297307e-05	4.856527e-05	6.911611e-05	9.538823e-05	1.280937e-04
	1.678805e-04	2.153255e-04	2.709350e-04	3.351475e-04	4.083412e-04
	4.908424e-04	5.829360e-04	6.848781e-04	7.969126e-04	9.192897e-04
	1.052278e-03	1.196144e-03	1.351041e-03	1.516845e-03	1.693095e-03
	1.879054e-03	2.073765e-03	2.275998e-03	2.484244e-03	2.696881e-03
	2.912375e-03	3.129711e-03	3.349347e-03	3.573504e-03	3.804217e-03
	4.040230e-03	4.276104e-03	4.505239e-03	4.723072e-03	4.927651e-03
	5.118488e-03	5.295644e-03	5.459305e-03	5.609519e-03	5.745831e-03
	5.866810e-03	5.969482e-03	6.049065e-03	6.099560e-03	6.115563e-03
	6.094516e-03	6.037629e-03	5.948963e-03	5.833662e-03	5.696391e-03
	5.540416e-03	5.367545e-03	5.178635e-03	4.974541e-03	4.756934e-03
	4.527735e-03	4.287655e-03	4.036331e-03	3.774455e-03	3.505025e-03
	3.232385e-03	2.961193e-03	2.696210e-03	2.441433e-03	2.198935e-03
	1.969030e-03	1.751425e-03	1.545969e-03	1.352793e-03	1.172281e-03
	1.005030e-03	8.517803e-04	7.131592e-04	5.893593e-04	4.800823e-04
	3.847681e-04	3.027202e-04	2.330382e-04	1.746542e-04	1.265060e-04
	8.767756e-05	5.732333e-05	3.463101e-05	1.880326e-05	8.866038e-06
	3.500644e-06	1.122900e-06	2.870639e-07	5.873481e-08	1.045421e-08
	1.934950e-09	4.423067e-10	1.318230e-10	4.890973e-11	2.152474e-11
	1.114965e-11	6.786885e-12	4.697439e-12	3.522414e-12	2.756373e-12
	2.204368e-12	1.784372e-12	1.455286e-12	1.192024e-12	9.773895e-13
	7.991325e-13	6.489052e-13	5.215940e-13	4.142147e-13	3.246962e-13
	2.511617e-13	1.916901e-13	1.443166e-13	1.071330e-13	7.837471e-14
	5.646685e-14	4.003963e-14	2.792537e-14	1.914655e-14	1.289957e-14
	8.536708e-15	5.547059e-15	3.536972e-15	2.210591e-15	1.351180e-15
	8.040114e-16	4.613967e-16	2.502107e-16	1.219681e-16	4.525805e-17
	1.000000e-60
massfraction-CHCO
	1.000000e-60	4.317506e-07	1.191677e-06	2.466215e-06	4.498036e-06
	7.585990e-06	1.207045e-05	1.830593e-05	2.663208e-05	3.734769e-05
	5.069305e-05	6.684211e-05	8.590345e-05	1.079272e-04	1.329154e-04
	1.608327e-04	1.916176e-04	2.251909e-04	2.614637e-04	3.003435e-04
	3.417389e-04	3.855639e-04	4.317416e-04	4.802089e-04	5.309216e-04
	5.838551e-04	6.389936e-04	6.962893e-04	7.556118e-04	8.167381e-04
	8.793898e-04	9.432563e-04	1.007980e-03	1.073161e-03	1.138403e-03
	1.203374e-03	1.267921e-03	1.332332e-03	1.397399e-03	1.463854e-03
	1.531507e-03	1.599010e-03	1.664711e-03	1.727518e-03	1.787035e-03
	1.843248e-03	1.896274e-03	1.946274e-03	1.993421e-03	2.037877e-03
	2.079756e-03	2.119080e-03	2.155741e-03	2.189476e-03	2.219887e-03
	2.246514e-03	2.268887e-03	2.286532e-03	2.298964e-03	2.305675e-03
	2.306070e-03	2.299392e-03	2.284690e-03	2.260919e-03	2.227198e-03
	2.182923e-03	2.127498e-03	2.060162e-03	1.980472e-03	1.888936e-03
	1.787017e-03	1.676869e-03	1.561221e-03	1.442888e-03	1.324020e-03
	1.205902e-03	1.089383e-03	9.752595e-04	8.643861e-04	7.577005e-04
	6.562248e-04	5.610413e-04	4.731406e-04	3.932006e-04	3.215262e-04
	2.581826e-04	2.030746e-04	1.559014e-04	1.161817e-04	8.337667e-05
	5.699219e-05	3.653026e-05	2.146227e-05	1.120968e-05	5.012304e-06
	1.844441e-06	5.408014e-07	1.236461e-07	2.198962e-08	3.260783e-09
	4.753332e-10	8.178233e-11	1.820009e-11	5.068759e-12	1.646468e-12
	6.070795e-13	2.557300e-13	1.232398e-13	6.753771e-14	4.179458e-14
	2.869019e-14	2.115382e-14	1.618428e-14	1.251714e-14	9.627565e-15
	7.292201e-15	5.407874e-15	3.918355e-15	2.778072e-15	1.935025e-15
	1.330732e-15	9.078150e-16	6.165893e-16	4.179684e-16	2.831569e-16
	1.918108e-16	1.299168e-16	8.795276e-17	5.948578e-17	4.017256e-17
	2.707419e-17	1.819591e-17	1.218061e-17	8.104340e-18	5.338899e-18
	3.458530e-18	2.175911e-18	1.297983e-18	6.955275e-19	2.823516e-19
	1.000000e-60
massfraction-C3H3
	1.000000e-60	4.933082e-27	1.794309e-26	4.942999e-26	1.179399e-25
	1.785163e-25	2.198517e-25	1.986314e-25	1.135315e-25	1.774888e-26
	6.575307e-26	8.852227e-25	1.000000e-60	1.000000e-60	1.000000e-60
	1.000000e-60	1.000000e-60	1.000000e-60	1.000000e-60	1.000000e-60
	1.000000e-60	1.130500e-23	4.387270e-23	1.699978e-22	5.906221e-22
	2.036987e-21	7.154733e-21	2.530990e-20	8.996505e-20	3.190075e-19
	1.118719e-18	3.842773e-18	1.279494e-17	4.087364e-17	1.242692e-16
	3.582734e-16	9.827791e-16	2.600856e-15	6.803636e-15	1.807260e-14
	4.970128e-14	1.424723e-13	4.279434e-13	1.360270e-12	4.578191e-12
	1.595628e-11	5.548861e-11	1.861249e-10	5.898082e-10	1.752289e-09
	4.891003e-09	1.292520e-08	3.261272e-08	7.879124e-08	1.809388e-07
	3.893683e-07	7.754393e-07	1.422608e-06	2.412375e-06	3.813383e-06
	5.678035e-06	8.041082e-06	1.091311e-05	1.426288e-05	1.799734e-05
	2.197104e-05	2.602105e-05	2.997198e-05	3.360636e-05	3.667047e-05
	3.893196e-05	4.023115e-05	4.050689e-05	3.980241e-05	3.823583e-05
	3.595437e-05	3.310985e-05	2.985492e-05	2.634242e-05	2.272296e-05
	1.914110e-05	1.572953e-05	1.259823e-05	9.822536e-06	7.440648e-06
	5.461235e-06	3.870313e-06	2.635003e-06	1.710072e-06	1.045969e-06
	5.939162e-07	3.067195e-07	1.402754e-07	5.526395e-08	1.846750e-08
	5.308259e-09	1.353555e-09	3.021209e-10	5.442208e-11	7.402701e-12
	7.738278e-13	6.501517e-14	4.348284e-15	2.139090e-16	6.906592e-18
	1.351133e-19	1.601446e-21	1.205885e-23	6.105332e-26	2.784391e-28
	6.767563e-30	5.960327e-31	6.010661e-32	6.551829e-33	7.891490e-34
	1.071452e-34	1.596685e-35	2.353804e-36	3.625060e-37	7.936620e-38
	1.000000e-60	3.105941e-39	1.000000e-60	1.000000e-60	1.000000e-60
	1.000000e-60	3.752668e-41	1.000000e-60	1.713557e-41	8.382889e-43
	1.000000e-60	1.000000e-60	2.749946e-43	2.762366e-43	1.000000e-60
	2.138319e-44	1.000000e-60	2.122917e-45	1.000000e-60	1.000000e-60
	1.000000e-60
massfraction-C2H3
	1.000000e-60	9.616485e-19	2.566280e-18	4.794314e-18	7.808101e-18
	1.191539e-17	1.761973e-17	2.580982e-17	3.812814e-17	5.768675e-17
	9.053149e-17	1.487654e-16	2.574415e-16	4.702081e-16	9.057358e-16
	1.834453e-15	3.889154e-15	8.584850e-15	1.961914e-14	4.615900e-14
	1.112130e-13	2.730771e-13	6.804786e-13	1.714643e-12	4.354495e-12
	1.110354e-11	2.826183e-11	7.111214e-11	1.744421e-10	4.105623e-10
	9.135865e-10	1.900711e-09	3.670338e-09	6.553259e-09	1.081108e-08
	1.651076e-08	2.343767e-08	3.109912e-08	3.873176e-08	4.516630e-08
	4.879083e-08	4.835110e-08	4.441292e-08	3.937902e-08	3.560946e-08
	3.429586e-08	3.590438e-08	4.093058e-08	5.037313e-08	6.606592e-08
	9.105850e-08	1.301148e-07	1.902570e-07	2.809613e-07	4.133139e-07
	5.981424e-07	8.441785e-07	1.157287e-06	1.540775e-06	1.996055e-06
	2.522764e-06	3.117199e-06	3.769394e-06	4.459246e-06	5.154798e-06
	5.817806e-06	6.412296e-06	6.905926e-06	7.267517e-06	7.471630e-06
	7.506986e-06	7.379378e-06	7.109613e-06	6.728140e-06	6.266712e-06
	5.752376e-06	5.206877e-06	4.648218e-06	4.091650e-06	3.550193e-06
	3.034964e-06	2.555306e-06	2.118270e-06	1.727851e-06	1.385127e-06
	1.089326e-06	8.385142e-07	6.296370e-07	4.588309e-07	3.220784e-07
	2.156578e-07	1.359269e-07	7.922754e-08	4.185115e-08	1.969642e-08
	8.240764e-09	3.144790e-09	1.148932e-09	4.178278e-10	1.534107e-10
	5.754166e-11	2.242721e-11	9.136460e-12	3.844712e-12	1.616038e-12
	6.410579e-13	2.330949e-13	8.152035e-14	2.884616e-14	1.038212e-14
	3.808404e-15	1.461755e-15	6.077934e-16	2.783964e-16	1.390277e-16
	7.370796e-17	4.037794e-17	2.242436e-17	1.249324e-17	6.946021e-18
	3.842731e-18	2.110677e-18	1.148310e-18	6.171731e-19	3.267740e-19
	1.699611e-19	8.660165e-20	4.311935e-20	2.093073e-20	9.884572e-21
	4.532632e-21	2.014196e-21	8.653283e-22	3.581883e-22	1.420552e-22
	5.343414e-23	1.869303e-23	5.836038e-24	1.471427e-24	2.156558e-25
	1.000000e-60
massfraction-C2H4
	1.000000e-60	1.964013e-08	6.356111e-08	1.563409e-07	3.406553e-07
	6.855809e-07	1.294633e-06	2.311027e-06	3.918732e-06	6.338392e-06
	9.818852e-06	1.462598e-05	2.103094e-05	2.929955e-05	3.968388e-05
	5.241642e-05	6.770674e-05	8.574031e-05	1.066789e-04	1.306624e-04
	1.578111e-04	1.882295e-04	2.220097e-04	2.592377e-04	2.999997e-04
	3.443860e-04	3.924842e-04	4.443426e-04	4.999159e-04	5.590423e-04
	6.214667e-04	6.868589e-04	7.547954e-04	8.247591e-04	8.961943e-04
	9.685747e-04	1.041548e-03	1.115256e-03	1.190429e-03	1.267727e-03
	1.346704e-03	1.425510e-03	1.501920e-03	1.574398e-03	1.642282e-03
	1.705376e-03	1.763628e-03	1.816973e-03	1.865253e-03	1.908135e-03
	1.945053e-03	1.975132e-03	1.997106e-03	2.009250e-03	2.009469e-03
	1.995725e-03	1.966660e-03	1.922008e-03	1.862552e-03	1.789689e-03
	1.704919e-03	1.609629e-03	1.505210e-03	1.393470e-03	1.276942e-03
	1.158356e-03	1.039712e-03	9.223672e-04	8.080431e-04	6.991275e-04
	5.979259e-04	5.061170e-04	4.247130e-04	3.539212e-04	2.930982e-04
	2.411169e-04	1.968247e-04	1.592343e-04	1.275180e-04	1.009696e-04
	7.897318e-05	6.097691e-05	4.645899e-05	3.490499e-05	2.582306e-05
	1.877436e-05	1.338051e-05	9.313844e-06	6.295483e-06	4.097791e-06
	2.540513e-06	1.477692e-06	7.897894e-07	3.783104e-07	1.585053e-07
	5.746684e-08	1.844138e-08	5.590939e-09	1.729661e-09	5.659435e-10
	1.953295e-10	7.098856e-11	2.718363e-11	1.098353e-11	4.746028e-12
	2.264152e-12	1.229679e-12	7.599395e-13	5.184467e-13	3.771398e-13
	2.854168e-13	2.214996e-13	1.747805e-13	1.393887e-13	1.117621e-13
	8.962220e-14	7.151853e-14	5.657364e-14	4.425821e-14	3.420364e-14
	2.610005e-14	1.966011e-14	1.461345e-14	1.071303e-14	7.740657e-15
	5.508476e-15	3.857951e-15	2.657438e-15	1.799299e-15	1.196954e-15
	7.820250e-16	5.016085e-16	3.156940e-16	1.947446e-16	1.174967e-16
	6.902752e-17	3.912474e-17	2.096813e-17	1.010968e-17	3.714393e-18
	1.000000e-60
massfraction-C2H5
	1.000000e-60	6.273520e-13	2.086112e-12	5.286295e-12	1.187850e-11
	2.464879e-11	4.794775e-11	8.804593e-11	1.533309e-10	2.542740e-10
	4.031660e-10	6.136741e-10	9.003146e-10	1.277922e-09	1.761189e-09
	2.364318e-09	3.100789e-09	3.983262e-09	5.023598e-09	6.232988e-09
	7.622220e-09	9.202078e-09	1.098394e-08	1.298068e-08	1.520791e-08
	1.768561e-08	2.043963e-08	2.350231e-08	2.691242e-08	3.071682e-08
	3.497426e-08	3.975675e-08	4.514308e-08	5.120406e-08	5.798052e-08
	6.545274e-08	7.351086e-08	8.193531e-08	9.030904e-08	9.775267e-08
	1.027041e-07	1.036142e-07	1.009003e-07	9.787662e-08	9.856031e-08
	1.053380e-07	1.194503e-07	1.425001e-07	1.772951e-07	2.283026e-07
	3.020929e-07	4.076334e-07	5.559174e-07	7.582099e-07	1.022759e-06
	1.351713e-06	1.740279e-06	2.178230e-06	2.652109e-06	3.146745e-06
	3.645495e-06	4.129068e-06	4.574403e-06	4.954742e-06	5.243057e-06
	5.418734e-06	5.471047e-06	5.397029e-06	5.200891e-06	4.896937e-06
	4.509285e-06	4.067458e-06	3.601849e-06	3.138759e-06	2.696287e-06
	2.284473e-06	1.908418e-06	1.570719e-06	1.272419e-06	1.013415e-06
	7.926900e-07	6.084281e-07	4.579364e-07	3.376264e-07	2.433823e-07
	1.710892e-07	1.168925e-07	7.724507e-08	4.900196e-08	2.951759e-08
	1.663984e-08	8.603177e-09	3.967771e-09	1.578745e-09	5.250797e-10
	1.444686e-10	3.437996e-11	8.094158e-12	2.283796e-12	8.285519e-13
	3.564244e-13	1.703063e-13	8.799567e-14	4.800397e-14	2.655348e-14
	1.408823e-14	6.959928e-15	3.256547e-15	1.477948e-15	6.504907e-16
	2.715144e-16	1.067268e-16	4.058490e-17	1.553969e-17	6.187800e-18
	2.603476e-18	1.158267e-18	5.407165e-19	2.622833e-19	1.309854e-19
	6.681493e-20	3.457056e-20	1.802845e-20	9.420687e-21	4.906612e-21
	2.535350e-21	1.294617e-21	6.511861e-22	3.218641e-22	1.560683e-22
	7.416805e-23	3.453442e-23	1.575948e-23	7.053355e-24	3.098911e-24
	1.337314e-24	5.661543e-25	2.332907e-25	9.059486e-26	2.868514e-26
	1.000000e-60
massfraction-C3H4
	1.000000e-60	1.046202e-12	3.724994e-12	1.017764e-11	2.472083e-11
	5.542068e-11	1.161898e-10	2.291426e-10	4.268284e-10	7.538548e-10
	1.267551e-09	2.037537e-09	3.144344e-09	4.677346e-09	6.732384e-09
	9.409373e-09	1.281014e-08	1.703659e-08	2.218940e-08	2.836698e-08
	3.566506e-08	4.417653e-08	5.399191e-08	6.520046e-08	7.789189e-08
	9.215772e-08	1.080890e-07	1.257633e-07	1.452235e-07	1.664647e-07
	1.894380e-07	2.140529e-07	2.401679e-07	2.675872e-07	2.960806e-07
	3.254115e-07	3.553994e-07	3.860610e-07	4.176595e-07	4.504335e-07
	4.841408e-07	5.179195e-07	5.507270e-07	5.818241e-07	6.108699e-07
	6.377593e-07	6.624868e-07	6.850865e-07	7.056247e-07	7.242976e-07
	7.418139e-07	7.602863e-07	7.846093e-07	8.235434e-07	8.891827e-07
	9.945893e-07	1.151247e-06	1.367852e-06	1.650435e-06	2.003286e-06
	2.430143e-06	2.934485e-06	3.518414e-06	4.179539e-06	4.907483e-06
	5.685312e-06	6.495050e-06	7.317576e-06	8.125427e-06	8.880616e-06
	9.542197e-06	1.007434e-05	1.045122e-05	1.066106e-05	1.070560e-05
	1.059431e-05	1.033970e-05	9.956014e-06	9.459493e-06	8.868599e-06
	8.204198e-06	7.489430e-06	6.748322e-06	6.003003e-06	5.271734e-06
	4.569132e-06	3.906612e-06	3.291659e-06	2.727814e-06	2.216194e-06
	1.757405e-06	1.351568e-06	9.987843e-07	7.006126e-07	4.596360e-07
	2.775255e-07	1.518990e-07	7.424852e-08	3.192627e-08	1.220520e-08
	4.376878e-09	1.560781e-09	5.703374e-10	2.157993e-10	8.571837e-11
	3.680804e-11	1.757987e-11	9.368083e-12	5.458558e-12	3.391831e-12
	2.205745e-12	1.483797e-12	1.024473e-12	7.210930e-13	5.138805e-13
	3.680877e-13	2.631821e-13	1.868717e-13	1.314022e-13	9.140168e-14
	6.287192e-14	4.275992e-14	2.874181e-14	1.907951e-14	1.249602e-14
	8.065792e-15	5.125155e-15	3.202576e-15	1.966235e-15	1.185241e-15
	7.011068e-16	4.068153e-16	2.314594e-16	1.290413e-16	7.039124e-17
	3.744249e-17	1.926976e-17	9.420555e-18	4.171145e-18	1.419935e-18
	1.000000e-60
massfraction-C3H5
	1.000000e-60	3.185774e-14	1.149984e-13	3.190099e-13	7.870990e-13
	1.792235e-12	3.814462e-12	7.631459e-12	1.440920e-11	2.577444e-11
	4.385425e-11	7.127486e-11	1.111226e-10	1.668749e-10	2.423149e-10
	3.414406e-10	4.683797e-10	6.273142e-10	8.224212e-10	1.057830e-09
	1.337593e-09	1.665678e-09	2.045980e-09	2.482355e-09	2.978689e-09
	3.538948e-09	4.167084e-09	4.866519e-09	5.639276e-09	6.485435e-09
	7.403222e-09	8.389063e-09	9.437098e-09	1.053891e-08	1.168411e-08
	1.286116e-08	1.405949e-08	1.527438e-08	1.650741e-08	1.775263e-08
	1.897509e-08	2.010442e-08	2.105348e-08	2.173679e-08	2.207082e-08
	2.196507e-08	2.132111e-08	2.005041e-08	1.812004e-08	1.562517e-08
	1.285145e-08	1.025018e-08	8.278697e-09	7.207624e-09	7.083502e-09
	7.863102e-09	9.553000e-09	1.225361e-08	1.613858e-08	2.142093e-08
	2.832748e-08	3.707144e-08	4.781010e-08	6.056929e-08	7.516387e-08
	9.123237e-08	1.083840e-07	1.262403e-07	1.443105e-07	1.619415e-07
	1.784472e-07	1.932290e-07	2.058176e-07	2.159264e-07	2.234664e-07
	2.284691e-07	2.309970e-07	2.311139e-07	2.288922e-07	2.244291e-07
	2.178639e-07	2.093946e-07	1.992795e-07	1.878076e-07	1.752632e-07
	1.619170e-07	1.480254e-07	1.338044e-07	1.194083e-07	1.049447e-07
	9.051613e-08	7.622454e-08	6.219307e-08	4.865393e-08	3.600685e-08
	2.481724e-08	1.567296e-08	8.911930e-09	4.472295e-09	1.978677e-09
	8.016474e-10	3.124196e-10	1.206836e-10	4.690262e-11	1.873753e-11
	8.045183e-12	3.919079e-12	2.224513e-12	1.443147e-12	1.022521e-12
	7.591672e-13	5.761717e-13	4.418095e-13	3.403206e-13	2.622158e-13
	2.011539e-13	1.528843e-13	1.146641e-13	8.466593e-14	6.148577e-14
	4.390358e-14	3.082130e-14	2.126812e-14	1.441885e-14	9.597825e-15
	6.268048e-15	4.013187e-15	2.517466e-15	1.546466e-15	9.300035e-16
	5.474428e-16	3.154262e-16	1.778901e-16	9.816791e-17	5.295011e-17
	2.783081e-17	1.414911e-17	6.834222e-18	2.991569e-18	1.007911e-18
	1.000000e-60
massfraction-C3H6
	1.000000e-60	6.683729e-12	2.455722e-11	6.946794e-11	1.748970e-10
	4.063028e-10	8.816862e-10	1.796897e-09	3.452566e-09	6.277801e-09
	1.084613e-08	1.788076e-08	2.824891e-08	4.294664e-08	6.307759e-08
	8.982851e-08	1.244448e-07	1.682079e-07	2.224163e-07	2.883705e-07
	3.673623e-07	4.606686e-07	5.695513e-07	6.952631e-07	8.390603e-07
	1.002205e-06	1.185918e-06	1.391181e-06	1.618402e-06	1.867115e-06
	2.135803e-06	2.421654e-06	2.720143e-06	3.024762e-06	3.327186e-06
	3.617737e-06	3.886297e-06	4.123490e-06	4.319903e-06	4.462815e-06
	4.535689e-06	4.526084e-06	4.434764e-06	4.274729e-06	4.062870e-06
	3.813263e-06	3.534890e-06	3.232013e-06	2.906560e-06	2.563412e-06
	2.218489e-06	1.904815e-06	1.666320e-06	1.537130e-06	1.525116e-06
	1.616859e-06	1.792673e-06	2.034445e-06	2.325834e-06	2.650494e-06
	2.990762e-06	3.326511e-06	3.634496e-06	3.888863e-06	4.064564e-06
	4.143382e-06	4.116857e-06	3.984548e-06	3.753877e-06	3.442271e-06
	3.075462e-06	2.682247e-06	2.289744e-06	1.919015e-06	1.582367e-06
	1.284636e-06	1.026483e-06	8.066211e-07	6.226940e-07	4.716890e-07
	3.502029e-07	2.546143e-07	1.811443e-07	1.259548e-07	8.540232e-08
	5.628605e-08	3.591174e-08	2.205024e-08	1.291220e-08	7.117336e-09
	3.628904e-09	1.670419e-09	6.710838e-10	2.255900e-10	6.064363e-11
	1.257946e-11	1.989646e-12	2.428075e-13	2.367373e-14	2.023034e-15
	1.757389e-16	1.778186e-17	2.284946e-18	3.939237e-19	9.503489e-20
	3.243161e-20	1.522411e-20	9.440701e-21	7.076350e-21	5.711518e-21
	4.636836e-21	3.718132e-21	2.948805e-21	2.321233e-21	1.815177e-21
	1.407209e-21	1.077594e-21	8.123085e-22	6.014982e-22	4.371063e-22
	3.116431e-22	2.179836e-22	1.495613e-22	1.006226e-22	6.635076e-23
	4.285842e-23	2.710440e-23	1.677509e-23	1.015725e-23	6.015969e-24
	3.485405e-24	1.975442e-24	1.095415e-24	5.941839e-25	3.149750e-25
	1.627119e-25	8.133142e-26	3.865163e-26	1.666615e-26	5.540331e-27
	1.000000e-60
massfraction-N-C3H7
	1.000000e-60	1.058494e-16	3.894913e-16	1.103623e-15	2.783302e-15
	6.476849e-15	1.407799e-14	2.873625e-14	5.529577e-14	1.006842e-13
	1.741780e-13	2.874958e-13	4.547138e-13	6.920270e-13	1.017408e-12
	1.450213e-12	2.010784e-12	2.720085e-12	3.599386e-12	4.670014e-12
	5.953175e-12	7.469827e-12	9.240616e-12	1.128584e-11	1.362527e-11
	1.627719e-11	1.925510e-11	2.255802e-11	2.614901e-11	2.991303e-11
	3.357483e-11	3.655503e-11	3.781145e-11	3.596181e-11	3.028385e-11
	2.233358e-11	1.521179e-11	1.024030e-11	6.940509e-12	4.729394e-12
	3.256562e-12	2.292429e-12	1.670126e-12	1.269788e-12	1.010852e-12
	8.421990e-13	7.321535e-13	6.610050e-13	6.161588e-13	5.896592e-13
	5.781336e-13	5.852355e-13	6.252340e-13	7.245789e-13	9.205084e-13
	1.260894e-12	1.807547e-12	2.639642e-12	3.854310e-12	5.563951e-12
	7.889558e-12	1.094408e-11	1.480020e-11	1.943703e-11	2.468525e-11
	3.023177e-11	3.568813e-11	4.063076e-11	4.460595e-11	4.720142e-11
	4.816979e-11	4.749225e-11	4.536499e-11	4.212878e-11	3.815910e-11
	3.378442e-11	2.926785e-11	2.481704e-11	2.059228e-11	1.671174e-11
	1.325590e-11	1.027104e-11	7.769796e-12	5.732884e-12	4.117881e-12
	2.871360e-12	1.936452e-12	1.256229e-12	7.773485e-13	4.532211e-13
	2.448742e-13	1.197936e-13	5.136796e-14	1.853864e-14	5.390091e-15
	1.219922e-15	2.126475e-16	2.895306e-17	3.204661e-18	3.182428e-19
	3.301066e-20	4.114137e-21	6.776873e-22	1.583764e-22	5.594663e-23
	3.070710e-23	2.546012e-23	3.014721e-23	4.600031e-23	7.896066e-23
	1.149179e-22	1.149948e-22	9.576577e-23	7.519459e-23	5.793473e-23
	4.416824e-23	3.328107e-23	2.471469e-23	1.805244e-23	1.295918e-23
	9.140915e-24	6.335179e-24	4.313170e-24	2.883384e-24	1.891443e-24
	1.216588e-24	7.667115e-25	4.731272e-25	2.857395e-25	1.688426e-25
	9.760433e-26	5.520116e-26	3.054510e-26	1.653353e-26	8.745913e-27
	4.508595e-27	2.249021e-27	1.066731e-27	4.591304e-28	1.523833e-28
	1.000000e-60
massfraction-I-C3H7
	1.000000e-60	1.000001e-60	1.000030e-60	1.000083e-60	1.000169e-60
	1.000296e-60	1.000462e-60	1.000647e-60	1.000799e-60	1.000824e-60
	1.000573e-60	9.998464e-61	9.983855e-61	9.958844e-61	9.919968e-61
	9.863474e-61	9.785444e-61	9.681907e-61	9.548960e-61	9.382866e-61
	9.180153e-61	8.937695e-61	8.652793e-61	8.323224e-61	7.947293e-61
	7.523896e-61	7.052698e-61	6.534626e-61	5.972545e-61	5.371548e-61
	4.738614e-61	4.082150e-61	3.411873e-61	2.738834e-61	2.076263e-61
	1.443424e-61	8.730089e-62	4.164514e-62	1.305335e-62	2.031597e-63
	1.247377e-64	3.042526e-66	1.599150e-67	8.694219e-68	5.927729e-68
	4.273739e-68	3.238926e-68	2.566690e-68	2.115506e-68	1.803952e-68
	1.583084e-68	1.422156e-68	1.300925e-68	1.205526e-68	1.126366e-68
	1.057056e-68	9.937649e-69	9.345002e-69	8.782031e-69	8.239336e-69
	7.704746e-69	7.164538e-69	6.607046e-69	6.027073e-69	5.428637e-69
	4.822239e-69	4.219024e-69	3.629515e-69	3.066879e-69	2.546598e-69
	2.084240e-69	9.801800e-69	2.089772e-65	2.206144e-65	2.386844e-65
	1.217590e-63	2.214557e-60	3.900193e-57	6.608988e-54	1.089418e-50
	1.760519e-47	2.800802e-44	4.393838e-41	6.814542e-38	1.051299e-34
	1.627776e-31	2.555972e-28	4.127063e-25	2.343386e-28	1.217804e-31
	5.610266e-35	2.208841e-38	7.146242e-42	1.837750e-45	3.686679e-49
	5.790941e-53	7.315560e-57	7.737084e-61	7.311359e-65	5.262565e-68
	5.268738e-69	8.731159e-70	1.060902e-68	1.269947e-67	1.507990e-66
	1.743052e-65	1.833142e-64	1.319527e-63	3.953181e-63	5.731729e-63
	6.359954e-63	6.554963e-63	6.673494e-63	6.832398e-63	7.067585e-63
	7.402112e-63	7.873324e-63	8.546155e-63	9.521727e-63	1.094198e-62
	1.298799e-62	1.587250e-62	1.983247e-62	2.512552e-62	3.203304e-62
	4.087042e-62	5.200335e-62	6.586910e-62	8.300138e-62	1.040578e-61
	1.298493e-61	1.613702e-61	1.998300e-61	2.466852e-61	3.036734e-61
	3.728504e-61	4.566316e-61	5.578399e-61	6.797284e-61	8.258284e-61
	1.000000e-60
massfraction-C3H8
	1.000000e-60	1.000003e-60	1.000038e-60	1.000103e-60	1.000218e-60
	1.000403e-60	1.000685e-60	1.001086e-60	1.001616e-60	1.002269e-60
	1.003015e-60	1.003792e-60	1.004511e-60	1.005051e-60	1.005265e-60
	1.004984e-60	1.004021e-60	1.002179e-60	9.992506e-61	9.950268e-61
	9.892971e-61	9.818529e-61	9.724891e-61	9.610039e-61	9.471981e-61
	9.308740e-61	9.118391e-61	8.899230e-61	8.650105e-61	8.370648e-61
	8.061307e-61	7.723357e-61	7.359057e-61	6.971717e-61	6.565406e-61
	6.144510e-61	5.712771e-61	5.271210e-61	4.817433e-61	4.349697e-61
	3.873542e-61	3.403120e-61	2.954589e-61	2.538842e-61	2.160462e-61
	1.820273e-61	1.517369e-61	1.250003e-61	1.016034e-61	8.132681e-62
	6.396976e-62	4.936328e-62	3.735765e-62	2.778358e-62	2.040431e-62
	1.489210e-62	1.086643e-62	7.960340e-63	5.866139e-63	4.348144e-63
	3.235927e-63	2.411396e-63	1.794486e-63	1.331303e-63	9.845103e-64
	7.258445e-64	5.327155e-64	3.880926e-64	2.801818e-64	2.006148e-64
	1.427648e-64	1.012164e-64	7.168770e-65	5.083976e-65	3.611719e-65
	2.566248e-65	1.819399e-65	1.284132e-65	9.004741e-66	6.262936e-66
	4.314907e-66	2.942594e-66	1.985488e-66	1.324355e-66	8.716567e-67
	5.646455e-67	3.588504e-67	2.227082e-67	1.340025e-67	7.736987e-68
	4.229285e-68	2.148485e-68	9.883759e-69	3.986219e-69	1.362034e-69
	3.948935e-70	1.551730e-70	3.705104e-70	2.240414e-69	1.736126e-68
	1.509476e-67	1.315551e-66	1.071300e-65	7.909050e-65	5.147953e-64
	2.780657e-63	1.150371e-62	3.497843e-62	8.017202e-62	1.470142e-61
	2.287272e-61	3.163552e-61	4.027372e-61	4.838120e-61	5.580209e-61
	6.252580e-61	6.858919e-61	7.401315e-61	7.879391e-61	8.292775e-61
	8.643048e-61	8.934185e-61	9.172056e-61	9.363505e-61	9.515547e-61
	9.634842e-61	9.727406e-61	9.798484e-61	9.852530e-61	9.893242e-61
	9.923630e-61	9.946108e-61	9.962580e-61	9.974529e-61	9.983099e-61
	9.989163e-61	9.993380e-61	9.996249e-61	9.998138e-61	9.999321e-61
	1.000000e-60
V [kg/(s*m^2)]
	2.198202e-01	2.093491e-01	1.990245e-01	1.890136e-01	1.794409e-01
	1.703629e-01	1.618034e-01	1.537694e-01	1.462521e-01	1.392287e-01
	1.326669e-01	1.265276e-01	1.207689e-01	1.153484e-01	1.102251e-01
	1.053602e-01	1.007178e-01	9.626480e-02	9.197100e-02	8.780863e-02
	8.375208e-02	7.977745e-02	7.586207e-02	7.198391e-02	6.812104e-02
	6.425120e-02	6.035229e-02	5.640459e-02	5.239346e-02	4.830930e-02
	4.414507e-02	3.989496e-02	3.555605e-02	3.112891e-02	2.661517e-02
	2.201444e-02	1.731588e-02	1.247661e-02	7.410802e-03	2.027274e-03
	-3.697186e-03	-9.681627e-03	-1.579146e-02	-2.191641e-02	-2.799492e-02
	-3.399510e-02	-3.989600e-02	-4.568048e-02	-5.133236e-02	-5.683227e-02
	-6.215224e-02	-6.724803e-02	-7.205495e-02	-7.649336e-02	-8.048813e-02
	-8.399761e-02	-8.702725e-02	-8.962035e-02	-9.183966e-02	-9.375278e-02
	-9.542317e-02	-9.690423e-02	-9.823707e-02	-9.944975e-02	-1.005594e-01
	-1.015798e-01	-1.025278e-01	-1.034209e-01	-1.042699e-01	-1.050780e-01
	-1.058453e-01	-1.065722e-01	-1.072585e-01	-1.079054e-01	-1.085171e-01
	-1.091005e-01	-1.096629e-01	-1.102101e-01	-1.107469e-01	-1.112769e-01
	-1.118029e-01	-1.123266e-01	-1.128490e-01	-1.133719e-01	-1.138980e-01
	-1.144307e-01	-1.149741e-01	-1.155336e-01	-1.161174e-01	-1.167366e-01
	-1.174057e-01	-1.181440e-01	-1.189794e-01	-1.199479e-01	-1.210943e-01
	-1.224690e-01	-1.241229e-01	-1.261131e-01	-1.285161e-01	-1.313611e-01
	-1.345491e-01	-1.379461e-01	-1.415105e-01	-1.452948e-01	-1.493733e-01
	-1.537463e-01	-1.583123e-01	-1.629537e-01	-1.676065e-01	-1.722402e-01
	-1.768235e-01	-1.813222e-01	-1.857189e-01	-1.900273e-01	-1.942910e-01
	-1.985779e-01	-2.029628e-01	-2.075041e-01	-2.122318e-01	-2.171534e-01
	-2.222659e-01	-2.275632e-01	-2.330425e-01	-2.387049e-01	-2.445545e-01
	-2.505966e-01	-2.568360e-01	-2.632753e-01	-2.699147e-01	-2.767504e-01
	-2.837751e-01	-2.909780e-01	-2.983450e-01	-3.058598e-01	-3.135045e-01
	-3.212606e-01	-3.291101e-01	-3.370363e-01	-3.450218e-01	-3.530400e-01
	-3.610631e-01
density [kg/m^3]
	6.431859e-01	6.430378e-01	6.427925e-01	6.423910e-01	6.417494e-01
	6.407549e-01	6.392680e-01	6.371311e-01	6.341825e-01	6.302728e-01
	6.252799e-01	6.191214e-01	6.117599e-01	6.032044e-01	5.935055e-01
	5.827484e-01	5.710438e-01	5.585184e-01	5.453064e-01	5.315420e-01
	5.173540e-01	5.028612e-01	4.881699e-01	4.733717e-01	4.585423e-01
	4.437429e-01	4.290241e-01	4.144368e-01	4.000435e-01	3.859155e-01
	3.721218e-01	3.587228e-01	3.457734e-01	3.333229e-01	3.214057e-01
	3.100352e-01	2.991875e-01	2.887672e-01	2.786090e-01	2.685710e-01
	2.586507e-01	2.490071e-01	2.398450e-01	2.312935e-01	2.233816e-01
	2.160884e-01	2.093794e-01	2.032183e-01	1.975714e-01	1.924111e-01
	1.877195e-01	1.834918e-01	1.797358e-01	1.764641e-01	1.736793e-01
	1.713581e-01	1.694501e-01	1.678893e-01	1.666087e-01	1.655479e-01
	1.646569e-01	1.638967e-01	1.632394e-01	1.626664e-01	1.621662e-01
	1.617304e-01	1.613500e-01	1.610177e-01	1.607300e-01	1.604872e-01
	1.602903e-01	1.601401e-01	1.600367e-01	1.599792e-01	1.599661e-01
	1.599960e-01	1.600689e-01	1.601856e-01	1.603483e-01	1.605592e-01
	1.608212e-01	1.611366e-01	1.615074e-01	1.619355e-01	1.624237e-01
	1.629756e-01	1.635959e-01	1.642916e-01	1.650743e-01	1.659619e-01
	1.669791e-01	1.681622e-01	1.695649e-01	1.712619e-01	1.733522e-01
	1.759603e-01	1.792379e-01	1.833929e-01	1.887545e-01	1.956710e-01
	2.042828e-01	2.146353e-01	2.270182e-01	2.421287e-01	2.609886e-01
	2.845070e-01	3.129692e-01	3.460990e-01	3.834894e-01	4.246430e-01
	4.687453e-01	5.147122e-01	5.615163e-01	6.084668e-01	6.552712e-01
	7.019558e-01	7.486107e-01	7.950612e-01	8.407361e-01	8.848029e-01
	9.263800e-01	9.647033e-01	9.992274e-01	1.029648e+00	1.055882e+00
	1.078035e+00	1.096355e+00	1.111195e+00	1.122972e+00	1.132130e+00
	1.139110e+00	1.144327e+00	1.148154e+00	1.150910e+00	1.152862e+00
	1.154223e+00	1.155158e+00	1.155791e+00	1.156215e+00	1.156495e+00
	1.156679e+00
cp [J/m^3K]
	2.197908e+03	2.198209e+03	2.198681e+03	2.199417e+03	2.200548e+03
	2.202249e+03	2.204736e+03	2.208252e+03	2.213048e+03	2.219357e+03
	2.227374e+03	2.237235e+03	2.249009e+03	2.262695e+03	2.278222e+03
	2.295463e+03	2.314241e+03	2.334342e+03	2.355528e+03	2.377547e+03
	2.400141e+03	2.423055e+03	2.446044e+03	2.468875e+03	2.491337e+03
	2.513232e+03	2.534373e+03	2.554564e+03	2.573585e+03	2.591193e+03
	2.607128e+03	2.621107e+03	2.632796e+03	2.641792e+03	2.647601e+03
	2.649610e+03	2.647040e+03	2.638807e+03	2.623203e+03	2.597583e+03
	2.558549e+03	2.505565e+03	2.446589e+03	2.383931e+03	2.319103e+03
	2.253316e+03	2.187585e+03	2.122773e+03	2.059608e+03	1.998737e+03
	1.940773e+03	1.886383e+03	1.836313e+03	1.791313e+03	1.751940e+03
	1.718316e+03	1.690073e+03	1.666517e+03	1.646840e+03	1.630262e+03
	1.616102e+03	1.603815e+03	1.592996e+03	1.583369e+03	1.574764e+03
	1.567040e+03	1.560042e+03	1.553620e+03	1.547680e+03	1.542181e+03
	1.537106e+03	1.532430e+03	1.528132e+03	1.524186e+03	1.520543e+03
	1.517146e+03	1.513941e+03	1.510882e+03	1.507934e+03	1.505071e+03
	1.502272e+03	1.499522e+03	1.496809e+03	1.494119e+03	1.491433e+03
	1.488727e+03	1.485977e+03	1.483149e+03	1.480196e+03	1.477056e+03
	1.473647e+03	1.469859e+03	1.465533e+03	1.460461e+03	1.454375e+03
	1.446962e+03	1.437889e+03	1.426773e+03	1.413094e+03	1.396568e+03
	1.377662e+03	1.357105e+03	1.335131e+03	1.311445e+03	1.285683e+03
	1.258101e+03	1.229803e+03	1.201946e+03	1.172167e+03	1.143276e+03
	1.118191e+03	1.097721e+03	1.081500e+03	1.068707e+03	1.058504e+03
	1.050202e+03	1.043301e+03	1.037481e+03	1.032544e+03	1.028359e+03
	1.024826e+03	1.021861e+03	1.019390e+03	1.017345e+03	1.015667e+03
	1.014303e+03	1.013206e+03	1.012334e+03	1.011650e+03	1.011121e+03
	1.010716e+03	1.010411e+03	1.010185e+03	1.010019e+03	1.009898e+03
	1.009811e+03	1.009748e+03	1.009704e+03	1.009672e+03	1.009650e+03
	1.009633e+03
lambda [W/m]
	3.231541e-02	3.232945e-02	3.235130e-02	3.238520e-02	3.243715e-02
	3.251524e-02	3.262964e-02	3.279217e-02	3.301558e-02	3.331272e-02
	3.369576e-02	3.417557e-02	3.476138e-02	3.546069e-02	3.627938e-02
	3.722194e-02	3.829177e-02	3.949150e-02	4.082337e-02	4.228947e-02
	4.389214e-02	4.563421e-02	4.751933e-02	4.955238e-02	5.173990e-02
	5.409036e-02	5.661398e-02	5.932100e-02	6.221894e-02	6.531143e-02
	6.859881e-02	7.207816e-02	7.574084e-02	7.957040e-02	8.354304e-02
	8.762878e-02	9.179711e-02	9.603274e-02	1.003358e-01	1.046716e-01
	1.088923e-01	1.128192e-01	1.165269e-01	1.199376e-01	1.230071e-01
	1.257236e-01	1.280919e-01	1.301261e-01	1.318468e-01	1.332778e-01
	1.344442e-01	1.353708e-01	1.360832e-01	1.366089e-01	1.369786e-01
	1.372252e-01	1.373800e-01	1.374696e-01	1.375138e-01	1.375266e-01
	1.375172e-01	1.374915e-01	1.374527e-01	1.374030e-01	1.373437e-01
	1.372754e-01	1.371978e-01	1.371098e-01	1.370096e-01	1.368959e-01
	1.367678e-01	1.366244e-01	1.364654e-01	1.362908e-01	1.361001e-01
	1.358916e-01	1.356630e-01	1.354118e-01	1.351353e-01	1.348307e-01
	1.344955e-01	1.341281e-01	1.337270e-01	1.332909e-01	1.328177e-01
	1.323045e-01	1.317478e-01	1.311425e-01	1.304800e-01	1.297473e-01
	1.289269e-01	1.279940e-01	1.269125e-01	1.256347e-01	1.241008e-01
	1.222438e-01	1.199941e-01	1.172706e-01	1.139587e-01	1.100004e-01
	1.055157e-01	1.006850e-01	9.557443e-02	9.013247e-02	8.430166e-02
	7.817324e-02	7.202179e-02	6.613606e-02	6.056946e-02	5.551196e-02
	5.109333e-02	4.732169e-02	4.413269e-02	4.142960e-02	3.911318e-02
	3.709681e-02	3.531592e-02	3.373193e-02	3.232658e-02	3.109105e-02
	3.001810e-02	2.909862e-02	2.832090e-02	2.767145e-02	2.713601e-02
	2.670034e-02	2.635071e-02	2.607416e-02	2.585869e-02	2.569343e-02
	2.556869e-02	2.547604e-02	2.540832e-02	2.535956e-02	2.532496e-02
	2.530073e-02	2.528396e-02	2.527247e-02	2.526465e-02	2.525937e-02
	2.525581e-02
mu [kg/s^2m]
	1.146011e-05	1.146182e-05	1.146506e-05	1.147094e-05	1.148105e-05
	1.149760e-05	1.152335e-05	1.156153e-05	1.161567e-05	1.168929e-05
	1.178573e-05	1.190796e-05	1.205849e-05	1.223936e-05	1.245217e-05
	1.269814e-05	1.297824e-05	1.329328e-05	1.364399e-05	1.403118e-05
	1.445577e-05	1.491891e-05	1.542208e-05	1.596720e-05	1.655674e-05
	1.719384e-05	1.788227e-05	1.862601e-05	1.942852e-05	2.029245e-05
	2.121992e-05	2.221262e-05	2.327139e-05	2.439588e-05	2.558509e-05
	2.683823e-05	2.815723e-05	2.955357e-05	3.105267e-05	3.268404e-05
	3.445870e-05	3.635481e-05	3.832858e-05	4.033872e-05	4.235762e-05
	4.436682e-05	4.635159e-05	4.829883e-05	5.019627e-05	5.203125e-05
	5.378909e-05	5.545098e-05	5.699336e-05	5.839058e-05	5.962165e-05
	6.067892e-05	6.157060e-05	6.231615e-05	6.293961e-05	6.346483e-05
	6.391296e-05	6.430107e-05	6.464188e-05	6.494396e-05	6.521258e-05
	6.545188e-05	6.566637e-05	6.586019e-05	6.603559e-05	6.619292e-05
	6.633197e-05	6.645266e-05	6.655505e-05	6.663962e-05	6.670741e-05
	6.675961e-05	6.679712e-05	6.682037e-05	6.682939e-05	6.682396e-05
	6.680370e-05	6.676822e-05	6.671723e-05	6.665052e-05	6.656775e-05
	6.646845e-05	6.635193e-05	6.621705e-05	6.606175e-05	6.588267e-05
	6.567502e-05	6.543173e-05	6.514224e-05	6.479204e-05	6.436229e-05
	6.383023e-05	6.316980e-05	6.234740e-05	6.131270e-05	6.002452e-05
	5.849539e-05	5.676507e-05	5.484161e-05	5.269091e-05	5.027266e-05
	4.760766e-05	4.480813e-05	4.201604e-05	3.933450e-05	3.682693e-05
	3.453715e-05	3.248938e-05	3.068261e-05	2.909458e-05	2.769238e-05
	2.644161e-05	2.531457e-05	2.429550e-05	2.337905e-05	2.256441e-05
	2.185064e-05	2.123462e-05	2.071068e-05	2.027129e-05	1.990791e-05
	1.961162e-05	1.937354e-05	1.918514e-05	1.903840e-05	1.892600e-05
	1.884132e-05	1.877863e-05	1.873298e-05	1.870031e-05	1.867729e-05
	1.866133e-05	1.865043e-05	1.864308e-05	1.863820e-05	1.863500e-05
	1.863292e-05
mDot_CH4 [kg/m^3s]
	0.000000e+00	3.681925e-15	3.927101e-14	1.612456e-13	4.852570e-13
	1.237714e-12	2.836951e-12	6.027772e-12	1.211804e-11	2.341125e-11
	4.401368e-11	8.135006e-11	1.490215e-10	2.722120e-10	4.979552e-10
	9.146785e-10	1.689459e-09	3.139029e-09	5.864932e-09	1.101014e-08
	2.074475e-08	3.918157e-08	7.409508e-08	1.401343e-07	2.647980e-07
	4.994517e-07	9.392686e-07	1.757795e-06	3.262550e-06	5.975333e-06
	1.072900e-05	1.873799e-05	3.153347e-05	5.059682e-05	7.657797e-05
	1.082047e-04	1.412945e-04	1.680622e-04	1.753120e-04	1.388684e-04
	1.439137e-05	-2.679017e-04	-7.958569e-04	-1.684130e-03	-3.140350e-03
	-5.562497e-03	-9.664801e-03	-1.672466e-02	-2.905801e-02	-5.083190e-02
	-8.936322e-02	-1.570457e-01	-2.738744e-01	-4.700387e-01	-7.876236e-01
	-1.281646e+00	-2.022300e+00	-3.098220e+00	-4.614252e+00	-6.676243e+00
	-9.365508e+00	-1.271086e+01	-1.666422e+01	-2.108009e+01	-2.571418e+01
	-3.027365e+01	-3.449013e+01	-3.814012e+01	-4.102740e+01	-4.300200e+01
	-4.400309e+01	-4.406820e+01	-4.331342e+01	-4.190144e+01	-3.999876e+01
	-3.774445e+01	-3.524604e+01	-3.258805e+01	-2.983899e+01	-2.705614e+01
	-2.428932e+01	-2.158367e+01	-1.897860e+01	-1.650376e+01	-1.417826e+01
	-1.201513e+01	-1.002425e+01	-8.210779e+00	-6.574955e+00	-5.115773e+00
	-3.835334e+00	-2.737717e+00	-1.828730e+00	-1.116701e+00	-6.054734e-01
	-2.824690e-01	-1.103471e-01	-3.538626e-02	-9.235666e-03	-2.041535e-03
	-4.222923e-04	-9.000305e-05	-2.071761e-05	-5.208914e-06	-1.435182e-06
	-4.338608e-07	-1.414161e-07	-4.840035e-08	-1.719376e-08	-6.376378e-09
	-2.510131e-09	-1.064678e-09	-4.872221e-10	-2.378960e-10	-1.219489e-10
	-6.454611e-11	-3.477730e-11	-1.889955e-11	-1.032004e-11	-5.660370e-12
	-3.121689e-12	-1.732747e-12	-9.680619e-13	-5.438017e-13	-3.065369e-13
	-1.729195e-13	-9.730130e-14	-5.442089e-14	-3.014229e-14	-1.647064e-14
	-8.844921e-15	-4.648930e-15	-2.380488e-15	-1.180520e-15	-5.622620e-16
	-2.538142e-16	-1.061144e-16	-3.927392e-17	-1.159246e-17	-1.948585e-18
	0.000000e+00
ScalarDissRate [1/s]
	1.656029e-05	3.627869e-05	1.328529e-04	4.496380e-04	1.394656e-03
	3.959021e-03	1.030018e-02	2.463147e-02	5.437785e-02	1.114343e-01
	2.132840e-01	3.837375e-01	6.531448e-01	1.058053e+00	1.640387e+00
	2.446289e+00	3.524731e+00	4.926030e+00	6.700307e+00	8.895931e+00
	1.155795e+01	1.472648e+01	1.843511e+01	2.270929e+01	2.756466e+01
	3.300489e+01	3.901756e+01	4.556587e+01	5.257769e+01	5.993954e+01
	6.749849e+01	7.506611e+01	8.242172e+01	8.932204e+01	9.552012e+01
	1.007846e+02	1.049179e+02	1.077637e+02	1.091679e+02	1.089285e+02
	1.068607e+02	1.029874e+02	9.756457e+01	9.102047e+01	8.377473e+01
	7.619554e+01	6.858649e+01	6.118434e+01	5.416299e+01	4.764371e+01
	4.170787e+01	3.641018e+01	3.178559e+01	2.784713e+01	2.457688e+01
	2.191748e+01	1.978051e+01	1.806664e+01	1.668290e+01	1.555066e+01
	1.460731e+01	1.380566e+01	1.311180e+01	1.250285e+01	1.196401e+01
	1.148380e+01	1.105059e+01	1.065372e+01	1.028636e+01	9.945525e+00
	9.629615e+00	9.337157e+00	9.066916e+00	8.817349e+00	8.585828e+00
	8.368953e+00	8.163496e+00	7.966873e+00	7.777102e+00	7.592683e+00
	7.412545e+00	7.236026e+00	7.062690e+00	6.891973e+00	6.722998e+00
	6.554734e+00	6.386085e+00	6.215604e+00	6.041202e+00	5.860107e+00
	5.669024e+00	5.463697e+00	5.238458e+00	4.986671e+00	4.701462e+00
	4.377333e+00	4.012138e+00	3.606757e+00	3.163510e+00	2.698208e+00
	2.245586e+00	1.834675e+00	1.473712e+00	1.159265e+00	8.879782e-01
	6.614930e-01	4.821020e-01	3.465240e-01	2.470824e-01	1.753573e-01
	1.243270e-01	8.838420e-02	6.313557e-02	4.529812e-02	3.254905e-02
	2.330865e-02	1.654010e-02	1.157590e-02	7.968397e-03	5.388389e-03
	3.577763e-03	2.331757e-03	1.490772e-03	9.340667e-04	5.728685e-04
	3.434455e-04	2.010051e-04	1.147042e-04	6.375997e-05	3.449961e-05
	1.816445e-05	9.306042e-06	4.640646e-06	2.253853e-06	1.067019e-06
	4.928958e-07	2.224078e-07	9.813681e-08	4.239304e-08	1.796718e-08
	1.110547e-08
ZBilger
	1.000000e+00	9.999673e-01	9.998963e-01	9.997571e-01	9.995055e-01
	9.990803e-01	9.984028e-01	9.973797e-01	9.959083e-01	9.938821e-01
	9.911980e-01	9.877607e-01	9.834859e-01	9.783024e-01	9.721514e-01
	9.649859e-01	9.567688e-01	9.474712e-01	9.370702e-01	9.255472e-01
	9.128863e-01	8.990720e-01	8.840881e-01	8.679151e-01	8.505277e-01
	8.318938e-01	8.119776e-01	7.907543e-01	7.682313e-01	7.444568e-01
	7.195090e-01	6.934904e-01	6.665363e-01	6.388162e-01	6.105150e-01
	5.818080e-01	5.528056e-01	5.234256e-01	4.933534e-01	4.623001e-01
	4.304274e-01	3.984633e-01	3.673240e-01	3.376568e-01	3.097567e-01
	2.837123e-01	2.595250e-01	2.371559e-01	2.165463e-01	1.976371e-01
	1.803872e-01	1.647915e-01	1.508845e-01	1.387158e-01	1.282999e-01
	1.195583e-01	1.123132e-01	1.063296e-01	1.013657e-01	9.720201e-02
	9.365361e-02	9.057577e-02	8.786185e-02	8.543999e-02	8.326505e-02
	8.130142e-02	7.950990e-02	7.785267e-02	7.630611e-02	7.486162e-02
	7.351578e-02	7.226507e-02	7.110640e-02	7.003482e-02	6.904021e-02
	6.810877e-02	6.722716e-02	6.638465e-02	6.557297e-02	6.478578e-02
	6.401845e-02	6.326792e-02	6.253191e-02	6.180739e-02	6.108975e-02
	6.037351e-02	5.965259e-02	5.891904e-02	5.816161e-02	5.736521e-02
	5.651111e-02	5.557420e-02	5.451947e-02	5.330199e-02	5.186768e-02
	5.015889e-02	4.812343e-02	4.571235e-02	4.286893e-02	3.961246e-02
	3.612046e-02	3.259606e-02	2.912757e-02	2.571291e-02	2.235066e-02
	1.911736e-02	1.614652e-02	1.352971e-02	1.128063e-02	9.374247e-03
	7.777526e-03	6.454375e-03	5.363814e-03	4.462796e-03	3.711508e-03
	3.076649e-03	2.533643e-03	2.067048e-03	1.667980e-03	1.330368e-03
	1.048601e-03	8.167445e-04	6.285450e-04	4.777896e-04	3.586206e-04
	2.657049e-04	1.942999e-04	1.402581e-04	1.000047e-04	7.050574e-05
	4.923114e-05	3.411482e-05	2.350928e-05	1.613493e-05	1.102545e-05
	7.471892e-06	4.969186e-06	3.167669e-06	1.832109e-06	8.091846e-07
	0.000000e+00
ScalarDissRateBilger [1/s]
	1.077558e-05	2.771578e-05	1.202615e-04	4.516141e-04	1.498458e-03
	4.454929e-03	1.198457e-02	2.939520e-02	6.619808e-02	1.378295e-01
	2.671680e-01	4.854437e-01	8.322440e-01	1.354506e+00	2.104593e+00
	3.137683e+00	4.508777e+00	6.269609e+00	8.465697e+00	1.113370e+01
	1.429920e+01	1.797490e+01	2.215931e+01	2.683600e+01	3.197313e+01
	3.752289e+01	4.341956e+01	4.957450e+01	5.587059e+01	6.216334e+01
	6.828953e+01	7.407672e+01	7.935089e+01	8.394767e+01	8.772699e+01
	9.058372e+01	9.245302e+01	9.330297e+01	9.310086e+01	9.178416e+01
	8.933321e+01	8.583258e+01	8.144518e+01	7.644343e+01	7.107802e+01
	6.555468e+01	6.003656e+01	5.464947e+01	4.948727e+01	4.461946e+01
	4.009920e+01	3.597159e+01	3.227716e+01	2.904794e+01	2.629621e+01
	2.400205e+01	2.211464e+01	2.056638e+01	1.928754e+01	1.821492e+01
	1.729513e+01	1.648603e+01	1.575617e+01	1.508418e+01	1.445720e+01
	1.386648e+01	1.330310e+01	1.275865e+01	1.222907e+01	1.171539e+01
	1.122059e+01	1.074749e+01	1.029870e+01	9.875592e+00	9.476958e+00
	9.099608e+00	8.740207e+00	8.396378e+00	8.066846e+00	7.751376e+00
	7.450718e+00	7.166504e+00	6.900777e+00	6.655249e+00	6.430961e+00
	6.228492e+00	6.048024e+00	5.889015e+00	5.750058e+00	5.629042e+00
	5.523209e+00	5.428535e+00	5.338886e+00	5.245032e+00	5.133417e+00
	4.986304e+00	4.785048e+00	4.514800e+00	4.166713e+00	3.748174e+00
	3.291246e+00	2.830821e+00	2.383874e+00	1.954500e+00	1.547841e+00
	1.179622e+00	8.698535e-01	6.271931e-01	4.461467e-01	3.145087e-01
	2.205083e-01	1.543752e-01	1.082150e-01	7.596610e-02	5.326609e-02
	3.712225e-02	2.556037e-02	1.730005e-02	1.147520e-02	7.449145e-03
	4.729744e-03	2.936140e-03	1.780827e-03	1.054162e-03	6.082166e-04
	3.415597e-04	1.864599e-04	9.886170e-05	5.089551e-05	2.545814e-05
	1.239710e-05	5.898921e-06	2.759357e-06	1.280339e-06	5.966266e-07
	2.836378e-07	1.400398e-07	7.304799e-08	4.076501e-08	2.446082e-08
	1.907184e-08
ChiAnalytOverChiStoich
	1.000000e-10	1.000000e-10	1.000000e-10	1.000000e-10	1.000000e-10
	1.000000e-10	1.000000e-10	3.336851e-03	1.405238e-02	3.081528e-02
	5.650689e-02	9.500038e-02	1.512275e-01	2.311181e-01	3.413976e-01
	4.892553e-01	6.819165e-01	9.261693e-01	1.227898e+00	1.591668e+00
	2.020410e+00	2.515203e+00	3.075198e+00	3.697648e+00	4.378032e+00
	5.110161e+00	5.886085e+00	6.695525e+00	7.525143e+00	8.358532e+00
	9.177051e+00	9.960599e+00	1.068807e+01	1.133835e+01	1.189200e+01
	1.233269e+01	1.264841e+01	1.283108e+01	1.287239e+01	1.275978e+01
	1.248205e+01	1.204321e+01	1.146819e+01	1.079300e+01	1.005294e+01
	9.278117e+00	8.493245e+00	7.718115e+00	6.968189e+00	6.255562e+00
	5.590017e+00	4.980114e+00	4.433528e+00	3.956249e+00	3.550761e+00
	3.214221e+00	2.938933e+00	2.714718e+00	2.531260e+00	2.379403e+00
	2.251605e+00	2.142062e+00	2.046552e+00	1.962226e+00	1.887265e+00
	1.820238e+00	1.759646e+00	1.704091e+00	1.652687e+00	1.605074e+00
	1.561067e+00	1.520486e+00	1.483168e+00	1.448897e+00	1.417300e+00
	1.387898e+00	1.360241e+00	1.333968e+00	1.308805e+00	1.284542e+00
	1.261027e+00	1.238157e+00	1.215858e+00	1.194031e+00	1.172536e+00
	1.151207e+00	1.129865e+00	1.108282e+00	1.086139e+00	1.063013e+00
	1.038394e+00	1.011608e+00	9.817320e-01	9.476204e-01	9.079593e-01
	8.614680e-01	8.071967e-01	7.445217e-01	6.729416e-01	5.942062e-01
	5.138175e-01	4.371499e-01	3.663146e-01	3.012864e-01	2.420520e-01
	1.897971e-01	1.460411e-01	1.110183e-01	8.364762e-02	6.248641e-02
	4.624027e-02	3.382081e-02	2.430820e-02	1.694965e-02	1.116460e-02
	6.527204e-03	2.744851e-03	1.000000e-10	1.000000e-10	1.000000e-10
	1.000000e-10	1.000000e-10	1.000000e-10	1.000000e-10	1.000000e-10
	1.000000e-10	1.000000e-10	1.000000e-10	1.000000e-10	1.000000e-10
	1.000000e-10	1.000000e-10	1.000000e-10	1.000000e-10	1.000000e-10
	1.000000e-10	1.000000e-10	1.000000e-10	1.000000e-10	1.000000e-10
	1.000000e-10
ChiKWOverChiKWStoich
	7.090031e-11	7.090372e-11	7.090936e-11	7.091861e-11	7.093340e-11
	7.095638e-11	7.099084e-11	2.370518e-03	9.992598e-03	2.194110e-02
	4.030143e-02	6.789715e-02	1.083571e-01	1.660972e-01	2.462038e-01
	3.542247e-01	4.958872e-01	6.767731e-01	9.019870e-01	1.175848e+00
	1.501637e+00	1.881403e+00	2.315869e+00	2.804401e+00	3.345053e+00
	3.934600e+00	4.568401e+00	5.239864e+00	5.939711e+00	6.655797e+00
	7.373629e+00	8.076871e+00	8.747609e+00	9.367078e+00	9.917112e+00
	1.038154e+01	1.074749e+01	1.100581e+01	1.114774e+01	1.116049e+01
	1.103042e+01	1.075477e+01	1.034877e+01	9.839393e+00	9.255625e+00
	8.623710e+00	7.966268e+00	7.302264e+00	6.647263e+00	6.014084e+00
	5.413621e+00	4.855750e+00	4.349618e+00	3.902837e+00	3.519654e+00
	3.199049e+00	2.935006e+00	2.718723e+00	2.540909e+00	2.393128e+00
	2.268327e+00	2.161024e+00	2.067208e+00	1.984166e+00	1.910167e+00
	1.843847e+00	1.783757e+00	1.728533e+00	1.677313e+00	1.629747e+00
	1.585661e+00	1.544885e+00	1.507267e+00	1.472602e+00	1.440525e+00
	1.410560e+00	1.382258e+00	1.355256e+00	1.329277e+00	1.304108e+00
	1.279594e+00	1.255632e+00	1.232149e+00	1.209048e+00	1.186188e+00
	1.163402e+00	1.140508e+00	1.117271e+00	1.093359e+00	1.068331e+00
	1.041648e+00	1.012600e+00	9.802185e-01	9.433078e-01	9.005174e-01
	8.505689e-01	7.925782e-01	7.260462e-01	6.506450e-01	5.684499e-01
	4.853943e-01	4.071052e-01	3.357171e-01	2.711583e-01	2.133748e-01
	1.634459e-01	1.226338e-01	9.084075e-02	6.671106e-02	4.861685e-02
	3.514972e-02	2.516570e-02	1.774177e-02	1.215866e-02	7.885153e-03
	4.545418e-03	1.887026e-03	6.794381e-11	6.722187e-11	6.658138e-11
	6.602140e-11	6.553916e-11	6.512987e-11	6.478727e-11	6.450440e-11
	6.427404e-11	6.408911e-11	6.394285e-11	6.382896e-11	6.374170e-11
	6.367593e-11	6.362719e-11	6.359167e-11	6.356619e-11	6.354821e-11
	6.353570e-11	6.352712e-11	6.352132e-11	6.351744e-11	6.351487e-11
	6.351319e-11
ChiKWFact
	7.090031e-01	7.090372e-01	7.090936e-01	7.091861e-01	7.093340e-01
	7.095638e-01	7.099084e-01	7.104059e-01	7.110965e-01	7.120201e-01
	7.132126e-01	7.147040e-01	7.165174e-01	7.186680e-01	7.211642e-01
	7.240080e-01	7.271964e-01	7.307229e-01	7.345783e-01	7.387522e-01
	7.432337e-01	7.480126e-01	7.530798e-01	7.584283e-01	7.640541e-01
	7.699562e-01	7.761358e-01	7.825919e-01	7.893154e-01	7.962879e-01
	8.034856e-01	8.108821e-01	8.184460e-01	8.261409e-01	8.339317e-01
	8.417903e-01	8.497113e-01	8.577466e-01	8.660196e-01	8.746617e-01
	8.837027e-01	8.930153e-01	9.023888e-01	9.116454e-01	9.206880e-01
	9.294678e-01	9.379535e-01	9.461201e-01	9.539441e-01	9.613980e-01
	9.684444e-01	9.750279e-01	9.810738e-01	9.864993e-01	9.912394e-01
	9.952796e-01	9.986637e-01	1.001475e+00	1.003812e+00	1.005768e+00
	1.007427e+00	1.008852e+00	1.010093e+00	1.011181e+00	1.012135e+00
	1.012970e+00	1.013702e+00	1.014343e+00	1.014900e+00	1.015372e+00
	1.015755e+00	1.016047e+00	1.016249e+00	1.016361e+00	1.016387e+00
	1.016328e+00	1.016186e+00	1.015958e+00	1.015642e+00	1.015232e+00
	1.014724e+00	1.014114e+00	1.013399e+00	1.012577e+00	1.011643e+00
	1.010593e+00	1.009419e+00	1.008110e+00	1.006648e+00	1.005003e+00
	1.003133e+00	1.000981e+00	9.984584e-01	9.954489e-01	9.918037e-01
	9.873482e-01	9.818898e-01	9.751848e-01	9.668669e-01	9.566542e-01
	9.446823e-01	9.312714e-01	9.164720e-01	9.000018e-01	8.815247e-01
	8.611611e-01	8.397206e-01	8.182505e-01	7.975249e-01	7.780388e-01
	7.601539e-01	7.440892e-01	7.298677e-01	7.173396e-01	7.062638e-01
	6.963805e-01	6.874786e-01	6.794381e-01	6.722187e-01	6.658138e-01
	6.602140e-01	6.553916e-01	6.512987e-01	6.478727e-01	6.450440e-01
	6.427404e-01	6.408911e-01	6.394285e-01	6.382896e-01	6.374170e-01
	6.367593e-01	6.362719e-01	6.359167e-01	6.356619e-01	6.354821e-01
	6.353570e-01	6.352712e-01	6.352132e-01	6.351744e-01	6.351487e-01
	6.351319e-01
MolarMass [kg/kmole]
	1.604300e+01	1.604176e+01	1.604036e+01	1.603897e+01	1.603785e+01
	1.603740e+01	1.603817e+01	1.604079e+01	1.604602e+01	1.605462e+01
	1.606739e+01	1.608505e+01	1.610831e+01	1.613778e+01	1.617403e+01
	1.621754e+01	1.626879e+01	1.632819e+01	1.639618e+01	1.647317e+01
	1.655960e+01	1.665595e+01	1.676275e+01	1.688059e+01	1.701018e+01
	1.715236e+01	1.730808e+01	1.747829e+01	1.766379e+01	1.786512e+01
	1.808259e+01	1.831634e+01	1.856620e+01	1.883158e+01	1.911166e+01
	1.940553e+01	1.971282e+01	2.003520e+01	2.037724e+01	2.074381e+01
	2.113473e+01	2.154256e+01	2.195569e+01	2.236442e+01	2.276281e+01
	2.314733e+01	2.351563e+01	2.386599e+01	2.419713e+01	2.450789e+01
	2.479700e+01	2.506274e+01	2.530287e+01	2.551504e+01	2.569782e+01
	2.585170e+01	2.597930e+01	2.608451e+01	2.617152e+01	2.624424e+01
	2.630600e+01	2.635941e+01	2.640646e+01	2.644847e+01	2.648633e+01
	2.652073e+01	2.655240e+01	2.658206e+01	2.661016e+01	2.663688e+01
	2.666228e+01	2.668641e+01	2.670929e+01	2.673096e+01	2.675157e+01
	2.677135e+01	2.679053e+01	2.680930e+01	2.682782e+01	2.684622e+01
	2.686456e+01	2.688290e+01	2.690128e+01	2.691973e+01	2.693835e+01
	2.695725e+01	2.697656e+01	2.699647e+01	2.701725e+01	2.703928e+01
	2.706304e+01	2.708917e+01	2.711854e+01	2.715225e+01	2.719154e+01
	2.723761e+01	2.729137e+01	2.735362e+01	2.742546e+01	2.750643e+01
	2.759275e+01	2.768039e+01	2.776808e+01	2.785657e+01	2.794647e+01
	2.803616e+01	2.812219e+01	2.820192e+01	2.827461e+01	2.834045e+01
	2.839965e+01	2.845242e+01	2.849922e+01	2.854075e+01	2.857788e+01
	2.861149e+01	2.864226e+01	2.867055e+01	2.869647e+01	2.871997e+01
	2.874099e+01	2.875956e+01	2.877574e+01	2.878967e+01	2.880153e+01
	2.881150e+01	2.881978e+01	2.882659e+01	2.883210e+01	2.883652e+01
	2.884002e+01	2.884276e+01	2.884489e+01	2.884653e+01	2.884778e+01
	2.884874e+01	2.884947e+01	2.885003e+01	2.885046e+01	2.885080e+01
	2.885106e+01
TotalEnthalpy [J/kg]
	-4.664239e+06	-4.664009e+06	-4.663606e+06	-4.662912e+06	-4.661758e+06
	-4.659912e+06	-4.657076e+06	-4.652899e+06	-4.646998e+06	-4.638975e+06
	-4.628444e+06	-4.615047e+06	-4.598459e+06	-4.578393e+06	-4.554598e+06
	-4.526850e+06	-4.494947e+06	-4.458702e+06	-4.417932e+06	-4.372455e+06
	-4.322081e+06	-4.266607e+06	-4.205810e+06	-4.139440e+06	-4.067205e+06
	-3.988766e+06	-3.903749e+06	-3.811810e+06	-3.712728e+06	-3.606453e+06
	-3.493084e+06	-3.372846e+06	-3.246148e+06	-3.113613e+06	-2.975996e+06
	-2.834078e+06	-2.688383e+06	-2.538506e+06	-2.382833e+06	-2.219848e+06
	-2.050445e+06	-1.878820e+06	-1.710405e+06	-1.549298e+06	-1.397700e+06
	-1.256610e+06	-1.126442e+06	-1.007274e+06	-8.989655e+05	-8.012706e+05
	-7.139347e+05	-6.367895e+05	-5.697538e+05	-5.127128e+05	-4.652993e+05
	-4.266908e+05	-3.956642e+05	-3.708479e+05	-3.509540e+05	-3.348930e+05
	-3.218026e+05	-3.110444e+05	-3.021733e+05	-2.948991e+05	-2.890330e+05
	-2.844171e+05	-2.808917e+05	-2.783193e+05	-2.766043e+05	-2.756694e+05
	-2.754259e+05	-2.757687e+05	-2.765820e+05	-2.777484e+05	-2.791637e+05
	-2.807461e+05	-2.824313e+05	-2.841637e+05	-2.858913e+05	-2.875622e+05
	-2.891232e+05	-2.905192e+05	-2.916959e+05	-2.926035e+05	-2.931961e+05
	-2.934283e+05	-2.932521e+05	-2.926128e+05	-2.914394e+05	-2.896308e+05
	-2.870415e+05	-2.834564e+05	-2.785500e+05	-2.718524e+05	-2.627295e+05
	-2.504255e+05	-2.342050e+05	-2.134938e+05	-1.879949e+05	-1.587234e+05
	-1.287950e+05	-1.015350e+05	-7.870921e+04	-6.091569e+04	-4.842639e+04
	-4.126414e+04	-3.860708e+04	-3.878224e+04	-4.000477e+04	-4.095018e+04
	-4.104323e+04	-4.019957e+04	-3.858078e+04	-3.640566e+04	-3.385610e+04
	-3.105410e+04	-2.807953e+04	-2.500252e+04	-2.190234e+04	-1.886356e+04
	-1.596388e+04	-1.326477e+04	-1.080714e+04	-8.612592e+03	-6.687081e+03
	-5.024860e+03	-3.611960e+03	-2.428958e+03	-1.453140e+03	-6.601773e+02
	-2.542301e+01	4.750732e+02	8.637951e+02	1.161211e+03	1.385429e+03
	1.552044e+03	1.674138e+03	1.762413e+03	1.825411e+03	1.869760e+03
	1.900584e+03
trailer
Lewis numbers evaluated at maximum consumption
N2	-1
O2	1.01235
@ Z = 0.0489437
H	0.171663
@ Z = 0.0644621
OH	0.675181
@ Z = 0.0581319
O	0.660662
@ Z = 0.0526398
H2	0.28091
@ Z = 0.0444858
H2O	-1
HO2	1.01144
@ Z = 0.00376944
H2O2	0.99861
@ Z = 0.0251339
CO	1.01534
@ Z = 0.0402871
CO2	-1
CH	0.613851
@ Z = 0.0464824
CHO	1.15918
@ Z = 0.0432892
CH2	0.88925
@ Z = 0.0489437
CH2O	1.17164
@ Z = 0.0455375
CH3	0.925729
@ Z = 0.0504383
CH4	0.932679
@ Z = 0.0620571
C2H6	1.35173
@ Z = 0.0620571
C2H	1.19683
@ Z = 0.0473512
C2H2	1.21427
@ Z = 0.0519044
CHCO	0.814717
@ Z = 0.0504383
C3H3	1.64598
@ Z = 0.0511721
C2H3	1.22544
@ Z = 0.0511721
C2H4	1.22892
@ Z = 0.0572832
C2H5	1.33891
@ Z = 0.054896
C3H4	1.60362
@ Z = 0.0481661
C3H5	1.65695
@ Z = 0.0721343
C3H6	1.72536
@ Z = 0.055672
N-C3H7	1.73143
@ Z = 0.053382
I-C3H7	1.72525
@ Z = 0.0489437
C3H8	1.71812
@ Z = 0.00748321
Lewis numbers evaluated at maximum formation
N2	-1
O2	1.02564
@ Z = 0.00529067
H	0.16966
@ Z = 0.0489437
OH	0.667249
@ Z = 0.0444858
O	0.651328
@ Z = 0.0402871
H2	0.283872
@ Z = 0.0620571
H2O	0.752595
@ Z = 0.0511721
HO2	0.99399
@ Z = 0.00890379
H2O2	0.994873
@ Z = 0.0147353
CO	1.02916
@ Z = 0.0526398
CO2	1.28163
@ Z = 0.0444858
CH	0.618503
@ Z = 0.0541335
CHO	1.16852
@ Z = 0.0511721
CH2	0.894991
@ Z = 0.0581319
CH2O	1.18047
@ Z = 0.0541335
CH3	0.929293
@ Z = 0.063219
CH4	0.702432
@ Z = 0.50364
C2H6	1.33807
@ Z = 0.0887492
C2H	1.20535
@ Z = 0.0564658
C2H2	1.21632
@ Z = 0.0672051
CHCO	0.81871
@ Z = 0.063219
C3H3	1.65197
@ Z = 0.0599648
C2H3	1.23035
@ Z = 0.0620571
C2H4	1.22526
@ Z = 0.074113
C2H5	1.34005
@ Z = 0.0657897
C3H4	1.61366
@ Z = 0.0581319
C3H5	1.66059
@ Z = 0.055672
C3H6	1.72481
@ Z = 0.0672051
N-C3H7	1.73479
@ Z = 0.0620571
I-C3H7	1.71014
@ Z = 0.00748321
C3H8	-1
Lewis numbers evaluated at maximum mass fraction
N2	0.921296
@ Z = 6.17475e-07
O2	1.05237
@ Z = 6.17475e-07
H	0.16856
@ Z = 0.0444858
OH	0.663751
@ Z = 0.0402871
O	0.64632
@ Z = 0.033719
H2	0.282127
@ Z = 0.0933833
H2O	0.756454
@ Z = 0.0644621
HO2	0.990851
@ Z = 0.0105758
H2O2	0.994873
@ Z = 0.0147353
CO	1.03176
@ Z = 0.0657897
CO2	1.29448
@ Z = 0.0541335
CH	0.618796
@ Z = 0.054896
CHO	1.16919
@ Z = 0.0519044
CH2	0.895195
@ Z = 0.0590217
CH2O	1.18172
@ Z = 0.0564658
CH3	0.928646
@ Z = 0.0672051
CH4	1.0339
@ Z = 0.999959
C2H6	1.2962
@ Z = 0.203497
C2H	1.20595
@ Z = 0.0581319
C2H2	1.19365
@ Z = 0.114305
CHCO	0.813387
@ Z = 0.0816206
C3H3	1.652
@ Z = 0.0609737
C2H3	1.23023
@ Z = 0.063219
C2H4	1.20585
@ Z = 0.114305
C2H5	1.33894
@ Z = 0.068717
C3H4	1.61387
@ Z = 0.0590217
C3H5	1.66105
@ Z = 0.0564658
C3H6	1.6132
@ Z = 0.435081
N-C3H7	1.73452
@ Z = 0.063219
I-C3H7	1.72525
@ Z = 0.0489437
C3H8	1.79218
@ Z = 0.975054
