header

title = "planar counterflow diffusion flame"
author = ""
date = "Wed Aug 14 11:00:47 2013"

fuel = "CH4"
pressure = 1 [bar]
strainrate = 25 [1/s]
chiStoichAnal = 0.615532 [1/s]
chiStoichAnalKW = 0.987016 [1/s]
FlameLocZ = 0.053124 [K]
FlameLocBilger = 0.0638829 [K]
Tmax = 2138.69 [K]
stoichScalarDissRate = 1.08759 [1/s]
stoichScalarDissRateBilger = 0.755657 [1/s]

OxidizerSide
begin
	Temperature = 300 [K]
	Massfraction-N2 = 0.76708
	Massfraction-O2 = 0.23292
	Molefraction-N2 = 0.79
	Molefraction-O2 = 0.21
end

FuelSide
begin
	Temperature = 300 [K]
	Massfraction-CH4 = 1
	Molefraction-CH4 = 1
end

numOfSpecies = 31
gridPoints = 141

body
eta
	0.000000e+00	9.941985e-02	1.982705e-01	2.958692e-01	3.916295e-01
	4.851505e-01	5.760875e-01	6.641017e-01	7.488926e-01	8.302298e-01
	9.079659e-01	9.820334e-01	1.052442e+00	1.119278e+00	1.182693e+00
	1.242882e+00	1.300070e+00	1.354490e+00	1.406381e+00	1.455976e+00
	1.503499e+00	1.549162e+00	1.593166e+00	1.635695e+00	1.676927e+00
	1.717028e+00	1.756163e+00	1.794508e+00	1.832264e+00	1.869651e+00
	1.906862e+00	1.944011e+00	1.981124e+00	2.018153e+00	2.055038e+00
	2.091768e+00	2.128396e+00	2.165046e+00	2.202007e+00	2.239783e+00
	2.278962e+00	2.319982e+00	2.363017e+00	2.408031e+00	2.454819e+00
	2.503022e+00	2.552215e+00	2.602035e+00	2.652217e+00	2.702506e+00
	2.752527e+00	2.801786e+00	2.849794e+00	2.896131e+00	2.940291e+00
	2.981500e+00	3.018793e+00	3.051386e+00	3.079011e+00	3.101761e+00
	3.120018e+00	3.134606e+00	3.146441e+00	3.156286e+00	3.164722e+00
	3.172081e+00	3.178563e+00	3.184307e+00	3.189458e+00	3.194163e+00
	3.198523e+00	3.202614e+00	3.206496e+00	3.210214e+00	3.213804e+00
	3.217298e+00	3.220723e+00	3.224098e+00	3.227441e+00	3.230766e+00
	3.234087e+00	3.237410e+00	3.240748e+00	3.244133e+00	3.247629e+00
	3.251327e+00	3.255350e+00	3.259894e+00	3.265204e+00	3.271360e+00
	3.278708e+00	3.287596e+00	3.298476e+00	3.312355e+00	3.329804e+00
	3.351561e+00	3.378012e+00	3.407889e+00	3.440095e+00	3.475160e+00
	3.514130e+00	3.557243e+00	3.603839e+00	3.652977e+00	3.704000e+00
	3.756452e+00	3.809850e+00	3.863755e+00	3.917957e+00	3.972658e+00
	4.028433e+00	4.085846e+00	4.145263e+00	4.206883e+00	4.270772e+00
	4.336912e+00	4.405237e+00	4.475691e+00	4.548261e+00	4.622950e+00
	4.699724e+00	4.778531e+00	4.859331e+00	4.942074e+00	5.026699e+00
	5.113124e+00	5.201254e+00	5.290976e+00	5.382165e+00	5.474687e+00
	5.568406e+00	5.663186e+00	5.758892e+00	5.855396e+00	5.952580e+00
	6.050336e+00	6.148568e+00	6.247190e+00	6.346118e+00	6.445212e+00
	6.544325e+00
y [m]
	-8.469962e-03	-8.326432e-03	-8.183697e-03	-8.042732e-03	-7.904362e-03
	-7.769140e-03	-7.637524e-03	-7.509951e-03	-7.386792e-03	-7.268299e-03
	-7.154594e-03	-7.045674e-03	-6.941417e-03	-6.841591e-03	-6.745868e-03
	-6.653861e-03	-6.565149e-03	-6.479299e-03	-6.395879e-03	-6.314470e-03
	-6.234669e-03	-6.156092e-03	-6.078376e-03	-6.001175e-03	-5.924155e-03
	-5.846985e-03	-5.769327e-03	-5.690803e-03	-5.610953e-03	-5.529236e-03
	-5.445124e-03	-5.358227e-03	-5.268345e-03	-5.175462e-03	-5.079628e-03
	-4.980787e-03	-4.878720e-03	-4.772987e-03	-4.662618e-03	-4.545846e-03
	-4.420407e-03	-4.284261e-03	-4.136040e-03	-3.974986e-03	-3.800926e-03
	-3.614363e-03	-3.416252e-03	-3.207557e-03	-2.989050e-03	-2.761670e-03
	-2.527124e-03	-2.288013e-03	-2.047272e-03	-1.807794e-03	-1.573191e-03
	-1.348794e-03	-1.141290e-03	-9.565961e-04	-7.976848e-04	-6.652280e-04
	-5.579130e-04	-4.715319e-04	-4.010503e-04	-3.421395e-04	-2.914694e-04
	-2.471221e-04	-2.079508e-04	-1.731614e-04	-1.419007e-04	-1.132990e-04
	-8.675615e-05	-6.182001e-05	-3.813568e-05	-1.543489e-05	6.494187e-06
	2.784515e-05	4.877424e-05	6.939445e-05	8.980270e-05	1.100885e-04
	1.303174e-04	1.505323e-04	1.708022e-04	1.913119e-04	2.124331e-04
	2.347176e-04	2.588692e-04	2.860403e-04	3.176333e-04	3.540393e-04
	3.971842e-04	4.489102e-04	5.115338e-04	5.902726e-04	6.874003e-04
	8.054697e-04	9.442351e-04	1.094326e-03	1.247874e-03	1.405099e-03
	1.567689e-03	1.733159e-03	1.896054e-03	2.051527e-03	2.197248e-03
	2.332504e-03	2.457113e-03	2.571397e-03	2.676311e-03	2.773488e-03
	2.864876e-03	2.952027e-03	3.035931e-03	3.117224e-03	3.196324e-03
	3.273538e-03	3.349135e-03	3.423396e-03	3.496644e-03	3.569201e-03
	3.641334e-03	3.713274e-03	3.785241e-03	3.857429e-03	3.929996e-03
	4.003063e-03	4.076715e-03	4.151003e-03	4.225951e-03	4.301553e-03
	4.377788e-03	4.454618e-03	4.531992e-03	4.609856e-03	4.688150e-03
	4.766817e-03	4.845801e-03	4.925052e-03	5.004514e-03	5.084084e-03
	5.163652e-03
f
	-3.529277e+00	-3.395949e+00	-3.263378e+00	-3.132476e+00	-3.004023e+00
	-2.878548e+00	-2.756499e+00	-2.638314e+00	-2.524374e+00	-2.414961e+00
	-2.310241e+00	-2.210269e+00	-2.114996e+00	-2.024269e+00	-1.937845e+00
	-1.855426e+00	-1.776677e+00	-1.701249e+00	-1.628791e+00	-1.558958e+00
	-1.491421e+00	-1.425866e+00	-1.361995e+00	-1.299530e+00	-1.238204e+00
	-1.177758e+00	-1.117935e+00	-1.058453e+00	-9.989815e-01	-9.391434e-01
	-8.785934e-01	-8.170992e-01	-7.545747e-01	-6.910613e-01	-6.266398e-01
	-5.613144e-01	-4.949805e-01	-4.274012e-01	-3.580223e-01	-2.858373e-01
	-2.096139e-01	-1.283567e-01	-4.156770e-02	5.081530e-02	1.484576e-01
	2.506174e-01	3.563235e-01	4.646438e-01	5.747943e-01	6.859582e-01
	7.970207e-01	9.065761e-01	1.013240e+00	1.115827e+00	1.213020e+00
	1.303014e+00	1.383724e+00	1.453593e+00	1.512264e+00	1.560169e+00
	1.598329e+00	1.628626e+00	1.653071e+00	1.673312e+00	1.690584e+00
	1.705595e+00	1.718774e+00	1.730415e+00	1.740826e+00	1.750311e+00
	1.759079e+00	1.767287e+00	1.775059e+00	1.782486e+00	1.789642e+00
	1.796594e+00	1.803393e+00	1.810081e+00	1.816690e+00	1.823252e+00
	1.829790e+00	1.836319e+00	1.842865e+00	1.849489e+00	1.856313e+00
	1.863517e+00	1.871331e+00	1.880131e+00	1.890378e+00	1.902207e+00
	1.916257e+00	1.933148e+00	1.953667e+00	1.979579e+00	2.011743e+00
	2.051195e+00	2.098194e+00	2.150051e+00	2.204540e+00	2.262237e+00
	2.324416e+00	2.390949e+00	2.460393e+00	2.531102e+00	2.602043e+00
	2.672611e+00	2.742261e+00	2.810588e+00	2.877511e+00	2.943451e+00
	3.009218e+00	3.075558e+00	3.142941e+00	3.211637e+00	3.281767e+00
	3.353358e+00	3.426401e+00	3.500899e+00	3.576903e+00	3.654482e+00
	3.733663e+00	3.814454e+00	3.896872e+00	3.980921e+00	4.066588e+00
	4.153835e+00	4.242606e+00	4.332821e+00	4.424384e+00	4.517188e+00
	4.611115e+00	4.706046e+00	4.801861e+00	4.898442e+00	4.995679e+00
	5.093470e+00	5.191724e+00	5.290359e+00	5.389295e+00	5.488392e+00
	5.587505e+00
df/deta
	1.341029e+00	1.341062e+00	1.341122e+00	1.341227e+00	1.341401e+00
	1.341683e+00	1.342123e+00	1.342791e+00	1.343776e+00	1.345181e+00
	1.347126e+00	1.349737e+00	1.353144e+00	1.357470e+00	1.362830e+00
	1.369324e+00	1.377035e+00	1.386030e+00	1.396359e+00	1.408056e+00
	1.421140e+00	1.435619e+00	1.451491e+00	1.468745e+00	1.487365e+00
	1.507330e+00	1.528622e+00	1.551231e+00	1.575175e+00	1.600493e+00
	1.627218e+00	1.655328e+00	1.684720e+00	1.715205e+00	1.746552e+00
	1.778551e+00	1.811029e+00	1.843871e+00	1.877096e+00	1.910899e+00
	1.945499e+00	1.980890e+00	2.016719e+00	2.052340e+00	2.086892e+00
	2.119374e+00	2.148782e+00	2.174236e+00	2.195020e+00	2.210533e+00
	2.220301e+00	2.224057e+00	2.221825e+00	2.213915e+00	2.200925e+00
	2.183861e+00	2.164208e+00	2.143690e+00	2.123822e+00	2.105733e+00
	2.090077e+00	2.076834e+00	2.065610e+00	2.055942e+00	2.047421e+00
	2.039807e+00	2.032961e+00	2.026787e+00	2.021164e+00	2.015956e+00
	2.011069e+00	2.006431e+00	2.001982e+00	1.997680e+00	1.993486e+00
	1.989369e+00	1.985298e+00	1.981254e+00	1.977218e+00	1.973173e+00
	1.969106e+00	1.965007e+00	1.960862e+00	1.956632e+00	1.952238e+00
	1.947559e+00	1.942439e+00	1.936616e+00	1.929764e+00	1.921759e+00
	1.912123e+00	1.900360e+00	1.885819e+00	1.867078e+00	1.843275e+00
	1.813346e+00	1.776810e+00	1.735678e+00	1.691914e+00	1.645396e+00
	1.595572e+00	1.543232e+00	1.490351e+00	1.438966e+00	1.390392e+00
	1.345373e+00	1.304367e+00	1.267533e+00	1.234709e+00	1.205443e+00
	1.179172e+00	1.155467e+00	1.134076e+00	1.114843e+00	1.097661e+00
	1.082434e+00	1.069054e+00	1.057397e+00	1.047322e+00	1.038687e+00
	1.031350e+00	1.025176e+00	1.020030e+00	1.015783e+00	1.012313e+00
	1.009509e+00	1.007268e+00	1.005496e+00	1.004110e+00	1.003039e+00
	1.002220e+00	1.001600e+00	1.001136e+00	1.000793e+00	1.000542e+00
	1.000360e+00	1.000229e+00	1.000137e+00	1.000073e+00	1.000029e+00
	1.000000e+00
Z
	1.000000e+00	9.999756e-01	9.999327e-01	9.998594e-01	9.997378e-01
	9.995422e-01	9.992370e-01	9.987756e-01	9.981002e-01	9.971427e-01
	9.958269e-01	9.940721e-01	9.917965e-01	9.889208e-01	9.853710e-01
	9.810796e-01	9.759871e-01	9.700417e-01	9.631993e-01	9.554225e-01
	9.466796e-01	9.369440e-01	9.261934e-01	9.144084e-01	9.015720e-01
	8.876676e-01	8.726763e-01	8.565706e-01	8.393028e-01	8.208038e-01
	8.010055e-01	7.798757e-01	7.574418e-01	7.337960e-01	7.090676e-01
	6.833768e-01	6.568146e-01	6.294285e-01	6.011460e-01	5.717242e-01
	5.408587e-01	5.083959e-01	4.744514e-01	4.393790e-01	4.037196e-01
	3.681409e-01	3.333217e-01	2.998305e-01	2.680827e-01	2.383966e-01
	2.110569e-01	1.862925e-01	1.642055e-01	1.447641e-01	1.278971e-01
	1.135616e-01	1.017054e-01	9.217347e-02	8.467427e-02	7.888197e-02
	7.447520e-02	7.110422e-02	6.846502e-02	6.633299e-02	6.455131e-02
	6.303038e-02	6.171600e-02	6.057094e-02	5.955948e-02	5.864822e-02
	5.781437e-02	5.704112e-02	5.631557e-02	5.562807e-02	5.497110e-02
	5.433803e-02	5.372359e-02	5.312395e-02	5.253590e-02	5.195655e-02
	5.138376e-02	5.081613e-02	5.025156e-02	4.968484e-02	4.910584e-02
	4.849989e-02	4.784874e-02	4.712296e-02	4.628792e-02	4.533728e-02
	4.422660e-02	4.291751e-02	4.136503e-02	3.946256e-02	3.719000e-02
	3.453434e-02	3.155704e-02	2.850362e-02	2.555093e-02	2.269891e-02
	1.992483e-02	1.727887e-02	1.484587e-02	1.268314e-02	1.080031e-02
	9.182165e-03	7.806242e-03	6.644592e-03	5.665048e-03	4.833706e-03
	4.119793e-03	3.501024e-03	2.962806e-03	2.494918e-03	2.089577e-03
	1.740220e-03	1.440866e-03	1.185850e-03	9.697783e-04	7.877258e-04
	6.353300e-04	5.086560e-04	4.041207e-04	3.185103e-04	2.489644e-04
	1.929472e-04	1.482243e-04	1.128414e-04	8.510462e-05	6.356151e-05
	4.698117e-05	3.433446e-05	2.477231e-05	1.760350e-05	1.227272e-05
	8.339719e-06	5.459730e-06	3.365960e-06	1.854403e-06	7.710697e-07
	0.000000e+00
temperature [K]
	3.000000e+02	3.000286e+02	3.000788e+02	3.001645e+02	3.003066e+02
	3.005352e+02	3.008918e+02	3.014304e+02	3.022181e+02	3.033333e+02
	3.048635e+02	3.069004e+02	3.095358e+02	3.128572e+02	3.169445e+02
	3.218684e+02	3.276893e+02	3.344575e+02	3.422146e+02	3.509944e+02
	3.608253e+02	3.717321e+02	3.837376e+02	3.968645e+02	4.111375e+02
	4.265860e+02	4.432476e+02	4.611766e+02	4.804570e+02	5.012069e+02
	5.235544e+02	5.476014e+02	5.733963e+02	6.009272e+02	6.301500e+02
	6.610413e+02	6.936245e+02	7.279927e+02	7.644191e+02	8.034567e+02
	8.458464e+02	8.922735e+02	9.432092e+02	9.989359e+02	1.059495e+03
	1.124552e+03	1.193485e+03	1.265596e+03	1.340190e+03	1.416467e+03
	1.493352e+03	1.569507e+03	1.643594e+03	1.714441e+03	1.780866e+03
	1.841482e+03	1.894899e+03	1.940273e+03	1.977676e+03	2.007710e+03
	2.031296e+03	2.049796e+03	2.064560e+03	2.076652e+03	2.086843e+03
	2.095566e+03	2.103074e+03	2.109536e+03	2.115123e+03	2.119991e+03
	2.124238e+03	2.127921e+03	2.131074e+03	2.133705e+03	2.135806e+03
	2.137359e+03	2.138334e+03	2.138694e+03	2.138404e+03	2.137430e+03
	2.135753e+03	2.133369e+03	2.130289e+03	2.126517e+03	2.122016e+03
	2.116685e+03	2.110354e+03	2.102699e+03	2.093275e+03	2.081920e+03
	2.067951e+03	2.050581e+03	2.028646e+03	1.999519e+03	1.960901e+03
	1.909460e+03	1.842127e+03	1.760661e+03	1.668370e+03	1.565514e+03
	1.452018e+03	1.331513e+03	1.210739e+03	1.096089e+03	9.912604e+02
	8.976262e+02	8.153381e+02	7.438600e+02	6.821306e+02	6.286950e+02
	5.820507e+02	5.410689e+02	5.050132e+02	4.733663e+02	4.457264e+02
	4.217398e+02	4.010664e+02	3.833678e+02	3.683093e+02	3.555768e+02
	3.448867e+02	3.359787e+02	3.286122e+02	3.225689e+02	3.176526e+02
	3.136881e+02	3.105199e+02	3.080114e+02	3.060438e+02	3.045149e+02
	3.033377e+02	3.024396e+02	3.017603e+02	3.012510e+02	3.008722e+02
	3.005927e+02	3.003881e+02	3.002392e+02	3.001318e+02	3.000548e+02
	3.000000e+02
massfraction-N2
	1.000000e-60	2.016237e-05	5.567846e-05	1.165116e-04	2.176418e-04
	3.807943e-04	6.360326e-04	1.022823e-03	1.590305e-03	2.396534e-03
	3.506572e-03	4.989540e-03	6.915165e-03	9.350655e-03	1.235827e-02
	1.599349e-02	2.030396e-02	2.532916e-02	3.110059e-02	3.764236e-02
	4.497195e-02	5.310111e-02	6.203668e-02	7.178155e-02	8.233575e-02
	9.369802e-02	1.058682e-01	1.188527e-01	1.326732e-01	1.473677e-01
	1.629718e-01	1.794923e-01	1.968899e-01	2.150779e-01	2.339447e-01
	2.533910e-01	2.733438e-01	2.937665e-01	3.147147e-01	3.363707e-01
	3.589613e-01	3.826061e-01	4.072372e-01	4.326299e-01	4.584336e-01
	4.842097e-01	5.095056e-01	5.339426e-01	5.572430e-01	5.791872e-01
	5.995666e-01	6.181989e-01	6.349834e-01	6.499118e-01	6.630008e-01
	6.742420e-01	6.836328e-01	6.912535e-01	6.973000e-01	7.020053e-01
	7.056080e-01	7.083781e-01	7.105552e-01	7.123182e-01	7.137930e-01
	7.150510e-01	7.161355e-01	7.170761e-01	7.179020e-01	7.186403e-01
	7.193098e-01	7.199245e-01	7.204950e-01	7.210295e-01	7.215346e-01
	7.220160e-01	7.224788e-01	7.229266e-01	7.233627e-01	7.237903e-01
	7.242118e-01	7.246289e-01	7.250439e-01	7.254608e-01	7.258874e-01
	7.263347e-01	7.268164e-01	7.273548e-01	7.279764e-01	7.286877e-01
	7.295249e-01	7.305215e-01	7.317172e-01	7.331992e-01	7.349838e-01
	7.370723e-01	7.393986e-01	7.417545e-01	7.440008e-01	7.461465e-01
	7.482233e-01	7.502109e-01	7.520616e-01	7.537400e-01	7.552385e-01
	7.565658e-01	7.577357e-01	7.587649e-01	7.596730e-01	7.604817e-01
	7.612122e-01	7.618789e-01	7.624903e-01	7.630510e-01	7.635632e-01
	7.640284e-01	7.644482e-01	7.648242e-01	7.651588e-01	7.654546e-01
	7.657142e-01	7.659403e-01	7.661357e-01	7.663033e-01	7.664460e-01
	7.665665e-01	7.666674e-01	7.667513e-01	7.668205e-01	7.668770e-01
	7.669228e-01	7.669597e-01	7.669891e-01	7.670124e-01	7.670307e-01
	7.670450e-01	7.670560e-01	7.670645e-01	7.670710e-01	7.670759e-01
	7.670796e-01
massfraction-O2
	1.000000e-60	2.082185e-08	5.738875e-08	1.198368e-07	2.233526e-07
	3.898842e-07	6.496922e-07	1.042340e-06	1.616863e-06	2.430879e-06
	3.548526e-06	5.037345e-06	6.964664e-06	9.394318e-06	1.238408e-05
	1.598374e-05	2.023396e-05	2.516589e-05	3.080137e-05	3.715358e-05
	4.422783e-05	5.202252e-05	6.053012e-05	6.973826e-05	7.963082e-05
	9.018965e-05	1.013969e-04	1.132400e-04	1.257191e-04	1.388477e-04
	1.526353e-04	1.670648e-04	1.820790e-04	1.975824e-04	2.134632e-04
	2.296257e-04	2.460010e-04	2.625548e-04	2.793296e-04	2.964683e-04
	3.141458e-04	3.324527e-04	3.513418e-04	3.706616e-04	3.901855e-04
	4.096419e-04	4.287660e-04	4.473599e-04	4.653114e-04	4.825657e-04
	4.990979e-04	5.149401e-04	5.302577e-04	5.454166e-04	5.609973e-04
	5.777851e-04	5.967345e-04	6.188761e-04	6.451872e-04	6.762112e-04
	7.117309e-04	7.513793e-04	7.951380e-04	8.434894e-04	8.975003e-04
	9.580965e-04	1.025939e-03	1.101457e-03	1.185564e-03	1.280021e-03
	1.386785e-03	1.508154e-03	1.646863e-03	1.806049e-03	1.989327e-03
	2.201077e-03	2.446325e-03	2.730526e-03	3.059703e-03	3.440460e-03
	3.879464e-03	4.382983e-03	4.957747e-03	5.614234e-03	6.371415e-03
	7.260258e-03	8.326394e-03	9.648837e-03	1.133980e-02	1.347376e-02
	1.622876e-02	1.980712e-02	2.447161e-02	3.075088e-02	3.898854e-02
	4.954467e-02	6.247127e-02	7.680560e-02	9.156080e-02	1.064878e-01
	1.214770e-01	1.360534e-01	1.495856e-01	1.616607e-01	1.721933e-01
	1.812661e-01	1.890047e-01	1.955591e-01	2.011010e-01	2.058140e-01
	2.098666e-01	2.133813e-01	2.164384e-01	2.190939e-01	2.213912e-01
	2.233667e-01	2.250544e-01	2.264866e-01	2.276945e-01	2.287067e-01
	2.295486e-01	2.302435e-01	2.308125e-01	2.312745e-01	2.316463e-01
	2.319429e-01	2.321772e-01	2.323606e-01	2.325028e-01	2.326119e-01
	2.326949e-01	2.327574e-01	2.328041e-01	2.328386e-01	2.328640e-01
	2.328825e-01	2.328958e-01	2.329054e-01	2.329122e-01	2.329170e-01
	2.329204e-01
massfraction-H
	1.000000e-60	2.944060e-18	6.330524e-18	1.017768e-17	1.449403e-17
	1.928806e-17	2.457874e-17	3.042212e-17	3.696036e-17	4.448861e-17
	5.353523e-17	6.495914e-17	8.008847e-17	1.009510e-16	1.306758e-16
	1.741890e-16	2.394065e-16	3.392800e-16	4.953230e-16	7.437311e-16
	1.146081e-15	1.808144e-15	2.913168e-15	4.781091e-15	7.974662e-15
	1.349168e-14	2.311880e-14	4.010038e-14	7.044947e-14	1.255666e-13
	2.273875e-13	4.179670e-13	7.754069e-13	1.435075e-12	2.607929e-12
	4.581682e-12	7.696157e-12	1.231568e-11	1.887338e-11	2.805404e-11
	4.110775e-11	6.028481e-11	8.948321e-11	1.353631e-10	2.093503e-10
	3.313105e-10	5.361958e-10	8.864666e-10	1.496443e-09	2.578829e-09
	4.530399e-09	8.089569e-09	1.463741e-08	2.678443e-08	4.943978e-08
	9.149918e-08	1.679332e-07	3.015072e-07	5.232728e-07	8.680793e-07
	1.364015e-06	2.032787e-06	2.897580e-06	3.989415e-06	5.351382e-06
	7.017767e-06	9.000945e-06	1.128661e-05	1.385725e-05	1.670823e-05
	1.982811e-05	2.320215e-05	2.681340e-05	3.063937e-05	3.465207e-05
	3.882183e-05	4.311124e-05	4.747097e-05	5.184392e-05	5.616746e-05
	6.037157e-05	6.438252e-05	6.813665e-05	7.159629e-05	7.474987e-05
	7.758923e-05	8.008151e-05	8.216487e-05	8.367776e-05	8.432721e-05
	8.380342e-05	8.170484e-05	7.760621e-05	7.091219e-05	6.149624e-05
	4.975227e-05	3.694210e-05	2.528190e-05	1.608073e-05	9.386581e-06
	4.903227e-06	2.251884e-06	9.073287e-07	3.243534e-07	1.044634e-07
	3.115567e-08	9.104331e-09	2.813229e-09	9.734348e-10	3.810954e-10
	1.650614e-10	7.707667e-11	3.811835e-11	1.974324e-11	1.063250e-11
	5.922850e-12	3.398274e-12	2.000347e-12	1.203244e-12	7.368339e-13
	4.578546e-13	2.878162e-13	1.824924e-13	1.163825e-13	7.445403e-14
	4.765947e-14	3.045202e-14	1.937554e-14	1.224639e-14	7.669172e-15
	4.744434e-15	2.889006e-15	1.723500e-15	1.000867e-15	5.604700e-16
	2.982325e-16	1.470966e-16	6.417312e-17	2.228951e-17	4.424641e-18
	1.000000e-60
massfraction-OH
	1.000000e-60	5.432196e-24	3.596374e-23	1.410612e-22	4.485681e-22
	1.272634e-21	3.347716e-21	8.308106e-21	1.962413e-20	4.436045e-20
	9.638693e-20	2.021312e-19	4.107796e-19	8.122954e-19	1.569095e-18
	2.971250e-18	5.531654e-18	1.014803e-17	1.837484e-17	3.287270e-17
	5.813992e-17	1.016856e-16	1.758861e-16	3.008956e-16	5.091894e-16
	8.527033e-16	1.414279e-15	2.326869e-15	3.808065e-15	6.225561e-15
	1.022654e-14	1.701009e-14	2.893027e-14	5.081682e-14	9.268354e-14
	1.747929e-13	3.363614e-13	6.506176e-13	1.255609e-12	2.427310e-12
	4.755683e-12	9.565299e-12	1.995149e-11	4.343196e-11	9.857975e-11
	2.306570e-10	5.474723e-10	1.301943e-09	3.082713e-09	7.246704e-09
	1.686471e-08	3.871518e-08	8.744435e-08	1.942398e-07	4.239702e-07
	9.049430e-07	1.870439e-06	3.700715e-06	6.949169e-06	1.228932e-05
	2.034451e-05	3.167183e-05	4.689009e-05	6.681148e-05	9.255564e-05
	1.251809e-04	1.653916e-04	2.133686e-04	2.692029e-04	3.332706e-04
	4.058480e-04	4.872069e-04	5.776674e-04	6.775415e-04	7.871448e-04
	9.069045e-04	1.037183e-03	1.178082e-03	1.329442e-03	1.490766e-03
	1.660962e-03	1.838234e-03	2.020510e-03	2.206369e-03	2.395703e-03
	2.589321e-03	2.787941e-03	2.993278e-03	3.204143e-03	3.407892e-03
	3.596384e-03	3.753479e-03	3.857155e-03	3.876791e-03	3.767599e-03
	3.488069e-03	3.023248e-03	2.436349e-03	1.825241e-03	1.256325e-03
	7.774816e-04	4.263780e-04	2.085287e-04	9.421695e-05	4.173519e-05
	1.932090e-05	9.749952e-06	5.419647e-06	3.286167e-06	2.136356e-06
	1.463582e-06	1.042683e-06	7.654171e-07	5.752289e-07	4.404933e-07
	3.424889e-07	2.696025e-07	2.143455e-07	1.717356e-07	1.383936e-07
	1.119907e-07	9.087537e-08	7.384707e-08	6.002180e-08	4.873931e-08
	3.949833e-08	3.191236e-08	2.567887e-08	2.055747e-08	1.635440e-08
	1.291156e-08	1.009870e-08	7.807684e-09	5.948240e-09	4.444798e-09
	3.234067e-09	2.263108e-09	1.487743e-09	8.713140e-10	3.837210e-10
	1.000000e-60
massfraction-O
	1.000000e-60	2.153377e-23	5.473681e-23	1.020084e-22	1.640722e-22
	2.413022e-22	3.349317e-22	4.477175e-22	5.847233e-22	7.548849e-22
	9.736498e-22	1.266990e-21	1.677774e-21	2.276660e-21	3.181560e-21
	4.592946e-21	6.858534e-21	1.059276e-20	1.689933e-20	2.778911e-20
	4.696930e-20	8.134061e-20	1.438438e-19	2.588772e-19	4.726098e-19
	8.726373e-19	1.625609e-18	3.050227e-18	5.762270e-18	1.096691e-17
	2.103921e-17	4.062291e-17	7.853107e-17	1.506055e-16	2.835017e-16
	5.200057e-16	9.289119e-16	1.627536e-15	2.835278e-15	4.995811e-15
	9.044071e-15	1.697986e-14	3.310650e-14	6.675350e-14	1.382489e-13
	2.919638e-13	6.249667e-13	1.351087e-12	2.947810e-12	6.494943e-12
	1.444673e-11	3.238210e-11	7.303678e-11	1.657887e-10	3.785882e-10
	8.655933e-10	1.960932e-09	4.345896e-09	9.333535e-09	1.924346e-08
	3.770813e-08	7.027712e-08	1.256936e-07	2.181526e-07	3.712405e-07
	6.207983e-07	1.016764e-06	1.622914e-06	2.522058e-06	3.827458e-06
	5.685325e-06	8.283833e-06	1.186409e-05	1.672840e-05	2.324920e-05
	3.188386e-05	4.316947e-05	5.769595e-05	7.607650e-05	9.889850e-05
	1.266290e-04	1.595169e-04	1.976020e-04	2.409181e-04	2.897769e-04
	3.448656e-04	4.071398e-04	4.783991e-04	5.603211e-04	6.506243e-04
	7.490795e-04	8.523113e-04	9.538625e-04	1.044665e-03	1.102991e-03
	1.103421e-03	1.025149e-03	8.756826e-04	6.885177e-04	4.946238e-04
	3.190989e-04	1.830560e-04	9.482040e-05	4.668568e-05	2.357241e-05
	1.302379e-05	8.031039e-06	5.433750e-06	3.932629e-06	2.981685e-06
	2.332958e-06	1.865276e-06	1.514551e-06	1.243775e-06	1.030070e-06
	8.584660e-07	7.187117e-07	6.035278e-07	5.076025e-07	4.270340e-07
	3.589522e-07	3.011828e-07	2.520287e-07	2.101519e-07	1.744806e-07
	1.441384e-07	1.183937e-07	9.662421e-08	7.829249e-08	6.292793e-08
	5.011551e-08	3.948822e-08	3.072167e-08	2.352998e-08	1.766261e-08
	1.290154e-08	9.058562e-09	5.972570e-09	3.507057e-09	1.548126e-09
	1.000000e-60
massfraction-H2
	1.000000e-60	8.030926e-06	1.788709e-05	2.979010e-05	4.393164e-05
	6.047654e-05	7.953777e-05	1.011524e-04	1.252745e-04	1.517795e-04
	1.804744e-04	2.111121e-04	2.434101e-04	2.770737e-04	3.118160e-04
	3.473679e-04	3.834853e-04	4.199512e-04	4.565765e-04	4.931987e-04
	5.296793e-04	5.659009e-04	6.017648e-04	6.371888e-04	6.721055e-04
	7.064631e-04	7.402268e-04	7.733868e-04	8.059701e-04	8.380292e-04
	8.695967e-04	9.006426e-04	9.310666e-04	9.607215e-04	9.894671e-04
	1.017224e-03	1.043980e-03	1.069784e-03	1.094801e-03	1.119321e-03
	1.143646e-03	1.167950e-03	1.192237e-03	1.216424e-03	1.240383e-03
	1.263978e-03	1.287108e-03	1.309750e-03	1.331949e-03	1.353760e-03
	1.375168e-03	1.396073e-03	1.416307e-03	1.435623e-03	1.453570e-03
	1.469381e-03	1.482021e-03	1.490492e-03	1.494170e-03	1.492984e-03
	1.487520e-03	1.478710e-03	1.467342e-03	1.453874e-03	1.438444e-03
	1.421173e-03	1.402260e-03	1.381989e-03	1.360521e-03	1.337832e-03
	1.313911e-03	1.288738e-03	1.262276e-03	1.234498e-03	1.205378e-03
	1.174871e-03	1.142946e-03	1.109629e-03	1.074981e-03	1.039097e-03
	1.002146e-03	9.643821e-04	9.260444e-04	8.871764e-04	8.474954e-04
	8.064536e-04	7.633861e-04	7.171460e-04	6.667262e-04	6.132721e-04
	5.561021e-04	4.954013e-04	4.314112e-04	3.626680e-04	2.918190e-04
	2.219137e-04	1.578566e-04	1.062812e-04	6.880785e-05	4.309951e-05
	2.675065e-05	1.760718e-05	1.313369e-05	1.101881e-05	9.874373e-06
	9.102037e-06	8.486380e-06	7.952551e-06	7.471519e-06	7.027824e-06
	6.610356e-06	6.211872e-06	5.828511e-06	5.458398e-06	5.100851e-06
	4.755782e-06	4.423291e-06	4.103394e-06	3.795893e-06	3.500552e-06
	3.217317e-06	2.946205e-06	2.687187e-06	2.440254e-06	2.205433e-06
	1.982764e-06	1.772283e-06	1.574001e-06	1.387884e-06	1.213836e-06
	1.051686e-06	9.011842e-07	7.620113e-07	6.337760e-07	5.160260e-07
	4.082601e-07	3.099402e-07	2.205040e-07	1.393856e-07	6.606059e-08
	1.000000e-60
massfraction-H2O
	1.000000e-60	6.584812e-06	1.796879e-05	3.711508e-05	6.838534e-05
	1.179750e-04	1.942755e-04	3.080550e-04	4.723968e-04	7.023404e-04
	1.014216e-03	1.424712e-03	1.949844e-03	2.604058e-03	3.399560e-03
	4.345845e-03	5.449456e-03	6.713980e-03	8.140201e-03	9.726371e-03
	1.146855e-02	1.336097e-02	1.539641e-02	1.756654e-02	1.986235e-02
	2.227458e-02	2.479434e-02	2.741417e-02	3.012965e-02	3.293927e-02
	3.584057e-02	3.882563e-02	4.187882e-02	4.497789e-02	4.809886e-02
	5.122235e-02	5.433545e-02	5.743253e-02	6.052250e-02	6.363199e-02
	6.679208e-02	7.001776e-02	7.330010e-02	7.661378e-02	7.992320e-02
	8.318780e-02	8.636993e-02	8.944323e-02	9.239335e-02	9.521045e-02
	9.788145e-02	1.003903e-01	1.027244e-01	1.048769e-01	1.068385e-01
	1.085905e-01	1.101098e-01	1.113838e-01	1.124205e-01	1.132395e-01
	1.138681e-01	1.143454e-01	1.147097e-01	1.149903e-01	1.152077e-01
	1.153731e-01	1.154934e-01	1.155742e-01	1.156210e-01	1.156382e-01
	1.156291e-01	1.155957e-01	1.155396e-01	1.154619e-01	1.153630e-01
	1.152431e-01	1.151017e-01	1.149381e-01	1.147516e-01	1.145406e-01
	1.143040e-01	1.140405e-01	1.137487e-01	1.134253e-01	1.130629e-01
	1.126493e-01	1.121669e-01	1.115848e-01	1.108613e-01	1.099741e-01
	1.088615e-01	1.074583e-01	1.056814e-01	1.033528e-01	1.003598e-01
	9.655747e-02	9.186488e-02	8.652445e-02	8.079696e-02	7.469471e-02
	6.819333e-02	6.146328e-02	5.482454e-02	4.856586e-02	4.283596e-02
	3.768172e-02	3.310479e-02	2.907570e-02	2.553874e-02	2.241829e-02
	1.963612e-02	1.713484e-02	1.487980e-02	1.284945e-02	1.102928e-02
	9.407471e-03	7.972424e-03	6.711523e-03	5.610998e-03	4.656964e-03
	3.836226e-03	3.135860e-03	2.543070e-03	2.045538e-03	1.631592e-03
	1.290274e-03	1.011416e-03	7.856942e-04	6.046775e-04	4.608433e-04
	3.475822e-04	2.591781e-04	1.907622e-04	1.382485e-04	9.825683e-05
	6.802959e-05	4.534628e-05	2.844043e-05	1.592411e-05	6.721591e-06
	1.000000e-60
massfraction-HO2
	1.000000e-60	7.297260e-12	2.014112e-11	4.212309e-11	7.863761e-11
	1.374995e-10	2.295095e-10	3.688239e-10	5.730345e-10	8.628670e-10
	1.261463e-09	1.793276e-09	2.482778e-09	3.353290e-09	4.426057e-09
	5.719542e-09	7.249013e-09	9.026386e-09	1.106029e-08	1.335628e-08
	1.591709e-08	1.874298e-08	2.183204e-08	2.518058e-08	2.878348e-08
	3.263474e-08	3.672831e-08	4.105967e-08	4.562844e-08	5.043780e-08
	5.548681e-08	6.075867e-08	6.620935e-08	7.175657e-08	7.727117e-08
	8.256967e-08	8.740292e-08	9.145346e-08	9.434874e-08	9.565359e-08
	9.483623e-08	9.128715e-08	8.446046e-08	7.411393e-08	6.060130e-08
	4.509819e-08	2.964829e-08	1.679973e-08	8.402422e-09	4.272559e-09
	2.667693e-09	2.085087e-09	1.890232e-09	1.909208e-09	2.117140e-09
	2.552000e-09	3.301069e-09	4.500330e-09	6.333068e-09	8.997285e-09
	1.263582e-08	1.734380e-08	2.321387e-08	3.036579e-08	3.896779e-08
	4.911747e-08	6.080441e-08	7.393134e-08	8.847472e-08	1.045730e-07
	1.224141e-07	1.422562e-07	1.644360e-07	1.893520e-07	2.174665e-07
	2.493384e-07	2.855907e-07	3.268690e-07	3.738557e-07	4.272672e-07
	4.877840e-07	5.560008e-07	6.325610e-07	7.185955e-07	8.163055e-07
	9.293371e-07	1.063016e-06	1.226500e-06	1.432348e-06	1.687413e-06
	2.009004e-06	2.413494e-06	2.918440e-06	3.560147e-06	4.341816e-06
	5.256477e-06	6.265424e-06	7.269325e-06	8.202491e-06	9.064300e-06
	9.857293e-06	1.052136e-05	1.085130e-05	1.046032e-05	9.022186e-06
	6.801942e-06	4.626664e-06	3.017258e-06	1.973860e-06	1.318716e-06
	9.005298e-07	6.261319e-07	4.417527e-07	3.155497e-07	2.279201e-07
	1.663449e-07	1.226050e-07	9.119919e-08	6.839913e-08	5.166671e-08
	3.926483e-08	2.998637e-08	2.298183e-08	1.765015e-08	1.356272e-08
	1.041090e-08	7.970205e-09	6.075484e-09	4.603735e-09	3.462045e-09
	2.579210e-09	1.899903e-09	1.380600e-09	9.867165e-10	6.906188e-10
	4.701917e-10	3.077820e-10	1.893822e-10	1.039846e-10	4.305318e-11
	1.000000e-60
massfraction-H2O2
	1.000000e-60	7.585076e-14	2.096367e-13	4.390664e-13	8.208741e-13
	1.437331e-12	2.402126e-12	3.863961e-12	6.006622e-12	9.044267e-12
	1.321120e-11	1.874628e-11	2.587411e-11	3.478660e-11	4.562695e-11
	5.847673e-11	7.334732e-11	9.017639e-11	1.088289e-10	1.291015e-10
	1.507303e-10	1.733990e-10	1.967488e-10	2.203881e-10	2.439013e-10
	2.668582e-10	2.888211e-10	3.093538e-10	3.280259e-10	3.443951e-10
	3.579721e-10	3.682066e-10	3.745182e-10	3.763573e-10	3.732667e-10
	3.649040e-10	3.510285e-10	3.314746e-10	3.060574e-10	2.744452e-10
	2.362620e-10	1.916436e-10	1.423027e-10	9.305608e-11	5.228484e-11
	2.654868e-11	1.319844e-11	6.210887e-12	2.700587e-12	1.229261e-12
	7.063539e-13	5.223009e-13	4.605290e-13	4.680412e-13	5.495662e-13
	7.601462e-13	1.259295e-12	2.459492e-12	5.355356e-12	1.207871e-11
	2.649328e-11	5.489898e-11	1.072384e-10	1.992379e-10	3.560696e-10
	6.142011e-10	1.020880e-09	1.630511e-09	2.506419e-09	3.727923e-09
	5.387395e-09	7.593501e-09	1.047589e-08	1.418822e-08	1.891392e-08
	2.487903e-08	3.235489e-08	4.165423e-08	5.313360e-08	6.718812e-08
	8.421918e-08	1.045932e-07	1.286499e-07	1.568238e-07	1.898416e-07
	2.288516e-07	2.754650e-07	3.324061e-07	4.031590e-07	4.887221e-07
	5.932191e-07	7.203078e-07	8.746183e-07	1.068153e-06	1.307805e-06
	1.607913e-06	1.992166e-06	2.484441e-06	3.133241e-06	4.047322e-06
	5.392994e-06	7.192216e-06	8.571382e-06	8.267908e-06	6.991184e-06
	5.713734e-06	4.686494e-06	3.887504e-06	3.257859e-06	2.749139e-06
	2.327022e-06	1.969625e-06	1.663515e-06	1.399940e-06	1.172803e-06
	9.774662e-07	8.100979e-07	6.673290e-07	5.461081e-07	4.437253e-07
	3.578180e-07	2.862649e-07	2.271285e-07	1.786581e-07	1.392811e-07
	1.075889e-07	8.232794e-08	6.239251e-08	4.681747e-08	3.477084e-08
	2.554537e-08	1.854884e-08	1.329279e-08	9.380250e-09	6.493319e-09
	4.381040e-09	2.847961e-09	1.743791e-09	9.544338e-10	3.944318e-10
	1.000000e-60
massfraction-CO
	1.000000e-60	1.072230e-06	2.968137e-06	6.227462e-06	1.166501e-05
	2.046700e-05	3.428089e-05	5.527684e-05	8.616514e-05	1.301553e-04
	1.908495e-04	2.720745e-04	3.776826e-04	5.113664e-04	6.765112e-04
	8.760808e-04	1.112546e-03	1.387855e-03	1.703442e-03	2.060250e-03
	2.458778e-03	2.899125e-03	3.381046e-03	3.904007e-03	4.467249e-03
	5.069881e-03	5.711014e-03	6.390042e-03	7.107091e-03	7.863036e-03
	8.658530e-03	9.492663e-03	1.036220e-02	1.126163e-02	1.218445e-02
	1.312503e-02	1.407927e-02	1.504503e-02	1.602466e-02	1.702634e-02
	1.806015e-02	1.913118e-02	2.023640e-02	2.136656e-02	2.250793e-02
	2.364400e-02	2.475845e-02	2.583851e-02	2.687558e-02	2.786300e-02
	2.879345e-02	2.965931e-02	3.045500e-02	3.117766e-02	3.182411e-02
	3.238858e-02	3.286453e-02	3.324961e-02	3.354879e-02	3.377151e-02
	3.393041e-02	3.404129e-02	3.411831e-02	3.417166e-02	3.420783e-02
	3.423002e-02	3.423944e-02	3.423592e-02	3.421820e-02	3.418363e-02
	3.412830e-02	3.404709e-02	3.393371e-02	3.378089e-02	3.358049e-02
	3.332353e-02	3.300065e-02	3.260298e-02	3.212267e-02	3.155352e-02
	3.089240e-02	3.014027e-02	2.930092e-02	2.837606e-02	2.735991e-02
	2.623805e-02	2.498989e-02	2.357691e-02	2.196032e-02	2.017281e-02
	1.819296e-02	1.603489e-02	1.372618e-02	1.124670e-02	8.739286e-03
	6.361120e-03	4.310235e-03	2.784497e-03	1.771082e-03	1.134034e-03
	7.519404e-04	5.333038e-04	4.073256e-04	3.278862e-04	2.712935e-04
	2.272939e-04	1.916169e-04	1.621890e-04	1.376815e-04	1.170377e-04
	9.940175e-05	8.417866e-05	7.098485e-05	5.955424e-05	4.968554e-05
	4.120997e-05	3.397464e-05	2.783538e-05	2.265571e-05	1.831127e-05
	1.469203e-05	1.169902e-05	9.242411e-06	7.241954e-06	5.626540e-06
	4.333451e-06	3.307744e-06	2.501682e-06	1.874187e-06	1.390293e-06
	1.020607e-06	7.407546e-07	5.307931e-07	3.746266e-07	2.594366e-07
	1.751488e-07	1.139446e-07	6.982751e-08	3.825347e-08	1.582299e-08
	1.000000e-60
massfraction-CO2
	1.000000e-60	5.890508e-07	1.765124e-06	4.040869e-06	8.298741e-06
	1.599727e-05	2.943393e-05	5.204100e-05	8.867688e-05	1.458572e-04
	2.318620e-04	3.566641e-04	5.316701e-04	7.693309e-04	1.082681e-03
	1.484841e-03	1.988547e-03	2.605746e-03	3.347291e-03	4.222723e-03
	5.240147e-03	6.406176e-03	7.725946e-03	9.203191e-03	1.084038e-02
	1.263897e-02	1.459986e-02	1.672435e-02	1.901570e-02	2.147946e-02
	2.412049e-02	2.693822e-02	2.992364e-02	3.305891e-02	3.632134e-02
	3.969002e-02	4.314859e-02	4.668716e-02	5.031203e-02	5.405155e-02
	5.794169e-02	6.199983e-02	6.621146e-02	7.053632e-02	7.491477e-02
	7.927472e-02	8.354411e-02	8.766487e-02	9.159638e-02	9.530716e-02
	9.876588e-02	1.019432e-01	1.048210e-01	1.073945e-01	1.096619e-01
	1.116162e-01	1.132525e-01	1.145825e-01	1.156404e-01	1.164688e-01
	1.171114e-01	1.176160e-01	1.180247e-01	1.183688e-01	1.186707e-01
	1.189432e-01	1.191939e-01	1.194275e-01	1.196493e-01	1.198646e-01
	1.200774e-01	1.202909e-01	1.205078e-01	1.207300e-01	1.209588e-01
	1.211952e-01	1.214394e-01	1.216903e-01	1.219458e-01	1.222024e-01
	1.224553e-01	1.226980e-01	1.229233e-01	1.231240e-01	1.232926e-01
	1.234189e-01	1.234855e-01	1.234628e-01	1.232965e-01	1.229129e-01
	1.221971e-01	1.209904e-01	1.190794e-01	1.160907e-01	1.116991e-01
	1.055945e-01	9.770358e-02	8.867762e-02	7.926040e-02	6.972042e-02
	6.021098e-02	5.109213e-02	4.278417e-02	3.553460e-02	2.936971e-02
	2.420511e-02	1.992763e-02	1.641242e-02	1.352969e-02	1.115272e-02
	9.172093e-03	7.509034e-03	6.110308e-03	4.937095e-03	3.958744e-03
	3.149097e-03	2.484705e-03	1.944139e-03	1.507918e-03	1.158862e-03
	8.821683e-04	6.650087e-04	4.962896e-04	3.665726e-04	2.679240e-04
	1.937419e-04	1.385958e-04	9.807546e-05	6.864721e-05	4.752054e-05
	3.252498e-05	2.199866e-05	1.468871e-05	9.664791e-06	6.246247e-06
	3.942206e-06	2.403461e-06	1.384769e-06	7.160645e-07	2.808887e-07
	1.000000e-60
massfraction-CH
	1.000000e-60	7.570469e-32	1.932930e-31	4.159407e-31	9.984309e-31
	3.023870e-30	1.170173e-29	1.098831e-29	2.677563e-29	4.828829e-30
	1.592321e-29	1.000000e-60	2.594312e-29	8.860877e-30	1.000000e-60
	2.328038e-29	1.000000e-60	3.596164e-30	7.373782e-29	3.112784e-29
	4.469742e-29	8.733356e-29	3.195754e-28	1.080533e-27	3.182501e-27
	1.119897e-26	3.958009e-26	1.446372e-25	5.433316e-25	2.105182e-24
	8.421269e-24	3.465977e-23	1.448175e-22	5.990107e-22	2.372938e-21
	8.720055e-21	2.907091e-20	8.729741e-20	2.387979e-19	6.113342e-19
	1.515070e-18	3.748728e-18	9.467161e-18	2.471533e-17	6.703780e-17
	1.889244e-16	5.516797e-16	1.664073e-15	5.178729e-15	1.662110e-14
	5.487165e-14	1.853400e-13	6.373265e-13	2.226215e-12	7.877834e-12
	2.797980e-11	9.786528e-11	3.287914e-10	1.036973e-09	2.997921e-09
	7.774285e-09	1.807264e-08	3.821571e-08	7.485173e-08	1.380073e-07
	2.408552e-07	3.978018e-07	6.210240e-07	9.192130e-07	1.297795e-06
	1.755282e-06	2.281989e-06	2.859245e-06	3.458776e-06	4.043781e-06
	4.571848e-06	4.997698e-06	5.278122e-06	5.378994e-06	5.281622e-06
	4.987803e-06	4.522329e-06	3.929291e-06	3.261368e-06	2.569015e-06
	1.897539e-06	1.289259e-06	7.789458e-07	3.986857e-07	1.667542e-07
	5.311645e-08	1.203403e-08	1.799081e-09	1.613985e-10	8.667457e-12
	2.863770e-13	6.462467e-15	1.234630e-16	2.413130e-18	5.407178e-20
	1.526207e-21	5.713096e-23	2.773663e-24	1.639619e-25	1.116923e-26
	8.720795e-28	8.033118e-29	8.999064e-30	1.423500e-30	4.735479e-31
	1.259890e-31	1.000000e-60	1.209821e-31	1.000000e-60	6.020934e-32
	1.638405e-32	6.160764e-33	1.000000e-60	1.652106e-33	1.000000e-60
	1.057202e-32	1.000000e-60	1.519255e-33	1.000000e-60	1.000000e-60
	1.474244e-33	4.412130e-33	1.000000e-60	8.280013e-34	1.000000e-60
	9.824634e-34	1.000000e-60	1.000000e-60	3.369576e-34	1.000000e-60
	1.000000e-60	5.255879e-35	6.285113e-36	1.000000e-60	1.000000e-60
	1.000000e-60
massfraction-CHO
	1.000000e-60	5.736832e-19	1.731303e-18	3.945737e-18	7.944467e-18
	1.476482e-17	2.577006e-17	4.262216e-17	6.726925e-17	1.020738e-16
	1.502547e-16	2.168249e-16	3.102260e-16	4.449796e-16	6.459833e-16
	9.556948e-16	1.446481e-15	2.242049e-15	3.554479e-15	5.747374e-15
	9.441249e-15	1.568361e-14	2.620955e-14	4.380861e-14	7.276757e-14
	1.192428e-13	1.912005e-13	2.973301e-13	4.443858e-13	6.331768e-13
	8.553915e-13	1.095522e-12	1.338559e-12	1.574289e-12	1.791362e-12
	1.971143e-12	2.092535e-12	2.144068e-12	2.131878e-12	2.077289e-12
	2.008720e-12	1.954571e-12	1.938926e-12	1.981584e-12	2.104498e-12
	2.343641e-12	2.769365e-12	3.544254e-12	5.085217e-12	8.445442e-12
	1.603522e-11	3.258227e-11	6.579858e-11	1.261718e-10	2.262849e-10
	3.819988e-10	6.183849e-10	9.798647e-10	1.541969e-09	2.417524e-09
	3.752968e-09	5.746400e-09	8.685387e-09	1.299836e-08	1.932828e-08
	2.849519e-08	4.139803e-08	5.885253e-08	8.160035e-08	1.103795e-07
	1.456807e-07	1.876557e-07	2.360108e-07	2.898490e-07	3.475654e-07
	4.068378e-07	4.645270e-07	5.167133e-07	5.590143e-07	5.870514e-07
	5.970735e-07	5.867784e-07	5.559622e-07	5.064524e-07	4.414153e-07
	3.649563e-07	2.824081e-07	1.999616e-07	1.259404e-07	7.033010e-08
	3.548100e-08	1.813758e-08	1.101139e-08	7.810736e-09	5.618158e-09
	3.733652e-09	2.229396e-09	1.230040e-09	6.519614e-10	3.374865e-10
	1.722141e-10	8.632366e-11	4.020204e-11	1.574488e-11	4.851279e-12
	1.215200e-12	2.760364e-13	6.412525e-14	1.649604e-14	4.783348e-15
	1.529043e-15	5.243210e-16	1.893485e-16	7.123805e-17	2.775492e-17
	1.115960e-17	4.619632e-18	1.964330e-18	8.555414e-19	3.804943e-19
	1.723040e-19	7.921287e-20	3.684575e-20	1.727917e-20	8.140040e-21
	3.838058e-21	1.804643e-21	8.430971e-22	3.898970e-22	1.777824e-22
	7.957307e-23	3.477601e-23	1.473941e-23	6.002234e-24	2.316442e-24
	8.291695e-25	2.653607e-25	7.081080e-26	1.345671e-26	1.104567e-27
	1.000000e-60
massfraction-CH2
	1.000000e-60	5.793577e-22	1.182608e-21	1.798803e-21	2.421753e-21
	3.052846e-21	3.703413e-21	4.399299e-21	5.188715e-21	6.154294e-21
	7.432497e-21	9.247906e-21	1.197849e-20	1.628448e-20	2.336740e-20
	3.550020e-20	5.713651e-20	9.728534e-20	1.747053e-19	3.294802e-19
	6.492315e-19	1.329243e-18	2.811770e-18	6.111309e-18	1.357851e-17
	3.070421e-17	7.040840e-17	1.633596e-16	3.833008e-16	9.104333e-16
	2.190909e-15	5.330950e-15	1.302120e-14	3.150008e-14	7.416267e-14
	1.671359e-13	3.564808e-13	7.171786e-13	1.369881e-12	2.522187e-12
	4.560068e-12	8.228270e-12	1.497870e-11	2.766034e-11	5.188043e-11
	9.867475e-11	1.897594e-10	3.680268e-10	7.190547e-10	1.414707e-09
	2.798680e-09	5.551967e-09	1.102076e-08	2.188239e-08	4.344219e-08
	8.590650e-08	1.677477e-07	3.196563e-07	5.879137e-07	1.030971e-06
	1.703747e-06	2.651136e-06	3.912348e-06	5.525011e-06	7.525409e-06
	9.909623e-06	1.261055e-05	1.549876e-05	1.842771e-05	2.125929e-05
	2.384581e-05	2.604373e-05	2.772335e-05	2.877618e-05	2.912507e-05
	2.873173e-05	2.760127e-05	2.578871e-05	2.339925e-05	2.058114e-05
	1.751556e-05	1.439843e-05	1.141011e-05	8.684483e-06	6.300290e-06
	4.299145e-06	2.704386e-06	1.514546e-06	7.198066e-07	2.813872e-07
	8.467457e-08	1.846788e-08	2.741750e-09	2.570723e-10	1.565403e-11
	6.613163e-13	2.228889e-14	7.384018e-16	2.812883e-17	1.369305e-18
	9.486649e-20	9.937033e-21	1.532566e-21	3.216227e-22	8.539670e-23
	2.774348e-23	1.071519e-23	4.722817e-24	2.283165e-24	1.171646e-24
	6.213187e-25	3.335935e-25	1.787079e-25	9.457785e-26	4.922735e-26
	2.524149e-26	1.284288e-26	6.552866e-27	3.389588e-27	1.794072e-27
	9.783522e-28	5.517946e-28	3.221099e-28	1.942649e-28	1.205891e-28
	7.663651e-29	4.954068e-29	3.233626e-29	2.114145e-29	1.372768e-29
	8.774669e-30	5.471497e-30	3.297909e-30	1.903213e-30	1.040327e-30
	5.309940e-31	2.473523e-31	1.006399e-31	3.228073e-32	5.840143e-33
	1.000000e-60
massfraction-CH2O
	1.000000e-60	1.024621e-10	3.121770e-10	7.279315e-10	1.524300e-09
	2.997251e-09	5.624784e-09	1.013876e-08	1.760023e-08	2.946548e-08
	4.762659e-08	7.441061e-08	1.125315e-07	1.650034e-07	2.350281e-07
	3.258652e-07	4.407006e-07	5.825292e-07	7.540569e-07	9.576281e-07
	1.195178e-06	1.468207e-06	1.777778e-06	2.124533e-06	2.508727e-06
	2.930301e-06	3.388992e-06	3.884565e-06	4.417189e-06	4.987510e-06
	5.595942e-06	6.241617e-06	6.921718e-06	7.631469e-06	8.365116e-06
	9.117452e-06	9.884419e-06	1.066351e-05	1.145581e-05	1.226714e-05
	1.310472e-05	1.397144e-05	1.486306e-05	1.576932e-05	1.667490e-05
	1.755982e-05	1.840014e-05	1.916779e-05	1.982662e-05	2.032543e-05
	2.059442e-05	2.055680e-05	2.016434e-05	1.945214e-05	1.858921e-05
	1.787782e-05	1.766233e-05	1.820181e-05	1.961774e-05	2.190956e-05
	2.497317e-05	2.869126e-05	3.300878e-05	3.794664e-05	4.359459e-05
	5.001279e-05	5.719038e-05	6.502961e-05	7.341369e-05	8.223325e-05
	9.130364e-05	1.003699e-04	1.091067e-04	1.171135e-04	1.239293e-04
	1.290598e-04	1.320007e-04	1.322904e-04	1.295879e-04	1.237466e-04
	1.148868e-04	1.034397e-04	9.009964e-05	7.566617e-05	6.089073e-05
	4.646058e-05	3.306945e-05	2.134120e-05	1.199210e-05	5.704065e-06
	2.166587e-06	6.211748e-07	1.264026e-07	1.694354e-08	1.519539e-09
	9.632490e-11	4.955607e-12	2.575467e-13	1.602703e-14	1.314721e-15
	1.553380e-16	2.892829e-17	8.712775e-18	3.865145e-18	2.173362e-18
	1.386619e-18	9.472411e-19	6.752005e-19	4.961712e-19	3.727941e-19
	2.842727e-19	2.187287e-19	1.691275e-19	1.310332e-19	1.015013e-19
	7.848327e-20	6.049631e-20	4.643210e-20	3.544336e-20	2.687839e-20
	2.023306e-20	1.510850e-20	1.118444e-20	8.203704e-21	5.959729e-21
	4.286702e-21	3.052072e-21	2.150608e-21	1.499517e-21	1.034372e-21
	7.056536e-22	4.758191e-22	3.167937e-22	2.078729e-22	1.339972e-22
	8.436153e-23	5.131322e-23	2.949990e-23	1.522359e-23	5.960748e-24
	1.000000e-60
massfraction-CH3
	1.000000e-60	9.237835e-12	2.532286e-11	5.256600e-11	9.736891e-11
	1.689096e-10	2.797537e-10	4.462411e-10	6.885734e-10	1.030540e-09
	1.498890e-09	2.122423e-09	2.931054e-09	3.955182e-09	5.225490e-09
	6.773094e-09	8.630080e-09	1.083040e-08	1.341105e-08	1.641352e-08
	1.988547e-08	2.388266e-08	2.847132e-08	3.373106e-08	3.975865e-08
	4.667339e-08	5.462493e-08	6.380662e-08	7.447803e-08	8.699289e-08
	1.018238e-07	1.195879e-07	1.410880e-07	1.673766e-07	1.998647e-07
	2.404926e-07	2.919308e-07	3.578675e-07	4.436917e-07	5.578112e-07
	7.134748e-07	9.310216e-07	1.241247e-06	1.691141e-06	2.351744e-06
	3.329276e-06	4.783310e-06	6.956460e-06	1.022357e-05	1.516334e-05
	2.264766e-05	3.395010e-05	5.090014e-05	7.610050e-05	1.130831e-04
	1.661086e-04	2.392789e-04	3.350395e-04	4.528048e-04	5.873027e-04
	7.285672e-04	8.667610e-04	9.947482e-04	1.107693e-03	1.202047e-03
	1.273860e-03	1.320050e-03	1.339646e-03	1.333973e-03	1.305343e-03
	1.256431e-03	1.190176e-03	1.109657e-03	1.018074e-03	9.186901e-04
	8.146482e-04	7.090488e-04	6.049679e-04	5.052530e-04	4.123781e-04
	3.284054e-04	2.548396e-04	1.923735e-04	1.407672e-04	9.910600e-05
	6.629871e-05	4.137689e-05	2.334828e-05	1.142469e-05	4.727798e-06
	1.560426e-06	3.889249e-07	6.892792e-08	8.064733e-09	6.356443e-10
	3.584674e-11	1.673008e-12	8.120850e-14	4.867513e-15	3.911471e-16
	4.497430e-17	7.927395e-18	2.160937e-18	8.149597e-19	3.636247e-19
	1.752687e-19	8.874982e-20	4.692906e-20	2.580249e-20	1.464024e-20
	8.491498e-21	4.997822e-21	2.973433e-21	1.785785e-21	1.083084e-21
	6.642604e-22	4.126312e-22	2.599749e-22	1.662622e-22	1.079686e-22
	7.120318e-23	4.767424e-23	3.238240e-23	2.228768e-23	1.552099e-23
	1.091810e-23	7.743848e-24	5.527341e-24	3.962412e-24	2.846967e-24
	2.045580e-24	1.466171e-24	1.045239e-24	7.384074e-25	5.142849e-25
	3.504357e-25	2.306779e-25	1.432541e-25	7.957900e-26	3.337423e-26
	1.000000e-60
massfraction-CH4
	1.000000e+00	9.999633e-01	9.999030e-01	9.998047e-01	9.996472e-01
	9.993994e-01	9.990185e-01	9.984480e-01	9.976178e-01	9.964444e-01
	9.948339e-01	9.926861e-01	9.898993e-01	9.863749e-01	9.820216e-01
	9.767575e-01	9.705127e-01	9.632298e-01	9.548638e-01	9.453814e-01
	9.347604e-01	9.229879e-01	9.100593e-01	8.959769e-01	8.807480e-01
	8.643828e-01	8.468905e-01	8.282715e-01	8.085050e-01	7.875478e-01
	7.653609e-01	7.419472e-01	7.173747e-01	6.917775e-01	6.653223e-01
	6.381560e-01	6.103863e-01	5.820679e-01	5.531271e-01	5.233160e-01
	4.923275e-01	4.600032e-01	4.264385e-01	3.919381e-01	3.569609e-01
	3.220825e-01	2.878861e-01	2.548518e-01	2.233235e-01	1.935707e-01
	1.658562e-01	1.404180e-01	1.173948e-01	9.681109e-02	7.866620e-02
	6.300325e-02	4.986389e-02	3.917565e-02	3.069864e-02	2.413002e-02
	1.914589e-02	1.536800e-02	1.245756e-02	1.016184e-02	8.305253e-03
	6.787431e-03	5.545654e-03	4.533496e-03	3.706483e-03	3.024900e-03
	2.460718e-03	1.992695e-03	1.604226e-03	1.282329e-03	1.016502e-03
	7.978680e-04	6.191493e-04	4.743524e-04	3.582806e-04	2.663704e-04
	1.946674e-04	1.396914e-04	9.827367e-05	6.752059e-05	4.494676e-05
	2.861648e-05	1.711200e-05	9.322682e-06	4.450641e-06	1.823985e-06
	6.084142e-07	1.574628e-07	3.001551e-08	3.956905e-09	3.718533e-10
	2.672402e-11	1.706670e-12	1.200666e-13	1.077273e-14	1.317619e-15
	2.345946e-16	6.558719e-17	2.917177e-17	1.842542e-17	1.398904e-17
	1.145410e-17	9.656474e-18	8.241904e-18	7.076379e-18	6.090740e-18
	5.240284e-18	4.496850e-18	3.843470e-18	3.269047e-18	2.765572e-18
	2.326468e-18	1.945725e-18	1.617521e-18	1.336165e-18	1.096337e-18
	8.932518e-19	7.224981e-19	5.799677e-19	4.618988e-19	3.648784e-19
	2.858233e-19	2.219665e-19	1.708451e-19	1.302878e-19	9.840097e-20
	7.355389e-20	5.436131e-20	3.966248e-20	2.849782e-20	2.008467e-20
	1.379307e-20	9.122228e-21	5.678761e-21	3.157321e-21	1.324023e-21
	1.000000e-60
massfraction-C2H6
	1.000000e-60	1.718297e-09	5.305362e-09	1.255515e-08	2.670509e-08
	5.335736e-08	1.017454e-07	1.862971e-07	3.283609e-07	5.578454e-07
	9.144313e-07	1.447992e-06	2.218036e-06	3.292286e-06	4.744609e-06
	6.652449e-06	9.094100e-06	1.214611e-05	1.588102e-05	2.036551e-05
	2.565902e-05	3.181282e-05	3.886949e-05	4.686289e-05	5.581847e-05
	6.575453e-05	7.668448e-05	8.862218e-05	1.015911e-04	1.156267e-04
	1.307590e-04	1.469857e-04	1.642535e-04	1.824549e-04	2.014511e-04
	2.211111e-04	2.413277e-04	2.620300e-04	2.832395e-04	3.051033e-04
	3.278063e-04	3.514125e-04	3.757812e-04	4.005946e-04	4.253874e-04
	4.495759e-04	4.725126e-04	4.935354e-04	5.119372e-04	5.268522e-04
	5.371508e-04	5.414327e-04	5.381152e-04	5.255897e-04	5.026146e-04
	4.691548e-04	4.272342e-04	3.806847e-04	3.335447e-04	2.889363e-04
	2.487056e-04	2.131045e-04	1.815699e-04	1.534163e-04	1.280787e-04
	1.054470e-04	8.561825e-05	6.866335e-05	5.441555e-05	4.255632e-05
	3.280574e-05	2.489534e-05	1.856890e-05	1.359057e-05	9.742706e-06
	6.824357e-06	4.658448e-06	3.091162e-06	1.988482e-06	1.236344e-06
	7.409126e-07	4.269440e-07	2.358050e-07	1.239355e-07	6.108592e-08
	2.757165e-08	1.101461e-08	3.682254e-09	9.619689e-10	1.888998e-10
	2.566378e-11	2.274177e-12	1.257999e-13	4.261901e-15	9.765855e-17
	1.699333e-18	2.659822e-20	4.659139e-22	1.055219e-23	3.304189e-25
	1.552185e-26	1.234430e-27	1.826579e-28	4.976759e-29	2.187914e-29
	1.295467e-29	8.980912e-30	6.736737e-30	5.257925e-30	4.185276e-30
	3.358499e-30	2.698138e-30	2.161361e-30	1.722209e-30	1.363101e-30
	1.070784e-30	8.344353e-31	6.447928e-31	4.938141e-31	3.746208e-31
	2.814144e-31	2.092698e-31	1.540078e-31	1.121345e-31	8.076253e-32
	5.753029e-32	4.052901e-32	2.823602e-32	1.945354e-32	1.325316e-32
	8.926399e-33	5.941115e-33	3.903880e-33	2.528225e-33	1.608669e-33
	9.999344e-34	6.007038e-34	3.412262e-34	1.740794e-34	6.741875e-35
	1.000000e-60
massfraction-C2H
	1.000000e-60	1.096493e-32	8.617229e-33	1.504489e-32	2.878354e-32
	1.662457e-31	4.836249e-31	1.365386e-30	3.655962e-30	9.708431e-30
	2.520320e-29	6.466428e-29	1.651917e-28	4.232370e-28	1.095487e-27
	2.875970e-27	7.676879e-27	2.084880e-26	5.754787e-26	1.610467e-25
	4.553613e-25	1.295640e-24	3.693869e-24	1.050849e-23	2.971843e-23
	8.329095e-23	2.308525e-22	6.323145e-22	1.713919e-21	4.613778e-21
	1.239795e-20	3.346360e-20	9.139579e-20	2.543755e-19	7.234331e-19
	2.090286e-18	6.052697e-18	1.731270e-17	4.866618e-17	1.355329e-16
	3.798948e-16	1.087598e-15	3.209913e-15	9.806050e-15	3.087673e-14
	9.867487e-14	3.138202e-13	9.789191e-13	2.974048e-12	8.773442e-12
	2.505515e-11	6.900757e-11	1.828839e-10	4.664388e-10	1.143966e-09
	2.682208e-09	5.944159e-09	1.229579e-08	2.354940e-08	4.152333e-08
	6.725959e-08	1.010064e-07	1.427251e-07	1.924232e-07	2.502001e-07
	3.151758e-07	3.850799e-07	4.564572e-07	5.258196e-07	5.901347e-07
	6.463340e-07	6.916029e-07	7.235505e-07	7.403202e-07	7.407451e-07
	7.244359e-07	6.918367e-07	6.443457e-07	5.843202e-07	5.149624e-07
	4.401763e-07	3.642407e-07	2.911749e-07	2.240393e-07	1.647074e-07
	1.142540e-07	7.338092e-08	4.223891e-08	2.084387e-08	8.562464e-09
	2.748650e-09	6.489082e-10	1.052316e-10	1.075896e-11	6.979183e-13
	2.995871e-14	9.668529e-16	2.957534e-17	1.048092e-18	4.893194e-20
	3.294708e-21	3.273972e-22	4.550533e-23	8.005180e-24	1.628022e-24
	3.700663e-25	9.373238e-26	2.625720e-26	7.999309e-27	2.591959e-27
	8.730194e-28	3.008043e-28	1.052891e-28	3.743052e-29	1.357776e-29
	5.063174e-30	1.957116e-30	7.900732e-31	3.349635e-31	1.496887e-31
	7.065230e-32	3.522245e-32	1.850711e-32	1.020941e-32	5.882258e-33
	3.517757e-33	2.168488e-33	1.367750e-33	8.759205e-34	5.650122e-34
	3.640548e-34	2.322291e-34	1.452335e-34	8.805200e-35	5.105047e-35
	2.779459e-35	1.383017e-35	5.994602e-36	2.036323e-36	3.868969e-37
	1.000000e-60
massfraction-C2H2
	1.000000e-60	3.730859e-08	1.108161e-07	2.512281e-07	5.106593e-07
	9.740735e-07	1.773509e-06	3.103588e-06	5.236169e-06	8.531085e-06
	1.343973e-05	2.049874e-05	3.031397e-05	4.353814e-05	6.084551e-05
	8.290551e-05	1.103583e-04	1.437948e-04	1.837415e-04	2.306510e-04
	2.848961e-04	3.467686e-04	4.164807e-04	4.941700e-04	5.799069e-04
	6.737092e-04	7.755645e-04	8.854797e-04	1.003562e-03	1.130033e-03
	1.265070e-03	1.408574e-03	1.560014e-03	1.718421e-03	1.882597e-03
	2.051452e-03	2.224139e-03	2.400148e-03	2.579782e-03	2.764431e-03
	2.955846e-03	3.154859e-03	3.360750e-03	3.571580e-03	3.784512e-03
	3.996155e-03	4.203156e-03	4.402859e-03	4.593446e-03	4.773482e-03
	4.941376e-03	5.095192e-03	5.232531e-03	5.349700e-03	5.440038e-03
	5.492871e-03	5.494890e-03	5.434352e-03	5.305897e-03	5.114648e-03
	4.877283e-03	4.612831e-03	4.334893e-03	4.050650e-03	3.762454e-03
	3.473481e-03	3.188000e-03	2.910460e-03	2.642750e-03	2.384403e-03
	2.135610e-03	1.896825e-03	1.668686e-03	1.452165e-03	1.248408e-03
	1.058455e-03	8.834435e-04	7.246059e-04	5.829402e-04	4.590607e-04
	3.532044e-04	2.650955e-04	1.937165e-04	1.372762e-04	9.357716e-05
	6.054536e-05	3.646885e-05	1.978938e-05	9.264536e-06	3.647954e-06
	1.137503e-06	2.656947e-07	4.372185e-08	4.707298e-09	3.388955e-10
	1.735970e-11	7.343731e-13	3.243251e-14	1.819425e-15	1.497216e-16
	2.038198e-17	4.792995e-18	1.835590e-18	9.979891e-19	6.616407e-19
	4.843742e-19	3.732799e-19	2.962062e-19	2.392490e-19	1.952092e-19
	1.599309e-19	1.309932e-19	1.069601e-19	8.690759e-20	7.018784e-20
	5.630315e-20	4.484075e-20	3.544125e-20	2.778610e-20	2.159764e-20
	1.663750e-20	1.269846e-20	9.599836e-21	7.186306e-21	5.325753e-21
	3.906750e-21	2.836312e-21	2.037752e-21	1.448633e-21	1.018815e-21
	7.086213e-22	4.871307e-22	3.306050e-22	2.210881e-22	1.451934e-22
	9.308014e-23	5.761009e-23	3.367062e-23	1.764494e-23	7.006438e-24
	1.000000e-60
massfraction-CHCO
	1.000000e-60	2.287277e-07	5.998223e-07	1.186634e-06	2.089655e-06
	3.442149e-06	5.412534e-06	8.202123e-06	1.203846e-05	1.716449e-05
	2.382451e-05	3.224832e-05	4.263691e-05	5.515312e-05	6.991736e-05
	8.700650e-05	1.064558e-04	1.282633e-04	1.523951e-04	1.787914e-04
	2.073720e-04	2.380413e-04	2.706930e-04	3.052141e-04	3.414891e-04
	3.794056e-04	4.188615e-04	4.597803e-04	5.021353e-04	5.459456e-04
	5.912178e-04	6.378735e-04	6.857148e-04	7.344372e-04	7.837040e-04
	8.332443e-04	8.828832e-04	9.325559e-04	9.824291e-04	1.032961e-03
	1.084696e-03	1.137926e-03	1.192556e-03	1.248207e-03	1.304307e-03
	1.360169e-03	1.415119e-03	1.468649e-03	1.520446e-03	1.570270e-03
	1.617841e-03	1.662862e-03	1.705180e-03	1.744887e-03	1.782253e-03
	1.817633e-03	1.851406e-03	1.883782e-03	1.914354e-03	1.941463e-03
	1.962452e-03	1.975041e-03	1.977714e-03	1.969358e-03	1.948804e-03
	1.914967e-03	1.867380e-03	1.806507e-03	1.733154e-03	1.647882e-03
	1.551554e-03	1.445297e-03	1.330506e-03	1.208951e-03	1.082755e-03
	9.542204e-04	8.259369e-04	7.007885e-04	5.816663e-04	4.712441e-04
	3.718635e-04	2.852859e-04	2.123251e-04	1.526680e-04	1.051741e-04
	6.846503e-05	4.126759e-05	2.224864e-05	1.024568e-05	3.919355e-06
	1.169732e-06	2.575177e-07	3.939117e-08	3.895631e-09	2.546620e-10
	1.162910e-11	4.237866e-13	1.526415e-14	6.467876e-16	3.671290e-17
	3.227641e-18	4.806424e-19	1.153471e-19	3.861037e-20	1.557405e-20
	6.972151e-21	3.394615e-21	1.822529e-21	1.100958e-21	7.507212e-22
	5.658195e-22	4.553493e-22	3.779852e-22	3.150807e-22	2.592334e-22
	2.086570e-22	1.638874e-22	1.257978e-22	9.468665e-23	7.016137e-23
	5.137496e-23	3.729323e-23	2.689949e-23	1.931036e-23	1.381135e-23
	9.849152e-24	7.006872e-24	4.975596e-24	3.528653e-24	2.500668e-24
	1.771509e-24	1.254334e-24	8.867574e-25	6.243350e-25	4.357195e-25
	2.990223e-25	1.990785e-25	1.254176e-25	7.079862e-26	3.018593e-26
	1.000000e-60
massfraction-C3H3
	1.000000e-60	7.785754e-31	2.608153e-30	6.728832e-30	1.555973e-29
	3.314985e-29	6.195352e-29	8.625256e-29	1.076978e-28	1.942704e-28
	4.460089e-28	2.963827e-28	5.063832e-28	6.160794e-28	8.115986e-30
	8.478623e-28	8.854498e-28	2.414918e-27	7.101048e-27	1.320212e-26
	3.071401e-26	8.983146e-26	2.913501e-25	9.497568e-25	3.149286e-24
	1.067379e-23	3.659406e-23	1.269269e-22	4.448842e-22	1.575377e-21
	5.628414e-21	2.019002e-20	7.199997e-20	2.514327e-19	8.443542e-19
	2.680547e-18	7.948708e-18	2.194410e-17	5.692293e-17	1.417427e-16
	3.481580e-16	8.649285e-16	2.213698e-15	5.909365e-15	1.655089e-14
	4.874201e-14	1.513015e-13	4.966182e-13	1.727097e-12	6.337852e-12
	2.426803e-11	9.594165e-11	3.899463e-10	1.613582e-09	6.610355e-09
	2.575222e-08	9.141461e-08	2.850312e-07	7.636393e-07	1.741659e-06
	3.390862e-06	5.757686e-06	8.777727e-06	1.232877e-05	1.626723e-05
	2.037897e-05	2.438696e-05	2.799851e-05	3.098226e-05	3.317594e-05
	3.445367e-05	3.474092e-05	3.402211e-05	3.234598e-05	2.982722e-05
	2.663673e-05	2.299116e-05	1.913756e-05	1.532466e-05	1.177356e-05
	8.656173e-06	6.077257e-06	4.064150e-06	2.575393e-06	1.529364e-06
	8.351823e-07	4.079738e-07	1.702502e-07	5.740876e-08	1.527510e-08
	3.053005e-09	4.535592e-10	5.092307e-11	4.329261e-12	2.886961e-13
	1.474455e-14	5.695474e-16	1.801292e-17	4.902830e-19	1.085784e-20
	1.816890e-22	2.293109e-24	2.285872e-26	1.828875e-28	1.139677e-30
	5.436886e-33	2.038362e-35	6.348510e-38	1.737507e-40	4.293990e-43
	9.519960e-46	1.940231e-48	7.090975e-49	1.000000e-60	7.181536e-50
	4.792688e-49	1.000000e-60	8.193901e-50	6.159819e-50	1.046629e-50
	1.000000e-60	1.000000e-60	4.787583e-51	1.000000e-60	1.000000e-60
	8.652043e-53	9.245729e-52	1.000000e-60	4.744486e-53	1.000000e-60
	1.192064e-53	1.000000e-60	1.194436e-53	8.462088e-54	1.000000e-60
	1.000000e-60	2.348820e-55	9.684284e-56	1.000000e-60	1.000000e-60
	1.000000e-60
massfraction-C2H3
	1.000000e-60	4.684128e-19	1.246997e-18	2.328196e-18	3.745175e-18
	5.592705e-18	8.011368e-18	1.120879e-17	1.552556e-17	2.155934e-17
	3.039265e-17	4.402568e-17	6.624103e-17	1.044136e-16	1.734388e-16
	3.045169e-16	5.653458e-16	1.107694e-15	2.281883e-15	4.917136e-15
	1.101734e-14	2.550397e-14	6.060695e-14	1.469535e-13	3.615747e-13
	8.985240e-13	2.246060e-12	5.625314e-12	1.404178e-11	3.463620e-11
	8.330912e-11	1.920593e-10	4.167408e-10	8.376538e-10	1.542286e-09
	2.587256e-09	3.953788e-09	5.526364e-09	7.117858e-09	8.516484e-09
	9.504350e-09	9.848041e-09	9.333059e-09	7.940168e-09	6.059533e-09
	4.301120e-09	3.011221e-09	2.190579e-09	1.717344e-09	1.487764e-09
	1.445667e-09	1.578672e-09	1.931226e-09	2.644895e-09	4.029274e-09
	6.754268e-09	1.221855e-08	2.304364e-08	4.343464e-08	7.852555e-08
	1.320450e-07	2.048601e-07	2.953464e-07	4.002186e-07	5.149354e-07
	6.319789e-07	7.414084e-07	8.331211e-07	8.998311e-07	9.375352e-07
	9.447388e-07	9.225175e-07	8.741321e-07	8.045124e-07	7.196247e-07
	6.256939e-07	5.287106e-07	4.340366e-07	3.459542e-07	2.674590e-07
	2.003196e-07	1.451642e-07	1.015698e-07	6.829143e-08	4.369338e-08
	2.617975e-08	1.435946e-08	6.950203e-09	2.843626e-09	9.673209e-10
	2.624256e-10	5.535313e-11	8.826112e-12	1.027349e-12	9.395791e-14
	7.746430e-15	6.870557e-16	7.410512e-17	9.819287e-18	1.562041e-18
	3.019985e-19	7.137850e-20	1.857888e-20	4.681713e-21	1.179486e-21
	3.264572e-22	1.041673e-22	3.853295e-23	1.621319e-23	7.530171e-24
	3.748067e-24	1.955935e-24	1.054949e-24	5.824970e-25	3.271172e-25
	1.859504e-25	1.065954e-25	6.141492e-26	3.544696e-26	2.043281e-26
	1.173376e-26	6.698431e-27	3.793564e-27	2.127421e-27	1.179457e-27
	6.455190e-28	3.483207e-28	1.850919e-28	9.674856e-29	4.968472e-29
	2.503120e-29	1.234697e-29	5.945733e-30	2.782739e-30	1.256614e-30
	5.407727e-31	2.168588e-31	7.750932e-32	2.226000e-32	3.670886e-33
	1.000000e-60
massfraction-C2H4
	1.000000e-60	7.428632e-10	2.235155e-09	5.140116e-09	1.060687e-08
	2.054666e-08	3.798876e-08	6.748616e-08	1.155218e-07	1.908393e-07
	3.046099e-07	4.703555e-07	7.036112e-07	1.021398e-06	1.441583e-06
	1.982176e-06	2.660654e-06	3.493370e-06	4.495093e-06	5.678677e-06
	7.054857e-06	8.632155e-06	1.041689e-05	1.241326e-05	1.462357e-05
	1.704857e-05	1.968805e-05	2.254218e-05	2.561362e-05	2.890791e-05
	3.242942e-05	3.617516e-05	4.013084e-05	4.427054e-05	4.856219e-05
	5.297623e-05	5.748905e-05	6.208514e-05	6.676913e-05	7.157251e-05
	7.653388e-05	8.166498e-05	8.693500e-05	9.228154e-05	9.762331e-05
	1.028713e-04	1.079396e-04	1.127513e-04	1.172283e-04	1.212680e-04
	1.247442e-04	1.276054e-04	1.301321e-04	1.332984e-04	1.389711e-04
	1.495270e-04	1.667358e-04	1.905139e-04	2.184161e-04	2.459260e-04
	2.679952e-04	2.814815e-04	2.855704e-04	2.808496e-04	2.684417e-04
	2.498204e-04	2.268458e-04	2.015408e-04	1.755661e-04	1.500359e-04
	1.258053e-04	1.034765e-04	8.343210e-05	6.588608e-05	5.090383e-05
	3.841590e-05	2.826841e-05	2.024872e-05	1.409404e-05	9.514576e-06
	6.219557e-06	3.932286e-06	2.400489e-06	1.408033e-06	7.850528e-07
	4.087307e-07	1.938001e-07	8.034367e-08	2.779200e-08	7.887872e-09
	1.754163e-09	2.999152e-10	3.947778e-11	4.124905e-12	3.947241e-13
	3.873721e-14	4.115265e-15	4.987695e-16	7.079007e-17	1.182792e-17
	2.423017e-18	6.579258e-19	2.478541e-19	1.245594e-19	7.613392e-20
	5.218392e-20	3.821757e-20	2.914300e-20	2.280119e-20	1.812239e-20
	1.452010e-20	1.166373e-20	9.360045e-21	7.486520e-21	5.959290e-21
	4.716317e-21	3.708652e-21	2.895911e-21	2.244052e-21	1.724580e-21
	1.313830e-21	9.918488e-22	7.417270e-22	5.492789e-22	4.026982e-22
	2.922257e-22	2.098676e-22	1.491462e-22	1.048744e-22	7.295295e-23
	5.018726e-23	3.412449e-23	2.290878e-23	1.515611e-23	9.848968e-24
	6.249635e-24	3.830265e-24	2.217903e-24	1.152264e-24	4.539384e-25
	1.000000e-60
massfraction-C2H5
	1.000000e-60	1.601779e-14	4.935141e-14	1.165158e-13	2.472163e-13
	4.926909e-13	9.371238e-13	1.711647e-12	3.009703e-12	5.101488e-12
	8.344443e-12	1.318657e-11	2.016101e-11	2.987302e-11	4.298143e-11
	6.017594e-11	8.215348e-11	1.095962e-10	1.431532e-10	1.834269e-10
	2.309646e-10	2.862563e-10	3.497386e-10	4.218057e-10	5.028304e-10
	5.931985e-10	6.933625e-10	8.039377e-10	9.258553e-10	1.060483e-09
	1.209595e-09	1.375247e-09	1.559650e-09	1.765007e-09	1.993263e-09
	2.245529e-09	2.520579e-09	2.812466e-09	3.107825e-09	3.381102e-09
	3.585386e-09	3.645988e-09	3.484456e-09	3.105069e-09	2.676725e-09
	2.406633e-09	2.360258e-09	2.533966e-09	2.956791e-09	3.719302e-09
	4.997287e-09	7.095697e-09	1.052739e-08	1.614600e-08	2.532888e-08
	4.014465e-08	6.335027e-08	9.804367e-08	1.469175e-07	2.106360e-07
	2.861619e-07	3.680774e-07	4.504784e-07	5.277175e-07	5.944181e-07
	6.447401e-07	6.738532e-07	6.796115e-07	6.629811e-07	6.268102e-07
	5.750776e-07	5.123702e-07	4.433696e-07	3.725061e-07	3.036385e-07
	2.397783e-07	1.830910e-07	1.349060e-07	9.569053e-08	6.516197e-08
	4.248737e-08	2.646460e-08	1.570050e-08	8.813729e-09	4.618382e-09
	2.208418e-09	9.324977e-10	3.292100e-10	9.084381e-11	1.890627e-11
	2.762481e-12	2.763676e-13	1.991197e-14	1.242221e-15	9.160266e-17
	8.668187e-18	9.831141e-19	1.336836e-19	2.220006e-20	4.522981e-21
	1.150141e-21	3.572597e-22	1.181150e-22	3.648374e-23	1.059854e-23
	3.060859e-24	9.224919e-25	2.988622e-25	1.053668e-25	4.034349e-26
	1.654625e-26	7.162766e-27	3.238542e-27	1.517760e-27	7.328192e-28
	3.625384e-28	1.828043e-28	9.345429e-29	4.817850e-29	2.491942e-29
	1.287598e-29	6.621556e-30	3.377515e-30	1.703699e-30	8.476963e-31
	4.151457e-31	1.997443e-31	9.426861e-32	4.357501e-32	1.969831e-32
	8.693284e-33	3.737145e-33	1.560243e-33	6.299381e-34	2.444649e-34
	9.040215e-35	3.147157e-35	1.014853e-35	2.964585e-36	7.263521e-37
	1.000000e-60
massfraction-C3H4
	1.000000e-60	3.798809e-16	1.242939e-15	3.137693e-15	7.145923e-15
	1.530868e-14	3.128917e-14	6.131439e-14	1.153952e-13	2.087479e-13
	3.632447e-13	6.086366e-13	9.833024e-13	1.534402e-12	2.317403e-12
	3.394971e-12	4.835373e-12	6.710584e-12	9.094280e-12	1.205987e-11
	1.567870e-11	2.001846e-11	2.514191e-11	3.110599e-11	3.796123e-11
	4.575209e-11	5.451824e-11	6.429865e-11	7.513953e-11	8.709696e-11
	1.002228e-10	1.145403e-10	1.300245e-10	1.465962e-10	1.641402e-10
	1.825402e-10	2.016965e-10	2.215391e-10	2.420852e-10	2.634778e-10
	2.859043e-10	3.094417e-10	3.339711e-10	3.592057e-10	3.847261e-10
	4.100128e-10	4.344490e-10	4.570119e-10	4.747459e-10	4.786112e-10
	4.490925e-10	3.679986e-10	2.550690e-10	1.687240e-10	1.581467e-10
	2.740707e-10	6.793466e-10	1.889792e-09	5.235619e-09	1.347266e-08
	3.092775e-08	6.291986e-08	1.150738e-07	1.929098e-07	3.016413e-07
	4.438121e-07	6.170216e-07	8.131219e-07	1.021019e-06	1.228909e-06
	1.423394e-06	1.590877e-06	1.718829e-06	1.796931e-06	1.818380e-06
	1.780804e-06	1.686654e-06	1.543410e-06	1.362905e-06	1.159842e-06
	9.500693e-07	7.484658e-07	5.665711e-07	4.109923e-07	2.837739e-07
	1.842509e-07	1.105132e-07	5.943413e-08	2.766074e-08	1.103698e-08
	3.661311e-09	9.973523e-10	2.208569e-10	3.879371e-11	5.620989e-12
	7.008260e-13	8.111030e-14	9.785976e-15	1.321818e-15	2.049852e-16
	3.829975e-17	9.372587e-18	3.160945e-18	1.409989e-18	7.550331e-19
	4.494399e-19	2.858017e-19	1.902691e-19	1.309035e-19	9.209744e-20
	6.565293e-20	4.709990e-20	3.385989e-20	2.432690e-20	1.743905e-20
	1.246140e-20	8.869959e-21	6.284934e-21	4.429363e-21	3.102110e-21
	2.157469e-21	1.489155e-21	1.019437e-21	6.917347e-22	4.649931e-22
	3.095199e-22	2.039446e-22	1.329843e-22	8.579506e-23	5.475367e-23
	3.455755e-23	2.156108e-23	1.328819e-23	8.078081e-24	4.830889e-24
	2.827501e-24	1.603578e-24	8.629318e-25	4.188868e-25	1.551867e-25
	1.000000e-60
massfraction-C3H5
	1.000000e-60	4.511778e-16	1.494250e-15	3.823625e-15	8.833919e-15
	1.920347e-14	3.982389e-14	7.915442e-14	1.510264e-13	2.768133e-13
	4.877393e-13	8.269527e-13	1.350982e-12	2.130341e-12	3.249177e-12
	4.803912e-12	6.901038e-12	9.654344e-12	1.318186e-11	1.760273e-11
	2.303427e-11	2.958932e-11	3.737396e-11	4.648582e-11	5.701300e-11
	6.903422e-11	8.262061e-11	9.784192e-11	1.147788e-10	1.335270e-10
	1.541750e-10	1.767638e-10	2.012539e-10	2.275103e-10	2.553222e-10
	2.844453e-10	3.146088e-10	3.455082e-10	3.768574e-10	4.083793e-10
	4.395641e-10	4.692740e-10	4.954446e-10	5.149511e-10	5.236001e-10
	5.162901e-10	4.873301e-10	4.312287e-10	3.449558e-10	2.340295e-10
	1.214002e-10	4.214214e-11	9.157455e-12	1.717345e-12	7.012572e-13
	6.443694e-13	8.947599e-13	1.657927e-12	3.717280e-12	9.060795e-12
	2.183357e-11	4.934499e-11	1.030969e-10	1.999638e-10	3.636442e-10
	6.222115e-10	1.001524e-09	1.516360e-09	2.168674e-09	2.949543e-09
	3.833077e-09	4.776830e-09	5.723934e-09	6.606400e-09	7.351926e-09
	7.892867e-09	8.173901e-09	8.161076e-09	7.849526e-09	7.265949e-09
	6.466468e-09	5.529019e-09	4.538462e-09	3.568778e-09	2.673274e-09
	1.887615e-09	1.236434e-09	7.310936e-10	3.772545e-10	1.679112e-10
	6.252041e-11	1.922348e-11	4.843806e-12	9.860328e-13	1.708073e-13
	2.686004e-14	4.257983e-15	7.743845e-16	1.720714e-16	4.671423e-17
	1.554995e-17	6.570240e-18	3.574290e-18	2.363976e-18	1.737571e-18
	1.332852e-18	1.037506e-18	8.120319e-19	6.372347e-19	5.002522e-19
	3.916298e-19	3.048668e-19	2.355315e-19	1.803636e-19	1.368040e-19
	1.027395e-19	7.637861e-20	5.619465e-20	4.089928e-20	2.943128e-20
	2.093255e-20	1.471090e-20	1.021245e-20	7.001288e-21	4.739169e-21
	3.167067e-21	2.089454e-21	1.360974e-21	8.752855e-22	5.558697e-22
	3.486000e-22	2.158460e-22	1.318864e-22	7.942911e-23	4.703473e-23
	2.725250e-23	1.530074e-23	8.153489e-24	3.921518e-24	1.440663e-24
	1.000000e-60
massfraction-C3H6
	1.000000e-60	5.976580e-13	2.010623e-12	5.235880e-12	1.232281e-11
	2.729752e-11	5.767910e-11	1.167597e-10	2.267473e-10	4.226929e-10
	7.568707e-10	1.302992e-09	2.159550e-09	3.451776e-09	5.331911e-09
	7.977560e-09	1.158832e-08	1.638111e-08	2.258466e-08	3.043366e-08
	4.016287e-08	5.200158e-08	6.616866e-08	8.286826e-08	1.022864e-07
	1.245894e-07	1.499239e-07	1.784238e-07	2.102241e-07	2.454512e-07
	2.841484e-07	3.261451e-07	3.709167e-07	4.174742e-07	4.643519e-07
	5.097044e-07	5.514236e-07	5.872988e-07	6.152214e-07	6.331563e-07
	6.388743e-07	6.299744e-07	6.045419e-07	5.621355e-07	5.046362e-07
	4.360380e-07	3.610694e-07	2.839114e-07	2.078567e-07	1.361800e-07
	7.420835e-08	3.034993e-08	9.359511e-09	3.476483e-09	2.368005e-09
	2.339185e-09	2.888883e-09	4.176970e-09	6.604891e-09	1.068391e-08
	1.675609e-08	2.480499e-08	3.446094e-08	4.507286e-08	5.576433e-08
	6.534514e-08	7.255318e-08	7.645791e-08	7.674439e-08	7.362172e-08
	6.766738e-08	5.969549e-08	5.060232e-08	4.124073e-08	3.232011e-08
	2.434168e-08	1.759911e-08	1.219989e-08	8.095201e-09	5.130269e-09
	3.097831e-09	1.778097e-09	9.666895e-10	4.938126e-10	2.331636e-10
	9.907232e-11	3.645724e-11	1.091448e-11	2.465898e-12	4.053136e-13
	4.471683e-14	3.143417e-15	1.353716e-16	3.541380e-18	6.537035e-20
	1.030463e-21	1.735005e-23	3.864499e-25	1.256223e-26	6.033234e-28
	3.237738e-29	1.000000e-60	1.000000e-60	1.000000e-60	1.000000e-60
	1.000000e-60	1.000000e-60	1.000000e-60	1.000000e-60	1.000000e-60
	1.000000e-60	1.000000e-60	1.000000e-60	1.000000e-60	1.000000e-60
	1.000000e-60	1.000000e-60	1.000000e-60	1.000000e-60	1.000000e-60
	1.000000e-60	1.000000e-60	1.000000e-60	1.000000e-60	1.000000e-60
	1.000000e-60	1.000000e-60	1.000000e-60	1.000000e-60	1.000000e-60
	1.000000e-60	1.000000e-60	1.000000e-60	1.000000e-60	1.000000e-60
	1.000000e-60	1.000000e-60	1.000000e-60	1.000000e-60	1.000000e-60
	1.000000e-60
massfraction-N-C3H7
	1.000000e-60	2.426559e-18	8.174176e-18	2.131805e-17	5.025151e-17
	1.114955e-16	2.359623e-16	4.784007e-16	9.304500e-16	1.737006e-15
	3.114543e-15	5.368838e-15	8.909157e-15	1.425675e-14	2.204629e-14
	3.301938e-14	4.801077e-14	6.792907e-14	9.373396e-14	1.264116e-13
	1.669502e-13	2.163164e-13	2.754339e-13	3.451637e-13	4.262844e-13
	5.194719e-13	6.252669e-13	7.440169e-13	8.757237e-13	1.019486e-12
	1.171954e-12	1.324052e-12	1.455218e-12	1.526271e-12	1.480725e-12
	1.278362e-12	9.629852e-13	6.562460e-13	4.284849e-13	2.739243e-13
	1.720745e-13	1.068063e-13	6.602748e-14	4.094781e-14	2.564771e-14
	1.634342e-14	1.063627e-14	7.036336e-15	4.648806e-15	2.950607e-15
	1.671770e-15	7.615236e-16	2.792206e-16	1.311005e-16	1.194573e-16
	1.658810e-16	2.990785e-16	6.450732e-16	1.528493e-15	3.658641e-15
	8.260026e-15	1.703495e-14	3.199261e-14	5.519240e-14	8.837535e-14
	1.317435e-13	1.828081e-13	2.362701e-13	2.856802e-13	3.250400e-13
	3.495121e-13	3.563984e-13	3.455127e-13	3.190202e-13	2.808590e-13
	2.358400e-13	1.888212e-13	1.440325e-13	1.045425e-13	7.206376e-14
	4.707340e-14	2.907243e-14	1.691867e-14	9.207969e-15	4.614662e-15
	2.075386e-15	8.067590e-16	2.548890e-16	6.072745e-17	1.049371e-17
	1.212574e-18	8.878061e-20	3.952612e-21	1.059791e-22	1.984151e-24
	3.143706e-26	5.304858e-28	1.194447e-29	3.965613e-31	1.907477e-32
	1.000000e-60	1.000000e-60	1.000000e-60	1.000000e-60	1.000000e-60
	1.000000e-60	1.000000e-60	1.000000e-60	1.000000e-60	1.000000e-60
	1.000000e-60	1.000000e-60	1.000000e-60	1.000000e-60	1.000000e-60
	1.000000e-60	1.000000e-60	1.000000e-60	1.000000e-60	1.000000e-60
	1.000000e-60	1.000000e-60	1.000000e-60	1.000000e-60	1.000000e-60
	1.000000e-60	1.000000e-60	1.000000e-60	1.000000e-60	1.000000e-60
	1.000000e-60	1.000000e-60	1.000000e-60	1.000000e-60	1.000000e-60
	1.000000e-60	1.000000e-60	1.000000e-60	1.000000e-60	1.000000e-60
	1.000000e-60
massfraction-I-C3H7
	1.000000e-60	1.000000e-60	1.000017e-60	1.000045e-60	1.000091e-60
	1.000159e-60	1.000256e-60	1.000381e-60	1.000525e-60	1.000656e-60
	1.000717e-60	1.000609e-60	1.000186e-60	9.992472e-61	9.975347e-61
	9.947390e-61	9.905046e-61	9.844413e-61	9.761377e-61	9.651764e-61
	9.511495e-61	9.336735e-61	9.124041e-61	8.870485e-61	8.573763e-61
	8.232255e-61	7.845033e-61	7.411728e-61	6.932222e-61	6.406572e-61
	5.835677e-61	5.222321e-61	4.571835e-61	3.892082e-61	3.192748e-61
	2.485318e-61	1.787093e-61	1.130726e-61	5.749280e-62	1.980635e-62
	3.491607e-63	2.353970e-64	5.255855e-66	7.460508e-68	2.200806e-68
	1.319563e-68	8.385459e-69	5.645501e-69	4.026792e-69	3.036874e-69
	2.413095e-69	2.008789e-69	1.737100e-69	1.543393e-69	1.391481e-69
	1.256747e-69	1.123538e-69	9.849804e-70	8.423181e-70	7.032162e-70
	5.770665e-70	4.685642e-70	3.777028e-70	3.022250e-70	2.393462e-70
	1.872414e-70	1.446247e-70	1.103763e-70	8.320159e-71	6.181240e-71
	4.519400e-71	3.247961e-71	2.291581e-71	1.585656e-71	1.075010e-71
	8.367542e-72	1.610272e-68	1.305835e-67	1.432229e-63	1.738165e-59
	2.088473e-55	2.490444e-51	2.958535e-47	3.546686e-43	4.414571e-39
	5.952979e-35	9.136138e-31	4.308797e-35	1.559531e-39	4.353199e-44
	9.026277e-49	1.377445e-53	1.520391e-58	1.196429e-63	2.649055e-69
	1.000000e-60	1.000000e-60	1.000000e-60	1.000000e-60	1.038159e-70
	3.197661e-69	8.034079e-68	1.480792e-66	1.842531e-65	1.418056e-64
	4.968598e-64	7.751376e-64	8.761636e-64	9.158004e-64	9.402317e-64
	9.624582e-64	9.869536e-64	1.015291e-63	1.047259e-63	1.081023e-63
	1.113234e-63	1.139393e-63	1.154538e-63	1.154152e-63	1.135042e-63
	1.096044e-63	1.038380e-63	9.656146e-64	8.834925e-64	8.000527e-64
	7.265426e-64	6.799868e-64	6.888251e-64	8.042114e-64	1.121858e-63
	1.823674e-63	3.256634e-63	6.081530e-63	1.155264e-62	2.204154e-62
	4.201435e-62	7.984741e-62	1.511869e-61	2.851206e-61	5.352989e-61
	1.000000e-60
massfraction-C3H8
	1.000000e-60	1.000002e-60	1.000021e-60	1.000055e-60	1.000112e-60
	1.000205e-60	1.000349e-60	1.000562e-60	1.000863e-60	1.001269e-60
	1.001787e-60	1.002412e-60	1.003116e-60	1.003851e-60	1.004539e-60
	1.005074e-60	1.005325e-60	1.005135e-60	1.004330e-60	1.002722e-60
	1.000117e-60	9.963166e-61	9.911272e-61	9.843633e-61	9.758508e-61
	9.654299e-61	9.529547e-61	9.382883e-61	9.212895e-61	9.018063e-61
	8.796984e-61	8.548823e-61	8.273733e-61	7.973062e-61	7.649079e-61
	7.304320e-61	6.941218e-61	6.561787e-61	6.166476e-61	5.753400e-61
	5.319942e-61	4.865870e-61	4.395056e-61	3.914894e-61	3.435205e-61
	2.967135e-61	2.521207e-61	2.105516e-61	1.725303e-61	1.383890e-61
	1.083604e-61	8.256557e-62	6.095631e-62	4.333541e-62	2.945438e-62
	1.903948e-62	1.170765e-62	6.898361e-63	3.942243e-63	2.225048e-63
	1.267928e-63	7.382699e-64	4.395687e-64	2.661447e-64	1.624643e-64
	9.962071e-65	6.136744e-65	3.804735e-65	2.371198e-65	1.478645e-65
	9.194998e-66	5.685232e-66	3.485300e-66	2.113524e-66	1.265106e-66
	7.456108e-67	4.316841e-67	2.451005e-67	1.362519e-67	7.403547e-68
	3.927653e-68	2.033064e-68	1.025119e-68	5.005465e-69	2.336171e-69
	1.020937e-69	4.061853e-70	1.407280e-70	4.047315e-71	9.493626e-72
	1.718951e-72	2.311989e-73	2.226792e-74	3.076120e-75	2.923613e-74
	7.154468e-73	2.221904e-71	7.298663e-70	2.156109e-68	5.341667e-67
	1.061540e-65	1.545416e-64	1.462942e-63	8.331277e-63	2.922728e-62
	7.030511e-62	1.304122e-61	2.035555e-61	2.830643e-61	3.639304e-61
	4.431254e-61	5.186899e-61	5.891541e-61	6.534712e-61	7.109980e-61
	7.614857e-61	8.050396e-61	8.420473e-61	8.730882e-61	8.988258e-61
	9.199332e-61	9.370683e-61	9.508537e-61	9.618543e-61	9.705676e-61
	9.774229e-61	9.827841e-61	9.869539e-61	9.901810e-61	9.926671e-61
	9.945737e-61	9.960291e-61	9.971343e-61	9.979686e-61	9.985936e-61
	9.990573e-61	9.993968e-61	9.996410e-61	9.998121e-61	9.999274e-61
	1.000000e-60
V [kg/(s*m^2)]
	8.192239e-02	7.882754e-02	7.575028e-02	7.271175e-02	6.973007e-02
	6.681750e-02	6.398448e-02	6.124115e-02	5.859635e-02	5.605663e-02
	5.362584e-02	5.130527e-02	4.909378e-02	4.698779e-02	4.498170e-02
	4.306857e-02	4.124063e-02	3.948978e-02	3.780786e-02	3.618689e-02
	3.461921e-02	3.309752e-02	3.161494e-02	3.016499e-02	2.874147e-02
	2.733840e-02	2.594977e-02	2.456906e-02	2.318859e-02	2.179961e-02
	2.039411e-02	1.896669e-02	1.751536e-02	1.604107e-02	1.454571e-02
	1.302936e-02	1.148960e-02	9.920933e-03	8.310496e-03	6.634920e-03
	4.865606e-03	2.979444e-03	9.648788e-04	-1.179536e-03	-3.446032e-03
	-5.817388e-03	-8.271063e-03	-1.078542e-02	-1.334226e-02	-1.592262e-02
	-1.850063e-02	-2.104365e-02	-2.351957e-02	-2.590082e-02	-2.815690e-02
	-3.024586e-02	-3.211932e-02	-3.374114e-02	-3.510301e-02	-3.621500e-02
	-3.710078e-02	-3.780404e-02	-3.837146e-02	-3.884131e-02	-3.924222e-02
	-3.959066e-02	-3.989656e-02	-4.016679e-02	-4.040845e-02	-4.062861e-02
	-4.083214e-02	-4.102267e-02	-4.120307e-02	-4.137548e-02	-4.154159e-02
	-4.170294e-02	-4.186078e-02	-4.201601e-02	-4.216943e-02	-4.232174e-02
	-4.247349e-02	-4.262507e-02	-4.277701e-02	-4.293077e-02	-4.308916e-02
	-4.325638e-02	-4.343775e-02	-4.364203e-02	-4.387988e-02	-4.415447e-02
	-4.448060e-02	-4.487266e-02	-4.534896e-02	-4.595045e-02	-4.669703e-02
	-4.761282e-02	-4.870376e-02	-4.990747e-02	-5.117229e-02	-5.251156e-02
	-5.395487e-02	-5.549926e-02	-5.711122e-02	-5.875251e-02	-6.039922e-02
	-6.203725e-02	-6.365399e-02	-6.524000e-02	-6.679345e-02	-6.832405e-02
	-6.985066e-02	-7.139056e-02	-7.295466e-02	-7.454925e-02	-7.617712e-02
	-7.783891e-02	-7.953441e-02	-8.126367e-02	-8.302789e-02	-8.482866e-02
	-8.666663e-02	-8.854198e-02	-9.045508e-02	-9.240605e-02	-9.439456e-02
	-9.641977e-02	-9.848034e-02	-1.005744e-01	-1.026998e-01	-1.048540e-01
	-1.070343e-01	-1.092378e-01	-1.114619e-01	-1.137037e-01	-1.159608e-01
	-1.182308e-01	-1.205115e-01	-1.228010e-01	-1.250975e-01	-1.273978e-01
	-1.296984e-01
density [kg/m^3]
	6.431859e-01	6.430954e-01	6.429555e-01	6.427388e-01	6.424050e-01
	6.418970e-01	6.411369e-01	6.400253e-01	6.384419e-01	6.362507e-01
	6.333082e-01	6.294755e-01	6.246310e-01	6.186823e-01	6.115739e-01
	6.032923e-01	5.938658e-01	5.833615e-01	5.718782e-01	5.595385e-01
	5.464799e-01	5.328462e-01	5.187807e-01	5.044200e-01	4.898894e-01
	4.752994e-01	4.607430e-01	4.462909e-01	4.319866e-01	4.178521e-01
	4.039091e-01	3.901995e-01	3.767894e-01	3.637592e-01	3.511803e-01
	3.390921e-01	3.275015e-01	3.163856e-01	3.056723e-01	2.952364e-01
	2.849493e-01	2.747406e-01	2.646105e-01	2.545953e-01	2.447635e-01
	2.352200e-01	2.260728e-01	2.173965e-01	2.092319e-01	2.016066e-01
	1.945541e-01	1.881098e-01	1.822915e-01	1.770946e-01	1.725124e-01
	1.685523e-01	1.652221e-01	1.625013e-01	1.603277e-01	1.586247e-01
	1.573123e-01	1.562977e-01	1.554974e-01	1.548487e-01	1.543073e-01
	1.538490e-01	1.534596e-01	1.531297e-01	1.528503e-01	1.526131e-01
	1.524136e-01	1.522491e-01	1.521187e-01	1.520227e-01	1.519625e-01
	1.519402e-01	1.519586e-01	1.520207e-01	1.521296e-01	1.522882e-01
	1.524984e-01	1.527607e-01	1.530751e-01	1.534423e-01	1.538672e-01
	1.543603e-01	1.549379e-01	1.556305e-01	1.564793e-01	1.575009e-01
	1.587593e-01	1.603302e-01	1.623275e-01	1.650104e-01	1.686372e-01
	1.736239e-01	1.804808e-01	1.893808e-01	2.004243e-01	2.141882e-01
	2.315733e-01	2.532274e-01	2.792284e-01	3.092094e-01	3.427099e-01
	3.792801e-01	4.183906e-01	4.594249e-01	5.018220e-01	5.452839e-01
	5.897829e-01	6.352486e-01	6.813874e-01	7.277116e-01	7.735853e-01
	8.183005e-01	8.611595e-01	9.015498e-01	9.389944e-01	9.731498e-01
	1.003791e+00	1.030829e+00	1.054307e+00	1.074380e+00	1.091281e+00
	1.105303e+00	1.116772e+00	1.126025e+00	1.133392e+00	1.139186e+00
	1.143689e+00	1.147150e+00	1.149783e+00	1.151767e+00	1.153247e+00
	1.154343e+00	1.155147e+00	1.155733e+00	1.156157e+00	1.156462e+00
	1.156679e+00
cp [J/m^3K]
	2.197908e+03	2.198091e+03	2.198362e+03	2.198763e+03	2.199359e+03
	2.200241e+03	2.201530e+03	2.203383e+03	2.205987e+03	2.209557e+03
	2.214318e+03	2.220491e+03	2.228275e+03	2.237824e+03	2.249240e+03
	2.262560e+03	2.277755e+03	2.294733e+03	2.313342e+03	2.333385e+03
	2.354627e+03	2.376810e+03	2.399664e+03	2.422916e+03	2.446304e+03
	2.469581e+03	2.492528e+03	2.514955e+03	2.536717e+03	2.557695e+03
	2.577762e+03	2.596752e+03	2.614444e+03	2.630580e+03	2.644882e+03
	2.657062e+03	2.666786e+03	2.673631e+03	2.677017e+03	2.676056e+03
	2.669309e+03	2.654575e+03	2.628804e+03	2.588044e+03	2.534080e+03
	2.472772e+03	2.405200e+03	2.332730e+03	2.256821e+03	2.179040e+03
	2.101151e+03	2.025016e+03	1.952280e+03	1.884193e+03	1.821815e+03
	1.766225e+03	1.718373e+03	1.678639e+03	1.646601e+03	1.621425e+03
	1.602068e+03	1.587188e+03	1.575533e+03	1.566148e+03	1.558357e+03
	1.551771e+03	1.546149e+03	1.541326e+03	1.537138e+03	1.533434e+03
	1.530113e+03	1.527097e+03	1.524327e+03	1.521758e+03	1.519358e+03
	1.517094e+03	1.514942e+03	1.512884e+03	1.510904e+03	1.508984e+03
	1.507112e+03	1.505276e+03	1.503460e+03	1.501639e+03	1.499770e+03
	1.497795e+03	1.495640e+03	1.493185e+03	1.490276e+03	1.486842e+03
	1.482653e+03	1.477463e+03	1.470949e+03	1.462417e+03	1.451377e+03
	1.437171e+03	1.419318e+03	1.398529e+03	1.375634e+03	1.350498e+03
	1.322801e+03	1.293048e+03	1.262552e+03	1.232742e+03	1.204567e+03
	1.175504e+03	1.147437e+03	1.123073e+03	1.102954e+03	1.086623e+03
	1.073345e+03	1.062470e+03	1.053504e+03	1.046069e+03	1.039876e+03
	1.034697e+03	1.030356e+03	1.026710e+03	1.023646e+03	1.021072e+03
	1.018916e+03	1.017117e+03	1.015624e+03	1.014394e+03	1.013386e+03
	1.012567e+03	1.011908e+03	1.011382e+03	1.010965e+03	1.010638e+03
	1.010384e+03	1.010188e+03	1.010038e+03	1.009925e+03	1.009839e+03
	1.009775e+03	1.009727e+03	1.009692e+03	1.009666e+03	1.009647e+03
	1.009633e+03
lambda [W/m]
	3.231541e-02	3.232390e-02	3.233632e-02	3.235466e-02	3.238180e-02
	3.242184e-02	3.248033e-02	3.256450e-02	3.268320e-02	3.284676e-02
	3.306664e-02	3.335480e-02	3.372312e-02	3.418279e-02	3.474394e-02
	3.541525e-02	3.620391e-02	3.711554e-02	3.815433e-02	3.932324e-02
	4.062420e-02	4.205838e-02	4.362645e-02	4.532884e-02	4.716602e-02
	4.913886e-02	5.124918e-02	5.350070e-02	5.590069e-02	5.846024e-02
	6.119117e-02	6.410139e-02	6.719157e-02	7.045423e-02	7.387667e-02
	7.744657e-02	8.115354e-02	8.498985e-02	8.895950e-02	9.308257e-02
	9.737430e-02	1.018055e-01	1.062724e-01	1.105843e-01	1.146947e-01
	1.186839e-01	1.224533e-01	1.259223e-01	1.290353e-01	1.317564e-01
	1.340649e-01	1.359592e-01	1.374614e-01	1.386124e-01	1.394614e-01
	1.400591e-01	1.404581e-01	1.407112e-01	1.408654e-01	1.409565e-01
	1.410087e-01	1.410376e-01	1.410520e-01	1.410566e-01	1.410535e-01
	1.410434e-01	1.410264e-01	1.410023e-01	1.409705e-01	1.409300e-01
	1.408793e-01	1.408169e-01	1.407406e-01	1.406482e-01	1.405373e-01
	1.404051e-01	1.402486e-01	1.400649e-01	1.398514e-01	1.396056e-01
	1.393259e-01	1.390116e-01	1.386625e-01	1.382770e-01	1.378495e-01
	1.373694e-01	1.368214e-01	1.361779e-01	1.354031e-01	1.344850e-01
	1.333715e-01	1.320068e-01	1.303137e-01	1.281180e-01	1.252968e-01
	1.216820e-01	1.171525e-01	1.119015e-01	1.061656e-01	9.995339e-02
	9.324259e-02	8.621981e-02	7.924091e-02	7.264058e-02	6.660615e-02
	6.108480e-02	5.616203e-02	5.190319e-02	4.825878e-02	4.512954e-02
	4.241065e-02	4.002310e-02	3.791543e-02	3.605303e-02	3.441127e-02
	3.297069e-02	3.171407e-02	3.062492e-02	2.968694e-02	2.888466e-02
	2.820386e-02	2.763107e-02	2.715334e-02	2.675850e-02	2.643522e-02
	2.617310e-02	2.596265e-02	2.579538e-02	2.566374e-02	2.556116e-02
	2.548198e-02	2.542144e-02	2.537556e-02	2.534108e-02	2.531539e-02
	2.529639e-02	2.528245e-02	2.527228e-02	2.526491e-02	2.525961e-02
	2.525581e-02
mu [kg/s^2m]
	1.146011e-05	1.146117e-05	1.146300e-05	1.146611e-05	1.147125e-05
	1.147948e-05	1.149229e-05	1.151161e-05	1.153982e-05	1.157973e-05
	1.163443e-05	1.170716e-05	1.180114e-05	1.191937e-05	1.206459e-05
	1.223911e-05	1.244485e-05	1.268331e-05	1.295564e-05	1.326268e-05
	1.360505e-05	1.398325e-05	1.439767e-05	1.484875e-05	1.533700e-05
	1.586313e-05	1.642814e-05	1.703367e-05	1.768235e-05	1.837801e-05
	1.912482e-05	1.992609e-05	2.078341e-05	2.169642e-05	2.266371e-05
	2.368463e-05	2.476003e-05	2.589301e-05	2.709251e-05	2.837649e-05
	2.976878e-05	3.129084e-05	3.295632e-05	3.477151e-05	3.673403e-05
	3.882948e-05	4.103464e-05	4.332412e-05	4.567329e-05	4.805503e-05
	5.043463e-05	5.277087e-05	5.502402e-05	5.716089e-05	5.914902e-05
	6.095065e-05	6.252851e-05	6.386165e-05	6.495547e-05	6.583016e-05
	6.651439e-05	6.704911e-05	6.747431e-05	6.782130e-05	6.811269e-05
	6.836124e-05	6.857448e-05	6.875756e-05	6.891557e-05	6.905331e-05
	6.917378e-05	6.927897e-05	6.937014e-05	6.944791e-05	6.951251e-05
	6.956388e-05	6.960167e-05	6.962537e-05	6.963440e-05	6.962829e-05
	6.960674e-05	6.956975e-05	6.951766e-05	6.945067e-05	6.936813e-05
	6.926814e-05	6.914734e-05	6.899914e-05	6.881437e-05	6.858905e-05
	6.830861e-05	6.795568e-05	6.750419e-05	6.689606e-05	6.607676e-05
	6.496593e-05	6.348342e-05	6.165206e-05	5.953144e-05	5.711177e-05
	5.437070e-05	5.137269e-05	4.826775e-05	4.521536e-05	4.232205e-05
	3.964236e-05	3.720140e-05	3.500554e-05	3.304385e-05	3.128947e-05
	2.970914e-05	2.827773e-05	2.698069e-05	2.580944e-05	2.475833e-05
	2.382246e-05	2.299638e-05	2.227349e-05	2.164610e-05	2.110613e-05
	2.064564e-05	2.025667e-05	1.993125e-05	1.966165e-05	1.944053e-05
	1.926101e-05	1.911677e-05	1.900207e-05	1.891180e-05	1.884146e-05
	1.878720e-05	1.874574e-05	1.871435e-05	1.869080e-05	1.867328e-05
	1.866034e-05	1.865087e-05	1.864399e-05	1.863902e-05	1.863545e-05
	1.863292e-05
mDot_CH4 [kg/m^3s]
	0.000000e+00	4.986775e-17	1.512832e-15	6.469165e-15	1.918173e-14
	4.792433e-14	1.080554e-13	2.270872e-13	4.531796e-13	8.698228e-13
	1.622014e-12	2.963918e-12	5.346995e-12	9.584855e-12	1.716375e-11
	3.082955e-11	5.570083e-11	1.013831e-10	1.859808e-10	3.436874e-10
	6.390695e-10	1.193755e-09	2.235858e-09	4.190556e-09	7.844234e-09
	1.463857e-08	2.719173e-08	5.021669e-08	9.213787e-08	1.678644e-07
	3.031511e-07	5.403158e-07	9.428984e-07	1.592231e-06	2.564740e-06
	3.883899e-06	5.461989e-06	7.078856e-06	8.439336e-06	9.261121e-06
	9.280104e-06	8.113254e-06	5.077497e-06	-7.090951e-07	-1.011125e-05
	-2.493531e-05	-4.981811e-05	-9.448218e-05	-1.806801e-04	-3.599819e-04
	-7.499991e-04	-1.605104e-03	-3.454667e-03	-7.370414e-03	-1.548431e-02
	-3.198582e-02	-6.471855e-02	-1.270371e-01	-2.391215e-01	-4.267260e-01
	-7.169657e-01	-1.137368e+00	-1.715712e+00	-2.473103e+00	-3.410409e+00
	-4.486212e+00	-5.612874e+00	-6.679842e+00	-7.593355e+00	-8.293523e+00
	-8.747957e+00	-8.950025e+00	-8.913172e+00	-8.664504e+00	-8.239152e+00
	-7.674818e+00	-7.008659e+00	-6.275980e+00	-5.508791e+00	-4.735355e+00
	-3.981021e+00	-3.268254e+00	-2.614763e+00	-2.031164e+00	-1.521369e+00
	-1.086295e+00	-7.270884e-01	-4.434713e-01	-2.372864e-01	-1.085473e-01
	-4.018671e-02	-1.141543e-02	-2.343231e-03	-3.227164e-04	-3.017209e-05
	-2.010914e-06	-1.085562e-07	-5.849441e-09	-3.655543e-10	-2.800712e-11
	-2.745670e-12	-3.666551e-13	-6.841155e-14	-1.664062e-14	-4.772275e-15
	-1.543606e-15	-5.577566e-16	-2.227632e-16	-9.680501e-17	-4.495187e-17
	-2.190911e-17	-1.105920e-17	-5.734279e-18	-3.039066e-18	-1.641645e-18
	-9.023964e-19	-5.042376e-19	-2.861153e-19	-1.646308e-19	-9.590866e-20
	-5.648522e-20	-3.357593e-20	-2.010314e-20	-1.209671e-20	-7.298025e-21
	-4.403586e-21	-2.650807e-21	-1.587867e-21	-9.440255e-22	-5.555122e-22
	-3.225666e-22	-1.841613e-22	-1.029081e-22	-5.593286e-23	-2.930139e-23
	-1.458432e-23	-6.730395e-24	-2.748614e-24	-8.936659e-25	-1.648648e-25
	0.000000e+00
ScalarDissRate [1/s]
	1.323262e-06	2.537278e-06	7.728951e-06	2.249794e-05	6.231574e-05
	1.638832e-04	4.085836e-04	9.644934e-04	2.154386e-03	4.554530e-03
	9.122340e-03	1.734058e-02	3.135675e-02	5.409427e-02	8.931480e-02
	1.416164e-01	2.163634e-01	3.195537e-01	4.576350e-01	6.372807e-01
	8.651405e-01	1.147574e+00	1.490375e+00	1.898506e+00	2.375836e+00
	2.924934e+00	3.546924e+00	4.241528e+00	5.007353e+00	5.841736e+00
	6.739363e+00	7.690282e+00	8.678626e+00	9.682703e+00	1.067702e+01
	1.163521e+01	1.253148e+01	1.334134e+01	1.404304e+01	1.461569e+01
	1.503301e+01	1.525972e+01	1.525654e+01	1.499494e+01	1.446832e+01
	1.369504e+01	1.271780e+01	1.159195e+01	1.037816e+01	9.136218e+00
	7.921955e+00	6.782557e+00	5.750714e+00	4.843279e+00	4.066496e+00
	3.420940e+00	2.901782e+00	2.496933e+00	2.187932e+00	1.955891e+00
	1.783719e+00	1.654855e+00	1.555860e+00	1.477213e+00	1.412462e+00
	1.357924e+00	1.311362e+00	1.271242e+00	1.236156e+00	1.204834e+00
	1.176412e+00	1.150257e+00	1.125886e+00	1.102939e+00	1.081136e+00
	1.060234e+00	1.040039e+00	1.020411e+00	1.001233e+00	9.824011e-01
	9.638422e-01	9.455082e-01	9.273333e-01	9.091556e-01	8.906622e-01
	8.714058e-01	8.508422e-01	8.281025e-01	8.021990e-01	7.730735e-01
	7.395652e-01	7.008192e-01	6.559587e-01	6.026289e-01	5.413189e-01
	4.730321e-01	4.008355e-01	3.317086e-01	2.699132e-01	2.153820e-01
	1.676018e-01	1.271437e-01	9.454599e-02	6.941764e-02	5.057519e-02
	3.670133e-02	2.661454e-02	1.934190e-02	1.410692e-02	1.031318e-02
	7.532061e-03	5.476967e-03	3.956302e-03	2.834881e-03	2.013332e-03
	1.416527e-03	9.869876e-04	6.807406e-04	4.644304e-04	3.131526e-04
	2.085380e-04	1.370702e-04	8.886764e-05	5.679649e-05	3.576503e-05
	2.218146e-05	1.354595e-05	8.144616e-06	4.821532e-06	2.810689e-06
	1.613811e-06	9.129275e-07	5.090036e-07	2.798201e-07	1.517358e-07
	8.119430e-08	4.289077e-08	2.237495e-08	1.153147e-08	5.875741e-09
	4.062606e-09
ZBilger
	1.000000e+00	9.999801e-01	9.999413e-01	9.998706e-01	9.997481e-01
	9.995451e-01	9.992215e-01	9.987243e-01	9.979873e-01	9.969319e-01
	9.954695e-01	9.935053e-01	9.909431e-01	9.876900e-01	9.836594e-01
	9.787741e-01	9.729683e-01	9.661879e-01	9.583908e-01	9.495461e-01
	9.396332e-01	9.286409e-01	9.165656e-01	9.034104e-01	8.891831e-01
	8.738944e-01	8.575540e-01	8.401636e-01	8.217051e-01	8.021395e-01
	7.814316e-01	7.595857e-01	7.366667e-01	7.128008e-01	6.881446e-01
	6.628360e-01	6.369757e-01	6.106152e-01	5.836863e-01	5.559587e-01
	5.271473e-01	4.971055e-01	4.659222e-01	4.338801e-01	4.014044e-01
	3.690272e-01	3.372871e-01	3.066263e-01	2.773607e-01	2.497377e-01
	2.239986e-01	2.003628e-01	1.789584e-01	1.598079e-01	1.429106e-01
	1.283064e-01	1.160331e-01	1.060213e-01	9.804486e-02	9.181923e-02
	8.704326e-02	8.336654e-02	8.047444e-02	7.813057e-02	7.616820e-02
	7.449217e-02	7.304506e-02	7.178726e-02	7.068022e-02	6.968768e-02
	6.878492e-02	6.795376e-02	6.718031e-02	6.645425e-02	6.576767e-02
	6.511364e-02	6.448671e-02	6.388292e-02	6.329884e-02	6.273117e-02
	6.217715e-02	6.163439e-02	6.109956e-02	6.056615e-02	6.002288e-02
	5.945402e-02	5.883999e-02	5.814958e-02	5.734467e-02	5.641237e-02
	5.530063e-02	5.396025e-02	5.233171e-02	5.028298e-02	4.776332e-02
	4.472115e-02	4.118629e-02	3.742875e-02	3.367736e-02	2.995860e-02
	2.627023e-02	2.270685e-02	1.940892e-02	1.647215e-02	1.391774e-02
	1.172668e-02	9.868413e-03	8.305308e-03	6.994055e-03	5.888679e-03
	4.947281e-03	4.139325e-03	3.444493e-03	2.848206e-03	2.339051e-03
	1.907198e-03	1.543617e-03	1.239781e-03	9.876658e-04	7.799966e-04
	6.103613e-04	4.730401e-04	3.629136e-04	2.754702e-04	2.067723e-04
	1.534071e-04	1.124424e-04	8.138530e-05	5.814146e-05	4.097487e-05
	2.846790e-05	1.948148e-05	1.311529e-05	8.669596e-06	5.609669e-06
	3.533895e-06	2.145737e-06	1.229973e-06	6.331426e-07	2.478514e-07
	0.000000e+00
ScalarDissRateBilger [1/s]
	8.809215e-07	1.931109e-06	6.870797e-06	2.213000e-05	6.566325e-05
	1.813146e-04	4.686052e-04	1.137181e-03	2.596661e-03	5.589474e-03
	1.136489e-02	2.187661e-02	3.997062e-02	6.952290e-02	1.154884e-01
	1.838313e-01	2.813271e-01	4.152498e-01	5.929727e-01	8.215195e-01
	1.107109e+00	1.454724e+00	1.867747e+00	2.347669e+00	2.893906e+00
	3.503737e+00	4.172385e+00	4.893319e+00	5.658782e+00	6.459819e+00
	7.285209e+00	8.120160e+00	8.946047e+00	9.741512e+00	1.048495e+01
	1.115708e+01	1.174184e+01	1.222646e+01	1.260161e+01	1.285924e+01
	1.298861e+01	1.297556e+01	1.280665e+01	1.247750e+01	1.199121e+01
	1.136004e+01	1.061198e+01	9.780374e+00	8.899106e+00	8.000514e+00
	7.115279e+00	6.270734e+00	5.487428e+00	4.777871e+00	4.149613e+00
	3.608200e+00	3.156404e+00	2.791226e+00	2.503039e+00	2.279954e+00
	2.109729e+00	1.978715e+00	1.874820e+00	1.788905e+00	1.714399e+00
	1.647433e+00	1.585764e+00	1.528112e+00	1.473373e+00	1.420478e+00
	1.368780e+00	1.317845e+00	1.267362e+00	1.217161e+00	1.167210e+00
	1.117575e+00	1.068525e+00	1.020589e+00	9.744974e-01	9.311360e-01
	8.914946e-01	8.565293e-01	8.269355e-01	8.029767e-01	7.845284e-01
	7.712765e-01	7.628117e-01	7.584898e-01	7.573024e-01	7.574301e-01
	7.562106e-01	7.507116e-01	7.383890e-01	7.167611e-01	6.845326e-01
	6.404047e-01	5.835479e-01	5.172356e-01	4.460336e-01	3.725671e-01
	2.996394e-01	2.319226e-01	1.739901e-01	1.278964e-01	9.292716e-02
	6.713400e-02	4.838355e-02	3.485626e-02	2.512444e-02	1.809680e-02
	1.298191e-02	9.243716e-03	6.518343e-03	4.545435e-03	3.131797e-03
	2.130971e-03	1.431398e-03	9.486737e-04	6.198307e-04	3.988148e-04
	2.524698e-04	1.571104e-04	9.601240e-05	5.756251e-05	3.382436e-05
	1.946310e-05	1.095806e-05	6.032190e-06	3.244472e-06	1.703990e-06
	8.733291e-07	4.365319e-07	2.126818e-07	1.009462e-07	4.665721e-08
	2.099779e-08	9.206436e-09	3.939585e-09	1.652155e-09	6.849609e-10
	4.197593e-10
ChiAnalytOverChiStoich
	1.000000e-10	1.000000e-10	1.000000e-10	1.000000e-10	1.000000e-10
	1.000000e-10	1.000000e-10	1.000000e-10	1.000000e-10	6.466008e-03
	1.748672e-02	3.418559e-02	5.914909e-02	9.585619e-02	1.487722e-01
	2.233390e-01	3.258323e-01	4.630807e-01	6.420648e-01	8.694354e-01
	1.151006e+00	1.491283e+00	1.893073e+00	2.357237e+00	2.882574e+00
	3.465901e+00	4.102274e+00	4.785454e+00	5.508542e+00	6.264095e+00
	7.043106e+00	7.833702e+00	8.620686e+00	9.386258e+00	1.011196e+01
	1.078079e+01	1.137783e+01	1.189024e+01	1.230770e+01	1.262054e+01
	1.281568e+01	1.287533e+01	1.278101e+01	1.251995e+01	1.209012e+01
	1.150326e+01	1.078384e+01	9.963940e+00	9.077790e+00	8.159513e+00
	7.242916e+00	6.359511e+00	5.534395e+00	4.784334e+00	4.120483e+00
	3.551012e+00	3.079803e+00	2.703252e+00	2.409983e+00	2.186166e+00
	2.017952e+00	1.890746e+00	1.792200e+00	1.713373e+00	1.648125e+00
	1.592959e+00	1.545758e+00	1.505064e+00	1.469510e+00	1.437845e+00
	1.409223e+00	1.383024e+00	1.358776e+00	1.336133e+00	1.314828e+00
	1.294630e+00	1.275361e+00	1.256887e+00	1.239097e+00	1.221882e+00
	1.205155e+00	1.188838e+00	1.172829e+00	1.156931e+00	1.140811e+00
	1.124010e+00	1.105964e+00	1.085788e+00	1.062419e+00	1.035560e+00
	1.003830e+00	9.660134e-01	9.207278e-01	8.648158e-01	7.977235e-01
	7.192774e-01	6.318160e-01	5.434318e-01	4.601802e-01	3.828565e-01
	3.115711e-01	2.480948e-01	1.943141e-01	1.506328e-01	1.159983e-01
	8.887114e-02	6.778912e-02	5.145922e-02	3.877100e-02	2.880411e-02
	2.084971e-02	1.441957e-02	9.186005e-03	4.915204e-03	1.430973e-03
	1.000000e-10	1.000000e-10	1.000000e-10	1.000000e-10	1.000000e-10
	1.000000e-10	1.000000e-10	1.000000e-10	1.000000e-10	1.000000e-10
	1.000000e-10	1.000000e-10	1.000000e-10	1.000000e-10	1.000000e-10
	1.000000e-10	1.000000e-10	1.000000e-10	1.000000e-10	1.000000e-10
	1.000000e-10	1.000000e-10	1.000000e-10	1.000000e-10	1.000000e-10
	1.000000e-10
ChiKWOverChiKWStoich
	6.961627e-11	6.961832e-11	6.962148e-11	6.962638e-11	6.963392e-11
	6.964543e-11	6.966266e-11	6.968792e-11	6.972402e-11	4.511606e-03
	1.221308e-02	2.390636e-02	4.143093e-02	6.727817e-02	1.046741e-01
	1.575949e-01	2.306930e-01	3.291275e-01	4.583060e-01	6.235614e-01
	8.297983e-01	1.081147e+00	1.380661e+00	1.730096e+00	2.129781e+00
	2.578611e+00	3.074161e+00	3.612984e+00	4.191080e+00	4.803960e+00
	5.445814e+00	6.108333e+00	6.780153e+00	7.447231e+00	8.094333e+00
	8.706837e+00	9.271364e+00	9.775953e+00	1.021074e+01	1.056672e+01
	1.083199e+01	1.098973e+01	1.102111e+01	1.091087e+01	1.065188e+01
	1.024825e+01	9.715603e+00	9.077709e+00	8.362048e+00	7.597687e+00
	6.814942e+00	6.043570e+00	5.308850e+00	4.629298e+00	4.018590e+00
	3.487664e+00	3.043300e+00	2.684807e+00	2.403446e+00	2.187407e+00
	2.024273e+00	1.900460e+00	1.804268e+00	1.727142e+00	1.663172e+00
	1.608984e+00	1.562535e+00	1.522415e+00	1.487293e+00	1.455947e+00
	1.427545e+00	1.401474e+00	1.377270e+00	1.354584e+00	1.333148e+00
	1.312730e+00	1.293142e+00	1.274249e+00	1.255933e+00	1.238085e+00
	1.220613e+00	1.203444e+00	1.186481e+00	1.169529e+00	1.152245e+00
	1.134151e+00	1.114653e+00	1.092810e+00	1.067495e+00	1.038421e+00
	1.004138e+00	9.633884e-01	9.147452e-01	8.549001e-01	7.833728e-01
	7.001311e-01	6.078789e-01	5.154047e-01	4.292310e-01	3.502961e-01
	2.788030e-01	2.165310e-01	1.651335e-01	1.245917e-01	9.343009e-02
	6.978314e-02	5.197168e-02	3.858826e-02	2.848933e-02	2.077587e-02
	1.478372e-02	1.006446e-02	6.319203e-03	3.336613e-03	9.597410e-04
	6.634490e-11	6.570670e-11	6.514930e-11	6.466651e-11	6.425183e-11
	6.389885e-11	6.360120e-11	6.335256e-11	6.314682e-11	6.297823e-11
	6.284147e-11	6.273163e-11	6.264431e-11	6.257558e-11	6.252203e-11
	6.248071e-11	6.244912e-11	6.242519e-11	6.240723e-11	6.239385e-11
	6.238396e-11	6.237672e-11	6.237144e-11	6.236763e-11	6.236489e-11
	6.236294e-11
ChiKWFact
	6.961627e-01	6.961832e-01	6.962148e-01	6.962638e-01	6.963392e-01
	6.964543e-01	6.966266e-01	6.968792e-01	6.972402e-01	6.977421e-01
	6.984203e-01	6.993111e-01	7.004492e-01	7.018657e-01	7.035864e-01
	7.056307e-01	7.080115e-01	7.107346e-01	7.138001e-01	7.172027e-01
	7.209328e-01	7.249777e-01	7.293225e-01	7.339511e-01	7.388470e-01
	7.439944e-01	7.493797e-01	7.549931e-01	7.608328e-01	7.669041e-01
	7.732119e-01	7.797505e-01	7.864981e-01	7.934186e-01	8.004713e-01
	8.076251e-01	8.148625e-01	8.221831e-01	8.296223e-01	8.372640e-01
	8.452134e-01	8.535495e-01	8.623042e-01	8.714792e-01	8.810398e-01
	8.908992e-01	9.009407e-01	9.110561e-01	9.211545e-01	9.311446e-01
	9.409113e-01	9.503198e-01	9.592466e-01	9.675951e-01	9.752717e-01
	9.821607e-01	9.881475e-01	9.931767e-01	9.972874e-01	1.000568e+00
	1.003133e+00	1.005138e+00	1.006734e+00	1.008036e+00	1.009130e+00
	1.010060e+00	1.010854e+00	1.011529e+00	1.012102e+00	1.012590e+00
	1.013001e+00	1.013341e+00	1.013611e+00	1.013809e+00	1.013934e+00
	1.013980e+00	1.013942e+00	1.013813e+00	1.013588e+00	1.013260e+00
	1.012826e+00	1.012286e+00	1.011640e+00	1.010889e+00	1.010023e+00
	1.009022e+00	1.007857e+00	1.006467e+00	1.004777e+00	1.002762e+00
	1.000307e+00	9.972827e-01	9.935023e-01	9.885343e-01	9.820103e-01
	9.733812e-01	9.621137e-01	9.484256e-01	9.327453e-01	9.149542e-01
	8.948297e-01	8.727752e-01	8.498274e-01	8.271225e-01	8.054434e-01
	7.852171e-01	7.666670e-01	7.498803e-01	7.348103e-01	7.212813e-01
	7.090610e-01	6.979725e-01	6.879164e-01	6.788351e-01	6.706911e-01
	6.634490e-01	6.570670e-01	6.514930e-01	6.466651e-01	6.425183e-01
	6.389885e-01	6.360120e-01	6.335256e-01	6.314682e-01	6.297823e-01
	6.284147e-01	6.273163e-01	6.264431e-01	6.257558e-01	6.252203e-01
	6.248071e-01	6.244912e-01	6.242519e-01	6.240723e-01	6.239385e-01
	6.238396e-01	6.237672e-01	6.237144e-01	6.236763e-01	6.236489e-01
	6.236294e-01
MolarMass [kg/kmole]
	1.604300e+01	1.604227e+01	1.604146e+01	1.604064e+01	1.603990e+01
	1.603941e+01	1.603943e+01	1.604028e+01	1.604241e+01	1.604635e+01
	1.605271e+01	1.606216e+01	1.607542e+01	1.609317e+01	1.611610e+01
	1.614484e+01	1.617999e+01	1.622208e+01	1.627158e+01	1.632894e+01
	1.639453e+01	1.646872e+01	1.655183e+01	1.664418e+01	1.674607e+01
	1.685783e+01	1.697981e+01	1.711248e+01	1.725650e+01	1.741275e+01
	1.758220e+01	1.776556e+01	1.796310e+01	1.817455e+01	1.839932e+01
	1.863692e+01	1.888711e+01	1.915012e+01	1.942743e+01	1.972242e+01
	2.003950e+01	2.038209e+01	2.075118e+01	2.114539e+01	2.156122e+01
	2.199285e+01	2.243329e+01	2.287575e+01	2.331428e+01	2.374319e+01
	2.415629e+01	2.454724e+01	2.491087e+01	2.524385e+01	2.554345e+01
	2.580655e+01	2.603046e+01	2.621484e+01	2.636279e+01	2.647888e+01
	2.656830e+01	2.663736e+01	2.669184e+01	2.673616e+01	2.677344e+01
	2.680550e+01	2.683345e+01	2.685804e+01	2.688002e+01	2.690009e+01
	2.691873e+01	2.693631e+01	2.695312e+01	2.696936e+01	2.698523e+01
	2.700089e+01	2.701647e+01	2.703206e+01	2.704776e+01	2.706363e+01
	2.707971e+01	2.709602e+01	2.711258e+01	2.712950e+01	2.714705e+01
	2.716562e+01	2.718572e+01	2.720819e+01	2.723398e+01	2.726307e+01
	2.729652e+01	2.733506e+01	2.737954e+01	2.743245e+01	2.749394e+01
	2.756437e+01	2.764258e+01	2.772296e+01	2.780163e+01	2.787919e+01
	2.795686e+01	2.803393e+01	2.810851e+01	2.817906e+01	2.824504e+01
	2.830632e+01	2.836269e+01	2.841408e+01	2.846066e+01	2.850299e+01
	2.854176e+01	2.857749e+01	2.861044e+01	2.864075e+01	2.866846e+01
	2.869361e+01	2.871624e+01	2.873645e+01	2.875434e+01	2.877007e+01
	2.878377e+01	2.879560e+01	2.880572e+01	2.881430e+01	2.882152e+01
	2.882751e+01	2.883246e+01	2.883649e+01	2.883976e+01	2.884237e+01
	2.884444e+01	2.884608e+01	2.884735e+01	2.884834e+01	2.884910e+01
	2.884968e+01	2.885013e+01	2.885047e+01	2.885072e+01	2.885091e+01
	2.885106e+01
TotalEnthalpy [J/kg]
	-4.664239e+06	-4.664101e+06	-4.663878e+06	-4.663517e+06	-4.662942e+06
	-4.662042e+06	-4.660663e+06	-4.658603e+06	-4.655614e+06	-4.651399e+06
	-4.645628e+06	-4.637948e+06	-4.628003e+06	-4.615443e+06	-4.599940e+06
	-4.581191e+06	-4.558923e+06	-4.532896e+06	-4.502896e+06	-4.468737e+06
	-4.430253e+06	-4.387299e+06	-4.339743e+06	-4.287467e+06	-4.230358e+06
	-4.168305e+06	-4.101184e+06	-4.028831e+06	-3.950986e+06	-3.867290e+06
	-3.777379e+06	-3.681046e+06	-3.578352e+06	-3.469650e+06	-3.355466e+06
	-3.236288e+06	-3.112469e+06	-2.984157e+06	-2.850931e+06	-2.711541e+06
	-2.564401e+06	-2.408592e+06	-2.244453e+06	-2.073483e+06	-1.898252e+06
	-1.722048e+06	-1.548413e+06	-1.380486e+06	-1.220739e+06	-1.071211e+06
	-9.337613e+05	-8.099078e+05	-7.004067e+05	-6.051985e+05	-5.238765e+05
	-4.560235e+05	-4.010444e+05	-3.577941e+05	-3.245306e+05	-2.994563e+05
	-2.809019e+05	-2.671802e+05	-2.568944e+05	-2.490534e+05	-2.429999e+05
	-2.383679e+05	-2.349277e+05	-2.324992e+05	-2.309103e+05	-2.300140e+05
	-2.297019e+05	-2.298876e+05	-2.304992e+05	-2.314726e+05	-2.327476e+05
	-2.342662e+05	-2.359688e+05	-2.377907e+05	-2.396626e+05	-2.415118e+05
	-2.432614e+05	-2.448334e+05	-2.461558e+05	-2.471671e+05	-2.478077e+05
	-2.479979e+05	-2.476110e+05	-2.464312e+05	-2.441000e+05	-2.402356e+05
	-2.342380e+05	-2.254193e+05	-2.130355e+05	-1.958931e+05	-1.739407e+05
	-1.480984e+05	-1.210480e+05	-9.738888e+04	-7.976495e+04	-6.825149e+04
	-6.216365e+04	-6.034732e+04	-6.102598e+04	-6.238611e+04	-6.321559e+04
	-6.297368e+04	-6.150830e+04	-5.904723e+04	-5.588722e+04	-5.226859e+04
	-4.834835e+04	-4.423769e+04	-4.003449e+04	-3.583023e+04	-3.171042e+04
	-2.775077e+04	-2.401289e+04	-2.054126e+04	-1.736278e+04	-1.449048e+04
	-1.192755e+04	-9.668010e+03	-7.697897e+03	-5.998010e+03	-4.545911e+03
	-3.317381e+03	-2.287629e+03	-1.432249e+03	-7.279118e+02	-1.528564e+02
	3.127908e+02	6.868330e+02	9.849528e+02	1.220761e+03	1.405909e+03
	1.550236e+03	1.661956e+03	1.747846e+03	1.813431e+03	1.863152e+03
	1.900584e+03
trailer
Lewis numbers evaluated at maximum consumption
N2	-1
O2	1.00078
@ Z = 0.0491058
H	0.169299
@ Z = 0.0570411
OH	0.667264
@ Z = 0.0537236
O	0.653414
@ Z = 0.0513838
H2	0.278279
@ Z = 0.0462879
H2O	-1
HO2	1.00789
@ Z = 0.0496848
H2O2	0.987696
@ Z = 0.0199248
CO	1.00819
@ Z = 0.0442266
CO2	1.28585
@ Z = 0.0549711
CH	0.608008
@ Z = 0.0478487
CHO	1.14854
@ Z = 0.0462879
CH2	0.879783
@ Z = 0.0491058
CH2O	1.16056
@ Z = 0.0478487
CH3	0.916035
@ Z = 0.0502516
CH4	0.923296
@ Z = 0.0570411
C2H6	1.33711
@ Z = 0.0563156
C2H	1.18625
@ Z = 0.0491058
C2H2	1.20163
@ Z = 0.0513838
CHCO	0.806461
@ Z = 0.0502516
C3H3	1.62843
@ Z = 0.0508161
C2H3	1.21336
@ Z = 0.0513838
C2H4	1.21521
@ Z = 0.054338
C2H5	1.32371
@ Z = 0.0525359
C3H4	1.58934
@ Z = 0.0496848
C3H5	1.63415
@ Z = 0.0484999
C3H6	1.70632
@ Z = 0.053124
N-C3H7	1.71271
@ Z = 0.0519565
I-C3H7	1.7043
@ Z = 0.0478487
C3H8	1.71281
@ Z = 0.00780624
Lewis numbers evaluated at maximum formation
N2	-1
O2	0.999117
@ Z = 0.0126831
H	0.167567
@ Z = 0.0484999
OH	0.661045
@ Z = 0.0462879
O	0.644101
@ Z = 0.041365
H2	0.280694
@ Z = 0.0549711
H2O	0.743027
@ Z = 0.0502516
HO2	0.985209
@ Z = 0.0126831
H2O2	0.989934
@ Z = 0.0148459
CO	1.01869
@ Z = 0.0519565
CO2	1.27446
@ Z = 0.0462879
CH	0.611338
@ Z = 0.0519565
CHO	1.15542
@ Z = 0.0508161
CH2	0.88458
@ Z = 0.054338
CH2O	1.16686
@ Z = 0.0525359
CH3	0.919891
@ Z = 0.0578144
CH4	0.686161
@ Z = 0.540859
C2H6	1.33412
@ Z = 0.068465
C2H	1.19231
@ Z = 0.054338
C2H2	1.20429
@ Z = 0.061716
CHCO	0.810382
@ Z = 0.0578144
C3H3	1.63402
@ Z = 0.0563156
C2H3	1.21718
@ Z = 0.0570411
C2H4	1.21562
@ Z = 0.0630304
C2H5	1.32654
@ Z = 0.0586482
C3H4	1.59585
@ Z = 0.054338
C3H5	1.64226
@ Z = 0.053124
C3H6	1.70882
@ Z = 0.0586482
N-C3H7	1.71655
@ Z = 0.0563156
I-C3H7	1.70484
@ Z = 0.00780624
C3H8	-1
Lewis numbers evaluated at maximum mass fraction
N2	0.921281
@ Z = 7.7107e-07
O2	1.05235
@ Z = 7.7107e-07
H	0.166611
@ Z = 0.0453373
OH	0.654723
@ Z = 0.0394626
O	0.638839
@ Z = 0.0345343
H2	0.279999
@ Z = 0.0846743
H2O	0.747091
@ Z = 0.0586482
HO2	0.983158
@ Z = 0.0148459
H2O2	0.989934
@ Z = 0.0148459
CO	1.02117
@ Z = 0.061716
CO2	1.27745
@ Z = 0.0478487
CH	0.611681
@ Z = 0.0525359
CHO	1.15611
@ Z = 0.0513838
CH2	0.884881
@ Z = 0.0549711
CH2O	1.16739
@ Z = 0.053124
CH3	0.91988
@ Z = 0.0605709
CH4	1.0288
@ Z = 0.999976
C2H6	1.28995
@ Z = 0.186293
C2H	1.19266
@ Z = 0.0549711
C2H2	1.18684
@ Z = 0.101705
CHCO	0.808525
@ Z = 0.068465
C3H3	1.63421
@ Z = 0.0570411
C2H3	1.21728
@ Z = 0.0578144
C2H4	1.2136
@ Z = 0.068465
C2H5	1.32633
@ Z = 0.0605709
C3H4	1.59628
@ Z = 0.0549711
C3H5	1.64288
@ Z = 0.0537236
C3H6	1.60907
@ Z = 0.540859
N-C3H7	1.65537
@ Z = 0.733796
I-C3H7	1.7043
@ Z = 0.0478487
C3H8	1.78958
@ Z = 0.975987
