header

title = "planar counterflow diffusion flame"
author = ""
date = "Wed Aug 14 11:00:34 2013"

fuel = "CH4"
pressure = 1 [bar]
strainrate = 60 [1/s]
chiStoichAnal = 1.47728 [1/s]
chiStoichAnalKW = 2.35213 [1/s]
FlameLocZ = 0.0550044 [K]
FlameLocBilger = 0.0653527 [K]
Tmax = 2091.61 [K]
stoichScalarDissRate = 2.58686 [1/s]
stoichScalarDissRateBilger = 1.80046 [1/s]

OxidizerSide
begin
	Temperature = 300 [K]
	Massfraction-N2 = 0.76708
	Massfraction-O2 = 0.23292
	Molefraction-N2 = 0.79
	Molefraction-O2 = 0.21
end

FuelSide
begin
	Temperature = 300 [K]
	Massfraction-CH4 = 1
	Molefraction-CH4 = 1
end

numOfSpecies = 31
gridPoints = 141

body
eta
	0.000000e+00	1.088220e-01	2.167569e-01	3.226965e-01	4.257042e-01
	5.252229e-01	6.208703e-01	7.123391e-01	7.994192e-01	8.820105e-01
	9.601229e-01	1.033864e+00	1.103422e+00	1.169042e+00	1.231004e+00
	1.289608e+00	1.345158e+00	1.397950e+00	1.448270e+00	1.496386e+00
	1.542549e+00	1.586990e+00	1.629927e+00	1.671559e+00	1.712076e+00
	1.751661e+00	1.790497e+00	1.828769e+00	1.866659e+00	1.904335e+00
	1.941918e+00	1.979491e+00	2.017099e+00	2.054722e+00	2.092285e+00
	2.129728e+00	2.167067e+00	2.204431e+00	2.242168e+00	2.280898e+00
	2.321372e+00	2.364096e+00	2.409002e+00	2.455472e+00	2.502719e+00
	2.550150e+00	2.597439e+00	2.644389e+00	2.690890e+00	2.736926e+00
	2.782436e+00	2.827145e+00	2.870534e+00	2.911931e+00	2.950601e+00
	2.985836e+00	3.017030e+00	3.043894e+00	3.066606e+00	3.085641e+00
	3.101587e+00	3.115055e+00	3.126605e+00	3.136687e+00	3.145624e+00
	3.153637e+00	3.160888e+00	3.167502e+00	3.173574e+00	3.179185e+00
	3.184423e+00	3.189368e+00	3.194065e+00	3.198527e+00	3.202774e+00
	3.206850e+00	3.210801e+00	3.214647e+00	3.218402e+00	3.222096e+00
	3.225762e+00	3.229419e+00	3.233075e+00	3.236731e+00	3.240391e+00
	3.244066e+00	3.247789e+00	3.251625e+00	3.255670e+00	3.260055e+00
	3.264958e+00	3.270637e+00	3.277487e+00	3.286109e+00	3.297417e+00
	3.312726e+00	3.333290e+00	3.358985e+00	3.387954e+00	3.418366e+00
	3.449875e+00	3.483292e+00	3.519838e+00	3.560471e+00	3.605254e+00
	3.653384e+00	3.703893e+00	3.756292e+00	3.810404e+00	3.865806e+00
	3.921883e+00	3.978371e+00	4.035648e+00	4.094529e+00	4.155811e+00
	4.219935e+00	4.286944e+00	4.356690e+00	4.428990e+00	4.503711e+00
	4.580787e+00	4.660203e+00	4.741965e+00	4.826085e+00	4.912570e+00
	5.001409e+00	5.092571e+00	5.185999e+00	5.281609e+00	5.379291e+00
	5.478910e+00	5.580312e+00	5.683327e+00	5.787778e+00	5.893486e+00
	6.000276e+00	6.107982e+00	6.216451e+00	6.325519e+00	6.434907e+00
	6.544325e+00
y [m]
	-5.449199e-03	-5.347788e-03	-5.247180e-03	-5.148397e-03	-5.052295e-03
	-4.959369e-03	-4.869942e-03	-4.784258e-03	-4.702463e-03	-4.624589e-03
	-4.550563e-03	-4.480215e-03	-4.413301e-03	-4.349523e-03	-4.288555e-03
	-4.230056e-03	-4.173684e-03	-4.119109e-03	-4.066011e-03	-4.014091e-03
	-3.963065e-03	-3.912665e-03	-3.862635e-03	-3.812729e-03	-3.762707e-03
	-3.712322e-03	-3.661315e-03	-3.609405e-03	-3.556290e-03	-3.501671e-03
	-3.445286e-03	-3.386921e-03	-3.326408e-03	-3.263683e-03	-3.198795e-03
	-3.131786e-03	-3.062581e-03	-2.990885e-03	-2.915940e-03	-2.836315e-03
	-2.750126e-03	-2.655780e-03	-2.552822e-03	-2.442101e-03	-2.325093e-03
	-2.203050e-03	-2.076736e-03	-1.946701e-03	-1.813328e-03	-1.676789e-03
	-1.537414e-03	-1.396260e-03	-1.255305e-03	-1.117236e-03	-9.851636e-04
	-8.622803e-04	-7.515161e-04	-6.546787e-04	-5.717946e-04	-5.016298e-04
	-4.423722e-04	-3.919883e-04	-3.485413e-04	-3.104395e-04	-2.765315e-04
	-2.460247e-04	-2.183377e-04	-1.930164e-04	-1.697159e-04	-1.481400e-04
	-1.279663e-04	-1.088916e-04	-9.075043e-05	-7.350127e-05	-5.707190e-05
	-4.129153e-05	-2.599357e-05	-1.110119e-05	3.438402e-06	1.773316e-05
	3.190679e-05	4.603312e-05	6.013372e-05	7.421147e-05	8.827401e-05
	1.023618e-04	1.165973e-04	1.312175e-04	1.465807e-04	1.631673e-04
	1.816280e-04	2.028964e-04	2.283698e-04	2.601587e-04	3.013767e-04
	3.563084e-04	4.285019e-04	5.160952e-04	6.112582e-04	7.069307e-04
	8.013399e-04	8.961271e-04	9.934869e-04	1.094126e-03	1.196142e-03
	1.296064e-03	1.391090e-03	1.480229e-03	1.563480e-03	1.640720e-03
	1.711845e-03	1.777365e-03	1.838458e-03	1.896499e-03	1.952567e-03
	2.007241e-03	2.060721e-03	2.113079e-03	2.164407e-03	2.214857e-03
	2.264635e-03	2.313964e-03	2.363071e-03	2.412163e-03	2.461429e-03
	2.511027e-03	2.561087e-03	2.611708e-03	2.662959e-03	2.714878e-03
	2.767480e-03	2.820751e-03	2.874662e-03	2.929167e-03	2.984210e-03
	3.039728e-03	3.095660e-03	3.151942e-03	3.208502e-03	3.265204e-03
	3.321906e-03
f
	-3.529277e+00	-3.383339e+00	-3.238583e+00	-3.096487e+00	-2.958301e+00
	-2.824758e+00	-2.696353e+00	-2.573477e+00	-2.456383e+00	-2.345175e+00
	-2.239805e+00	-2.140090e+00	-2.045742e+00	-1.956396e+00	-1.871638e+00
	-1.791033e+00	-1.714142e+00	-1.640534e+00	-1.569798e+00	-1.501543e+00
	-1.435405e+00	-1.371040e+00	-1.308127e+00	-1.246362e+00	-1.185452e+00
	-1.125110e+00	-1.065038e+00	-1.004928e+00	-9.444609e-01	-8.833344e-01
	-8.213048e-01	-7.581907e-01	-6.938696e-01	-6.283348e-01	-5.616918e-01
	-4.940336e-01	-4.253296e-01	-3.553383e-01	-2.833942e-01	-2.082473e-01
	-1.283247e-01	-4.245946e-02	4.936567e-02	1.459650e-01	2.456636e-01
	3.470859e-01	4.493504e-01	5.518138e-01	6.540084e-01	7.556587e-01
	8.563968e-01	9.553823e-01	1.051255e+00	1.142361e+00	1.226983e+00
	1.303560e+00	1.370849e+00	1.428364e+00	1.476639e+00	1.516831e+00
	1.550300e+00	1.578417e+00	1.602414e+00	1.623269e+00	1.641681e+00
	1.658128e+00	1.672958e+00	1.686442e+00	1.698784e+00	1.710157e+00
	1.720743e+00	1.730712e+00	1.740157e+00	1.749107e+00	1.757605e+00
	1.765745e+00	1.773615e+00	1.781259e+00	1.788708e+00	1.796019e+00
	1.803258e+00	1.810464e+00	1.817652e+00	1.824824e+00	1.831987e+00
	1.839164e+00	1.846419e+00	1.853874e+00	1.861715e+00	1.870191e+00
	1.879638e+00	1.890541e+00	1.903629e+00	1.920010e+00	1.941328e+00
	1.969880e+00	2.007670e+00	2.054008e+00	2.105124e+00	2.157555e+00
	2.210570e+00	2.265358e+00	2.323617e+00	2.386428e+00	2.453407e+00
	2.522984e+00	2.593570e+00	2.664431e+00	2.735342e+00	2.805828e+00
	2.875256e+00	2.943478e+00	3.011105e+00	3.079193e+00	3.148711e+00
	3.220177e+00	3.293667e+00	3.369060e+00	3.446217e+00	3.525067e+00
	3.605616e+00	3.687921e+00	3.772061e+00	3.858118e+00	3.946161e+00
	4.036240e+00	4.128374e+00	4.222556e+00	4.318740e+00	4.416854e+00
	4.516793e+00	4.618427e+00	4.721608e+00	4.826175e+00	4.931962e+00
	5.038804e+00	5.146543e+00	5.255032e+00	5.364110e+00	5.473501e+00
	5.582920e+00
df/deta
	1.341029e+00	1.341070e+00	1.341147e+00	1.341285e+00	1.341516e+00
	1.341892e+00	1.342480e+00	1.343369e+00	1.344663e+00	1.346484e+00
	1.348960e+00	1.352220e+00	1.356390e+00	1.361583e+00	1.367896e+00
	1.375412e+00	1.384193e+00	1.394288e+00	1.405730e+00	1.418540e+00
	1.432731e+00	1.448305e+00	1.465261e+00	1.483594e+00	1.503298e+00
	1.524367e+00	1.546805e+00	1.570621e+00	1.595833e+00	1.622451e+00
	1.650454e+00	1.679777e+00	1.710311e+00	1.741867e+00	1.774180e+00
	1.806973e+00	1.840018e+00	1.873179e+00	1.906501e+00	1.940242e+00
	1.974685e+00	2.009776e+00	2.044838e+00	2.078708e+00	2.110177e+00
	2.138324e+00	2.162541e+00	2.182408e+00	2.197644e+00	2.208067e+00
	2.213542e+00	2.214008e+00	2.209601e+00	2.200770e+00	2.188315e+00
	2.173337e+00	2.157130e+00	2.140917e+00	2.125561e+00	2.111516e+00
	2.098920e+00	2.087688e+00	2.077622e+00	2.068507e+00	2.060172e+00
	2.052493e+00	2.045379e+00	2.038751e+00	2.032551e+00	2.026722e+00
	2.021197e+00	2.015906e+00	2.010814e+00	2.005916e+00	2.001202e+00
	1.996627e+00	1.992149e+00	1.987747e+00	1.983410e+00	1.979107e+00
	1.974802e+00	1.970472e+00	1.966111e+00	1.961717e+00	1.957288e+00
	1.952810e+00	1.948244e+00	1.943510e+00	1.938488e+00	1.933009e+00
	1.926843e+00	1.919650e+00	1.910911e+00	1.899818e+00	1.885129e+00
	1.865034e+00	1.837753e+00	1.803381e+00	1.764535e+00	1.723972e+00
	1.682529e+00	1.639566e+00	1.594104e+00	1.545800e+00	1.495646e+00
	1.445609e+00	1.397511e+00	1.352316e+00	1.310441e+00	1.272275e+00
	1.238085e+00	1.207729e+00	1.180692e+00	1.156384e+00	1.134383e+00
	1.114506e+00	1.096708e+00	1.080958e+00	1.067182e+00	1.055263e+00
	1.045050e+00	1.036381e+00	1.029091e+00	1.023023e+00	1.018023e+00
	1.013949e+00	1.010669e+00	1.008059e+00	1.006010e+00	1.004422e+00
	1.003208e+00	1.002292e+00	1.001610e+00	1.001110e+00	1.000747e+00
	1.000489e+00	1.000306e+00	1.000180e+00	1.000094e+00	1.000037e+00
	1.000000e+00
Z
	1.000000e+00	9.999704e-01	9.999164e-01	9.998217e-01	9.996617e-01
	9.994017e-01	9.989948e-01	9.983820e-01	9.974933e-01	9.962502e-01
	9.945696e-01	9.923679e-01	9.895648e-01	9.860860e-01	9.818651e-01
	9.768439e-01	9.709725e-01	9.642078e-01	9.565132e-01	9.478565e-01
	9.382091e-01	9.275448e-01	9.158387e-01	9.030658e-01	8.892002e-01
	8.742123e-01	8.580660e-01	8.407159e-01	8.221084e-01	8.021911e-01
	7.809313e-01	7.583252e-01	7.344032e-01	7.092571e-01	6.830443e-01
	6.559387e-01	6.280808e-01	5.995348e-01	5.702018e-01	5.397654e-01
	5.078265e-01	4.742271e-01	4.393410e-01	4.040226e-01	3.692287e-01
	3.356835e-01	3.038270e-01	2.739259e-01	2.461160e-01	2.204219e-01
	1.968480e-01	1.754574e-01	1.563512e-01	1.396039e-01	1.252257e-01
	1.131512e-01	1.032469e-01	9.528628e-02	8.895249e-02	8.391475e-02
	7.987902e-02	7.659795e-02	7.387505e-02	7.156537e-02	6.956941e-02
	6.782013e-02	6.626960e-02	6.488164e-02	6.362919e-02	6.249010e-02
	6.144258e-02	6.046735e-02	5.955325e-02	5.869592e-02	5.788980e-02
	5.712489e-02	5.639189e-02	5.568617e-02	5.500443e-02	5.434096e-02
	5.368954e-02	5.304648e-02	5.241054e-02	5.178136e-02	5.115840e-02
	5.053969e-02	4.991978e-02	4.928848e-02	4.863083e-02	4.792721e-02
	4.715176e-02	4.626818e-02	4.522350e-02	4.394031e-02	4.230987e-02
	4.019464e-02	3.751282e-02	3.440434e-02	3.120190e-02	2.815924e-02
	2.532455e-02	2.264032e-02	2.004605e-02	1.753194e-02	1.515228e-02
	1.298346e-02	1.106961e-02	9.408510e-03	7.978107e-03	6.758630e-03
	5.729749e-03	4.863619e-03	4.127985e-03	3.494298e-03	2.942756e-03
	2.462015e-03	2.045476e-03	1.687716e-03	1.383108e-03	1.125755e-03
	9.098046e-04	7.297793e-04	5.807120e-04	4.581703e-04	3.582280e-04
	2.774176e-04	2.126842e-04	1.613444e-04	1.210536e-04	8.977851e-05
	6.577309e-05	4.755593e-05	3.388754e-05	2.374646e-05	1.630437e-05
	1.090052e-05	7.016400e-06	4.251654e-06	2.302230e-06	9.413164e-07
	0.000000e+00
temperature [K]
	3.000000e+02	3.000342e+02	3.000966e+02	3.002060e+02	3.003907e+02
	3.006908e+02	3.011600e+02	3.018658e+02	3.028883e+02	3.043164e+02
	3.062434e+02	3.087621e+02	3.119601e+02	3.159167e+02	3.207004e+02
	3.263694e+02	3.329715e+02	3.405460e+02	3.491258e+02	3.587392e+02
	3.694128e+02	3.811728e+02	3.940476e+02	4.080697e+02	4.232780e+02
	4.397209e+02	4.574614e+02	4.765804e+02	4.971775e+02	5.193631e+02
	5.432389e+02	5.688898e+02	5.963783e+02	6.257122e+02	6.568364e+02
	6.896847e+02	7.242412e+02	7.605994e+02	7.990962e+02	8.404340e+02
	8.855776e+02	9.353638e+02	9.900493e+02	1.049167e+03	1.111783e+03
	1.176964e+03	1.243999e+03	1.312268e+03	1.381224e+03	1.450424e+03
	1.519336e+03	1.587095e+03	1.652482e+03	1.714125e+03	1.770709e+03
	1.821156e+03	1.864745e+03	1.901354e+03	1.931554e+03	1.956285e+03
	1.976559e+03	1.993337e+03	2.007446e+03	2.019522e+03	2.030009e+03
	2.039204e+03	2.047320e+03	2.054510e+03	2.060888e+03	2.066541e+03
	2.071554e+03	2.075993e+03	2.079882e+03	2.083214e+03	2.085988e+03
	2.088219e+03	2.089910e+03	2.091046e+03	2.091608e+03	2.091577e+03
	2.090927e+03	2.089627e+03	2.087654e+03	2.085000e+03	2.081675e+03
	2.077694e+03	2.073052e+03	2.067698e+03	2.061509e+03	2.054278e+03
	2.045687e+03	2.035239e+03	2.022157e+03	2.005205e+03	1.982443e+03
	1.950876e+03	1.907081e+03	1.849845e+03	1.781817e+03	1.706737e+03
	1.625886e+03	1.538140e+03	1.441759e+03	1.336598e+03	1.225978e+03
	1.115888e+03	1.011848e+03	9.167072e+02	8.313173e+02	7.560197e+02
	6.907364e+02	6.345637e+02	5.860034e+02	5.435632e+02	5.061778e+02
	4.732604e+02	4.444949e+02	4.196101e+02	3.982936e+02	3.801919e+02
	3.649373e+02	3.521746e+02	3.415750e+02	3.328397e+02	3.257008e+02
	3.199187e+02	3.152805e+02	3.115979e+02	3.087052e+02	3.064582e+02
	3.047326e+02	3.034225e+02	3.024392e+02	3.017094e+02	3.011738e+02
	3.007848e+02	3.005052e+02	3.003061e+02	3.001658e+02	3.000678e+02
	3.000000e+02
massfraction-N2
	1.000000e-60	2.432564e-05	6.873231e-05	1.469244e-04	2.793496e-04
	4.951901e-04	8.338042e-04	1.345045e-03	2.088336e-03	3.130405e-03
	4.542035e-03	6.394392e-03	8.755614e-03	1.168809e-02	1.524674e-02
	1.947822e-02	2.442096e-02	3.010571e-02	3.655654e-02	4.379188e-02
	5.182564e-02	6.066830e-02	7.032793e-02	8.081125e-02	9.212492e-02
	1.042774e-01	1.172818e-01	1.311575e-01	1.459295e-01	1.616214e-01
	1.782403e-01	1.957712e-01	2.141741e-01	2.333646e-01	2.532130e-01
	2.735829e-01	2.943690e-01	3.155275e-01	3.371384e-01	3.594420e-01
	3.827399e-01	4.071623e-01	4.324674e-01	4.580751e-01	4.833356e-01
	5.077574e-01	5.310465e-01	5.530249e-01	5.736001e-01	5.927528e-01
	6.104716e-01	6.266941e-01	6.413211e-01	6.542662e-01	6.654869e-01
	6.749976e-01	6.828674e-01	6.892440e-01	6.943544e-01	6.984455e-01
	7.017415e-01	7.044343e-01	7.066782e-01	7.085876e-01	7.102413e-01
	7.116923e-01	7.129783e-01	7.141277e-01	7.151620e-01	7.160988e-01
	7.169557e-01	7.177483e-01	7.184859e-01	7.191721e-01	7.198122e-01
	7.204145e-01	7.209872e-01	7.215345e-01	7.220597e-01	7.225679e-01
	7.230646e-01	7.235533e-01	7.240354e-01	7.245117e-01	7.249829e-01
	7.254508e-01	7.259196e-01	7.263968e-01	7.268938e-01	7.274250e-01
	7.280099e-01	7.286756e-01	7.294621e-01	7.304287e-01	7.316604e-01
	7.332677e-01	7.353196e-01	7.377040e-01	7.401448e-01	7.424315e-01
	7.445259e-01	7.464781e-01	7.483447e-01	7.501506e-01	7.518787e-01
	7.534916e-01	7.549626e-01	7.562895e-01	7.574828e-01	7.585498e-01
	7.594975e-01	7.603394e-01	7.610949e-01	7.617834e-01	7.624177e-01
	7.630033e-01	7.635406e-01	7.640290e-01	7.644686e-01	7.648606e-01
	7.652073e-01	7.655115e-01	7.657764e-01	7.660052e-01	7.662013e-01
	7.663679e-01	7.665082e-01	7.666253e-01	7.667221e-01	7.668013e-01
	7.668656e-01	7.669171e-01	7.669580e-01	7.669902e-01	7.670152e-01
	7.670345e-01	7.670493e-01	7.670604e-01	7.670688e-01	7.670750e-01
	7.670796e-01
massfraction-O2
	1.000000e-60	5.492568e-08	1.548750e-07	3.303234e-07	6.265673e-07
	1.108005e-06	1.861133e-06	2.995008e-06	4.638910e-06	6.937043e-06
	1.004105e-05	1.410160e-05	1.926063e-05	2.564507e-05	3.336291e-05
	4.250126e-05	5.312638e-05	6.528492e-05	7.900601e-05	9.430372e-05
	1.111796e-04	1.296250e-04	1.496236e-04	1.711539e-04	1.941917e-04
	2.187140e-04	2.447048e-04	2.721581e-04	3.010759e-04	3.314540e-04
	3.632543e-04	3.963966e-04	4.307557e-04	4.661306e-04	5.022487e-04
	5.388409e-04	5.757105e-04	6.127814e-04	6.502005e-04	6.883889e-04
	7.278641e-04	7.688551e-04	8.109937e-04	8.533998e-04	8.951286e-04
	9.355245e-04	9.742642e-04	1.011213e-03	1.046383e-03	1.079926e-03
	1.112061e-03	1.142998e-03	1.172996e-03	1.202472e-03	1.232067e-03
	1.262596e-03	1.294865e-03	1.329519e-03	1.367046e-03	1.407760e-03
	1.451852e-03	1.499610e-03	1.551600e-03	1.608668e-03	1.671781e-03
	1.741919e-03	1.820105e-03	1.907457e-03	2.005099e-03	2.114287e-03
	2.236863e-03	2.375307e-03	2.531859e-03	2.707947e-03	2.905197e-03
	3.126718e-03	3.376530e-03	3.658091e-03	3.974817e-03	4.331867e-03
	4.735992e-03	5.193792e-03	5.710771e-03	6.291581e-03	6.940526e-03
	7.662977e-03	8.469003e-03	9.377695e-03	1.042092e-02	1.164720e-02
	1.312975e-02	1.498275e-02	1.738934e-02	2.064577e-02	2.522187e-02
	3.181606e-02	4.112276e-02	5.308400e-02	6.659505e-02	8.045231e-02
	9.417504e-02	1.078089e-01	1.214841e-01	1.350988e-01	1.482065e-01
	1.602557e-01	1.709266e-01	1.802086e-01	1.882224e-01	1.950744e-01
	2.008701e-01	2.057585e-01	2.099155e-01	2.134986e-01	2.166170e-01
	2.193331e-01	2.216829e-01	2.236965e-01	2.254055e-01	2.268435e-01
	2.280442e-01	2.290393e-01	2.298578e-01	2.305255e-01	2.310654e-01
	2.314980e-01	2.318411e-01	2.321104e-01	2.323193e-01	2.324796e-01
	2.326012e-01	2.326922e-01	2.327597e-01	2.328091e-01	2.328448e-01
	2.328704e-01	2.328886e-01	2.329013e-01	2.329101e-01	2.329162e-01
	2.329204e-01
massfraction-H
	1.000000e-60	7.874761e-18	1.701489e-17	2.744564e-17	3.916819e-17
	5.222018e-17	6.672843e-17	8.300400e-17	1.016953e-16	1.239870e-16
	1.518529e-16	1.884084e-16	2.384634e-16	3.094557e-16	4.130558e-16
	5.679211e-16	8.044165e-16	1.172736e-15	1.756971e-15	2.699670e-15
	4.245015e-15	6.815298e-15	1.114730e-14	1.853741e-14	3.128595e-14
	5.351233e-14	9.267209e-14	1.624194e-13	2.880570e-13	5.168333e-13
	9.367380e-13	1.708945e-12	3.117940e-12	5.632668e-12	9.953809e-12
	1.701899e-11	2.796920e-11	4.415957e-11	6.742344e-11	1.008118e-10
	1.498848e-10	2.245434e-10	3.413811e-10	5.269187e-10	8.237427e-10
	1.302619e-09	2.082883e-09	3.366891e-09	5.504222e-09	9.114587e-09
	1.530917e-08	2.606116e-08	4.480071e-08	7.731396e-08	1.329134e-07
	2.255297e-07	3.736621e-07	5.986656e-07	9.229727e-07	1.368721e-06
	1.957509e-06	2.713441e-06	3.667417e-06	4.858228e-06	6.327771e-06
	8.113406e-06	1.024279e-05	1.273080e-05	1.557553e-05	1.876243e-05
	2.227993e-05	2.612079e-05	3.025684e-05	3.462823e-05	3.917661e-05
	4.387329e-05	4.869670e-05	5.360164e-05	5.853525e-05	6.346404e-05
	6.836073e-05	7.317943e-05	7.785507e-05	8.231830e-05	8.650709e-05
	9.037680e-05	9.390950e-05	9.710870e-05	9.998049e-05	1.025101e-04
	1.046409e-04	1.062454e-04	1.070690e-04	1.066302e-04	1.040836e-04
	9.814663e-05	8.765027e-05	7.318493e-05	5.748986e-05	4.311372e-05
	3.099089e-05	2.112776e-05	1.337430e-05	7.665023e-06	3.904308e-06
	1.759142e-06	7.040810e-07	2.521110e-07	8.216389e-08	2.545683e-08
	8.056878e-09	2.800946e-09	1.106266e-09	4.893818e-10	2.345880e-10
	1.188021e-10	6.273134e-11	3.430806e-11	1.934606e-11	1.120153e-11
	6.631925e-12	3.998531e-12	2.445409e-12	1.511359e-12	9.406077e-13
	5.875011e-13	3.670838e-13	2.287275e-13	1.416844e-13	8.697576e-14
	5.273058e-14	3.144922e-14	1.836240e-14	1.042795e-14	5.706287e-15
	2.965393e-15	1.427976e-15	6.083038e-16	2.065810e-16	4.047127e-17
	1.000000e-60
massfraction-OH
	1.000000e-60	4.415854e-23	2.958247e-22	1.195311e-21	3.913581e-21
	1.137825e-20	3.047917e-20	7.651006e-20	1.816626e-19	4.106587e-19
	8.888571e-19	1.852160e-18	3.735042e-18	7.324816e-18	1.402986e-17
	2.634111e-17	4.861648e-17	8.839661e-17	1.585812e-16	2.809788e-16
	4.920209e-16	8.518467e-16	1.458608e-15	2.470856e-15	4.142572e-15
	6.878456e-15	1.132295e-14	1.850711e-14	3.009825e-14	4.883645e-14
	7.932492e-14	1.295680e-13	2.140930e-13	3.601590e-13	6.196943e-13
	1.091406e-12	1.960474e-12	3.572519e-12	6.592680e-12	1.238979e-11
	2.398085e-11	4.831103e-11	1.016467e-10	2.219093e-10	4.953925e-10
	1.112796e-09	2.486077e-09	5.488684e-09	1.195265e-08	2.571480e-08
	5.476602e-08	1.153954e-07	2.396407e-07	4.876183e-07	9.653218e-07
	1.844527e-06	3.371672e-06	5.854514e-06	9.641728e-06	1.510503e-05
	2.263569e-05	3.268829e-05	4.585360e-05	6.289955e-05	8.472780e-05
	1.122695e-04	1.463923e-04	1.878214e-04	2.370341e-04	2.942920e-04
	3.599118e-04	4.343291e-04	5.176303e-04	6.092783e-04	7.087327e-04
	8.161113e-04	9.317943e-04	1.055687e-03	1.187494e-03	1.327408e-03
	1.475837e-03	1.632625e-03	1.796787e-03	1.966737e-03	2.140561e-03
	2.316449e-03	2.493395e-03	2.671538e-03	2.851881e-03	3.035595e-03
	3.223432e-03	3.415013e-03	3.607196e-03	3.790410e-03	3.941836e-03
	4.015607e-03	3.939441e-03	3.658020e-03	3.199785e-03	2.652392e-03
	2.087731e-03	1.546457e-03	1.058067e-03	6.543728e-04	3.623074e-04
	1.826804e-04	8.749526e-05	4.194942e-05	2.117693e-05	1.164515e-05
	7.019513e-06	4.573716e-06	3.157366e-06	2.268987e-06	1.676518e-06
	1.264180e-06	9.686934e-07	7.521631e-07	5.904447e-07	4.675855e-07
	3.727989e-07	2.986752e-07	2.400378e-07	1.932061e-07	1.555175e-07
	1.250117e-07	1.002214e-07	8.002942e-08	6.357075e-08	5.016448e-08
	3.926589e-08	3.043274e-08	2.330157e-08	1.757083e-08	1.298894e-08
	9.345508e-09	6.464681e-09	4.200010e-09	2.430484e-09	1.057650e-09
	1.000000e-60
massfraction-O
	1.000000e-60	1.257532e-22	3.208856e-22	6.007424e-22	9.715197e-22
	1.436856e-21	2.006328e-21	2.702347e-21	3.567554e-21	4.676638e-21
	6.156194e-21	8.217200e-21	1.120974e-20	1.571906e-20	2.273860e-20
	3.398565e-20	5.248268e-20	8.363710e-20	1.372633e-19	2.313967e-19
	3.995301e-19	7.044020e-19	1.264349e-18	2.303780e-18	4.249993e-18
	7.919387e-18	1.487713e-17	2.813449e-17	5.350173e-17	1.021832e-16
	1.956022e-16	3.740352e-16	7.112488e-16	1.337528e-15	2.475733e-15
	4.505682e-15	8.093192e-15	1.445671e-14	2.594828e-14	4.739072e-14
	8.916059e-14	1.739848e-13	3.509297e-13	7.226700e-13	1.499277e-12
	3.109466e-12	6.430534e-12	1.325898e-11	2.730573e-11	5.637497e-11
	1.170950e-10	2.448234e-10	5.136298e-10	1.074738e-09	2.224531e-09
	4.509334e-09	8.847584e-09	1.663426e-08	2.985432e-08	5.124050e-08
	8.455060e-08	1.352088e-07	2.114966e-07	3.262846e-07	4.991005e-07
	7.584586e-07	1.144686e-06	1.713038e-06	2.535986e-06	3.706554e-06
	5.348063e-06	7.625419e-06	1.074020e-05	1.491472e-05	2.040518e-05
	2.754574e-05	3.675359e-05	4.847685e-05	6.318891e-05	8.145698e-05
	1.039378e-04	1.312557e-04	1.638776e-04	2.020543e-04	2.458061e-04
	2.950038e-04	3.496217e-04	4.100027e-04	4.769774e-04	5.518295e-04
	6.362915e-04	7.325990e-04	8.433514e-04	9.706440e-04	1.113393e-03
	1.261120e-03	1.382063e-03	1.427254e-03	1.371534e-03	1.233171e-03
	1.044447e-03	8.305808e-04	6.118176e-04	4.103644e-04	2.492536e-04
	1.401388e-04	7.664630e-05	4.317096e-05	2.605685e-05	1.706353e-05
	1.201902e-05	8.951563e-06	6.931204e-06	5.505615e-06	4.445778e-06
	3.629755e-06	2.987150e-06	2.472883e-06	2.055849e-06	1.713737e-06
	1.430234e-06	1.193339e-06	9.941281e-07	8.258799e-07	6.834444e-07
	5.627956e-07	4.607155e-07	3.745704e-07	3.021548e-07	2.415818e-07
	1.912095e-07	1.495911e-07	1.154439e-07	8.762889e-08	6.513803e-08
	4.708536e-08	3.269946e-08	2.131602e-08	1.237137e-08	5.397454e-09
	1.000000e-60
massfraction-H2
	1.000000e-60	1.022527e-05	2.295613e-05	3.846501e-05	5.694210e-05
	7.851774e-05	1.032338e-04	1.310184e-04	1.616909e-04	1.949811e-04
	2.305564e-04	2.680513e-04	3.070951e-04	3.473324e-04	3.884374e-04
	4.301219e-04	4.721369e-04	5.142720e-04	5.563524e-04	5.982341e-04
	6.398000e-04	6.809555e-04	7.216252e-04	7.617503e-04	8.012873e-04
	8.402086e-04	8.785051e-04	9.161846e-04	9.532637e-04	9.897486e-04
	1.025608e-03	1.060776e-03	1.095161e-03	1.128627e-03	1.161008e-03
	1.192186e-03	1.222130e-03	1.250920e-03	1.278796e-03	1.306172e-03
	1.333488e-03	1.360968e-03	1.388475e-03	1.415605e-03	1.441985e-03
	1.467444e-03	1.491998e-03	1.515741e-03	1.538793e-03	1.561293e-03
	1.583317e-03	1.604774e-03	1.625364e-03	1.644574e-03	1.661702e-03
	1.675923e-03	1.686461e-03	1.692856e-03	1.695118e-03	1.693607e-03
	1.688839e-03	1.681312e-03	1.671373e-03	1.659199e-03	1.644868e-03
	1.628431e-03	1.609949e-03	1.589502e-03	1.567218e-03	1.543243e-03
	1.517636e-03	1.490380e-03	1.461574e-03	1.431493e-03	1.400366e-03
	1.368195e-03	1.334914e-03	1.300598e-03	1.265362e-03	1.229170e-03
	1.191918e-03	1.153625e-03	1.114463e-03	1.074683e-03	1.034548e-03
	9.942422e-04	9.537215e-04	9.126391e-04	8.703758e-04	8.261253e-04
	7.789023e-04	7.274763e-04	6.703291e-04	6.057604e-04	5.322856e-04
	4.494357e-04	3.605667e-04	2.749484e-04	2.024415e-04	1.464515e-04
	1.048319e-04	7.443598e-05	5.304256e-05	3.914259e-05	3.104072e-05
	2.658713e-05	2.394745e-05	2.208898e-05	2.057292e-05	1.923964e-05
	1.803314e-05	1.692539e-05	1.589136e-05	1.490778e-05	1.395822e-05
	1.303572e-05	1.214034e-05	1.127451e-05	1.044041e-05	9.639108e-06
	8.870665e-06	8.134645e-06	7.430502e-06	6.757775e-06	6.116187e-06
	5.505654e-06	4.926253e-06	4.378166e-06	3.861606e-06	3.376744e-06
	2.923634e-06	2.502154e-06	2.111956e-06	1.752450e-06	1.422789e-06
	1.121891e-06	8.484639e-07	6.010511e-07	3.781214e-07	1.782747e-07
	1.000000e-60
massfraction-H2O
	1.000000e-60	7.899278e-06	2.203888e-05	4.646535e-05	8.707731e-05
	1.521043e-04	2.523872e-04	4.013130e-04	6.143961e-04	9.085018e-04
	1.300833e-03	1.807842e-03	2.444266e-03	3.222388e-03	4.151608e-03
	5.238285e-03	6.485828e-03	7.894944e-03	9.463986e-03	1.118935e-02
	1.306587e-02	1.508720e-02	1.724615e-02	1.953506e-02	2.194613e-02
	2.447186e-02	2.710566e-02	2.984207e-02	3.267657e-02	3.560409e-02
	3.861657e-02	4.170242e-02	4.484665e-02	4.802846e-02	5.122216e-02
	5.440413e-02	5.755850e-02	6.068064e-02	6.378467e-02	6.690643e-02
	7.008781e-02	7.334623e-02	7.665263e-02	7.994095e-02	8.314415e-02
	8.621956e-02	8.914981e-02	9.193000e-02	9.456272e-02	9.705623e-02
	9.941611e-02	1.016370e-01	1.037032e-01	1.055946e-01	1.072917e-01
	1.087790e-01	1.100474e-01	1.111009e-01	1.119608e-01	1.126562e-01
	1.132173e-01	1.136719e-01	1.140435e-01	1.143494e-01	1.146013e-01
	1.148067e-01	1.149705e-01	1.150968e-01	1.151884e-01	1.152480e-01
	1.152783e-01	1.152811e-01	1.152578e-01	1.152098e-01	1.151390e-01
	1.150461e-01	1.149316e-01	1.147955e-01	1.146382e-01	1.144587e-01
	1.142554e-01	1.140265e-01	1.137710e-01	1.134882e-01	1.131774e-01
	1.128375e-01	1.124651e-01	1.120528e-01	1.115881e-01	1.110519e-01
	1.104160e-01	1.096367e-01	1.086456e-01	1.073345e-01	1.055369e-01
	1.030139e-01	9.954104e-02	9.514807e-02	9.018024e-02	8.498695e-02
	7.967081e-02	7.415330e-02	6.832248e-02	6.216567e-02	5.585897e-02
	4.970011e-02	4.393594e-02	3.867011e-02	3.391830e-02	2.968394e-02
	2.595734e-02	2.269095e-02	1.980696e-02	1.722742e-02	1.489805e-02
	1.279285e-02	1.090288e-02	9.222492e-03	7.743113e-03	6.452415e-03
	5.335504e-03	4.376563e-03	3.559798e-03	2.869914e-03	2.292338e-03
	1.813307e-03	1.419931e-03	1.100232e-03	8.431937e-04	6.388051e-04
	4.780913e-04	3.531295e-04	2.570407e-04	1.839547e-04	1.289504e-04
	8.797424e-05	5.774498e-05	3.565039e-05	1.964666e-05	8.164826e-06
	1.000000e-60
massfraction-HO2
	1.000000e-60	2.166737e-11	6.118805e-11	1.307189e-10	2.483776e-10
	4.399895e-10	7.403334e-10	1.193378e-09	1.851399e-09	2.772886e-09
	4.019565e-09	5.653026e-09	7.731581e-09	1.030774e-08	1.342655e-08
	1.712487e-08	2.143126e-08	2.636649e-08	3.194432e-08	3.817250e-08
	4.505367e-08	5.258636e-08	6.076584e-08	6.958502e-08	7.903547e-08
	8.910879e-08	9.979862e-08	1.111014e-07	1.230145e-07	1.355285e-07
	1.486112e-07	1.621960e-07	1.761650e-07	1.903100e-07	2.042997e-07
	2.176727e-07	2.298365e-07	2.400700e-07	2.475330e-07	2.511987e-07
	2.496996e-07	2.413396e-07	2.246296e-07	1.992767e-07	1.667955e-07
	1.302672e-07	9.387531e-08	6.225267e-08	3.892156e-08	2.460436e-08
	1.729553e-08	1.415719e-08	1.320833e-08	1.358207e-08	1.506182e-08
	1.772001e-08	2.174731e-08	2.735506e-08	3.472766e-08	4.399480e-08
	5.522132e-08	6.844613e-08	8.372321e-08	1.011087e-07	1.205945e-07
	1.420676e-07	1.653478e-07	1.902533e-07	2.166329e-07	2.444382e-07
	2.738429e-07	3.052133e-07	3.388861e-07	3.750607e-07	4.140144e-07
	4.563137e-07	5.026536e-07	5.535744e-07	6.095658e-07	6.713758e-07
	7.399577e-07	8.161673e-07	9.006245e-07	9.937877e-07	1.096064e-06
	1.208051e-06	1.331095e-06	1.467906e-06	1.623057e-06	1.803491e-06
	2.019639e-06	2.287651e-06	2.633108e-06	3.096359e-06	3.738383e-06
	4.642431e-06	5.875678e-06	7.400595e-06	9.073897e-06	1.078245e-05
	1.252433e-05	1.437348e-05	1.642475e-05	1.870619e-05	2.099032e-05
	2.260357e-05	2.242226e-05	1.956945e-05	1.474532e-05	9.882146e-06
	6.247996e-06	3.922703e-06	2.510640e-06	1.647983e-06	1.106542e-06
	7.574367e-07	5.274813e-07	3.732497e-07	2.680405e-07	1.950700e-07
	1.436277e-07	1.067943e-07	8.003663e-08	6.033916e-08	4.566593e-08
	3.462206e-08	2.623860e-08	1.983323e-08	1.491878e-08	1.114211e-08
	8.242868e-09	6.025543e-09	4.340416e-09	3.070751e-09	2.124205e-09
	1.427091e-09	9.204752e-10	5.574301e-10	3.009924e-10	1.225400e-10
	1.000000e-60
massfraction-H2O2
	1.000000e-60	2.438688e-13	6.896604e-13	1.475590e-12	2.807997e-12
	4.981203e-12	8.391213e-12	1.353681e-11	2.100588e-11	3.144515e-11
	4.551616e-11	6.384354e-11	8.696349e-11	1.152789e-10	1.490264e-10
	1.882572e-10	2.328312e-10	2.824229e-10	3.365357e-10	3.945219e-10
	4.556047e-10	5.189011e-10	5.834431e-10	6.481965e-10	7.120777e-10
	7.739676e-10	8.327218e-10	8.871646e-10	9.360666e-10	9.781055e-10
	1.011841e-09	1.035758e-09	1.048336e-09	1.048149e-09	1.034029e-09
	1.005186e-09	9.611725e-10	9.017242e-10	8.263852e-10	7.340808e-10
	6.235221e-10	4.955113e-10	3.573842e-10	2.268999e-10	1.272682e-10
	6.842115e-11	3.824291e-11	2.165764e-11	1.210228e-11	7.019391e-12
	4.628403e-12	3.631797e-12	3.321852e-12	3.436933e-12	3.969426e-12
	5.100771e-12	7.262199e-12	1.129110e-11	1.868757e-11	3.196967e-11
	5.515611e-11	9.457823e-11	1.603127e-10	2.683623e-10	4.432738e-10
	7.206597e-10	1.149337e-09	1.792520e-09	2.726698e-09	4.040652e-09
	5.841094e-09	8.258567e-09	1.143516e-08	1.550517e-08	2.061067e-08
	2.694373e-08	3.474836e-08	4.428102e-08	5.582248e-08	6.974807e-08
	8.653928e-08	1.067175e-07	1.307846e-07	1.592050e-07	1.924021e-07
	2.308118e-07	2.750748e-07	3.262963e-07	3.862775e-07	4.577219e-07
	5.446201e-07	6.530026e-07	7.921621e-07	9.764485e-07	1.227739e-06
	1.578806e-06	2.068236e-06	2.722526e-06	3.556898e-06	4.611785e-06
	5.997377e-06	7.924495e-06	1.067238e-05	1.408458e-05	1.636247e-05
	1.575774e-05	1.353355e-05	1.123312e-05	9.303091e-06	7.744807e-06
	6.490157e-06	5.470538e-06	4.625988e-06	3.910708e-06	3.294721e-06
	2.760831e-06	2.299083e-06	1.902086e-06	1.563064e-06	1.275439e-06
	1.032946e-06	8.298252e-07	6.608849e-07	5.214747e-07	4.074342e-07
	3.150382e-07	2.409534e-07	1.822063e-07	1.361616e-07	1.005059e-07
	7.323361e-08	5.263115e-08	3.725855e-08	2.592685e-08	1.767215e-08
	1.172720e-08	7.492273e-09	4.506775e-09	2.423199e-09	9.842355e-10
	1.000000e-60
massfraction-CO
	1.000000e-60	1.387160e-06	3.929508e-06	8.423313e-06	1.606188e-05
	2.855517e-05	4.821817e-05	7.799336e-05	1.213982e-04	1.823904e-04
	2.651705e-04	3.739551e-04	5.127619e-04	6.852332e-04	8.945196e-04
	1.143219e-03	1.433368e-03	1.766471e-03	2.143549e-03	2.565203e-03
	3.031680e-03	3.542940e-03	4.098715e-03	4.698580e-03	5.342021e-03
	6.028553e-03	6.757866e-03	7.529925e-03	8.344909e-03	9.202813e-03
	1.010266e-02	1.104225e-02	1.201808e-02	1.302444e-02	1.405352e-02
	1.509757e-02	1.615080e-02	1.721088e-02	1.828181e-02	1.937545e-02
	2.050638e-02	2.168088e-02	2.288800e-02	2.410198e-02	2.529515e-02
	2.644802e-02	2.755039e-02	2.859705e-02	2.958609e-02	3.051826e-02
	3.139381e-02	3.220939e-02	3.295845e-02	3.363354e-02	3.422804e-02
	3.473752e-02	3.516054e-02	3.550099e-02	3.576891e-02	3.597702e-02
	3.613790e-02	3.626277e-02	3.636071e-02	3.643837e-02	3.650017e-02
	3.654881e-02	3.658573e-02	3.661127e-02	3.662476e-02	3.662463e-02
	3.660841e-02	3.657249e-02	3.651233e-02	3.642323e-02	3.630039e-02
	3.613805e-02	3.592958e-02	3.566877e-02	3.535005e-02	3.496683e-02
	3.451166e-02	3.397840e-02	3.336405e-02	3.266887e-02	3.189584e-02
	3.104877e-02	3.012804e-02	2.912665e-02	2.802868e-02	2.680973e-02
	2.543617e-02	2.386222e-02	2.202771e-02	1.986181e-02	1.730171e-02
	1.433807e-02	1.114821e-02	8.165036e-03	5.785124e-03	4.081879e-03
	2.911045e-03	2.110638e-03	1.565105e-03	1.196801e-03	9.478541e-04
	7.732060e-04	6.425641e-04	5.388061e-04	4.532938e-04	3.819487e-04
	3.224381e-04	2.726831e-04	2.306263e-04	1.945376e-04	1.632370e-04
	1.360477e-04	1.125723e-04	9.248412e-05	7.544783e-05	6.111524e-05
	4.914293e-05	3.921066e-05	3.102889e-05	2.433995e-05	1.891630e-05
	1.455777e-05	1.108880e-05	8.356081e-06	6.226521e-06	4.585530e-06
	3.335484e-06	2.394251e-06	1.693717e-06	1.178260e-06	8.031949e-07
	5.332159e-07	3.408846e-07	2.052207e-07	1.104460e-07	4.490317e-08
	1.000000e-60
massfraction-CO2
	1.000000e-60	7.177712e-07	2.211377e-06	5.197787e-06	1.091476e-05
	2.139327e-05	3.977670e-05	7.063307e-05	1.202010e-04	1.964978e-04
	3.092438e-04	4.695980e-04	6.897464e-04	9.824062e-04	1.360324e-03
	1.835824e-03	2.420449e-03	3.124700e-03	3.957889e-03	4.928069e-03
	6.042041e-03	7.305417e-03	8.722712e-03	1.029750e-02	1.203263e-02
	1.393054e-02	1.599377e-02	1.822533e-02	2.062864e-02	2.320637e-02
	2.595799e-02	2.887873e-02	3.195904e-02	3.518142e-02	3.852032e-02
	4.194894e-02	4.544588e-02	4.900042e-02	5.262300e-02	5.635114e-02
	6.023239e-02	6.428566e-02	6.846880e-02	7.268592e-02	7.683256e-02
	8.083258e-02	8.464325e-02	8.824071e-02	9.161431e-02	9.476411e-02
	9.768999e-02	1.003817e-01	1.028210e-01	1.049903e-01	1.068781e-01
	1.084829e-01	1.098131e-01	1.108919e-01	1.117575e-01	1.124520e-01
	1.130139e-01	1.134762e-01	1.138653e-01	1.142012e-01	1.144974e-01
	1.147634e-01	1.150057e-01	1.152296e-01	1.154388e-01	1.156366e-01
	1.158262e-01	1.160109e-01	1.161923e-01	1.163710e-01	1.165472e-01
	1.167224e-01	1.168975e-01	1.170724e-01	1.172462e-01	1.174181e-01
	1.175871e-01	1.177507e-01	1.179051e-01	1.180457e-01	1.181670e-01
	1.182635e-01	1.183294e-01	1.183579e-01	1.183384e-01	1.182537e-01
	1.180745e-01	1.177502e-01	1.171903e-01	1.162307e-01	1.145767e-01
	1.117327e-01	1.070906e-01	1.004554e-01	9.245092e-02	8.395687e-02
	7.543073e-02	6.695412e-02	5.852018e-02	5.024379e-02	4.242417e-02
	3.538980e-02	2.930753e-02	2.415474e-02	1.983133e-02	1.624432e-02
	1.330273e-02	1.089866e-02	8.918839e-03	7.267818e-03	5.879517e-03
	4.713308e-03	3.742151e-03	2.942791e-03	2.292479e-03	1.769089e-03
	1.352000e-03	1.022826e-03	7.656056e-04	5.667019e-04	4.145976e-04
	2.996511e-04	2.138660e-04	1.506781e-04	1.047630e-04	7.186013e-05
	4.861176e-05	3.241513e-05	2.128778e-05	1.374703e-05	8.704298e-06
	5.374981e-06	3.203687e-06	1.804096e-06	9.120936e-07	3.501834e-07
	1.000000e-60
massfraction-CH
	1.000000e-60	1.650170e-31	3.899934e-31	6.417810e-31	8.827730e-31
	1.113702e-30	1.000000e-60	1.000000e-60	1.171219e-30	2.601341e-30
	3.679544e-30	1.517408e-30	1.000000e-60	2.302114e-30	3.212822e-30
	1.772945e-30	2.143959e-29	3.904742e-29	7.082791e-29	1.846220e-28
	5.352802e-28	1.624834e-27	5.036554e-27	1.646748e-26	5.601707e-26
	1.976623e-25	7.193632e-25	2.692032e-24	1.033739e-23	4.063726e-23
	1.627760e-22	6.585045e-22	2.651771e-21	1.040580e-20	3.878965e-20
	1.342823e-19	4.259455e-19	1.237223e-18	3.337740e-18	8.592366e-18
	2.180101e-17	5.601193e-17	1.476206e-16	3.983879e-16	1.093006e-15
	3.036284e-15	8.531368e-15	2.424109e-14	6.975511e-14	2.040853e-13
	6.093595e-13	1.855658e-12	5.728650e-12	1.774663e-11	5.443612e-11
	1.626499e-10	4.640120e-10	1.240303e-09	3.074528e-09	7.053524e-09
	1.503319e-08	3.002258e-08	5.679054e-08	1.026957e-07	1.784489e-07
	2.983363e-07	4.796085e-07	7.407986e-07	1.098644e-06	1.565079e-06
	2.146577e-06	2.842707e-06	3.639582e-06	4.505803e-06	5.400054e-06
	6.279932e-06	7.099835e-06	7.808644e-06	8.358018e-06	8.709590e-06
	8.834345e-06	8.714727e-06	8.351444e-06	7.767399e-06	7.005520e-06
	6.121048e-06	5.170008e-06	4.201003e-06	3.254840e-06	2.369390e-06
	1.583167e-06	9.351384e-07	4.594007e-07	1.704730e-07	4.169297e-08
	5.821762e-09	4.455119e-10	2.163747e-11	8.738686e-13	3.813338e-14
	2.146851e-15	1.617647e-16	1.447452e-17	1.343157e-18	1.233110e-19
	1.131996e-20	1.052170e-21	9.987161e-23	9.841358e-24	1.042113e-24
	1.249124e-25	1.772309e-26	2.983154e-27	5.700250e-28	1.169800e-28
	2.488147e-29	5.427205e-30	1.220995e-30	2.859620e-31	7.152599e-32
	1.860945e-32	4.736489e-33	1.783573e-33	2.196623e-35	6.318852e-34
	1.000000e-60	1.640964e-35	1.000000e-60	3.110817e-35	1.000000e-60
	1.000000e-60	1.000000e-60	1.000000e-60	1.000000e-60	1.000000e-60
	1.102918e-35	2.013120e-35	4.543051e-36	1.000000e-60	1.000000e-60
	1.000000e-60
massfraction-CHO
	1.000000e-60	8.353191e-19	2.591132e-18	6.052294e-18	1.242116e-17
	2.338952e-17	4.114688e-17	6.835438e-17	1.082388e-16	1.650454e-16
	2.451341e-16	3.590094e-16	5.246912e-16	7.732022e-16	1.157745e-15
	1.769486e-15	2.765106e-15	4.414989e-15	7.187061e-15	1.189107e-14
	1.992277e-14	3.366702e-14	5.713794e-14	9.693761e-14	1.635578e-13
	2.728526e-13	4.470512e-13	7.138621e-13	1.101345e-12	1.626573e-12
	2.280501e-12	3.020811e-12	3.785177e-12	4.515926e-12	5.170684e-12
	5.716032e-12	6.126904e-12	6.398673e-12	6.557152e-12	6.656537e-12
	6.771952e-12	6.994153e-12	7.424822e-12	8.180029e-12	9.425044e-12
	1.144554e-11	1.479688e-11	2.066299e-11	3.164180e-11	5.327445e-11
	9.654632e-11	1.809043e-10	3.361349e-10	6.012126e-10	1.020700e-09
	1.643210e-09	2.524925e-09	3.739063e-09	5.390528e-09	7.626661e-09
	1.064824e-08	1.473836e-08	2.031069e-08	2.796212e-08	3.850435e-08
	5.296282e-08	7.255114e-08	9.860540e-08	1.324382e-07	1.752212e-07
	2.280457e-07	2.918651e-07	3.669297e-07	4.522883e-07	5.462132e-07
	6.468267e-07	7.516961e-07	8.571272e-07	9.585651e-07	1.051294e-06
	1.130225e-06	1.189691e-06	1.224156e-06	1.229345e-06	1.203149e-06
	1.145993e-06	1.060355e-06	9.497816e-07	8.183700e-07	6.712104e-07
	5.153625e-07	3.609447e-07	2.218881e-07	1.143850e-07	4.936132e-08
	2.148037e-08	1.221623e-08	8.067444e-09	5.326598e-09	3.480487e-09
	2.277609e-09	1.494938e-09	9.775600e-10	6.242857e-10	3.704327e-10
	1.874079e-10	7.468973e-11	2.322327e-11	5.973331e-12	1.391928e-12
	3.252702e-13	8.304521e-14	2.402461e-14	7.747812e-15	2.687565e-15
	9.770050e-16	3.679462e-16	1.429932e-16	5.724323e-17	2.356043e-17
	9.943164e-18	4.288571e-18	1.883287e-18	8.386108e-19	3.770217e-19
	1.703658e-19	7.702165e-20	3.467637e-20	1.547363e-20	6.810440e-21
	2.941224e-21	1.239097e-21	5.056009e-22	1.979391e-22	7.334497e-23
	2.518266e-23	7.726930e-24	1.977518e-24	3.611587e-25	2.883736e-26
	1.000000e-60
massfraction-CH2
	1.000000e-60	1.648643e-21	3.371768e-21	5.131931e-21	6.912707e-21
	8.731464e-21	1.064800e-20	1.278027e-20	1.533281e-20	1.864449e-20
	2.327418e-20	3.016294e-20	4.095119e-20	5.861186e-20	8.874020e-20
	1.422388e-19	2.410345e-19	4.305103e-19	8.070649e-19	1.580231e-18
	3.214682e-18	6.758678e-18	1.461101e-17	3.232589e-17	7.288954e-17
	1.669230e-16	3.872219e-16	9.082926e-16	2.151900e-15	5.143139e-15
	1.236949e-14	2.979382e-14	7.131647e-14	1.677119e-13	3.821778e-13
	8.337237e-13	1.728977e-12	3.408545e-12	6.440905e-12	1.184868e-11
	2.161023e-11	3.964217e-11	7.353711e-11	1.374813e-10	2.574448e-10
	4.811335e-10	8.964728e-10	1.665133e-09	3.086453e-09	5.723790e-09
	1.064583e-08	1.985993e-08	3.705787e-08	6.883962e-08	1.265265e-07
	2.283581e-07	4.008717e-07	6.782444e-07	1.100567e-06	1.711187e-06
	2.554149e-06	3.675550e-06	5.126718e-06	6.961876e-06	9.224785e-06
	1.192969e-05	1.504776e-05	1.850117e-05	2.216227e-05	2.587004e-05
	2.945941e-05	3.276685e-05	3.561736e-05	3.784489e-05	3.933595e-05
	4.003357e-05	3.991376e-05	3.898715e-05	3.730865e-05	3.496231e-05
	3.205108e-05	2.870689e-05	2.509332e-05	2.138884e-05	1.776416e-05
	1.435958e-05	1.126710e-05	8.532564e-06	6.174386e-06	4.202838e-06
	2.627119e-06	1.452226e-06	6.687443e-07	2.340479e-07	5.495059e-08
	7.682026e-09	6.399148e-10	3.843091e-11	2.200345e-12	1.512757e-13
	1.440963e-14	1.950998e-15	3.393247e-16	6.824555e-17	1.541194e-17
	3.942768e-18	1.144646e-18	3.765199e-19	1.400795e-19	5.831501e-20
	2.657757e-20	1.288909e-20	6.453489e-21	3.244825e-21	1.604411e-21
	7.721801e-22	3.623728e-22	1.676586e-22	7.768525e-23	3.661756e-23
	1.778069e-23	8.970963e-24	4.724674e-24	2.600620e-24	1.493760e-24
	8.919962e-25	5.507841e-25	3.493403e-25	2.258699e-25	1.476211e-25
	9.662711e-26	6.269935e-26	3.986833e-26	2.451331e-26	1.434367e-26
	7.827537e-27	3.871566e-27	1.653745e-27	5.493850e-28	1.016318e-28
	1.000000e-60
massfraction-CH2O
	1.000000e-60	4.617739e-10	1.447861e-09	3.469738e-09	7.435477e-09
	1.487563e-08	2.822205e-08	5.110069e-08	8.858828e-08	1.473662e-07
	2.357197e-07	3.633603e-07	5.410936e-07	7.803777e-07	1.092843e-06
	1.489828e-06	1.981980e-06	2.578947e-06	3.289165e-06	4.119737e-06
	5.076395e-06	6.163525e-06	7.384247e-06	8.740549e-06	1.023349e-05
	1.186349e-05	1.363084e-05	1.553597e-05	1.757943e-05	1.976098e-05
	2.207749e-05	2.452221e-05	2.708446e-05	2.974720e-05	3.248728e-05
	3.528114e-05	3.811032e-05	4.096551e-05	4.385451e-05	4.680630e-05
	4.985673e-05	5.301792e-05	5.625341e-05	5.948446e-05	6.262420e-05
	6.560290e-05	6.836738e-05	7.086456e-05	7.303119e-05	7.478630e-05
	7.602398e-05	7.662845e-05	7.653214e-05	7.580178e-05	7.469952e-05
	7.365610e-05	7.314071e-05	7.349304e-05	7.484399e-05	7.716091e-05
	8.033471e-05	8.426010e-05	8.888432e-05	9.421330e-05	1.002871e-04
	1.071519e-04	1.148442e-04	1.233757e-04	1.327075e-04	1.427475e-04
	1.533796e-04	1.644472e-04	1.756662e-04	1.866077e-04	1.968097e-04
	2.058453e-04	2.132583e-04	2.185330e-04	2.211784e-04	2.207781e-04
	2.169784e-04	2.095439e-04	1.984681e-04	1.840397e-04	1.668340e-04
	1.476199e-04	1.271916e-04	1.062430e-04	8.537291e-05	6.518835e-05
	4.639642e-05	2.984888e-05	1.651772e-05	7.269126e-06	2.275048e-06
	4.511890e-07	5.584732e-08	5.023846e-09	4.150944e-10	3.798455e-11
	4.237429e-12	5.999828e-13	1.106343e-13	2.741860e-14	9.344208e-15
	4.245245e-15	2.368245e-15	1.498430e-15	1.020800e-15	7.284625e-16
	5.374579e-16	4.065481e-16	3.127667e-16	2.428306e-16	1.890841e-16
	1.470739e-16	1.140263e-16	8.800559e-17	6.754929e-17	5.151319e-17
	3.899099e-17	2.926352e-17	2.175709e-17	1.601106e-17	1.165368e-17
	8.384043e-18	5.958814e-18	4.182062e-18	2.897239e-18	1.980583e-18
	1.335524e-18	8.878242e-19	5.813439e-19	3.743551e-19	2.363890e-19
	1.455917e-19	8.656238e-20	4.863177e-20	2.453320e-20	9.400508e-21
	1.000000e-60
massfraction-CH3
	1.000000e-60	2.678358e-11	7.508682e-11	1.591484e-10	2.999301e-10
	5.269894e-10	8.797621e-10	1.407760e-09	2.169691e-09	3.231546e-09
	4.664101e-09	6.540451e-09	8.934234e-09	1.191886e-08	1.556799e-08
	1.995703e-08	2.516564e-08	3.128089e-08	3.840110e-08	4.664022e-08
	5.613298e-08	6.704109e-08	7.956081e-08	9.393283e-08	1.104556e-07
	1.295042e-07	1.515587e-07	1.772424e-07	2.073733e-07	2.430255e-07
	2.855970e-07	3.369271e-07	3.994642e-07	4.764206e-07	5.719856e-07
	6.917637e-07	8.434531e-07	1.037961e-06	1.291895e-06	1.632381e-06
	2.104002e-06	2.776469e-06	3.751357e-06	5.167615e-06	7.212967e-06
	1.015115e-05	1.436258e-05	2.039563e-05	2.904850e-05	4.150281e-05
	5.948284e-05	8.537616e-05	1.222668e-04	1.738147e-04	2.438260e-04
	3.353537e-04	4.492381e-04	5.831111e-04	7.320219e-04	8.895619e-04
	1.048996e-03	1.204458e-03	1.351267e-03	1.485320e-03	1.602400e-03
	1.698274e-03	1.769400e-03	1.813476e-03	1.829666e-03	1.818668e-03
	1.782252e-03	1.722641e-03	1.642716e-03	1.546413e-03	1.437924e-03
	1.320633e-03	1.197455e-03	1.071623e-03	9.462653e-04	8.236753e-04
	7.056753e-04	5.942271e-04	4.913558e-04	3.987180e-04	3.173357e-04
	2.474628e-04	1.885688e-04	1.396205e-04	9.949184e-05	6.724906e-05
	4.219178e-05	2.376262e-05	1.139990e-05	4.298275e-06	1.139806e-06
	1.903305e-07	1.988970e-08	1.535664e-09	1.124507e-10	9.478370e-12
	1.001400e-12	1.348560e-13	2.324240e-14	5.240800e-15	1.578688e-15
	6.109123e-16	2.761815e-16	1.347602e-16	6.849413e-17	3.599556e-17
	1.958402e-17	1.101809e-17	6.371005e-18	3.755652e-18	2.243535e-18
	1.355640e-18	8.296503e-19	5.153758e-19	3.254649e-19	2.090436e-19
	1.364819e-19	9.046265e-20	6.077018e-20	4.129702e-20	2.833403e-20
	1.958980e-20	1.362375e-20	9.514190e-21	6.661337e-21	4.668605e-21
	3.269922e-21	2.284509e-21	1.588239e-21	1.095175e-21	7.454384e-22
	4.971044e-22	3.207062e-22	1.954636e-22	1.066921e-22	4.401769e-23
	1.000000e-60
massfraction-CH4
	1.000000e+00	9.999550e-01	9.998789e-01	9.997521e-01	9.995451e-01
	9.992163e-01	9.987094e-01	9.979530e-01	9.968617e-01	9.953390e-01
	9.932822e-01	9.905873e-01	9.871545e-01	9.828917e-01	9.777178e-01
	9.715642e-01	9.643747e-01	9.561052e-01	9.467226e-01	9.362029e-01
	9.245300e-01	9.116941e-01	8.976900e-01	8.825153e-01	8.661689e-01
	8.486479e-01	8.299435e-01	8.100387e-01	7.889092e-01	7.665337e-01
	7.429152e-01	7.180877e-01	6.921206e-01	6.651446e-01	6.373511e-01
	6.089378e-01	5.800550e-01	5.507653e-01	5.209587e-01	4.903052e-01
	4.583938e-01	4.250497e-01	3.906046e-01	3.558288e-01	3.215855e-01
	2.885116e-01	2.569754e-01	2.271909e-01	1.992614e-01	1.731973e-01
	1.490044e-01	1.267661e-01	1.066251e-01	8.871661e-02	7.312414e-02
	5.985810e-02	4.885387e-02	3.993311e-02	3.279807e-02	2.711483e-02
	2.257446e-02	1.891002e-02	1.590655e-02	1.340521e-02	1.129763e-02
	9.511144e-03	7.993335e-03	6.703584e-03	5.609808e-03	4.684147e-03
	3.899784e-03	3.233522e-03	2.669306e-03	2.195629e-03	1.800285e-03
	1.469969e-03	1.193581e-03	9.632522e-04	7.723560e-04	6.144464e-04
	4.840497e-04	3.770666e-04	2.902636e-04	2.207456e-04	1.657982e-04
	1.228669e-04	8.957939e-05	6.387497e-05	4.411807e-05	2.910629e-05
	1.797414e-05	1.007797e-05	4.895815e-06	1.920482e-06	5.530558e-07
	1.067834e-07	1.396058e-08	1.460634e-09	1.536403e-10	1.904708e-11
	2.953644e-12	5.806234e-13	1.475280e-13	5.058010e-14	2.416678e-14
	1.535669e-14	1.158690e-14	9.443638e-15	7.928198e-15	6.732391e-15
	5.748571e-15	4.923533e-15	4.219291e-15	3.607268e-15	3.068880e-15
	2.594131e-15	2.177784e-15	1.815762e-15	1.503697e-15	1.236785e-15
	1.010068e-15	8.187716e-16	6.584604e-16	5.250926e-16	4.150147e-16
	3.249365e-16	2.519026e-16	1.932681e-16	1.466789e-16	1.100560e-16
	8.158226e-17	5.968890e-17	4.304068e-17	3.051854e-17	2.119972e-17
	1.433587e-17	9.330001e-18	5.713502e-18	3.124672e-18	1.289387e-18
	1.000000e-60
massfraction-C2H6
	1.000000e-60	4.147415e-09	1.318788e-08	3.209957e-08	6.992029e-08
	1.422170e-07	2.742604e-07	5.045491e-07	8.881633e-07	1.499199e-06
	2.431627e-06	3.798212e-06	5.727581e-06	8.359864e-06	1.184161e-05
	1.632063e-05	2.194128e-05	2.884058e-05	3.714535e-05	4.697015e-05
	5.841626e-05	7.157130e-05	8.650947e-05	1.032926e-04	1.219717e-04
	1.425910e-04	1.651923e-04	1.898201e-04	2.165204e-04	2.453283e-04
	2.762395e-04	3.091978e-04	3.440877e-04	3.806981e-04	4.187201e-04
	4.578245e-04	4.977388e-04	5.383078e-04	5.796115e-04	6.220274e-04
	6.660232e-04	7.116981e-04	7.583992e-04	8.048037e-04	8.494307e-04
	8.910366e-04	9.286277e-04	9.612403e-04	9.877975e-04	1.006968e-03
	1.016960e-03	1.015482e-03	1.000079e-03	9.688281e-04	9.212498e-04
	8.591387e-04	7.868015e-04	7.099207e-04	6.334845e-04	5.607557e-04
	4.933365e-04	4.315505e-04	3.750168e-04	3.232175e-04	2.758568e-04
	2.328964e-04	1.943944e-04	1.603804e-04	1.308177e-04	1.055269e-04
	8.414241e-05	6.623633e-05	5.146182e-05	3.950971e-05	2.999698e-05
	2.249321e-05	1.662481e-05	1.210066e-05	8.667931e-06	6.096514e-06
	4.196317e-06	2.819257e-06	1.846077e-06	1.177146e-06	7.302533e-07
	4.398404e-07	2.558388e-07	1.421626e-07	7.413831e-08	3.535154e-08
	1.483787e-08	5.178643e-09	1.380162e-09	2.492936e-10	2.664943e-11
	1.561903e-12	5.522301e-14	1.517069e-15	4.240816e-17	1.432977e-18
	6.227098e-20	3.529595e-21	2.682739e-22	2.931820e-23	5.038621e-24
	1.418098e-24	6.142899e-25	3.563461e-25	2.426707e-25	1.791016e-25
	1.377449e-25	1.082785e-25	8.599776e-26	6.844435e-26	5.427281e-26
	4.273365e-26	3.336502e-26	2.581968e-26	1.980005e-26	1.504272e-26
	1.131730e-26	8.427061e-27	6.206772e-27	4.519079e-27	3.250746e-27
	2.309113e-27	1.619005e-27	1.120048e-27	7.643340e-28	5.143688e-28
	3.412596e-28	2.231141e-28	1.436384e-28	9.092769e-29	5.644591e-29
	3.418595e-29	1.999710e-29	1.106175e-29	5.500293e-30	2.080136e-30
	1.000000e-60
massfraction-C2H
	1.000000e-60	2.773577e-33	3.261518e-32	1.468981e-31	5.220451e-31
	1.741613e-30	5.310766e-30	1.537075e-29	4.268694e-29	1.150044e-28
	3.035192e-28	7.923423e-28	2.063828e-27	5.402332e-27	1.428662e-26
	3.829446e-26	1.041736e-25	2.874708e-25	8.032205e-25	2.265874e-24
	6.431120e-24	1.829646e-23	5.198492e-23	1.470100e-22	4.125957e-22
	1.146753e-21	3.152414e-21	8.569383e-21	2.305277e-20	6.146284e-20
	1.627157e-19	4.289070e-19	1.130214e-18	2.989165e-18	7.950561e-18
	2.124331e-17	5.678229e-17	1.511592e-16	4.012546e-16	1.073501e-15
	2.942229e-15	8.364985e-15	2.468115e-14	7.460811e-14	2.262666e-13
	6.749750e-13	1.955912e-12	5.472824e-12	1.477595e-11	3.861415e-11
	9.800123e-11	2.415057e-10	5.754647e-10	1.317131e-09	2.872748e-09
	5.919025e-09	1.141668e-08	2.049178e-08	3.425871e-08	5.366997e-08
	7.946332e-08	1.122974e-07	1.529408e-07	2.022733e-07	2.609877e-07
	3.291695e-07	4.060175e-07	4.897209e-07	5.774321e-07	6.656285e-07
	7.507531e-07	8.293032e-07	8.974923e-07	9.516789e-07	9.893294e-07
	1.009098e-06	1.010268e-06	9.927766e-07	9.574606e-07	9.057778e-07
	8.396104e-07	7.615569e-07	6.750932e-07	5.842783e-07	4.932619e-07
	4.057105e-07	3.242744e-07	2.505243e-07	1.853439e-07	1.294082e-07
	8.338479e-08	4.787667e-08	2.316611e-08	8.661603e-09	2.214442e-09
	3.405490e-10	3.062751e-11	1.876799e-12	1.024820e-13	6.461306e-15
	5.571975e-16	6.701653e-17	1.009868e-17	1.728717e-18	3.261819e-19
	6.751695e-20	1.506546e-20	3.572132e-21	9.052048e-22	2.486505e-22
	7.422529e-23	2.374770e-23	7.957875e-24	2.729610e-24	9.441092e-25
	3.282902e-25	1.155815e-25	4.168715e-26	1.559008e-26	6.106985e-27
	2.523853e-27	1.105123e-27	5.134613e-28	2.528697e-28	1.315703e-28
	7.195601e-29	4.109289e-29	2.431775e-29	1.478632e-29	9.154615e-30
	5.715980e-30	3.562478e-30	2.191495e-30	1.313692e-30	7.556574e-31
	4.088429e-31	2.021100e-31	8.687092e-32	2.917431e-32	5.463454e-33
	1.000000e-60
massfraction-C2H2
	1.000000e-60	5.274244e-08	1.609867e-07	3.745269e-07	7.780389e-07
	1.508459e-06	2.774727e-06	4.876205e-06	8.216066e-06	1.330532e-05
	2.075512e-05	3.125757e-05	4.555825e-05	6.442449e-05	8.861452e-05
	1.188504e-04	1.557974e-04	2.000497e-04	2.521229e-04	3.124511e-04
	3.813887e-04	4.592149e-04	5.461404e-04	6.423169e-04	7.478499e-04
	8.628190e-04	9.873079e-04	1.121425e-03	1.265300e-03	1.419013e-03
	1.582450e-03	1.755248e-03	1.936763e-03	2.125895e-03	2.321092e-03
	2.520754e-03	2.723619e-03	2.929065e-03	3.137702e-03	3.351690e-03
	3.573746e-03	3.804939e-03	4.042887e-03	4.282217e-03	4.517139e-03
	4.743498e-03	4.959036e-03	5.162529e-03	5.353433e-03	5.531650e-03
	5.696697e-03	5.846667e-03	5.977549e-03	6.082794e-03	6.153332e-03
	6.179000e-03	6.151876e-03	6.070184e-03	5.939029e-03	5.767865e-03
	5.567314e-03	5.346251e-03	5.110450e-03	4.863161e-03	4.606604e-03
	4.342945e-03	4.074344e-03	3.802897e-03	3.530918e-03	3.260542e-03
	2.992817e-03	2.728256e-03	2.468715e-03	2.217519e-03	1.977208e-03
	1.748433e-03	1.531549e-03	1.327923e-03	1.138933e-03	9.649463e-04
	8.060244e-04	6.626958e-04	5.357187e-04	4.255033e-04	3.318390e-04
	2.538092e-04	1.898361e-04	1.380233e-04	9.658099e-05	6.407634e-05
	3.941986e-05	2.173287e-05	1.017863e-05	3.731390e-06	9.563893e-07
	1.532923e-07	1.530056e-08	1.129433e-09	8.052962e-11	7.089413e-12
	9.087972e-13	1.751904e-13	4.690601e-14	1.633100e-14	7.292068e-15
	4.089019e-15	2.705752e-15	1.973391e-15	1.516588e-15	1.199872e-15
	9.662355e-16	7.865948e-16	6.436036e-16	5.264299e-16	4.285929e-16
	3.464183e-16	2.776787e-16	2.206678e-16	1.738385e-16	1.357337e-16
	1.050061e-16	8.045039e-17	6.101074e-17	4.577433e-17	3.395924e-17
	2.490086e-17	1.803905e-17	1.290624e-17	9.116572e-18	6.355763e-18
	4.371556e-18	2.964719e-18	1.980566e-18	1.301118e-18	8.380022e-19
	5.262136e-19	3.187726e-19	1.823061e-19	9.350716e-20	3.637543e-20
	1.000000e-60
massfraction-CHCO
	1.000000e-60	3.147611e-07	8.417947e-07	1.695337e-06	3.029211e-06
	5.042557e-06	7.978677e-06	1.211551e-05	1.775040e-05	2.518065e-05
	3.468359e-05	4.649946e-05	6.081981e-05	7.778200e-05	9.746954e-05
	1.199164e-04	1.451141e-04	1.730196e-04	2.035634e-04	2.366567e-04
	2.721979e-04	3.100778e-04	3.501840e-04	3.924050e-04	4.366350e-04
	4.827795e-04	5.307648e-04	5.805411e-04	6.320774e-04	6.853354e-04
	7.402228e-04	7.965841e-04	8.542006e-04	9.127431e-04	9.717852e-04
	1.030929e-03	1.089908e-03	1.148661e-03	1.207474e-03	1.267059e-03
	1.328260e-03	1.391475e-03	1.456200e-03	1.521173e-03	1.585054e-03
	1.646937e-03	1.706395e-03	1.763245e-03	1.817463e-03	1.869159e-03
	1.918427e-03	1.965194e-03	2.009258e-03	2.050441e-03	2.088677e-03
	2.123982e-03	2.156253e-03	2.185146e-03	2.210079e-03	2.230231e-03
	2.244670e-03	2.252508e-03	2.252883e-03	2.244824e-03	2.227232e-03
	2.199027e-03	2.159311e-03	2.107486e-03	2.043409e-03	1.967365e-03
	1.879727e-03	1.780899e-03	1.672000e-03	1.555209e-03	1.432867e-03
	1.306629e-03	1.178017e-03	1.049204e-03	9.225103e-04	7.996411e-04
	6.820307e-04	5.714034e-04	4.696487e-04	3.783542e-04	2.985085e-04
	2.303455e-04	1.733174e-04	1.263740e-04	8.836823e-05	5.832988e-05
	3.549367e-05	1.919507e-05	8.711784e-06	3.040823e-06	7.254127e-07
	1.056747e-07	9.374607e-09	5.982451e-10	3.525018e-11	2.391235e-12
	2.202493e-13	3.006924e-14	5.810379e-15	1.443528e-15	4.406209e-16
	1.615286e-16	6.839231e-17	3.230117e-17	1.690350e-17	9.950745e-18
	6.637058e-18	4.911050e-18	3.876683e-18	3.142932e-18	2.544003e-18
	2.019908e-18	1.560343e-18	1.171729e-18	8.585900e-19	6.173620e-19
	4.380383e-19	3.081175e-19	2.155952e-19	1.504056e-19	1.047513e-19
	7.287534e-20	5.064939e-20	3.516186e-20	2.437621e-20	1.687168e-20
	1.165642e-20	8.036479e-21	5.525377e-21	3.782080e-21	2.568202e-21
	1.718184e-21	1.118121e-21	6.904862e-22	3.830329e-22	1.608064e-22
	1.000000e-60
massfraction-C3H3
	1.000000e-60	2.425504e-32	6.902738e-32	6.863031e-32	1.000000e-60
	1.000000e-60	1.000000e-60	1.000000e-60	1.000000e-60	1.992668e-29
	5.241345e-29	6.049257e-29	1.932920e-29	1.240173e-28	4.599631e-28
	1.460244e-27	4.480607e-27	1.216287e-26	3.431080e-26	1.016778e-25
	3.088419e-25	9.601633e-25	3.052637e-24	9.889466e-24	3.256341e-23
	1.087417e-22	3.676270e-22	1.256707e-21	4.338806e-21	1.510064e-20
	5.277681e-20	1.840486e-19	6.345020e-19	2.134803e-18	6.903125e-18
	2.115961e-17	6.099038e-17	1.654376e-16	4.274092e-16	1.075905e-15
	2.712668e-15	7.011361e-15	1.880087e-14	5.226412e-14	1.499451e-13
	4.443426e-13	1.366092e-12	4.368501e-12	1.449369e-11	4.956248e-11
	1.732329e-10	6.132836e-10	2.175028e-09	7.596386e-09	2.544591e-08
	7.917188e-08	2.218368e-07	5.480749e-07	1.188175e-06	2.278764e-06
	3.925090e-06	6.182764e-06	9.063723e-06	1.254303e-05	1.654946e-05
	2.095294e-05	2.556749e-05	3.016424e-05	3.448669e-05	3.828256e-05
	4.133745e-05	4.347456e-05	4.455120e-05	4.449683e-05	4.334009e-05
	4.117821e-05	3.815129e-05	3.445228e-05	3.031069e-05	2.594853e-05
	2.157109e-05	1.737707e-05	1.354501e-05	1.020589e-05	7.427658e-06
	5.214343e-06	3.517920e-06	2.262640e-06	1.368233e-06	7.617975e-07
	3.788572e-07	1.611104e-07	5.523291e-08	1.431236e-08	2.693435e-09
	3.658433e-10	3.572946e-11	2.606344e-12	1.589983e-13	8.932930e-15
	4.625388e-16	2.042456e-17	6.895475e-19	1.619574e-20	2.551152e-22
	2.746832e-24	2.084180e-26	1.122336e-28	4.306513e-31	1.236490e-33
	2.913208e-36	7.264216e-39	1.802771e-40	2.596855e-41	4.271657e-42
	7.251478e-43	1.254172e-43	2.220760e-44	4.070462e-45	7.858360e-46
	1.613191e-46	3.277702e-47	1.165195e-47	1.000000e-60	6.583408e-49
	1.000000e-60	1.881916e-49	1.000000e-60	1.000000e-60	1.000000e-60
	1.000000e-60	8.585670e-51	2.607213e-51	3.041595e-53	3.270953e-52
	7.086262e-52	2.606098e-52	1.000000e-60	1.000000e-60	1.000000e-60
	1.000000e-60
massfraction-C2H3
	1.000000e-60	6.286566e-19	1.677698e-18	3.130159e-18	5.051889e-18
	7.594925e-18	1.098734e-17	1.559113e-17	2.203122e-17	3.143406e-17
	4.588209e-17	6.931896e-17	1.094333e-16	1.817228e-16	3.185388e-16
	5.897674e-16	1.151282e-15	2.360879e-15	5.060642e-15	1.127439e-14
	2.594863e-14	6.133006e-14	1.480230e-13	3.629927e-13	9.005715e-13
	2.252378e-12	5.660061e-12	1.422754e-11	3.550915e-11	8.697315e-11
	2.058865e-10	4.635221e-10	9.784698e-10	1.914878e-09	3.447289e-09
	5.690508e-09	8.623041e-09	1.204886e-08	1.562400e-08	1.890123e-08
	2.131525e-08	2.216488e-08	2.086708e-08	1.763382e-08	1.371645e-08
	1.039756e-08	8.149499e-09	6.892513e-09	6.453353e-09	6.766595e-09
	7.935128e-09	1.027658e-08	1.443705e-08	2.162448e-08	3.393138e-08
	5.469619e-08	8.864072e-08	1.413514e-07	2.182327e-07	3.232583e-07
	4.581406e-07	6.226501e-07	8.153106e-07	1.033144e-06	1.270250e-06
	1.516632e-06	1.758556e-06	1.980159e-06	2.165629e-06	2.302043e-06
	2.381270e-06	2.399647e-06	2.357825e-06	2.261741e-06	2.121433e-06
	1.947814e-06	1.751532e-06	1.543518e-06	1.333835e-06	1.130031e-06
	9.376294e-07	7.612009e-07	6.043020e-07	4.689610e-07	3.555760e-07
	2.630902e-07	1.893234e-07	1.316001e-07	8.736226e-08	5.446893e-08
	3.114135e-08	1.577350e-08	6.745586e-09	2.294363e-09	5.880133e-10
	1.130743e-10	1.819225e-11	2.934156e-12	5.324694e-13	1.116368e-13
	2.665866e-14	7.113957e-15	2.100115e-15	6.739622e-16	2.192258e-16
	6.609464e-17	1.886329e-17	5.543699e-18	1.765230e-18	6.263381e-19
	2.513278e-19	1.129338e-19	5.522057e-20	2.850203e-20	1.518826e-20
	8.250035e-21	4.539170e-21	2.520716e-21	1.408862e-21	7.902622e-22
	4.435204e-22	2.482991e-22	1.382569e-22	7.635876e-23	4.172491e-23
	2.250585e-23	1.195774e-23	6.246335e-24	3.202222e-24	1.608332e-24
	7.899637e-25	3.786276e-25	1.765823e-25	7.979328e-26	3.469754e-26
	1.434958e-26	5.523305e-27	1.894250e-27	5.223717e-28	8.296236e-29
	1.000000e-60
massfraction-C2H4
	1.000000e-60	4.066903e-09	1.258396e-08	2.971968e-08	6.272055e-08
	1.235561e-07	2.308727e-07	4.119396e-07	7.042275e-07	1.156170e-06
	1.826809e-06	2.784252e-06	4.103183e-06	5.861786e-06	8.138570e-06
	1.100945e-05	1.454537e-05	1.881053e-05	2.386134e-05	2.974581e-05
	3.650355e-05	4.416604e-05	5.275723e-05	6.229445e-05	7.278968e-05
	8.425163e-05	9.668882e-05	1.101117e-04	1.245325e-04	1.399580e-04
	1.563753e-04	1.737458e-04	1.920025e-04	2.110323e-04	2.306761e-04
	2.507694e-04	2.711817e-04	2.918457e-04	3.128170e-04	3.343044e-04
	3.565692e-04	3.797019e-04	4.034436e-04	4.272398e-04	4.505038e-04
	4.728193e-04	4.939516e-04	5.137474e-04	5.320852e-04	5.488596e-04
	5.639709e-04	5.774452e-04	5.897776e-04	6.022791e-04	6.169032e-04
	6.351822e-04	6.567129e-04	6.785984e-04	6.966314e-04	7.070302e-04
	7.075137e-04	6.974085e-04	6.770908e-04	6.474440e-04	6.096868e-04
	5.653890e-04	5.163839e-04	4.646118e-04	4.120079e-04	3.602831e-04
	3.106596e-04	2.639747e-04	2.210304e-04	1.825606e-04	1.488624e-04
	1.197561e-04	9.492871e-05	7.411457e-05	5.698004e-05	4.307445e-05
	3.194533e-05	2.320347e-05	1.649552e-05	1.147607e-05	7.812659e-06
	5.199860e-06	3.371806e-06	2.113923e-06	1.265138e-06	7.095220e-07
	3.631869e-07	1.633309e-07	6.113136e-08	1.778625e-08	3.803130e-09
	6.161090e-10	9.069796e-11	1.456742e-11	2.677638e-12	5.622647e-13
	1.331766e-13	3.510573e-14	1.034477e-14	3.518027e-15	1.441387e-15
	7.224272e-16	4.290431e-16	2.856602e-16	2.038162e-16	1.518074e-16
	1.163861e-16	9.099609e-17	7.197345e-17	5.717933e-17	4.537541e-17
	3.584715e-17	2.814909e-17	2.195619e-17	1.700390e-17	1.306886e-17
	9.962365e-18	7.527115e-18	5.632918e-18	4.172376e-18	3.057079e-18
	2.214417e-18	1.584999e-18	1.120555e-18	7.821896e-19	5.389048e-19
	3.663177e-19	2.455278e-19	1.621186e-19	1.052786e-19	6.704029e-20
	4.163420e-20	2.495455e-20	1.412841e-20	7.179034e-21	2.769029e-21
	1.000000e-60
massfraction-C2H5
	1.000000e-60	9.435348e-14	2.993539e-13	7.268331e-13	1.579109e-12
	3.203482e-12	6.161876e-12	1.130757e-11	1.985745e-11	3.344350e-11
	5.412930e-11	8.438409e-11	1.270172e-10	1.850822e-10	2.617669e-10
	3.602834e-10	4.837709e-10	6.352183e-10	8.174126e-10	1.032912e-09
	1.284046e-09	1.572941e-09	1.901575e-09	2.271872e-09	2.685837e-09
	3.145778e-09	3.654624e-09	4.216311e-09	4.836167e-09	5.521147e-09
	6.279755e-09	7.122226e-09	8.060360e-09	9.105353e-09	1.026415e-08
	1.153516e-08	1.290165e-08	1.432296e-08	1.572504e-08	1.698065e-08
	1.786654e-08	1.803805e-08	1.718057e-08	1.546753e-08	1.377902e-08
	1.296641e-08	1.326915e-08	1.470468e-08	1.745450e-08	2.198491e-08
	2.915096e-08	4.035036e-08	5.771645e-08	8.430064e-08	1.240938e-07
	1.816337e-07	2.608653e-07	3.636851e-07	4.893057e-07	6.342548e-07
	7.929177e-07	9.587375e-07	1.124902e-06	1.283936e-06	1.427016e-06
	1.544361e-06	1.626873e-06	1.667927e-06	1.664673e-06	1.618540e-06
	1.534289e-06	1.418620e-06	1.280041e-06	1.128552e-06	9.734558e-07
	8.216020e-07	6.780619e-07	5.470649e-07	4.314091e-07	3.320342e-07
	2.487915e-07	1.810901e-07	1.278734e-07	8.752482e-08	5.802319e-08
	3.719199e-08	2.294246e-08	1.348726e-08	7.433033e-09	3.747358e-09
	1.667278e-09	6.205750e-10	1.786944e-10	3.596535e-11	4.666563e-12
	4.289551e-13	4.331246e-14	6.708267e-15	1.407520e-15	3.566193e-16
	1.055184e-16	3.592494e-17	1.394234e-17	5.982903e-18	2.591770e-18
	1.028170e-18	3.716107e-19	1.273717e-19	4.249600e-20	1.393966e-20
	4.588803e-21	1.583498e-21	5.927080e-22	2.411286e-22	1.047405e-22
	4.770526e-23	2.251689e-23	1.093070e-23	5.423941e-24	2.734944e-24
	1.393145e-24	7.128863e-25	3.645593e-25	1.854427e-25	9.344347e-26
	4.647514e-26	2.274475e-26	1.092430e-26	5.138173e-27	2.362320e-27
	1.060038e-27	4.636333e-28	1.973980e-28	8.170299e-29	3.282374e-29
	1.277622e-29	4.807288e-30	1.741229e-30	5.967066e-31	1.730193e-31
	1.000000e-60
massfraction-C3H4
	1.000000e-60	6.158996e-15	2.081791e-14	5.422724e-14	1.268296e-13
	2.771885e-13	5.737494e-13	1.130378e-12	2.124683e-12	3.816720e-12
	6.564864e-12	1.083563e-11	1.720539e-11	2.635330e-11	3.904681e-11
	5.612154e-11	7.845861e-11	1.069614e-10	1.425342e-10	1.860630e-10
	2.384004e-10	3.003541e-10	3.726787e-10	4.560724e-10	5.511796e-10
	6.586032e-10	7.789302e-10	9.127540e-10	1.060674e-09	1.223221e-09
	1.400693e-09	1.593056e-09	1.799885e-09	2.020116e-09	2.251999e-09
	2.493554e-09	2.743063e-09	2.999489e-09	3.263293e-09	3.536926e-09
	3.823602e-09	4.124372e-09	4.435587e-09	4.749401e-09	5.057217e-09
	5.352498e-09	5.630810e-09	5.887189e-09	6.111103e-09	6.277128e-09
	6.337615e-09	6.249773e-09	6.074881e-09	6.093707e-09	6.839481e-09
	9.174444e-09	1.462022e-08	2.590958e-08	4.751238e-08	8.576678e-08
	1.484156e-07	2.439591e-07	3.812699e-07	5.691065e-07	8.146926e-07
	1.121549e-06	1.487774e-06	1.905097e-06	2.358394e-06	2.827312e-06
	3.289810e-06	3.723003e-06	4.101617e-06	4.401037e-06	4.603826e-06
	4.700964e-06	4.689018e-06	4.570414e-06	4.354571e-06	4.055478e-06
	3.689808e-06	3.277604e-06	2.841824e-06	2.405569e-06	1.989022e-06
	1.606962e-06	1.267362e-06	9.724167e-07	7.211481e-07	5.117501e-07
	3.424851e-07	2.116506e-07	1.171732e-07	5.574508e-08	2.164225e-08
	6.519721e-09	1.523294e-09	3.023729e-10	5.829909e-11	1.199114e-11
	2.708130e-12	6.707419e-13	1.832863e-13	5.700466e-14	2.109729e-14
	9.452399e-15	4.965686e-15	2.898106e-15	1.802925e-15	1.170455e-15
	7.850542e-16	5.398798e-16	3.774364e-16	2.659425e-16	1.875775e-16
	1.319379e-16	9.242347e-17	6.446430e-17	4.476553e-17	3.093937e-17
	2.126818e-17	1.452837e-17	9.852423e-18	6.626253e-18	4.415342e-18
	2.912273e-18	1.899813e-18	1.224859e-18	7.799924e-19	4.903374e-19
	3.041530e-19	1.860603e-19	1.121653e-19	6.655159e-20	3.877242e-20
	2.207702e-20	1.217128e-20	6.366669e-21	3.006400e-21	1.085427e-21
	1.000000e-60
massfraction-C3H5
	1.000000e-60	2.241809e-15	7.674856e-15	2.027792e-14	4.813920e-14
	1.068025e-13	2.243626e-13	4.484010e-13	8.544458e-13	1.554989e-12
	2.707650e-12	4.520947e-12	7.256555e-12	1.122752e-11	1.679277e-11
	2.434870e-11	3.431901e-11	4.714393e-11	6.326975e-11	8.313941e-11
	1.071844e-10	1.358185e-10	1.694330e-10	2.083942e-10	2.530440e-10
	3.037047e-10	3.606908e-10	4.243194e-10	4.949090e-10	5.727439e-10
	6.579908e-10	7.506482e-10	8.505043e-10	9.570008e-10	1.069180e-09
	1.185859e-09	1.305801e-09	1.427831e-09	1.551087e-09	1.674973e-09
	1.798052e-09	1.915959e-09	2.019658e-09	2.095859e-09	2.129256e-09
	2.103992e-09	2.004032e-09	1.814629e-09	1.528054e-09	1.156416e-09
	7.500710e-10	3.981512e-10	1.752083e-10	7.731926e-11	4.811366e-11
	4.577538e-11	5.700977e-11	8.309337e-11	1.325780e-10	2.207651e-10
	3.710699e-10	6.170704e-10	1.005253e-09	1.597142e-09	2.467320e-09
	3.695130e-09	5.352280e-09	7.488596e-09	1.011610e-08	1.320257e-08
	1.668234e-08	2.045738e-08	2.437328e-08	2.822001e-08	3.178439e-08
	3.488695e-08	3.736754e-08	3.908142e-08	3.993015e-08	3.987294e-08
	3.891432e-08	3.710800e-08	3.456825e-08	3.146316e-08	2.799137e-08
	2.434995e-08	2.070060e-08	1.715574e-08	1.379000e-08	1.066293e-08
	7.834145e-09	5.369494e-09	3.341842e-09	1.819058e-09	8.269314e-10
	3.012119e-10	8.879235e-11	2.325605e-11	6.101426e-12	1.719503e-12
	5.250789e-13	1.714965e-13	6.003300e-14	2.333188e-14	1.066266e-14
	5.921637e-15	3.884597e-15	2.817767e-15	2.137974e-15	1.649084e-15
	1.280017e-15	9.962303e-16	7.748156e-16	5.996045e-16	4.598869e-16
	3.487716e-16	2.613562e-16	1.935376e-16	1.416534e-16	1.024753e-16
	7.325150e-17	5.171446e-17	3.603775e-17	2.477401e-17	1.679130e-17
	1.121520e-17	7.378867e-18	4.780805e-18	3.049676e-18	1.915113e-18
	1.183815e-18	7.202045e-19	4.310664e-19	2.536009e-19	1.463506e-19
	8.249258e-20	4.500837e-20	2.330205e-20	1.089583e-20	3.898641e-21
	1.000000e-60
massfraction-C3H6
	1.000000e-60	1.623673e-12	5.650897e-12	1.520668e-11	3.680088e-11
	8.324455e-11	1.782380e-10	3.628479e-10	7.037339e-10	1.302367e-09
	2.303970e-09	3.904657e-09	6.355487e-09	9.962644e-09	1.508377e-08
	2.212099e-08	3.151161e-08	4.371767e-08	5.921516e-08	7.848393e-08
	1.019985e-07	1.302203e-07	1.635914e-07	2.025300e-07	2.474285e-07
	2.986542e-07	3.565561e-07	4.214640e-07	4.936675e-07	5.733406e-07
	6.603876e-07	7.542820e-07	8.538770e-07	9.571125e-07	1.060881e-06
	1.161254e-06	1.253846e-06	1.334161e-06	1.397880e-06	1.440569e-06
	1.456801e-06	1.440117e-06	1.385459e-06	1.293345e-06	1.171093e-06
	1.029122e-06	8.768543e-07	7.212750e-07	5.671781e-07	4.186662e-07
	2.824913e-07	1.710130e-07	9.736801e-08	6.184938e-08	5.063734e-08
	5.136860e-08	5.942471e-08	7.417096e-08	9.595699e-08	1.249892e-07
	1.608883e-07	2.026497e-07	2.487134e-07	2.968454e-07	3.438988e-07
	3.858931e-07	4.186315e-07	4.385608e-07	4.435482e-07	4.333472e-07
	4.093992e-07	3.742657e-07	3.313799e-07	2.847232e-07	2.378959e-07
	1.934410e-07	1.530513e-07	1.178780e-07	8.841995e-08	6.452385e-08
	4.570109e-08	3.135391e-08	2.081288e-08	1.335799e-08	8.281955e-09
	4.949707e-09	2.835360e-09	1.538820e-09	7.762603e-10	3.538454e-10
	1.399105e-10	4.518378e-11	1.092190e-11	1.759775e-12	1.673646e-13
	8.898700e-15	2.976605e-16	8.176276e-18	2.401370e-19	8.797460e-21
	4.204408e-22	2.632732e-23	2.223059e-24	2.757386e-25	5.610082e-26
	1.936314e-26	1.034027e-26	7.121441e-27	5.399948e-27	4.191408e-27
	3.264229e-27	2.541091e-27	1.972620e-27	1.521500e-27	1.161823e-27
	8.764016e-28	6.526800e-28	4.799512e-28	3.485765e-28	2.500419e-28
	1.771006e-28	1.237988e-28	8.536125e-29	5.802368e-29	3.886161e-29
	2.563359e-29	1.664619e-29	1.063960e-29	6.692276e-30	4.142169e-30
	2.522733e-30	1.511700e-30	8.910036e-31	5.161315e-31	2.932835e-31
	1.628098e-31	8.752296e-32	4.467859e-32	2.062024e-32	7.292344e-33
	1.000000e-60
massfraction-N-C3H7
	1.000000e-60	1.146950e-17	3.997307e-17	1.077354e-16	2.611494e-16
	5.916967e-16	1.268951e-15	2.587307e-15	5.025533e-15	9.313770e-15
	1.649887e-14	2.799700e-14	4.562420e-14	7.159897e-14	1.085169e-13
	1.593008e-13	2.271345e-13	3.153870e-13	4.275344e-13	5.670863e-13
	7.375183e-13	9.422147e-13	1.184418e-12	1.467188e-12	1.793357e-12
	2.165479e-12	2.585704e-12	3.055362e-12	3.573771e-12	4.135178e-12
	4.721812e-12	5.290350e-12	5.748707e-12	5.931286e-12	5.623706e-12
	4.728625e-12	3.501523e-12	2.397812e-12	1.602360e-12	1.058964e-12
	6.912773e-13	4.469839e-13	2.887656e-13	1.886333e-13	1.261474e-13
	8.708419e-14	6.214219e-14	4.561117e-14	3.403975e-14	2.531912e-14
	1.825213e-14	1.249585e-14	8.490754e-15	6.756627e-15	7.217801e-15
	9.846889e-15	1.558363e-14	2.669950e-14	4.706830e-14	8.238936e-14
	1.401442e-13	2.294466e-13	3.608446e-13	5.453670e-13	7.916544e-13
	1.101301e-12	1.464512e-12	1.858148e-12	2.247369e-12	2.592385e-12
	2.857332e-12	3.015226e-12	3.050991e-12	2.965995e-12	2.777401e-12
	2.510365e-12	2.192489e-12	1.852237e-12	1.515089e-12	1.199589e-12
	9.179202e-13	6.777429e-13	4.823714e-13	3.307198e-13	2.182445e-13
	1.383543e-13	8.382079e-14	4.801086e-14	2.553163e-14	1.226782e-14
	5.118072e-15	1.747580e-15	4.480547e-16	7.688663e-17	7.822367e-18
	4.466272e-19	1.607541e-20	4.758123e-22	1.514543e-23	6.094838e-25
	3.271880e-26	2.378971e-27	2.442864e-28	3.909724e-29	1.096117e-29
	5.447095e-30	4.360109e-30	4.603086e-30	5.497044e-30	7.010753e-30
	8.368962e-30	8.032597e-30	6.756683e-30	5.360813e-30	4.128374e-30
	3.117018e-30	2.316787e-30	1.698595e-30	1.229651e-30	8.792412e-31
	6.208729e-31	4.327957e-31	2.976524e-31	2.018489e-31	1.348934e-31
	8.879492e-32	5.754996e-32	3.671424e-32	2.305029e-32	1.424063e-32
	8.657052e-33	5.177945e-33	3.046211e-33	1.761275e-33	9.989515e-34
	5.535268e-34	2.970332e-34	1.513719e-34	6.975206e-35	2.463316e-35
	1.000000e-60
massfraction-I-C3H7
	1.000000e-60	9.999998e-61	1.000020e-60	1.000056e-60	1.000115e-60
	1.000203e-60	1.000326e-60	1.000480e-60	1.000645e-60	1.000772e-60
	1.000778e-60	1.000532e-60	9.998491e-61	9.984920e-61	9.961712e-61
	9.925533e-61	9.872708e-61	9.799346e-61	9.701474e-61	9.575167e-61
	9.416678e-61	9.222554e-61	8.989743e-61	8.715685e-61	8.398378e-61
	8.036410e-61	7.628938e-61	7.175671e-61	6.676937e-61	6.133964e-61
	5.549445e-61	4.927731e-61	4.274840e-61	3.599010e-61	2.910985e-61
	2.224332e-61	1.559228e-61	9.511407e-62	4.578938e-62	1.450742e-62
	2.267105e-63	1.327244e-64	2.702682e-66	8.103170e-68	3.851770e-68
	2.459795e-68	1.666494e-68	1.193923e-68	9.009799e-69	7.125516e-69
	5.873698e-69	5.018284e-69	4.415145e-69	3.969367e-69	3.615135e-69
	3.307215e-69	3.018440e-69	2.737081e-69	2.461751e-69	2.196490e-69
	1.946456e-69	1.714655e-69	1.501261e-69	1.304817e-69	1.123799e-69
	9.573717e-70	8.053615e-70	6.680877e-70	5.461619e-70	4.399119e-70
	3.488878e-70	2.721655e-70	2.088671e-70	1.579822e-70	1.179585e-70
	8.690688e-71	6.311217e-71	4.518117e-71	3.048476e-71	1.000000e-60
	1.000000e-60	1.000000e-60	1.000000e-60	1.000000e-60	1.000000e-60
	1.000000e-60	1.000000e-60	1.000000e-60	1.000000e-60	1.000000e-60
	1.000000e-60	1.000000e-60	1.000000e-60	1.000000e-60	1.000000e-60
	1.000000e-60	1.000000e-60	1.000000e-60	1.000000e-60	1.075064e-72
	2.432350e-71	4.969354e-70	9.387507e-69	1.628943e-67	2.444497e-66
	2.907775e-65	2.423579e-64	1.006729e-63	1.773690e-63	2.086018e-63
	2.204575e-63	2.273393e-63	2.333168e-63	2.396275e-63	2.466909e-63
	2.544421e-63	2.623476e-63	2.694882e-63	2.748114e-63	2.775466e-63
	2.776972e-63	2.765172e-63	2.769332e-63	2.839536e-63	3.051819e-63
	3.516160e-63	4.389625e-63	5.897569e-63	8.366710e-63	1.227539e-62
	1.832854e-62	2.756819e-62	4.153515e-62	6.250408e-62	9.382373e-62
	1.404072e-61	2.094355e-61	3.113617e-61	4.613023e-61	6.807411e-61
	1.000000e-60
massfraction-C3H8
	1.000000e-60	1.000001e-60	1.000025e-60	1.000069e-60	1.000143e-60
	1.000264e-60	1.000452e-60	1.000727e-60	1.001107e-60	1.001605e-60
	1.002217e-60	1.002921e-60	1.003668e-60	1.004385e-60	1.004966e-60
	1.005282e-60	1.005177e-60	1.004479e-60	1.003002e-60	1.000551e-60
	9.969271e-61	9.919345e-61	9.853812e-61	9.770837e-61	9.668682e-61
	9.545714e-61	9.400375e-61	9.231167e-61	9.036645e-61	8.815528e-61
	8.566956e-61	8.290677e-61	7.987194e-61	7.658184e-61	7.306611e-61
	6.936060e-61	6.549927e-61	6.150698e-61	5.738619e-61	5.310920e-61
	4.863844e-61	4.397373e-61	3.919212e-61	3.443436e-61	2.984791e-61
	2.553879e-61	2.156580e-61	1.795818e-61	1.472405e-61	1.185592e-61
	9.343372e-62	7.181772e-62	5.368536e-62	3.894985e-62	2.741641e-62
	1.876741e-62	1.257737e-62	8.334491e-63	5.512121e-63	3.663870e-63
	2.457988e-63	1.665522e-63	1.137221e-63	7.796352e-64	5.350188e-64
	3.668671e-64	2.511211e-64	1.714890e-64	1.168326e-64	7.940144e-65
	5.374843e-65	3.615314e-65	2.415072e-65	1.605084e-65	1.062397e-65
	6.990437e-66	4.561125e-66	2.949244e-66	1.889369e-66	1.196601e-66
	7.468926e-67	4.585803e-67	2.768716e-67	1.644326e-67	9.607635e-68
	5.516560e-68	3.098510e-68	1.685960e-68	8.749294e-69	4.236123e-69
	1.855530e-69	7.033861e-70	2.164042e-70	4.950989e-71	7.617342e-72
	7.896771e-73	8.073262e-73	1.358337e-71	2.766365e-70	5.354001e-69
	9.013955e-68	1.299472e-66	1.600551e-65	1.626501e-64	1.255826e-63
	6.717803e-63	2.405382e-62	6.067246e-62	1.179383e-61	1.909610e-61
	2.722788e-61	3.555190e-61	4.368695e-61	5.144628e-61	5.871645e-61
	6.539003e-61	7.137117e-61	7.660609e-61	8.109214e-61	8.486839e-61
	8.800007e-61	9.056417e-61	9.263989e-61	9.430312e-61	9.562334e-61
	9.666221e-61	9.747313e-61	9.810143e-61	9.858488e-61	9.895446e-61
	9.923524e-61	9.944723e-61	9.960623e-61	9.972461e-61	9.981199e-61
	9.987579e-61	9.992172e-61	9.995415e-61	9.997641e-61	9.999105e-61
	1.000000e-60
V [kg/(s*m^2)]
	1.269136e-01	1.216657e-01	1.164602e-01	1.113504e-01	1.063812e-01
	1.015789e-01	9.696147e-02	9.254281e-02	8.833210e-02	8.433304e-02
	8.054390e-02	7.695813e-02	7.356536e-02	7.035244e-02	6.730453e-02
	6.440596e-02	6.164093e-02	5.899398e-02	5.645029e-02	5.399585e-02
	5.161750e-02	4.930292e-02	4.704055e-02	4.481946e-02	4.262914e-02
	4.045920e-02	3.829901e-02	3.613743e-02	3.396303e-02	3.176491e-02
	2.953431e-02	2.726471e-02	2.495171e-02	2.259506e-02	2.019857e-02
	1.776556e-02	1.529495e-02	1.277805e-02	1.019092e-02	7.488620e-03
	4.614586e-03	1.526852e-03	-1.775201e-03	-5.248937e-03	-8.834121e-03
	-1.248129e-02	-1.615874e-02	-1.984335e-02	-2.351829e-02	-2.717366e-02
	-3.079622e-02	-3.435577e-02	-3.780338e-02	-4.107956e-02	-4.412260e-02
	-4.687630e-02	-4.929604e-02	-5.136429e-02	-5.310028e-02	-5.454560e-02
	-5.574914e-02	-5.676023e-02	-5.762316e-02	-5.837312e-02	-5.903522e-02
	-5.962665e-02	-6.015995e-02	-6.064484e-02	-6.108865e-02	-6.149763e-02
	-6.187833e-02	-6.223681e-02	-6.257646e-02	-6.289830e-02	-6.320389e-02
	-6.349658e-02	-6.377960e-02	-6.405450e-02	-6.432235e-02	-6.458526e-02
	-6.484556e-02	-6.510471e-02	-6.536318e-02	-6.562110e-02	-6.587869e-02
	-6.613676e-02	-6.639764e-02	-6.666574e-02	-6.694771e-02	-6.725249e-02
	-6.759220e-02	-6.798428e-02	-6.845495e-02	-6.904399e-02	-6.981059e-02
	-7.083732e-02	-7.219627e-02	-7.386259e-02	-7.570075e-02	-7.758618e-02
	-7.949261e-02	-8.146280e-02	-8.355782e-02	-8.581648e-02	-8.822509e-02
	-9.072709e-02	-9.326538e-02	-9.581355e-02	-9.836353e-02	-1.008982e-01
	-1.033949e-01	-1.058482e-01	-1.082800e-01	-1.107285e-01	-1.132284e-01
	-1.157983e-01	-1.184410e-01	-1.211522e-01	-1.239268e-01	-1.267622e-01
	-1.296588e-01	-1.326185e-01	-1.356442e-01	-1.387388e-01	-1.419049e-01
	-1.451441e-01	-1.484573e-01	-1.518441e-01	-1.553029e-01	-1.588311e-01
	-1.624249e-01	-1.660797e-01	-1.697901e-01	-1.735504e-01	-1.773545e-01
	-1.811966e-01	-1.850709e-01	-1.889721e-01	-1.928946e-01	-1.968284e-01
	-2.007631e-01
density [kg/m^3]
	6.431859e-01	6.430749e-01	6.428991e-01	6.426216e-01	6.421882e-01
	6.415236e-01	6.405284e-01	6.390804e-01	6.370398e-01	6.342588e-01
	6.305936e-01	6.259188e-01	6.201386e-01	6.131964e-01	6.050785e-01
	5.958141e-01	5.854702e-01	5.741451e-01	5.619591e-01	5.490460e-01
	5.355449e-01	5.215929e-01	5.073204e-01	4.928464e-01	4.782761e-01
	4.636986e-01	4.491853e-01	4.347902e-01	4.205537e-01	4.065114e-01
	3.927053e-01	3.791837e-01	3.659988e-01	3.532141e-01	3.408987e-01
	3.291001e-01	3.178287e-01	3.070523e-01	2.966783e-01	2.865524e-01
	2.765134e-01	2.664828e-01	2.565153e-01	2.467703e-01	2.374240e-01
	2.285923e-01	2.203171e-01	2.126061e-01	2.054470e-01	1.988126e-01
	1.926833e-01	1.870652e-01	1.819848e-01	1.774702e-01	1.735387e-01
	1.701906e-01	1.674078e-01	1.651443e-01	1.633249e-01	1.618656e-01
	1.606893e-01	1.597293e-01	1.589318e-01	1.582567e-01	1.576768e-01
	1.571741e-01	1.567362e-01	1.563539e-01	1.560209e-01	1.557325e-01
	1.554842e-01	1.552727e-01	1.550973e-01	1.549586e-01	1.548570e-01
	1.547924e-01	1.547656e-01	1.547781e-01	1.548318e-01	1.549286e-01
	1.550715e-01	1.552635e-01	1.555067e-01	1.558019e-01	1.561490e-01
	1.565476e-01	1.569993e-01	1.575105e-01	1.580940e-01	1.587703e-01
	1.595707e-01	1.605435e-01	1.617652e-01	1.633582e-01	1.655204e-01
	1.685693e-01	1.729106e-01	1.788131e-01	1.862296e-01	1.950146e-01
	2.053063e-01	2.176323e-01	2.328375e-01	2.518720e-01	2.753705e-01
	3.033507e-01	3.353803e-01	3.710457e-01	4.100329e-01	4.517532e-01
	4.953246e-01	5.400302e-01	5.856231e-01	6.321790e-01	6.796954e-01
	7.277852e-01	7.756773e-01	8.224396e-01	8.671745e-01	9.091294e-01
	9.477423e-01	9.826389e-01	1.013622e+00	1.040655e+00	1.063837e+00
	1.083383e+00	1.099590e+00	1.112809e+00	1.123420e+00	1.131805e+00
	1.138334e+00	1.143343e+00	1.147135e+00	1.149967e+00	1.152056e+00
	1.153580e+00	1.154680e+00	1.155465e+00	1.156020e+00	1.156409e+00
	1.156679e+00
cp [J/m^3K]
	2.197908e+03	2.198135e+03	2.198475e+03	2.198990e+03	2.199763e+03
	2.200914e+03	2.202598e+03	2.205004e+03	2.208353e+03	2.212874e+03
	2.218794e+03	2.226316e+03	2.235598e+03	2.246741e+03	2.259780e+03
	2.274684e+03	2.291359e+03	2.309652e+03	2.329369e+03	2.350281e+03
	2.372137e+03	2.394676e+03	2.417635e+03	2.440760e+03	2.463811e+03
	2.486567e+03	2.508836e+03	2.530445e+03	2.551242e+03	2.571074e+03
	2.589768e+03	2.607128e+03	2.622925e+03	2.636878e+03	2.648651e+03
	2.657867e+03	2.664090e+03	2.666771e+03	2.665146e+03	2.658005e+03
	2.643367e+03	2.618263e+03	2.578924e+03	2.525686e+03	2.465929e+03
	2.401285e+03	2.333147e+03	2.262840e+03	2.191560e+03	2.120304e+03
	2.050036e+03	1.981923e+03	1.917328e+03	1.857587e+03	1.803821e+03
	1.756807e+03	1.716927e+03	1.684003e+03	1.657263e+03	1.635671e+03
	1.618194e+03	1.603891e+03	1.591982e+03	1.581878e+03	1.573167e+03
	1.565573e+03	1.558893e+03	1.552975e+03	1.547701e+03	1.542973e+03
	1.538693e+03	1.534775e+03	1.531167e+03	1.527843e+03	1.524772e+03
	1.521909e+03	1.519211e+03	1.516654e+03	1.514220e+03	1.511884e+03
	1.509618e+03	1.507403e+03	1.505231e+03	1.503094e+03	1.500983e+03
	1.498886e+03	1.496777e+03	1.494613e+03	1.492335e+03	1.489860e+03
	1.487079e+03	1.483829e+03	1.479862e+03	1.474789e+03	1.468009e+03
	1.458636e+03	1.445770e+03	1.429348e+03	1.410457e+03	1.390285e+03
	1.369142e+03	1.346623e+03	1.322126e+03	1.295395e+03	1.266993e+03
	1.238188e+03	1.210272e+03	1.181809e+03	1.152947e+03	1.127170e+03
	1.105706e+03	1.088392e+03	1.074473e+03	1.063157e+03	1.053835e+03
	1.046098e+03	1.039659e+03	1.034298e+03	1.029833e+03	1.026112e+03
	1.023011e+03	1.020431e+03	1.018290e+03	1.016521e+03	1.015069e+03
	1.013885e+03	1.012928e+03	1.012161e+03	1.011553e+03	1.011075e+03
	1.010704e+03	1.010419e+03	1.010202e+03	1.010039e+03	1.009917e+03
	1.009827e+03	1.009760e+03	1.009712e+03	1.009677e+03	1.009652e+03
	1.009633e+03
lambda [W/m]
	3.231541e-02	3.232593e-02	3.234164e-02	3.236523e-02	3.240056e-02
	3.245302e-02	3.252978e-02	3.263976e-02	3.279347e-02	3.300253e-02
	3.327908e-02	3.363511e-02	3.408184e-02	3.462925e-02	3.528580e-02
	3.605838e-02	3.695230e-02	3.797153e-02	3.911892e-02	4.039647e-02
	4.180564e-02	4.334761e-02	4.502355e-02	4.683491e-02	4.878374e-02
	5.087312e-02	5.310769e-02	5.549410e-02	5.804098e-02	6.075778e-02
	6.365225e-02	6.672929e-02	6.998988e-02	7.342691e-02	7.702354e-02
	8.075858e-02	8.461192e-02	8.856877e-02	9.262965e-02	9.681376e-02
	1.011314e-01	1.055247e-01	1.098121e-01	1.138484e-01	1.177136e-01
	1.213175e-01	1.246026e-01	1.275368e-01	1.301082e-01	1.323216e-01
	1.341889e-01	1.357235e-01	1.369439e-01	1.378791e-01	1.385677e-01
	1.390543e-01	1.393843e-01	1.395998e-01	1.397364e-01	1.398204e-01
	1.398698e-01	1.398961e-01	1.399066e-01	1.399054e-01	1.398949e-01
	1.398764e-01	1.398505e-01	1.398172e-01	1.397763e-01	1.397271e-01
	1.396685e-01	1.395989e-01	1.395169e-01	1.394211e-01	1.393105e-01
	1.391829e-01	1.390361e-01	1.388679e-01	1.386766e-01	1.384597e-01
	1.382139e-01	1.379366e-01	1.376263e-01	1.372824e-01	1.369054e-01
	1.364951e-01	1.360497e-01	1.355626e-01	1.350225e-01	1.344116e-01
	1.337041e-01	1.328612e-01	1.318228e-01	1.304961e-01	1.287393e-01
	1.263447e-01	1.231039e-01	1.190105e-01	1.143356e-01	1.093753e-01
	1.042167e-01	9.878028e-02	9.295197e-02	8.671345e-02	8.024164e-02
	7.385577e-02	6.784394e-02	6.225992e-02	5.714894e-02	5.265152e-02
	4.878807e-02	4.549292e-02	4.265928e-02	4.018505e-02	3.799844e-02
	3.605991e-02	3.434940e-02	3.285234e-02	3.155356e-02	3.043624e-02
	2.948265e-02	2.867525e-02	2.799731e-02	2.743312e-02	2.696803e-02
	2.658851e-02	2.628211e-02	2.603749e-02	2.584445e-02	2.569388e-02
	2.557783e-02	2.548943e-02	2.542288e-02	2.537332e-02	2.533683e-02
	2.531022e-02	2.529101e-02	2.527726e-02	2.526750e-02	2.526062e-02
	2.525581e-02
mu [kg/s^2m]
	1.146011e-05	1.146138e-05	1.146366e-05	1.146764e-05	1.147432e-05
	1.148514e-05	1.150202e-05	1.152736e-05	1.156403e-05	1.161519e-05
	1.168413e-05	1.177412e-05	1.188820e-05	1.202907e-05	1.219900e-05
	1.239983e-05	1.263300e-05	1.289960e-05	1.320045e-05	1.353620e-05
	1.390740e-05	1.431461e-05	1.475846e-05	1.523975e-05	1.575949e-05
	1.631908e-05	1.692043e-05	1.756609e-05	1.825925e-05	1.900353e-05
	1.980225e-05	2.065823e-05	2.157358e-05	2.254863e-05	2.358164e-05
	2.467050e-05	2.581474e-05	2.701742e-05	2.828947e-05	2.965364e-05
	3.114087e-05	3.277704e-05	3.456784e-05	3.649438e-05	3.852302e-05
	4.062118e-05	4.276393e-05	4.492998e-05	4.710100e-05	4.926249e-05
	5.139795e-05	5.348121e-05	5.547641e-05	5.734412e-05	5.904759e-05
	6.055778e-05	6.185637e-05	6.294257e-05	6.383559e-05	6.456480e-05
	6.516112e-05	6.565355e-05	6.606681e-05	6.641986e-05	6.672592e-05
	6.699388e-05	6.723005e-05	6.743915e-05	6.762459e-05	6.778916e-05
	6.793552e-05	6.806590e-05	6.818125e-05	6.828166e-05	6.836745e-05
	6.843939e-05	6.849794e-05	6.854303e-05	6.857444e-05	6.859207e-05
	6.859559e-05	6.858449e-05	6.855836e-05	6.851710e-05	6.846090e-05
	6.839014e-05	6.830483e-05	6.820400e-05	6.808526e-05	6.794441e-05
	6.777484e-05	6.756618e-05	6.730185e-05	6.695531e-05	6.648403e-05
	6.582082e-05	6.488474e-05	6.363727e-05	6.212360e-05	6.041802e-05
	5.854290e-05	5.646376e-05	5.412629e-05	5.150836e-05	4.867216e-05
	4.575632e-05	4.290386e-05	4.020090e-05	3.768619e-05	3.538791e-05
	3.332425e-05	3.148748e-05	2.984719e-05	2.836800e-05	2.702481e-05
	2.580684e-05	2.471199e-05	2.373918e-05	2.288490e-05	2.214278e-05
	2.150448e-05	2.096071e-05	2.050192e-05	2.011868e-05	1.980187e-05
	1.954281e-05	1.933336e-05	1.916602e-05	1.903390e-05	1.893088e-05
	1.885152e-05	1.879114e-05	1.874574e-05	1.871201e-05	1.868724e-05
	1.866924e-05	1.865630e-05	1.864708e-05	1.864059e-05	1.863606e-05
	1.863292e-05
mDot_CH4 [kg/m^3s]
	0.000000e+00	4.962111e-16	6.508248e-15	2.665688e-14	7.890318e-14
	1.983259e-13	4.500718e-13	9.506767e-13	1.904288e-12	3.666515e-12
	6.860492e-12	1.259156e-11	2.284819e-11	4.125455e-11	7.448957e-11
	1.349705e-10	2.459379e-10	4.510891e-10	8.327969e-10	1.546442e-09
	2.884776e-09	5.397834e-09	1.011464e-08	1.894993e-08	3.544386e-08
	6.609713e-08	1.227630e-07	2.268822e-07	4.168171e-07	7.599404e-07
	1.370661e-06	2.433143e-06	4.219229e-06	7.072782e-06	1.131759e-05
	1.707413e-05	2.404530e-05	3.140861e-05	3.790678e-05	4.193693e-05
	4.121940e-05	3.190396e-05	8.078033e-06	-3.671921e-05	-1.095125e-04
	-2.266922e-04	-4.254546e-04	-7.780147e-04	-1.430499e-03	-2.691029e-03
	-5.199322e-03	-1.022861e-02	-2.019724e-02	-3.948941e-02	-7.564130e-02
	-1.407866e-01	-2.527115e-01	-4.348301e-01	-7.158030e-01	-1.129600e+00
	-1.716310e+00	-2.522484e+00	-3.595987e+00	-4.971100e+00	-6.645647e+00
	-8.562105e+00	-1.060784e+01	-1.263502e+01	-1.448913e+01	-1.604038e+01
	-1.720441e+01	-1.793904e+01	-1.823547e+01	-1.812053e+01	-1.765097e+01
	-1.689257e+01	-1.590833e+01	-1.476058e+01	-1.350716e+01	-1.219301e+01
	-1.085262e+01	-9.517855e+00	-8.219838e+00	-6.986277e+00	-5.839337e+00
	-4.793777e+00	-3.855179e+00	-3.021762e+00	-2.289115e+00	-1.654756e+00
	-1.119831e+00	-6.887617e-01	-3.674574e-01	-1.581734e-01	-4.959196e-02
	-1.016788e-02	-1.337794e-03	-1.299911e-04	-1.165727e-05	-1.143429e-06
	-1.309604e-07	-1.759787e-08	-2.769469e-09	-5.198031e-10	-1.189695e-10
	-3.238858e-11	-9.854361e-12	-3.232973e-12	-1.144741e-12	-4.420288e-13
	-1.861797e-13	-8.452682e-14	-4.061593e-14	-2.027931e-14	-1.037915e-14
	-5.407555e-15	-2.862349e-15	-1.539289e-15	-8.410867e-16	-4.667589e-16
	-2.627749e-16	-1.498311e-16	-8.634988e-17	-5.018026e-17	-2.932697e-17
	-1.718780e-17	-1.007113e-17	-5.881380e-18	-3.412108e-18	-1.960011e-18
	-1.110815e-18	-6.186412e-19	-3.369429e-19	-1.783367e-19	-9.089588e-20
	-4.398526e-20	-1.972475e-20	-7.825785e-21	-2.471852e-21	-4.432607e-22
	0.000000e+00
ScalarDissRate [1/s]
	3.903000e-06	7.864807e-06	2.571307e-05	7.944832e-05	2.305548e-04
	6.268708e-04	1.595559e-03	3.801377e-03	8.485236e-03	1.777955e-02
	3.507021e-02	6.534994e-02	1.154977e-01	1.944269e-01	3.130719e-01
	4.842088e-01	7.221347e-01	1.042236e+00	1.460484e+00	1.992886e+00
	2.654911e+00	3.460908e+00	4.423526e+00	5.553146e+00	6.857357e+00
	8.340522e+00	1.000349e+01	1.184318e+01	1.385174e+01	1.601469e+01
	1.830789e+01	2.069598e+01	2.313186e+01	2.555519e+01	2.789518e+01
	3.007919e+01	3.203988e+01	3.371859e+01	3.506625e+01	3.603463e+01
	3.655814e+01	3.654752e+01	3.592513e+01	3.468187e+01	3.288313e+01
	3.065230e+01	2.812335e+01	2.542884e+01	2.268668e+01	1.999148e+01
	1.741898e+01	1.503419e+01	1.288992e+01	1.102018e+01	9.437491e+00
	8.134936e+00	7.091300e+00	6.272818e+00	5.637064e+00	5.142665e+00
	4.754694e+00	4.445130e+00	4.192576e+00	3.981674e+00	3.802030e+00
	3.646683e+00	3.510695e+00	3.390375e+00	3.282981e+00	3.186297e+00
	3.098231e+00	3.016972e+00	2.941439e+00	2.871141e+00	2.805508e+00
	2.743635e+00	2.684699e+00	2.628267e+00	2.574029e+00	2.521492e+00
	2.470139e+00	2.419659e+00	2.369944e+00	2.320961e+00	2.272664e+00
	2.224907e+00	2.177284e+00	2.129043e+00	2.079091e+00	2.026032e+00
	1.968066e+00	1.902737e+00	1.826582e+00	1.734781e+00	1.621075e+00
	1.478591e+00	1.305999e+00	1.116876e+00	9.341949e-01	7.724584e-01
	6.329197e-01	5.115878e-01	4.051303e-01	3.127329e-01	2.354812e-01
	1.740398e-01	1.271555e-01	9.222549e-02	6.654039e-02	4.789751e-02
	3.453317e-02	2.497516e-02	1.807810e-02	1.303631e-02	9.322673e-03
	6.593966e-03	4.609500e-03	3.185053e-03	2.175722e-03	1.469049e-03
	9.798366e-04	6.450231e-04	4.186571e-04	2.676346e-04	1.683380e-04
	1.040813e-04	6.320714e-05	3.767782e-05	2.203608e-05	1.264152e-05
	7.112971e-06	3.925904e-06	2.126106e-06	1.130222e-06	5.900608e-07
	3.027141e-07	1.526982e-07	7.578117e-08	3.702598e-08	1.783593e-08
	1.192285e-08
ZBilger
	1.000000e+00	9.999763e-01	9.999280e-01	9.998369e-01	9.996760e-01
	9.994062e-01	9.989747e-01	9.983144e-01	9.973445e-01	9.959743e-01
	9.941064e-01	9.916428e-01	9.884890e-01	9.845581e-01	9.797738e-01
	9.740713e-01	9.673980e-01	9.597127e-01	9.509847e-01	9.411921e-01
	9.303206e-01	9.183618e-01	9.053117e-01	8.911694e-01	8.759348e-01
	8.596066e-01	8.421778e-01	8.236340e-01	8.039538e-01	7.831190e-01
	7.611336e-01	7.380308e-01	7.138767e-01	6.887937e-01	6.629612e-01
	6.365633e-01	6.097403e-01	5.825502e-01	5.548910e-01	5.264568e-01
	4.968667e-01	4.659587e-01	4.340401e-01	4.018240e-01	3.701073e-01
	3.394773e-01	3.102719e-01	2.826866e-01	2.568145e-01	2.326632e-01
	2.102365e-01	1.896102e-01	1.709157e-01	1.542778e-01	1.397734e-01
	1.274118e-01	1.171322e-01	1.087687e-01	1.020442e-01	9.664843e-02
	9.229431e-02	8.873339e-02	8.576434e-02	8.323685e-02	8.104723e-02
	7.912564e-02	7.742208e-02	7.589867e-02	7.452700e-02	7.328358e-02
	7.214506e-02	7.109071e-02	7.010857e-02	6.919388e-02	6.834048e-02
	6.753751e-02	6.677500e-02	6.604796e-02	6.535275e-02	6.468329e-02
	6.403306e-02	6.339804e-02	6.277653e-02	6.216745e-02	6.156927e-02
	6.097891e-02	6.038982e-02	5.979088e-02	5.916625e-02	5.849524e-02
	5.775022e-02	5.689181e-02	5.586125e-02	5.457007e-02	5.288908e-02
	5.064542e-02	4.770912e-02	4.418779e-02	4.043116e-02	3.674100e-02
	3.319854e-02	2.975569e-02	2.635473e-02	2.300227e-02	1.979345e-02
	1.685373e-02	1.425787e-02	1.200883e-02	1.007780e-02	8.438222e-03
	7.062657e-03	5.913036e-03	4.945185e-03	4.120051e-03	3.410419e-03
	2.800261e-03	2.279653e-03	1.840092e-03	1.472822e-03	1.168851e-03
	9.194262e-04	7.164753e-04	5.527736e-04	4.219612e-04	3.184906e-04
	2.375501e-04	1.749898e-04	1.272535e-04	9.132088e-05	6.465470e-05
	4.515214e-05	3.109761e-05	2.111580e-05	1.412505e-05	9.291585e-06
	5.985988e-06	3.743096e-06	2.226423e-06	1.197917e-06	4.931349e-07
	0.000000e+00
ScalarDissRateBilger [1/s]
	2.491350e-06	5.844217e-06	2.263565e-05	7.786942e-05	2.427021e-04
	6.935718e-04	1.830614e-03	4.483744e-03	1.022975e-02	2.181902e-02
	4.367081e-02	8.235321e-02	1.469397e-01	2.491379e-01	4.031245e-01
	6.250713e-01	9.324027e-01	1.342861e+00	1.873473e+00	2.539514e+00
	3.353545e+00	4.324575e+00	5.457402e+00	6.752144e+00	8.203993e+00
	9.803219e+00	1.153544e+01	1.338181e+01	1.531890e+01	1.731774e+01
	1.934229e+01	2.134967e+01	2.329162e+01	2.511531e+01	2.676739e+01
	2.820130e+01	2.938154e+01	3.028386e+01	3.089301e+01	3.119438e+01
	3.116332e+01	3.076546e+01	2.998470e+01	2.883808e+01	2.736897e+01
	2.565704e+01	2.378270e+01	2.182025e+01	1.983303e+01	1.787050e+01
	1.597323e+01	1.417988e+01	1.252695e+01	1.104359e+01	9.748104e+00
	8.647039e+00	7.736522e+00	7.000903e+00	6.413771e+00	5.945683e+00
	5.569526e+00	5.261881e+00	5.003689e+00	4.780486e+00	4.582026e+00
	4.401301e+00	4.233454e+00	4.075166e+00	3.924400e+00	3.779841e+00
	3.640169e+00	3.504155e+00	3.371440e+00	3.242496e+00	3.117517e+00
	2.995892e+00	2.877020e+00	2.761069e+00	2.648545e+00	2.539718e+00
	2.434981e+00	2.335346e+00	2.242343e+00	2.157580e+00	2.082385e+00
	2.017528e+00	1.963050e+00	1.918418e+00	1.882846e+00	1.855495e+00
	1.835348e+00	1.820781e+00	1.808740e+00	1.793377e+00	1.764566e+00
	1.708129e+00	1.612162e+00	1.479196e+00	1.326152e+00	1.168545e+00
	1.012394e+00	8.583167e-01	7.067989e-01	5.615573e-01	4.301384e-01
	3.199425e-01	2.335565e-01	1.686246e-01	1.208255e-01	8.614419e-02
	6.132285e-02	4.365151e-02	3.100404e-02	2.186958e-02	1.524821e-02
	1.047919e-02	7.092938e-03	4.729044e-03	3.106271e-03	2.009681e-03
	1.279752e-03	8.012641e-04	4.926372e-04	2.970224e-04	1.753745e-04
	1.012716e-04	5.712555e-05	3.144432e-05	1.687578e-05	8.825796e-06
	4.496953e-06	2.232826e-06	1.081227e-06	5.114633e-07	2.370117e-07
	1.080804e-07	4.883893e-08	2.209417e-08	1.015141e-08	4.828924e-09
	3.272204e-09
ChiAnalytOverChiStoich
	1.000000e-10	1.000000e-10	1.000000e-10	1.000000e-10	1.000000e-10
	1.000000e-10	1.000000e-10	1.000000e-10	3.578482e-03	1.354519e-02
	2.884689e-02	5.198036e-02	8.633279e-02	1.362803e-01	2.071838e-01
	3.052528e-01	4.372749e-01	6.102291e-01	8.308255e-01	1.105023e+00
	1.437581e+00	1.831689e+00	2.288708e+00	2.808054e+00	3.387209e+00
	4.021882e+00	4.706275e+00	5.433318e+00	6.194716e+00	6.980609e+00
	7.778902e+00	8.575195e+00	9.353032e+00	1.009376e+01	1.077768e+01
	1.138660e+01	1.190552e+01	1.232288e+01	1.263015e+01	1.281871e+01
	1.287521e+01	1.278121e+01	1.252166e+01	1.209670e+01	1.152529e+01
	1.083785e+01	1.006748e+01	9.246055e+00	8.401704e+00	7.557343e+00
	6.732723e+00	5.947380e+00	5.220246e+00	4.566922e+00	3.997618e+00
	3.516387e+00	3.121624e+00	2.805735e+00	2.556187e+00	2.359364e+00
	2.203071e+00	2.077110e+00	1.973469e+00	1.886298e+00	1.811607e+00
	1.746722e+00	1.689736e+00	1.639218e+00	1.594100e+00	1.553510e+00
	1.516608e+00	1.482664e+00	1.451248e+00	1.422168e+00	1.395195e+00
	1.369958e+00	1.346122e+00	1.323513e+00	1.302003e+00	1.281393e+00
	1.261473e+00	1.242113e+00	1.223255e+00	1.204863e+00	1.186885e+00
	1.169227e+00	1.151691e+00	1.133949e+00	1.115541e+00	1.095874e+00
	1.074173e+00	1.049344e+00	1.019790e+00	9.831583e-01	9.361443e-01
	8.746196e-01	7.963012e-01	7.058220e-01	6.136662e-01	5.277876e-01
	4.499275e-01	3.787921e-01	3.131417e-01	2.531490e-01	2.003313e-01
	1.560780e-01	1.204254e-01	9.222794e-02	7.007469e-02	5.279715e-02
	3.941167e-02	2.901646e-02	2.083256e-02	1.427068e-02	8.936448e-03
	4.580703e-03	1.034298e-03	1.000000e-10	1.000000e-10	1.000000e-10
	1.000000e-10	1.000000e-10	1.000000e-10	1.000000e-10	1.000000e-10
	1.000000e-10	1.000000e-10	1.000000e-10	1.000000e-10	1.000000e-10
	1.000000e-10	1.000000e-10	1.000000e-10	1.000000e-10	1.000000e-10
	1.000000e-10	1.000000e-10	1.000000e-10	1.000000e-10	1.000000e-10
	1.000000e-10
ChiKWOverChiKWStoich
	7.011068e-11	7.011320e-11	7.011720e-11	7.012352e-11	7.013339e-11
	7.014856e-11	7.017131e-11	7.020451e-11	2.513937e-03	9.524424e-03
	2.030864e-02	3.665227e-02	6.099403e-02	9.651166e-02	1.471407e-01
	2.175046e-01	3.127501e-01	4.382985e-01	5.995359e-01	8.014774e-01
	1.048439e+00	1.343750e+00	1.689537e+00	2.086588e+00	2.534312e+00
	3.030806e+00	3.573005e+00	4.156814e+00	4.777100e+00	5.427368e+00
	6.099111e+00	6.781635e+00	7.462113e+00	8.125291e+00	8.754269e+00
	9.332697e+00	9.846369e+00	1.028377e+01	1.063613e+01	1.089513e+01
	1.104846e+01	1.107824e+01	1.096715e+01	1.070902e+01	1.031374e+01
	9.802746e+00	9.201966e+00	8.538003e+00	7.835590e+00	7.115923e+00
	6.398069e+00	5.701465e+00	5.045603e+00	4.447481e+00	3.919422e+00
	3.467987e+00	3.094114e+00	2.792571e+00	2.552821e+00	2.362742e+00
	2.211168e+00	2.088585e+00	1.987429e+00	1.902132e+00	1.828883e+00
	1.765116e+00	1.709000e+00	1.659157e+00	1.614553e+00	1.574342e+00
	1.537704e+00	1.503921e+00	1.472569e+00	1.443461e+00	1.416372e+00
	1.390931e+00	1.366803e+00	1.343813e+00	1.321832e+00	1.300657e+00
	1.280072e+00	1.259944e+00	1.240215e+00	1.220852e+00	1.201809e+00
	1.182997e+00	1.164219e+00	1.145135e+00	1.125262e+00	1.103972e+00
	1.080437e+00	1.053494e+00	1.021444e+00	9.818025e-01	9.311055e-01
	8.650911e-01	7.815805e-01	6.858087e-01	5.890749e-01	4.997804e-01
	4.196945e-01	3.474437e-01	2.817654e-01	2.228413e-01	1.721005e-01
	1.306671e-01	9.822530e-02	7.333130e-02	5.436899e-02	4.003003e-02
	2.925227e-02	2.112282e-02	1.489914e-02	1.004148e-02	6.194336e-03
	3.131562e-03	6.982530e-04	6.675171e-11	6.608714e-11	6.551102e-11
	6.501654e-11	6.459618e-11	6.424220e-11	6.394701e-11	6.370333e-11
	6.350431e-11	6.334354e-11	6.321516e-11	6.311384e-11	6.303483e-11
	6.297396e-11	6.292762e-11	6.289277e-11	6.286685e-11	6.284779e-11
	6.283393e-11	6.282395e-11	6.281683e-11	6.281179e-11	6.280827e-11
	6.280583e-11
ChiKWFact
	7.011068e-01	7.011320e-01	7.011720e-01	7.012352e-01	7.013339e-01
	7.014856e-01	7.017131e-01	7.020451e-01	7.025150e-01	7.031592e-01
	7.040149e-01	7.051177e-01	7.064990e-01	7.081849e-01	7.101942e-01
	7.125393e-01	7.152255e-01	7.182524e-01	7.216148e-01	7.253036e-01
	7.293073e-01	7.336126e-01	7.382056e-01	7.430725e-01	7.482007e-01
	7.535791e-01	7.592002e-01	7.650599e-01	7.711573e-01	7.774920e-01
	7.840581e-01	7.908432e-01	7.978283e-01	8.049814e-01	8.122591e-01
	8.196208e-01	8.270427e-01	8.345266e-01	8.421221e-01	8.499394e-01
	8.581193e-01	8.667600e-01	8.758542e-01	8.852839e-01	8.948789e-01
	9.044919e-01	9.140287e-01	9.234212e-01	9.326192e-01	9.415905e-01
	9.502944e-01	9.586515e-01	9.665450e-01	9.738466e-01	9.804393e-01
	9.862358e-01	9.911873e-01	9.953081e-01	9.986833e-01	1.001432e+00
	1.003675e+00	1.005525e+00	1.007074e+00	1.008395e+00	1.009536e+00
	1.010531e+00	1.011401e+00	1.012164e+00	1.012831e+00	1.013410e+00
	1.013910e+00	1.014337e+00	1.014691e+00	1.014972e+00	1.015178e+00
	1.015309e+00	1.015364e+00	1.015338e+00	1.015229e+00	1.015033e+00
	1.014744e+00	1.014355e+00	1.013865e+00	1.013270e+00	1.012574e+00
	1.011777e+00	1.010878e+00	1.009865e+00	1.008714e+00	1.007389e+00
	1.005832e+00	1.003955e+00	1.001623e+00	9.986210e-01	9.946176e-01
	9.891055e-01	9.815138e-01	9.716454e-01	9.599273e-01	9.469347e-01
	9.328047e-01	9.172412e-01	8.998016e-01	8.802776e-01	8.590795e-01
	8.371910e-01	8.156527e-01	7.951094e-01	7.758720e-01	7.581854e-01
	7.422236e-01	7.279600e-01	7.151852e-01	7.036438e-01	6.931542e-01
	6.836423e-01	6.750983e-01	6.675171e-01	6.608714e-01	6.551102e-01
	6.501654e-01	6.459618e-01	6.424220e-01	6.394701e-01	6.370333e-01
	6.350431e-01	6.334354e-01	6.321516e-01	6.311384e-01	6.303483e-01
	6.297396e-01	6.292762e-01	6.289277e-01	6.286685e-01	6.284779e-01
	6.283393e-01	6.282395e-01	6.281683e-01	6.281179e-01	6.280827e-01
	6.280583e-01
MolarMass [kg/kmole]
	1.604300e+01	1.604206e+01	1.604101e+01	1.603993e+01	1.603897e+01
	1.603838e+01	1.603849e+01	1.603974e+01	1.604268e+01	1.604795e+01
	1.605625e+01	1.606829e+01	1.608480e+01	1.610645e+01	1.613389e+01
	1.616769e+01	1.620838e+01	1.625643e+01	1.631227e+01	1.637628e+01
	1.644885e+01	1.653032e+01	1.662106e+01	1.672144e+01	1.683186e+01
	1.695277e+01	1.708472e+01	1.722835e+01	1.738444e+01	1.755382e+01
	1.773721e+01	1.793518e+01	1.814802e+01	1.837556e+01	1.861703e+01
	1.887150e+01	1.913833e+01	1.941763e+01	1.971118e+01	2.002329e+01
	2.035967e+01	2.072418e+01	2.111533e+01	2.152610e+01	2.194686e+01
	2.236931e+01	2.278746e+01	2.319668e+01	2.359346e+01	2.397544e+01
	2.434029e+01	2.468446e+01	2.500343e+01	2.529273e+01	2.554885e+01
	2.576977e+01	2.595512e+01	2.610685e+01	2.622932e+01	2.632779e+01
	2.640733e+01	2.647240e+01	2.652665e+01	2.657287e+01	2.661298e+01
	2.664831e+01	2.667980e+01	2.670821e+01	2.673408e+01	2.675785e+01
	2.677998e+01	2.680086e+01	2.682073e+01	2.683968e+01	2.685780e+01
	2.687531e+01	2.689241e+01	2.690921e+01	2.692576e+01	2.694221e+01
	2.695868e+01	2.697528e+01	2.699201e+01	2.700888e+01	2.702588e+01
	2.704304e+01	2.706049e+01	2.707849e+01	2.709745e+01	2.711792e+01
	2.714064e+01	2.716665e+01	2.719741e+01	2.723501e+01	2.728224e+01
	2.734237e+01	2.741691e+01	2.750187e+01	2.758922e+01	2.767334e+01
	2.775367e+01	2.783217e+01	2.791088e+01	2.799036e+01	2.806906e+01
	2.814450e+01	2.821504e+01	2.828042e+01	2.834088e+01	2.839633e+01
	2.844658e+01	2.849188e+01	2.853291e+01	2.857050e+01	2.860521e+01
	2.863724e+01	2.866657e+01	2.869312e+01	2.871690e+01	2.873799e+01
	2.875651e+01	2.877264e+01	2.878657e+01	2.879848e+01	2.880858e+01
	2.881705e+01	2.882409e+01	2.882988e+01	2.883459e+01	2.883838e+01
	2.884140e+01	2.884378e+01	2.884565e+01	2.884709e+01	2.884820e+01
	2.884905e+01	2.884970e+01	2.885019e+01	2.885056e+01	2.885085e+01
	2.885106e+01
TotalEnthalpy [J/kg]
	-4.664239e+06	-4.664070e+06	-4.663788e+06	-4.663321e+06	-4.662566e+06
	-4.661372e+06	-4.659538e+06	-4.656809e+06	-4.652883e+06	-4.647419e+06
	-4.640056e+06	-4.630428e+06	-4.618181e+06	-4.602985e+06	-4.584541e+06
	-4.562582e+06	-4.536873e+06	-4.507205e+06	-4.473396e+06	-4.435276e+06
	-4.392691e+06	-4.345493e+06	-4.293537e+06	-4.236678e+06	-4.174762e+06
	-4.107616e+06	-4.035037e+06	-3.956776e+06	-3.872541e+06	-3.782041e+06
	-3.685068e+06	-3.581541e+06	-3.471529e+06	-3.355382e+06	-3.233751e+06
	-3.107374e+06	-2.976834e+06	-2.842360e+06	-2.703404e+06	-2.558358e+06
	-2.405162e+06	-2.242851e+06	-2.073012e+06	-1.899725e+06	-1.727739e+06
	-1.560842e+06	-1.401528e+06	-1.251481e+06	-1.111738e+06	-9.827587e+05
	-8.648591e+05	-7.585833e+05	-6.645671e+05	-5.831854e+05	-5.143621e+05
	-4.575444e+05	-4.117923e+05	-3.757284e+05	-3.476196e+05	-3.257589e+05
	-3.086902e+05	-2.952347e+05	-2.844921e+05	-2.758255e+05	-2.688162e+05
	-2.631923e+05	-2.587610e+05	-2.553726e+05	-2.529034e+05	-2.512407e+05
	-2.502781e+05	-2.499252e+05	-2.501053e+05	-2.507402e+05	-2.517485e+05
	-2.530588e+05	-2.546100e+05	-2.563375e+05	-2.581757e+05	-2.600677e+05
	-2.619605e+05	-2.637941e+05	-2.655009e+05	-2.670131e+05	-2.682685e+05
	-2.692148e+05	-2.698081e+05	-2.700014e+05	-2.697241e+05	-2.688584e+05
	-2.672064e+05	-2.644352e+05	-2.599792e+05	-2.528817e+05	-2.416002e+05
	-2.239519e+05	-1.982938e+05	-1.665288e+05	-1.343412e+05	-1.065292e+05
	-8.460983e+04	-6.841173e+04	-5.752758e+04	-5.156116e+04	-4.969311e+04
	-5.040767e+04	-5.199613e+04	-5.323048e+04	-5.338608e+04	-5.236099e+04
	-5.036017e+04	-4.766478e+04	-4.449837e+04	-4.100390e+04	-3.728337e+04
	-3.343850e+04	-2.958045e+04	-2.581511e+04	-2.222950e+04	-1.888634e+04
	-1.582479e+04	-1.306489e+04	-1.061185e+04	-8.459794e+03	-6.594810e+03
	-4.997431e+03	-3.644679e+03	-2.511690e+03	-1.573020e+03	-8.036311e+02
	-1.796443e+02	3.211446e+02	7.189240e+02	1.031682e+03	1.275147e+03
	1.462832e+03	1.606148e+03	1.714578e+03	1.795866e+03	1.856209e+03
	1.900584e+03
trailer
Lewis numbers evaluated at maximum consumption
N2	-1
O2	1.00585
@ Z = 0.0492885
H	0.170404
@ Z = 0.0595532
OH	0.671038
@ Z = 0.0556862
O	0.656539
@ Z = 0.0517814
H2	0.279625
@ Z = 0.0462682
H2O	-1
HO2	1.00277
@ Z = 0.00572975
H2O2	0.990968
@ Z = 0.0226403
CO	1.01064
@ Z = 0.0423099
CO2	1.29178
@ Z = 0.0578898
CH	0.610968
@ Z = 0.0479272
CHO	1.15454
@ Z = 0.0462682
CH2	0.884091
@ Z = 0.0492885
CH2O	1.16538
@ Z = 0.0471518
CH3	0.921066
@ Z = 0.0511584
CH4	0.927944
@ Z = 0.0595532
C2H6	1.34426
@ Z = 0.0586959
C2H	1.191
@ Z = 0.0486308
C2H2	1.2074
@ Z = 0.0517814
CHCO	0.810748
@ Z = 0.0511584
C3H3	1.63637
@ Z = 0.0511584
C2H3	1.2192
@ Z = 0.0517814
C2H4	1.22165
@ Z = 0.0556862
C2H5	1.33078
@ Z = 0.0536895
C3H4	1.59575
@ Z = 0.0492885
C3H5	1.64055
@ Z = 0.0479272
C3H6	1.71524
@ Z = 0.054341
N-C3H7	1.72177
@ Z = 0.0530465
I-C3H7	1.72323
@ Z = 0.054341
C3H8	1.71153
@ Z = 0.00797811
Lewis numbers evaluated at maximum formation
N2	-1
O2	1.00333
@ Z = 0.0110696
H	0.168437
@ Z = 0.0486308
OH	0.663262
@ Z = 0.0452235
O	0.646456
@ Z = 0.0401946
H2	0.282237
@ Z = 0.0578898
H2O	0.747016
@ Z = 0.0505397
HO2	0.988033
@ Z = 0.0110696
H2O2	0.991151
@ Z = 0.0151523
CO	1.0235
@ Z = 0.0524105
CO2	1.27705
@ Z = 0.0452235
CH	0.614666
@ Z = 0.0530465
CHO	1.16197
@ Z = 0.0517814
CH2	0.889355
@ Z = 0.0556862
CH2O	1.17278
@ Z = 0.0530465
CH3	0.92457
@ Z = 0.0604673
CH4	0.68954
@ Z = 0.539765
C2H6	1.33768
@ Z = 0.0765979
C2H	1.1986
@ Z = 0.0556862
C2H2	1.21046
@ Z = 0.0636292
CHCO	0.814529
@ Z = 0.0604673
C3H3	1.64258
@ Z = 0.0578898
C2H3	1.22363
@ Z = 0.0595532
C2H4	1.22093
@ Z = 0.0678201
C2H5	1.33339
@ Z = 0.0614426
C3H4	1.60412
@ Z = 0.0556862
C3H5	1.65084
@ Z = 0.054341
C3H6	1.7174
@ Z = 0.0614426
N-C3H7	1.72553
@ Z = 0.0586959
I-C3H7	1.70358
@ Z = 0.00797811
C3H8	-1
Lewis numbers evaluated at maximum mass fraction
N2	0.921288
@ Z = 9.41316e-07
O2	1.05235
@ Z = 9.41316e-07
H	0.167476
@ Z = 0.0452235
OH	0.658763
@ Z = 0.0401946
O	0.642012
@ Z = 0.0344043
H2	0.281127
@ Z = 0.0889525
H2O	0.751438
@ Z = 0.0604673
HO2	0.985906
@ Z = 0.0129835
H2O2	0.991151
@ Z = 0.0151523
CO	1.02641
@ Z = 0.0636292
CO2	1.28431
@ Z = 0.0492885
CH	0.614993
@ Z = 0.0536895
CHO	1.16197
@ Z = 0.0517814
CH2	0.889903
@ Z = 0.0571249
CH2O	1.17426
@ Z = 0.0550044
CH3	0.924349
@ Z = 0.0636292
CH4	1.04363
@ Z = 0.99997
C2H6	1.293
@ Z = 0.196848
C2H	1.19895
@ Z = 0.0563919
C2H2	1.18856
@ Z = 0.113151
CHCO	0.81155
@ Z = 0.073875
C3H3	1.64284
@ Z = 0.0595532
C2H3	1.22364
@ Z = 0.0604673
C2H4	1.21541
@ Z = 0.079879
C2H5	1.33259
@ Z = 0.0648816
C3H4	1.60486
@ Z = 0.0571249
C3H5	1.65142
@ Z = 0.0550044
C3H6	1.61062
@ Z = 0.507827
N-C3H7	1.65258
@ Z = 0.709257
I-C3H7	1.80063
@ Z = 0.99457
C3H8	1.7919
@ Z = 0.976844
