header

title = "planar counterflow diffusion flame"
author = ""
date = "Wed Aug 14 11:00:45 2013"

fuel = "CH4"
pressure = 1 [bar]
strainrate = 30 [1/s]
chiStoichAnal = 0.738639 [1/s]
chiStoichAnalKW = 1.18293 [1/s]
FlameLocZ = 0.0535464 [K]
FlameLocBilger = 0.0641513 [K]
Tmax = 2130.78 [K]
stoichScalarDissRate = 1.29844 [1/s]
stoichScalarDissRateBilger = 0.901617 [1/s]

OxidizerSide
begin
	Temperature = 300 [K]
	Massfraction-N2 = 0.76708
	Massfraction-O2 = 0.23292
	Molefraction-N2 = 0.79
	Molefraction-O2 = 0.21
end

FuelSide
begin
	Temperature = 300 [K]
	Massfraction-CH4 = 1
	Molefraction-CH4 = 1
end

numOfSpecies = 31
gridPoints = 141

body
eta
	0.000000e+00	9.581003e-02	1.913100e-01	2.859049e-01	3.787604e-01
	4.696084e-01	5.581937e-01	6.439603e-01	7.268120e-01	8.068786e-01
	8.840663e-01	9.580788e-01	1.028725e+00	1.096186e+00	1.160670e+00
	1.222256e+00	1.281055e+00	1.337210e+00	1.390892e+00	1.442281e+00
	1.491567e+00	1.538940e+00	1.584587e+00	1.628691e+00	1.671431e+00
	1.712984e+00	1.753536e+00	1.793294e+00	1.832494e+00	1.871358e+00
	1.910059e+00	1.948658e+00	1.987045e+00	2.025005e+00	2.062415e+00
	2.099360e+00	2.136062e+00	2.172800e+00	2.209996e+00	2.248289e+00
	2.288419e+00	2.330939e+00	2.375895e+00	2.422762e+00	2.470753e+00
	2.519283e+00	2.568191e+00	2.617601e+00	2.667725e+00	2.718764e+00
	2.770835e+00	2.823775e+00	2.876520e+00	2.926742e+00	2.971893e+00
	3.010471e+00	3.042316e+00	3.068054e+00	3.088499e+00	3.104716e+00
	3.117790e+00	3.128573e+00	3.137712e+00	3.145590e+00	3.152513e+00
	3.158767e+00	3.164451e+00	3.169639e+00	3.174461e+00	3.178974e+00
	3.183249e+00	3.187339e+00	3.191272e+00	3.195075e+00	3.198768e+00
	3.202366e+00	3.205879e+00	3.209321e+00	3.212702e+00	3.216040e+00
	3.219352e+00	3.222648e+00	3.225938e+00	3.229230e+00	3.232529e+00
	3.235843e+00	3.239201e+00	3.242643e+00	3.246229e+00	3.250103e+00
	3.254522e+00	3.259938e+00	3.267368e+00	3.278834e+00	3.296508e+00
	3.320245e+00	3.347279e+00	3.375204e+00	3.403591e+00	3.432998e+00
	3.464100e+00	3.497623e+00	3.534537e+00	3.575775e+00	3.621472e+00
	3.670958e+00	3.723689e+00	3.780004e+00	3.840540e+00	3.904734e+00
	3.970900e+00	4.038009e+00	4.106158e+00	4.175701e+00	4.246808e+00
	4.319492e+00	4.393699e+00	4.469349e+00	4.546366e+00	4.624722e+00
	4.704425e+00	4.785532e+00	4.868097e+00	4.952082e+00	5.037419e+00
	5.124056e+00	5.211982e+00	5.301261e+00	5.391851e+00	5.483552e+00
	5.576277e+00	5.670070e+00	5.764827e+00	5.860356e+00	5.956631e+00
	6.053637e+00	6.151193e+00	6.249201e+00	6.347553e+00	6.445971e+00
	6.544325e+00
y [m]
	-7.732097e-03	-7.605830e-03	-7.479950e-03	-7.355232e-03	-7.232758e-03
	-7.112861e-03	-6.995846e-03	-6.882406e-03	-6.772616e-03	-6.666237e-03
	-6.563311e-03	-6.464141e-03	-6.368884e-03	-6.277193e-03	-6.188680e-03
	-6.103129e-03	-6.020289e-03	-5.939869e-03	-5.861551e-03	-5.785007e-03
	-5.709904e-03	-5.635911e-03	-5.562706e-03	-5.489968e-03	-5.417380e-03
	-5.344619e-03	-5.271333e-03	-5.197105e-03	-5.121438e-03	-5.043811e-03
	-4.963762e-03	-4.881031e-03	-4.795735e-03	-4.708289e-03	-4.618964e-03
	-4.527570e-03	-4.433550e-03	-4.336122e-03	-4.234018e-03	-4.125184e-03
	-4.006995e-03	-3.877062e-03	-3.734324e-03	-3.579532e-03	-3.414560e-03
	-3.240953e-03	-3.058970e-03	-2.867864e-03	-2.666468e-03	-2.453566e-03
	-2.228205e-03	-1.990685e-03	-1.745724e-03	-1.504903e-03	-1.282256e-03
	-1.087541e-03	-9.237890e-04	-7.895065e-04	-6.816360e-04	-5.953287e-04
	-5.252856e-04	-4.672021e-04	-4.177563e-04	-3.749795e-04	-3.372665e-04
	-3.031042e-04	-2.719825e-04	-2.435129e-04	-2.169964e-04	-1.921336e-04
	-1.685467e-04	-1.459474e-04	-1.241891e-04	-1.031165e-04	-8.263713e-05
	-6.266447e-05	-4.315056e-05	-2.401569e-05	-5.215799e-06	1.334851e-05
	3.177000e-05	5.009612e-05	6.838214e-05	8.665974e-05	1.049557e-04
	1.233135e-04	1.418727e-04	1.608609e-04	1.805909e-04	2.018428e-04
	2.259978e-04	2.554581e-04	2.956159e-04	3.569663e-04	4.500194e-04
	5.720361e-04	7.066824e-04	8.406875e-04	9.713145e-04	1.100425e-03
	1.229913e-03	1.361289e-03	1.496283e-03	1.635582e-03	1.776713e-03
	1.915320e-03	2.048619e-03	2.176766e-03	2.300548e-03	2.418463e-03
	2.527978e-03	2.628691e-03	2.722119e-03	2.809862e-03	2.893031e-03
	2.972410e-03	3.048626e-03	3.122214e-03	3.193649e-03	3.263390e-03
	3.331865e-03	3.399486e-03	3.466605e-03	3.533455e-03	3.600213e-03
	3.667034e-03	3.734077e-03	3.801531e-03	3.869479e-03	3.937867e-03
	4.006712e-03	4.076112e-03	4.146042e-03	4.216402e-03	4.287206e-03
	4.358468e-03	4.430074e-03	4.501970e-03	4.574086e-03	4.646228e-03
	4.718307e-03
f
	-3.529277e+00	-3.400790e+00	-3.272714e+00	-3.145842e+00	-3.021289e+00
	-2.899405e+00	-2.780523e+00	-2.665373e+00	-2.554065e+00	-2.446399e+00
	-2.342470e+00	-2.242644e+00	-2.147139e+00	-2.055672e+00	-1.967919e+00
	-1.883733e+00	-1.802922e+00	-1.725254e+00	-1.650466e+00	-1.578275e+00
	-1.508396e+00	-1.440539e+00	-1.374422e+00	-1.309766e+00	-1.246298e+00
	-1.183742e+00	-1.121806e+00	-1.060153e+00	-9.983939e-01	-9.361393e-01
	-8.730679e-01	-8.090307e-01	-7.441724e-01	-6.788450e-01	-6.132695e-01
	-5.473162e-01	-4.806015e-01	-4.126118e-01	-3.425344e-01	-2.690835e-01
	-1.906950e-01	-1.060918e-01	-1.498305e-02	8.170133e-02	1.823572e-01
	2.856694e-01	3.911492e-01	4.988840e-01	6.091358e-01	7.221102e-01
	8.377905e-01	9.554788e-01	1.072433e+00	1.183176e+00	1.281966e+00
	1.365636e+00	1.434097e+00	1.488974e+00	1.532250e+00	1.566365e+00
	1.593719e+00	1.616179e+00	1.635137e+00	1.651420e+00	1.665683e+00
	1.678528e+00	1.690170e+00	1.700768e+00	1.710595e+00	1.719772e+00
	1.728444e+00	1.736722e+00	1.744665e+00	1.752332e+00	1.759760e+00
	1.766983e+00	1.774020e+00	1.780903e+00	1.787650e+00	1.794297e+00
	1.800881e+00	1.807419e+00	1.813933e+00	1.820437e+00	1.826942e+00
	1.833465e+00	1.840057e+00	1.846802e+00	1.853812e+00	1.861367e+00
	1.869961e+00	1.880454e+00	1.894780e+00	1.916716e+00	1.950116e+00
	1.994218e+00	2.043447e+00	2.093232e+00	2.142737e+00	2.192851e+00
	2.244569e+00	2.298863e+00	2.356961e+00	2.419865e+00	2.487281e+00
	2.557813e+00	2.630422e+00	2.705362e+00	2.783259e+00	2.863250e+00
	2.943296e+00	3.022357e+00	3.100767e+00	3.179116e+00	3.257752e+00
	3.336830e+00	3.416427e+00	3.496585e+00	3.577343e+00	3.658779e+00
	3.740999e+00	3.824150e+00	3.908361e+00	3.993658e+00	4.080033e+00
	4.167482e+00	4.256037e+00	4.345800e+00	4.436757e+00	4.528733e+00
	4.621661e+00	4.715603e+00	4.810467e+00	4.906072e+00	5.002399e+00
	5.099440e+00	5.197018e+00	5.295040e+00	5.393399e+00	5.491819e+00
	5.590174e+00
df/deta
	1.341029e+00	1.341060e+00	1.341115e+00	1.341210e+00	1.341367e+00
	1.341618e+00	1.342009e+00	1.342598e+00	1.343463e+00	1.344704e+00
	1.346437e+00	1.348786e+00	1.351877e+00	1.355848e+00	1.360840e+00
	1.366974e+00	1.374358e+00	1.383079e+00	1.393203e+00	1.404779e+00
	1.417837e+00	1.432390e+00	1.448440e+00	1.465977e+00	1.484985e+00
	1.505445e+00	1.527344e+00	1.550687e+00	1.575507e+00	1.601845e+00
	1.629714e+00	1.659037e+00	1.689580e+00	1.720973e+00	1.752889e+00
	1.785159e+00	1.817740e+00	1.850647e+00	1.884015e+00	1.918149e+00
	1.953372e+00	1.989716e+00	2.026621e+00	2.062945e+00	2.097372e+00
	2.128847e+00	2.156697e+00	2.180436e+00	2.199570e+00	2.213515e+00
	2.221585e+00	2.223034e+00	2.217357e+00	2.205050e+00	2.188023e+00
	2.168864e+00	2.149774e+00	2.132144e+00	2.116720e+00	2.103583e+00
	2.092409e+00	2.082798e+00	2.074372e+00	2.066903e+00	2.060181e+00
	2.053981e+00	2.048243e+00	2.042918e+00	2.037893e+00	2.033126e+00
	2.028553e+00	2.024125e+00	2.019819e+00	2.015609e+00	2.011481e+00
	2.007418e+00	2.003414e+00	1.999455e+00	1.995533e+00	1.991628e+00
	1.987722e+00	1.983805e+00	1.979864e+00	1.975892e+00	1.971884e+00
	1.967829e+00	1.963695e+00	1.959428e+00	1.954955e+00	1.950092e+00
	1.944506e+00	1.937609e+00	1.928061e+00	1.913148e+00	1.889795e+00
	1.857886e+00	1.821054e+00	1.782774e+00	1.743948e+00	1.704148e+00
	1.662855e+00	1.619615e+00	1.573868e+00	1.525413e+00	1.475260e+00
	1.425290e+00	1.376972e+00	1.330741e+00	1.286787e+00	1.246072e+00
	1.209766e+00	1.178102e+00	1.150575e+00	1.126635e+00	1.105876e+00
	1.087974e+00	1.072637e+00	1.059588e+00	1.048562e+00	1.039308e+00
	1.031590e+00	1.025194e+00	1.019930e+00	1.015634e+00	1.012159e+00
	1.009374e+00	1.007160e+00	1.005414e+00	1.004052e+00	1.003000e+00
	1.002195e+00	1.001586e+00	1.001129e+00	1.000790e+00	1.000541e+00
	1.000359e+00	1.000230e+00	1.000138e+00	1.000073e+00	1.000029e+00
	1.000000e+00
Z
	1.000000e+00	9.999773e-01	9.999379e-01	9.998713e-01	9.997618e-01
	9.995871e-01	9.993158e-01	9.989080e-01	9.983124e-01	9.974639e-01
	9.962874e-01	9.947039e-01	9.926333e-01	9.899871e-01	9.866747e-01
	9.826147e-01	9.777338e-01	9.719675e-01	9.652601e-01	9.575650e-01
	9.488432e-01	9.390626e-01	9.281967e-01	9.162231e-01	9.031218e-01
	8.888726e-01	8.734494e-01	8.568102e-01	8.388902e-01	8.196146e-01
	7.989240e-01	7.768204e-01	7.534276e-01	7.289782e-01	7.036881e-01
	6.776536e-01	6.508715e-01	6.232849e-01	5.947198e-01	5.648263e-01
	5.331839e-01	4.995634e-01	4.642201e-01	4.279439e-01	3.917446e-01
	3.564207e-01	3.223858e-01	2.898091e-01	2.587801e-01	2.293866e-01
	2.017483e-01	1.760913e-01	1.529423e-01	1.330727e-01	1.169482e-01
	1.044176e-01	9.490168e-02	8.773584e-02	8.236618e-02	7.830372e-02
	7.515240e-02	7.263423e-02	7.055623e-02	6.880584e-02	6.729817e-02
	6.596052e-02	6.476465e-02	6.368929e-02	6.270339e-02	6.179246e-02
	6.094011e-02	6.013408e-02	5.936768e-02	5.863429e-02	5.792972e-02
	5.725019e-02	5.659337e-02	5.595597e-02	5.533599e-02	5.472973e-02
	5.413380e-02	5.354641e-02	5.296556e-02	5.239004e-02	5.181885e-02
	5.125049e-02	5.068058e-02	5.010221e-02	4.950612e-02	4.886946e-02
	4.815243e-02	4.728719e-02	4.612374e-02	4.438104e-02	4.181595e-02
	3.859099e-02	3.520835e-02	3.201840e-02	2.907184e-02	2.631138e-02
	2.368870e-02	2.117179e-02	1.873194e-02	1.636610e-02	1.412422e-02
	1.207456e-02	1.024813e-02	8.630496e-03	7.200994e-03	5.963975e-03
	4.926646e-03	4.069693e-03	3.359292e-03	2.766822e-03	2.271746e-03
	1.858530e-03	1.514505e-03	1.229016e-03	9.929424e-04	7.983874e-04
	6.386044e-04	5.078404e-04	4.012835e-04	3.149693e-04	2.455142e-04
	1.899997e-04	1.459169e-04	1.111262e-04	8.387948e-05	6.274097e-05
	4.647184e-05	3.403458e-05	2.460666e-05	1.752488e-05	1.224346e-05
	8.332799e-06	5.462125e-06	3.370547e-06	1.857789e-06	7.729592e-07
	0.000000e+00
temperature [K]
	3.000000e+02	3.000265e+02	3.000726e+02	3.001504e+02	3.002782e+02
	3.004822e+02	3.007988e+02	3.012743e+02	3.019682e+02	3.029555e+02
	3.043227e+02	3.061595e+02	3.085563e+02	3.116113e+02	3.154242e+02
	3.200818e+02	3.256601e+02	3.322236e+02	3.398260e+02	3.485107e+02
	3.583132e+02	3.692630e+02	3.813862e+02	3.947083e+02	4.092566e+02
	4.250648e+02	4.421794e+02	4.606727e+02	4.806509e+02	5.022431e+02
	5.255750e+02	5.507185e+02	5.776218e+02	6.061162e+02	6.360552e+02
	6.674375e+02	7.003940e+02	7.351469e+02	7.721086e+02	8.119995e+02
	8.557753e+02	9.043295e+02	9.580770e+02	1.016761e+03	1.079598e+03
	1.145776e+03	1.214885e+03	1.286841e+03	1.361640e+03	1.439196e+03
	1.519200e+03	1.600790e+03	1.681598e+03	1.757392e+03	1.824005e+03
	1.879408e+03	1.923891e+03	1.958920e+03	1.986118e+03	2.007279e+03
	2.024061e+03	2.037709e+03	2.049129e+03	2.058853e+03	2.067297e+03
	2.074829e+03	2.081580e+03	2.087647e+03	2.093187e+03	2.098262e+03
	2.102947e+03	2.107290e+03	2.111304e+03	2.115000e+03	2.118368e+03
	2.121396e+03	2.124057e+03	2.126326e+03	2.128170e+03	2.129554e+03
	2.130439e+03	2.130778e+03	2.130525e+03	2.129640e+03	2.128095e+03
	2.125870e+03	2.122949e+03	2.119296e+03	2.114851e+03	2.109416e+03
	2.102563e+03	2.093453e+03	2.080100e+03	2.058393e+03	2.023386e+03
	1.973511e+03	1.912105e+03	1.843353e+03	1.768531e+03	1.687061e+03
	1.598366e+03	1.502200e+03	1.398336e+03	1.287714e+03	1.174356e+03
	1.064100e+03	9.610505e+02	8.661501e+02	7.793452e+02	7.019428e+02
	6.353953e+02	5.793071e+02	5.320659e+02	4.921642e+02	4.584791e+02
	4.301291e+02	4.063652e+02	3.865340e+02	3.700597e+02	3.564309e+02
	3.452027e+02	3.359898e+02	3.284663e+02	3.223614e+02	3.174418e+02
	3.135051e+02	3.103762e+02	3.079049e+02	3.059683e+02	3.044652e+02
	3.033079e+02	3.024229e+02	3.017519e+02	3.012478e+02	3.008718e+02
	3.005934e+02	3.003890e+02	3.002400e+02	3.001323e+02	3.000550e+02
	3.000000e+02
massfraction-N2
	1.000000e-60	1.870539e-05	5.125225e-05	1.064789e-04	1.973364e-04
	3.427964e-04	5.692503e-04	9.104007e-04	1.409847e-03	2.122886e-03
	3.113627e-03	4.449493e-03	6.198819e-03	8.436741e-03	1.123987e-02
	1.467582e-02	1.880427e-02	2.367593e-02	2.933209e-02	3.580478e-02
	4.311745e-02	5.128593e-02	6.031970e-02	7.022322e-02	8.099772e-02
	9.264355e-02	1.051648e-01	1.185779e-01	1.329159e-01	1.482189e-01
	1.645131e-01	1.817766e-01	1.998942e-01	2.186725e-01	2.379378e-01
	2.576141e-01	2.777030e-01	2.982485e-01	3.193816e-01	3.413625e-01
	3.645020e-01	3.889738e-01	4.146108e-01	4.408790e-01	4.670931e-01
	4.927186e-01	5.174911e-01	5.413168e-01	5.641529e-01	5.859512e-01
	6.066324e-01	6.260273e-01	6.437228e-01	6.590891e-01	6.717026e-01
	6.816086e-01	6.892021e-01	6.949665e-01	6.993156e-01	7.026246e-01
	7.052034e-01	7.072720e-01	7.089842e-01	7.104297e-01	7.116768e-01
	7.127842e-01	7.137743e-01	7.146638e-01	7.154779e-01	7.162280e-01
	7.169273e-01	7.175854e-01	7.182074e-01	7.187985e-01	7.193619e-01
	7.199005e-01	7.204164e-01	7.209121e-01	7.213897e-01	7.218524e-01
	7.223033e-01	7.227443e-01	7.231778e-01	7.236053e-01	7.240282e-01
	7.244484e-01	7.248696e-01	7.252973e-01	7.257386e-01	7.262106e-01
	7.267430e-01	7.273868e-01	7.282554e-01	7.295653e-01	7.315221e-01
	7.340277e-01	7.366766e-01	7.391616e-01	7.414285e-01	7.435221e-01
	7.454862e-01	7.473557e-01	7.491651e-01	7.509315e-01	7.526321e-01
	7.542238e-01	7.556841e-01	7.570241e-01	7.582605e-01	7.593864e-01
	7.603861e-01	7.612634e-01	7.620367e-01	7.627226e-01	7.633314e-01
	7.638705e-01	7.643455e-01	7.647619e-01	7.651248e-01	7.654395e-01
	7.657108e-01	7.659438e-01	7.661429e-01	7.663119e-01	7.664545e-01
	7.665740e-01	7.666736e-01	7.667562e-01	7.668241e-01	7.668796e-01
	7.669246e-01	7.669608e-01	7.669898e-01	7.670127e-01	7.670308e-01
	7.670450e-01	7.670560e-01	7.670645e-01	7.670710e-01	7.670759e-01
	7.670796e-01
massfraction-O2
	1.000000e-60	2.226446e-08	6.088920e-08	1.262390e-07	2.334462e-07
	4.046078e-07	6.703538e-07	1.069633e-06	1.652639e-06	2.482769e-06
	3.633083e-06	5.179754e-06	7.199134e-06	9.774360e-06	1.298890e-05
	1.691434e-05	2.161140e-05	2.712873e-05	3.350236e-05	4.075584e-05
	4.890116e-05	5.793998e-05	6.786518e-05	7.866262e-05	9.031324e-05
	1.027959e-04	1.160922e-04	1.301955e-04	1.451151e-04	1.608650e-04
	1.774429e-04	1.947965e-04	2.127829e-04	2.311886e-04	2.498306e-04
	2.686279e-04	2.875783e-04	3.067204e-04	3.261733e-04	3.461706e-04
	3.669858e-04	3.887674e-04	4.113717e-04	4.343596e-04	4.571920e-04
	4.794859e-04	5.011037e-04	5.220648e-04	5.424493e-04	5.623667e-04
	5.819647e-04	6.014312e-04	6.209113e-04	6.405117e-04	6.605560e-04
	6.816425e-04	7.044063e-04	7.292034e-04	7.558244e-04	7.839077e-04
	8.133214e-04	8.441369e-04	8.766896e-04	9.111385e-04	9.478552e-04
	9.877352e-04	1.031057e-03	1.078062e-03	1.129770e-03	1.186875e-03
	1.250560e-03	1.322228e-03	1.403243e-03	1.495349e-03	1.600409e-03
	1.720617e-03	1.858301e-03	2.016391e-03	2.197985e-03	2.407230e-03
	2.649020e-03	2.928429e-03	3.251262e-03	3.623450e-03	4.051078e-03
	4.540728e-03	5.102082e-03	5.749316e-03	6.502774e-03	7.408034e-03
	8.554072e-03	1.011465e-02	1.250942e-02	1.668648e-02	2.395859e-02
	3.469050e-02	4.757232e-02	6.107986e-02	7.461617e-02	8.811546e-02
	1.015643e-01	1.149282e-01	1.281982e-01	1.412581e-01	1.537275e-01
	1.651637e-01	1.753736e-01	1.844394e-01	1.924782e-01	1.994578e-01
	2.053263e-01	2.101827e-01	2.142115e-01	2.175709e-01	2.203749e-01
	2.227106e-01	2.246494e-01	2.262522e-01	2.275713e-01	2.286522e-01
	2.295342e-01	2.302508e-01	2.308301e-01	2.312952e-01	2.316660e-01
	2.319595e-01	2.321901e-01	2.323701e-01	2.325095e-01	2.326164e-01
	2.326977e-01	2.327591e-01	2.328050e-01	2.328391e-01	2.328642e-01
	2.328825e-01	2.328958e-01	2.329054e-01	2.329122e-01	2.329170e-01
	2.329204e-01
massfraction-H
	1.000000e-60	3.395871e-18	7.292963e-18	1.171597e-17	1.666312e-17
	2.215064e-17	2.820419e-17	3.486001e-17	4.226266e-17	5.072867e-17
	6.079817e-17	7.332976e-17	8.966731e-17	1.119574e-16	1.435715e-16
	1.898017e-16	2.592055e-16	3.659058e-16	5.336135e-16	8.027185e-16
	1.242889e-15	1.975605e-15	3.214726e-15	5.339998e-15	9.031323e-15
	1.551685e-14	2.704044e-14	4.776997e-14	8.560974e-14	1.558461e-13
	2.883830e-13	5.411345e-13	1.020860e-12	1.907371e-12	3.471235e-12
	6.074948e-12	1.015338e-11	1.619777e-11	2.483394e-11	3.708800e-11
	5.486660e-11	8.167299e-11	1.235718e-10	1.905522e-10	2.988831e-10
	4.762138e-10	7.717347e-10	1.276186e-09	2.163226e-09	3.778563e-09
	6.838604e-09	1.287077e-08	2.504879e-08	4.931146e-08	9.524935e-08
	1.760834e-07	3.074630e-07	5.046777e-07	7.770910e-07	1.128377e-06
	1.561810e-06	2.082826e-06	2.702338e-06	3.429269e-06	4.277232e-06
	5.273457e-06	6.430405e-06	7.755510e-06	9.274175e-06	1.099851e-05
	1.294917e-05	1.514609e-05	1.759831e-05	2.031467e-05	2.329432e-05
	2.653149e-05	3.000918e-05	3.371032e-05	3.760575e-05	4.167221e-05
	4.588053e-05	5.018487e-05	5.453410e-05	5.886504e-05	6.310894e-05
	6.719959e-05	7.109187e-05	7.475484e-05	7.816186e-05	8.133116e-05
	8.427280e-05	8.690947e-05	8.891518e-05	8.893229e-05	8.386772e-05
	7.223255e-05	5.729556e-05	4.297771e-05	3.083604e-05	2.108844e-05
	1.361447e-05	8.175275e-06	4.458528e-06	2.144502e-06	8.934634e-07
	3.227924e-07	1.018892e-07	2.844439e-08	7.385191e-09	1.993157e-09
	6.196076e-10	2.260401e-10	9.352807e-11	4.243203e-11	2.066035e-11
	1.065025e-11	5.755511e-12	3.235503e-12	1.879755e-12	1.122048e-12
	6.844934e-13	4.246524e-13	2.667523e-13	1.690788e-13	1.078076e-13
	6.894668e-14	4.409335e-14	2.810536e-14	1.780440e-14	1.118465e-14
	6.945554e-15	4.244665e-15	2.540683e-15	1.480505e-15	8.316261e-16
	4.434680e-16	2.190863e-16	9.568149e-17	3.325035e-17	6.618369e-18
	1.000000e-60
massfraction-OH
	1.000000e-60	6.752963e-24	4.369813e-23	1.684275e-22	5.257336e-22
	1.465547e-21	3.796061e-21	9.276950e-21	2.162549e-20	4.850737e-20
	1.051664e-19	2.207481e-19	4.495865e-19	8.931200e-19	1.739019e-18
	3.328377e-18	6.276399e-18	1.168242e-17	2.149067e-17	3.910044e-17
	7.038117e-17	1.253338e-16	2.207705e-16	3.845872e-16	6.625419e-16
	1.129060e-15	1.904879e-15	3.187321e-15	5.304597e-15	8.816434e-15
	1.471110e-14	2.481092e-14	4.262162e-14	7.511650e-14	1.363557e-13
	2.543141e-13	4.829547e-13	9.239988e-13	1.773299e-12	3.434105e-12
	6.801234e-12	1.397323e-11	3.002380e-11	6.734709e-11	1.557152e-10
	3.648523e-10	8.567756e-10	2.011173e-09	4.731835e-09	1.121442e-08
	2.691875e-08	6.562020e-08	1.609076e-07	3.858070e-07	8.744373e-07
	1.831782e-06	3.521958e-06	6.227661e-06	1.016090e-05	1.544920e-05
	2.220940e-05	3.059351e-05	4.085206e-05	5.321888e-05	6.802596e-05
	8.587636e-05	1.071493e-04	1.321533e-04	1.615645e-04	1.958471e-04
	2.356745e-04	2.817643e-04	3.346688e-04	3.950008e-04	4.632387e-04
	5.398374e-04	6.250875e-04	7.193908e-04	8.229676e-04	9.363281e-04
	1.059981e-03	1.194069e-03	1.338597e-03	1.493082e-03	1.656574e-03
	1.827788e-03	2.005886e-03	2.190457e-03	2.381369e-03	2.582013e-03
	2.798880e-03	3.040973e-03	3.323015e-03	3.640537e-03	3.889295e-03
	3.897978e-03	3.623848e-03	3.164435e-03	2.620658e-03	2.056733e-03
	1.518785e-03	1.042533e-03	6.525166e-04	3.643649e-04	1.807178e-04
	8.217344e-05	3.634680e-05	1.658691e-05	8.129345e-06	4.369185e-06
	2.581279e-06	1.652501e-06	1.123635e-06	7.984924e-07	5.865108e-07
	4.418892e-07	3.395816e-07	2.650453e-07	2.094030e-07	1.669965e-07
	1.341056e-07	1.082093e-07	8.756925e-08	7.097154e-08	5.753360e-08
	4.659540e-08	3.765342e-08	3.031689e-08	2.429111e-08	1.934977e-08
	1.530197e-08	1.198801e-08	9.282760e-09	7.083795e-09	5.301503e-09
	3.861696e-09	2.704672e-09	1.779064e-09	1.042111e-09	4.590849e-10
	1.000000e-60
massfraction-O
	1.000000e-60	2.785343e-23	7.022814e-23	1.304555e-22	2.096661e-22
	3.084967e-22	4.283570e-22	5.718993e-22	7.449709e-22	9.584043e-22
	1.230212e-21	1.589757e-21	2.085486e-21	2.799938e-21	3.872929e-21
	5.542189e-21	8.223128e-21	1.265708e-20	2.019192e-20	3.331835e-20
	5.670242e-20	9.918396e-20	1.776580e-19	3.246273e-19	6.029157e-19
	1.134394e-18	2.156486e-18	4.135215e-18	7.995206e-18	1.558894e-17
	3.063947e-17	6.052086e-17	1.191807e-16	2.311704e-16	4.369749e-16
	8.018022e-16	1.433502e-15	2.522008e-15	4.431446e-15	7.915844e-15
	1.461726e-14	2.819475e-14	5.675315e-14	1.178195e-13	2.483959e-13
	5.266909e-13	1.121781e-12	2.410216e-12	5.260236e-12	1.175745e-11
	2.714792e-11	6.517205e-11	1.617257e-10	4.038389e-10	9.780814e-10
	2.233277e-09	4.746566e-09	9.367565e-09	1.715315e-08	2.935216e-08
	4.758049e-08	7.405755e-08	1.120767e-07	1.659802e-07	2.420485e-07
	3.504891e-07	5.038973e-07	7.184841e-07	1.019515e-06	1.438984e-06
	2.022703e-06	2.833605e-06	3.953116e-06	5.490670e-06	7.586515e-06
	1.042140e-05	1.421872e-05	1.926277e-05	2.589255e-05	3.453649e-05
	4.570806e-05	5.996863e-05	7.792416e-05	1.001504e-04	1.271339e-04
	1.592342e-04	1.968122e-04	2.402878e-04	2.901806e-04	3.481850e-04
	4.177061e-04	5.047176e-04	6.217029e-04	7.852587e-04	9.808802e-04
	1.133446e-03	1.176719e-03	1.114723e-03	9.829043e-04	8.125487e-04
	6.284604e-04	4.509067e-04	2.954446e-04	1.739316e-04	9.256657e-05
	4.672401e-05	2.409741e-05	1.344069e-05	8.226339e-06	5.465185e-06
	3.879136e-06	2.893403e-06	2.234283e-06	1.767317e-06	1.422209e-06
	1.158991e-06	9.532259e-07	7.891962e-07	6.563605e-07	5.473781e-07
	4.570234e-07	3.814781e-07	3.179326e-07	2.643196e-07	2.190322e-07
	1.807726e-07	1.484663e-07	1.212077e-07	9.827328e-08	7.907511e-08
	6.307096e-08	4.977253e-08	3.877987e-08	2.974957e-08	2.236485e-08
	1.635398e-08	1.149248e-08	7.581652e-09	4.452625e-09	1.966129e-09
	1.000000e-60
massfraction-H2
	1.000000e-60	7.931765e-06	1.762813e-05	2.931261e-05	4.313703e-05
	5.927633e-05	7.786399e-05	9.889618e-05	1.223881e-04	1.483690e-04
	1.767502e-04	2.072848e-04	2.396666e-04	2.736971e-04	3.091782e-04
	3.458279e-04	3.833661e-04	4.215300e-04	4.600806e-04	4.988054e-04
	5.375190e-04	5.760621e-04	6.143003e-04	6.521221e-04	6.894382e-04
	7.261821e-04	7.623155e-04	7.978409e-04	8.327970e-04	8.672238e-04
	9.011196e-04	9.343910e-04	9.668094e-04	9.980853e-04	1.028044e-03
	1.056706e-03	1.084208e-03	1.110726e-03	1.136522e-03	1.161970e-03
	1.187456e-03	1.213188e-03	1.239062e-03	1.264711e-03	1.289734e-03
	1.313951e-03	1.337446e-03	1.360447e-03	1.383215e-03	1.405987e-03
	1.428942e-03	1.452086e-03	1.474920e-03	1.496181e-03	1.514274e-03
	1.527987e-03	1.536866e-03	1.541121e-03	1.541423e-03	1.538701e-03
	1.533775e-03	1.527214e-03	1.519335e-03	1.510365e-03	1.500404e-03
	1.489358e-03	1.477286e-03	1.464261e-03	1.450149e-03	1.434935e-03
	1.418507e-03	1.400748e-03	1.381614e-03	1.361035e-03	1.338989e-03
	1.315453e-03	1.290452e-03	1.263972e-03	1.236048e-03	1.206633e-03
	1.175682e-03	1.143236e-03	1.109342e-03	1.074122e-03	1.037754e-03
	1.000422e-03	9.621496e-04	9.228114e-04	8.821545e-04	8.390734e-04
	7.915501e-04	7.363527e-04	6.668810e-04	5.741611e-04	4.603268e-04
	3.455491e-04	2.494775e-04	1.770376e-04	1.238282e-04	8.492450e-05
	5.705285e-05	3.791859e-05	2.561907e-05	1.844038e-05	1.465901e-05
	1.268826e-05	1.149746e-05	1.060712e-05	9.834051e-06	9.123831e-06
	8.469558e-06	7.867546e-06	7.308416e-06	6.784071e-06	6.289818e-06
	5.822990e-06	5.381746e-06	4.964641e-06	4.570377e-06	4.197589e-06
	3.844951e-06	3.511151e-06	3.195116e-06	2.896279e-06	2.614218e-06
	2.348486e-06	2.098537e-06	1.863672e-06	1.643521e-06	1.438040e-06
	1.246824e-06	1.069188e-06	9.047254e-07	7.531103e-07	6.136845e-07
	4.857822e-07	3.689323e-07	2.625147e-07	1.659082e-07	7.862301e-08
	1.000000e-60
massfraction-H2O
	1.000000e-60	6.118406e-06	1.657060e-05	3.399121e-05	6.215615e-05
	1.064923e-04	1.743950e-04	2.750805e-04	4.202329e-04	6.243681e-04
	9.038360e-04	1.275155e-03	1.754291e-03	2.358186e-03	3.103137e-03
	4.001956e-03	5.064285e-03	6.296405e-03	7.701219e-03	9.278429e-03
	1.102488e-02	1.293501e-02	1.500129e-02	1.721483e-02	1.956585e-02
	2.204442e-02	2.464145e-02	2.735035e-02	3.016768e-02	3.309087e-02
	3.611432e-02	3.922375e-02	4.238984e-02	4.557317e-02	4.874204e-02
	5.188390e-02	5.499985e-02	5.809759e-02	6.119725e-02	6.433577e-02
	6.755441e-02	7.087362e-02	7.427004e-02	7.767916e-02	8.102634e-02
	8.426321e-02	8.737780e-02	9.037917e-02	9.328156e-02	9.609703e-02
	9.883173e-02	1.014766e-01	1.039817e-01	1.062498e-01	1.081924e-01
	1.097791e-01	1.110361e-01	1.120143e-01	1.127641e-01	1.133384e-01
	1.137853e-01	1.141401e-01	1.144284e-01	1.146651e-01	1.148616e-01
	1.150272e-01	1.151652e-01	1.152784e-01	1.153700e-01	1.154414e-01
	1.154940e-01	1.155284e-01	1.155445e-01	1.155425e-01	1.155221e-01
	1.154832e-01	1.154258e-01	1.153495e-01	1.152544e-01	1.151398e-01
	1.150047e-01	1.148483e-01	1.146693e-01	1.144666e-01	1.142389e-01
	1.139848e-01	1.137010e-01	1.133827e-01	1.130220e-01	1.126002e-01
	1.120809e-01	1.113946e-01	1.103766e-01	1.086730e-01	1.058503e-01
	1.018735e-01	9.721535e-02	9.232168e-02	8.731124e-02	8.213785e-02
	7.675055e-02	7.111640e-02	6.520133e-02	5.903268e-02	5.279724e-02
	4.676654e-02	4.111728e-02	3.587288e-02	3.101723e-02	2.661450e-02
	2.274846e-02	1.940924e-02	1.652036e-02	1.401044e-02	1.182933e-02
	9.939488e-03	8.309131e-03	6.909816e-03	5.715255e-03	4.700693e-03
	3.843360e-03	3.122450e-03	2.519571e-03	2.018893e-03	1.606169e-03
	1.268437e-03	9.939927e-04	7.724034e-04	5.948834e-04	4.540040e-04
	3.430848e-04	2.563275e-04	1.890241e-04	1.372728e-04	9.775259e-05
	6.777776e-05	4.523104e-05	2.839184e-05	1.590307e-05	6.716368e-06
	1.000000e-60
massfraction-HO2
	1.000000e-60	8.022964e-12	2.197176e-11	4.562219e-11	8.450125e-11
	1.466973e-10	2.434487e-10	3.890843e-10	6.021099e-10	9.059474e-10
	1.327664e-09	1.895585e-09	2.638214e-09	3.586667e-09	4.772315e-09
	6.222276e-09	7.959778e-09	1.000370e-08	1.236833e-08	1.506342e-08
	1.809448e-08	2.146320e-08	2.516801e-08	2.920468e-08	3.356704e-08
	3.824798e-08	4.324123e-08	4.854447e-08	5.416060e-08	6.009275e-08
	6.633443e-08	7.285258e-08	7.956392e-08	8.632917e-08	9.297319e-08
	9.929157e-08	1.050227e-07	1.098215e-07	1.132601e-07	1.148026e-07
	1.137441e-07	1.092224e-07	1.004675e-07	8.729912e-08	7.055384e-08
	5.201369e-08	3.411892e-08	1.954309e-08	1.007733e-08	5.386417e-09
	3.537446e-09	2.880844e-09	2.738359e-09	2.949196e-09	3.510864e-09
	4.475160e-09	5.918732e-09	7.916921e-09	1.049800e-08	1.365309e-08
	1.737927e-08	2.169180e-08	2.664291e-08	3.225758e-08	3.858636e-08
	4.576642e-08	5.381642e-08	6.272592e-08	7.261553e-08	8.353224e-08
	9.560424e-08	1.089897e-07	1.238298e-07	1.403279e-07	1.587033e-07
	1.792300e-07	2.022008e-07	2.280021e-07	2.570347e-07	2.898476e-07
	3.270732e-07	3.693323e-07	4.173125e-07	4.716734e-07	5.330552e-07
	6.021369e-07	6.800032e-07	7.683166e-07	8.695150e-07	9.892817e-07
	1.138689e-06	1.339094e-06	1.641284e-06	2.154633e-06	3.004207e-06
	4.157988e-06	5.408945e-06	6.596109e-06	7.688422e-06	8.707489e-06
	9.676463e-06	1.061101e-05	1.150845e-05	1.228696e-05	1.265976e-05
	1.210383e-05	1.019666e-05	7.348427e-06	4.663530e-06	2.801369e-06
	1.697734e-06	1.065024e-06	6.915916e-07	4.621704e-07	3.163651e-07
	2.211182e-07	1.574187e-07	1.139196e-07	8.364101e-08	6.217914e-08
	4.670592e-08	3.537079e-08	2.694804e-08	2.061632e-08	1.580941e-08
	1.212927e-08	9.291982e-09	7.092225e-09	5.383086e-09	4.057207e-09
	3.030838e-09	2.238555e-09	1.630809e-09	1.168607e-09	8.199062e-10
	5.592310e-10	3.666026e-10	2.258138e-10	1.240554e-10	5.139756e-11
	1.000000e-60
massfraction-H2O2
	1.000000e-60	8.304301e-14	2.277211e-13	4.735096e-13	8.782998e-13
	1.526896e-12	2.537143e-12	4.059087e-12	6.285678e-12	9.459145e-12
	1.385514e-11	1.975369e-11	2.742249e-11	3.713481e-11	4.913582e-11
	6.358744e-11	8.056495e-11	1.000473e-10	1.219134e-10	1.459445e-10
	1.718320e-10	1.991897e-10	2.275676e-10	2.564662e-10	2.853516e-10
	3.136684e-10	3.408544e-10	3.663523e-10	3.896008e-10	4.099974e-10
	4.268664e-10	4.394559e-10	4.469995e-10	4.488662e-10	4.446582e-10
	4.341368e-10	4.171018e-10	3.933386e-10	3.625144e-10	3.240310e-10
	2.771639e-10	2.218993e-10	1.608344e-10	1.015475e-10	5.545329e-11
	2.827835e-11	1.438140e-11	6.947822e-12	3.144392e-12	1.515030e-12
	9.210291e-13	7.144454e-13	6.695816e-13	7.481786e-13	9.982185e-13
	1.573168e-12	2.817441e-12	5.387945e-12	1.031676e-11	1.903148e-11
	3.346708e-11	5.626896e-11	9.125779e-11	1.434632e-10	2.199635e-10
	3.319121e-10	4.927886e-10	7.191735e-10	1.035890e-09	1.472453e-09
	2.068984e-09	2.877160e-09	3.958475e-09	5.389837e-09	7.261646e-09
	9.682114e-09	1.277498e-08	1.669181e-08	2.160556e-08	2.773850e-08
	3.536220e-08	4.478334e-08	5.636069e-08	7.048016e-08	8.754342e-08
	1.079656e-07	1.322713e-07	1.611511e-07	1.955226e-07	2.373824e-07
	2.905733e-07	3.623392e-07	4.692920e-07	6.442659e-07	9.185342e-07
	1.282780e-06	1.699991e-06	2.157996e-06	2.686250e-06	3.344838e-06
	4.222568e-06	5.444725e-06	7.137498e-06	9.057722e-06	9.914771e-06
	9.003866e-06	7.447031e-06	6.020396e-06	4.859411e-06	3.936000e-06
	3.208138e-06	2.630733e-06	2.163964e-06	1.780388e-06	1.462352e-06
	1.197728e-06	9.774321e-07	7.942983e-07	6.424490e-07	5.169206e-07
	4.135207e-07	3.286831e-07	2.594170e-07	2.032435e-07	1.580272e-07
	1.219065e-07	9.326559e-08	7.071465e-08	5.311023e-08	3.950759e-08
	2.908905e-08	2.116895e-08	1.520311e-08	1.075321e-08	7.459864e-09
	5.041319e-09	3.281512e-09	2.011190e-09	1.101335e-09	4.554390e-10
	1.000000e-60
massfraction-CO
	1.000000e-60	1.012411e-06	2.780539e-06	5.791617e-06	1.076264e-05
	1.874765e-05	3.121811e-05	5.006034e-05	7.772075e-05	1.173078e-04
	1.724318e-04	2.468941e-04	3.445429e-04	4.695905e-04	6.263016e-04
	8.183923e-04	1.049070e-03	1.320964e-03	1.636088e-03	1.995843e-03
	2.401054e-03	2.852021e-03	3.348599e-03	3.890274e-03	4.476272e-03
	5.105693e-03	5.777765e-03	6.492294e-03	7.249879e-03	8.051363e-03
	8.896747e-03	9.783462e-03	1.070426e-02	1.164819e-02	1.260581e-02
	1.357283e-02	1.454901e-02	1.553618e-02	1.654035e-02	1.757343e-02
	1.864937e-02	1.977564e-02	2.094449e-02	2.213275e-02	2.331200e-02
	2.446178e-02	2.557409e-02	2.664856e-02	2.768685e-02	2.869006e-02
	2.965729e-02	3.058246e-02	3.144570e-02	3.221253e-02	3.285413e-02
	3.336364e-02	3.375386e-02	3.404556e-02	3.425898e-02	3.441427e-02
	3.452866e-02	3.461451e-02	3.468033e-02	3.473124e-02	3.477092e-02
	3.480207e-02	3.482576e-02	3.484264e-02	3.485310e-02	3.485677e-02
	3.485276e-02	3.483946e-02	3.481454e-02	3.477483e-02	3.471633e-02
	3.463413e-02	3.452256e-02	3.437497e-02	3.418426e-02	3.394214e-02
	3.363967e-02	3.326834e-02	3.282007e-02	3.228861e-02	3.167013e-02
	3.096313e-02	3.016493e-02	2.927042e-02	2.827130e-02	2.713531e-02
	2.579727e-02	2.414244e-02	2.192553e-02	1.877746e-02	1.472118e-02
	1.059543e-02	7.261353e-03	4.899259e-03	3.291830e-03	2.210215e-03
	1.495880e-03	1.036019e-03	7.458925e-04	5.638664e-04	4.465167e-04
	3.650004e-04	3.029188e-04	2.520629e-04	2.087627e-04	1.719733e-04
	1.414261e-04	1.163462e-04	9.565094e-05	7.845980e-05	6.414900e-05
	5.225007e-05	4.238288e-05	3.422886e-05	2.751614e-05	2.201001e-05
	1.751047e-05	1.384743e-05	1.087895e-05	8.488274e-06	6.576134e-06
	5.057346e-06	3.859126e-06	2.919813e-06	2.189267e-06	1.626530e-06
	1.196590e-06	8.703775e-07	6.249948e-07	4.421231e-07	3.068350e-07
	2.074792e-07	1.351536e-07	8.290376e-08	4.543917e-08	1.880748e-08
	1.000000e-60
massfraction-CO2
	1.000000e-60	5.355104e-07	1.589218e-06	3.605139e-06	7.331223e-06
	1.400636e-05	2.558530e-05	4.493157e-05	7.618990e-05	1.251968e-04
	1.996002e-04	3.086478e-04	4.630239e-04	6.753666e-04	9.598166e-04
	1.330773e-03	1.802576e-03	2.388992e-03	3.102744e-03	3.955163e-03
	4.955949e-03	6.113060e-03	7.432709e-03	8.919461e-03	1.057645e-02
	1.240577e-02	1.440926e-02	1.659001e-02	1.895329e-02	2.150504e-02
	2.424841e-02	2.717776e-02	3.027073e-02	3.349065e-02	3.680369e-02
	4.019265e-02	4.365402e-02	4.719181e-02	5.082535e-02	5.459609e-02
	5.855395e-02	6.272497e-02	6.707748e-02	7.151919e-02	7.593537e-02
	8.023983e-02	8.439353e-02	8.838678e-02	9.221838e-02	9.588573e-02
	9.937980e-02	1.026745e-01	1.056989e-01	1.083406e-01	1.105186e-01
	1.122338e-01	1.135507e-01	1.145523e-01	1.153108e-01	1.158920e-01
	1.163497e-01	1.167223e-01	1.170363e-01	1.173074e-01	1.175475e-01
	1.177672e-01	1.179705e-01	1.181604e-01	1.183419e-01	1.185173e-01
	1.186895e-01	1.188611e-01	1.190337e-01	1.192090e-01	1.193883e-01
	1.195727e-01	1.197632e-01	1.199607e-01	1.201654e-01	1.203780e-01
	1.205986e-01	1.208261e-01	1.210587e-01	1.212932e-01	1.215252e-01
	1.217494e-01	1.219605e-01	1.221521e-01	1.223165e-01	1.224438e-01
	1.225139e-01	1.224763e-01	1.221869e-01	1.211972e-01	1.185286e-01
	1.133581e-01	1.061599e-01	9.802970e-02	8.958366e-02	8.102706e-02
	7.247128e-02	6.400800e-02	5.569280e-02	4.763362e-02	4.008526e-02
	3.331794e-02	2.743244e-02	2.235755e-02	1.799966e-02	1.434359e-02
	1.137784e-02	9.012268e-03	7.122252e-03	5.606069e-03	4.390113e-03
	3.418378e-03	2.645699e-03	2.034866e-03	1.554939e-03	1.180114e-03
	8.891495e-04	6.646680e-04	4.926738e-04	3.620193e-04	2.636730e-04
	1.903212e-04	1.360972e-04	9.635206e-05	6.751002e-05	4.682200e-05
	3.213148e-05	2.179102e-05	1.458815e-05	9.625779e-06	6.237527e-06
	3.944614e-06	2.408932e-06	1.389672e-06	7.191353e-07	2.823516e-07
	1.000000e-60
massfraction-CH
	1.000000e-60	3.413823e-32	7.580077e-32	1.040287e-31	6.657080e-32
	1.000000e-60	1.000000e-60	1.000000e-60	1.551686e-30	2.117201e-30
	1.974193e-30	3.216588e-29	1.000000e-60	1.000000e-60	1.000000e-60
	1.000000e-60	1.542170e-29	1.546597e-29	5.108884e-29	2.537732e-29
	8.248085e-29	1.136748e-28	3.813464e-28	1.224978e-27	4.083287e-27
	1.449860e-26	5.336754e-26	2.035513e-25	8.013532e-25	3.263067e-24
	1.373328e-23	5.931483e-23	2.576837e-22	1.089775e-21	4.333028e-21
	1.578629e-20	5.201308e-20	1.549607e-19	4.237624e-19	1.094790e-18
	2.768164e-18	7.072771e-18	1.860980e-17	5.057103e-17	1.409741e-16
	4.013674e-16	1.169736e-15	3.513986e-15	1.098620e-14	3.614362e-14
	1.265622e-13	4.753620e-13	1.894490e-12	7.674032e-12	2.979889e-11
	1.058541e-10	3.357561e-10	9.422567e-10	2.326767e-09	5.100965e-09
	1.013366e-08	1.862928e-08	3.230638e-08	5.339695e-08	8.492361e-08
	1.314352e-07	1.980611e-07	2.904851e-07	4.165528e-07	5.840543e-07
	8.020172e-07	1.079482e-06	1.423039e-06	1.836594e-06	2.318364e-06
	2.859895e-06	3.443821e-06	4.045362e-06	4.631021e-06	5.163172e-06
	5.600585e-06	5.901560e-06	6.030940e-06	5.965816e-06	5.701504e-06
	5.253931e-06	4.655285e-06	3.948246e-06	3.181844e-06	2.395626e-06
	1.626301e-06	9.244411e-07	3.667553e-07	7.164786e-08	5.529616e-09
	2.016352e-10	5.070701e-12	1.182813e-13	2.909948e-15	7.935484e-17
	2.553222e-18	1.040296e-19	5.347703e-21	3.199233e-22	2.081571e-23
	1.424462e-24	1.010545e-25	7.399349e-27	5.720634e-28	5.089527e-29
	5.748483e-30	8.233770e-31	5.710500e-32	1.500862e-31	1.000000e-60
	2.695712e-32	1.000000e-60	7.358315e-33	2.581522e-33	1.003042e-32
	1.000000e-60	1.000000e-60	1.000000e-60	1.000000e-60	1.000000e-60
	1.597912e-33	1.011792e-33	1.000000e-60	7.261144e-34	5.700193e-35
	1.000000e-60	1.000000e-60	1.000000e-60	3.922865e-34	2.703891e-34
	7.655292e-35	7.397080e-35	1.000000e-60	5.809348e-35	1.000000e-60
	1.000000e-60
massfraction-CHO
	1.000000e-60	5.522326e-19	1.651317e-18	3.735938e-18	7.472681e-18
	1.382998e-17	2.410785e-17	3.987428e-17	6.305488e-17	9.611793e-17
	1.423304e-16	2.064021e-16	2.959760e-16	4.245537e-16	6.156803e-16
	9.097272e-16	1.376457e-15	2.136904e-15	3.401925e-15	5.539550e-15
	9.190594e-15	1.546163e-14	2.623330e-14	4.461982e-14	7.557683e-14
	1.265325e-13	2.076600e-13	3.310429e-13	5.076748e-13	7.417418e-13
	1.024603e-12	1.334996e-12	1.648998e-12	1.949248e-12	2.220683e-12
	2.443144e-12	2.595344e-12	2.666545e-12	2.664631e-12	2.614225e-12
	2.549330e-12	2.506681e-12	2.520809e-12	2.622447e-12	2.845936e-12
	3.247910e-12	3.945301e-12	5.222070e-12	7.818108e-12	1.364862e-11
	2.737514e-11	5.909253e-11	1.264275e-10	2.509683e-10	4.511064e-10
	7.446107e-10	1.159227e-09	1.735608e-09	2.516567e-09	3.547703e-09
	4.889250e-09	6.623966e-09	8.874257e-09	1.178431e-08	1.555283e-08
	2.049726e-08	2.693792e-08	3.522705e-08	4.590288e-08	5.950627e-08
	7.672448e-08	9.832620e-08	1.250212e-07	1.574948e-07	1.962159e-07
	2.413748e-07	2.926679e-07	3.493353e-07	4.098782e-07	4.722620e-07
	5.336869e-07	5.904604e-07	6.383428e-07	6.728259e-07	6.897899e-07
	6.862205e-07	6.606472e-07	6.131628e-07	5.454722e-07	4.594743e-07
	3.572090e-07	2.431329e-07	1.283402e-07	4.515937e-08	1.514082e-08
	7.996330e-09	4.866952e-09	2.923840e-09	1.725155e-09	1.002529e-09
	5.767078e-10	3.301568e-10	1.868373e-10	1.009247e-10	4.822167e-11
	1.844768e-11	5.338262e-12	1.199694e-12	2.305680e-13	4.409544e-14
	9.561327e-15	2.426055e-15	6.978471e-16	2.199809e-16	7.445068e-17
	2.673427e-17	1.010541e-17	3.996847e-18	1.645415e-18	7.013037e-19
	3.077881e-19	1.383047e-19	6.328239e-20	2.935131e-20	1.374128e-20
	6.465474e-21	3.043216e-21	1.425452e-21	6.615082e-22	3.031367e-22
	1.365230e-22	6.002245e-23	2.558145e-23	1.047799e-23	4.065157e-24
	1.460613e-24	4.688216e-25	1.253593e-25	2.384788e-26	1.964506e-27
	1.000000e-60
massfraction-CH2
	1.000000e-60	6.902994e-22	1.408973e-21	2.143691e-21	2.884750e-21
	3.633722e-21	4.402428e-21	5.214524e-21	6.119561e-21	7.204789e-21
	8.611705e-21	1.056839e-20	1.345443e-20	1.794178e-20	2.525972e-20
	3.772573e-20	5.989749e-20	1.010639e-19	1.807800e-19	3.414314e-19
	6.772895e-19	1.402713e-18	3.014165e-18	6.678627e-18	1.517159e-17
	3.515749e-17	8.278531e-17	1.976339e-16	4.781254e-16	1.172702e-15
	2.915058e-15	7.314120e-15	1.831604e-14	4.495836e-14	1.061809e-13
	2.381974e-13	5.045673e-13	1.010084e-12	1.928094e-12	3.567561e-12
	6.525748e-12	1.200191e-11	2.238383e-11	4.229085e-11	8.044607e-11
	1.534489e-10	2.937229e-10	5.663686e-10	1.105999e-09	2.200336e-09
	4.486415e-09	9.411555e-09	2.018736e-08	4.327127e-08	8.996271e-08
	1.773711e-07	3.281487e-07	5.677838e-07	9.167870e-07	1.388295e-06
	1.993119e-06	2.742818e-06	3.654442e-06	4.739156e-06	6.010991e-06
	7.498972e-06	9.202390e-06	1.110433e-05	1.320329e-05	1.546605e-05
	1.785689e-05	2.032227e-05	2.278013e-05	2.513543e-05	2.727569e-05
	2.908371e-05	3.044380e-05	3.125768e-05	3.144930e-05	3.097489e-05
	2.982394e-05	2.802908e-05	2.566761e-05	2.286235e-05	1.977150e-05
	1.656906e-05	1.341250e-05	1.043312e-05	7.735694e-06	5.364194e-06
	3.347713e-06	1.740460e-06	6.259094e-07	1.106943e-07	8.104912e-09
	3.177614e-10	1.015912e-11	3.490381e-13	1.403924e-14	6.777310e-16
	4.157391e-17	3.499312e-18	4.109937e-19	6.408835e-20	1.261213e-20
	3.010012e-21	8.490177e-22	2.784848e-22	1.033886e-22	4.227288e-23
	1.866669e-23	8.696534e-24	4.158274e-24	1.996029e-24	9.504349e-25
	4.484531e-25	2.113723e-25	1.008446e-25	4.936254e-26	2.504493e-26
	1.324866e-26	7.319328e-27	4.216981e-27	2.525582e-27	1.564611e-27
	9.962794e-28	6.472334e-28	4.254225e-28	2.805731e-28	1.841824e-28
	1.192775e-28	7.545683e-29	4.618657e-29	2.709117e-29	1.504783e-29
	7.792558e-30	3.676551e-30	1.511758e-30	4.888244e-31	8.905211e-32
	1.000000e-60
massfraction-CH2O
	1.000000e-60	1.201388e-10	3.623747e-10	8.370013e-10	1.734842e-09
	3.379753e-09	6.295339e-09	1.126850e-08	1.946347e-08	3.255337e-08
	5.277887e-08	8.291219e-08	1.262227e-07	1.866271e-07	2.685643e-07
	3.766227e-07	5.154142e-07	6.893857e-07	9.026415e-07	1.158799e-06
	1.460888e-06	1.811291e-06	2.211732e-06	2.663296e-06	3.166506e-06
	3.721442e-06	4.328001e-06	4.986361e-06	5.697262e-06	6.461551e-06
	7.279150e-06	8.147304e-06	9.058365e-06	1.000065e-05	1.096362e-05
	1.194179e-05	1.293380e-05	1.394046e-05	1.496687e-05	1.602417e-05
	1.712542e-05	1.827652e-05	1.946690e-05	2.066889e-05	2.184781e-05
	2.297437e-05	2.402688e-05	2.498193e-05	2.580192e-05	2.642273e-05
	2.674372e-05	2.663528e-05	2.601461e-05	2.502344e-05	2.409756e-05
	2.371370e-05	2.411885e-05	2.531848e-05	2.717161e-05	2.950227e-05
	3.218573e-05	3.515814e-05	3.841244e-05	4.194273e-05	4.577353e-05
	4.998822e-05	5.460321e-05	5.962180e-05	6.511599e-05	7.110166e-05
	7.761512e-05	8.467087e-05	9.222211e-05	1.001873e-04	1.084118e-04
	1.166766e-04	1.246785e-04	1.320620e-04	1.384003e-04	1.432452e-04
	1.461213e-04	1.465630e-04	1.441888e-04	1.387743e-04	1.303270e-04
	1.191197e-04	1.056219e-04	9.043860e-05	7.427643e-05	5.764798e-05
	4.101520e-05	2.513311e-05	1.138079e-05	2.826014e-06	3.261167e-07
	2.145688e-08	1.130063e-09	6.066281e-11	3.712871e-12	2.754534e-13
	2.621569e-14	3.361690e-15	6.016872e-16	1.547976e-16	5.721287e-17
	2.816296e-17	1.652241e-17	1.060661e-17	7.108074e-18	4.897059e-18
	3.465785e-18	2.513211e-18	1.854711e-18	1.383988e-18	1.039423e-18
	7.831669e-19	5.905723e-19	4.448943e-19	3.343339e-19	2.503142e-19
	1.864957e-19	1.381128e-19	1.015661e-19	7.412664e-20	5.367279e-20
	3.854205e-20	2.743508e-20	1.934314e-20	1.350216e-20	9.332224e-21
	6.383700e-21	4.316294e-21	2.881352e-21	1.896082e-21	1.225505e-21
	7.731126e-22	4.710375e-22	2.711432e-22	1.400305e-22	5.487917e-23
	1.000000e-60
massfraction-CH3
	1.000000e-60	1.034025e-11	2.812874e-11	5.798136e-11	1.065742e-10
	1.835837e-10	3.023299e-10	4.796381e-10	7.371451e-10	1.102223e-09
	1.606615e-09	2.283967e-09	3.169163e-09	4.302045e-09	5.725711e-09
	7.482475e-09	9.615760e-09	1.217109e-08	1.519744e-08	1.874898e-08
	2.288734e-08	2.768425e-08	3.322482e-08	3.961164e-08	4.697022e-08
	5.545679e-08	6.527065e-08	7.667557e-08	9.002825e-08	1.058071e-07
	1.246430e-07	1.473426e-07	1.748847e-07	2.084635e-07	2.496932e-07
	3.009302e-07	3.655757e-07	4.484616e-07	5.568409e-07	7.023670e-07
	9.040453e-07	1.191986e-06	1.611382e-06	2.226928e-06	3.128434e-06
	4.446863e-06	6.385600e-06	9.270624e-06	1.363423e-05	2.036132e-05
	3.094179e-05	4.785101e-05	7.479451e-05	1.161345e-04	1.754374e-04
	2.540386e-04	3.504841e-04	4.605577e-04	5.773604e-04	6.943908e-04
	8.076024e-04	9.147573e-04	1.014909e-03	1.106574e-03	1.188857e-03
	1.261585e-03	1.322935e-03	1.371398e-03	1.406428e-03	1.427094e-03
	1.432833e-03	1.423159e-03	1.397884e-03	1.357217e-03	1.301892e-03
	1.233133e-03	1.152744e-03	1.062790e-03	9.657623e-04	8.640379e-04
	7.600724e-04	6.565805e-04	5.561449e-04	4.612631e-04	3.740878e-04
	2.961932e-04	2.282626e-04	1.703614e-04	1.221973e-04	8.270518e-05
	5.094718e-05	2.661639e-05	9.980010e-06	1.986257e-06	1.813018e-07
	9.570027e-09	4.203684e-10	1.980249e-11	1.118928e-12	7.980285e-14
	7.458275e-15	9.379439e-16	1.614407e-16	3.865901e-17	1.269140e-17
	5.203547e-18	2.371103e-18	1.120137e-18	5.355652e-19	2.604386e-19
	1.307044e-19	6.802792e-20	3.653514e-20	2.014099e-20	1.137205e-20
	6.574630e-21	3.893372e-21	2.362328e-21	1.468481e-21	9.344449e-22
	6.078290e-22	4.033589e-22	2.724789e-22	1.870025e-22	1.301220e-22
	9.159821e-23	6.507532e-23	4.653603e-23	3.342157e-23	2.406415e-23
	1.733128e-23	1.244851e-23	8.891285e-24	6.293634e-24	4.391327e-24
	2.996200e-24	1.974417e-24	1.227121e-24	6.819448e-25	2.861624e-25
	1.000000e-60
massfraction-CH4
	1.000000e+00	9.999654e-01	9.999094e-01	9.998193e-01	9.996765e-01
	9.994540e-01	9.991141e-01	9.986088e-01	9.978755e-01	9.968348e-01
	9.953943e-01	9.934562e-01	9.909212e-01	9.876793e-01	9.836183e-01
	9.786387e-01	9.726530e-01	9.655872e-01	9.573816e-01	9.479915e-01
	9.373856e-01	9.255454e-01	9.124625e-01	8.981375e-01	8.825766e-01
	8.657884e-01	8.477769e-01	8.285293e-01	8.080098e-01	7.861738e-01
	7.629974e-01	7.385258e-01	7.129352e-01	6.865099e-01	6.595011e-01
	6.320204e-01	6.040688e-01	5.755884e-01	5.464005e-01	5.161512e-01
	4.844200e-01	4.509771e-01	4.160550e-01	3.803774e-01	3.448515e-01
	3.101757e-01	2.766761e-01	2.444477e-01	2.135182e-01	1.839250e-01
	1.557520e-01	1.292120e-01	1.048662e-01	8.359984e-02	6.604508e-02
	5.219632e-02	4.155350e-02	3.347396e-02	2.739545e-02	2.279692e-02
	1.924330e-02	1.642445e-02	1.412344e-02	1.221322e-02	1.059812e-02
	9.197889e-03	7.981096e-03	6.923555e-03	5.992254e-03	5.171429e-03
	4.444257e-03	3.798533e-03	3.227110e-03	2.722963e-03	2.280820e-03
	1.895516e-03	1.562532e-03	1.276727e-03	1.033580e-03	8.280308e-04
	6.555560e-04	5.123895e-04	3.948950e-04	2.997880e-04	2.239597e-04
	1.644308e-04	1.182778e-04	8.291851e-05	5.620976e-05	3.614852e-05
	2.126612e-05	1.068008e-05	3.903958e-06	7.884541e-07	7.892334e-08
	5.039421e-09	2.928881e-10	1.943948e-11	1.600057e-12	1.678755e-13
	2.302828e-14	4.250657e-15	1.089354e-15	4.012755e-16	2.115672e-16
	1.448773e-16	1.132318e-16	9.302171e-17	7.744312e-17	6.457501e-17
	5.388503e-17	4.501083e-17	3.757891e-17	3.130473e-17	2.599392e-17
	2.150303e-17	1.771540e-17	1.453196e-17	1.186649e-17	9.642807e-18
	7.794530e-18	6.263962e-18	5.002074e-18	3.967965e-18	3.126137e-18
	2.445414e-18	1.898514e-18	1.461772e-18	1.115621e-18	8.437946e-19
	6.319941e-19	4.680391e-19	3.421606e-19	2.463724e-19	1.739864e-19
	1.196625e-19	7.923613e-20	4.936907e-20	2.746012e-20	1.152208e-20
	1.000000e-60
massfraction-C2H6
	1.000000e-60	1.781339e-09	5.443477e-09	1.275658e-08	2.684911e-08
	5.313572e-08	1.005461e-07	1.827842e-07	3.205088e-07	5.439517e-07
	8.944234e-07	1.424196e-06	2.196336e-06	3.287836e-06	4.787914e-06
	6.791558e-06	9.397301e-06	1.270367e-05	1.680569e-05	2.179183e-05
	2.774160e-05	3.472397e-05	4.279646e-05	5.200504e-05	6.238495e-05
	7.396280e-05	8.676137e-05	1.008094e-04	1.161481e-04	1.328215e-04
	1.508537e-04	1.702082e-04	1.907346e-04	2.121819e-04	2.343135e-04
	2.570012e-04	2.802067e-04	3.039409e-04	3.283148e-04	3.535832e-04
	3.800469e-04	4.078278e-04	4.366327e-04	4.657291e-04	4.942008e-04
	5.212755e-04	5.464122e-04	5.691199e-04	5.887268e-04	6.041707e-04
	6.137590e-04	6.149012e-04	6.042452e-04	5.793031e-04	5.409614e-04
	4.938552e-04	4.438411e-04	3.955370e-04	3.517666e-04	3.132736e-04
	2.794826e-04	2.495104e-04	2.224731e-04	1.979140e-04	1.754065e-04
	1.544411e-04	1.350380e-04	1.172490e-04	1.008839e-04	8.596216e-05
	7.242085e-05	6.022509e-05	4.938977e-05	3.989161e-05	3.170334e-05
	2.476588e-05	1.900258e-05	1.430257e-05	1.054927e-05	7.608523e-06
	5.352443e-06	3.665060e-06	2.436730e-06	1.569554e-06	9.773192e-07
	5.866688e-07	3.375315e-07	1.843293e-07	9.414868e-08	4.342863e-08
	1.691985e-08	4.896977e-09	7.954803e-10	4.916377e-11	1.170223e-12
	1.697689e-14	2.326419e-16	3.804772e-18	7.978858e-20	2.185377e-21
	8.006976e-23	4.068707e-24	3.013483e-25	3.501346e-26	6.855447e-27
	2.248172e-27	1.096697e-27	6.770785e-28	4.695547e-28	3.439037e-28
	2.590967e-28	1.982129e-28	1.526092e-28	1.175752e-28	9.035651e-29
	6.914731e-29	5.264162e-29	3.984281e-29	2.996657e-29	2.238559e-29
	1.659970e-29	1.221043e-29	8.903819e-30	6.434494e-30	4.607684e-30
	3.268917e-30	2.296831e-30	1.597212e-30	1.098900e-30	7.482070e-31
	5.039689e-31	3.354231e-31	2.203652e-31	1.427102e-31	9.078611e-32
	5.638800e-32	3.384305e-32	1.920480e-32	9.787118e-33	3.789495e-33
	1.000000e-60
massfraction-C2H
	1.000000e-60	1.000000e-60	2.430324e-33	2.642515e-32	5.784292e-32
	1.896505e-31	5.449446e-31	1.506511e-30	4.023583e-30	1.048059e-29
	2.691955e-29	6.844041e-29	1.730363e-28	4.400838e-28	1.135006e-27
	2.982387e-27	8.006265e-27	2.197534e-26	6.160200e-26	1.758864e-25
	5.094834e-25	1.490178e-24	4.378945e-24	1.286407e-23	3.761184e-23
	1.090492e-22	3.127743e-22	8.869818e-22	2.490735e-21	6.946410e-21
	1.931554e-20	5.377771e-20	1.504212e-19	4.236261e-19	1.202320e-18
	3.430616e-18	9.770720e-18	2.755113e-17	7.686076e-17	2.144945e-16
	6.098739e-16	1.795897e-15	5.506980e-15	1.744182e-14	5.594126e-14
	1.778594e-13	5.540660e-13	1.689051e-12	5.060566e-12	1.499537e-11
	4.421574e-11	1.300188e-10	3.764175e-10	1.036855e-09	2.615343e-09
	5.904986e-09	1.189119e-08	2.150533e-08	3.522992e-08	5.307296e-08
	7.489739e-08	1.006076e-07	1.303214e-07	1.639928e-07	2.017140e-07
	2.440231e-07	2.906204e-07	3.408544e-07	3.945410e-07	4.507254e-07
	5.084508e-07	5.663807e-07	6.225820e-07	6.749140e-07	7.209424e-07
	7.582274e-07	7.844545e-07	7.977384e-07	7.966986e-07	7.806038e-07
	7.493708e-07	7.037772e-07	6.454823e-07	5.770939e-07	5.019997e-07
	4.239955e-07	3.465884e-07	2.727968e-07	2.051347e-07	1.447266e-07
	9.238003e-08	4.959767e-08	1.882475e-08	3.678944e-09	3.112327e-10
	1.392967e-11	4.726228e-13	1.585067e-14	5.909271e-16	2.616502e-17
	1.499297e-18	1.200434e-19	1.332917e-20	1.907882e-21	3.278685e-22
	6.344501e-23	1.318596e-23	2.883999e-24	6.590535e-25	1.585589e-25
	4.077145e-26	1.120252e-26	3.243613e-27	9.801656e-28	3.090419e-28
	1.022387e-28	3.575415e-29	1.331007e-29	5.300670e-30	2.262743e-30
	1.034534e-30	5.048953e-31	2.617203e-31	1.432810e-31	8.229251e-32
	4.921219e-32	3.039254e-32	1.921603e-32	1.233652e-32	7.980681e-33
	5.158615e-33	3.300103e-33	2.069148e-33	1.257967e-33	7.312814e-34
	3.989588e-34	1.988646e-34	8.631304e-35	2.933914e-35	5.580292e-36
	1.000000e-60
massfraction-C2H2
	1.000000e-60	3.544271e-08	1.042793e-07	2.343090e-07	4.716908e-07
	8.918909e-07	1.612420e-06	2.803032e-06	4.706487e-06	7.660783e-06
	1.210325e-05	1.855539e-05	2.761175e-05	3.996900e-05	5.639818e-05
	7.767276e-05	1.045522e-04	1.377543e-04	1.779308e-04	2.256498e-04
	2.813842e-04	3.455075e-04	4.182947e-04	4.999290e-04	5.905143e-04
	6.900968e-04	7.987084e-04	9.164464e-04	1.043522e-03	1.180177e-03
	1.326497e-03	1.482098e-03	1.645718e-03	1.815357e-03	1.989197e-03
	2.166318e-03	2.346522e-03	2.530010e-03	2.717771e-03	2.911925e-03
	3.115003e-03	3.328300e-03	3.550180e-03	3.775980e-03	3.999978e-03
	4.217954e-03	4.428100e-03	4.630085e-03	4.823984e-03	5.009718e-03
	5.186614e-03	5.352263e-03	5.499665e-03	5.615393e-03	5.683551e-03
	5.692794e-03	5.640638e-03	5.533431e-03	5.384931e-03	5.210624e-03
	5.021907e-03	4.825616e-03	4.624648e-03	4.421756e-03	4.217738e-03
	4.010538e-03	3.801779e-03	3.593145e-03	3.383116e-03	3.172292e-03
	2.960098e-03	2.746267e-03	2.531646e-03	2.316961e-03	2.103587e-03
	1.893027e-03	1.687245e-03	1.487890e-03	1.296963e-03	1.115836e-03
	9.459029e-04	7.888631e-04	6.461083e-04	5.188722e-04	4.079319e-04
	3.134092e-04	2.345140e-04	1.699762e-04	1.183619e-04	7.765296e-05
	4.620789e-05	2.316183e-05	8.222913e-06	1.523731e-06	1.288082e-07
	6.335257e-09	2.605573e-10	1.141821e-11	5.917825e-13	3.886499e-14
	3.562762e-15	5.006766e-16	1.100029e-16	3.625117e-17	1.686623e-17
	1.007145e-17	6.938336e-18	5.125935e-18	3.908765e-18	3.028387e-18
	2.372860e-18	1.873927e-18	1.484654e-18	1.175477e-18	9.279150e-19
	7.293594e-19	5.703887e-19	4.435873e-19	3.429292e-19	2.634271e-19
	2.009725e-19	1.521833e-19	1.143136e-19	8.515671e-20	6.290266e-20
	4.606473e-20	3.343225e-20	2.403080e-20	1.710056e-20	1.204876e-20
	8.401616e-21	5.790488e-21	3.939737e-21	2.641793e-21	1.739326e-21
	1.117179e-21	6.925501e-22	4.052479e-22	2.125143e-22	8.445722e-23
	1.000000e-60
massfraction-CHCO
	1.000000e-60	2.231123e-07	5.812646e-07	1.143128e-06	1.999876e-06
	3.274713e-06	5.124699e-06	7.730529e-06	1.130888e-05	1.611555e-05
	2.241827e-05	3.046207e-05	4.046190e-05	5.264117e-05	6.720229e-05
	8.427884e-05	1.039523e-04	1.262556e-04	1.511776e-04	1.786692e-04
	2.086505e-04	2.410184e-04	2.756528e-04	3.124240e-04	3.511992e-04
	3.918516e-04	4.342741e-04	4.784050e-04	5.242362e-04	5.717758e-04
	6.209846e-04	6.716835e-04	7.234470e-04	7.756776e-04	8.278942e-04
	8.799197e-04	9.317982e-04	9.836815e-04	1.035932e-03	1.089209e-03
	1.144260e-03	1.201502e-03	1.260600e-03	1.320480e-03	1.379837e-03
	1.437778e-03	1.494032e-03	1.548695e-03	1.601965e-03	1.654015e-03
	1.704942e-03	1.754636e-03	1.802379e-03	1.846820e-03	1.886965e-03
	1.922794e-03	1.954765e-03	1.982979e-03	2.006837e-03	2.025772e-03
	2.039565e-03	2.048140e-03	2.051426e-03	2.049229e-03	2.041320e-03
	2.027191e-03	2.006396e-03	1.978649e-03	1.943288e-03	1.899892e-03
	1.847824e-03	1.786448e-03	1.715472e-03	1.634704e-03	1.544373e-03
	1.445033e-03	1.337783e-03	1.223919e-03	1.105292e-03	9.837005e-04
	8.612152e-04	7.403948e-04	6.238274e-04	5.141674e-04	4.137979e-04
	3.245133e-04	2.471135e-04	1.816863e-04	1.278831e-04	8.446220e-05
	5.032171e-05	2.502790e-05	8.652013e-06	1.505698e-06	1.151138e-07
	4.999455e-09	1.783037e-10	6.623051e-12	2.810274e-13	1.432015e-14
	9.493961e-16	9.120273e-17	1.346633e-17	2.951072e-18	8.849088e-19
	3.284414e-19	1.374898e-19	6.158693e-20	2.953509e-20	1.593233e-20
	1.008597e-20	7.340885e-21	5.787537e-21	4.684474e-21	3.765518e-21
	2.959501e-21	2.265551e-21	1.693867e-21	1.243591e-21	9.014829e-22
	6.481456e-22	4.636267e-22	3.306025e-22	2.353484e-22	1.674046e-22
	1.190274e-22	8.459744e-23	6.008374e-23	4.264622e-23	3.026985e-23
	2.148695e-23	1.524090e-23	1.078997e-23	7.607541e-24	5.315571e-24
	3.650590e-24	2.431901e-24	1.532772e-24	8.654043e-25	3.691377e-25
	1.000000e-60
massfraction-C3H3
	1.000000e-60	1.000000e-60	1.000000e-60	1.000000e-60	1.000000e-60
	1.000000e-60	1.000000e-60	1.000000e-60	1.000000e-60	5.108165e-29
	3.860644e-28	6.746491e-28	5.809947e-28	6.654143e-28	6.070870e-28
	3.366735e-29	6.293003e-28	2.677426e-27	6.331068e-27	1.366396e-26
	3.798770e-26	1.145314e-25	3.638265e-25	1.210140e-24	4.118600e-24
	1.427241e-23	5.018106e-23	1.788420e-22	6.455451e-22	2.359019e-21
	8.705605e-21	3.221550e-20	1.178400e-19	4.174612e-19	1.404175e-18
	4.425574e-18	1.299842e-17	3.566061e-17	9.255713e-17	2.327047e-16
	5.834960e-16	1.498208e-15	4.001735e-15	1.116037e-14	3.231537e-14
	9.710533e-14	3.054381e-13	1.019512e-12	3.654858e-12	1.414558e-11
	5.903105e-11	2.642239e-10	1.242375e-09	5.787784e-09	2.458582e-08
	8.908941e-08	2.672056e-07	6.629085e-07	1.378693e-06	2.471771e-06
	3.951817e-06	5.799205e-06	7.988998e-06	1.047142e-05	1.319923e-05
	1.615289e-05	1.924991e-05	2.238988e-05	2.550890e-05	2.850033e-05
	3.126469e-05	3.368770e-05	3.563703e-05	3.698705e-05	3.762370e-05
	3.746360e-05	3.646830e-05	3.465300e-05	3.209373e-05	2.891402e-05
	2.528075e-05	2.140150e-05	1.749613e-05	1.377884e-05	1.042882e-05
	7.566750e-06	5.239209e-06	3.435980e-06	2.109778e-06	1.179697e-06
	5.687027e-07	2.125471e-07	4.884533e-08	5.073571e-09	2.366453e-10
	7.259895e-12	2.257874e-13	8.341579e-15	3.389482e-16	1.346833e-17
	4.810731e-19	1.447403e-20	3.402833e-22	5.793187e-24	6.863040e-26
	5.575817e-28	3.004205e-30	9.850117e-33	1.807049e-35	1.971230e-38
	1.556056e-41	1.069596e-44	9.615013e-48	2.577441e-47	1.000000e-60
	2.762437e-48	1.000000e-60	8.614551e-49	1.000000e-60	2.555740e-50
	1.000000e-60	1.070545e-50	3.180537e-51	1.000000e-60	1.000000e-60
	6.960605e-52	7.282176e-51	1.000000e-60	4.176386e-52	7.031286e-52
	4.612103e-53	1.000000e-60	1.000000e-60	1.457884e-52	3.217145e-53
	1.911155e-53	1.000000e-60	1.000000e-60	9.799063e-55	1.000000e-60
	1.000000e-60
massfraction-C2H3
	1.000000e-60	4.534774e-19	1.206187e-18	2.254206e-18	3.620372e-18
	5.390026e-18	7.692032e-18	1.070141e-17	1.471091e-17	2.024036e-17
	2.821061e-17	4.027883e-17	5.953312e-17	9.204284e-17	1.501201e-16
	2.595257e-16	4.764291e-16	9.278933e-16	1.911080e-15	4.141443e-15
	9.383865e-15	2.207661e-14	5.354159e-14	1.329436e-13	3.358612e-13
	8.587718e-13	2.212964e-12	5.725545e-12	1.479569e-11	3.782108e-11
	9.415938e-11	2.237343e-10	4.963611e-10	1.009299e-09	1.862567e-09
	3.116647e-09	4.748857e-09	6.631455e-09	8.553613e-09	1.026254e-08
	1.147202e-08	1.184620e-08	1.107884e-08	9.218478e-09	6.912121e-09
	4.915235e-09	3.517414e-09	2.649228e-09	2.168467e-09	1.979666e-09
	2.055473e-09	2.451253e-09	3.373649e-09	5.292430e-09	9.103800e-09
	1.638562e-08	2.950418e-08	5.124355e-08	8.366948e-08	1.274961e-07
	1.825111e-07	2.480153e-07	3.233534e-07	4.070230e-07	4.975088e-07
	5.939574e-07	6.931704e-07	7.911597e-07	8.848797e-07	9.699380e-07
	1.042295e-06	1.097834e-06	1.132639e-06	1.143856e-06	1.129997e-06
	1.091310e-06	1.029913e-06	9.494156e-07	8.546981e-07	7.509571e-07
	6.434386e-07	5.372733e-07	4.367967e-07	3.454436e-07	2.654873e-07
	1.979719e-07	1.427117e-07	9.881201e-08	6.505628e-08	3.978406e-08
	2.159945e-08	9.550808e-09	2.855675e-09	4.474365e-10	3.574757e-11
	1.995681e-12	1.214832e-13	1.060209e-14	1.314179e-15	2.070391e-16
	3.888263e-17	8.574269e-18	2.204247e-18	6.301828e-19	1.779928e-19
	4.620567e-20	1.180890e-20	3.221917e-21	9.757662e-22	3.357581e-22
	1.317257e-22	5.762101e-23	2.724430e-23	1.359256e-23	7.045338e-24
	3.754957e-24	2.042526e-24	1.127479e-24	6.286587e-25	3.526122e-25
	1.982214e-25	1.112889e-25	6.221111e-26	3.455205e-26	1.903395e-26
	1.038308e-26	5.598622e-27	2.977105e-27	1.558642e-27	8.028890e-28
	4.062398e-28	2.012491e-28	9.731168e-29	4.574727e-29	2.074331e-29
	8.952878e-30	3.598509e-30	1.288190e-30	3.701944e-31	6.112273e-32
	1.000000e-60
massfraction-C2H4
	1.000000e-60	9.384998e-10	2.796323e-09	6.371649e-09	1.301795e-08
	2.499060e-08	4.586965e-08	8.093294e-08	1.378608e-07	2.275225e-07
	3.642360e-07	5.654105e-07	8.512565e-07	1.245743e-06	1.775758e-06
	2.468748e-06	3.352068e-06	4.451937e-06	5.792494e-06	7.395056e-06
	9.277623e-06	1.145462e-05	1.393687e-05	1.673176e-05	1.984365e-05
	2.327465e-05	2.702609e-05	3.110137e-05	3.550764e-05	4.025300e-05
	4.534004e-05	5.075478e-05	5.645257e-05	6.236283e-05	6.842109e-05
	7.459383e-05	8.087243e-05	8.726132e-05	9.379119e-05	1.005302e-04
	1.075579e-04	1.149065e-04	1.225040e-04	1.301754e-04	1.377178e-04
	1.449878e-04	1.519221e-04	1.584917e-04	1.646492e-04	1.702959e-04
	1.752949e-04	1.796419e-04	1.840215e-04	1.906007e-04	2.025017e-04
	2.213539e-04	2.458448e-04	2.725248e-04	2.973304e-04	3.174081e-04
	3.316012e-04	3.397980e-04	3.423587e-04	3.397704e-04	3.326125e-04
	3.213138e-04	3.064539e-04	2.887416e-04	2.686441e-04	2.467931e-04
	2.236936e-04	1.998540e-04	1.758778e-04	1.523091e-04	1.296939e-04
	1.084970e-04	8.911553e-05	7.179362e-05	5.668774e-05	4.379889e-05
	3.305151e-05	2.432436e-05	1.742888e-05	1.214166e-05	8.213452e-06
	5.386733e-06	3.411440e-06	2.071628e-06	1.193226e-06	6.346110e-07
	2.960666e-07	1.100236e-07	2.651754e-08	3.189606e-09	1.976328e-10
	9.579696e-12	6.021611e-13	5.942559e-14	8.142754e-15	1.362059e-15
	2.656659e-16	6.060596e-17	1.659586e-17	5.675504e-18	2.486056e-18
	1.355970e-18	8.592260e-19	5.927933e-19	4.276746e-19	3.168239e-19
	2.394365e-19	1.836103e-19	1.419379e-19	1.100343e-19	8.526650e-20
	6.591892e-20	5.077840e-20	3.894199e-20	2.971329e-20	2.254235e-20
	1.699342e-20	1.271950e-20	9.446413e-21	6.958706e-21	5.083585e-21
	3.682080e-21	2.643203e-21	1.879207e-21	1.322677e-21	9.217760e-22
	6.357616e-22	4.334203e-22	2.917137e-22	1.935291e-22	1.260892e-22
	8.016727e-23	4.921295e-23	2.853179e-23	1.483381e-23	5.849057e-24
	1.000000e-60
massfraction-C2H5
	1.000000e-60	2.041364e-14	6.225150e-14	1.455480e-13	3.055922e-13
	6.032731e-13	1.138697e-12	2.065001e-12	3.612381e-12	6.116811e-12
	1.003608e-11	1.594772e-11	2.454661e-11	3.667939e-11	5.332533e-11
	7.552488e-11	1.043562e-10	1.408976e-10	1.861917e-10	2.412157e-10
	3.068609e-10	3.839237e-10	4.731076e-10	5.750402e-10	6.903072e-10
	8.195112e-10	9.633778e-10	1.122940e-09	1.299723e-09	1.495800e-09
	1.713728e-09	1.956252e-09	2.225637e-09	2.523355e-09	2.850627e-09
	3.208370e-09	3.594940e-09	4.002248e-09	4.411676e-09	4.786690e-09
	5.058006e-09	5.112039e-09	4.833494e-09	4.262156e-09	3.690132e-09
	3.386564e-09	3.400915e-09	3.728814e-09	4.435765e-09	5.701022e-09
	7.892861e-09	1.172469e-08	1.847472e-08	3.008810e-08	4.895260e-08
	7.736049e-08	1.169002e-07	1.678060e-07	2.281581e-07	2.948544e-07
	3.650367e-07	4.363503e-07	5.070492e-07	5.749129e-07	6.380439e-07
	6.950496e-07	7.432480e-07	7.802222e-07	8.044415e-07	8.143815e-07
	8.091657e-07	7.884482e-07	7.527290e-07	7.033672e-07	6.426528e-07
	5.735620e-07	4.996047e-07	4.242507e-07	3.508622e-07	2.820939e-07
	2.200058e-07	1.661034e-07	1.211094e-07	8.508529e-08	5.746893e-08
	3.721708e-08	2.298431e-08	1.341431e-08	7.295971e-09	3.577269e-09
	1.482346e-09	4.581721e-10	8.022291e-11	5.470046e-12	1.617808e-13
	4.055037e-15	1.773878e-16	1.680227e-17	2.535398e-18	4.916644e-19
	1.152863e-19	3.241411e-20	1.077561e-20	3.958362e-21	1.406683e-21
	4.469663e-22	1.301793e-22	3.615351e-23	9.891892e-24	2.788172e-24
	8.554847e-25	2.929192e-25	1.105573e-25	4.506427e-26	1.951664e-26
	8.867920e-27	4.182859e-27	2.029590e-27	1.005084e-27	5.044136e-28
	2.549485e-28	1.290467e-28	6.510040e-29	3.261848e-29	1.618837e-29
	7.938579e-30	3.837165e-30	1.822888e-30	8.493938e-31	3.878788e-31
	1.732617e-31	7.545326e-32	3.194316e-32	1.310579e-32	5.180768e-33
	1.957681e-33	7.009513e-34	2.349646e-34	7.240426e-35	1.887056e-35
	1.000000e-60
massfraction-C3H4
	1.000000e-60	5.072380e-16	1.640615e-15	4.096241e-15	9.219750e-15
	1.954280e-14	3.960375e-14	7.699506e-14	1.440861e-13	2.603651e-13
	4.546283e-13	7.664475e-13	1.247514e-12	1.965060e-12	3.002416e-12
	4.455650e-12	6.432145e-12	9.047671e-12	1.242286e-11	1.667952e-11
	2.193709e-11	2.830960e-11	3.590317e-11	4.481431e-11	5.512931e-11
	6.692510e-11	8.027354e-11	9.525163e-11	1.119493e-10	1.304601e-10
	1.508556e-10	1.731356e-10	1.971600e-10	2.226546e-10	2.493437e-10
	2.770689e-10	3.057765e-10	3.354731e-10	3.662943e-10	3.985680e-10
	4.326975e-10	4.688749e-10	5.067689e-10	5.454853e-10	5.839037e-10
	6.211152e-10	6.564516e-10	6.886497e-10	7.131672e-10	7.155959e-10
	6.645981e-10	5.335752e-10	3.744704e-10	3.108706e-10	4.523203e-10
	9.965784e-10	2.471136e-09	5.962185e-09	1.313211e-08	2.596844e-08
	4.657907e-08	7.711894e-08	1.199556e-07	1.771568e-07	2.508048e-07
	3.438635e-07	4.574696e-07	5.913347e-07	7.459605e-07	9.192970e-07
	1.108706e-06	1.309732e-06	1.515044e-06	1.715613e-06	1.900371e-06
	2.057472e-06	2.175161e-06	2.243590e-06	2.255661e-06	2.208196e-06
	2.102123e-06	1.943194e-06	1.741608e-06	1.511327e-06	1.268302e-06
	1.028099e-06	8.030744e-07	6.018657e-07	4.297601e-07	2.871702e-07
	1.732326e-07	8.804675e-08	3.238135e-08	6.966238e-09	8.871603e-10
	8.893055e-11	9.268998e-12	1.131387e-12	1.614408e-13	2.622777e-14
	4.826711e-15	1.022658e-15	2.569977e-16	7.981724e-17	3.144583e-17
	1.522323e-17	8.426867e-18	5.017328e-18	3.105468e-18	1.974800e-18
	1.288687e-18	8.600864e-19	5.828737e-19	3.985732e-19	2.739318e-19
	1.887813e-19	1.302455e-19	8.985342e-20	6.191989e-20	4.257677e-20
	2.917853e-20	1.990417e-20	1.349868e-20	9.094765e-21	6.084321e-21
	4.039402e-21	2.659525e-21	1.734692e-21	1.120269e-21	7.164389e-22
	4.535370e-22	2.838453e-22	1.754648e-22	1.070200e-22	6.420017e-23
	3.766604e-23	2.140478e-23	1.153658e-23	5.605757e-24	2.079248e-24
	1.000000e-60
massfraction-C3H5
	1.000000e-60	5.347893e-16	1.750433e-15	4.429029e-15	1.011032e-14
	2.174141e-14	4.469651e-14	8.812527e-14	1.671742e-13	3.060738e-13
	5.411982e-13	9.233582e-13	1.519979e-12	2.419904e-12	3.734733e-12
	5.595060e-12	8.148908e-12	1.155805e-11	1.599332e-11	2.162957e-11
	2.864062e-11	3.719467e-11	4.745057e-11	5.955497e-11	7.364102e-11
	8.982919e-11	1.082328e-10	1.289721e-10	1.521848e-10	1.780137e-10
	2.065692e-10	2.378583e-10	2.716833e-10	3.076424e-10	3.453055e-10
	3.843666e-10	4.246007e-10	4.657629e-10	5.076244e-10	5.499523e-10
	5.921504e-10	6.325883e-10	6.679300e-10	6.930451e-10	7.018309e-10
	6.879012e-10	6.445805e-10	5.650931e-10	4.453644e-10	2.929246e-10
	1.409472e-10	4.148789e-11	7.639490e-12	2.006687e-12	1.489202e-12
	1.896891e-12	3.146438e-12	5.979477e-12	1.181636e-11	2.285816e-11
	4.224521e-11	7.426869e-11	1.248631e-10	2.013659e-10	3.131611e-10
	4.737028e-10	6.966151e-10	9.951856e-10	1.386936e-09	1.885911e-09
	2.506256e-09	3.257998e-09	4.140418e-09	5.142374e-09	6.236290e-09
	7.378599e-09	8.508541e-09	9.555752e-09	1.044263e-08	1.109682e-08
	1.145538e-08	1.147366e-08	1.113559e-08	1.045909e-08	9.496487e-09
	8.326615e-09	7.036956e-09	5.711738e-09	4.426189e-09	3.225257e-09
	2.141742e-09	1.218518e-09	5.169081e-10	1.337179e-10	2.129636e-11
	2.756295e-12	3.834576e-13	6.503457e-14	1.352640e-14	3.362188e-15
	9.791565e-16	3.310444e-16	1.308782e-16	6.210037e-17	3.588222e-17
	2.428191e-17	1.790957e-17	1.359620e-17	1.031429e-17	7.759798e-18
	5.811478e-18	4.345426e-18	3.239868e-18	2.403321e-18	1.771264e-18
	1.296098e-18	9.412323e-19	6.781846e-19	4.847207e-19	3.435272e-19
	2.412894e-19	1.678499e-19	1.155625e-19	7.872606e-20	5.306249e-20
	3.538108e-20	2.333118e-20	1.520505e-20	9.790699e-21	6.231932e-21
	3.920641e-21	2.435480e-21	1.492848e-21	9.021639e-22	5.359545e-22
	3.113105e-22	1.751482e-22	9.348509e-23	4.501001e-23	1.655576e-23
	1.000000e-60
massfraction-C3H6
	1.000000e-60	6.267782e-13	2.083269e-12	5.362646e-12	1.246643e-11
	2.731091e-11	5.719589e-11	1.148302e-10	2.216887e-10	4.128053e-10
	7.418461e-10	1.285357e-09	2.146969e-09	3.465551e-09	5.418556e-09
	8.217608e-09	1.210685e-08	1.735772e-08	2.426182e-08	3.312255e-08
	4.424661e-08	5.793573e-08	7.447938e-08	9.414888e-08	1.171934e-07
	1.438390e-07	1.742943e-07	2.087678e-07	2.474750e-07	2.905955e-07
	3.381682e-07	3.899009e-07	4.449053e-07	5.016200e-07	5.580792e-07
	6.121914e-07	6.617432e-07	7.043674e-07	7.376652e-07	7.590997e-07
	7.656046e-07	7.535942e-07	7.201725e-07	6.653064e-07	5.930857e-07
	5.096807e-07	4.205508e-07	3.295380e-07	2.394725e-07	1.537425e-07
	7.942184e-08	2.920118e-08	9.036047e-09	4.732784e-09	4.297526e-09
	5.083466e-09	6.926964e-09	1.003380e-08	1.457547e-08	2.056883e-08
	2.791679e-08	3.644844e-08	4.597310e-08	5.616094e-08	6.665213e-08
	7.712830e-08	8.698803e-08	9.558873e-08	1.024313e-07	1.069831e-07
	1.088588e-07	1.078112e-07	1.038043e-07	9.705002e-08	8.801127e-08
	7.734201e-08	6.581809e-08	5.419561e-08	4.315610e-08	3.318893e-08
	2.460679e-08	1.756308e-08	1.204502e-08	7.923327e-09	4.989487e-09
	2.999537e-09	1.710752e-09	9.157645e-10	4.524981e-10	1.984958e-10
	7.170839e-11	1.847109e-11	2.480958e-12	1.137290e-13	1.869732e-15
	1.987799e-17	2.344112e-19	3.929510e-21	9.742470e-23	3.484947e-24
	1.771451e-25	1.290069e-26	1.404251e-27	2.324976e-28	4.813348e-29
	2.287983e-29	1.490337e-29	1.092113e-29	8.177724e-30	6.095954e-30
	4.524849e-30	3.352838e-30	2.476716e-30	1.819772e-30	1.328078e-30
	9.620311e-31	6.914082e-31	4.928876e-31	3.484421e-31	2.441826e-31
	1.695427e-31	1.165511e-31	7.927370e-32	5.333474e-32	3.549152e-32
	2.335732e-32	1.519761e-32	9.769738e-33	6.203555e-33	3.892922e-33
	2.414057e-33	1.477872e-33	8.926576e-34	5.315865e-34	3.112351e-34
	1.782154e-34	9.889162e-35	5.209702e-35	2.478119e-35	9.016632e-36
	1.000000e-60
massfraction-N-C3H7
	1.000000e-60	2.842221e-18	9.459175e-18	2.438484e-17	5.677444e-17
	1.245752e-16	2.613018e-16	5.254136e-16	1.015865e-15	1.894358e-15
	3.409023e-15	5.914403e-15	9.891314e-15	1.598501e-14	2.502126e-14
	3.798649e-14	5.602045e-14	8.039241e-14	1.124680e-13	1.536704e-13
	2.054409e-13	2.691996e-13	3.463108e-13	4.380531e-13	5.455951e-13
	6.699741e-13	8.120814e-13	9.726326e-13	1.151919e-12	1.348879e-12
	1.558834e-12	1.768554e-12	1.947513e-12	2.039000e-12	1.966790e-12
	1.685376e-12	1.264019e-12	8.626538e-13	5.657293e-13	3.629085e-13
	2.279995e-13	1.409113e-13	8.652790e-14	5.346922e-14	3.367485e-14
	2.179259e-14	1.447766e-14	9.769463e-15	6.545063e-15	4.157502e-15
	2.289898e-15	9.721532e-16	3.769729e-16	2.661775e-16	3.428781e-16
	5.890408e-16	1.165457e-15	2.409422e-15	4.849886e-15	9.171803e-15
	1.618537e-14	2.680235e-14	4.207816e-14	6.298581e-14	9.046632e-14
	1.256668e-13	1.687646e-13	2.189648e-13	2.752254e-13	3.349624e-13
	3.948602e-13	4.506503e-13	4.973021e-13	5.300317e-13	5.449541e-13
	5.399524e-13	5.151714e-13	4.729956e-13	4.176932e-13	3.544329e-13
	2.885847e-13	2.251601e-13	1.680440e-13	1.197584e-13	8.133795e-14
	5.250671e-14	3.202779e-14	1.827304e-14	9.596572e-15	4.468993e-15
	1.715707e-15	4.714172e-16	6.808952e-17	3.388746e-18	6.014447e-20
	6.722102e-22	8.134378e-24	1.388933e-25	3.530262e-27	1.315383e-28
	7.132495e-30	5.722317e-31	7.764648e-32	1.193643e-32	1.000000e-60
	2.208020e-33	1.911165e-33	1.951212e-33	2.300567e-33	3.200515e-33
	3.661180e-33	3.167811e-33	2.462251e-33	1.840008e-33	1.350211e-33
	9.794069e-34	7.037590e-34	5.012715e-34	3.539697e-34	2.477409e-34
	1.717804e-34	1.179226e-34	8.008944e-35	5.380268e-35	3.574782e-35
	2.348895e-35	1.525865e-35	9.792844e-36	6.207788e-36	3.888927e-36
	2.407402e-36	1.471215e-36	8.870673e-37	5.273248e-37	3.081991e-37
	1.761735e-37	9.759611e-38	5.133357e-38	2.438247e-38	8.859981e-39
	1.000000e-60
massfraction-I-C3H7
	1.000000e-60	9.999992e-61	1.000014e-60	1.000040e-60	1.000081e-60
	1.000144e-60	1.000233e-60	1.000350e-60	1.000490e-60	1.000631e-60
	1.000729e-60	1.000703e-60	1.000428e-60	9.997238e-61	9.983502e-61
	9.960034e-61	9.923235e-61	9.869031e-61	9.793022e-61	9.690652e-61
	9.557390e-61	9.388920e-61	9.181312e-61	8.931174e-61	8.635772e-61
	8.293096e-61	7.901803e-61	7.460993e-61	6.970029e-61	6.428887e-61
	5.838957e-61	5.204400e-61	4.533805e-61	3.839449e-61	3.133581e-61
	2.427020e-61	1.734787e-61	1.087704e-61	5.435960e-62	1.802300e-62
	2.918704e-63	1.695787e-64	3.129922e-66	5.705975e-68	2.294488e-68
	1.403797e-68	9.128401e-69	6.282304e-69	4.559914e-69	3.479338e-69
	2.779658e-69	2.313835e-69	1.994015e-69	1.762587e-69	1.577780e-69
	1.412486e-69	1.253962e-69	1.101528e-69	9.599803e-70	8.332798e-70
	7.220187e-70	6.249823e-70	5.400329e-70	4.657935e-70	4.005995e-70
	3.426984e-70	2.911328e-70	2.456978e-70	2.054138e-70	1.699356e-70
	1.388040e-70	1.116992e-70	8.844923e-71	6.881708e-71	5.256206e-71
	3.937941e-71	2.893175e-71	2.082961e-71	1.469285e-71	1.014144e-71
	6.839754e-72	4.503882e-72	2.892894e-72	1.811358e-72	1.104991e-72
	6.559701e-73	3.773755e-73	2.087933e-73	1.097609e-73	5.322842e-74
	2.253707e-74	7.524190e-75	1.608939e-75	1.695952e-76	7.235882e-78
	3.512185e-75	7.812590e-70	1.788987e-69	2.869260e-69	4.006717e-69
	3.268463e-71	7.780330e-70	1.619479e-68	2.874519e-67	4.088175e-66
	4.292367e-65	2.769664e-64	7.436356e-64	9.946080e-64	1.078613e-63
	1.120400e-63	1.154850e-63	1.191663e-63	1.233371e-63	1.278562e-63
	1.322842e-63	1.359753e-63	1.382120e-63	1.383715e-63	1.360743e-63
	1.312737e-63	1.242789e-63	1.157496e-63	1.067132e-63	9.863679e-64
	9.364759e-64	9.503050e-64	1.082148e-63	1.425592e-63	2.143801e-63
	3.524558e-63	6.080123e-63	1.071531e-62	1.901751e-62	3.378717e-62
	5.995023e-62	1.060702e-61	1.870480e-61	3.286498e-61	5.747338e-61
	1.000000e-60
massfraction-C3H8
	1.000000e-60	1.000000e-60	1.000018e-60	1.000048e-60	1.000100e-60
	1.000182e-60	1.000310e-60	1.000499e-60	1.000767e-60	1.001131e-60
	1.001605e-60	1.002187e-60	1.002858e-60	1.003581e-60	1.004289e-60
	1.004884e-60	1.005238e-60	1.005192e-60	1.004562e-60	1.003147e-60
	1.000734e-60	9.971035e-61	9.920402e-61	9.853352e-61	9.767920e-61
	9.662286e-61	9.534752e-61	9.383646e-61	9.207223e-61	9.003745e-61
	8.771785e-61	8.510866e-61	8.222404e-61	7.909789e-61	7.576798e-61
	7.225999e-61	6.858759e-61	6.475738e-61	6.075986e-61	5.656139e-61
	5.212017e-61	4.742529e-61	4.253818e-61	3.759568e-61	3.275860e-61
	2.815026e-61	2.383361e-61	1.983363e-61	1.616193e-61	1.282808e-61
	9.844748e-62	7.235734e-62	5.051278e-62	3.348630e-62	2.128937e-62
	1.318724e-62	8.088797e-63	4.987135e-63	3.139174e-63	2.033748e-63
	1.355011e-63	9.242385e-64	6.410921e-64	4.507964e-64	3.199492e-64
	2.275096e-64	1.620188e-64	1.155659e-64	8.217839e-65	5.819153e-65
	4.090936e-65	2.847560e-65	1.960299e-65	1.332503e-65	8.936233e-66
	5.907442e-66	3.848597e-66	2.468468e-66	1.558181e-66	9.662345e-67
	5.874499e-67	3.498232e-67	2.037770e-67	1.160344e-67	6.454949e-68
	3.503873e-68	1.847470e-68	9.384110e-69	4.533103e-69	2.017262e-69
	7.798494e-70	2.353403e-70	4.464103e-71	4.110462e-72	1.842879e-73
	1.578730e-74	3.543807e-73	1.172643e-71	3.366236e-70	8.176708e-69
	1.663892e-67	2.783981e-66	3.731726e-65	3.820007e-64	2.748334e-63
	1.293057e-62	4.028382e-62	9.124531e-62	1.656881e-61	2.567998e-61
	3.539082e-61	4.484902e-61	5.362248e-61	6.151369e-61	6.843576e-61
	7.437815e-61	7.938737e-61	8.354541e-61	8.695272e-61	8.971596e-61
	9.193784e-61	9.371214e-61	9.512036e-61	9.623084e-61	9.710143e-61
	9.778070e-61	9.830877e-61	9.871832e-61	9.903487e-61	9.927837e-61
	9.946504e-61	9.960781e-61	9.971648e-61	9.979863e-61	9.986033e-61
	9.990625e-61	9.993995e-61	9.996423e-61	9.998128e-61	9.999276e-61
	1.000000e-60
V [kg/(s*m^2)]
	8.974148e-02	8.647435e-02	8.321765e-02	7.999160e-02	7.682449e-02
	7.372527e-02	7.070237e-02	6.777437e-02	6.494405e-02	6.220635e-02
	5.956369e-02	5.702532e-02	5.459685e-02	5.227106e-02	5.003971e-02
	4.789903e-02	4.584421e-02	4.386929e-02	4.196758e-02	4.013194e-02
	3.835507e-02	3.662963e-02	3.494842e-02	3.330438e-02	3.169052e-02
	3.009986e-02	2.852498e-02	2.695727e-02	2.538688e-02	2.380389e-02
	2.220013e-02	2.057181e-02	1.892261e-02	1.726148e-02	1.559405e-02
	1.391700e-02	1.222060e-02	1.049178e-02	8.709869e-03	6.842180e-03
	4.848939e-03	2.697673e-03	3.809850e-04	-2.077479e-03	-4.636928e-03
	-7.263923e-03	-9.946032e-03	-1.268548e-02	-1.548894e-02	-1.836162e-02
	-2.130310e-02	-2.429565e-02	-2.726952e-02	-3.008548e-02	-3.259747e-02
	-3.472501e-02	-3.646581e-02	-3.786121e-02	-3.896162e-02	-3.982909e-02
	-4.052466e-02	-4.109574e-02	-4.157782e-02	-4.199184e-02	-4.235452e-02
	-4.268115e-02	-4.297716e-02	-4.324665e-02	-4.349654e-02	-4.372988e-02
	-4.395039e-02	-4.416089e-02	-4.436285e-02	-4.455781e-02	-4.474669e-02
	-4.493035e-02	-4.510929e-02	-4.528431e-02	-4.545586e-02	-4.562489e-02
	-4.579229e-02	-4.595855e-02	-4.612420e-02	-4.628958e-02	-4.645498e-02
	-4.662084e-02	-4.678847e-02	-4.695998e-02	-4.713823e-02	-4.733033e-02
	-4.754885e-02	-4.781567e-02	-4.817994e-02	-4.873773e-02	-4.958701e-02
	-5.070842e-02	-5.196020e-02	-5.322612e-02	-5.448493e-02	-5.575921e-02
	-5.707429e-02	-5.845484e-02	-5.993215e-02	-6.153167e-02	-6.324588e-02
	-6.503936e-02	-6.688565e-02	-6.879120e-02	-7.077194e-02	-7.280591e-02
	-7.484131e-02	-7.685165e-02	-7.884543e-02	-8.083768e-02	-8.283722e-02
	-8.484798e-02	-8.687196e-02	-8.891020e-02	-9.096368e-02	-9.303440e-02
	-9.512508e-02	-9.723941e-02	-9.938071e-02	-1.015496e-01	-1.037459e-01
	-1.059696e-01	-1.082213e-01	-1.105038e-01	-1.128166e-01	-1.151554e-01
	-1.175183e-01	-1.199070e-01	-1.223192e-01	-1.247502e-01	-1.271996e-01
	-1.296671e-01	-1.321483e-01	-1.346408e-01	-1.371418e-01	-1.396445e-01
	-1.421454e-01
density [kg/m^3]
	6.431859e-01	6.430998e-01	6.429685e-01	6.427677e-01	6.424627e-01
	6.420030e-01	6.413203e-01	6.403293e-01	6.389224e-01	6.369668e-01
	6.343170e-01	6.308323e-01	6.263872e-01	6.208607e-01	6.141548e-01
	6.062231e-01	5.970664e-01	5.867316e-01	5.753068e-01	5.629133e-01
	5.496950e-01	5.358083e-01	5.214124e-01	5.066609e-01	4.916954e-01
	4.766403e-01	4.615972e-01	4.466386e-01	4.318090e-01	4.171410e-01
	4.026750e-01	3.884822e-01	3.746831e-01	3.614159e-01	3.487623e-01
	3.367157e-01	3.252185e-01	3.141951e-01	3.035351e-01	2.930836e-01
	2.826851e-01	2.722582e-01	2.618502e-01	2.516112e-01	2.417274e-01
	2.323247e-01	2.234299e-01	2.150142e-01	2.070401e-01	1.994814e-01
	1.923317e-01	1.856237e-01	1.794837e-01	1.741239e-01	1.696965e-01
	1.661962e-01	1.634955e-01	1.614324e-01	1.598670e-01	1.586699e-01
	1.577331e-01	1.569793e-01	1.563541e-01	1.558259e-01	1.553706e-01
	1.549674e-01	1.546088e-01	1.542893e-01	1.540004e-01	1.537388e-01
	1.535006e-01	1.532837e-01	1.530876e-01	1.529122e-01	1.527587e-01
	1.526283e-01	1.525231e-01	1.524452e-01	1.523973e-01	1.523822e-01
	1.524034e-01	1.524643e-01	1.525686e-01	1.527195e-01	1.529194e-01
	1.531701e-01	1.534737e-01	1.538345e-01	1.542587e-01	1.547655e-01
	1.553948e-01	1.562233e-01	1.574318e-01	1.593989e-01	1.626001e-01
	1.672543e-01	1.731953e-01	1.802051e-01	1.883601e-01	1.979845e-01
	2.095111e-01	2.234896e-01	2.406990e-01	2.620450e-01	2.880703e-01
	3.187025e-01	3.537068e-01	3.933454e-01	4.381011e-01	4.873963e-01
	5.394342e-01	5.926308e-01	6.461883e-01	6.994820e-01	7.517376e-01
	8.020994e-01	8.497638e-01	8.940570e-01	9.344894e-01	9.707855e-01
	1.002861e+00	1.030796e+00	1.054784e+00	1.075082e+00	1.092017e+00
	1.105957e+00	1.117296e+00	1.126419e+00	1.133675e+00	1.139373e+00
	1.143802e+00	1.147213e+00	1.149814e+00	1.151778e+00	1.153248e+00
	1.154339e+00	1.155143e+00	1.155730e+00	1.156155e+00	1.156460e+00
	1.156679e+00
cp [J/m^3K]
	2.197908e+03	2.198084e+03	2.198340e+03	2.198715e+03	2.199264e+03
	2.200068e+03	2.201234e+03	2.202894e+03	2.205219e+03	2.208416e+03
	2.212715e+03	2.218338e+03	2.225488e+03	2.234364e+03	2.245134e+03
	2.257886e+03	2.272636e+03	2.289327e+03	2.307826e+03	2.327943e+03
	2.349435e+03	2.372024e+03	2.395414e+03	2.419303e+03	2.443397e+03
	2.467420e+03	2.491129e+03	2.514323e+03	2.536843e+03	2.558541e+03
	2.579247e+03	2.598738e+03	2.616709e+03	2.632829e+03	2.646823e+03
	2.658475e+03	2.667524e+03	2.673572e+03	2.676001e+03	2.673795e+03
	2.665230e+03	2.647603e+03	2.617217e+03	2.570278e+03	2.512977e+03
	2.449510e+03	2.380935e+03	2.308063e+03	2.231633e+03	2.152451e+03
	2.071507e+03	1.990271e+03	1.911513e+03	1.839437e+03	1.777680e+03
	1.727551e+03	1.688195e+03	1.657831e+03	1.634690e+03	1.616988e+03
	1.603164e+03	1.592078e+03	1.582921e+03	1.575214e+03	1.568595e+03
	1.562747e+03	1.557550e+03	1.552911e+03	1.548697e+03	1.544844e+03
	1.541281e+03	1.537957e+03	1.534843e+03	1.531911e+03	1.529142e+03
	1.526518e+03	1.524029e+03	1.521659e+03	1.519398e+03	1.517228e+03
	1.515135e+03	1.513109e+03	1.511138e+03	1.509215e+03	1.507330e+03
	1.505473e+03	1.503621e+03	1.501746e+03	1.499808e+03	1.497721e+03
	1.495336e+03	1.492391e+03	1.488285e+03	1.481772e+03	1.471333e+03
	1.456716e+03	1.439390e+03	1.420837e+03	1.401420e+03	1.380886e+03
	1.358937e+03	1.335315e+03	1.309720e+03	1.282094e+03	1.253152e+03
	1.224187e+03	1.195695e+03	1.164825e+03	1.135021e+03	1.109226e+03
	1.088558e+03	1.072549e+03	1.060140e+03	1.050404e+03	1.042672e+03
	1.036465e+03	1.031439e+03	1.027342e+03	1.023988e+03	1.021235e+03
	1.018972e+03	1.017114e+03	1.015591e+03	1.014349e+03	1.013342e+03
	1.012529e+03	1.011879e+03	1.011360e+03	1.010950e+03	1.010629e+03
	1.010379e+03	1.010186e+03	1.010038e+03	1.009925e+03	1.009840e+03
	1.009776e+03	1.009728e+03	1.009693e+03	1.009667e+03	1.009647e+03
	1.009633e+03
lambda [W/m]
	3.231541e-02	3.232357e-02	3.233535e-02	3.235252e-02	3.237757e-02
	3.241409e-02	3.246701e-02	3.254245e-02	3.264834e-02	3.279463e-02
	3.299272e-02	3.325434e-02	3.359116e-02	3.401595e-02	3.454151e-02
	3.517872e-02	3.593685e-02	3.682341e-02	3.784418e-02	3.900330e-02
	4.030354e-02	4.174657e-02	4.333332e-02	4.506432e-02	4.694012e-02
	4.896186e-02	5.113214e-02	5.345658e-02	5.594474e-02	5.860858e-02
	6.145896e-02	6.449959e-02	6.771852e-02	7.108938e-02	7.458764e-02
	7.820380e-02	8.193971e-02	8.580124e-02	8.980526e-02	9.398441e-02
	9.836512e-02	1.029173e-01	1.074964e-01	1.118408e-01	1.159743e-01
	1.198882e-01	1.235201e-01	1.268377e-01	1.298195e-01	1.324476e-01
	1.347062e-01	1.365794e-01	1.380479e-01	1.391103e-01	1.398170e-01
	1.402584e-01	1.405250e-01	1.406843e-01	1.407793e-01	1.408366e-01
	1.408717e-01	1.408933e-01	1.409060e-01	1.409124e-01	1.409139e-01
	1.409113e-01	1.409049e-01	1.408947e-01	1.408807e-01	1.408625e-01
	1.408393e-01	1.408104e-01	1.407748e-01	1.407311e-01	1.406778e-01
	1.406133e-01	1.405358e-01	1.404430e-01	1.403328e-01	1.402026e-01
	1.400493e-01	1.398702e-01	1.396625e-01	1.394238e-01	1.391524e-01
	1.388470e-01	1.385051e-01	1.381226e-01	1.376929e-01	1.371978e-01
	1.366013e-01	1.358358e-01	1.347448e-01	1.330120e-01	1.302849e-01
	1.265369e-01	1.221382e-01	1.174502e-01	1.125651e-01	1.074333e-01
	1.020048e-01	9.624946e-02	9.013668e-02	8.370174e-02	7.715405e-02
	7.080480e-02	6.484713e-02	5.920498e-02	5.401437e-02	4.942576e-02
	4.552170e-02	4.225166e-02	3.949854e-02	3.716183e-02	3.517162e-02
	3.347720e-02	3.203837e-02	3.082147e-02	2.979722e-02	2.893940e-02
	2.822469e-02	2.763235e-02	2.714437e-02	2.674537e-02	2.642176e-02
	2.616138e-02	2.595346e-02	2.578860e-02	2.565898e-02	2.555808e-02
	2.548020e-02	2.542051e-02	2.537516e-02	2.534101e-02	2.531548e-02
	2.529653e-02	2.528258e-02	2.527238e-02	2.526497e-02	2.525964e-02
	2.525581e-02
mu [kg/s^2m]
	1.146011e-05	1.146109e-05	1.146278e-05	1.146561e-05	1.147023e-05
	1.147758e-05	1.148897e-05	1.150603e-05	1.153090e-05	1.156625e-05
	1.161515e-05	1.168078e-05	1.176630e-05	1.187514e-05	1.201073e-05
	1.217599e-05	1.237338e-05	1.260493e-05	1.287218e-05	1.317630e-05
	1.351813e-05	1.389829e-05	1.431727e-05	1.477554e-05	1.527368e-05
	1.581248e-05	1.639324e-05	1.701815e-05	1.769059e-05	1.841472e-05
	1.919460e-05	2.003256e-05	2.092688e-05	2.187201e-05	2.286325e-05
	2.390070e-05	2.498880e-05	2.613492e-05	2.735254e-05	2.866511e-05
	3.010339e-05	3.169544e-05	3.345258e-05	3.536285e-05	3.739698e-05
	3.952568e-05	4.173314e-05	4.401410e-05	4.636588e-05	4.878324e-05
	5.125445e-05	5.375126e-05	5.620140e-05	5.847943e-05	6.046600e-05
	6.210744e-05	6.341823e-05	6.444588e-05	6.524084e-05	6.585740e-05
	6.634498e-05	6.674046e-05	6.707056e-05	6.735098e-05	6.759389e-05
	6.781007e-05	6.800338e-05	6.817674e-05	6.833470e-05	6.847918e-05
	6.861239e-05	6.873581e-05	6.884997e-05	6.895532e-05	6.905184e-05
	6.913938e-05	6.921752e-05	6.928586e-05	6.934381e-05	6.939086e-05
	6.942633e-05	6.944936e-05	6.945915e-05	6.945495e-05	6.943623e-05
	6.940271e-05	6.935413e-05	6.928991e-05	6.920891e-05	6.910735e-05
	6.897672e-05	6.880011e-05	6.853704e-05	6.810172e-05	6.738491e-05
	6.633911e-05	6.502004e-05	6.350957e-05	6.183123e-05	5.996635e-05
	5.789324e-05	5.559442e-05	5.304903e-05	5.026088e-05	4.731252e-05
	4.434488e-05	4.146916e-05	3.871985e-05	3.610599e-05	3.368137e-05
	3.151324e-05	2.961522e-05	2.795789e-05	2.650954e-05	2.524717e-05
	2.415280e-05	2.321024e-05	2.240420e-05	2.171986e-05	2.114282e-05
	2.065950e-05	2.025728e-05	1.992487e-05	1.965243e-05	1.943108e-05
	1.925275e-05	1.911025e-05	1.899722e-05	1.890835e-05	1.883919e-05
	1.878584e-05	1.874498e-05	1.871397e-05	1.869066e-05	1.867326e-05
	1.866038e-05	1.865092e-05	1.864402e-05	1.863904e-05	1.863547e-05
	1.863292e-05
mDot_CH4 [kg/m^3s]
	0.000000e+00	4.064754e-17	1.618786e-15	6.949167e-15	2.047893e-14
	5.076351e-14	1.135802e-13	2.365232e-13	4.678051e-13	8.922585e-13
	1.657821e-12	3.020867e-12	5.431817e-12	9.713312e-12	1.739102e-11
	3.130660e-11	5.682668e-11	1.041800e-10	1.929874e-10	3.610263e-10
	6.811093e-10	1.293374e-09	2.466517e-09	4.712764e-09	9.001415e-09
	1.715141e-08	3.254835e-08	6.145508e-08	1.153868e-07	2.152442e-07
	3.979186e-07	7.248556e-07	1.287398e-06	2.197511e-06	3.553530e-06
	5.380777e-06	7.563376e-06	9.815172e-06	1.173933e-05	1.291952e-05
	1.289832e-05	1.095188e-05	5.850657e-06	-3.784980e-06	-1.923674e-05
	-4.368146e-05	-8.512755e-05	-1.605765e-04	-3.095531e-04	-6.300441e-04
	-1.365274e-03	-3.111132e-03	-7.251442e-03	-1.662050e-02	-3.625309e-02
	-7.403955e-02	-1.407349e-01	-2.485319e-01	-4.079096e-01	-6.269021e-01
	-9.134870e-01	-1.277266e+00	-1.730249e+00	-2.281101e+00	-2.934910e+00
	-3.696065e+00	-4.548549e+00	-5.461165e+00	-6.403854e+00	-7.332462e+00
	-8.204242e+00	-8.975820e+00	-9.604894e+00	-1.005873e+01	-1.031534e+01
	-1.036651e+01	-1.021758e+01	-9.885328e+00	-9.395153e+00	-8.775741e+00
	-8.056823e+00	-7.269187e+00	-6.441846e+00	-5.602532e+00	-4.776588e+00
	-3.985788e+00	-3.245501e+00	-2.566412e+00	-1.956399e+00	-1.414241e+00
	-9.386979e-01	-5.367545e-01	-2.277403e-01	-5.462875e-02	-6.338155e-03
	-4.269145e-04	-2.337859e-05	-1.332092e-06	-8.718484e-08	-6.757993e-09
	-6.331688e-10	-7.294207e-11	-1.044203e-11	-1.878895e-12	-4.225646e-13
	-1.121181e-13	-3.291914e-14	-1.040564e-14	-3.513176e-15	-1.273017e-15
	-5.000588e-16	-2.122844e-16	-9.594929e-17	-4.553789e-17	-2.249100e-17
	-1.149399e-17	-6.053383e-18	-3.275163e-18	-1.815429e-18	-1.027956e-18
	-5.927646e-19	-3.469193e-19	-2.053738e-19	-1.226283e-19	-7.364787e-20
	-4.435983e-20	-2.671200e-20	-1.602325e-20	-9.545384e-21	-5.634243e-21
	-3.284522e-21	-1.882456e-21	-1.055734e-21	-5.760434e-22	-3.028532e-22
	-1.511348e-22	-6.989177e-23	-2.858458e-23	-9.299285e-24	-1.717080e-24
	0.000000e+00
ScalarDissRate [1/s]
	1.476877e-06	2.777122e-06	8.235821e-06	2.344849e-05	6.365325e-05
	1.646191e-04	4.051642e-04	9.457475e-04	2.096250e-03	4.424348e-03
	8.898443e-03	1.704470e-02	3.111366e-02	5.431645e-02	9.098893e-02
	1.465891e-01	2.276894e-01	3.418460e-01	4.973758e-01	7.030581e-01
	9.677841e-01	1.300173e+00	1.708181e+00	2.198712e+00	2.777272e+00
	3.447688e+00	4.212015e+00	5.070751e+00	6.022865e+00	7.064763e+00
	8.188300e+00	9.377785e+00	1.060682e+01	1.184035e+01	1.304310e+01
	1.418543e+01	1.524173e+01	1.618730e+01	1.699856e+01	1.765021e+01
	1.810687e+01	1.831789e+01	1.822658e+01	1.780337e+01	1.705996e+01
	1.604542e+01	1.482055e+01	1.344519e+01	1.197711e+01	1.047172e+01
	8.981871e+00	7.560018e+00	6.266747e+00	5.165097e+00	4.287837e+00
	3.623256e+00	3.132364e+00	2.772495e+00	2.509308e+00	2.314400e+00
	2.165993e+00	2.049322e+00	1.954426e+00	1.875520e+00	1.808355e+00
	1.749414e+00	1.697254e+00	1.650796e+00	1.608586e+00	1.569920e+00
	1.534037e+00	1.500371e+00	1.468602e+00	1.438420e+00	1.409625e+00
	1.382034e+00	1.355528e+00	1.329953e+00	1.305208e+00	1.281128e+00
	1.257564e+00	1.234432e+00	1.211642e+00	1.189141e+00	1.166882e+00
	1.144806e+00	1.122746e+00	1.100443e+00	1.077556e+00	1.053242e+00
	1.026050e+00	9.935675e-01	9.505792e-01	8.878242e-01	7.988911e-01
	6.924209e-01	5.868792e-01	4.932298e-01	4.121708e-01	3.414329e-01
	2.793322e-01	2.248295e-01	1.771236e-01	1.359541e-01	1.017310e-01
	7.462979e-02	5.392929e-02	3.838673e-02	2.684390e-02	1.851801e-02
	1.272351e-02	8.754513e-03	6.025496e-03	4.137452e-03	2.829300e-03
	1.924826e-03	1.301824e-03	8.747670e-04	5.836296e-04	3.862971e-04
	2.534074e-04	1.645562e-04	1.056584e-04	6.703610e-05	4.200867e-05
	2.599005e-05	1.586594e-05	9.547840e-06	5.661740e-06	3.310145e-06
	1.908213e-06	1.083935e-06	6.068052e-07	3.350551e-07	1.824582e-07
	9.797389e-08	5.191973e-08	2.716490e-08	1.403896e-08	7.178206e-09
	4.974945e-09
ZBilger
	1.000000e+00	9.999819e-01	9.999469e-01	9.998834e-01	9.997743e-01
	9.995944e-01	9.993086e-01	9.988716e-01	9.982248e-01	9.972935e-01
	9.959906e-01	9.942240e-01	9.918994e-01	9.889133e-01	9.851599e-01
	9.805454e-01	9.749874e-01	9.684159e-01	9.607753e-01	9.520236e-01
	9.421320e-01	9.310836e-01	9.188716e-01	9.054974e-01	8.909678e-01
	8.752922e-01	8.584756e-01	8.405075e-01	8.213558e-01	8.009804e-01
	7.793606e-01	7.565403e-01	7.326852e-01	7.080613e-01	6.829039e-01
	6.573173e-01	6.313029e-01	6.048070e-01	5.776640e-01	5.495449e-01
	5.200600e-01	4.889965e-01	4.565708e-01	4.234542e-01	3.904872e-01
	3.583150e-01	3.272368e-01	2.973376e-01	2.686398e-01	2.411751e-01
	2.150184e-01	1.903646e-01	1.677324e-01	1.479437e-01	1.315873e-01
	1.186603e-01	1.086992e-01	1.011070e-01	9.536269e-02	9.098370e-02
	8.756668e-02	8.482352e-02	8.255161e-02	8.063253e-02	7.897617e-02
	7.750457e-02	7.618806e-02	7.500425e-02	7.391973e-02	7.291920e-02
	7.198516e-02	7.110460e-02	7.027064e-02	6.947644e-02	6.871780e-02
	6.799099e-02	6.729378e-02	6.662295e-02	6.597663e-02	6.535117e-02
	6.474328e-02	6.415128e-02	6.357315e-02	6.300754e-02	6.245302e-02
	6.190739e-02	6.136544e-02	6.081938e-02	6.025900e-02	5.966098e-02
	5.898524e-02	5.816277e-02	5.703870e-02	5.530789e-02	5.265880e-02
	4.918025e-02	4.536970e-02	4.162646e-02	3.804134e-02	3.457679e-02
	3.119901e-02	2.789003e-02	2.463298e-02	2.144308e-02	1.840553e-02
	1.562593e-02	1.315256e-02	1.096725e-02	9.042646e-03	7.385831e-03
	6.006782e-03	4.878465e-03	3.953931e-03	3.193208e-03	2.567155e-03
	2.053394e-03	1.633530e-03	1.292071e-03	1.015805e-03	7.934072e-04
	6.153038e-04	4.734376e-04	3.611459e-04	2.729852e-04	2.043901e-04
	1.515126e-04	1.111312e-04	8.057770e-05	5.771669e-05	4.083563e-05
	2.851999e-05	1.963526e-05	1.331031e-05	8.871337e-06	5.794610e-06
	3.688497e-06	2.266194e-06	1.316345e-06	6.875111e-07	2.735177e-07
	0.000000e+00
ScalarDissRateBilger [1/s]
	9.377303e-07	2.031381e-06	7.108878e-06	2.255372e-05	6.590034e-05
	1.795515e-04	4.592194e-04	1.103834e-03	2.504252e-03	5.387279e-03
	1.100938e-02	2.137274e-02	3.945174e-02	6.949842e-02	1.172327e-01
	1.897739e-01	2.955113e-01	4.437614e-01	6.442644e-01	9.065707e-01
	1.239381e+00	1.649903e+00	2.143291e+00	2.722200e+00	3.386508e+00
	4.133227e+00	4.956696e+00	5.849130e+00	6.800924e+00	7.799921e+00
	8.830031e+00	9.869456e+00	1.088949e+01	1.185813e+01	1.274777e+01
	1.353894e+01	1.421777e+01	1.477289e+01	1.519487e+01	1.547351e+01
	1.559298e+01	1.553114e+01	1.526775e+01	1.480241e+01	1.415042e+01
	1.334337e+01	1.241880e+01	1.140982e+01	1.034589e+01	9.254387e+00
	8.161835e+00	7.096940e+00	6.099332e+00	5.218650e+00	4.489747e+00
	3.916076e+00	3.477103e+00	3.145078e+00	2.895615e+00	2.706503e+00
	2.559424e+00	2.441357e+00	2.343142e+00	2.259338e+00	2.185776e+00
	2.118801e+00	2.056908e+00	1.998996e+00	1.943448e+00	1.889538e+00
	1.836429e+00	1.783503e+00	1.730491e+00	1.677131e+00	1.623329e+00
	1.569027e+00	1.514293e+00	1.459148e+00	1.403774e+00	1.348291e+00
	1.292969e+00	1.238389e+00	1.185302e+00	1.134695e+00	1.087662e+00
	1.045241e+00	1.008151e+00	9.768447e-01	9.515740e-01	9.321281e-01
	9.183177e-01	9.100797e-01	9.065872e-01	9.026473e-01	8.834507e-01
	8.378845e-01	7.741624e-01	7.030099e-01	6.282320e-01	5.508290e-01
	4.720932e-01	3.939365e-01	3.184180e-01	2.482122e-01	1.869031e-01
	1.370796e-01	9.869071e-02	6.985046e-02	4.843931e-02	3.300214e-02
	2.229524e-02	1.502068e-02	1.008415e-02	6.729699e-03	4.457129e-03
	2.927076e-03	1.904791e-03	1.227547e-03	7.829234e-04	4.937162e-04
	3.074728e-04	1.888301e-04	1.141879e-04	6.792376e-05	3.971194e-05
	2.280018e-05	1.284096e-05	7.082717e-06	3.821914e-06	2.017652e-06
	1.041450e-06	5.248185e-07	2.580744e-07	1.238894e-07	5.803919e-08
	2.653614e-08	1.186942e-08	5.212871e-09	2.262787e-09	9.830196e-10
	6.229396e-10
ChiAnalytOverChiStoich
	1.000000e-10	1.000000e-10	1.000000e-10	1.000000e-10	1.000000e-10
	1.000000e-10	1.000000e-10	1.000000e-10	1.000000e-10	3.930333e-03
	1.341968e-02	2.782642e-02	4.941765e-02	8.140883e-02	1.281362e-01
	1.950246e-01	2.885493e-01	4.159990e-01	5.850694e-01	8.033244e-01
	1.077594e+00	1.413380e+00	1.814361e+00	2.282040e+00	2.815599e+00
	3.411968e+00	4.066167e+00	4.771939e+00	5.522155e+00	6.308332e+00
	7.119551e+00	7.940943e+00	8.752427e+00	9.531119e+00	1.025701e+01
	1.091574e+01	1.149650e+01	1.198952e+01	1.238589e+01	1.267555e+01
	1.284306e+01	1.286609e+01	1.272187e+01	1.239979e+01	1.190947e+01
	1.127589e+01	1.052806e+01	9.693087e+00	8.795922e+00	7.860566e+00
	6.911405e+00	5.976464e+00	5.095503e+00	4.317982e+00	3.678304e+00
	3.179902e+00	2.803133e+00	2.521768e+00	2.312964e+00	2.156508e+00
	2.036228e+00	1.940904e+00	1.862839e+00	1.797551e+00	1.741701e+00
	1.692483e+00	1.648782e+00	1.609758e+00	1.574239e+00	1.541672e+00
	1.511446e+00	1.483110e+00	1.456418e+00	1.431132e+00	1.407102e+00
	1.384194e+00	1.362325e+00	1.341384e+00	1.321301e+00	1.301955e+00
	1.283236e+00	1.265088e+00	1.247442e+00	1.230254e+00	1.213475e+00
	1.197036e+00	1.180779e+00	1.164470e+00	1.147808e+00	1.130113e+00
	1.110225e+00	1.086172e+00	1.053579e+00	1.004036e+00	9.297643e-01
	8.352221e-01	7.357601e-01	6.424837e-01	5.575074e-01	4.796712e-01
	4.080544e-01	3.421951e-01	2.817307e-01	2.269086e-01	1.789347e-01
	1.388068e-01	1.062498e-01	8.003909e-02	5.900052e-02	4.246432e-02
	2.983685e-02	2.028770e-02	1.299624e-02	7.361280e-03	2.973342e-03
	1.000000e-10	1.000000e-10	1.000000e-10	1.000000e-10	1.000000e-10
	1.000000e-10	1.000000e-10	1.000000e-10	1.000000e-10	1.000000e-10
	1.000000e-10	1.000000e-10	1.000000e-10	1.000000e-10	1.000000e-10
	1.000000e-10	1.000000e-10	1.000000e-10	1.000000e-10	1.000000e-10
	1.000000e-10	1.000000e-10	1.000000e-10	1.000000e-10	1.000000e-10
	1.000000e-10
ChiKWOverChiKWStoich
	6.970418e-11	6.970613e-11	6.970910e-11	6.971364e-11	6.972055e-11
	6.973097e-11	6.974646e-11	6.976900e-11	6.980108e-11	2.745175e-03
	9.381283e-03	1.947508e-02	3.463777e-02	5.716774e-02	9.018809e-02
	1.376469e-01	2.043188e-01	2.956709e-01	4.176079e-01	5.761163e-01
	7.768491e-01	1.024700e+00	1.323424e+00	1.675340e+00	2.081174e+00
	2.540040e+00	3.049635e+00	3.606669e+00	4.207153e+00	4.845977e+00
	5.515969e+00	6.206484e+00	6.902043e+00	7.583981e+00	8.235191e+00
	8.842838e+00	9.396841e+00	9.887910e+00	1.030759e+01	1.064685e+01
	1.089209e+01	1.102276e+01	1.101550e+01	1.085508e+01	1.054260e+01
	1.009351e+01	9.528946e+00	8.870107e+00	8.137418e+00	7.351293e+00
	6.533308e+00	5.709236e+00	4.916796e+00	4.204699e+00	3.609825e+00
	3.140544e+00	2.782323e+00	2.512801e+00	2.311646e+00	2.160267e+00
	2.043502e+00	1.950717e+00	1.874566e+00	1.810759e+00	1.756086e+00
	1.707834e+00	1.664929e+00	1.626565e+00	1.591599e+00	1.559494e+00
	1.529653e+00	1.501634e+00	1.475195e+00	1.450099e+00	1.426194e+00
	1.403347e+00	1.381472e+00	1.360452e+00	1.340214e+00	1.320631e+00
	1.301588e+00	1.283021e+00	1.264857e+00	1.247046e+00	1.229539e+00
	1.212266e+00	1.195068e+00	1.177704e+00	1.159864e+00	1.140823e+00
	1.119340e+00	1.093292e+00	1.057967e+00	1.004369e+00	9.244141e-01
	8.232915e-01	7.176148e-01	6.192063e-01	5.302703e-01	4.495846e-01
	3.762107e-01	3.096972e-01	2.496932e-01	1.964336e-01	1.509886e-01
	1.140522e-01	8.500337e-02	6.236660e-02	4.479662e-02	3.145093e-02
	2.159939e-02	1.438849e-02	9.050130e-03	5.043372e-03	2.007971e-03
	6.668408e-11	6.595463e-11	6.533210e-11	6.480471e-11	6.436096e-11
	6.399002e-11	6.368188e-11	6.342760e-11	6.321946e-11	6.305051e-11
	6.291450e-11	6.280586e-11	6.271971e-11	6.265198e-11	6.259926e-11
	6.255858e-11	6.252741e-11	6.250374e-11	6.248593e-11	6.247263e-11
	6.246277e-11	6.245552e-11	6.245023e-11	6.244640e-11	6.244365e-11
	6.244169e-11
ChiKWFact
	6.970418e-01	6.970613e-01	6.970910e-01	6.971364e-01	6.972055e-01
	6.973097e-01	6.974646e-01	6.976900e-01	6.980108e-01	6.984587e-01
	6.990689e-01	6.998775e-01	7.009191e-01	7.022302e-01	7.038457e-01
	7.057924e-01	7.080896e-01	7.107491e-01	7.137751e-01	7.171651e-01
	7.209109e-01	7.249997e-01	7.294157e-01	7.341413e-01	7.391585e-01
	7.444501e-01	7.500023e-01	7.558080e-01	7.618680e-01	7.681867e-01
	7.747635e-01	7.815802e-01	7.885862e-01	7.957073e-01	8.028844e-01
	8.100994e-01	8.173655e-01	8.247126e-01	8.322040e-01	8.399515e-01
	8.480920e-01	8.567291e-01	8.658712e-01	8.754246e-01	8.852282e-01
	8.951411e-01	9.050998e-01	9.150962e-01	9.251353e-01	9.352116e-01
	9.452938e-01	9.552867e-01	9.649284e-01	9.737650e-01	9.813828e-01
	9.876229e-01	9.925760e-01	9.964443e-01	9.994300e-01	1.001743e+00
	1.003572e+00	1.005056e+00	1.006295e+00	1.007348e+00	1.008259e+00
	1.009070e+00	1.009794e+00	1.010441e+00	1.011027e+00	1.011560e+00
	1.012046e+00	1.012490e+00	1.012892e+00	1.013253e+00	1.013568e+00
	1.013837e+00	1.014054e+00	1.014215e+00	1.014314e+00	1.014345e+00
	1.014301e+00	1.014176e+00	1.013960e+00	1.013649e+00	1.013238e+00
	1.012723e+00	1.012101e+00	1.011365e+00	1.010503e+00	1.009477e+00
	1.008211e+00	1.006555e+00	1.004164e+00	1.000331e+00	9.942457e-01
	9.857156e-01	9.753381e-01	9.637697e-01	9.511448e-01	9.372765e-01
	9.219621e-01	9.050309e-01	8.862835e-01	8.656950e-01	8.438199e-01
	8.216612e-01	8.000328e-01	7.792018e-01	7.592581e-01	7.406437e-01
	7.239164e-01	7.092222e-01	6.963655e-01	6.851216e-01	6.753245e-01
	6.668408e-01	6.595463e-01	6.533210e-01	6.480471e-01	6.436096e-01
	6.399002e-01	6.368188e-01	6.342760e-01	6.321946e-01	6.305051e-01
	6.291450e-01	6.280586e-01	6.271971e-01	6.265198e-01	6.259926e-01
	6.255858e-01	6.252741e-01	6.250374e-01	6.248593e-01	6.247263e-01
	6.246277e-01	6.245552e-01	6.245023e-01	6.244640e-01	6.244365e-01
	6.244169e-01
MolarMass [kg/kmole]
	1.604300e+01	1.604227e+01	1.604146e+01	1.604061e+01	1.603982e+01
	1.603923e+01	1.603906e+01	1.603959e+01	1.604121e+01	1.604440e+01
	1.604976e+01	1.605793e+01	1.606960e+01	1.608552e+01	1.610648e+01
	1.613323e+01	1.616646e+01	1.620682e+01	1.625488e+01	1.631118e+01
	1.637617e+01	1.645027e+01	1.653386e+01	1.662729e+01	1.673091e+01
	1.684510e+01	1.697030e+01	1.710710e+01	1.725636e+01	1.741906e+01
	1.759613e+01	1.778806e+01	1.799432e+01	1.821340e+01	1.844387e+01
	1.868538e+01	1.893850e+01	1.920442e+01	1.948566e+01	1.978677e+01
	2.011363e+01	2.047083e+01	2.085841e+01	2.127045e+01	2.169780e+01
	2.213211e+01	2.256858e+01	2.300487e+01	2.343930e+01	2.386987e+01
	2.429371e+01	2.470561e+01	2.509430e+01	2.544220e+01	2.573516e+01
	2.596989e+01	2.615255e+01	2.629271e+01	2.639925e+01	2.648074e+01
	2.654448e+01	2.659575e+01	2.663828e+01	2.667428e+01	2.670542e+01
	2.673317e+01	2.675809e+01	2.678063e+01	2.680141e+01	2.682075e+01
	2.683900e+01	2.685641e+01	2.687314e+01	2.688935e+01	2.690513e+01
	2.692059e+01	2.693577e+01	2.695078e+01	2.696568e+01	2.698055e+01
	2.699550e+01	2.701058e+01	2.702586e+01	2.704136e+01	2.705711e+01
	2.707313e+01	2.708952e+01	2.710647e+01	2.712421e+01	2.714340e+01
	2.716523e+01	2.719172e+01	2.722729e+01	2.727982e+01	2.735441e+01
	2.744383e+01	2.753441e+01	2.761871e+01	2.769679e+01	2.777088e+01
	2.784268e+01	2.791341e+01	2.798426e+01	2.805582e+01	2.812716e+01
	2.819652e+01	2.826294e+01	2.832663e+01	2.838781e+01	2.844538e+01
	2.849773e+01	2.854439e+01	2.858593e+01	2.862295e+01	2.865587e+01
	2.868500e+01	2.871061e+01	2.873298e+01	2.875239e+01	2.876911e+01
	2.878343e+01	2.879562e+01	2.880594e+01	2.881459e+01	2.882180e+01
	2.882776e+01	2.883264e+01	2.883662e+01	2.883983e+01	2.884240e+01
	2.884445e+01	2.884606e+01	2.884733e+01	2.884831e+01	2.884907e+01
	2.884966e+01	2.885011e+01	2.885045e+01	2.885071e+01	2.885091e+01
	2.885106e+01
TotalEnthalpy [J/kg]
	-4.664239e+06	-4.664109e+06	-4.663901e+06	-4.663569e+06	-4.663047e+06
	-4.662236e+06	-4.661003e+06	-4.659175e+06	-4.656529e+06	-4.652784e+06
	-4.647612e+06	-4.640670e+06	-4.631607e+06	-4.620036e+06	-4.605555e+06
	-4.587801e+06	-4.566443e+06	-4.541184e+06	-4.511759e+06	-4.477940e+06
	-4.439529e+06	-4.396352e+06	-4.348258e+06	-4.295111e+06	-4.236782e+06
	-4.173140e+06	-4.104026e+06	-4.029203e+06	-3.948331e+06	-3.861017e+06
	-3.766930e+06	-3.666012e+06	-3.558756e+06	-3.446166e+06	-3.329176e+06
	-3.208176e+06	-3.083092e+06	-2.953588e+06	-2.818763e+06	-2.676845e+06
	-2.525669e+06	-2.363913e+06	-2.192540e+06	-2.015159e+06	-1.836725e+06
	-1.661287e+06	-1.491169e+06	-1.327558e+06	-1.171296e+06	-1.023256e+06
	-8.845010e+05	-7.566208e+05	-6.426008e+05	-5.463281e+05	-4.697328e+05
	-4.114663e+05	-3.681539e+05	-3.362127e+05	-3.127687e+05	-2.954061e+05
	-2.822446e+05	-2.719987e+05	-2.637999e+05	-2.571457e+05	-2.516696e+05
	-2.470795e+05	-2.432599e+05	-2.401221e+05	-2.375570e+05	-2.355126e+05
	-2.339386e+05	-2.328018e+05	-2.320815e+05	-2.317572e+05	-2.318091e+05
	-2.322142e+05	-2.329444e+05	-2.339674e+05	-2.352448e+05	-2.367370e+05
	-2.384002e+05	-2.401812e+05	-2.420215e+05	-2.438546e+05	-2.456093e+05
	-2.472151e+05	-2.486089e+05	-2.497291e+05	-2.505053e+05	-2.508480e+05
	-2.505752e+05	-2.492701e+05	-2.458290e+05	-2.373022e+05	-2.188105e+05
	-1.893969e+05	-1.560254e+05	-1.258454e+05	-1.013539e+05	-8.271465e+04
	-6.959249e+04	-6.143333e+04	-5.746071e+04	-5.669625e+04	-5.785036e+04
	-5.947239e+04	-6.047045e+04	-6.020729e+04	-5.845080e+04	-5.537370e+04
	-5.139504e+04	-4.693232e+04	-4.225980e+04	-3.755769e+04	-3.296447e+04
	-2.858815e+04	-2.450631e+04	-2.076872e+04	-1.740046e+04	-1.440549e+04
	-1.177285e+04	-9.481205e+03	-7.504253e+03	-5.814699e+03	-4.383653e+03
	-3.181411e+03	-2.178666e+03	-1.347501e+03	-6.635785e+02	-1.057231e+02
	3.460470e+02	7.097816e+02	1.000450e+03	1.230821e+03	1.412236e+03
	1.554179e+03	1.664337e+03	1.749224e+03	1.814173e+03	1.863447e+03
	1.900584e+03
trailer
Lewis numbers evaluated at maximum consumption
N2	-1
O2	1.00218
@ Z = 0.0495061
H	0.169516
@ Z = 0.0572502
OH	0.668086
@ Z = 0.0541338
O	0.653887
@ Z = 0.0512505
H2	0.278472
@ Z = 0.0461237
H2O	-1
HO2	1.00851
@ Z = 0.0495061
H2O2	0.988105
@ Z = 0.0211718
CO	1.00936
@ Z = 0.044381
CO2	1.28712
@ Z = 0.055336
CH	0.608834
@ Z = 0.0481524
CHO	1.14941
@ Z = 0.0461237
CH2	0.880265
@ Z = 0.0488695
CH2O	1.16077
@ Z = 0.0472872
CH3	0.917316
@ Z = 0.0506806
CH4	0.924437
@ Z = 0.0572502
C2H6	1.33883
@ Z = 0.0572502
C2H	1.18691
@ Z = 0.0488695
C2H2	1.20322
@ Z = 0.0518188
CHCO	0.807558
@ Z = 0.0506806
C3H3	1.63064
@ Z = 0.0512505
C2H3	1.21427
@ Z = 0.0512505
C2H4	1.21667
@ Z = 0.0547297
C2H5	1.3254
@ Z = 0.0529656
C3H4	1.59036
@ Z = 0.0495061
C3H5	1.63482
@ Z = 0.0481524
C3H6	1.70841
@ Z = 0.0535464
N-C3H7	1.7149
@ Z = 0.05239
I-C3H7	1.86537
@ Z = 7.72959e-07
C3H8	1.71851
@ Z = 0.00720099
Lewis numbers evaluated at maximum formation
N2	-1
O2	1.00046
@ Z = 0.0120746
H	0.167618
@ Z = 0.0481524
OH	0.661486
@ Z = 0.0461237
O	0.645128
@ Z = 0.041816
H2	0.281074
@ Z = 0.055956
H2O	0.74414
@ Z = 0.0506806
HO2	0.986044
@ Z = 0.0120746
H2O2	0.990711
@ Z = 0.0141242
CO	1.01945
@ Z = 0.0518188
CO2	1.27501
@ Z = 0.0461237
CH	0.612155
@ Z = 0.05239
CHO	1.15703
@ Z = 0.0512505
CH2	0.885672
@ Z = 0.0547297
CH2O	1.16783
@ Z = 0.05239
CH3	0.920989
@ Z = 0.0586343
CH4	0.681104
@ Z = 0.564826
C2H6	1.33492
@ Z = 0.0705562
C2H	1.19374
@ Z = 0.0547297
C2H2	1.20556
@ Z = 0.0627034
CHCO	0.8113
@ Z = 0.0579297
C3H3	1.63591
@ Z = 0.0565934
C2H3	1.2187
@ Z = 0.0579297
C2H4	1.21703
@ Z = 0.0636893
C2H5	1.32812
@ Z = 0.0593677
C3H4	1.59774
@ Z = 0.0547297
C3H5	1.64427
@ Z = 0.0535464
C3H6	1.7108
@ Z = 0.0593677
N-C3H7	1.71869
@ Z = 0.0572502
I-C3H7	1.69788
@ Z = 0.0086305
C3H8	-1
Lewis numbers evaluated at maximum mass fraction
N2	0.921281
@ Z = 7.72959e-07
O2	1.05235
@ Z = 7.72959e-07
H	0.166505
@ Z = 0.044381
OH	0.654668
@ Z = 0.038591
O	0.639918
@ Z = 0.0352083
H2	0.280412
@ Z = 0.0823662
H2O	0.748109
@ Z = 0.0593677
HO2	0.983927
@ Z = 0.0141242
H2O2	0.990711
@ Z = 0.0141242
CO	1.02245
@ Z = 0.0617925
CO2	1.27885
@ Z = 0.0481524
CH	0.612481
@ Z = 0.0529656
CHO	1.15769
@ Z = 0.0518188
CH2	0.885954
@ Z = 0.055336
CH2O	1.16888
@ Z = 0.0535464
CH3	0.920956
@ Z = 0.0609401
CH4	1.0479
@ Z = 0.999977
C2H6	1.29362
@ Z = 0.176091
C2H	1.19435
@ Z = 0.055956
C2H2	1.18726
@ Z = 0.104418
CHCO	0.809007
@ Z = 0.0705562
C3H3	1.63622
@ Z = 0.0579297
C2H3	1.21876
@ Z = 0.0586343
C2H4	1.21436
@ Z = 0.0705562
C2H5	1.32776
@ Z = 0.0617925
C3H4	1.59814
@ Z = 0.055336
C3H5	1.64427
@ Z = 0.0535464
C3H6	1.60916
@ Z = 0.533184
N-C3H7	1.65473
@ Z = 0.728978
I-C3H7	1.80125
@ Z = 0.996287
C3H8	1.79142
@ Z = 0.977734
