header

title = "planar counterflow diffusion flame"
author = ""
date = "Wed Aug 14 11:06:13 2013"

fuel = "CH4"
pressure = 1 [bar]
strainrate = 583.125 [1/s]
chiStoichAnal = 14.3573 [1/s]
chiStoichAnalKW = 21.9785 [1/s]
FlameLocZ = 0.0562037 [K]
FlameLocBilger = 0.0667588 [K]
Tmax = 1789.8 [K]
stoichScalarDissRate = 23.6695 [1/s]
stoichScalarDissRateBilger = 19.6365 [1/s]

OxidizerSide
begin
	Temperature = 300 [K]
	Massfraction-N2 = 0.76708
	Massfraction-O2 = 0.23292
	Molefraction-N2 = 0.79
	Molefraction-O2 = 0.21
end

FuelSide
begin
	Temperature = 300 [K]
	Massfraction-CH4 = 1
	Molefraction-CH4 = 1
end

numOfSpecies = 31
gridPoints = 141

body
eta
	0.000000e+00	1.558642e-01	3.089113e-01	4.558289e-01	5.941345e-01
	7.229372e-01	8.423097e-01	9.527513e-01	1.054971e+00	1.149589e+00
	1.237008e+00	1.317936e+00	1.393449e+00	1.464280e+00	1.530809e+00
	1.593396e+00	1.652390e+00	1.708101e+00	1.760825e+00	1.810900e+00
	1.858661e+00	1.904372e+00	1.948267e+00	1.990566e+00	2.031444e+00
	2.070981e+00	2.109146e+00	2.145881e+00	2.181218e+00	2.215350e+00
	2.248574e+00	2.281185e+00	2.313379e+00	2.345244e+00	2.376791e+00
	2.408007e+00	2.438872e+00	2.469377e+00	2.499542e+00	2.529389e+00
	2.558939e+00	2.588210e+00	2.617219e+00	2.645978e+00	2.674498e+00
	2.702800e+00	2.730900e+00	2.758791e+00	2.786440e+00	2.813773e+00
	2.840687e+00	2.867095e+00	2.892940e+00	2.918171e+00	2.942729e+00
	2.966535e+00	2.989479e+00	3.011461e+00	3.032419e+00	3.052247e+00
	3.070764e+00	3.087857e+00	3.103550e+00	3.117887e+00	3.130914e+00
	3.142792e+00	3.153697e+00	3.163748e+00	3.173048e+00	3.181728e+00
	3.189898e+00	3.197608e+00	3.204895e+00	3.211803e+00	3.218369e+00
	3.224622e+00	3.230599e+00	3.236354e+00	3.241941e+00	3.247399e+00
	3.252769e+00	3.258089e+00	3.263390e+00	3.268687e+00	3.273987e+00
	3.279296e+00	3.284641e+00	3.290066e+00	3.295637e+00	3.301419e+00
	3.307423e+00	3.313604e+00	3.319911e+00	3.326327e+00	3.332870e+00
	3.339547e+00	3.346344e+00	3.353257e+00	3.360271e+00	3.367408e+00
	3.374722e+00	3.382288e+00	3.390240e+00	3.398663e+00	3.407725e+00
	3.417541e+00	3.428368e+00	3.440671e+00	3.454550e+00	3.470566e+00
	3.489746e+00	3.512593e+00	3.539642e+00	3.571568e+00	3.608747e+00
	3.651587e+00	3.701019e+00	3.758576e+00	3.826305e+00	3.906029e+00
	3.997917e+00	4.100080e+00	4.210049e+00	4.326313e+00	4.448159e+00
	4.574735e+00	4.704848e+00	4.837498e+00	4.972311e+00	5.109350e+00
	5.248813e+00	5.390902e+00	5.535735e+00	5.683321e+00	5.833525e+00
	5.986074e+00	6.140647e+00	6.296918e+00	6.454518e+00	6.612837e+00
	6.771246e+00
y [m]
	-1.670581e-03	-1.623985e-03	-1.578211e-03	-1.534234e-03	-1.492774e-03
	-1.454069e-03	-1.418058e-03	-1.384548e-03	-1.353275e-03	-1.324003e-03
	-1.296566e-03	-1.270709e-03	-1.246062e-03	-1.222367e-03	-1.199484e-03
	-1.177292e-03	-1.155680e-03	-1.134561e-03	-1.113857e-03	-1.093475e-03
	-1.073320e-03	-1.053323e-03	-1.033422e-03	-1.013557e-03	-9.936837e-04
	-9.738015e-04	-9.539688e-04	-9.342652e-04	-9.147251e-04	-8.952942e-04
	-8.758417e-04	-8.562236e-04	-8.363377e-04	-8.161417e-04	-7.956374e-04
	-7.748440e-04	-7.537862e-04	-7.324828e-04	-7.109328e-04	-6.891302e-04
	-6.670722e-04	-6.447549e-04	-6.221746e-04	-5.993325e-04	-5.762291e-04
	-5.528568e-04	-5.292131e-04	-5.053129e-04	-4.811965e-04	-4.569428e-04
	-4.326622e-04	-4.084575e-04	-3.844068e-04	-3.605867e-04	-3.370844e-04
	-3.140075e-04	-2.914980e-04	-2.696907e-04	-2.486861e-04	-2.286285e-04
	-2.097377e-04	-1.921707e-04	-1.759356e-04	-1.610202e-04	-1.473994e-04
	-1.349294e-04	-1.234378e-04	-1.128139e-04	-1.029577e-04	-9.373631e-05
	-8.504098e-05	-7.682058e-05	-6.904014e-05	-6.165693e-05	-5.463169e-05
	-4.793693e-05	-4.153435e-05	-3.536707e-05	-2.938029e-05	-2.353047e-05
	-1.777697e-05	-1.207906e-05	-6.404903e-06	-7.387893e-07	4.923564e-06
	1.058997e-05	1.628542e-05	2.205584e-05	2.796986e-05	3.409220e-05
	4.043020e-05	4.693333e-05	5.354361e-05	6.023749e-05	6.703044e-05
	7.392369e-05	8.089778e-05	8.794448e-05	9.504151e-05	1.022082e-04
	1.094904e-04	1.169579e-04	1.247300e-04	1.328766e-04	1.415403e-04
	1.508062e-04	1.608825e-04	1.721481e-04	1.846232e-04	1.987136e-04
	2.151603e-04	2.341553e-04	2.558210e-04	2.802776e-04	3.072823e-04
	3.365111e-04	3.678528e-04	4.013455e-04	4.369877e-04	4.743274e-04
	5.120992e-04	5.487000e-04	5.831221e-04	6.152476e-04	6.454068e-04
	6.739381e-04	7.011007e-04	7.271608e-04	7.524356e-04	7.772398e-04
	8.018363e-04	8.264296e-04	8.511653e-04	8.761374e-04	9.013907e-04
	9.269286e-04	9.527324e-04	9.787716e-04	1.005002e-03	1.031332e-03
	1.057666e-03
f
	-3.529249e+00	-3.320217e+00	-3.114932e+00	-2.917811e+00	-2.732143e+00
	-2.559072e+00	-2.398434e+00	-2.249478e+00	-2.111165e+00	-1.982573e+00
	-1.863082e+00	-1.751670e+00	-1.646805e+00	-1.547433e+00	-1.452996e+00
	-1.362986e+00	-1.276925e+00	-1.194403e+00	-1.115044e+00	-1.038406e+00
	-9.640546e-01	-8.916516e-01	-8.209049e-01	-7.515370e-01	-6.833351e-01
	-6.162437e-01	-5.504063e-01	-4.860240e-01	-4.231424e-01	-3.615231e-01
	-3.007048e-01	-2.402133e-01	-1.797286e-01	-1.191295e-01	-5.843515e-02
	2.283564e-03	6.294000e-02	1.234672e-01	1.838526e-01	2.440962e-01
	3.041860e-01	3.641121e-01	4.238630e-01	4.834147e-01	5.427454e-01
	6.018533e-01	6.607238e-01	7.192999e-01	7.774665e-01	8.350244e-01
	8.917144e-01	9.473119e-01	1.001663e+00	1.054629e+00	1.106058e+00
	1.155766e+00	1.203510e+00	1.249077e+00	1.292338e+00	1.333083e+00
	1.370963e+00	1.405766e+00	1.437576e+00	1.466507e+00	1.492685e+00
	1.516455e+00	1.538195e+00	1.558156e+00	1.576560e+00	1.593680e+00
	1.609738e+00	1.624845e+00	1.639079e+00	1.652530e+00	1.665279e+00
	1.677385e+00	1.688926e+00	1.700008e+00	1.710736e+00	1.721191e+00
	1.731448e+00	1.741584e+00	1.751656e+00	1.761694e+00	1.771708e+00
	1.781713e+00	1.791756e+00	1.801920e+00	1.812326e+00	1.823092e+00
	1.834232e+00	1.845661e+00	1.857282e+00	1.869059e+00	1.881024e+00
	1.893184e+00	1.905513e+00	1.918001e+00	1.930615e+00	1.943396e+00
	1.956432e+00	1.969856e+00	1.983893e+00	1.998681e+00	2.014499e+00
	2.031524e+00	2.050172e+00	2.071191e+00	2.094687e+00	2.121516e+00
	2.153237e+00	2.190455e+00	2.233731e+00	2.283746e+00	2.340594e+00
	2.404332e+00	2.475662e+00	2.555944e+00	2.646936e+00	2.749804e+00
	2.863559e+00	2.985113e+00	3.111356e+00	3.240768e+00	3.372943e+00
	3.507413e+00	3.643396e+00	3.780312e+00	3.918166e+00	4.057340e+00
	4.198277e+00	4.341366e+00	4.486864e+00	4.634881e+00	4.785356e+00
	4.938071e+00	5.092740e+00	5.249063e+00	5.406689e+00	5.565017e+00
	5.723426e+00
df/deta
	1.341029e+00	1.341119e+00	1.341318e+00	1.341714e+00	1.342443e+00
	1.343690e+00	1.345692e+00	1.348726e+00	1.353089e+00	1.359066e+00
	1.366878e+00	1.376696e+00	1.388689e+00	1.402958e+00	1.419479e+00
	1.438152e+00	1.458813e+00	1.481245e+00	1.505198e+00	1.530440e+00
	1.556756e+00	1.583921e+00	1.611718e+00	1.639952e+00	1.668426e+00
	1.696901e+00	1.725077e+00	1.752655e+00	1.779436e+00	1.805370e+00
	1.830522e+00	1.854972e+00	1.878736e+00	1.901754e+00	1.923916e+00
	1.945107e+00	1.965218e+00	1.984165e+00	2.001892e+00	2.018353e+00
	2.033505e+00	2.047311e+00	2.059736e+00	2.070748e+00	2.080319e+00
	2.088428e+00	2.095052e+00	2.100168e+00	2.103755e+00	2.105805e+00
	2.106328e+00	2.105362e+00	2.102967e+00	2.099217e+00	2.094205e+00
	2.088045e+00	2.080878e+00	2.072867e+00	2.064178e+00	2.055006e+00
	2.045600e+00	2.036196e+00	2.026950e+00	2.017991e+00	2.009426e+00
	2.001266e+00	1.993481e+00	1.986057e+00	1.978978e+00	1.972188e+00
	1.965640e+00	1.959318e+00	1.953220e+00	1.947328e+00	1.941629e+00
	1.936114e+00	1.930762e+00	1.925536e+00	1.920396e+00	1.915311e+00
	1.910248e+00	1.905174e+00	1.900063e+00	1.894900e+00	1.889682e+00
	1.884402e+00	1.879034e+00	1.873536e+00	1.867836e+00	1.861867e+00
	1.855614e+00	1.849120e+00	1.842437e+00	1.835585e+00	1.828545e+00
	1.821310e+00	1.813898e+00	1.806313e+00	1.798578e+00	1.790669e+00
	1.782531e+00	1.774082e+00	1.765177e+00	1.755722e+00	1.745534e+00
	1.734490e+00	1.722309e+00	1.708488e+00	1.692942e+00	1.675093e+00
	1.653891e+00	1.628945e+00	1.599941e+00	1.566572e+00	1.529057e+00
	1.487805e+00	1.443019e+00	1.394801e+00	1.343480e+00	1.290298e+00
	1.237973e+00	1.189803e+00	1.147986e+00	1.113092e+00	1.084767e+00
	1.062368e+00	1.045122e+00	1.032149e+00	1.022562e+00	1.015580e+00
	1.010573e+00	1.007038e+00	1.004587e+00	1.002919e+00	1.001808e+00
	1.001084e+00	1.000622e+00	1.000335e+00	1.000160e+00	1.000058e+00
	1.000000e+00
Z
	1.000000e+00	9.999243e-01	9.997630e-01	9.994433e-01	9.988572e-01
	9.978578e-01	9.962617e-01	9.938587e-01	9.904239e-01	9.857420e-01
	9.796421e-01	9.719845e-01	9.626203e-01	9.514438e-01	9.384330e-01
	9.236198e-01	9.070816e-01	8.889394e-01	8.693432e-01	8.484342e-01
	8.263454e-01	8.032250e-01	7.792221e-01	7.544747e-01	7.291274e-01
	7.033697e-01	6.774579e-01	6.516614e-01	6.261704e-01	6.010373e-01
	5.762005e-01	5.515766e-01	5.271354e-01	5.029204e-01	4.790245e-01
	4.555515e-01	4.326009e-01	4.102523e-01	3.885547e-01	3.675436e-01
	3.472484e-01	3.276882e-01	3.088752e-01	2.908195e-01	2.735245e-01
	2.569836e-01	2.411896e-01	2.261429e-01	2.118528e-01	1.983415e-01
	1.856347e-01	1.737402e-01	1.626438e-01	1.523240e-01	1.427587e-01
	1.339294e-01	1.258242e-01	1.184229e-01	1.116911e-01	1.056073e-01
	1.001696e-01	9.535515e-02	9.110381e-02	8.735874e-02	8.406788e-02
	8.115926e-02	7.856407e-02	7.623523e-02	7.413337e-02	7.221661e-02
	7.045203e-02	6.882109e-02	6.730995e-02	6.590452e-02	6.459242e-02
	6.336440e-02	6.220992e-02	6.111591e-02	6.007049e-02	5.906441e-02
	5.808946e-02	5.713785e-02	5.620366e-02	5.528391e-02	5.437755e-02
	5.348304e-02	5.259624e-02	5.171003e-02	5.081423e-02	4.989984e-02
	4.896672e-02	4.802314e-02	4.707797e-02	4.613472e-02	4.519138e-02
	4.424795e-02	4.330721e-02	4.237035e-02	4.144031e-02	4.051455e-02
	3.958736e-02	3.865039e-02	3.768981e-02	3.669865e-02	3.566195e-02
	3.457275e-02	3.341095e-02	3.213966e-02	3.076561e-02	2.925579e-02
	2.754940e-02	2.565255e-02	2.358420e-02	2.136906e-02	1.906739e-02
	1.674271e-02	1.443738e-02	1.218242e-02	1.001371e-02	7.991202e-03
	6.199305e-03	4.703611e-03	3.512821e-03	2.589843e-03	1.885389e-03
	1.355835e-03	9.643467e-04	6.790226e-04	4.731157e-04	3.257234e-04
	2.211783e-04	1.478400e-04	9.707047e-05	6.245433e-05	3.924612e-05
	2.396197e-05	1.407551e-05	7.791665e-06	3.865640e-06	1.455615e-06
	0.000000e+00
temperature [K]
	3.000000e+02	3.000744e+02	3.002328e+02	3.005465e+02	3.011212e+02
	3.021003e+02	3.036616e+02	3.060080e+02	3.093540e+02	3.139020e+02
	3.198081e+02	3.271957e+02	3.361967e+02	3.469018e+02	3.593263e+02
	3.734418e+02	3.891867e+02	4.064697e+02	4.251835e+02	4.452399e+02
	4.665676e+02	4.890876e+02	5.127256e+02	5.374208e+02	5.631070e+02
	5.896709e+02	6.169209e+02	6.446359e+02	6.726600e+02	7.009768e+02
	7.296985e+02	7.589744e+02	7.889044e+02	8.195060e+02	8.507338e+02
	8.825198e+02	9.147906e+02	9.474842e+02	9.805738e+02	1.014044e+03
	1.047863e+03	1.081983e+03	1.116350e+03	1.150904e+03	1.185582e+03
	1.220335e+03	1.255100e+03	1.289790e+03	1.324281e+03	1.358395e+03
	1.391919e+03	1.424660e+03	1.456472e+03	1.487219e+03	1.516763e+03
	1.544956e+03	1.571625e+03	1.596625e+03	1.619873e+03	1.641257e+03
	1.660614e+03	1.677881e+03	1.693159e+03	1.706576e+03	1.718268e+03
	1.728467e+03	1.737403e+03	1.745239e+03	1.752114e+03	1.758175e+03
	1.763535e+03	1.768260e+03	1.772399e+03	1.776004e+03	1.779117e+03
	1.781774e+03	1.784009e+03	1.785857e+03	1.787343e+03	1.788480e+03
	1.789273e+03	1.789718e+03	1.789800e+03	1.789500e+03	1.788794e+03
	1.787656e+03	1.786052e+03	1.783930e+03	1.781213e+03	1.777796e+03
	1.773586e+03	1.768535e+03	1.762626e+03	1.755840e+03	1.748132e+03
	1.739480e+03	1.729905e+03	1.719433e+03	1.708129e+03	1.696006e+03
	1.683029e+03	1.669109e+03	1.654045e+03	1.637711e+03	1.619822e+03
	1.600196e+03	1.578372e+03	1.553477e+03	1.525398e+03	1.493123e+03
	1.454770e+03	1.409609e+03	1.356979e+03	1.296125e+03	1.227164e+03
	1.150557e+03	1.066487e+03	9.751918e+02	8.776698e+02	7.771610e+02
	6.802014e+02	5.940060e+02	5.224595e+02	4.655140e+02	4.212923e+02
	3.876527e+02	3.625717e+02	3.441788e+02	3.308449e+02	3.212681e+02
	3.144584e+02	3.096725e+02	3.063550e+02	3.040907e+02	3.025715e+02
	3.015705e+02	3.009227e+02	3.005108e+02	3.002535e+02	3.000955e+02
	3.000000e+02
massfraction-N2
	1.000000e-60	6.204002e-05	1.945689e-04	4.580497e-04	9.427290e-04
	1.771727e-03	3.099242e-03	5.102727e-03	7.971574e-03	1.188624e-02
	1.698735e-02	2.338559e-02	3.119466e-02	4.048646e-02	5.125827e-02
	6.345870e-02	7.699692e-02	9.174657e-02	1.075601e-01	1.243009e-01
	1.418432e-01	1.600541e-01	1.788055e-01	1.979827e-01	2.174709e-01
	2.371259e-01	2.567581e-01	2.761738e-01	2.952436e-01	3.139431e-01
	3.323318e-01	3.504843e-01	3.684347e-01	3.861627e-01	4.036127e-01
	4.207240e-01	4.374310e-01	4.536919e-01	4.694825e-01	4.847876e-01
	4.995941e-01	5.138935e-01	5.276806e-01	5.409509e-01	5.537035e-01
	5.659444e-01	5.776786e-01	5.889054e-01	5.996161e-01	6.097918e-01
	6.194097e-01	6.284598e-01	6.369480e-01	6.448857e-01	6.522845e-01
	6.591533e-01	6.654956e-01	6.713213e-01	6.766518e-01	6.814981e-01
	6.858558e-01	6.897370e-01	6.931840e-01	6.962373e-01	6.989342e-01
	7.013293e-01	7.034755e-01	7.054088e-01	7.071594e-01	7.087602e-01
	7.102371e-01	7.116044e-01	7.128727e-01	7.140528e-01	7.151545e-01
	7.161852e-01	7.171531e-01	7.180691e-01	7.189428e-01	7.197818e-01
	7.205929e-01	7.213822e-01	7.221546e-01	7.229125e-01	7.236565e-01
	7.243878e-01	7.251098e-01	7.258281e-01	7.265507e-01	7.272847e-01
	7.280297e-01	7.287788e-01	7.295248e-01	7.302646e-01	7.309995e-01
	7.317292e-01	7.324512e-01	7.331641e-01	7.338654e-01	7.345567e-01
	7.352419e-01	7.359267e-01	7.366208e-01	7.373284e-01	7.380595e-01
	7.388181e-01	7.396175e-01	7.404817e-01	7.414053e-01	7.424097e-01
	7.435347e-01	7.447762e-01	7.461240e-01	7.475670e-01	7.490759e-01
	7.506243e-01	7.522044e-01	7.538187e-01	7.554663e-01	7.571241e-01
	7.587334e-01	7.602219e-01	7.615401e-01	7.626740e-01	7.636295e-01
	7.644173e-01	7.650519e-01	7.655528e-01	7.659427e-01	7.662428e-01
	7.664715e-01	7.666440e-01	7.667725e-01	7.668671e-01	7.669357e-01
	7.669848e-01	7.670195e-01	7.670437e-01	7.670604e-01	7.670718e-01
	7.670796e-01
massfraction-O2
	1.000000e-60	3.130579e-06	9.792803e-06	2.298928e-05	4.717750e-05
	8.840299e-05	1.541842e-04	2.530932e-04	3.941603e-04	5.858064e-04
	8.343034e-04	1.144249e-03	1.520144e-03	1.964210e-03	2.474875e-03
	3.048127e-03	3.678060e-03	4.357181e-03	5.077189e-03	5.830515e-03
	6.610332e-03	7.409761e-03	8.222440e-03	9.042887e-03	9.865909e-03
	1.068538e-02	1.149367e-02	1.228340e-02	1.305014e-02	1.379386e-02
	1.451780e-02	1.522571e-02	1.591968e-02	1.659966e-02	1.726433e-02
	1.791223e-02	1.854174e-02	1.915219e-02	1.974353e-02	2.031603e-02
	2.086995e-02	2.140569e-02	2.192373e-02	2.242448e-02	2.290846e-02
	2.337637e-02	2.382886e-02	2.426630e-02	2.468870e-02	2.509564e-02
	2.548646e-02	2.586095e-02	2.621955e-02	2.656293e-02	2.689181e-02
	2.720686e-02	2.750852e-02	2.779753e-02	2.807520e-02	2.834236e-02
	2.859870e-02	2.884443e-02	2.908132e-02	2.931095e-02	2.953455e-02
	2.975481e-02	2.997492e-02	3.019700e-02	3.042297e-02	3.065568e-02
	3.089790e-02	3.115110e-02	3.141626e-02	3.169456e-02	3.198711e-02
	3.229455e-02	3.261807e-02	3.296018e-02	3.332402e-02	3.371282e-02
	3.413039e-02	3.458139e-02	3.507071e-02	3.560259e-02	3.618059e-02
	3.680880e-02	3.749379e-02	3.824594e-02	3.908100e-02	4.001754e-02
	4.106800e-02	4.223502e-02	4.351712e-02	4.491657e-02	4.644262e-02
	4.810110e-02	4.989140e-02	5.181354e-02	5.386148e-02	5.603939e-02
	5.835988e-02	6.084497e-02	6.353622e-02	6.646139e-02	6.967642e-02
	7.321817e-02	7.717173e-02	8.169372e-02	8.679598e-02	9.264094e-02
	9.952385e-02	1.074892e-01	1.165143e-01	1.265288e-01	1.372650e-01
	1.483933e-01	1.596542e-01	1.708390e-01	1.817317e-01	1.920072e-01
	2.012006e-01	2.089244e-01	2.150891e-01	2.198620e-01	2.234914e-01
	2.262042e-01	2.281947e-01	2.296321e-01	2.306581e-01	2.313836e-01
	2.318912e-01	2.322422e-01	2.324814e-01	2.326420e-01	2.327479e-01
	2.328164e-01	2.328601e-01	2.328874e-01	2.329042e-01	2.329143e-01
	2.329204e-01
massfraction-H
	1.000000e-60	3.118726e-17	6.923431e-17	1.147667e-16	1.697401e-16
	2.396315e-16	3.364282e-16	4.838526e-16	7.279959e-16	1.159162e-15
	1.956112e-15	3.483134e-15	6.508085e-15	1.265088e-14	2.528621e-14
	5.135808e-14	1.048562e-13	2.131519e-13	4.280246e-13	8.444207e-13
	1.630606e-12	3.072741e-12	5.638181e-12	1.006045e-11	1.743979e-11
	2.933036e-11	4.776358e-11	7.521004e-11	1.145752e-10	1.693597e-10
	2.439812e-10	3.440685e-10	4.766581e-10	6.504142e-10	8.761106e-10
	1.167554e-09	1.542756e-09	2.025578e-09	2.648153e-09	3.453422e-09
	4.498217e-09	5.857735e-09	7.631399e-09	9.950623e-09	1.299068e-08
	1.698892e-08	2.226816e-08	2.926748e-08	3.858258e-08	5.101255e-08
	6.762294e-08	8.985734e-08	1.197054e-07	1.599110e-07	2.142630e-07
	2.879880e-07	3.882237e-07	5.248606e-07	7.118145e-07	9.675200e-07
	1.313727e-06	1.774587e-06	2.376820e-06	3.144422e-06	4.093433e-06
	5.238139e-06	6.591515e-06	8.157027e-06	9.932072e-06	1.191904e-05
	1.411926e-05	1.652119e-05	1.910594e-05	2.185511e-05	2.474918e-05
	2.776435e-05	3.088292e-05	3.410031e-05	3.741664e-05	4.083051e-05
	4.434208e-05	4.795394e-05	5.166427e-05	5.546016e-05	5.931901e-05
	6.321824e-05	6.714483e-05	7.109735e-05	7.508468e-05	7.910403e-05
	8.310403e-05	8.699106e-05	9.067043e-05	9.407466e-05	9.716170e-05
	9.988691e-05	1.022070e-04	1.040958e-04	1.055369e-04	1.065340e-04
	1.070955e-04	1.072262e-04	1.069183e-04	1.061517e-04	1.048874e-04
	1.030807e-04	1.006497e-04	9.743837e-05	9.337514e-05	8.827040e-05
	8.179094e-05	7.384873e-05	6.451153e-05	5.402253e-05	4.297118e-05
	3.210598e-05	2.212851e-05	1.366906e-05	7.257860e-06	3.163431e-06
	1.104164e-06	3.119697e-07	7.379397e-08	1.557621e-08	3.358780e-09
	8.907132e-10	3.104038e-10	1.300421e-10	5.970665e-11	2.865217e-11
	1.403630e-11	6.915357e-12	3.386570e-12	1.630863e-12	7.634299e-13
	3.422273e-13	1.434884e-13	5.387770e-14	1.648149e-14	3.136400e-15
	1.000000e-60
massfraction-OH
	1.000000e-60	5.292009e-20	3.766857e-19	1.842919e-18	7.335933e-18
	2.529367e-17	7.805948e-17	2.204502e-16	5.798025e-16	1.438807e-15
	3.396786e-15	7.693264e-15	1.688089e-14	3.607527e-14	7.513328e-14
	1.524296e-13	3.009749e-13	5.777041e-13	1.076995e-12	1.950729e-12
	3.436439e-12	5.893650e-12	9.853357e-12	1.608568e-11	2.568398e-11
	4.014824e-11	6.144374e-11	9.207441e-11	1.352789e-10	1.954760e-10
	2.789865e-10	3.949149e-10	5.561886e-10	7.809100e-10	1.094336e-09
	1.531901e-09	2.143368e-09	2.998703e-09	4.197367e-09	5.880544e-09
	8.247952e-09	1.158290e-08	1.628877e-08	2.294170e-08	3.237062e-08
	4.577965e-08	6.491930e-08	9.232321e-08	1.316306e-07	1.879931e-07
	2.686173e-07	3.836292e-07	5.473763e-07	7.801268e-07	1.110407e-06
	1.578120e-06	2.238331e-06	3.167812e-06	4.475646e-06	6.310579e-06
	8.859135e-06	1.234893e-05	1.706224e-05	2.330511e-05	3.136433e-05
	4.154996e-05	5.419451e-05	6.956722e-05	8.788534e-05	1.094191e-04
	1.344341e-04	1.630463e-04	1.952568e-04	2.310365e-04	2.703064e-04
	3.128912e-04	3.586643e-04	4.076747e-04	4.600514e-04	5.159152e-04
	5.754309e-04	6.388324e-04	7.063092e-04	7.778730e-04	8.533544e-04
	9.325728e-04	1.015544e-03	1.102573e-03	1.194294e-03	1.291225e-03
	1.392794e-03	1.497221e-03	1.602338e-03	1.706346e-03	1.807910e-03
	1.905332e-03	1.996580e-03	2.079849e-03	2.153349e-03	2.215952e-03
	2.266818e-03	2.305162e-03	2.330092e-03	2.340133e-03	2.333570e-03
	2.308351e-03	2.261841e-03	2.189665e-03	2.089645e-03	1.957653e-03
	1.786790e-03	1.578518e-03	1.340617e-03	1.086807e-03	8.387210e-04
	6.174579e-04	4.355600e-04	2.950225e-04	1.895611e-04	1.119547e-04
	5.987082e-05	3.062205e-05	1.641630e-05	9.622534e-06	6.093325e-06
	4.068768e-06	2.814626e-06	1.993524e-06	1.432766e-06	1.037302e-06
	7.519416e-07	5.429220e-07	3.885799e-07	2.743502e-07	1.900193e-07
	1.281447e-07	8.312762e-08	5.069385e-08	2.757819e-08	1.130949e-08
	1.000000e-60
massfraction-O
	1.000000e-60	4.723000e-20	1.302489e-19	2.670248e-19	4.806446e-19
	8.091345e-19	1.329515e-18	2.207619e-18	3.803450e-18	6.900786e-18
	1.321305e-17	2.656583e-17	5.573661e-17	1.208640e-16	2.674142e-16
	5.959481e-16	1.322023e-15	2.888725e-15	6.163052e-15	1.275938e-14
	2.552629e-14	4.918957e-14	9.112934e-14	1.622484e-13	2.778372e-13
	4.582742e-13	7.296132e-13	1.125333e-12	1.691592e-12	2.498390e-12
	3.658032e-12	5.351427e-12	7.864719e-12	1.164081e-11	1.735383e-11
	2.602056e-11	3.916270e-11	5.904710e-11	8.906960e-11	1.343053e-10
	2.023043e-10	3.042829e-10	4.568816e-10	6.847436e-10	1.024459e-09
	1.530748e-09	2.285683e-09	3.412366e-09	5.095007e-09	7.606805e-09
	1.134971e-08	1.691788e-08	2.519691e-08	3.750602e-08	5.580769e-08
	8.300973e-08	1.233711e-07	1.831543e-07	2.716338e-07	4.019333e-07
	5.909963e-07	8.595195e-07	1.232551e-06	1.736800e-06	2.397201e-06
	3.241111e-06	4.299614e-06	5.601790e-06	7.176924e-06	9.064836e-06
	1.131267e-05	1.396313e-05	1.705719e-05	2.064176e-05	2.476768e-05
	2.948389e-05	3.485217e-05	4.096539e-05	4.794261e-05	5.592287e-05
	6.507707e-05	7.562004e-05	8.780125e-05	1.018834e-04	1.181351e-04
	1.368613e-04	1.584633e-04	1.835014e-04	2.127726e-04	2.472442e-04
	2.876949e-04	3.344647e-04	3.875680e-04	4.469703e-04	5.127184e-04
	5.844712e-04	6.613395e-04	7.422119e-04	8.255273e-04	9.100132e-04
	9.945842e-04	1.078295e-03	1.160505e-03	1.239682e-03	1.314552e-03
	1.382748e-03	1.442119e-03	1.489949e-03	1.520627e-03	1.528874e-03
	1.506678e-03	1.444743e-03	1.336407e-03	1.179856e-03	9.834777e-04
	7.658721e-04	5.509817e-04	3.627576e-04	2.181755e-04	1.216302e-04
	6.534201e-05	3.588458e-05	2.116040e-05	1.353816e-05	9.236296e-06
	6.574956e-06	4.804098e-06	3.562536e-06	2.659103e-06	1.985057e-06
	1.474706e-06	1.085707e-06	7.890927e-07	5.639100e-07	3.943248e-07
	2.679534e-07	1.748896e-07	1.071903e-07	5.855904e-08	2.410118e-08
	1.000000e-60
massfraction-H2
	1.000000e-60	1.427625e-05	3.329856e-05	5.749718e-05	8.687195e-05
	1.211618e-04	1.599259e-04	2.025862e-04	2.484919e-04	2.968803e-04
	3.468322e-04	3.976107e-04	4.488384e-04	5.000733e-04	5.507350e-04
	6.003210e-04	6.484252e-04	6.947203e-04	7.389722e-04	7.810852e-04
	8.210463e-04	8.588589e-04	8.945594e-04	9.282211e-04	9.599206e-04
	9.896930e-04	1.017523e-03	1.043411e-03	1.067451e-03	1.089848e-03
	1.110872e-03	1.130770e-03	1.149713e-03	1.167799e-03	1.185086e-03
	1.201627e-03	1.217449e-03	1.232615e-03	1.247190e-03	1.261236e-03
	1.274813e-03	1.287976e-03	1.300775e-03	1.313254e-03	1.325455e-03
	1.337417e-03	1.349174e-03	1.360747e-03	1.372140e-03	1.383337e-03
	1.394302e-03	1.405000e-03	1.415399e-03	1.425460e-03	1.435126e-03
	1.444317e-03	1.452925e-03	1.460827e-03	1.467891e-03	1.473948e-03
	1.478797e-03	1.482270e-03	1.484252e-03	1.484663e-03	1.483478e-03
	1.480712e-03	1.476385e-03	1.470540e-03	1.463241e-03	1.454519e-03
	1.444399e-03	1.432951e-03	1.420279e-03	1.406481e-03	1.391655e-03
	1.375919e-03	1.359357e-03	1.341979e-03	1.323758e-03	1.304671e-03
	1.284673e-03	1.263695e-03	1.241680e-03	1.218620e-03	1.194556e-03
	1.169523e-03	1.143475e-03	1.116266e-03	1.087623e-03	1.057283e-03
	1.025273e-03	9.919494e-04	9.577507e-04	9.229645e-04	8.876905e-04
	8.521135e-04	8.165313e-04	7.811818e-04	7.463628e-04	7.121537e-04
	6.785097e-04	6.452963e-04	6.122130e-04	5.792406e-04	5.461440e-04
	5.130125e-04	4.796163e-04	4.454353e-04	4.112863e-04	3.770723e-04
	3.424500e-04	3.087331e-04	2.772492e-04	2.489974e-04	2.247635e-04
	2.045180e-04	1.874335e-04	1.723469e-04	1.581444e-04	1.441023e-04
	1.301258e-04	1.165842e-04	1.038470e-04	9.204323e-05	8.116241e-05
	7.118878e-05	6.211603e-05	5.391014e-05	4.649992e-05	3.980474e-05
	3.375503e-05	2.829506e-05	2.338152e-05	1.897958e-05	1.505975e-05
	1.159438e-05	8.554124e-06	5.907107e-06	3.620270e-06	1.662237e-06
	1.000000e-60
massfraction-H2O
	1.000000e-60	1.750144e-05	5.402441e-05	1.250187e-04	2.528275e-04
	4.669656e-04	8.031142e-04	1.300635e-03	1.999313e-03	2.933953e-03
	4.127039e-03	5.591493e-03	7.338314e-03	9.366522e-03	1.165717e-02
	1.418080e-02	1.690088e-02	1.977602e-02	2.276390e-02	2.582790e-02
	2.893679e-02	3.206132e-02	3.517627e-02	3.826155e-02	4.129956e-02
	4.427062e-02	4.715107e-02	4.991971e-02	5.256667e-02	5.509731e-02
	5.752764e-02	5.987425e-02	6.214751e-02	6.435051e-02	6.648200e-02
	6.854050e-02	7.052368e-02	7.243247e-02	7.426943e-02	7.603784e-02
	7.774078e-02	7.938148e-02	8.096312e-02	8.248851e-02	8.396046e-02
	8.538213e-02	8.675618e-02	8.808418e-02	8.936629e-02	9.060094e-02
	9.178545e-02	9.291804e-02	9.399840e-02	9.502641e-02	9.600158e-02
	9.692267e-02	9.778731e-02	9.859366e-02	9.934125e-02	1.000280e-01
	1.006497e-01	1.012045e-01	1.016951e-01	1.021249e-01	1.024970e-01
	1.028178e-01	1.030935e-01	1.033282e-01	1.035257e-01	1.036897e-01
	1.038231e-01	1.039275e-01	1.040041e-01	1.040544e-01	1.040797e-01
	1.040814e-01	1.040606e-01	1.040182e-01	1.039545e-01	1.038693e-01
	1.037622e-01	1.036320e-01	1.034773e-01	1.032968e-01	1.030893e-01
	1.028537e-01	1.025877e-01	1.022875e-01	1.019471e-01	1.015590e-01
	1.011183e-01	1.006247e-01	1.000796e-01	9.948316e-02	9.883258e-02
	9.812650e-02	9.736628e-02	9.655289e-02	9.568971e-02	9.477562e-02
	9.380583e-02	9.277152e-02	9.165569e-02	9.044700e-02	8.912223e-02
	8.766571e-02	8.604129e-02	8.418231e-02	8.207962e-02	7.965887e-02
	7.678425e-02	7.341399e-02	6.952296e-02	6.509351e-02	6.018506e-02
	5.488672e-02	4.926452e-02	4.337391e-02	3.729458e-02	3.119817e-02
	2.538902e-02	2.018834e-02	1.576712e-02	1.212457e-02	9.182409e-03
	6.852196e-03	5.045357e-03	3.670117e-03	2.637545e-03	1.870811e-03
	1.307866e-03	8.996599e-04	6.077806e-04	4.022821e-04	2.600026e-04
	1.632046e-04	9.848773e-05	5.594484e-05	2.843569e-05	1.094671e-05
	1.000000e-60
massfraction-HO2
	1.000000e-60	1.909237e-09	5.983566e-09	1.407552e-08	2.894560e-08
	5.435254e-08	9.499213e-08	1.562499e-07	2.438457e-07	3.631874e-07
	5.184218e-07	7.127344e-07	9.493408e-07	1.230121e-06	1.554631e-06
	1.920907e-06	2.325766e-06	2.764949e-06	3.233581e-06	3.727154e-06
	4.241523e-06	4.772386e-06	5.315638e-06	5.867604e-06	6.424621e-06
	6.982173e-06	7.534433e-06	8.075442e-06	8.600968e-06	9.109537e-06
	9.601685e-06	1.007791e-05	1.053713e-05	1.097634e-05	1.139124e-05
	1.177700e-05	1.212835e-05	1.244041e-05	1.270831e-05	1.292711e-05
	1.309178e-05	1.319752e-05	1.324013e-05	1.321651e-05	1.312535e-05
	1.296769e-05	1.274765e-05	1.247323e-05	1.215696e-05	1.181625e-05
	1.147267e-05	1.114994e-05	1.087184e-05	1.066077e-05	1.053629e-05
	1.051350e-05	1.060146e-05	1.080179e-05	1.110853e-05	1.150673e-05
	1.197037e-05	1.246650e-05	1.296287e-05	1.342953e-05	1.384240e-05
	1.418879e-05	1.446395e-05	1.466741e-05	1.480314e-05	1.487841e-05
	1.490120e-05	1.487990e-05	1.482341e-05	1.474050e-05	1.463922e-05
	1.452683e-05	1.440932e-05	1.429118e-05	1.417592e-05	1.406657e-05
	1.396568e-05	1.387550e-05	1.379825e-05	1.373619e-05	1.369150e-05
	1.366599e-05	1.366122e-05	1.367884e-05	1.372112e-05	1.379108e-05
	1.389151e-05	1.402371e-05	1.418749e-05	1.438244e-05	1.460904e-05
	1.486759e-05	1.515783e-05	1.548027e-05	1.583535e-05	1.622627e-05
	1.665911e-05	1.714329e-05	1.769434e-05	1.832783e-05	1.906886e-05
	1.994264e-05	2.099181e-05	2.228906e-05	2.387775e-05	2.586006e-05
	2.841733e-05	3.168493e-05	3.581460e-05	4.099742e-05	4.737998e-05
	5.504604e-05	6.390663e-05	7.328393e-05	8.115201e-05	8.333436e-05
	7.464328e-05	5.506132e-05	3.349515e-05	1.795191e-05	9.201025e-06
	4.796169e-06	2.618459e-06	1.503421e-06	9.002141e-07	5.555142e-07
	3.492722e-07	2.214878e-07	1.404200e-07	8.830621e-08	5.467260e-08
	3.304436e-08	1.926181e-08	1.059093e-08	5.220092e-09	1.952863e-09
	1.000000e-60
massfraction-H2O2
	1.000000e-60	1.137672e-10	3.571719e-10	8.416731e-10	1.733440e-09
	3.257965e-09	5.693919e-09	9.353081e-09	1.455022e-08	2.155249e-08
	3.051138e-08	4.147210e-08	5.442358e-08	6.921864e-08	8.553470e-08
	1.029430e-07	1.209512e-07	1.390389e-07	1.567018e-07	1.735030e-07
	1.890718e-07	2.030872e-07	2.152899e-07	2.254838e-07	2.335219e-07
	2.392984e-07	2.427627e-07	2.439441e-07	2.429442e-07	2.398902e-07
	2.348830e-07	2.279836e-07	2.192372e-07	2.087052e-07	1.964843e-07
	1.827075e-07	1.675428e-07	1.512070e-07	1.339572e-07	1.161218e-07
	9.812595e-08	8.049537e-08	6.383629e-08	4.877868e-08	3.587294e-08
	2.547271e-08	1.765514e-08	1.220381e-08	8.675577e-09	6.533024e-09
	5.280223e-09	4.546825e-09	4.102456e-09	3.823864e-09	3.651810e-09
	3.559207e-09	3.533066e-09	3.565774e-09	3.651816e-09	3.786404e-09
	3.964782e-09	4.184389e-09	4.449460e-09	4.773664e-09	5.182722e-09
	5.720060e-09	6.449537e-09	7.453290e-09	8.832851e-09	1.071831e-08
	1.326892e-08	1.665941e-08	2.107599e-08	2.672169e-08	3.381140e-08
	4.255805e-08	5.319685e-08	6.602865e-08	8.142219e-08	9.980736e-08
	1.217077e-07	1.477790e-07	1.787983e-07	2.156179e-07	2.591551e-07
	3.104898e-07	3.710690e-07	4.429519e-07	5.291575e-07	6.336598e-07
	7.605203e-07	9.132341e-07	1.095129e-06	1.310403e-06	1.564924e-06
	1.864816e-06	2.215667e-06	2.623613e-06	3.093803e-06	3.634011e-06
	4.255155e-06	4.972572e-06	5.810646e-06	6.794119e-06	7.962926e-06
	9.357892e-06	1.104837e-05	1.315224e-05	1.573448e-05	1.893281e-05
	2.294166e-05	2.770058e-05	3.283944e-05	3.761591e-05	4.105719e-05
	4.256296e-05	4.219610e-05	4.035566e-05	3.731889e-05	3.316788e-05
	2.814225e-05	2.280753e-05	1.779463e-05	1.350131e-05	1.002914e-05
	7.320632e-06	5.264167e-06	3.734676e-06	2.613888e-06	1.802754e-06
	1.223321e-06	8.153817e-07	5.328473e-07	3.406577e-07	2.124280e-07
	1.285749e-07	7.482223e-08	4.102168e-08	2.015968e-08	7.523741e-09
	1.000000e-60
massfraction-CO
	1.000000e-60	4.469922e-06	1.406322e-05	3.322010e-05	6.860334e-05
	1.293429e-04	2.269090e-04	3.745169e-04	5.862412e-04	8.753943e-04
	1.252146e-03	1.724172e-03	2.299013e-03	2.980734e-03	3.767524e-03
	4.653709e-03	5.630557e-03	6.686729e-03	7.809482e-03	8.987080e-03
	1.020884e-02	1.146390e-02	1.274216e-02	1.403482e-02	1.533349e-02
	1.662830e-02	1.790693e-02	1.915747e-02	2.037263e-02	2.155210e-02
	2.270086e-02	2.382464e-02	2.492660e-02	2.600654e-02	2.706219e-02
	2.809114e-02	2.909066e-02	3.005959e-02	3.099774e-02	3.190542e-02
	3.278296e-02	3.363090e-02	3.444985e-02	3.524034e-02	3.600303e-02
	3.673884e-02	3.744853e-02	3.813236e-02	3.878999e-02	3.942027e-02
	4.002159e-02	4.059293e-02	4.113413e-02	4.164519e-02	4.212601e-02
	4.257618e-02	4.299481e-02	4.338136e-02	4.373597e-02	4.405809e-02
	4.434618e-02	4.459995e-02	4.482134e-02	4.501233e-02	4.517497e-02
	4.531250e-02	4.542801e-02	4.552355e-02	4.560079e-02	4.566136e-02
	4.570629e-02	4.573598e-02	4.575071e-02	4.575069e-02	4.573603e-02
	4.570678e-02	4.566288e-02	4.560391e-02	4.552900e-02	4.543700e-02
	4.532632e-02	4.519483e-02	4.504008e-02	4.485953e-02	4.465081e-02
	4.441125e-02	4.413719e-02	4.382318e-02	4.346112e-02	4.304120e-02
	4.255618e-02	4.200383e-02	4.138487e-02	4.069929e-02	3.994464e-02
	3.912116e-02	3.823338e-02	3.728658e-02	3.628977e-02	3.524761e-02
	3.416136e-02	3.302897e-02	3.184134e-02	3.059802e-02	2.928948e-02
	2.791781e-02	2.647081e-02	2.491951e-02	2.329325e-02	2.157794e-02
	1.973832e-02	1.782022e-02	1.587686e-02	1.395411e-02	1.210936e-02
	1.038002e-02	8.773584e-03	7.285306e-03	5.913694e-03	4.673744e-03
	3.597738e-03	2.711133e-03	2.011310e-03	1.472647e-03	1.064271e-03
	7.594333e-04	5.357606e-04	3.740494e-04	2.583406e-04	1.762549e-04
	1.185765e-04	7.850936e-05	5.105245e-05	3.252706e-05	2.024051e-05
	1.223854e-05	7.121242e-06	3.906443e-06	1.921703e-06	7.180627e-07
	1.000000e-60
massfraction-CO2
	1.000000e-60	1.600146e-06	5.583966e-06	1.475745e-05	3.414927e-05
	7.192066e-05	1.401368e-04	2.551002e-04	4.371103e-04	7.090344e-04
	1.093276e-03	1.611061e-03	2.284154e-03	3.130431e-03	4.159470e-03
	5.373629e-03	6.768376e-03	8.332548e-03	1.005004e-02	1.190383e-02
	1.387665e-02	1.594952e-02	1.810347e-02	2.032089e-02	2.258426e-02
	2.487289e-02	2.716123e-02	2.942382e-02	3.164336e-02	3.381546e-02
	3.594599e-02	3.804288e-02	4.010963e-02	4.214371e-02	4.413884e-02
	4.608843e-02	4.798562e-02	4.982648e-02	5.160920e-02	5.333307e-02
	5.499762e-02	5.660289e-02	5.814927e-02	5.963712e-02	6.106714e-02
	6.244065e-02	6.375883e-02	6.502200e-02	6.622950e-02	6.737933e-02
	6.846890e-02	6.949687e-02	7.046361e-02	7.136995e-02	7.221668e-02
	7.300423e-02	7.373231e-02	7.440138e-02	7.501321e-02	7.556841e-02
	7.606590e-02	7.650659e-02	7.689500e-02	7.723551e-02	7.753223e-02
	7.779125e-02	7.801838e-02	7.821752e-02	7.839192e-02	7.854496e-02
	7.867916e-02	7.879580e-02	7.889584e-02	7.898026e-02	7.904989e-02
	7.910536e-02	7.914736e-02	7.917649e-02	7.919306e-02	7.919702e-02
	7.918804e-02	7.916545e-02	7.912827e-02	7.907532e-02	7.900538e-02
	7.891705e-02	7.880847e-02	7.867680e-02	7.851773e-02	7.832568e-02
	7.809568e-02	7.782475e-02	7.751102e-02	7.715189e-02	7.674287e-02
	7.628004e-02	7.576120e-02	7.518393e-02	7.454771e-02	7.384892e-02
	7.308089e-02	7.223319e-02	7.128758e-02	7.022924e-02	6.903166e-02
	6.767357e-02	6.611322e-02	6.427625e-02	6.214370e-02	5.963287e-02
	5.659842e-02	5.300438e-02	4.885624e-02	4.419736e-02	3.917944e-02
	3.399350e-02	2.879783e-02	2.372327e-02	1.890018e-02	1.449798e-02
	1.071887e-02	7.692077e-03	5.399026e-03	3.719637e-03	2.516373e-03
	1.672685e-03	1.094497e-03	7.061020e-04	4.491250e-04	2.813076e-04
	1.732249e-04	1.046907e-04	6.199254e-05	3.590114e-05	2.028609e-05
	1.114077e-05	5.898293e-06	2.954897e-06	1.335329e-06	4.621296e-07
	1.000000e-60
massfraction-CH
	1.000000e-60	1.910797e-30	5.437435e-30	1.326171e-29	3.598490e-29
	1.146944e-28	4.811981e-28	2.584671e-27	1.227646e-27	1.923560e-27
	3.050021e-28	1.000000e-60	1.000000e-60	1.000000e-60	1.000000e-60
	1.602243e-26	5.387129e-26	2.496666e-25	1.355419e-24	6.893803e-24
	3.353868e-23	1.548915e-22	6.741604e-22	2.752745e-21	1.050578e-20
	3.732018e-20	1.227472e-19	3.723805e-19	1.043022e-18	2.715640e-18
	6.641233e-18	1.541386e-17	3.422659e-17	7.313302e-17	1.510683e-16
	3.030587e-16	5.931615e-16	1.137784e-15	2.148718e-15	4.011029e-15
	7.423222e-15	1.365112e-14	2.498705e-14	4.557965e-14	8.295534e-14
	1.508574e-13	2.745397e-13	5.006711e-13	9.158989e-13	1.681242e-12
	3.096026e-12	5.720470e-12	1.061473e-11	1.980359e-11	3.719097e-11
	7.036855e-11	1.341641e-10	2.578145e-10	4.996065e-10	9.740241e-10
	1.895359e-09	3.644042e-09	6.864331e-09	1.255296e-08	2.209429e-08
	3.733598e-08	6.062771e-08	9.463176e-08	1.421709e-07	2.063607e-07
	2.903879e-07	3.967963e-07	5.272274e-07	6.825178e-07	8.625112e-07
	1.065762e-06	1.290223e-06	1.533990e-06	1.794882e-06	2.069959e-06
	2.355707e-06	2.648059e-06	2.941754e-06	3.229802e-06	3.503820e-06
	3.755080e-06	3.975287e-06	4.156396e-06	4.289888e-06	4.365465e-06
	4.371752e-06	4.300692e-06	4.150976e-06	3.927485e-06	3.638988e-06
	3.298751e-06	2.924366e-06	2.534490e-06	2.148100e-06	1.779660e-06
	1.439401e-06	1.133837e-06	8.657946e-07	6.384993e-07	4.516047e-07
	3.047007e-07	1.939646e-07	1.142382e-07	6.199376e-08	3.033510e-08
	1.290189e-08	4.727057e-09	1.488261e-09	4.027697e-10	9.522032e-11
	1.993223e-11	3.657692e-12	5.641843e-13	6.756755e-14	5.707791e-15
	3.247878e-16	1.321765e-17	4.411060e-19	1.411117e-20	5.249070e-22
	2.845194e-23	2.465088e-24	3.132079e-25	5.223683e-26	1.059614e-26
	2.475135e-27	6.371743e-28	1.732305e-28	4.857542e-29	1.313208e-29
	3.527853e-30	7.092988e-31	5.173433e-32	2.136054e-32	1.000000e-60
	1.000000e-60
massfraction-CHO
	1.000000e-60	6.005565e-19	2.083875e-18	5.300064e-18	1.150765e-17
	2.271170e-17	4.293922e-17	8.163539e-17	1.615921e-16	3.367694e-16
	7.316692e-16	1.631303e-15	3.692018e-15	8.404361e-15	1.906711e-14
	4.280766e-14	9.459517e-14	2.048527e-13	4.333018e-13	8.935420e-13
	1.794081e-12	3.499959e-12	6.615342e-12	1.207159e-11	2.116651e-11
	3.544236e-11	5.628831e-11	8.436745e-11	1.192506e-10	1.595801e-10
	2.036268e-10	2.498497e-10	2.973101e-10	3.459147e-10	3.964750e-10
	4.506188e-10	5.106174e-10	5.792958e-10	6.600874e-10	7.571317e-10
	8.755264e-10	1.021733e-09	1.204058e-09	1.433368e-09	1.724211e-09
	2.096516e-09	2.577712e-09	3.205463e-09	4.031178e-09	5.123974e-09
	6.575780e-09	8.510108e-09	1.109470e-08	1.455610e-08	1.919892e-08
	2.543078e-08	3.379062e-08	4.500518e-08	6.008027e-08	8.033624e-08
	1.073371e-07	1.428814e-07	1.890949e-07	2.481045e-07	3.216919e-07
	4.117745e-07	5.204367e-07	6.492503e-07	7.994598e-07	9.728581e-07
	1.171281e-06	1.395459e-06	1.645313e-06	1.920575e-06	2.220582e-06
	2.543872e-06	2.889248e-06	3.256673e-06	3.646467e-06	4.058588e-06
	4.492937e-06	4.949420e-06	5.426988e-06	5.922568e-06	6.431017e-06
	6.946243e-06	7.462352e-06	7.973654e-06	8.473899e-06	8.952534e-06
	9.389882e-06	9.759544e-06	1.003563e-05	1.019707e-05	1.022729e-05
	1.011386e-05	9.852142e-06	9.446716e-06	8.912674e-06	8.270245e-06
	7.541961e-06	6.750729e-06	5.916323e-06	5.066394e-06	4.223838e-06
	3.419412e-06	2.674198e-06	2.002109e-06	1.436830e-06	9.832904e-07
	6.368375e-07	3.964897e-07	2.433690e-07	1.510810e-07	9.626885e-08
	6.183323e-08	3.780880e-08	2.019983e-08	8.591958e-09	2.730393e-09
	6.522579e-10	1.281089e-10	2.443345e-11	5.539355e-12	1.622515e-12
	5.674089e-13	2.174336e-13	8.767672e-14	3.644182e-14	1.537825e-14
	6.505808e-15	2.728720e-15	1.123492e-15	4.498075e-16	1.733620e-16
	6.348678e-17	2.162192e-17	6.564134e-18	1.606372e-18	2.276240e-19
	1.000000e-60
massfraction-CH2
	1.000000e-60	1.984474e-21	4.125150e-21	6.406546e-21	8.960012e-21
	1.217529e-20	1.688558e-20	2.481449e-20	3.973342e-20	7.047409e-20
	1.389073e-19	3.025789e-19	7.225246e-19	1.866076e-18	5.113096e-18
	1.456257e-17	4.227954e-17	1.229417e-16	3.527908e-16	9.885650e-16
	2.685369e-15	7.031314e-15	1.767606e-14	4.256703e-14	9.805182e-14
	2.156153e-13	4.513700e-13	8.978091e-13	1.698491e-12	3.069896e-12
	5.336328e-12	8.978608e-12	1.469410e-11	2.346940e-11	3.667789e-11
	5.622587e-11	8.475870e-11	1.259627e-10	1.850299e-10	2.692664e-10
	3.888881e-10	5.581514e-10	7.969223e-10	1.132831e-09	1.604476e-09
	2.266346e-09	3.195704e-09	4.502280e-09	6.341863e-09	8.934088e-09
	1.258754e-08	1.774177e-08	2.503351e-08	3.538977e-08	5.016670e-08
	7.135221e-08	1.018407e-07	1.458849e-07	2.097842e-07	3.024019e-07
	4.349896e-07	6.208288e-07	8.750438e-07	1.211832e-06	1.641137e-06
	2.170435e-06	2.804410e-06	3.540640e-06	4.370993e-06	5.286957e-06
	6.276877e-06	7.321085e-06	8.395585e-06	9.476565e-06	1.054052e-05
	1.156403e-05	1.252806e-05	1.341930e-05	1.422630e-05	1.493747e-05
	1.554189e-05	1.602906e-05	1.638795e-05	1.660749e-05	1.667876e-05
	1.659645e-05	1.635800e-05	1.596120e-05	1.540184e-05	1.467551e-05
	1.378829e-05	1.276408e-05	1.163916e-05	1.045110e-05	9.233108e-06
	8.020893e-06	6.851432e-06	5.754637e-06	4.755432e-06	3.865091e-06
	3.086221e-06	2.415851e-06	1.846272e-06	1.373638e-06	9.893336e-07
	6.871895e-07	4.564253e-07	2.854608e-07	1.679658e-07	9.155618e-08
	4.503516e-08	1.997513e-08	8.036223e-09	2.962007e-09	1.024321e-09
	3.400505e-10	1.092578e-10	3.360224e-11	9.557175e-12	2.392415e-12
	5.120051e-13	9.692354e-14	1.772717e-14	3.402837e-15	7.226919e-16
	1.761339e-16	5.047057e-17	1.709519e-17	6.754178e-18	3.039771e-18
	1.517039e-18	8.175972e-19	4.644110e-19	2.720029e-19	1.609802e-19
	9.429774e-20	5.325850e-20	2.777384e-20	1.215140e-20	3.253692e-21
	1.000000e-60
massfraction-CH2O
	1.000000e-60	3.066026e-08	1.093074e-07	2.956820e-07	7.005370e-07
	1.509471e-06	3.005245e-06	5.580779e-06	9.737866e-06	1.605543e-05
	2.511501e-05	3.747565e-05	5.370737e-05	7.427809e-05	9.943793e-05
	1.292392e-04	1.635438e-04	2.020326e-04	2.442531e-04	2.897249e-04
	3.379624e-04	3.884432e-04	4.406540e-04	4.941261e-04	5.484045e-04
	6.029721e-04	6.572110e-04	7.105237e-04	7.625188e-04	8.131151e-04
	8.624716e-04	9.107912e-04	9.581712e-04	1.004570e-03	1.049860e-03
	1.093909e-03	1.136576e-03	1.177786e-03	1.217509e-03	1.255729e-03
	1.292433e-03	1.327605e-03	1.361227e-03	1.393265e-03	1.423676e-03
	1.452409e-03	1.479382e-03	1.504468e-03	1.527488e-03	1.548205e-03
	1.566352e-03	1.581666e-03	1.593902e-03	1.602816e-03	1.608177e-03
	1.609785e-03	1.607518e-03	1.601371e-03	1.591471e-03	1.578131e-03
	1.561941e-03	1.543687e-03	1.524147e-03	1.504106e-03	1.484299e-03
	1.465187e-03	1.447041e-03	1.430095e-03	1.414485e-03	1.400198e-03
	1.387183e-03	1.375416e-03	1.364837e-03	1.355328e-03	1.346734e-03
	1.338885e-03	1.331577e-03	1.324568e-03	1.317603e-03	1.310417e-03
	1.302717e-03	1.294171e-03	1.284406e-03	1.273023e-03	1.259602e-03
	1.243682e-03	1.224716e-03	1.202015e-03	1.174665e-03	1.141591e-03
	1.101931e-03	1.055356e-03	1.002015e-03	9.422603e-04	8.765021e-04
	8.056556e-04	7.312413e-04	6.549770e-04	5.788963e-04	5.045849e-04
	4.332714e-04	3.658736e-04	3.028843e-04	2.452520e-04	1.934100e-04
	1.481375e-04	1.095283e-04	7.732579e-05	5.217948e-05	3.337656e-05
	1.996161e-05	1.126858e-05	6.110789e-06	3.251872e-06	1.743357e-06
	9.567991e-07	5.370088e-07	3.052471e-07	1.749318e-07	1.022024e-07
	6.200939e-08	3.916553e-08	2.538447e-08	1.661825e-08	1.086788e-08
	7.058721e-09	4.544205e-09	2.897220e-09	1.826489e-09	1.136065e-09
	6.956090e-10	4.183840e-10	2.467025e-10	1.423245e-10	8.013450e-11
	4.385956e-11	2.314551e-11	1.155957e-11	5.208764e-12	1.797952e-12
	1.000000e-60
massfraction-CH3
	1.000000e-60	5.300186e-10	1.646069e-09	3.834931e-09	7.811608e-09
	1.453989e-08	2.522035e-08	4.124318e-08	6.413187e-08	9.543181e-08
	1.365348e-07	1.888318e-07	2.540661e-07	3.340700e-07	4.305554e-07
	5.453615e-07	6.805519e-07	8.384448e-07	1.021738e-06	1.233901e-06
	1.479318e-06	1.763204e-06	2.091914e-06	2.473352e-06	2.917059e-06
	3.433683e-06	4.034088e-06	4.729633e-06	5.534318e-06	6.468273e-06
	7.560750e-06	8.850695e-06	1.038591e-05	1.222245e-05	1.442554e-05
	1.707243e-05	2.025444e-05	2.407959e-05	2.867988e-05	3.421467e-05
	4.087378e-05	4.888448e-05	5.851868e-05	7.010009e-05	8.401766e-05
	1.007463e-04	1.208599e-04	1.450401e-04	1.740793e-04	2.088624e-04
	2.503517e-04	2.996271e-04	3.579323e-04	4.266409e-04	5.071943e-04
	6.009800e-04	7.090882e-04	8.322377e-04	9.707158e-04	1.123580e-03
	1.287770e-03	1.458825e-03	1.632205e-03	1.802769e-03	1.965282e-03
	2.116350e-03	2.253754e-03	2.375383e-03	2.479845e-03	2.566794e-03
	2.636070e-03	2.687424e-03	2.721005e-03	2.737432e-03	2.737599e-03
	2.722618e-03	2.693722e-03	2.651980e-03	2.598238e-03	2.533217e-03
	2.457498e-03	2.371513e-03	2.275719e-03	2.170851e-03	2.057965e-03
	1.938191e-03	1.812392e-03	1.681021e-03	1.544086e-03	1.401888e-03
	1.256406e-03	1.111247e-03	9.701843e-04	8.359876e-04	7.103443e-04
	5.949047e-04	4.911697e-04	3.998525e-04	3.212367e-04	2.546394e-04
	1.989558e-04	1.529286e-04	1.152083e-04	8.488803e-05	6.089779e-05
	4.244795e-05	2.857644e-05	1.837626e-05	1.133607e-05	6.659927e-06
	3.677596e-06	1.930799e-06	9.798234e-07	4.889028e-07	2.451036e-07
	1.249663e-07	6.447889e-08	3.314097e-08	1.665546e-08	8.060716e-09
	3.757100e-09	1.727652e-09	8.048001e-10	3.838261e-10	1.880122e-10
	9.503426e-11	4.984144e-11	2.718618e-11	1.538762e-11	8.989887e-12
	5.385335e-12	3.283966e-12	2.023354e-12	1.249984e-12	7.679975e-13
	4.647825e-13	2.732761e-13	1.523933e-13	7.643981e-14	2.913863e-14
	1.000000e-60
massfraction-CH4
	1.000000e+00	9.998964e-01	9.996869e-01	9.992841e-01	9.985582e-01
	9.973318e-01	9.953820e-01	9.924511e-01	9.882632e-01	9.825547e-01
	9.751202e-01	9.657991e-01	9.544290e-01	9.409118e-01	9.252617e-01
	9.075669e-01	8.879755e-01	8.666878e-01	8.439345e-01	8.199288e-01
	7.948660e-01	7.689489e-01	7.423702e-01	7.153001e-01	6.879056e-01
	6.603914e-01	6.330215e-01	6.060603e-01	5.796797e-01	5.539039e-01
	5.286418e-01	5.037831e-01	4.792736e-01	4.551336e-01	4.314310e-01
	4.082461e-01	3.856452e-01	3.636844e-01	3.423867e-01	3.217639e-01
	3.018262e-01	2.825778e-01	2.640191e-01	2.461506e-01	2.289685e-01
	2.124607e-01	1.966168e-01	1.814354e-01	1.669266e-01	1.531154e-01
	1.400332e-01	1.276957e-01	1.160971e-01	1.052258e-01	9.507044e-02
	8.562389e-02	7.688745e-02	6.885392e-02	6.150076e-02	5.481963e-02
	4.882354e-02	4.350183e-02	3.880095e-02	3.466851e-02	3.105470e-02
	2.788531e-02	2.508791e-02	2.261258e-02	2.041666e-02	1.845463e-02
	1.669070e-02	1.510374e-02	1.367699e-02	1.239325e-02	1.123711e-02
	1.019605e-02	9.256786e-03	8.404689e-03	7.627183e-03	6.914667e-03
	6.259097e-03	5.653523e-03	5.092906e-03	4.574369e-03	4.096219e-03
	3.656438e-03	3.251877e-03	2.878563e-03	2.532174e-03	2.209926e-03
	1.912663e-03	1.643168e-03	1.402994e-03	1.191272e-03	1.005572e-03
	8.439081e-04	7.046028e-04	5.855436e-04	4.847619e-04	3.997511e-04
	3.280814e-04	2.675908e-04	2.163066e-04	1.730670e-04	1.366418e-04
	1.063325e-04	8.123814e-05	6.049298e-05	4.404805e-05	3.122748e-05
	2.139354e-05	1.431674e-05	9.518501e-06	6.416716e-06	4.491136e-06
	3.307837e-06	2.554371e-06	2.034262e-06	1.635646e-06	1.304139e-06
	1.021714e-06	7.863414e-07	5.965299e-07	4.468434e-07	3.304818e-07
	2.413959e-07	1.743516e-07	1.246379e-07	8.815552e-08	6.160845e-08
	4.246964e-08	2.882276e-08	1.921802e-08	1.255792e-08	8.014933e-09
	4.969586e-09	2.963540e-09	1.664445e-09	8.370904e-10	3.191514e-10
	1.000000e-60
massfraction-C2H6
	1.000000e-60	6.010585e-08	2.179778e-07	6.007534e-07	1.450648e-06
	3.184493e-06	6.454231e-06	1.219020e-05	2.161370e-05	3.617844e-05
	5.740543e-05	8.682213e-05	1.260412e-04	1.764867e-04	2.390920e-04
	3.143165e-04	4.021340e-04	5.020266e-04	6.130804e-04	7.342459e-04
	8.643968e-04	1.002241e-03	1.146446e-03	1.295739e-03	1.448829e-03
	1.604193e-03	1.759964e-03	1.914274e-03	2.065807e-03	2.214142e-03
	2.359563e-03	2.502498e-03	2.643067e-03	2.780969e-03	2.915636e-03
	3.046470e-03	3.172842e-03	3.294310e-03	3.410552e-03	3.521293e-03
	3.626234e-03	3.725070e-03	3.817461e-03	3.903002e-03	3.981228e-03
	4.051609e-03	4.113479e-03	4.165986e-03	4.208081e-03	4.238531e-03
	4.255995e-03	4.259102e-03	4.246431e-03	4.216473e-03	4.167685e-03
	4.098608e-03	4.008119e-03	3.895540e-03	3.760631e-03	3.604290e-03
	3.429469e-03	3.240481e-03	3.041559e-03	2.837521e-03	2.633478e-03
	2.432634e-03	2.236948e-03	2.048592e-03	1.869199e-03	1.699085e-03
	1.538389e-03	1.387833e-03	1.248011e-03	1.119002e-03	1.000635e-03
	8.926883e-04	7.945731e-04	7.053298e-04	6.240410e-04	5.499822e-04
	4.825083e-04	4.210311e-04	3.651175e-04	3.145164e-04	2.690542e-04
	2.284889e-04	1.924506e-04	1.604937e-04	1.321602e-04	1.071422e-04
	8.540573e-05	6.699780e-05	5.180038e-05	3.949348e-05	2.966479e-05
	2.194631e-05	1.600392e-05	1.150964e-05	8.174613e-06	5.731487e-06
	3.960319e-06	2.688912e-06	1.784106e-06	1.153328e-06	7.216870e-07
	4.357087e-07	2.515535e-07	1.367376e-07	7.026169e-08	3.372764e-08
	1.485777e-08	6.110105e-09	2.414116e-09	9.523380e-10	3.957506e-10
	1.818687e-10	9.490844e-11	5.606229e-11	3.633912e-11	2.476916e-11
	1.713785e-11	1.180442e-11	8.038676e-12	5.397315e-12	3.565087e-12
	2.315488e-12	1.480714e-12	9.335588e-13	5.801942e-13	3.549568e-13
	2.134073e-13	1.258665e-13	7.270226e-14	4.105449e-14	2.261541e-14
	1.210891e-14	6.253211e-15	3.058697e-15	1.351780e-15	4.585786e-16
	1.000000e-60
massfraction-C2H
	1.000000e-60	2.777824e-30	2.939450e-29	1.952393e-28	9.038609e-28
	3.757323e-27	1.426866e-26	5.132845e-26	1.805343e-25	6.331535e-25
	2.238378e-24	8.037102e-24	2.953891e-23	1.110160e-22	4.222655e-22
	1.604548e-21	6.009374e-21	2.189760e-20	7.679569e-20	2.574576e-19
	8.219926e-19	2.492924e-18	7.175069e-18	1.961223e-17	5.097442e-17
	1.260205e-16	2.960298e-16	6.603989e-16	1.402356e-15	2.851508e-15
	5.597477e-15	1.068920e-14	1.996813e-14	3.660895e-14	6.599210e-14
	1.171223e-13	2.048930e-13	3.536950e-13	6.033424e-13	1.018372e-12
	1.702409e-12	2.820709e-12	4.635478e-12	7.560685e-12	1.224880e-11
	1.972962e-11	3.162367e-11	5.046282e-11	8.016041e-11	1.266596e-10
	1.988276e-10	3.098115e-10	4.790792e-10	7.352113e-10	1.119760e-09
	1.692394e-09	2.537127e-09	3.772236e-09	5.565908e-09	8.147283e-09
	1.180241e-08	1.687473e-08	2.377869e-08	3.294558e-08	4.474888e-08
	5.955553e-08	7.771248e-08	9.941188e-08	1.247040e-07	1.536368e-07
	1.861630e-07	2.219528e-07	2.604678e-07	3.010893e-07	3.431130e-07
	3.857271e-07	4.281861e-07	4.699061e-07	5.103316e-07	5.488498e-07
	5.848268e-07	6.176053e-07	6.464364e-07	6.704695e-07	6.888463e-07
	7.008187e-07	7.057723e-07	7.031451e-07	6.923113e-07	6.725782e-07
	6.435905e-07	6.058296e-07	5.606075e-07	5.096392e-07	4.546966e-07
	3.978336e-07	3.412955e-07	2.870567e-07	2.368415e-07	1.916296e-07
	1.518660e-07	1.176150e-07	8.861677e-08	6.474303e-08	4.557159e-08
	3.076199e-08	1.971515e-08	1.178206e-08	6.549667e-09	3.323558e-09
	1.490948e-09	5.895250e-10	2.067810e-10	6.527775e-11	1.922878e-11
	5.505915e-12	1.573324e-12	4.477153e-13	1.206427e-13	2.795766e-14
	5.189090e-15	8.071671e-16	1.198719e-16	1.881645e-17	3.286167e-18
	6.625041e-19	1.587984e-19	4.572134e-20	1.562702e-20	6.181048e-21
	2.743152e-21	1.322767e-21	6.716116e-22	3.482215e-22	1.787575e-22
	8.784752e-23	3.966475e-23	1.550705e-23	4.690914e-24	7.843682e-25
	1.000000e-60
massfraction-C2H2
	1.000000e-60	9.657842e-08	3.332058e-07	8.697521e-07	1.987470e-06
	4.134806e-06	7.963542e-06	1.433990e-05	2.432523e-05	3.909459e-05
	5.977422e-05	8.740966e-05	1.230619e-04	1.675753e-04	2.213552e-04
	2.844340e-04	3.564965e-04	4.368978e-04	5.247551e-04	6.191534e-04
	7.191802e-04	8.238479e-04	9.321822e-04	1.043289e-03	1.156289e-03
	1.270156e-03	1.383633e-03	1.495485e-03	1.604889e-03	1.711663e-03
	1.816129e-03	1.918704e-03	2.019582e-03	2.118667e-03	2.215677e-03
	2.310319e-03	2.402287e-03	2.491418e-03	2.577649e-03	2.660973e-03
	2.741385e-03	2.818909e-03	2.893576e-03	2.965416e-03	3.034468e-03
	3.100794e-03	3.164442e-03	3.225406e-03	3.283616e-03	3.338920e-03
	3.391107e-03	3.439994e-03	3.485434e-03	3.527240e-03	3.565156e-03
	3.598819e-03	3.627755e-03	3.651439e-03	3.669326e-03	3.680791e-03
	3.685243e-03	3.682335e-03	3.671931e-03	3.654061e-03	3.628981e-03
	3.596912e-03	3.557948e-03	3.512292e-03	3.460192e-03	3.401637e-03
	3.336569e-03	3.265254e-03	3.188150e-03	3.105690e-03	3.018348e-03
	2.926745e-03	2.831340e-03	2.732209e-03	2.629296e-03	2.522598e-03
	2.412073e-03	2.297604e-03	2.179217e-03	2.057301e-03	1.932562e-03
	1.805722e-03	1.677189e-03	1.546978e-03	1.414729e-03	1.280406e-03
	1.145531e-03	1.013007e-03	8.857564e-04	7.657474e-04	6.540060e-04
	5.515869e-04	4.594909e-04	3.781180e-04	3.075935e-04	2.472763e-04
	1.962162e-04	1.533673e-04	1.176162e-04	8.827710e-05	6.451318e-05
	4.576068e-05	3.126950e-05	2.030882e-05	1.254166e-05	7.275371e-06
	3.886785e-06	1.924556e-06	8.980393e-07	4.054683e-07	1.850407e-07
	8.933107e-08	4.718524e-08	2.767815e-08	1.784851e-08	1.225737e-08
	8.641931e-09	6.107905e-09	4.286721e-09	2.975208e-09	2.036142e-09
	1.372758e-09	9.126438e-10	5.989743e-10	3.879665e-10	2.476679e-10
	1.555607e-10	9.596402e-11	5.803914e-11	3.434675e-11	1.983820e-11
	1.113666e-11	6.024887e-12	3.081713e-12	1.419947e-12	5.000711e-13
	1.000000e-60
massfraction-CHCO
	1.000000e-60	3.078420e-07	9.010169e-07	1.969628e-06	3.760887e-06
	6.570139e-06	1.072119e-05	1.653736e-05	2.431327e-05	3.427118e-05
	4.650600e-05	6.103600e-05	7.788633e-05	9.699259e-05	1.181526e-04
	1.410995e-04	1.655290e-04	1.911123e-04	2.175239e-04	2.444930e-04
	2.717948e-04	2.992178e-04	3.265797e-04	3.537364e-04	3.805587e-04
	4.068917e-04	4.325380e-04	4.573138e-04	4.811295e-04	5.040283e-04
	5.261490e-04	5.476371e-04	5.685825e-04	5.890081e-04	6.088963e-04
	6.282253e-04	6.469645e-04	6.651125e-04	6.826830e-04	6.996969e-04
	7.161739e-04	7.321354e-04	7.476034e-04	7.625969e-04	7.771362e-04
	7.912464e-04	8.049494e-04	8.182577e-04	8.311725e-04	8.436791e-04
	8.557539e-04	8.673848e-04	8.785765e-04	8.893378e-04	8.996732e-04
	9.095774e-04	9.190253e-04	9.279837e-04	9.364131e-04	9.442253e-04
	9.512658e-04	9.573666e-04	9.623794e-04	9.661363e-04	9.684722e-04
	9.692582e-04	9.683658e-04	9.656695e-04	9.610679e-04	9.544532e-04
	9.457138e-04	9.347939e-04	9.216989e-04	9.064638e-04	8.891580e-04
	8.699057e-04	8.488194e-04	8.259350e-04	8.012535e-04	7.747832e-04
	7.465181e-04	7.164282e-04	6.845163e-04	6.508828e-04	6.157256e-04
	5.792564e-04	5.416049e-04	5.027837e-04	4.626830e-04	4.212812e-04
	3.790404e-04	3.368891e-04	2.958129e-04	2.565327e-04	2.194862e-04
	1.851356e-04	1.539380e-04	1.261517e-04	1.019340e-04	8.116165e-05
	6.358142e-05	4.888383e-05	3.671664e-05	2.685662e-05	1.901419e-05
	1.297690e-05	8.460838e-06	5.186625e-06	2.987539e-06	1.592687e-06
	7.668273e-07	3.348702e-07	1.345934e-07	5.100641e-08	1.902915e-08
	7.323814e-09	3.020133e-09	1.369135e-09	6.877749e-10	3.763595e-10
	2.149750e-10	1.225684e-10	6.852284e-11	3.771347e-11	2.064953e-11
	1.138230e-11	6.383631e-12	3.665680e-12	2.157445e-12	1.298403e-12
	7.959925e-13	4.948393e-13	3.103778e-13	1.952996e-13	1.224332e-13
	7.577084e-14	4.564960e-14	2.611713e-14	1.344250e-14	5.252712e-15
	1.000000e-60
massfraction-C3H3
	1.000000e-60	1.569227e-30	6.361136e-30	2.025635e-29	5.965707e-29
	1.746241e-28	5.005829e-28	1.216611e-27	4.440911e-28	1.000000e-60
	2.703384e-27	3.857147e-27	1.000000e-60	4.825947e-28	1.485057e-26
	3.628813e-26	1.761161e-25	8.242378e-25	4.352324e-24	2.194869e-23
	1.049912e-22	4.761010e-22	2.032189e-21	8.136258e-21	3.046363e-20
	1.062831e-19	3.438998e-19	1.028547e-18	2.846553e-18	7.338437e-18
	1.780402e-17	4.106830e-17	9.079883e-17	1.935518e-16	3.997591e-16
	8.043063e-16	1.587043e-15	3.097522e-15	6.060490e-15	1.211336e-14
	2.530409e-14	5.633207e-14	1.342873e-13	3.377332e-13	8.727325e-13
	2.258040e-12	5.737991e-12	1.414170e-11	3.353760e-11	7.612772e-11
	1.648041e-10	3.397495e-10	6.672615e-10	1.250023e-09	2.237281e-09
	3.832688e-09	6.297510e-09	9.960401e-09	1.525407e-08	2.277443e-08
	3.336885e-08	4.831975e-08	6.959139e-08	9.981239e-08	1.419989e-07
	1.995200e-07	2.758354e-07	3.736632e-07	4.946703e-07	6.399311e-07
	8.094098e-07	1.000850e-06	1.210072e-06	1.431778e-06	1.659731e-06
	1.886881e-06	2.106564e-06	2.313140e-06	2.501310e-06	2.665774e-06
	2.801499e-06	2.903774e-06	2.968104e-06	2.990581e-06	2.968661e-06
	2.901639e-06	2.790364e-06	2.636596e-06	2.442464e-06	2.211414e-06
	1.951323e-06	1.675342e-06	1.398584e-06	1.134170e-06	8.917003e-07
	6.786519e-07	4.997587e-07	3.558975e-07	2.452325e-07	1.632867e-07
	1.047394e-07	6.438915e-08	3.758486e-08	2.068126e-08	1.058874e-08
	4.994395e-09	2.127303e-09	7.921629e-10	2.565322e-10	6.990777e-11
	1.525694e-11	2.656509e-12	3.692741e-13	4.082365e-14	3.679002e-15
	2.910698e-16	2.264072e-17	1.791067e-18	1.278504e-19	7.009819e-21
	2.692631e-22	7.480219e-24	1.699188e-25	3.665283e-27	9.074358e-29
	3.236221e-30	1.833180e-31	1.513480e-32	1.624658e-33	2.096272e-34
	3.066555e-35	4.862702e-36	7.961781e-37	1.294233e-37	2.149805e-38
	2.865714e-39	3.478464e-40	8.420916e-42	2.713570e-42	6.020705e-43
	1.000000e-60
massfraction-C2H3
	1.000000e-60	2.541942e-19	6.821401e-19	1.310090e-18	2.250270e-18
	3.742458e-18	6.327754e-18	1.129586e-17	2.191241e-17	4.698960e-17
	1.117016e-16	2.925148e-16	8.365416e-16	2.573002e-15	8.324540e-15
	2.767736e-14	9.250457e-14	3.046880e-13	9.725764e-13	2.970877e-12
	8.596550e-12	2.333980e-11	5.898720e-11	1.380743e-10	2.987307e-10
	5.974634e-10	1.106410e-09	1.904386e-09	3.066849e-09	4.661662e-09
	6.750231e-09	9.385894e-09	1.260705e-08	1.643012e-08	2.084807e-08
	2.583445e-08	3.134399e-08	3.731203e-08	4.365758e-08	5.028401e-08
	5.709397e-08	6.402605e-08	7.110142e-08	7.846879e-08	8.643743e-08
	9.549124e-08	1.062865e-07	1.196546e-07	1.366265e-07	1.584757e-07
	1.867945e-07	2.236429e-07	2.717605e-07	3.347946e-07	4.175898e-07
	5.265402e-07	6.699404e-07	8.587043e-07	1.107422e-06	1.434111e-06
	1.857864e-06	2.397265e-06	3.070160e-06	3.887419e-06	4.848056e-06
	5.946429e-06	7.172423e-06	8.504481e-06	9.914545e-06	1.137759e-05
	1.286631e-05	1.434469e-05	1.577517e-05	1.712498e-05	1.836566e-05
	1.947251e-05	2.042887e-05	2.122577e-05	2.185662e-05	2.231534e-05
	2.259697e-05	2.269729e-05	2.261258e-05	2.234136e-05	2.188660e-05
	2.125571e-05	2.045772e-05	1.950028e-05	1.838736e-05	1.712448e-05
	1.573358e-05	1.425715e-05	1.274530e-05	1.124124e-05	9.776926e-06
	8.383573e-06	7.090446e-06	5.916833e-06	4.876096e-06	3.968192e-06
	3.186170e-06	2.519652e-06	1.955595e-06	1.486484e-06	1.101571e-06
	7.938510e-07	5.527946e-07	3.676881e-07	2.341218e-07	1.414841e-07
	8.003606e-08	4.286398e-08	2.213246e-08	1.121750e-08	5.666641e-09
	2.850166e-09	1.407108e-09	6.692531e-10	2.946681e-10	1.108549e-10
	3.305153e-11	7.790073e-12	1.559745e-12	3.092313e-13	7.479815e-14
	2.354846e-14	8.689881e-15	3.430768e-15	1.389397e-15	5.651925e-16
	2.278751e-16	9.015599e-17	3.471982e-17	1.291966e-17	4.608973e-18
	1.559490e-18	4.910845e-19	1.383411e-19	3.164627e-20	4.267819e-21
	1.000000e-60
massfraction-C2H4
	1.000000e-60	6.857003e-08	2.405521e-07	6.393945e-07	1.488202e-06
	3.151938e-06	6.174157e-06	1.129431e-05	1.943866e-05	3.165620e-05
	4.897992e-05	7.239005e-05	1.028875e-04	1.412898e-04	1.880264e-04
	2.431857e-04	3.065303e-04	3.775114e-04	4.553502e-04	5.392244e-04
	6.283032e-04	7.216826e-04	8.184669e-04	9.178310e-04	1.018964e-03
	1.120923e-03	1.222565e-03	1.322764e-03	1.420770e-03	1.516409e-03
	1.609962e-03	1.701794e-03	1.792077e-03	1.880718e-03	1.967462e-03
	2.052042e-03	2.134184e-03	2.213740e-03	2.290654e-03	2.364916e-03
	2.436524e-03	2.505494e-03	2.571853e-03	2.635622e-03	2.696824e-03
	2.755503e-03	2.811675e-03	2.865300e-03	2.916262e-03	2.964349e-03
	3.009270e-03	3.050715e-03	3.088354e-03	3.121759e-03	3.150350e-03
	3.173364e-03	3.189841e-03	3.198680e-03	3.198656e-03	3.188463e-03
	3.167025e-03	3.133742e-03	3.088382e-03	3.031241e-03	2.963263e-03
	2.885346e-03	2.798263e-03	2.703188e-03	2.601411e-03	2.493739e-03
	2.380946e-03	2.264358e-03	2.145470e-03	2.025558e-03	1.905787e-03
	1.787338e-03	1.671008e-03	1.557032e-03	1.445490e-03	1.336527e-03
	1.230249e-03	1.126705e-03	1.026082e-03	9.288353e-04	8.355721e-04
	7.467769e-04	6.626197e-04	5.829874e-04	5.075791e-04	4.363397e-04
	3.699742e-04	3.095908e-04	2.559471e-04	2.091403e-04	1.688005e-04
	1.345513e-04	1.059883e-04	8.254121e-05	6.362018e-05	4.851674e-05
	3.655726e-05	2.715197e-05	1.978902e-05	1.411495e-05	9.797811e-06
	6.597331e-06	4.274652e-06	2.627251e-06	1.533571e-06	8.395346e-07
	4.224287e-07	1.969922e-07	8.672086e-08	3.703316e-08	1.600239e-08
	7.285371e-09	3.590144e-09	1.940821e-09	1.150609e-09	7.371711e-10
	4.969149e-10	3.423624e-10	2.365158e-10	1.621939e-10	1.097943e-10
	7.321603e-11	4.812436e-11	3.121003e-11	1.996539e-11	1.258175e-11
	7.797719e-12	4.744641e-12	2.829444e-12	1.650616e-12	9.397045e-13
	5.199921e-13	2.773754e-13	1.399711e-13	6.368582e-14	2.217598e-14
	1.000000e-60
massfraction-C2H5
	1.000000e-60	1.001770e-12	3.623144e-12	9.956026e-12	2.396911e-11
	5.246518e-11	1.060448e-10	1.997845e-10	3.534197e-10	5.903903e-10
	9.351987e-10	1.412520e-09	2.048648e-09	2.867346e-09	3.885413e-09
	5.113654e-09	6.557668e-09	8.219057e-09	1.009864e-08	1.220291e-08
	1.454773e-08	1.715984e-08	2.008215e-08	2.337901e-08	2.713763e-08
	3.146324e-08	3.646940e-08	4.227557e-08	4.901875e-08	5.687799e-08
	6.609672e-08	7.698450e-08	8.990267e-08	1.052440e-07	1.234132e-07
	1.448051e-07	1.697553e-07	1.984754e-07	2.310219e-07	2.672378e-07
	3.067389e-07	3.490044e-07	3.935645e-07	4.402727e-07	4.896259e-07
	5.430266e-07	6.028747e-07	6.725220e-07	7.561614e-07	8.587091e-07
	9.858231e-07	1.144246e-06	1.342356e-06	1.590639e-06	1.902220e-06
	2.293356e-06	2.783575e-06	3.396555e-06	4.161141e-06	5.107366e-06
	6.256992e-06	7.618545e-06	9.187558e-06	1.093497e-05	1.280500e-05
	1.473796e-05	1.667333e-05	1.854245e-05	2.028168e-05	2.184447e-05
	2.319202e-05	2.428894e-05	2.511238e-05	2.565485e-05	2.592058e-05
	2.592336e-05	2.568436e-05	2.522652e-05	2.457156e-05	2.374056e-05
	2.275351e-05	2.162888e-05	2.038581e-05	1.904708e-05	1.763902e-05
	1.618752e-05	1.471361e-05	1.323215e-05	1.175241e-05	1.028650e-05
	8.862017e-06	7.517046e-06	6.283538e-06	5.177995e-06	4.203919e-06
	3.362164e-06	2.650626e-06	2.060944e-06	1.582334e-06	1.199434e-06
	8.965683e-07	6.593986e-07	4.750919e-07	3.345223e-07	2.289772e-07
	1.519628e-07	9.707629e-08	5.892293e-08	3.409675e-08	1.862279e-08
	9.444797e-09	4.496204e-09	2.041659e-09	8.993185e-10	3.930893e-10
	1.735599e-10	7.813861e-11	3.600773e-11	1.686777e-11	7.730063e-12
	3.194786e-12	1.165726e-12	4.122069e-13	1.565855e-13	6.661800e-14
	3.129594e-14	1.570697e-14	8.178435e-15	4.324821e-15	2.289190e-15
	1.201311e-15	6.210592e-16	3.150064e-16	1.563377e-16	7.579290e-17
	3.583256e-17	1.645249e-17	7.246039e-18	2.942951e-18	9.449244e-19
	1.000000e-60
massfraction-C3H4
	1.000000e-60	7.792673e-11	3.042164e-10	9.087671e-10	2.381498e-09
	5.661570e-09	1.237872e-08	2.510502e-08	4.756262e-08	8.464668e-08
	1.420891e-07	2.262680e-07	3.443933e-07	5.036372e-07	7.099542e-07
	9.678003e-07	1.279806e-06	1.646500e-06	2.066460e-06	2.537203e-06
	3.055428e-06	3.616691e-06	4.215917e-06	4.847878e-06	5.506938e-06
	6.186145e-06	6.876700e-06	7.569474e-06	8.257617e-06	8.938271e-06
	9.611963e-06	1.028007e-05	1.094270e-05	1.159815e-05	1.224350e-05
	1.287578e-05	1.349203e-05	1.409025e-05	1.466927e-05	1.522834e-05
	1.576687e-05	1.628453e-05	1.678117e-05	1.725668e-05	1.771112e-05
	1.814482e-05	1.855806e-05	1.895088e-05	1.932298e-05	1.967359e-05
	2.000166e-05	2.030627e-05	2.058671e-05	2.084195e-05	2.107043e-05
	2.127003e-05	2.143808e-05	2.157202e-05	2.166969e-05	2.172905e-05
	2.174884e-05	2.172946e-05	2.167241e-05	2.157986e-05	2.145473e-05
	2.129938e-05	2.111520e-05	2.090382e-05	2.066680e-05	2.040429e-05
	2.011605e-05	1.980307e-05	1.946701e-05	1.910920e-05	1.873102e-05
	1.833437e-05	1.792040e-05	1.748855e-05	1.703762e-05	1.656658e-05
	1.607411e-05	1.555847e-05	1.501839e-05	1.445414e-05	1.386743e-05
	1.326002e-05	1.263221e-05	1.198219e-05	1.130584e-05	1.060007e-05
	9.869561e-06	9.126946e-06	8.386382e-06	7.658092e-06	6.947782e-06
	6.262339e-06	5.609792e-06	4.995704e-06	4.425280e-06	3.898924e-06
	3.414701e-06	2.969472e-06	2.558482e-06	2.181089e-06	1.834478e-06
	1.519570e-06	1.234312e-06	9.754179e-07	7.495989e-07	5.556647e-07
	3.916243e-07	2.619501e-07	1.665345e-07	1.010246e-07	5.923484e-08
	3.407003e-08	1.941881e-08	1.103237e-08	6.269222e-09	3.579179e-09
	2.065165e-09	1.206806e-09	7.117329e-10	4.207815e-10	2.477392e-10
	1.447568e-10	8.390062e-11	4.823029e-11	2.745344e-11	1.543217e-11
	8.542685e-12	4.644795e-12	2.474932e-12	1.289735e-12	6.559376e-13
	3.245537e-13	1.551776e-13	7.051264e-14	2.910374e-14	9.290996e-15
	1.000000e-60
massfraction-C3H5
	1.000000e-60	6.871888e-12	2.724016e-11	8.274614e-11	2.205579e-10
	5.330786e-10	1.184039e-09	2.437095e-09	4.681236e-09	8.438021e-09
	1.433096e-08	2.306694e-08	3.545574e-08	5.231862e-08	7.435879e-08
	1.021240e-07	1.359645e-07	1.759966e-07	2.221135e-07	2.740803e-07
	3.315605e-07	3.940798e-07	4.610829e-07	5.319880e-07	6.061592e-07
	6.828049e-07	7.609171e-07	8.394433e-07	9.175834e-07	9.949893e-07
	1.071698e-06	1.147846e-06	1.223425e-06	1.298217e-06	1.371865e-06
	1.444001e-06	1.514256e-06	1.582369e-06	1.648163e-06	1.711507e-06
	1.772278e-06	1.830368e-06	1.885673e-06	1.938074e-06	1.987447e-06
	2.033664e-06	2.076569e-06	2.115958e-06	2.151607e-06	2.183322e-06
	2.211055e-06	2.235082e-06	2.256159e-06	2.275655e-06	2.295698e-06
	2.319269e-06	2.350132e-06	2.392613e-06	2.451236e-06	2.529925e-06
	2.630741e-06	2.753385e-06	2.895766e-06	3.053677e-06	3.221176e-06
	3.392848e-06	3.563877e-06	3.729076e-06	3.883768e-06	4.024625e-06
	4.148703e-06	4.252943e-06	4.334974e-06	4.393443e-06	4.427791e-06
	4.438154e-06	4.425320e-06	4.390302e-06	4.334048e-06	4.257483e-06
	4.161486e-06	4.046830e-06	3.914411e-06	3.765599e-06	3.602327e-06
	3.426705e-06	3.240464e-06	3.044680e-06	2.839681e-06	2.626097e-06
	2.406934e-06	2.187447e-06	1.972946e-06	1.767062e-06	1.571677e-06
	1.388609e-06	1.219595e-06	1.065402e-06	9.264887e-07	8.020444e-07
	6.907476e-07	5.911100e-07	5.014211e-07	4.209848e-07	3.487207e-07
	2.844005e-07	2.272451e-07	1.763201e-07	1.326965e-07	9.592363e-08
	6.546661e-08	4.200121e-08	2.529724e-08	1.432014e-08	7.710580e-09
	4.016818e-09	2.060752e-09	1.065351e-09	5.726889e-10	3.295332e-10
	2.028005e-10	1.291666e-10	8.248531e-11	5.196757e-11	3.209926e-11
	1.942002e-11	1.152946e-11	6.729994e-12	3.862928e-12	2.177500e-12
	1.203401e-12	6.509253e-13	3.440794e-13	1.774914e-13	8.920906e-14
	4.357277e-14	2.055326e-14	9.213598e-15	3.753895e-15	1.184452e-15
	1.000000e-60
massfraction-C3H6
	1.000000e-60	9.866482e-11	3.988670e-10	1.237980e-09	3.372673e-09
	8.326810e-09	1.887333e-08	3.959349e-08	7.741495e-08	1.418573e-07
	2.446017e-07	3.992087e-07	6.214850e-07	9.278518e-07	1.332894e-06
	1.848501e-06	2.482905e-06	3.239840e-06	4.118593e-06	5.115722e-06
	6.225529e-06	7.439333e-06	8.746542e-06	1.013570e-05	1.159392e-05
	1.310491e-05	1.464771e-05	1.620015e-05	1.774487e-05	1.927335e-05
	2.078466e-05	2.227972e-05	2.375652e-05	2.520880e-05	2.662766e-05
	2.800409e-05	2.932929e-05	3.059686e-05	3.180236e-05	3.294252e-05
	3.401468e-05	3.501703e-05	3.594857e-05	3.680888e-05	3.759840e-05
	3.831851e-05	3.897099e-05	3.955775e-05	4.008085e-05	4.054272e-05
	4.094701e-05	4.129998e-05	4.161158e-05	4.189640e-05	4.217513e-05
	4.247587e-05	4.283375e-05	4.328871e-05	4.388067e-05	4.463902e-05
	4.556778e-05	4.663969e-05	4.780233e-05	4.897923e-05	5.008081e-05
	5.102762e-05	5.175202e-05	5.219585e-05	5.231818e-05	5.209464e-05
	5.151157e-05	5.057037e-05	4.928951e-05	4.769916e-05	4.583823e-05
	4.375382e-05	4.149156e-05	3.908723e-05	3.657140e-05	3.397412e-05
	3.132284e-05	2.864200e-05	2.595822e-05	2.330449e-05	2.071746e-05
	1.822921e-05	1.586118e-05	1.362453e-05	1.152315e-05	9.566275e-06
	7.781993e-06	6.204992e-06	4.854611e-06	3.727730e-06	2.806313e-06
	2.070239e-06	1.497489e-06	1.062504e-06	7.404450e-07	5.065312e-07
	3.394668e-07	2.220948e-07	1.409271e-07	8.637993e-08	5.072885e-08
	2.840911e-08	1.499877e-08	7.322263e-09	3.316242e-09	1.373228e-09
	5.098014e-10	1.739833e-10	5.708762e-11	1.916224e-11	7.114239e-12
	3.108094e-12	1.655091e-12	1.095352e-12	8.795958e-13	7.644592e-13
	6.269461e-13	4.616322e-13	3.126079e-13	2.010540e-13	1.248897e-13
	7.546319e-14	4.454569e-14	2.576298e-14	1.461034e-14	8.119259e-15
	4.416451e-15	2.348424e-15	1.219285e-15	6.173786e-16	3.044641e-16
	1.458921e-16	6.752574e-17	2.972138e-17	1.190442e-17	3.699687e-18
	1.000000e-60
massfraction-N-C3H7
	1.000000e-60	2.886419e-15	1.168813e-14	3.634286e-14	9.919287e-14
	2.453379e-13	5.570285e-13	1.170449e-12	2.291960e-12	4.205727e-12
	7.261216e-12	1.186494e-11	1.849149e-11	2.763495e-11	3.973553e-11
	5.515338e-11	7.413929e-11	9.680841e-11	1.231400e-10	1.530241e-10
	1.862649e-10	2.225314e-10	2.613288e-10	3.018995e-10	3.429581e-10
	3.822219e-10	4.158754e-10	4.383909e-10	4.431968e-10	4.246038e-10
	3.810272e-10	3.184137e-10	2.502126e-10	1.904456e-10	1.452791e-10
	1.130484e-10	8.996809e-11	7.314870e-11	6.071433e-11	5.142252e-11
	4.443110e-11	3.915591e-11	3.518247e-11	3.221647e-11	3.005039e-11
	2.854101e-11	2.759543e-11	2.716019e-11	2.721357e-11	2.776068e-11
	2.883093e-11	3.048097e-11	3.280374e-11	3.594063e-11	4.009928e-11
	4.557956e-11	5.280672e-11	6.239067e-11	7.521072e-11	9.244129e-11
	1.154574e-10	1.457456e-10	1.848664e-10	2.340481e-10	2.937856e-10
	3.641726e-10	4.448589e-10	5.345299e-10	6.311737e-10	7.327416e-10
	8.368246e-10	9.402400e-10	1.039600e-09	1.131851e-09	1.214327e-09
	1.284788e-09	1.341741e-09	1.384372e-09	1.412173e-09	1.424825e-09
	1.422224e-09	1.404448e-09	1.371781e-09	1.324891e-09	1.264964e-09
	1.193583e-09	1.112412e-09	1.022971e-09	9.265196e-10	8.245640e-10
	7.198899e-10	6.164286e-10	5.179705e-10	4.271684e-10	3.454853e-10
	2.739436e-10	2.130784e-10	1.626518e-10	1.219973e-10	8.988959e-11
	6.497041e-11	4.594072e-11	3.161565e-11	2.110773e-11	1.358278e-11
	8.393716e-12	4.936929e-12	2.723119e-12	1.414608e-12	6.860331e-13
	3.078390e-13	1.319267e-13	5.696710e-14	2.671533e-14	1.491020e-14
	1.072283e-14	1.057941e-14	1.524728e-14	3.383457e-14	8.968253e-14
	1.146113e-13	8.562346e-14	5.570936e-14	3.476876e-14	2.115669e-14
	1.258928e-14	7.345002e-15	4.210769e-15	2.372427e-15	1.312006e-15
	7.109853e-16	3.769008e-16	1.951575e-16	9.857045e-17	4.849396e-17
	2.318265e-17	1.070543e-17	4.701609e-18	1.879296e-18	5.829921e-19
	1.000000e-60
massfraction-I-C3H7
	1.000000e-60	1.000021e-60	1.000073e-60	1.000157e-60	1.000268e-60
	1.000359e-60	1.000304e-60	9.998488e-61	9.985671e-61	9.958327e-61
	9.908460e-61	9.826757e-61	9.702688e-61	9.525746e-61	9.287359e-61
	8.981855e-61	8.607325e-61	8.166214e-61	7.665136e-61	7.113554e-61
	6.523089e-61	5.907352e-61	5.280677e-61	4.656938e-61	4.049170e-61
	3.469683e-61	2.929576e-61	2.436830e-61	1.994679e-61	1.601831e-61
	1.254573e-61	9.494755e-62	6.850990e-62	4.624974e-62	2.845823e-62
	1.540955e-62	7.024806e-63	2.554958e-63	6.988414e-64	1.360764e-64
	1.832067e-65	1.925080e-66	3.793005e-67	2.324864e-67	1.837703e-67
	1.500112e-67	1.247410e-67	1.055500e-67	9.083760e-68	7.948926e-68
	7.070840e-68	6.390640e-68	5.864483e-68	5.460347e-68	5.155121e-68
	4.932450e-68	4.781195e-68	4.693744e-68	4.664839e-68	4.690287e-68
	4.764021e-68	4.875439e-68	5.009633e-68	5.148736e-68	5.274412e-68
	5.371532e-68	5.429153e-68	5.440447e-68	5.402932e-68	5.317250e-68
	5.186095e-68	5.014508e-68	4.809290e-68	4.577723e-68	4.327093e-68
	4.064576e-68	3.796092e-68	3.525657e-68	3.256246e-68	2.990438e-68
	2.730253e-68	2.477163e-68	2.232749e-68	1.998851e-68	1.777419e-68
	1.569830e-68	1.376500e-68	1.197044e-68	1.030577e-68	8.767019e-69
	7.365183e-69	6.117387e-69	5.031557e-69	4.101799e-69	3.313825e-69
	2.654551e-69	2.112289e-69	1.786310e-69	2.137223e-68	6.683982e-68
	1.086736e-67	1.467321e-67	1.811984e-67	2.120188e-67	2.394561e-67
	2.636688e-67	2.853616e-67	3.059811e-67	3.278051e-67	3.582977e-67
	4.223527e-67	6.125430e-67	1.331621e-66	4.582813e-66	2.153890e-65
	1.246264e-64	8.414971e-64	4.510636e-63	1.197356e-62	1.730463e-62
	1.981332e-62	2.290476e-62	3.055375e-62	4.618655e-62	7.172405e-62
	1.069031e-61	1.495581e-61	1.968983e-61	2.467078e-61	2.977195e-61
	3.494694e-61	4.020565e-61	4.559140e-61	5.116407e-61	5.698740e-61
	6.312123e-61	6.961941e-61	7.652878e-61	8.388641e-61	9.170867e-61
	1.000000e-60
massfraction-C3H8
	1.000000e-60	1.000031e-60	1.000109e-60	1.000260e-60	1.000528e-60
	1.000958e-60	1.001582e-60	1.002397e-60	1.003337e-60	1.004246e-60
	1.004871e-60	1.004869e-60	1.003824e-60	1.001261e-60	9.967014e-61
	9.897106e-61	9.799390e-61	9.671549e-61	9.512559e-61	9.322407e-61
	9.101937e-61	8.852938e-61	8.577883e-61	8.279641e-61	7.961527e-61
	7.627703e-61	7.283425e-61	6.934252e-61	6.584640e-61	6.236961e-61
	5.891755e-61	5.549032e-61	5.209375e-61	4.874267e-61	4.545739e-61
	4.225857e-61	3.916370e-61	3.618673e-61	3.333557e-61	3.061523e-61
	2.802928e-61	2.557935e-61	2.326569e-61	2.108767e-61	1.904350e-61
	1.712980e-61	1.534303e-61	1.368029e-61	1.213951e-61	1.071970e-61
	9.419892e-62	8.236952e-62	7.165464e-62	6.199416e-62	5.332892e-62
	4.560384e-62	3.877059e-62	3.277364e-62	2.754691e-62	2.303589e-62
	1.919938e-62	1.597931e-62	1.329423e-62	1.106962e-62	9.238368e-63
	7.727996e-63	6.475512e-63	5.435244e-63	4.569760e-63	3.845142e-63
	3.235336e-63	2.722340e-63	2.291475e-63	1.929569e-63	1.625491e-63
	1.370169e-63	1.155453e-63	9.739948e-64	8.198903e-64	6.886131e-64
	5.765134e-64	4.806022e-64	3.985611e-64	3.286379e-64	2.693948e-64
	2.194765e-64	1.775440e-64	1.423465e-64	1.127848e-64	8.804674e-65
	6.766515e-65	5.127586e-65	3.839964e-65	2.844855e-65	2.084042e-65
	1.510236e-65	1.084663e-65	7.739029e-66	5.512375e-66	3.945249e-66
	2.872038e-66	2.177740e-66	1.791862e-66	1.691897e-66	1.905876e-66
	2.541262e-66	3.862856e-66	6.517827e-66	1.189113e-65	2.350031e-65
	5.136534e-65	1.236113e-64	3.234208e-64	9.025243e-64	2.586106e-63
	7.282225e-63	1.940602e-62	4.742197e-62	1.035159e-61	1.975511e-61
	3.254796e-61	4.663163e-61	5.971372e-61	7.061527e-61	7.912643e-61
	8.547339e-61	9.003857e-61	9.323768e-61	9.544436e-61	9.695246e-61
	9.797665e-61	9.866879e-61	9.913436e-61	9.944588e-61	9.965291e-61
	9.978919e-61	9.987770e-61	9.993406e-61	9.996884e-61	9.998919e-61
	1.000000e-60
V [kg/(s*m^2)]
	3.956489e-01	3.722152e-01	3.492016e-01	3.271032e-01	3.062888e-01
	2.868866e-01	2.688780e-01	2.521793e-01	2.366737e-01	2.222578e-01
	2.088621e-01	1.963722e-01	1.846163e-01	1.734760e-01	1.628892e-01
	1.527985e-01	1.431506e-01	1.338994e-01	1.250027e-01	1.164113e-01
	1.080760e-01	9.995922e-02	9.202811e-02	8.425158e-02	7.660576e-02
	6.908443e-02	6.170368e-02	5.448606e-02	4.743667e-02	4.052880e-02
	3.371072e-02	2.692927e-02	2.014859e-02	1.335509e-02	6.550913e-03
	-2.560005e-04	-7.055932e-03	-1.384137e-02	-2.061092e-02	-2.736457e-02
	-3.410098e-02	-4.081903e-02	-4.751745e-02	-5.419354e-02	-6.084485e-02
	-6.747118e-02	-7.407090e-02	-8.063761e-02	-8.715842e-02	-9.361099e-02
	-9.996625e-02	-1.061991e-01	-1.122921e-01	-1.182299e-01	-1.239954e-01
	-1.295680e-01	-1.349203e-01	-1.400286e-01	-1.448784e-01	-1.494462e-01
	-1.536927e-01	-1.575944e-01	-1.611605e-01	-1.644038e-01	-1.673385e-01
	-1.700032e-01	-1.724404e-01	-1.746782e-01	-1.767413e-01	-1.786606e-01
	-1.804608e-01	-1.821543e-01	-1.837500e-01	-1.852580e-01	-1.866872e-01
	-1.880445e-01	-1.893382e-01	-1.905806e-01	-1.917832e-01	-1.929553e-01
	-1.941052e-01	-1.952414e-01	-1.963706e-01	-1.974959e-01	-1.986185e-01
	-1.997402e-01	-2.008661e-01	-2.020055e-01	-2.031721e-01	-2.043790e-01
	-2.056278e-01	-2.069091e-01	-2.082119e-01	-2.095321e-01	-2.108735e-01
	-2.122367e-01	-2.136188e-01	-2.150188e-01	-2.164329e-01	-2.178658e-01
	-2.193272e-01	-2.208321e-01	-2.224056e-01	-2.240636e-01	-2.258368e-01
	-2.277455e-01	-2.298360e-01	-2.321923e-01	-2.348264e-01	-2.378341e-01
	-2.413902e-01	-2.455625e-01	-2.504139e-01	-2.560209e-01	-2.623939e-01
	-2.695394e-01	-2.775359e-01	-2.865358e-01	-2.967366e-01	-3.082687e-01
	-3.210212e-01	-3.346482e-01	-3.488007e-01	-3.633085e-01	-3.781261e-01
	-3.932010e-01	-4.084455e-01	-4.237944e-01	-4.392487e-01	-4.548509e-01
	-4.706508e-01	-4.866919e-01	-5.030030e-01	-5.195966e-01	-5.364657e-01
	-5.535858e-01	-5.709252e-01	-5.884498e-01	-6.061206e-01	-6.238701e-01
	-6.416286e-01
density [kg/m^3]
	6.431859e-01	6.429840e-01	6.426055e-01	6.419181e-01	6.407304e-01
	6.387906e-01	6.357985e-01	6.314359e-01	6.254066e-01	6.174953e-01
	6.076355e-01	5.958816e-01	5.823383e-01	5.672256e-01	5.508939e-01
	5.337355e-01	5.161380e-01	4.984584e-01	4.809957e-01	4.639611e-01
	4.474959e-01	4.317020e-01	4.166404e-01	4.023357e-01	3.887951e-01
	3.760319e-01	3.640732e-01	3.529335e-01	3.425836e-01	3.329424e-01
	3.238999e-01	3.153553e-01	3.072393e-01	2.995137e-01	2.921587e-01
	2.851566e-01	2.784955e-01	2.721546e-01	2.661096e-01	2.603360e-01
	2.548158e-01	2.495360e-01	2.444854e-01	2.396547e-01	2.350347e-01
	2.306157e-01	2.263896e-01	2.223519e-01	2.185021e-01	2.148447e-01
	2.113866e-01	2.081313e-01	2.050772e-01	2.022218e-01	1.995630e-01
	1.971001e-01	1.948348e-01	1.927663e-01	1.908897e-01	1.892033e-01
	1.877099e-01	1.864052e-01	1.852733e-01	1.842985e-01	1.834652e-01
	1.827527e-01	1.821413e-01	1.816174e-01	1.811693e-01	1.807858e-01
	1.804583e-01	1.801818e-01	1.799521e-01	1.797655e-01	1.796187e-01
	1.795090e-01	1.794341e-01	1.793919e-01	1.793813e-01	1.794020e-01
	1.794546e-01	1.795407e-01	1.796623e-01	1.798222e-01	1.800229e-01
	1.802674e-01	1.805602e-01	1.809077e-01	1.813201e-01	1.818103e-01
	1.823890e-01	1.830615e-01	1.838299e-01	1.846978e-01	1.856729e-01
	1.867605e-01	1.879614e-01	1.892764e-01	1.907021e-01	1.922418e-01
	1.939054e-01	1.957106e-01	1.976913e-01	1.998734e-01	2.023074e-01
	2.050344e-01	2.081403e-01	2.117830e-01	2.160265e-01	2.210917e-01
	2.273899e-01	2.352275e-01	2.449953e-01	2.572452e-01	2.725526e-01
	2.916562e-01	3.157171e-01	3.464763e-01	3.863348e-01	4.378306e-01
	5.019165e-01	5.764904e-01	6.571557e-01	7.391762e-01	8.182625e-01
	8.905955e-01	9.533349e-01	1.005217e+00	1.046487e+00	1.078282e+00
	1.102103e+00	1.119499e+00	1.131902e+00	1.140543e+00	1.146432e+00
	1.150360e+00	1.152930e+00	1.154581e+00	1.155626e+00	1.156277e+00
	1.156679e+00
cp [J/m^3K]
	2.197908e+03	2.198288e+03	2.198957e+03	2.200115e+03	2.202046e+03
	2.205122e+03	2.209785e+03	2.216502e+03	2.225708e+03	2.237718e+03
	2.252615e+03	2.270297e+03	2.290564e+03	2.313013e+03	2.337013e+03
	2.361838e+03	2.386752e+03	2.411061e+03	2.434179e+03	2.455673e+03
	2.475243e+03	2.492684e+03	2.507877e+03	2.520772e+03	2.531353e+03
	2.539610e+03	2.545537e+03	2.549152e+03	2.550497e+03	2.549596e+03
	2.546409e+03	2.540805e+03	2.532575e+03	2.521467e+03	2.507214e+03
	2.489559e+03	2.468198e+03	2.442878e+03	2.413304e+03	2.379477e+03
	2.343907e+03	2.307387e+03	2.270109e+03	2.232264e+03	2.194033e+03
	2.155576e+03	2.117047e+03	2.078621e+03	2.040496e+03	2.002914e+03
	1.966140e+03	1.930395e+03	1.895834e+03	1.862585e+03	1.830761e+03
	1.800479e+03	1.771870e+03	1.745028e+03	1.719985e+03	1.696807e+03
	1.675625e+03	1.656486e+03	1.639272e+03	1.623855e+03	1.610111e+03
	1.597811e+03	1.586718e+03	1.576674e+03	1.567542e+03	1.559166e+03
	1.551421e+03	1.544240e+03	1.537572e+03	1.531364e+03	1.525567e+03
	1.520144e+03	1.515051e+03	1.510232e+03	1.505635e+03	1.501221e+03
	1.496952e+03	1.492794e+03	1.488722e+03	1.484719e+03	1.480782e+03
	1.476901e+03	1.473056e+03	1.469213e+03	1.465325e+03	1.461348e+03
	1.457277e+03	1.453141e+03	1.448971e+03	1.444776e+03	1.440538e+03
	1.436251e+03	1.431917e+03	1.427536e+03	1.423113e+03	1.418632e+03
	1.414057e+03	1.409338e+03	1.404395e+03	1.399174e+03	1.393577e+03
	1.387537e+03	1.380905e+03	1.373412e+03	1.365019e+03	1.355423e+03
	1.344068e+03	1.330751e+03	1.315299e+03	1.297523e+03	1.277483e+03
	1.255315e+03	1.231027e+03	1.204345e+03	1.171872e+03	1.136548e+03
	1.104050e+03	1.078066e+03	1.058984e+03	1.045337e+03	1.035523e+03
	1.028392e+03	1.023185e+03	1.019382e+03	1.016605e+03	1.014582e+03
	1.013115e+03	1.012059e+03	1.011305e+03	1.010771e+03	1.010396e+03
	1.010134e+03	1.009953e+03	1.009827e+03	1.009739e+03	1.009677e+03
	1.009633e+03
lambda [W/m]
	3.231541e-02	3.233358e-02	3.236561e-02	3.242119e-02	3.251429e-02
	3.266365e-02	3.289247e-02	3.322705e-02	3.369500e-02	3.432192e-02
	3.512676e-02	3.612364e-02	3.732713e-02	3.874546e-02	4.037596e-02
	4.220954e-02	4.423240e-02	4.642681e-02	4.877329e-02	5.125526e-02
	5.385875e-02	5.656942e-02	5.937404e-02	6.226133e-02	6.521953e-02
	6.823136e-02	7.127080e-02	7.430877e-02	7.732344e-02	8.030728e-02
	8.326436e-02	8.619940e-02	8.910846e-02	9.197606e-02	9.477798e-02
	9.748585e-02	1.000693e-01	1.024976e-01	1.047414e-01	1.067820e-01
	1.086942e-01	1.104966e-01	1.121874e-01	1.137654e-01	1.152303e-01
	1.165834e-01	1.178259e-01	1.189593e-01	1.199844e-01	1.209023e-01
	1.217144e-01	1.224242e-01	1.230371e-01	1.235592e-01	1.239964e-01
	1.243550e-01	1.246406e-01	1.248598e-01	1.250190e-01	1.251247e-01
	1.251830e-01	1.252010e-01	1.251860e-01	1.251443e-01	1.250819e-01
	1.250033e-01	1.249114e-01	1.248088e-01	1.246972e-01	1.245774e-01
	1.244496e-01	1.243144e-01	1.241723e-01	1.240236e-01	1.238683e-01
	1.237067e-01	1.235385e-01	1.233627e-01	1.231780e-01	1.229830e-01
	1.227759e-01	1.225548e-01	1.223175e-01	1.220621e-01	1.217872e-01
	1.214910e-01	1.211707e-01	1.208217e-01	1.204370e-01	1.200086e-01
	1.195314e-01	1.190048e-01	1.184305e-01	1.178083e-01	1.171352e-01
	1.164101e-01	1.156348e-01	1.148110e-01	1.139431e-01	1.130310e-01
	1.120714e-01	1.110569e-01	1.099730e-01	1.088108e-01	1.075508e-01
	1.061811e-01	1.046711e-01	1.029636e-01	1.010546e-01	9.888094e-02
	9.632497e-02	9.335140e-02	8.993335e-02	8.604140e-02	8.170286e-02
	7.696222e-02	7.183979e-02	6.634081e-02	6.038318e-02	5.424757e-02
	4.842428e-02	4.332667e-02	3.911338e-02	3.573215e-02	3.306160e-02
	3.098720e-02	2.940735e-02	2.822601e-02	2.735505e-02	2.672047e-02
	2.626363e-02	2.593896e-02	2.571143e-02	2.555433e-02	2.544749e-02
	2.537588e-02	2.532852e-02	2.529751e-02	2.527735e-02	2.526429e-02
	2.525581e-02
mu [kg/s^2m]
	1.146011e-05	1.146289e-05	1.146876e-05	1.148032e-05	1.150144e-05
	1.153735e-05	1.159455e-05	1.168039e-05	1.180264e-05	1.196851e-05
	1.218342e-05	1.245151e-05	1.277707e-05	1.316281e-05	1.360866e-05
	1.411297e-05	1.467298e-05	1.528499e-05	1.594487e-05	1.664931e-05
	1.739572e-05	1.818134e-05	1.900367e-05	1.986070e-05	2.075031e-05
	2.166870e-05	2.260943e-05	2.356499e-05	2.453013e-05	2.550433e-05
	2.649145e-05	2.749655e-05	2.852289e-05	2.957085e-05	3.063857e-05
	3.172334e-05	3.282224e-05	3.393269e-05	3.505328e-05	3.618295e-05
	3.732017e-05	3.846308e-05	3.960972e-05	4.075788e-05	4.190542e-05
	4.305057e-05	4.419130e-05	4.532478e-05	4.644704e-05	4.755252e-05
	4.863461e-05	4.968755e-05	5.070710e-05	5.168951e-05	5.263100e-05
	5.352749e-05	5.437415e-05	5.516716e-05	5.590453e-05	5.658329e-05
	5.719879e-05	5.774934e-05	5.823839e-05	5.866998e-05	5.904837e-05
	5.938078e-05	5.967448e-05	5.993451e-05	6.016519e-05	6.037117e-05
	6.055605e-05	6.072187e-05	6.087019e-05	6.100259e-05	6.112045e-05
	6.122484e-05	6.131690e-05	6.139785e-05	6.146867e-05	6.152997e-05
	6.158210e-05	6.162523e-05	6.165922e-05	6.168367e-05	6.169804e-05
	6.170176e-05	6.169413e-05	6.167419e-05	6.164038e-05	6.159049e-05
	6.152229e-05	6.143427e-05	6.132564e-05	6.119573e-05	6.104343e-05
	6.086809e-05	6.066996e-05	6.044946e-05	6.020791e-05	5.994552e-05
	5.966146e-05	5.935363e-05	5.901734e-05	5.864944e-05	5.824305e-05
	5.779338e-05	5.728905e-05	5.670865e-05	5.604786e-05	5.528066e-05
	5.435870e-05	5.325907e-05	5.195856e-05	5.042907e-05	4.866149e-05
	4.665294e-05	4.439029e-05	4.185695e-05	3.905162e-05	3.603544e-05
	3.298156e-05	3.012041e-05	2.761507e-05	2.551575e-05	2.380666e-05
	2.245144e-05	2.140507e-05	2.061578e-05	2.003087e-05	1.960373e-05
	1.929626e-05	1.907826e-05	1.892620e-05	1.882198e-05	1.875186e-05
	1.870559e-05	1.867561e-05	1.865655e-05	1.864464e-05	1.863733e-05
	1.863292e-05
mDot_CH4 [kg/m^3s]
	0.000000e+00	2.834913e-14	2.239599e-13	9.001614e-13	2.711118e-12
	6.834155e-12	1.515582e-11	3.040396e-11	5.607503e-11	9.554887e-11
	1.488647e-10	2.048704e-10	2.232458e-10	9.537438e-11	-4.208716e-10
	-1.772869e-09	-4.595123e-09	-9.312583e-09	-1.473948e-08	-1.458168e-08
	9.662909e-09	1.003803e-07	3.383010e-07	8.509840e-07	1.791836e-06
	3.242414e-06	4.974249e-06	6.036520e-06	4.189047e-06	-4.824533e-06
	-2.828106e-05	-7.785644e-05	-1.712742e-04	-3.340418e-04	-6.013673e-04
	-1.020823e-03	-1.656294e-03	-2.594190e-03	-3.953128e-03	-5.896051e-03
	-8.644607e-03	-1.249737e-02	-1.785270e-02	-2.523813e-02	-3.535566e-02
	-4.915419e-02	-6.792957e-02	-9.346106e-02	-1.281957e-01	-1.754796e-01
	-2.398888e-01	-3.278117e-01	-4.483720e-01	-6.147336e-01	-8.461128e-01
	-1.170854e+00	-1.630776e+00	-2.288004e+00	-3.233976e+00	-4.592621e+00
	-6.507447e+00	-9.119320e+00	-1.254616e+01	-1.683870e+01	-2.195004e+01
	-2.778093e+01	-3.419691e+01	-4.100698e+01	-4.800165e+01	-5.500649e+01
	-6.185700e+01	-6.837223e+01	-7.439020e+01	-7.979214e+01	-8.449462e+01
	-8.844273e+01	-9.162002e+01	-9.403929e+01	-9.572025e+01	-9.668245e+01
	-9.694675e+01	-9.653336e+01	-9.546208e+01	-9.375912e+01	-9.146309e+01
	-8.862130e+01	-8.527801e+01	-8.146437e+01	-7.719198e+01	-7.247266e+01
	-6.736945e+01	-6.200734e+01	-5.652911e+01	-5.105020e+01	-4.564913e+01
	-4.040870e+01	-3.541628e+01	-3.073647e+01	-2.642642e+01	-2.250249e+01
	-1.895963e+01	-1.578102e+01	-1.293690e+01	-1.042428e+01	-8.223238e+00
	-6.334585e+00	-4.737102e+00	-3.402225e+00	-2.346813e+00	-1.539095e+00
	-9.425654e-01	-5.394653e-01	-2.901022e-01	-1.474719e-01	-7.166615e-02
	-3.338025e-02	-1.469057e-02	-5.972417e-03	-2.200285e-03	-7.267417e-04
	-2.174529e-04	-6.279563e-05	-1.905091e-05	-6.256660e-06	-2.203999e-06
	-8.262371e-07	-3.286317e-07	-1.379163e-07	-6.042749e-08	-2.727939e-08
	-1.251934e-08	-5.766102e-09	-2.633189e-09	-1.178289e-09	-5.101930e-10
	-2.104255e-10	-8.068062e-11	-2.747792e-11	-7.491521e-12	-1.168803e-12
	0.000000e+00
ScalarDissRate [1/s]
	1.208578e-04	3.054079e-04	1.353485e-03	5.366228e-03	1.880864e-02
	5.830962e-02	1.609352e-01	3.989724e-01	8.972730e-01	1.846958e+00
	3.504971e+00	6.188103e+00	1.027302e+01	1.615720e+01	2.419634e+01
	3.466591e+01	4.772178e+01	6.336866e+01	8.145427e+01	1.017050e+02
	1.237425e+02	1.470826e+02	1.711746e+02	1.954398e+02	2.192828e+02
	2.420866e+02	2.632368e+02	2.822125e+02	2.986718e+02	3.124607e+02
	3.235386e+02	3.318879e+02	3.374808e+02	3.403019e+02	3.403873e+02
	3.378345e+02	3.328339e+02	3.256222e+02	3.164627e+02	3.056564e+02
	2.934898e+02	2.802626e+02	2.662413e+02	2.516719e+02	2.367795e+02
	2.217622e+02	2.067972e+02	1.920486e+02	1.776700e+02	1.638090e+02
	1.505988e+02	1.381353e+02	1.264720e+02	1.156368e+02	1.056413e+02
	9.648667e+01	8.816977e+01	8.066956e+01	7.394340e+01	6.795640e+01
	6.268894e+01	5.809899e+01	5.410950e+01	5.064876e+01	4.765249e+01
	4.504166e+01	4.274370e+01	4.070831e+01	3.889410e+01	3.725943e+01
	3.577191e+01	3.441233e+01	3.316616e+01	3.201915e+01	3.095902e+01
	2.997641e+01	2.906128e+01	2.820197e+01	2.738816e+01	2.661185e+01
	2.586610e+01	2.514450e+01	2.444224e+01	2.375683e+01	2.308726e+01
	2.243221e+01	2.178853e+01	2.115107e+01	2.051271e+01	1.986738e+01
	1.921547e+01	1.856309e+01	1.791660e+01	1.727855e+01	1.664771e+01
	1.602428e+01	1.541028e+01	1.480664e+01	1.421537e+01	1.363503e+01
	1.306234e+01	1.249268e+01	1.191851e+01	1.133695e+01	1.074096e+01
	1.012882e+01	9.492425e+00	8.816244e+00	8.109809e+00	7.364064e+00
	6.560746e+00	5.717712e+00	4.859513e+00	4.012307e+00	3.212261e+00
	2.489423e+00	1.859828e+00	1.330266e+00	9.037590e-01	5.797705e-01
	3.523893e-01	2.055519e-01	1.166406e-01	6.481937e-02	3.531104e-02
	1.886503e-02	9.900209e-03	5.108513e-03	2.588259e-03	1.283794e-03
	6.213819e-04	2.926272e-04	1.337672e-04	5.926033e-05	2.542398e-05
	1.056488e-05	4.255242e-06	1.662728e-06	6.310671e-07	2.332791e-07
	1.321979e-07
ZBilger
	1.000000e+00	9.999278e-01	9.997636e-01	9.994258e-01	9.987912e-01
	9.976917e-01	9.959159e-01	9.932199e-01	9.893426e-01	9.840352e-01
	9.771041e-01	9.683989e-01	9.577688e-01	9.451238e-01	9.304799e-01
	9.139230e-01	8.955950e-01	8.756869e-01	8.544174e-01	8.319885e-01
	8.085849e-01	7.843976e-01	7.596077e-01	7.343746e-01	7.088542e-01
	6.832372e-01	6.577689e-01	6.326942e-01	6.081717e-01	5.842226e-01
	5.607609e-01	5.376829e-01	5.149373e-01	4.925420e-01	4.705589e-01
	4.490611e-01	4.281093e-01	4.077544e-01	3.880164e-01	3.689054e-01
	3.504298e-01	3.325925e-01	3.153932e-01	2.988315e-01	2.829032e-01
	2.675963e-01	2.529006e-01	2.388142e-01	2.253457e-01	2.125178e-01
	2.003591e-01	1.888834e-01	1.780851e-01	1.679525e-01	1.584743e-01
	1.496430e-01	1.414588e-01	1.339139e-01	1.269858e-01	1.206654e-01
	1.149638e-01	1.098705e-01	1.053347e-01	1.013073e-01	9.774240e-02
	9.457063e-02	9.172382e-02	8.915578e-02	8.682750e-02	8.469604e-02
	8.272751e-02	8.090336e-02	7.920989e-02	7.763267e-02	7.615896e-02
	7.477918e-02	7.348217e-02	7.225371e-02	7.108084e-02	6.995349e-02
	6.886268e-02	6.779993e-02	6.675884e-02	6.573627e-02	6.473120e-02
	6.374206e-02	6.276435e-02	6.179033e-02	6.080896e-02	5.981053e-02
	5.879505e-02	5.777148e-02	5.674918e-02	5.573150e-02	5.471560e-02
	5.370071e-02	5.268887e-02	5.168029e-02	5.067701e-02	4.967518e-02
	4.866747e-02	4.764358e-02	4.658701e-02	4.548848e-02	4.432948e-02
	4.309996e-02	4.177453e-02	4.030728e-02	3.870154e-02	3.691374e-02
	3.486473e-02	3.255348e-02	2.999595e-02	2.721773e-02	2.429342e-02
	2.130785e-02	1.832309e-02	1.538797e-02	1.255615e-02	9.912779e-03
	7.578281e-03	5.647474e-03	4.133237e-03	2.982353e-03	2.123893e-03
	1.494785e-03	1.042186e-03	7.215155e-04	4.966057e-04	3.400230e-04
	2.317766e-04	1.574614e-04	1.067509e-04	7.227495e-05	4.882265e-05
	3.275801e-05	2.158616e-05	1.363397e-05	7.807473e-06	3.410467e-06
	0.000000e+00
ScalarDissRateBilger [1/s]
	1.099146e-04	3.039445e-04	1.476705e-03	6.193669e-03	2.251969e-02
	7.161499e-02	2.013575e-01	5.060693e-01	1.149289e+00	2.380162e+00
	4.527812e+00	7.983720e+00	1.318745e+01	2.056012e+01	3.041303e+01
	4.289887e+01	5.797645e+01	7.539958e+01	9.474571e+01	1.154896e+02
	1.370481e+02	1.588006e+02	1.801432e+02	2.005279e+02	2.194707e+02
	2.365452e+02	2.513991e+02	2.638106e+02	2.737221e+02	2.812106e+02
	2.864118e+02	2.894570e+02	2.904590e+02	2.895332e+02	2.867894e+02
	2.824597e+02	2.767427e+02	2.697911e+02	2.618471e+02	2.530884e+02
	2.436398e+02	2.336473e+02	2.232549e+02	2.125954e+02	2.017873e+02
	1.909320e+02	1.801201e+02	1.694375e+02	1.589684e+02	1.487996e+02
	1.390149e+02	1.296785e+02	1.208302e+02	1.124965e+02	1.046963e+02
	9.744477e+01	9.075683e+01	8.463516e+01	7.906500e+01	7.403676e+01
	6.955177e+01	6.558970e+01	6.209610e+01	5.901718e+01	5.630298e+01
	5.388828e+01	5.171177e+01	4.973168e+01	4.791428e+01	4.622464e+01
	4.463596e+01	4.313463e+01	4.171196e+01	4.035930e+01	3.906970e+01
	3.783902e+01	3.666154e+01	3.552835e+01	3.443104e+01	3.336339e+01
	3.231980e+01	3.129486e+01	3.028500e+01	2.928973e+01	2.831072e+01
	2.734913e+01	2.640347e+01	2.546937e+01	2.453990e+01	2.361037e+01
	2.268616e+01	2.178111e+01	2.090877e+01	2.007665e+01	1.928648e+01
	1.854097e+01	1.784357e+01	1.719462e+01	1.659375e+01	1.603541e+01
	1.551149e+01	1.501226e+01	1.452525e+01	1.404157e+01	1.354811e+01
	1.303528e+01	1.248713e+01	1.187930e+01	1.120848e+01	1.045395e+01
	9.582620e+00	8.599173e+00	7.522668e+00	6.382865e+00	5.233954e+00
	4.134594e+00	3.131597e+00	2.259655e+00	1.542072e+00	9.878321e-01
	5.937184e-01	3.383857e-01	1.856226e-01	9.891516e-02	5.136150e-02
	2.603959e-02	1.293003e-02	6.304266e-03	3.019158e-03	1.419157e-03
	6.547498e-04	2.970501e-04	1.331505e-04	5.945897e-05	2.677980e-05
	1.235895e-05	5.944726e-06	3.024361e-06	1.641516e-06	9.514696e-07
	7.257038e-07
ChiAnalytOverChiStoich
	1.000000e-10	1.000000e-10	1.000000e-10	1.000000e-10	1.000000e-10
	1.225249e-03	1.399327e-02	3.678956e-02	7.652114e-02	1.435011e-01
	2.513249e-01	4.163506e-01	6.572439e-01	9.918022e-01	1.432519e+00
	1.984320e+00	2.643291e+00	3.396759e+00	4.225284e+00	5.106448e+00
	6.016927e+00	6.933126e+00	7.832927e+00	8.696718e+00	9.507059e+00
	1.024788e+01	1.090485e+01	1.146781e+01	1.193262e+01	1.230046e+01
	1.257504e+01	1.275988e+01	1.285773e+01	1.287145e+01	1.280507e+01
	1.266416e+01	1.245555e+01	1.218694e+01	1.186612e+01	1.150077e+01
	1.109836e+01	1.066598e+01	1.021024e+01	9.737321e+00	9.252836e+00
	8.761682e+00	8.268319e+00	7.777049e+00	7.292165e+00	6.818142e+00
	6.359370e+00	5.919336e+00	5.500367e+00	5.104136e+00	4.731915e+00
	4.384740e+00	4.063599e+00	3.768831e+00	3.499915e+00	3.256601e+00
	3.039203e+00	2.847025e+00	2.677750e+00	2.529115e+00	2.399000e+00
	2.284482e+00	2.182774e+00	2.091959e+00	2.010430e+00	1.936502e+00
	1.868854e+00	1.806728e+00	1.749553e+00	1.696752e+00	1.647819e+00
	1.602369e+00	1.559973e+00	1.520119e+00	1.482347e+00	1.446305e+00
	1.411682e+00	1.378191e+00	1.345618e+00	1.313856e+00	1.282865e+00
	1.252590e+00	1.222886e+00	1.193519e+00	1.164159e+00	1.134530e+00
	1.104647e+00	1.074790e+00	1.045237e+00	1.016089e+00	9.872647e-01
	9.587472e-01	9.305966e-01	9.028204e-01	8.754761e-01	8.484605e-01
	8.215824e-01	7.945823e-01	7.670526e-01	7.387932e-01	7.093877e-01
	6.786607e-01	6.460868e-01	6.107069e-01	5.728243e-01	5.317012e-01
	4.859742e-01	4.362521e-01	3.836063e-01	3.293531e-01	2.756846e-01
	2.246837e-01	1.776920e-01	1.355437e-01	9.885527e-02	6.827149e-02
	4.430914e-02	2.671895e-02	1.437251e-02	5.858161e-03	3.867221e-06
	1.000000e-10	1.000000e-10	1.000000e-10	1.000000e-10	1.000000e-10
	1.000000e-10	1.000000e-10	1.000000e-10	1.000000e-10	1.000000e-10
	1.000000e-10	1.000000e-10	1.000000e-10	1.000000e-10	1.000000e-10
	1.000000e-10
ChiKWOverChiKWStoich
	7.292197e-11	7.292675e-11	7.293571e-11	7.295201e-11	7.298023e-11
	8.947562e-04	1.022884e-02	2.693140e-02	5.612963e-02	1.055439e-01
	1.854800e-01	3.085543e-01	4.894927e-01	7.428840e-01	1.079874e+00
	1.506340e+00	2.021670e+00	2.618488e+00	3.283838e+00	4.001888e+00
	4.755431e+00	5.526294e+00	6.296739e+00	7.050388e+00	7.772013e+00
	8.446872e+00	9.060999e+00	9.603460e+00	1.006837e+01	1.045474e+01
	1.076419e+01	1.099846e+01	1.115860e+01	1.124564e+01	1.126161e+01
	1.121000e+01	1.109554e+01	1.092402e+01	1.070157e+01	1.043445e+01
	1.012884e+01	9.790722e+00	9.425767e+00	9.039408e+00	8.636689e+00
	8.222119e+00	7.799889e+00	7.374106e+00	6.948933e+00	6.528762e+00
	6.117988e+00	5.720265e+00	5.338234e+00	4.973945e+00	4.629077e+00
	4.305080e+00	4.003345e+00	3.724637e+00	3.468878e+00	3.236205e+00
	3.027271e+00	2.841725e+00	2.677611e+00	2.532959e+00	2.405893e+00
	2.293707e+00	2.193783e+00	2.104320e+00	2.023803e+00	1.950620e+00
	1.883500e+00	1.821723e+00	1.764748e+00	1.712020e+00	1.663054e+00
	1.617479e+00	1.574880e+00	1.534754e+00	1.496645e+00	1.460205e+00
	1.425123e+00	1.391114e+00	1.357960e+00	1.325553e+00	1.293854e+00
	1.262806e+00	1.232262e+00	1.201978e+00	1.171612e+00	1.140872e+00
	1.109768e+00	1.078587e+00	1.047620e+00	1.016977e+00	9.865809e-01
	9.564215e-01	9.265749e-01	8.970634e-01	8.679645e-01	8.391854e-01
	8.105400e-01	7.817688e-01	7.524559e-01	7.224088e-01	6.912081e-01
	6.586960e-01	6.243506e-01	5.872088e-01	5.476484e-01	5.049709e-01
	4.578689e-01	4.071081e-01	3.539276e-01	2.997978e-01	2.470179e-01
	1.976920e-01	1.531169e-01	1.140397e-01	8.094019e-02	5.423652e-02
	3.410340e-02	1.994283e-02	1.043402e-02	4.152616e-03	2.687559e-06
	6.839712e-11	6.755181e-11	6.691628e-11	6.644656e-11	6.610416e-11
	6.585791e-11	6.568333e-11	6.556146e-11	6.547779e-11	6.542135e-11
	6.538395e-11	6.535959e-11	6.534399e-11	6.533413e-11	6.532799e-11
	6.532422e-11
ChiKWFact
	7.292197e-01	7.292675e-01	7.293571e-01	7.295201e-01	7.298023e-01
	7.302649e-01	7.309829e-01	7.320392e-01	7.335179e-01	7.354922e-01
	7.380086e-01	7.410926e-01	7.447657e-01	7.490243e-01	7.538292e-01
	7.591215e-01	7.648305e-01	7.708784e-01	7.771874e-01	7.836930e-01
	7.903421e-01	7.970855e-01	8.038808e-01	8.106953e-01	8.174992e-01
	8.242554e-01	8.309144e-01	8.374275e-01	8.437687e-01	8.499466e-01
	8.559961e-01	8.619558e-01	8.678508e-01	8.736886e-01	8.794652e-01
	8.851757e-01	8.908112e-01	8.963712e-01	9.018596e-01	9.072828e-01
	9.126432e-01	9.179390e-01	9.231678e-01	9.283259e-01	9.334100e-01
	9.384179e-01	9.433463e-01	9.481882e-01	9.529314e-01	9.575573e-01
	9.620431e-01	9.663694e-01	9.705232e-01	9.744931e-01	9.782673e-01
	9.818324e-01	9.851721e-01	9.882738e-01	9.911318e-01	9.937370e-01
	9.960738e-01	9.981387e-01	9.999480e-01	1.001520e+00	1.002873e+00
	1.004038e+00	1.005043e+00	1.005909e+00	1.006652e+00	1.007290e+00
	1.007837e+00	1.008300e+00	1.008685e+00	1.008998e+00	1.009245e+00
	1.009430e+00	1.009556e+00	1.009628e+00	1.009646e+00	1.009611e+00
	1.009522e+00	1.009377e+00	1.009172e+00	1.008903e+00	1.008566e+00
	1.008156e+00	1.007667e+00	1.007087e+00	1.006402e+00	1.005590e+00
	1.004636e+00	1.003533e+00	1.002280e+00	1.000874e+00	9.993074e-01
	9.975743e-01	9.956784e-01	9.936234e-01	9.914199e-01	9.890683e-01
	9.865595e-01	9.838739e-01	9.809705e-01	9.778227e-01	9.743728e-01
	9.705821e-01	9.663572e-01	9.615232e-01	9.560495e-01	9.497269e-01
	9.421672e-01	9.331948e-01	9.226325e-01	9.102625e-01	8.960164e-01
	8.798679e-01	8.616984e-01	8.413496e-01	8.187747e-01	7.944242e-01
	7.696696e-01	7.463930e-01	7.259702e-01	7.088599e-01	6.949587e-01
	6.839712e-01	6.755181e-01	6.691628e-01	6.644656e-01	6.610416e-01
	6.585791e-01	6.568333e-01	6.556146e-01	6.547779e-01	6.542135e-01
	6.538395e-01	6.535959e-01	6.534399e-01	6.533413e-01	6.532799e-01
	6.532422e-01
MolarMass [kg/kmole]
	1.604300e+01	1.604194e+01	1.604096e+01	1.604054e+01	1.604148e+01
	1.604492e+01	1.605230e+01	1.606534e+01	1.608593e+01	1.611594e+01
	1.615699e+01	1.621046e+01	1.627783e+01	1.636026e+01	1.645829e+01
	1.657207e+01	1.670135e+01	1.684554e+01	1.700377e+01	1.717527e+01
	1.735927e+01	1.755490e+01	1.776128e+01	1.797756e+01	1.820285e+01
	1.843580e+01	1.867437e+01	1.891625e+01	1.915976e+01	1.940441e+01
	1.965088e+01	1.990009e+01	2.015250e+01	2.040782e+01	2.066523e+01
	2.092356e+01	2.118203e+01	2.143954e+01	2.169545e+01	2.194922e+01
	2.220030e+01	2.244819e+01	2.269243e+01	2.293256e+01	2.316816e+01
	2.339891e+01	2.362449e+01	2.384447e+01	2.405822e+01	2.426490e+01
	2.446353e+01	2.465337e+01	2.483403e+01	2.500521e+01	2.516666e+01
	2.531809e+01	2.545910e+01	2.558949e+01	2.570936e+01	2.581863e+01
	2.591695e+01	2.600440e+01	2.608186e+01	2.615022e+01	2.621034e+01
	2.626350e+01	2.631097e+01	2.635360e+01	2.639214e+01	2.642738e+01
	2.645994e+01	2.649016e+01	2.651833e+01	2.654471e+01	2.656953e+01
	2.659296e+01	2.661521e+01	2.663651e+01	2.665709e+01	2.667713e+01
	2.669679e+01	2.671623e+01	2.673557e+01	2.675487e+01	2.677416e+01
	2.679347e+01	2.681290e+01	2.683260e+01	2.685281e+01	2.687375e+01
	2.689545e+01	2.691774e+01	2.694041e+01	2.696340e+01	2.698675e+01
	2.701047e+01	2.703452e+01	2.705886e+01	2.708345e+01	2.710834e+01
	2.713371e+01	2.715982e+01	2.718708e+01	2.721573e+01	2.724626e+01
	2.727896e+01	2.731451e+01	2.735418e+01	2.739794e+01	2.744705e+01
	2.750383e+01	2.756860e+01	2.764131e+01	2.772183e+01	2.780871e+01
	2.790019e+01	2.799506e+01	2.809256e+01	2.819180e+01	2.829078e+01
	2.838551e+01	2.847152e+01	2.854623e+01	2.860939e+01	2.866183e+01
	2.870458e+01	2.873871e+01	2.876550e+01	2.878630e+01	2.880234e+01
	2.881463e+01	2.882400e+01	2.883112e+01	2.883650e+01	2.884058e+01
	2.884366e+01	2.884599e+01	2.884778e+01	2.884916e+01	2.885022e+01
	2.885106e+01
TotalEnthalpy [J/kg]
	-4.664239e+06	-4.663857e+06	-4.663090e+06	-4.661622e+06	-4.658983e+06
	-4.654529e+06	-4.647452e+06	-4.636818e+06	-4.621619e+06	-4.600881e+06
	-4.573816e+06	-4.539766e+06	-4.498022e+06	-4.448064e+06	-4.389738e+06
	-4.323134e+06	-4.248549e+06	-4.166481e+06	-4.077568e+06	-3.982415e+06
	-3.881595e+06	-3.775755e+06	-3.665548e+06	-3.551582e+06	-3.434497e+06
	-3.315142e+06	-3.194686e+06	-3.074366e+06	-2.955066e+06	-2.837029e+06
	-2.719963e+06	-2.603467e+06	-2.487388e+06	-2.371921e+06	-2.257502e+06
	-2.144640e+06	-2.033791e+06	-1.925386e+06	-1.819694e+06	-1.716933e+06
	-1.617302e+06	-1.520942e+06	-1.427973e+06	-1.338503e+06	-1.252611e+06
	-1.170322e+06	-1.091659e+06	-1.016679e+06	-9.454837e+05	-8.782302e+05
	-8.150903e+05	-7.561380e+05	-7.013292e+05	-6.505768e+05	-6.037843e+05
	-5.608630e+05	-5.217526e+05	-4.863452e+05	-4.544613e+05	-4.259824e+05
	-4.008778e+05	-3.790139e+05	-3.600857e+05	-3.438050e+05	-3.299033e+05
	-3.180289e+05	-3.078528e+05	-2.991422e+05	-2.916987e+05	-2.853232e+05
	-2.798600e+05	-2.752060e+05	-2.712734e+05	-2.679758e+05	-2.652344e+05
	-2.629811e+05	-2.611492e+05	-2.596753e+05	-2.585062e+05	-2.575989e+05
	-2.569168e+05	-2.564274e+05	-2.561023e+05	-2.559144e+05	-2.558357e+05
	-2.558364e+05	-2.558849e+05	-2.559485e+05	-2.559911e+05	-2.559698e+05
	-2.558329e+05	-2.555240e+05	-2.549892e+05	-2.541786e+05	-2.530425e+05
	-2.515374e+05	-2.496329e+05	-2.473079e+05	-2.445582e+05	-2.413745e+05
	-2.377376e+05	-2.336125e+05	-2.289273e+05	-2.236293e+05	-2.176127e+05
	-2.108060e+05	-2.030471e+05	-1.940350e+05	-1.837739e+05	-1.720032e+05
	-1.582641e+05	-1.427336e+05	-1.258943e+05	-1.085056e+05	-9.178336e+04
	-7.694767e+04	-6.484949e+04	-5.590027e+04	-4.990999e+04	-4.593034e+04
	-4.259247e+04	-3.873429e+04	-3.401146e+04	-2.872253e+04	-2.334941e+04
	-1.831486e+04	-1.389390e+04	-1.019619e+04	-7.205921e+03	-4.844872e+03
	-3.015738e+03	-1.622133e+03	-5.771914e+02	1.938396e+02	7.533851e+02
	1.152546e+03	1.432452e+03	1.625450e+03	1.756305e+03	1.843476e+03
	1.900584e+03
trailer
Lewis numbers evaluated at maximum consumption
N2	-1
O2	1.01526
@ Z = 0.0442479
H	0.170504
@ Z = 0.0633644
OH	0.671585
@ Z = 0.0580895
O	0.658718
@ Z = 0.0480231
H2	0.279978
@ Z = 0.035662
H2O	-1
HO2	1.01998
@ Z = 0.00258984
H2O2	1.01454
@ Z = 0.0334109
CO	1.01171
@ Z = 0.0292558
CO2	-1
CH	0.612314
@ Z = 0.0386504
CHO	1.15934
@ Z = 0.0334109
CH2	0.885735
@ Z = 0.0405145
CH2O	1.17143
@ Z = 0.0366986
CH3	0.922445
@ Z = 0.0433072
CH4	0.925476
@ Z = 0.0580895
C2H6	1.34443
@ Z = 0.0562037
C2H	1.19394
@ Z = 0.0395874
C2H2	1.20906
@ Z = 0.0433072
CHCO	0.81204
@ Z = 0.0423704
C3H3	1.64098
@ Z = 0.0433072
C2H3	1.21946
@ Z = 0.0414403
C2H4	1.22331
@ Z = 0.0489667
C2H5	1.33265
@ Z = 0.0461347
C3H4	1.59955
@ Z = 0.0405145
C3H5	1.65009
@ Z = 0.0433072
C3H6	1.71787
@ Z = 0.0489667
N-C3H7	1.72327
@ Z = 0.0442479
I-C3H7	1.86545
@ Z = 1.45562e-06
C3H8	1.72903
@ Z = 0.0079912
Lewis numbers evaluated at maximum formation
N2	-1
O2	1.04229
@ Z = 0.00258984
H	0.169389
@ Z = 0.0433072
OH	0.667368
@ Z = 0.0386504
O	0.651682
@ Z = 0.0334109
H2	0.282422
@ Z = 0.0600705
H2O	0.754203
@ Z = 0.047078
HO2	1.00804
@ Z = 0.00619931
H2O2	1.00398
@ Z = 0.0190674
CO	1.02548
@ Z = 0.047078
CO2	1.2736
@ Z = 0.0395874
CH	0.616202
@ Z = 0.0489667
CHO	1.16695
@ Z = 0.0442479
CH2	0.89051
@ Z = 0.053483
CH2O	1.17809
@ Z = 0.0489667
CH3	0.923152
@ Z = 0.0600705
CH4	0.668684
@ Z = 0.651661
C2H6	1.32612
@ Z = 0.0873587
C2H	1.20013
@ Z = 0.05171
C2H2	1.2095
@ Z = 0.0611159
CHCO	0.813252
@ Z = 0.0600705
C3H3	1.64416
@ Z = 0.0543776
C2H3	1.22378
@ Z = 0.0552839
C2H4	1.21638
@ Z = 0.070452
C2H5	1.33178
@ Z = 0.0611159
C3H4	1.6042
@ Z = 0.0580895
C3H5	1.65148
@ Z = 0.0590644
C3H6	1.71195
@ Z = 0.0645924
N-C3H7	1.72482
@ Z = 0.0571378
I-C3H7	1.721
@ Z = 0.0079912
C3H8	-1
Lewis numbers evaluated at maximum mass fraction
N2	0.921358
@ Z = 1.45562e-06
O2	1.05241
@ Z = 1.45562e-06
H	0.168626
@ Z = 0.0386504
OH	0.666227
@ Z = 0.0366986
O	0.649177
@ Z = 0.0292558
H2	0.28046
@ Z = 0.0873587
H2O	0.754116
@ Z = 0.0633644
HO2	1.00331
@ Z = 0.0079912
H2O2	1.00323
@ Z = 0.0167427
CO	1.02254
@ Z = 0.06731
CO2	1.28014
@ Z = 0.0590644
CH	0.616202
@ Z = 0.0489667
CHO	1.1674
@ Z = 0.0451914
CH2	0.890504
@ Z = 0.0543776
CH2O	1.14894
@ Z = 0.133929
CH3	0.921747
@ Z = 0.0645924
CH4	0.875117
@ Z = 0.999924
C2H6	1.29584
@ Z = 0.17374
C2H	1.20015
@ Z = 0.0525962
C2H2	1.18967
@ Z = 0.10017
CHCO	0.80554
@ Z = 0.0811593
C3H3	1.64392
@ Z = 0.0552839
C2H3	1.22336
@ Z = 0.0571378
C2H4	1.19472
@ Z = 0.118423
C2H5	1.33063
@ Z = 0.0633644
C3H4	1.57361
@ Z = 0.10017
C3H5	1.64867
@ Z = 0.0633644
C3H6	1.7037
@ Z = 0.0741334
N-C3H7	1.72379
@ Z = 0.0590644
I-C3H7	1.80219
@ Z = 0.997858
C3H8	1.7963
@ Z = 0.979642
