header

title = "planar counterflow diffusion flame"
author = ""
date = "Wed Aug 14 11:00:49 2013"

fuel = "CH4"
pressure = 1 [bar]
strainrate = 20 [1/s]
chiStoichAnal = 0.492426 [1/s]
chiStoichAnalKW = 0.790783 [1/s]
FlameLocZ = 0.0529978 [K]
FlameLocBilger = 0.0638082 [K]
Tmax = 2148.75 [K]
stoichScalarDissRate = 0.868882 [1/s]
stoichScalarDissRateBilger = 0.603744 [1/s]

OxidizerSide
begin
	Temperature = 300 [K]
	Massfraction-N2 = 0.76708
	Massfraction-O2 = 0.23292
	Molefraction-N2 = 0.79
	Molefraction-O2 = 0.21
end

FuelSide
begin
	Temperature = 300 [K]
	Massfraction-CH4 = 1
	Molefraction-CH4 = 1
end

numOfSpecies = 31
gridPoints = 141

body
eta
	0.000000e+00	9.481077e-02	1.891788e-01	2.825445e-01	3.744043e-01
	4.644085e-01	5.522685e-01	6.377058e-01	7.204626e-01	8.003189e-01
	8.771064e-01	9.507176e-01	1.021109e+00	1.088300e+00	1.152361e+00
	1.213413e+00	1.271606e+00	1.327117e+00	1.380138e+00	1.430865e+00
	1.479496e+00	1.526225e+00	1.571239e+00	1.614715e+00	1.656825e+00
	1.697731e+00	1.737587e+00	1.776551e+00	1.814804e+00	1.852569e+00
	1.890065e+00	1.927453e+00	1.964782e+00	2.001975e+00	2.038895e+00
	2.075483e+00	2.111824e+00	2.148096e+00	2.184576e+00	2.221705e+00
	2.260039e+00	2.300035e+00	2.341887e+00	2.385522e+00	2.430670e+00
	2.476933e+00	2.523929e+00	2.571456e+00	2.619509e+00	2.668143e+00
	2.717315e+00	2.766804e+00	2.816138e+00	2.864549e+00	2.911022e+00
	2.954467e+00	2.993925e+00	3.028750e+00	3.058707e+00	3.083932e+00
	3.104822e+00	3.121925e+00	3.135895e+00	3.147432e+00	3.157153e+00
	3.165508e+00	3.172794e+00	3.179226e+00	3.184970e+00	3.190146e+00
	3.194847e+00	3.199166e+00	3.203192e+00	3.206998e+00	3.210630e+00
	3.214117e+00	3.217490e+00	3.220776e+00	3.224003e+00	3.227194e+00
	3.230366e+00	3.233531e+00	3.236698e+00	3.239880e+00	3.243107e+00
	3.246440e+00	3.249975e+00	3.253869e+00	3.258361e+00	3.263837e+00
	3.271086e+00	3.281757e+00	3.298204e+00	3.321318e+00	3.349011e+00
	3.378540e+00	3.408846e+00	3.440360e+00	3.474180e+00	3.511451e+00
	3.552903e+00	3.598525e+00	3.647528e+00	3.698631e+00	3.750617e+00
	3.802818e+00	3.855120e+00	3.907810e+00	3.961478e+00	4.016807e+00
	4.074297e+00	4.134122e+00	4.196216e+00	4.260423e+00	4.326591e+00
	4.394616e+00	4.464437e+00	4.536019e+00	4.609340e+00	4.684380e+00
	4.761117e+00	4.839520e+00	4.919550e+00	5.001157e+00	5.084278e+00
	5.168838e+00	5.254753e+00	5.341928e+00	5.430262e+00	5.519649e+00
	5.609983e+00	5.701157e+00	5.793068e+00	5.885617e+00	5.978714e+00
	6.072273e+00	6.166222e+00	6.260492e+00	6.355011e+00	6.449662e+00
	6.544325e+00
y [m]
	-9.476271e-03	-9.323239e-03	-9.170898e-03	-9.020138e-03	-8.871753e-03
	-8.726284e-03	-8.584160e-03	-8.445782e-03	-8.311503e-03	-8.181603e-03
	-8.056259e-03	-7.935540e-03	-7.819400e-03	-7.707688e-03	-7.600160e-03
	-7.496504e-03	-7.396353e-03	-7.299307e-03	-7.204950e-03	-7.112863e-03
	-7.022630e-03	-6.933848e-03	-6.846126e-03	-6.759087e-03	-6.672365e-03
	-6.585601e-03	-6.498444e-03	-6.410523e-03	-6.321381e-03	-6.230438e-03
	-6.137059e-03	-6.040707e-03	-5.941098e-03	-5.838300e-03	-5.732595e-03
	-5.624093e-03	-5.512508e-03	-5.397226e-03	-5.277235e-03	-5.150842e-03
	-5.015739e-03	-4.869681e-03	-4.711175e-03	-4.539624e-03	-4.355224e-03
	-4.158845e-03	-3.951512e-03	-3.733665e-03	-3.504940e-03	-3.264699e-03
	-3.012799e-03	-2.750131e-03	-2.479189e-03	-2.204583e-03	-1.932953e-03
	-1.672077e-03	-1.429479e-03	-1.211006e-03	-1.019903e-03	-8.567796e-04
	-7.201932e-04	-6.073827e-04	-5.145934e-04	-4.375295e-04	-3.722980e-04
	-3.160232e-04	-2.667841e-04	-2.231963e-04	-1.841799e-04	-1.489464e-04
	-1.168870e-04	-8.739626e-05	-5.986712e-05	-3.381670e-05	-8.939639e-06
	1.496666e-05	3.809135e-05	6.062652e-05	8.274948e-05	1.046147e-04
	1.263400e-04	1.479940e-04	1.696263e-04	1.913260e-04	2.132924e-04
	2.359179e-04	2.598596e-04	2.861406e-04	3.163356e-04	3.529682e-04
	4.011425e-04	4.713884e-04	5.780495e-04	7.245272e-04	8.944714e-04
	1.068526e-03	1.238964e-03	1.406974e-03	1.576588e-03	1.750775e-03
	1.929382e-03	2.108755e-03	2.283208e-03	2.447345e-03	2.598084e-03
	2.735216e-03	2.860289e-03	2.975558e-03	3.083449e-03	3.186064e-03
	3.284772e-03	3.380205e-03	3.472611e-03	3.562161e-03	3.649091e-03
	3.733725e-03	3.816440e-03	3.897619e-03	3.977630e-03	4.056815e-03
	4.135476e-03	4.213881e-03	4.292257e-03	4.370789e-03	4.449628e-03
	4.528886e-03	4.608641e-03	4.688944e-03	4.769815e-03	4.851257e-03
	4.933251e-03	5.015766e-03	5.098762e-03	5.182192e-03	5.266008e-03
	5.350161e-03	5.434602e-03	5.519287e-03	5.604164e-03	5.689136e-03
	5.774100e-03
f
	-3.529277e+00	-3.402130e+00	-3.275572e+00	-3.150350e+00	-3.027134e+00
	-2.906385e+00	-2.788480e+00	-2.673778e+00	-2.562606e+00	-2.455235e+00
	-2.351863e+00	-2.252601e+00	-2.157472e+00	-2.066412e+00	-1.979287e+00
	-1.895897e+00	-1.816002e+00	-1.739326e+00	-1.665580e+00	-1.594465e+00
	-1.525684e+00	-1.458947e+00	-1.393972e+00	-1.330491e+00	-1.268243e+00
	-1.206977e+00	-1.146451e+00	-1.086417e+00	-1.026577e+00	-9.665623e-01
	-9.059878e-01	-8.445521e-01	-7.821264e-01	-7.188059e-01	-6.548051e-01
	-5.902202e-01	-5.249072e-01	-4.585410e-01	-3.905948e-01	-3.201986e-01
	-2.462096e-01	-1.676089e-01	-8.387194e-02	4.983541e-03	9.848808e-02
	1.958230e-01	2.961193e-01	3.988245e-01	5.037693e-01	6.108826e-01
	7.198460e-01	8.299044e-01	9.397172e-01	1.047274e+00	1.150069e+00
	1.245529e+00	1.331520e+00	1.406735e+00	1.470843e+00	1.524352e+00
	1.568312e+00	1.604049e+00	1.633060e+00	1.656891e+00	1.676878e+00
	1.693983e+00	1.708846e+00	1.721923e+00	1.733565e+00	1.744027e+00
	1.753505e+00	1.762189e+00	1.770267e+00	1.777887e+00	1.785142e+00
	1.792096e+00	1.798807e+00	1.805332e+00	1.811727e+00	1.818038e+00
	1.824301e+00	1.830538e+00	1.836764e+00	1.843008e+00	1.849329e+00
	1.855840e+00	1.862734e+00	1.870306e+00	1.879015e+00	1.889594e+00
	1.903528e+00	1.923890e+00	1.954912e+00	1.997779e+00	2.048079e+00
	2.100502e+00	2.153032e+00	2.206300e+00	2.261941e+00	2.321474e+00
	2.385585e+00	2.453762e+00	2.524458e+00	2.595673e+00	2.665777e+00
	2.734055e+00	2.800570e+00	2.865868e+00	2.930805e+00	2.996278e+00
	3.062913e+00	3.130937e+00	3.200311e+00	3.270915e+00	3.342646e+00
	3.415465e+00	3.489381e+00	3.564434e+00	3.640671e+00	3.718141e+00
	3.796883e+00	3.876928e+00	3.958289e+00	4.040964e+00	4.124934e+00
	4.210162e+00	4.296596e+00	4.384170e+00	4.472808e+00	4.562424e+00
	4.652927e+00	4.744226e+00	4.836226e+00	4.928839e+00	5.021979e+00
	5.115568e+00	5.209536e+00	5.303817e+00	5.398343e+00	5.492996e+00
	5.587659e+00
df/deta
	1.341029e+00	1.341058e+00	1.341112e+00	1.341202e+00	1.341352e+00
	1.341591e+00	1.341963e+00	1.342527e+00	1.343358e+00	1.344550e+00
	1.346211e+00	1.348461e+00	1.351429e+00	1.355244e+00	1.360027e+00
	1.365894e+00	1.372942e+00	1.381254e+00	1.390894e+00	1.401910e+00
	1.414331e+00	1.428176e+00	1.443448e+00	1.460142e+00	1.478242e+00
	1.497730e+00	1.518580e+00	1.540769e+00	1.564295e+00	1.589187e+00
	1.615490e+00	1.643215e+00	1.672281e+00	1.702483e+00	1.733527e+00
	1.765161e+00	1.797238e+00	1.829694e+00	1.862551e+00	1.895965e+00
	1.930157e+00	1.965190e+00	2.000790e+00	2.036355e+00	2.071049e+00
	2.103941e+00	2.134156e+00	2.161003e+00	2.183938e+00	2.202439e+00
	2.215947e+00	2.223906e+00	2.225884e+00	2.221756e+00	2.211899e+00
	2.197279e+00	2.179344e+00	2.159748e+00	2.140015e+00	2.121308e+00
	2.104353e+00	2.089477e+00	2.076659e+00	2.065618e+00	2.055995e+00
	2.047490e+00	2.039896e+00	2.033055e+00	2.026837e+00	2.021146e+00
	2.015904e+00	2.011030e+00	2.006433e+00	2.002043e+00	1.997813e+00
	1.993713e+00	1.989714e+00	1.985785e+00	1.981898e+00	1.978025e+00
	1.974147e+00	1.970251e+00	1.966328e+00	1.962360e+00	1.958311e+00
	1.954105e+00	1.949615e+00	1.944640e+00	1.938863e+00	1.931768e+00
	1.922293e+00	1.908189e+00	1.886130e+00	1.854616e+00	1.816341e+00
	1.775294e+00	1.733329e+00	1.690289e+00	1.645208e+00	1.597297e+00
	1.546625e+00	1.494405e+00	1.442676e+00	1.393566e+00	1.348518e+00
	1.307983e+00	1.271745e+00	1.239281e+00	1.209985e+00	1.183347e+00
	1.159070e+00	1.137048e+00	1.117248e+00	1.099621e+00	1.084072e+00
	1.070470e+00	1.058660e+00	1.048481e+00	1.039771e+00	1.032375e+00
	1.026145e+00	1.020940e+00	1.016628e+00	1.013089e+00	1.010211e+00
	1.007893e+00	1.006044e+00	1.004583e+00	1.003441e+00	1.002556e+00
	1.001877e+00	1.001362e+00	1.000974e+00	1.000685e+00	1.000472e+00
	1.000316e+00	1.000203e+00	1.000122e+00	1.000066e+00	1.000027e+00
	1.000000e+00
Z
	1.000000e+00	9.999780e-01	9.999399e-01	9.998759e-01	9.997711e-01
	9.996039e-01	9.993447e-01	9.989538e-01	9.983811e-01	9.975662e-01
	9.964392e-01	9.949232e-01	9.929373e-01	9.903998e-01	9.872313e-01
	9.833576e-01	9.787111e-01	9.732318e-01	9.668678e-01	9.595745e-01
	9.513147e-01	9.420568e-01	9.317747e-01	9.204465e-01	9.080534e-01
	8.945790e-01	8.800083e-01	8.643238e-01	8.474922e-01	8.294526e-01
	8.101299e-01	7.894698e-01	7.674807e-01	7.442683e-01	7.200091e-01
	6.948594e-01	6.688953e-01	6.421257e-01	6.144820e-01	5.857651e-01
	5.556875e-01	5.240562e-01	4.909379e-01	4.566751e-01	4.218208e-01
	3.870361e-01	3.529342e-01	3.199454e-01	2.883154e-01	2.582157e-01
	2.298403e-01	2.034265e-01	1.792481e-01	1.575882e-01	1.386723e-01
	1.225939e-01	1.092802e-01	9.850400e-02	8.993370e-02	8.319842e-02
	7.794098e-02	7.384569e-02	7.063632e-02	6.807544e-02	6.597925e-02
	6.422189e-02	6.272194e-02	6.142273e-02	6.028201e-02	5.926951e-02
	5.836244e-02	5.753974e-02	5.678165e-02	5.607286e-02	5.540360e-02
	5.476728e-02	5.415796e-02	5.356986e-02	5.299782e-02	5.243743e-02
	5.188537e-02	5.133967e-02	5.079888e-02	5.026064e-02	4.971995e-02
	4.916728e-02	4.858701e-02	4.795529e-02	4.723611e-02	4.637292e-02
	4.525304e-02	4.365062e-02	4.128527e-02	3.816582e-02	3.472572e-02
	3.139249e-02	2.830602e-02	2.542762e-02	2.268016e-02	2.001836e-02
	1.745254e-02	1.504007e-02	1.285227e-02	1.093953e-02	9.312014e-03
	7.943569e-03	6.792135e-03	5.815053e-03	4.975286e-03	4.244858e-03
	3.605764e-03	3.047377e-03	2.562284e-03	2.143715e-03	1.784807e-03
	1.478682e-03	1.218806e-03	9.991980e-04	8.144952e-04	6.599386e-04
	5.313201e-04	4.249258e-04	3.374813e-04	2.661050e-04	2.082659e-04
	1.617507e-04	1.246334e-04	9.525064e-05	7.217703e-05	5.420312e-05
	4.031304e-05	2.966284e-05	2.155921e-05	1.543905e-05	1.085012e-05
	7.433194e-06	4.905972e-06	3.048849e-06	1.692786e-06	7.091048e-07
	0.000000e+00
temperature [K]
	3.000000e+02	3.000259e+02	3.000705e+02	3.001455e+02	3.002684e+02
	3.004642e+02	3.007679e+02	3.012253e+02	3.018949e+02	3.028468e+02
	3.041614e+02	3.059268e+02	3.082348e+02	3.111766e+02	3.148393e+02
	3.193026e+02	3.246372e+02	3.309032e+02	3.381513e+02	3.464230e+02
	3.557526e+02	3.661691e+02	3.776977e+02	3.903622e+02	4.041870e+02
	4.191989e+02	4.354286e+02	4.529161e+02	4.717268e+02	4.919654e+02
	5.137636e+02	5.372429e+02	5.624684e+02	5.894072e+02	6.179535e+02
	6.480314e+02	6.796681e+02	7.129887e+02	7.482421e+02	7.858934e+02
	8.266115e+02	8.710663e+02	9.197129e+02	9.727433e+02	1.030113e+03
	1.091461e+03	1.156248e+03	1.224048e+03	1.294627e+03	1.367771e+03
	1.443045e+03	1.519643e+03	1.596289e+03	1.671199e+03	1.742278e+03
	1.807505e+03	1.865352e+03	1.915057e+03	1.956655e+03	1.990781e+03
	2.018396e+03	2.040563e+03	2.058369e+03	2.072864e+03	2.084913e+03
	2.095124e+03	2.103889e+03	2.111478e+03	2.118091e+03	2.123863e+03
	2.128893e+03	2.133271e+03	2.137074e+03	2.140351e+03	2.143112e+03
	2.145351e+03	2.147053e+03	2.148196e+03	2.148754e+03	2.148694e+03
	2.147984e+03	2.146600e+03	2.144535e+03	2.141796e+03	2.138384e+03
	2.134265e+03	2.129332e+03	2.123359e+03	2.115940e+03	2.106363e+03
	2.093104e+03	2.072800e+03	2.039974e+03	1.990349e+03	1.924836e+03
	1.847852e+03	1.762571e+03	1.669497e+03	1.567697e+03	1.456817e+03
	1.338867e+03	1.218766e+03	1.102909e+03	9.967611e+02	9.030248e+02
	8.216510e+02	7.512541e+02	6.900951e+02	6.364829e+02	5.890716e+02
	5.470053e+02	5.098156e+02	4.771848e+02	4.487923e+02	4.242745e+02
	4.032379e+02	3.852898e+02	3.700585e+02	3.572025e+02	3.464124e+02
	3.374105e+02	3.299484e+02	3.238046e+02	3.187825e+02	3.147081e+02
	3.114282e+02	3.088089e+02	3.067341e+02	3.051040e+02	3.038337e+02
	3.028517e+02	3.020985e+02	3.015253e+02	3.010924e+02	3.007678e+02
	3.005260e+02	3.003472e+02	3.002158e+02	3.001198e+02	3.000502e+02
	3.000000e+02
massfraction-N2
	1.000000e-60	1.822981e-05	4.975783e-05	1.029361e-04	1.902536e-04
	3.298049e-04	5.467786e-04	8.746937e-04	1.356148e-03	2.042780e-03
	2.994264e-03	4.276363e-03	5.958257e-03	8.109514e-03	1.079716e-02
	1.408316e-02	1.802267e-02	2.266287e-02	2.804269e-02	3.419287e-02
	4.113653e-02	4.888997e-02	5.746350e-02	6.686244e-02	7.708825e-02
	8.813953e-02	1.000128e-01	1.127059e-01	1.262292e-01	1.406141e-01
	1.559021e-01	1.721173e-01	1.892342e-01	2.071542e-01	2.257286e-01
	2.448301e-01	2.643970e-01	2.844212e-01	3.049545e-01	3.261457e-01
	3.482084e-01	3.712883e-01	3.953477e-01	4.201632e-01	4.453707e-01
	4.705355e-01	4.952512e-01	5.192389e-01	5.423473e-01	5.644720e-01
	5.854836e-01	6.052105e-01	6.234410e-01	6.399410e-01	6.545051e-01
	6.670172e-01	6.774852e-01	6.860400e-01	6.929037e-01	6.983403e-01
	7.026134e-01	7.059616e-01	7.085982e-01	7.107100e-01	7.124428e-01
	7.138973e-01	7.151381e-01	7.162105e-01	7.171483e-01	7.179758e-01
	7.187114e-01	7.193724e-01	7.199752e-01	7.205323e-01	7.210521e-01
	7.215403e-01	7.220023e-01	7.224435e-01	7.228685e-01	7.232817e-01
	7.236863e-01	7.240849e-01	7.244791e-01	7.248715e-01	7.252660e-01
	7.256701e-01	7.260954e-01	7.265598e-01	7.270904e-01	7.277304e-01
	7.285673e-01	7.297800e-01	7.316052e-01	7.340587e-01	7.367817e-01
	7.394024e-01	7.417991e-01	7.440066e-01	7.460949e-01	7.481109e-01
	7.500609e-01	7.519141e-01	7.536240e-01	7.551527e-01	7.564896e-01
	7.576516e-01	7.586675e-01	7.595670e-01	7.603765e-01	7.611156e-01
	7.617961e-01	7.624226e-01	7.629967e-01	7.635191e-01	7.639911e-01
	7.644148e-01	7.647929e-01	7.651283e-01	7.654241e-01	7.656833e-01
	7.659090e-01	7.661043e-01	7.662723e-01	7.664158e-01	7.665374e-01
	7.666400e-01	7.667257e-01	7.667970e-01	7.668557e-01	7.669038e-01
	7.669430e-01	7.669746e-01	7.669999e-01	7.670200e-01	7.670360e-01
	7.670485e-01	7.670583e-01	7.670659e-01	7.670717e-01	7.670762e-01
	7.670796e-01
massfraction-O2
	1.000000e-60	1.549339e-08	4.220992e-08	8.714292e-08	1.607143e-07
	2.779738e-07	4.597981e-07	7.338646e-07	1.135201e-06	1.706062e-06
	2.494998e-06	3.555118e-06	4.941756e-06	6.709840e-06	8.911340e-06
	1.159310e-05	1.479528e-05	1.855036e-05	2.288288e-05	2.780950e-05
	3.333951e-05	3.947556e-05	4.621441e-05	5.354790e-05	6.146392e-05
	6.994737e-05	7.898089e-05	8.854765e-05	9.863952e-05	1.092631e-04
	1.204311e-04	1.321417e-04	1.443575e-04	1.569904e-04	1.699216e-04
	1.830530e-04	1.963363e-04	2.097622e-04	2.233626e-04	2.372332e-04
	2.515093e-04	2.662810e-04	2.815254e-04	2.971123e-04	3.128394e-04
	3.284773e-04	3.438266e-04	3.587753e-04	3.732971e-04	3.874060e-04
	4.011193e-04	4.144581e-04	4.274681e-04	4.402587e-04	4.530664e-04
	4.663138e-04	4.806192e-04	4.967378e-04	5.154500e-04	5.374280e-04
	5.631090e-04	5.926146e-04	6.258867e-04	6.630449e-04	7.045640e-04
	7.511331e-04	8.034622e-04	8.623276e-04	9.286561e-04	1.003396e-03
	1.087523e-03	1.182456e-03	1.290371e-03	1.413995e-03	1.556194e-03
	1.719992e-03	1.908973e-03	2.127537e-03	2.380915e-03	2.675124e-03
	3.016658e-03	3.411878e-03	3.866933e-03	4.388762e-03	4.987548e-03
	5.681125e-03	6.501023e-03	7.501760e-03	8.777038e-03	1.049267e-02
	1.300151e-02	1.709716e-02	2.409420e-02	3.480062e-02	4.830307e-02
	6.289664e-02	7.757571e-02	9.211485e-02	1.065936e-01	1.210215e-01
	1.351636e-01	1.485708e-01	1.607711e-01	1.714582e-01	1.805735e-01
	1.882620e-01	1.947521e-01	2.002748e-01	2.050313e-01	2.091744e-01
	2.128021e-01	2.159719e-01	2.187238e-01	2.210951e-01	2.231239e-01
	2.248493e-01	2.263086e-01	2.275361e-01	2.285630e-01	2.294171e-01
	2.301230e-01	2.307024e-01	2.311748e-01	2.315569e-01	2.318636e-01
	2.321079e-01	2.323007e-01	2.324518e-01	2.325691e-01	2.326594e-01
	2.327283e-01	2.327806e-01	2.328199e-01	2.328492e-01	2.328708e-01
	2.328868e-01	2.328984e-01	2.329069e-01	2.329129e-01	2.329173e-01
	2.329204e-01
massfraction-H
	1.000000e-60	2.254200e-18	4.834908e-18	7.757593e-18	1.102977e-17
	1.465667e-17	1.864716e-17	2.302957e-17	2.788266e-17	3.338023e-17
	3.984671e-17	4.782362e-17	5.815850e-17	7.214523e-17	9.176651e-17
	1.201168e-16	1.621324e-16	2.258455e-16	3.245474e-16	4.805476e-16
	7.317555e-16	1.143281e-15	1.828006e-15	2.983290e-15	4.956906e-15
	8.366519e-15	1.431856e-14	2.481866e-14	4.357381e-14	7.761444e-14
	1.405724e-13	2.590485e-13	4.837300e-13	9.048308e-13	1.665792e-12
	2.964814e-12	5.038380e-12	8.137592e-12	1.253978e-11	1.865101e-11
	2.720707e-11	3.954671e-11	5.797851e-11	8.635057e-11	1.310338e-10
	2.026066e-10	3.190419e-10	5.117453e-10	8.375928e-10	1.402663e-09
	2.408660e-09	4.244165e-09	7.659418e-09	1.408297e-08	2.615511e-08
	4.855221e-08	8.910856e-08	1.600441e-07	2.788273e-07	4.679348e-07
	7.527962e-07	1.157990e-06	1.705464e-06	2.419053e-06	3.329648e-06
	4.473060e-06	5.881814e-06	7.580008e-06	9.580927e-06	1.188102e-05
	1.446084e-05	1.730073e-05	2.039139e-05	2.372440e-05	2.727851e-05
	3.102064e-05	3.491569e-05	3.892913e-05	4.302309e-05	4.715316e-05
	5.126434e-05	5.528914e-05	5.915607e-05	6.280384e-05	6.619269e-05
	6.930746e-05	7.214557e-05	7.469341e-05	7.688803e-05	7.855094e-05
	7.924930e-05	7.781339e-05	7.185597e-05	6.003925e-05	4.525972e-05
	3.160190e-05	2.080021e-05	1.286653e-05	7.344696e-06	3.772384e-06
	1.702568e-06	6.674419e-07	2.296235e-07	7.144847e-08	2.104496e-08
	6.241471e-09	1.986683e-09	7.043788e-10	2.779106e-10	1.195066e-10
	5.491504e-11	2.664244e-11	1.355365e-11	7.194362e-12	3.966452e-12
	2.260873e-12	1.326284e-12	7.972800e-13	4.891734e-13	3.052098e-13
	1.929989e-13	1.233066e-13	7.936920e-14	5.133376e-14	3.327874e-14
	2.157399e-14	1.395461e-14	8.985877e-15	5.747211e-15	3.641802e-15
	2.279686e-15	1.404684e-15	8.479980e-16	4.983260e-16	2.823709e-16
	1.520195e-16	7.584574e-17	3.346013e-17	1.174645e-17	2.353085e-18
	1.000000e-60
massfraction-OH
	1.000000e-60	2.944416e-24	1.913834e-23	7.348520e-23	2.287612e-22
	6.361525e-22	1.644002e-21	4.020691e-21	9.392088e-21	2.106902e-20
	4.556994e-20	9.537249e-20	1.938359e-19	3.839554e-19	7.438589e-19
	1.414062e-18	2.644983e-18	4.878833e-18	8.888877e-18	1.601281e-17
	2.853783e-17	5.032640e-17	8.781874e-17	1.516213e-16	2.590077e-16
	4.378612e-16	7.329491e-16	1.216297e-15	2.005734e-15	3.300541e-15
	5.453385e-15	9.124868e-15	1.563150e-14	2.771819e-14	5.115788e-14
	9.775940e-14	1.905624e-13	3.726442e-13	7.240480e-13	1.400695e-12
	2.728231e-12	5.423743e-12	1.112356e-11	2.367938e-11	5.232156e-11
	1.188571e-10	2.735730e-10	6.312719e-10	1.455406e-09	3.355390e-09
	7.745368e-09	1.789574e-08	4.125737e-08	9.426867e-08	2.114252e-07
	4.605819e-07	9.654102e-07	1.932591e-06	3.675965e-06	6.623938e-06
	1.129456e-05	1.823388e-05	2.798046e-05	4.114530e-05	5.852323e-05
	8.107802e-05	1.097951e-04	1.455680e-04	1.891244e-04	2.408631e-04
	3.008345e-04	3.690893e-04	4.459755e-04	5.319717e-04	6.273665e-04
	7.322623e-04	8.468221e-04	9.713466e-04	1.106148e-03	1.251389e-03
	1.406816e-03	1.571465e-03	1.743716e-03	1.921759e-03	2.104279e-03
	2.291177e-03	2.483838e-03	2.684995e-03	2.898120e-03	3.126187e-03
	3.372025e-03	3.625393e-03	3.809567e-03	3.769924e-03	3.436696e-03
	2.902968e-03	2.296418e-03	1.700374e-03	1.163544e-03	7.211914e-04
	3.974186e-04	1.940920e-04	8.668845e-05	3.798182e-05	1.757013e-05
	8.915460e-06	4.975822e-06	3.012338e-06	1.943720e-06	1.316461e-06
	9.256339e-07	6.707975e-07	4.985122e-07	3.783908e-07	2.923200e-07
	2.291184e-07	1.816927e-07	1.454272e-07	1.172420e-07	9.503210e-08
	7.732561e-08	6.307199e-08	5.150682e-08	4.206410e-08	3.431761e-08
	2.794130e-08	2.268184e-08	1.833951e-08	1.475458e-08	1.179770e-08
	9.362873e-09	7.362444e-09	5.723398e-09	4.384613e-09	3.294774e-09
	2.410768e-09	1.696394e-09	1.121320e-09	6.602556e-10	2.923001e-10
	1.000000e-60
massfraction-O
	1.000000e-60	1.345099e-23	3.408776e-23	6.343882e-23	1.019628e-22
	1.498336e-22	2.076674e-22	2.768879e-22	3.600952e-22	4.618518e-22
	5.900738e-22	7.581607e-22	9.882852e-22	1.316855e-21	1.804140e-21
	2.551696e-21	3.734253e-21	5.658577e-21	8.873120e-21	1.437412e-20
	2.399583e-20	4.115349e-20	7.226248e-20	1.294541e-19	2.357760e-19
	4.351498e-19	8.114486e-19	1.525373e-18	2.887616e-18	5.507862e-18
	1.059814e-17	2.056863e-17	4.009472e-17	7.772128e-17	1.478083e-16
	2.728454e-16	4.875855e-16	8.489352e-16	1.459968e-15	2.525155e-15
	4.470669e-15	8.198715e-15	1.562026e-14	3.077408e-14	6.217388e-14
	1.276411e-13	2.645504e-13	5.524002e-13	1.164574e-12	2.489487e-12
	5.417685e-12	1.203016e-11	2.723807e-11	6.257842e-11	1.446126e-10
	3.325067e-10	7.525106e-10	1.660993e-09	3.552716e-09	7.335901e-09
	1.459303e-08	2.792505e-08	5.145494e-08	9.183233e-08	1.600624e-07
	2.740619e-07	4.615688e-07	7.635773e-07	1.238144e-06	1.962437e-06
	3.033851e-06	4.577369e-06	6.760256e-06	9.802442e-06	1.397641e-05
	1.960822e-05	2.708951e-05	3.688780e-05	4.954104e-05	6.563470e-05
	8.574404e-05	1.103363e-04	1.396967e-04	1.739456e-04	2.131786e-04
	2.577241e-04	3.084062e-04	3.667858e-04	4.353812e-04	5.179243e-04
	6.211145e-04	7.540294e-04	9.073589e-04	1.020913e-03	1.029117e-03
	9.335555e-04	7.768729e-04	5.975564e-04	4.217937e-04	2.688879e-04
	1.526642e-04	7.769432e-05	3.723558e-05	1.835916e-05	1.003868e-05
	6.187225e-06	4.195661e-06	3.039015e-06	2.299662e-06	1.791781e-06
	1.424795e-06	1.150364e-06	9.400298e-07	7.756025e-07	6.448335e-07
	5.392152e-07	4.527429e-07	3.811217e-07	3.212342e-07	2.707813e-07
	2.280379e-07	1.916860e-07	1.606993e-07	1.342632e-07	1.117181e-07
	9.251909e-08	7.620794e-08	6.239303e-08	5.073536e-08	4.093867e-08
	3.274258e-08	2.591762e-08	2.026169e-08	1.559728e-08	1.176917e-08
	8.642457e-09	6.100607e-09	4.043728e-09	2.386954e-09	1.059109e-09
	1.000000e-60
massfraction-H2
	1.000000e-60	7.305766e-06	1.620624e-05	2.689709e-05	3.955224e-05
	5.432826e-05	7.134781e-05	9.068084e-05	1.123349e-04	1.362519e-04
	1.623109e-04	1.903372e-04	2.201146e-04	2.514006e-04	2.839409e-04
	3.174821e-04	3.517817e-04	3.866152e-04	4.217795e-04	4.570945e-04
	4.924032e-04	5.275698e-04	5.624786e-04	5.970314e-04	6.311467e-04
	6.647581e-04	6.978115e-04	7.302713e-04	7.621391e-04	7.934599e-04
	8.242847e-04	8.546179e-04	8.843788e-04	9.133945e-04	9.414677e-04
	9.684888e-04	9.944711e-04	1.019505e-03	1.043745e-03	1.067437e-03
	1.090866e-03	1.114221e-03	1.137520e-03	1.160659e-03	1.183472e-03
	1.205801e-03	1.227557e-03	1.248776e-03	1.269595e-03	1.290178e-03
	1.310637e-03	1.330998e-03	1.351150e-03	1.370795e-03	1.389421e-03
	1.406330e-03	1.420724e-03	1.431842e-03	1.439108e-03	1.442254e-03
	1.441374e-03	1.436893e-03	1.429434e-03	1.419556e-03	1.407613e-03
	1.393794e-03	1.378235e-03	1.361057e-03	1.342359e-03	1.322278e-03
	1.300975e-03	1.278530e-03	1.254893e-03	1.229977e-03	1.203760e-03
	1.176270e-03	1.147513e-03	1.117461e-03	1.086078e-03	1.053350e-03
	1.019329e-03	9.841735e-04	9.481154e-04	9.113608e-04	8.739550e-04
	8.356435e-04	7.957960e-04	7.533578e-04	7.067944e-04	6.539501e-04
	5.908164e-04	5.108166e-04	4.112538e-04	3.047366e-04	2.117529e-04
	1.418455e-04	9.269592e-05	5.898293e-05	3.648807e-05	2.238852e-05
	1.446437e-05	1.054352e-05	8.708199e-06	7.750797e-06	7.130936e-06
	6.651168e-06	6.240979e-06	5.871549e-06	5.527960e-06	5.201303e-06
	4.886830e-06	4.582929e-06	4.289591e-06	4.007217e-06	3.736065e-06
	3.476097e-06	3.227077e-06	2.988694e-06	2.760633e-06	2.542610e-06
	2.334392e-06	2.135795e-06	1.946681e-06	1.766945e-06	1.596507e-06
	1.435292e-06	1.283223e-06	1.140203e-06	1.006107e-06	8.807769e-07
	7.640149e-07	6.555826e-07	5.552030e-07	4.625632e-07	3.773203e-07
	2.991074e-07	2.275404e-07	1.622255e-07	1.027720e-07	4.881845e-08
	1.000000e-60
massfraction-H2O
	1.000000e-60	5.963948e-06	1.609198e-05	3.287358e-05	5.995575e-05
	1.025178e-04	1.676241e-04	2.644775e-04	4.045119e-04	6.012487e-04
	8.698822e-04	1.226611e-03	1.687792e-03	2.269032e-03	2.984334e-03
	3.845411e-03	4.861218e-03	6.037719e-03	7.377875e-03	8.881801e-03
	1.054704e-02	1.236891e-02	1.434090e-02	1.645507e-02	1.870246e-02
	2.107349e-02	2.355822e-02	2.614723e-02	2.883372e-02	3.161496e-02
	3.448973e-02	3.745314e-02	4.049159e-02	4.358004e-02	4.668774e-02
	4.979083e-02	5.287849e-02	5.594958e-02	5.901231e-02	6.208859e-02
	6.520791e-02	6.838877e-02	7.162531e-02	7.489059e-02	7.814500e-02
	8.134626e-02	8.446020e-02	8.747080e-02	9.037803e-02	9.318664e-02
	9.589631e-02	9.849809e-02	1.009726e-01	1.032899e-01	1.054143e-01
	1.073131e-01	1.089648e-01	1.103639e-01	1.115213e-01	1.124596e-01
	1.132074e-01	1.137950e-01	1.142530e-01	1.146108e-01	1.148918e-01
	1.151122e-01	1.152822e-01	1.154087e-01	1.154970e-01	1.155515e-01
	1.155757e-01	1.155729e-01	1.155459e-01	1.154963e-01	1.154253e-01
	1.153339e-01	1.152225e-01	1.150911e-01	1.149393e-01	1.147660e-01
	1.145698e-01	1.143497e-01	1.141044e-01	1.138325e-01	1.135305e-01
	1.131916e-01	1.128033e-01	1.123437e-01	1.117757e-01	1.110358e-01
	1.099913e-01	1.083547e-01	1.056888e-01	1.017794e-01	9.693847e-02
	9.165368e-02	8.617324e-02	8.050375e-02	7.455647e-02	6.827946e-02
	6.174847e-02	5.518686e-02	4.888930e-02	4.310504e-02	3.795713e-02
	3.344047e-02	2.948163e-02	2.598746e-02	2.286755e-02	2.005065e-02
	1.749367e-02	1.517716e-02	1.309184e-02	1.122900e-02	9.577149e-03
	8.121951e-03	6.847723e-03	5.738548e-03	4.778869e-03	3.953773e-03
	3.249083e-03	2.651413e-03	2.148194e-03	1.727701e-03	1.379066e-03
	1.092307e-03	8.583417e-04	6.689940e-04	5.169905e-04	3.959386e-04
	3.002909e-04	2.252935e-04	1.669244e-04	1.218225e-04	8.721309e-05
	6.083146e-05	4.084985e-05	2.580845e-05	1.455387e-05	6.185447e-06
	1.000000e-60
massfraction-HO2
	1.000000e-60	5.276800e-12	1.439579e-11	2.976494e-11	5.498141e-11
	9.525162e-11	1.578147e-10	2.522905e-10	3.908832e-10	5.883525e-10
	8.617028e-10	1.229591e-09	1.711523e-09	2.326941e-09	3.094336e-09
	4.030491e-09	5.149919e-09	6.464535e-09	7.983513e-09	9.713331e-09
	1.165792e-08	1.381888e-08	1.619578e-08	1.878640e-08	2.158711e-08
	2.459316e-08	2.779884e-08	3.119843e-08	3.478890e-08	3.857164e-08
	4.254841e-08	4.671189e-08	5.103312e-08	5.544768e-08	5.985016e-08
	6.409778e-08	6.800785e-08	7.134767e-08	7.383525e-08	7.514194e-08
	7.487531e-08	7.258078e-08	6.782819e-08	6.038678e-08	5.043513e-08
	3.873872e-08	2.665383e-08	1.594798e-08	8.218702e-09	3.935266e-09
	2.131552e-09	1.473937e-09	1.226296e-09	1.155882e-09	1.208427e-09
	1.383360e-09	1.709214e-09	2.240952e-09	3.060738e-09	4.276035e-09
	6.009940e-09	8.382058e-09	1.149845e-08	1.547177e-08	2.044163e-08
	2.655788e-08	3.394143e-08	4.267549e-08	5.281960e-08	6.440520e-08
	7.745657e-08	9.207231e-08	1.084801e-07	1.269971e-07	1.479616e-07
	1.717310e-07	1.987325e-07	2.294893e-07	2.646101e-07	3.047718e-07
	3.506712e-07	4.029444e-07	4.621665e-07	5.289952e-07	6.044823e-07
	6.905978e-07	7.909038e-07	9.115499e-07	1.062950e-06	1.263061e-06
	1.548847e-06	1.997879e-06	2.714315e-06	3.696854e-06	4.770931e-06
	5.763720e-06	6.616928e-06	7.337585e-06	7.942591e-06	8.433101e-06
	8.772015e-06	8.827713e-06	8.324242e-06	7.043914e-06	5.262411e-06
	3.606535e-06	2.397712e-06	1.601628e-06	1.087341e-06	7.499726e-07
	5.240804e-07	3.704737e-07	2.648334e-07	1.914453e-07	1.399287e-07
	1.033582e-07	7.709561e-08	5.801676e-08	4.400025e-08	3.359168e-08
	2.578357e-08	1.987083e-08	1.535503e-08	1.188027e-08	9.189862e-09
	7.096751e-09	5.463096e-09	4.186105e-09	3.188126e-09	2.409699e-09
	1.804668e-09	1.336760e-09	9.771668e-10	7.028440e-10	4.952869e-10
	3.396338e-10	2.239866e-10	1.388773e-10	7.683916e-11	3.205285e-11
	1.000000e-60
massfraction-H2O2
	1.000000e-60	5.407502e-14	1.477158e-13	3.058477e-13	5.657689e-13
	9.815245e-13	1.628273e-12	2.605753e-12	4.039989e-12	6.082131e-12
	8.903648e-12	1.268767e-11	1.761708e-11	2.386055e-11	3.155821e-11
	4.080878e-11	5.165941e-11	6.409930e-11	7.805724e-11	9.340289e-11
	1.099510e-10	1.274677e-10	1.456785e-10	1.642764e-10	1.829298e-10
	2.012901e-10	2.189974e-10	2.356884e-10	2.510075e-10	2.646042e-10
	2.761035e-10	2.850823e-10	2.910761e-10	2.936290e-10	2.923705e-10
	2.870490e-10	2.774943e-10	2.635718e-10	2.451405e-10	2.219782e-10
	1.937931e-10	1.605344e-10	1.230895e-10	8.436391e-11	5.009287e-11
	2.631984e-11	1.327556e-11	6.440061e-12	2.843904e-12	1.202148e-12
	5.894695e-13	3.788245e-13	3.007753e-13	2.787579e-13	2.986883e-13
	3.736635e-13	5.539519e-13	9.725246e-13	1.952305e-12	4.219296e-12
	9.256428e-12	1.977374e-11	4.028578e-11	7.808118e-11	1.449495e-10
	2.594642e-10	4.490839e-10	7.518821e-10	1.217579e-09	1.905876e-09
	2.883640e-09	4.228016e-09	6.034958e-09	8.422394e-09	1.152589e-08
	1.549893e-08	2.052442e-08	2.682688e-08	3.467826e-08	4.439879e-08
	5.634310e-08	7.086597e-08	8.829754e-08	1.089595e-07	1.332467e-07
	1.617959e-07	1.957102e-07	2.368610e-07	2.883345e-07	3.552269e-07
	4.476960e-07	5.860246e-07	7.950134e-07	1.075465e-06	1.401601e-06
	1.762034e-06	2.178391e-06	2.701148e-06	3.413646e-06	4.433331e-06
	5.815747e-06	7.050745e-06	7.005549e-06	5.986383e-06	4.902507e-06
	4.028295e-06	3.350493e-06	2.814904e-06	2.378558e-06	2.013240e-06
	1.701946e-06	1.434720e-06	1.205127e-06	1.008259e-06	8.399298e-07
	6.964292e-07	5.744872e-07	4.712500e-07	3.842303e-07	3.112539e-07
	2.504087e-07	2.000054e-07	1.585462e-07	1.247021e-07	9.729536e-08
	7.528661e-08	5.776424e-08	4.393537e-08	3.311725e-08	2.472842e-08
	1.827962e-08	1.336423e-08	9.648623e-09	6.862469e-09	4.789447e-09
	3.258529e-09	2.136055e-09	1.318722e-09	7.275802e-10	3.029858e-10
	1.000000e-60
massfraction-CO
	1.000000e-60	9.531990e-07	2.607835e-06	5.408742e-06	1.002371e-05
	1.742387e-05	2.896588e-05	4.646112e-05	7.221849e-05	1.090438e-04
	1.601852e-04	2.292244e-04	3.199251e-04	4.360589e-04	5.812333e-04
	7.587425e-04	9.714558e-04	1.221747e-03	1.511467e-03	1.841939e-03
	2.213995e-03	2.628009e-03	3.083952e-03	3.581447e-03	4.119838e-03
	4.698250e-03	5.315636e-03	5.970969e-03	6.663805e-03	7.394704e-03
	8.164631e-03	8.973570e-03	9.818995e-03	1.069485e-02	1.159289e-02
	1.250623e-02	1.343142e-02	1.436768e-02	1.531711e-02	1.628625e-02
	1.728443e-02	1.831776e-02	1.938442e-02	2.047500e-02	2.157493e-02
	2.266768e-02	2.373869e-02	2.477928e-02	2.578629e-02	2.675833e-02
	2.769248e-02	2.858315e-02	2.942167e-02	3.019651e-02	3.089528e-02
	3.150765e-02	3.202791e-02	3.245614e-02	3.279785e-02	3.306237e-02
	3.326116e-02	3.340635e-02	3.351006e-02	3.358318e-02	3.363404e-02
	3.366811e-02	3.368856e-02	3.369686e-02	3.369307e-02	3.367589e-02
	3.364294e-02	3.359076e-02	3.351454e-02	3.340806e-02	3.326420e-02
	3.307531e-02	3.283321e-02	3.252920e-02	3.215435e-02	3.170015e-02
	3.115965e-02	3.052920e-02	2.980901e-02	2.900164e-02	2.810823e-02
	2.712316e-02	2.602923e-02	2.479339e-02	2.336233e-02	2.165541e-02
	1.952014e-02	1.670198e-02	1.310528e-02	9.290274e-03	6.102490e-03
	3.863514e-03	2.415414e-03	1.508477e-03	9.537746e-04	6.261730e-04
	4.393322e-04	3.320236e-04	2.651929e-04	2.185010e-04	1.829890e-04
	1.546751e-04	1.314657e-04	1.120456e-04	9.549557e-05	8.118344e-05
	6.871666e-05	5.786586e-05	4.847283e-05	4.039635e-05	3.349582e-05
	2.763212e-05	2.267391e-05	1.850150e-05	1.500784e-05	1.209814e-05
	9.688799e-06	7.706201e-06	6.085674e-06	4.770515e-06	3.711166e-06
	2.864509e-06	2.193258e-06	1.665409e-06	1.253737e-06	9.353061e-07
	6.910001e-07	5.050614e-07	3.646501e-07	2.594230e-07	1.811423e-07
	1.233204e-07	8.090176e-08	4.998801e-08	2.760423e-08	1.150525e-08
	1.000000e-60
massfraction-CO2
	1.000000e-60	5.250104e-07	1.551091e-06	3.500938e-06	7.095425e-06
	1.352034e-05	2.464631e-05	4.329174e-05	7.350633e-05	1.208326e-04
	1.924926e-04	2.974486e-04	4.463050e-04	6.510460e-04	9.246373e-04
	1.280542e-03	1.732212e-03	2.292609e-03	2.973796e-03	3.786620e-03
	4.740500e-03	5.843296e-03	7.101276e-03	8.519147e-03	1.010017e-02
	1.184629e-02	1.375832e-02	1.583650e-02	1.808245e-02	2.050084e-02
	2.309763e-02	2.587545e-02	2.882783e-02	3.193496e-02	3.516761e-02
	3.849986e-02	4.191716e-02	4.541452e-02	4.899759e-02	5.268916e-02
	5.652323e-02	6.052186e-02	6.467552e-02	6.894336e-02	7.326214e-02
	7.755888e-02	8.176775e-02	8.584618e-02	8.977400e-02	9.353895e-02
	9.712391e-02	1.005031e-01	1.036419e-01	1.064985e-01	1.090338e-01
	1.112216e-01	1.130576e-01	1.145608e-01	1.157685e-01	1.167278e-01
	1.174871e-01	1.180900e-01	1.185753e-01	1.189761e-01	1.193186e-01
	1.196206e-01	1.198939e-01	1.201467e-01	1.203852e-01	1.206138e-01
	1.208358e-01	1.210545e-01	1.212739e-01	1.214972e-01	1.217264e-01
	1.219628e-01	1.222071e-01	1.224597e-01	1.227203e-01	1.229876e-01
	1.232589e-01	1.235295e-01	1.237934e-01	1.240436e-01	1.242733e-01
	1.244754e-01	1.246411e-01	1.247548e-01	1.247854e-01	1.246666e-01
	1.242415e-01	1.230932e-01	1.203027e-01	1.149105e-01	1.071453e-01
	9.816627e-02	8.884099e-02	7.948650e-02	7.016080e-02	6.093285e-02
	5.200685e-02	4.369733e-02	3.630227e-02	2.998844e-02	2.475188e-02
	2.046189e-02	1.694608e-02	1.404233e-02	1.161596e-02	9.567098e-03
	7.829929e-03	6.362201e-03	5.131952e-03	4.110122e-03	3.268725e-03
	2.581253e-03	2.023593e-03	1.574456e-03	1.215375e-03	9.305076e-04
	7.063559e-04	5.314950e-04	3.963165e-04	2.927979e-04	2.142946e-04
	1.553545e-04	1.115495e-04	7.932436e-05	5.585875e-05	3.894356e-05
	2.687095e-05	1.833796e-05	1.236359e-05	8.218763e-06	5.368533e-06
	3.425164e-06	2.110933e-06	1.229154e-06	6.420739e-07	2.542690e-07
	1.000000e-60
massfraction-CH
	1.000000e-60	2.309908e-32	5.366501e-32	8.946707e-32	1.347128e-31
	2.248161e-31	5.441380e-31	1.000000e-60	1.000000e-60	4.882298e-31
	3.257651e-31	3.596387e-31	1.000000e-60	8.067248e-31	7.992964e-31
	3.108624e-31	1.029874e-30	1.000000e-60	2.075651e-30	3.879967e-30
	1.559425e-29	4.077119e-29	1.170227e-28	3.623251e-28	1.168032e-27
	3.962324e-27	1.395770e-26	5.079964e-26	1.906020e-25	7.379660e-25
	2.957259e-24	1.226080e-23	5.205663e-23	2.206861e-22	9.000208e-22
	3.403469e-21	1.163933e-20	3.568112e-20	9.888813e-20	2.539004e-19
	6.244835e-19	1.519897e-18	3.749364e-18	9.499705e-18	2.483382e-17
	6.688518e-17	1.851617e-16	5.268104e-16	1.545954e-15	4.705685e-15
	1.492542e-14	4.940274e-14	1.700591e-13	6.028046e-13	2.165712e-12
	7.738590e-12	2.698322e-11	9.020132e-11	2.846044e-10	8.364079e-10
	2.265087e-09	5.611080e-09	1.271538e-08	2.661585e-08	5.216402e-08
	9.669214e-08	1.702356e-07	2.850389e-07	4.541704e-07	6.887078e-07
	9.946458e-07	1.372107e-06	1.815664e-06	2.312416e-06	2.839310e-06
	3.363840e-06	3.847813e-06	4.250999e-06	4.534640e-06	4.666001e-06
	4.623865e-06	4.404469e-06	4.025075e-06	3.521433e-06	2.939410e-06
	2.325182e-06	1.719955e-06	1.160494e-06	6.827721e-07	3.224326e-07
	1.027356e-07	1.615131e-08	9.866805e-10	2.628133e-11	4.373227e-13
	6.354144e-15	9.613763e-17	1.598896e-18	2.990155e-20	6.638863e-22
	1.890599e-23	7.167130e-25	3.502927e-26	2.115836e-27	1.578032e-28
	1.458884e-29	1.617426e-30	1.299229e-31	1.000000e-60	2.577996e-33
	1.000000e-60	1.000000e-60	6.823928e-33	6.482754e-33	1.000000e-60
	7.498869e-33	4.340051e-33	1.000000e-60	1.000000e-60	6.348233e-34
	1.000000e-60	1.658724e-33	1.050194e-34	1.000000e-60	1.000000e-60
	5.284552e-34	1.000000e-60	4.131717e-34	2.707790e-34	1.771482e-34
	1.000000e-60	1.000000e-60	1.000000e-60	1.000000e-60	2.248476e-36
	1.000000e-60	1.000000e-60	1.000000e-60	1.000000e-60	1.000000e-60
	1.000000e-60
massfraction-CHO
	1.000000e-60	4.962789e-19	1.476994e-18	3.322989e-18	6.618366e-18
	1.219854e-17	2.117211e-17	3.490777e-17	5.501606e-17	8.340542e-17
	1.225446e-16	1.760886e-16	2.500373e-16	3.546512e-16	5.075455e-16
	7.388079e-16	1.099731e-15	1.677964e-15	2.623820e-15	4.195521e-15
	6.835517e-15	1.129534e-14	1.883035e-14	3.148054e-14	5.242292e-14
	8.629351e-14	1.392021e-13	2.179546e-13	3.280273e-13	4.704576e-13
	6.393042e-13	8.229986e-13	1.010447e-12	1.194760e-12	1.368073e-12
	1.515414e-12	1.618000e-12	1.663375e-12	1.653315e-12	1.603379e-12
	1.536082e-12	1.474063e-12	1.435962e-12	1.435429e-12	1.484037e-12
	1.597313e-12	1.803624e-12	2.163696e-12	2.828052e-12	4.185488e-12
	7.200024e-12	1.403100e-11	2.880050e-11	5.781837e-11	1.085433e-10
	1.885558e-10	3.077047e-10	4.836689e-10	7.476656e-10	1.149159e-09
	1.760937e-09	2.684792e-09	4.062458e-09	6.103089e-09	9.124883e-09
	1.359035e-08	2.011466e-08	2.945233e-08	4.245163e-08	5.992642e-08
	8.250973e-08	1.106404e-07	1.445936e-07	1.843221e-07	2.291768e-07
	2.777881e-07	3.281373e-07	3.776048e-07	4.229894e-07	4.606350e-07
	4.867224e-07	4.978277e-07	4.916997e-07	4.678432e-07	4.275515e-07
	3.733968e-07	3.086843e-07	2.373799e-07	1.647247e-07	9.814646e-08
	4.665850e-08	1.834692e-08	9.033523e-09	5.495500e-09	3.155633e-09
	1.694211e-09	8.787194e-10	4.457170e-10	2.220087e-10	1.092307e-10
	5.271159e-11	2.362987e-11	8.922997e-12	2.669298e-12	6.637230e-13
	1.541869e-13	3.724471e-14	9.900524e-15	2.908959e-15	9.249781e-16
	3.117790e-16	1.101195e-16	4.054959e-17	1.552751e-17	6.169507e-18
	2.536774e-18	1.076180e-18	4.695310e-19	2.099789e-19	9.592677e-20
	4.461099e-20	2.104453e-20	1.003399e-20	4.818249e-21	2.321900e-21
	1.118968e-21	5.374186e-22	2.563477e-22	1.210121e-22	5.631957e-23
	2.573040e-23	1.147933e-23	4.967290e-24	2.065274e-24	8.137502e-25
	2.973281e-25	9.709396e-26	2.642230e-26	5.116393e-27	4.270470e-28
	1.000000e-60
massfraction-CH2
	1.000000e-60	4.350723e-22	8.872136e-22	1.348792e-21	1.814973e-21
	2.285527e-21	2.766298e-21	3.271964e-21	3.830876e-21	4.492427e-21
	5.338512e-21	6.502959e-21	8.207507e-21	1.083175e-20	1.505248e-20
	2.212660e-20	3.447788e-20	5.694357e-20	9.948457e-20	1.832031e-19
	3.539483e-19	7.135444e-19	1.492330e-18	3.219237e-18	7.123383e-18
	1.608767e-17	3.692433e-17	8.585260e-17	2.019382e-16	4.808903e-16
	1.161355e-15	2.843858e-15	7.021971e-15	1.724521e-14	4.129436e-14
	9.457504e-14	2.045873e-13	4.163759e-13	8.013722e-13	1.478638e-12
	2.664024e-12	4.768031e-12	8.578660e-12	1.560440e-11	2.872291e-11
	5.337869e-11	9.990328e-11	1.881809e-10	3.573849e-10	6.863748e-10
	1.336176e-09	2.638185e-09	5.272644e-09	1.061153e-08	2.133557e-08
	4.246966e-08	8.297394e-08	1.578847e-07	2.906306e-07	5.144461e-07
	8.710315e-07	1.404937e-06	2.157833e-06	3.170230e-06	4.484497e-06
	6.136288e-06	8.135436e-06	1.045262e-05	1.301465e-05	1.570203e-05
	1.836370e-05	2.084877e-05	2.302170e-05	2.475573e-05	2.593458e-05
	2.647001e-05	2.631551e-05	2.546834e-05	2.396900e-05	2.190126e-05
	1.939163e-05	1.660470e-05	1.372466e-05	1.092544e-05	8.343344e-06
	6.064668e-06	4.134343e-06	2.574035e-06	1.397072e-06	6.080775e-07
	1.786074e-07	2.616123e-08	1.568631e-09	4.677103e-11	1.056098e-12
	2.491526e-14	6.931793e-16	2.322064e-17	9.608056e-19	5.290833e-20
	4.272248e-21	5.285662e-22	9.554312e-23	2.334309e-23	7.331737e-24
	2.816587e-24	1.248906e-24	6.082437e-25	3.135938e-25	1.666770e-25
	8.965867e-26	4.821710e-26	2.572007e-26	1.355428e-26	7.060935e-27
	3.655034e-27	1.896415e-27	9.961015e-28	5.344513e-28	2.948693e-28
	1.679176e-28	9.879209e-29	5.996195e-29	3.741857e-29	2.389149e-29
	1.551506e-29	1.017849e-29	6.696707e-30	4.385038e-30	2.835624e-30
	1.796973e-30	1.107610e-30	6.591326e-31	3.757886e-31	2.033715e-31
	1.031026e-31	4.787817e-32	1.948765e-32	6.272024e-33	1.141078e-33
	1.000000e-60
massfraction-CH2O
	1.000000e-60	6.440788e-11	1.933807e-10	4.443475e-10	9.177886e-10
	1.783135e-09	3.314237e-09	5.933647e-09	1.026279e-08	1.717151e-08
	2.781805e-08	4.366953e-08	6.649554e-08	9.833109e-08	1.414119e-07
	1.980887e-07	2.707322e-07	3.616375e-07	4.729383e-07	6.065372e-07
	7.640536e-07	9.467913e-07	1.155724e-06	1.391498e-06	1.654451e-06
	1.944641e-06	2.261876e-06	2.605827e-06	2.976350e-06	3.373760e-06
	3.798542e-06	4.250595e-06	4.728322e-06	5.227992e-06	5.744458e-06
	6.273224e-06	6.811708e-06	7.358897e-06	7.915459e-06	8.484664e-06
	9.071367e-06	9.678379e-06	1.030348e-05	1.093943e-05	1.157509e-05
	1.219686e-05	1.279011e-05	1.333975e-05	1.382717e-05	1.422370e-05
	1.448395e-05	1.454414e-05	1.433619e-05	1.383176e-05	1.310731e-05
	1.236917e-05	1.188355e-05	1.186555e-05	1.243059e-05	1.361690e-05
	1.541945e-05	1.780747e-05	2.074541e-05	2.422922e-05	2.830265e-05
	3.303516e-05	3.848560e-05	4.468511e-05	5.162487e-05	5.922493e-05
	6.732684e-05	7.573337e-05	8.422621e-05	9.252520e-05	1.002544e-04
	1.069673e-04	1.121970e-04	1.154865e-04	1.164178e-04	1.146601e-04
	1.100385e-04	1.026170e-04	9.274655e-05	8.102444e-05	6.817114e-05
	5.488851e-05	4.179537e-05	2.946119e-05	1.850417e-05	9.659770e-06
	3.619980e-06	7.442112e-07	6.981104e-08	3.501233e-09	1.326441e-10
	5.070698e-12	2.295661e-13	1.335106e-14	1.059913e-15	1.228254e-16
	2.220594e-17	6.421617e-18	2.756587e-18	1.523691e-18	9.670444e-19
	6.613938e-19	4.729681e-19	3.483087e-19	2.615786e-19	1.988768e-19
	1.523098e-19	1.171448e-19	9.031563e-20	6.970003e-20	5.377346e-20
	4.141919e-20	3.181175e-20	2.433463e-20	1.852115e-20	1.401304e-20
	1.053148e-20	7.857120e-21	5.816039e-21	4.269710e-21	3.107654e-21
	2.241905e-21	1.602737e-21	1.135243e-21	7.965481e-22	5.534993e-22
	3.807363e-22	2.590797e-22	1.741949e-22	1.154954e-22	7.525492e-23
	4.789987e-23	2.945480e-23	1.711499e-23	8.922987e-24	3.527348e-24
	1.000000e-60
massfraction-CH3
	1.000000e-60	6.670801e-12	1.807825e-11	3.710927e-11	6.802885e-11
	1.169473e-10	1.922816e-10	3.051266e-10	4.694755e-10	7.022124e-10
	1.022855e-09	1.453084e-09	2.016159e-09	2.736367e-09	3.638623e-09
	4.748339e-09	6.091602e-09	7.695663e-09	9.589701e-09	1.180584e-08
	1.438036e-08	1.735522e-08	2.077976e-08	2.471285e-08	2.922570e-08
	3.440537e-08	4.035949e-08	4.722421e-08	5.518051e-08	6.447769e-08
	7.545608e-08	8.856819e-08	1.044008e-07	1.236991e-07	1.474266e-07
	1.769041e-07	2.139950e-07	2.613010e-07	3.225190e-07	4.032302e-07
	5.121358e-07	6.625526e-07	8.743432e-07	1.176944e-06	1.613802e-06
	2.247449e-06	3.169857e-06	4.520777e-06	6.519683e-06	9.516045e-06
	1.406379e-05	2.102779e-05	3.171497e-05	4.799038e-05	7.230936e-05
	1.075971e-04	1.569073e-04	2.227968e-04	3.064755e-04	4.069608e-04
	5.206061e-04	6.413914e-04	7.624939e-04	8.781768e-04	9.839656e-04
	1.075673e-03	1.149121e-03	1.200913e-03	1.229065e-03	1.233181e-03
	1.214530e-03	1.175537e-03	1.118940e-03	1.047536e-03	9.644205e-04
	8.729746e-04	7.765116e-04	6.780885e-04	5.805234e-04	4.864136e-04
	3.981534e-04	3.178714e-04	2.471576e-04	1.867962e-04	1.367118e-04
	9.615644e-05	6.408443e-05	3.948613e-05	2.156571e-05	9.692036e-06
	3.074054e-06	5.239523e-07	4.017319e-08	1.654460e-09	5.304182e-11
	1.797771e-12	7.588487e-14	4.289484e-15	3.379173e-16	3.863381e-17
	6.695264e-18	1.768289e-18	6.472448e-19	2.835952e-19	1.361979e-19
	6.956808e-20	3.734413e-20	2.084569e-20	1.196045e-20	6.980191e-21
	4.115632e-21	2.445697e-21	1.465445e-21	8.868928e-22	5.431563e-22
	3.371409e-22	2.123458e-22	1.358239e-22	8.826886e-23	5.828794e-23
	3.909926e-23	2.662539e-23	1.838783e-23	1.286209e-23	9.098534e-24
	6.497733e-24	4.676042e-24	3.384377e-24	2.458620e-24	1.788998e-24
	1.300978e-24	9.431907e-25	6.797253e-25	4.851370e-25	3.411761e-25
	2.346132e-25	1.557716e-25	9.752230e-26	5.458845e-26	2.305754e-26
	1.000000e-60
massfraction-CH4
	1.000000e+00	9.999668e-01	9.999131e-01	9.998271e-01	9.996907e-01
	9.994784e-01	9.991541e-01	9.986702e-01	9.979657e-01	9.969666e-01
	9.955871e-01	9.937320e-01	9.913007e-01	9.881916e-01	9.843066e-01
	9.795545e-01	9.738543e-01	9.671370e-01	9.593463e-01	9.504388e-01
	9.403834e-01	9.291600e-01	9.167584e-01	9.031771e-01	8.884208e-01
	8.724998e-01	8.554278e-01	8.372173e-01	8.178638e-01	7.973330e-01
	7.755773e-01	7.525750e-01	7.283747e-01	7.031279e-01	6.770536e-01
	6.503379e-01	6.230724e-01	5.952720e-01	5.668687e-01	5.376603e-01
	5.073578e-01	4.757672e-01	4.429439e-01	4.091937e-01	3.749975e-01
	3.409292e-01	3.075138e-01	2.751001e-01	2.438635e-01	2.139180e-01
	1.854141e-01	1.585654e-01	1.336495e-01	1.109869e-01	9.087453e-02
	7.350134e-02	5.889390e-02	4.690986e-02	3.727509e-02	2.964764e-02
	2.367587e-02	1.903358e-02	1.542325e-02	1.258196e-02	1.030410e-02
	8.448949e-03	6.925375e-03	5.669350e-03	4.632092e-03	3.776726e-03
	3.073338e-03	2.494529e-03	2.016141e-03	1.619636e-03	1.291712e-03
	1.021936e-03	8.011742e-04	6.214553e-04	4.760806e-04	3.594851e-04
	2.670582e-04	1.949148e-04	1.395960e-04	9.791899e-05	6.700112e-05
	4.435644e-05	2.799489e-05	1.642990e-05	8.602665e-06	3.740899e-06
	1.167543e-06	2.030140e-07	1.696568e-08	8.346298e-10	3.515215e-11
	1.688286e-12	1.056959e-13	9.021793e-15	1.077565e-15	1.881547e-16
	5.083808e-17	2.165600e-17	1.326556e-17	9.934701e-18	8.104221e-18
	6.840600e-18	5.857821e-18	5.046691e-18	4.353836e-18	3.749137e-18
	3.215853e-18	2.745173e-18	2.331661e-18	1.970651e-18	1.657395e-18
	1.387016e-18	1.154763e-18	9.561990e-19	7.872627e-19	6.442819e-19
	5.239473e-19	4.232835e-19	3.396190e-19	2.705597e-19	2.139662e-19
	1.679348e-19	1.307815e-19	1.010281e-19	7.738787e-20	5.875204e-20
	4.417519e-20	3.286014e-20	2.414233e-20	1.747410e-20	1.240919e-20
	8.588022e-21	5.723863e-21	3.590451e-21	2.011091e-21	8.493578e-22
	1.000000e-60
massfraction-C2H6
	1.000000e-60	1.273302e-09	3.872736e-09	9.027418e-09	1.893226e-08
	3.736285e-08	7.054319e-08	1.282673e-07	2.252239e-07	3.823829e-07
	6.282295e-07	9.995915e-07	1.541844e-06	2.308360e-06	3.359218e-06
	4.759315e-06	6.576104e-06	8.877234e-06	1.172828e-05	1.519080e-05
	1.932072e-05	2.416720e-05	2.977187e-05	3.616850e-05	4.338314e-05
	5.143447e-05	6.033429e-05	7.009022e-05	8.071489e-05	9.223403e-05
	1.046788e-04	1.180630e-04	1.323554e-04	1.474571e-04	1.632207e-04
	1.795122e-04	1.962511e-04	2.134028e-04	2.309834e-04	2.490909e-04
	2.678743e-04	2.874160e-04	3.076319e-04	3.282675e-04	3.489376e-04
	3.691849e-04	3.885520e-04	4.066395e-04	4.230638e-04	4.373336e-04
	4.487211e-04	4.561738e-04	4.582868e-04	4.534418e-04	4.402418e-04
	4.182117e-04	3.884063e-04	3.533661e-04	3.162472e-04	2.797301e-04
	2.454604e-04	2.141482e-04	1.858505e-04	1.602236e-04	1.368450e-04
	1.154722e-04	9.609056e-05	7.877692e-05	6.359257e-05	5.056183e-05
	3.962687e-05	3.061072e-05	2.326948e-05	1.737065e-05	1.271449e-05
	9.114636e-06	6.388799e-06	4.367794e-06	2.903527e-06	1.870211e-06
	1.163192e-06	6.965764e-07	4.006085e-07	2.204238e-07	1.151624e-07
	5.627665e-08	2.503299e-08	9.680357e-09	3.015252e-09	6.641879e-10
	8.089727e-11	3.902211e-12	7.259169e-14	7.750486e-16	7.411174e-18
	8.445718e-20	1.293350e-21	2.754344e-23	8.353933e-25	3.820816e-26
	2.897840e-27	3.996178e-28	1.015973e-28	4.257463e-29	2.453436e-29
	1.676199e-29	1.247044e-29	9.678623e-30	7.663982e-30	6.114911e-30
	4.881533e-30	3.884852e-30	3.076865e-30	2.423317e-30	1.897004e-30
	1.475314e-30	1.139336e-30	8.732972e-31	6.640725e-31	5.007578e-31
	3.743117e-31	2.772613e-31	2.034588e-31	1.478773e-31	1.064376e-31
	7.585927e-32	5.353155e-32	3.740000e-32	2.586777e-32	1.770951e-32
	1.199732e-32	8.037961e-33	5.320346e-33	3.472679e-33	2.227948e-33
	1.396781e-33	8.464703e-34	4.850879e-34	2.496639e-34	9.754160e-35
	1.000000e-60
massfraction-C2H
	1.000000e-60	1.312613e-34	1.680577e-33	7.113985e-33	2.395157e-32
	7.406094e-32	2.155445e-31	5.950961e-31	1.590247e-30	4.136349e-30
	1.055041e-29	2.660211e-29	6.682209e-29	1.684429e-28	4.288795e-28
	1.108521e-27	2.918146e-27	7.834683e-27	2.144379e-26	5.971356e-26
	1.686262e-25	4.809366e-25	1.379136e-24	3.958314e-24	1.132276e-23
	3.216150e-23	9.044862e-23	2.514274e-22	6.911244e-22	1.884656e-21
	5.127325e-21	1.402107e-20	3.887468e-20	1.101008e-19	3.191044e-19
	9.394806e-19	2.768110e-18	8.037417e-18	2.283052e-17	6.380322e-17
	1.781191e-16	5.047264e-16	1.466595e-15	4.385485e-15	1.344899e-14
	4.173284e-14	1.287379e-13	3.901834e-13	1.158433e-12	3.374625e-12
	9.661370e-12	2.716956e-11	7.475610e-11	1.996382e-10	5.117464e-10
	1.244506e-09	2.842392e-09	6.052157e-09	1.196194e-08	2.191435e-08
	3.725340e-08	5.897117e-08	8.755043e-08	1.232239e-07	1.662227e-07
	2.165769e-07	2.736620e-07	3.359891e-07	4.012112e-07	4.661587e-07
	5.272697e-07	5.813111e-07	6.256165e-07	6.578651e-07	6.760989e-07
	6.790510e-07	6.663334e-07	6.383940e-07	5.964686e-07	5.425774e-07
	4.795441e-07	4.109464e-07	3.407655e-07	2.727727e-07	2.099482e-07
	1.542029e-07	1.065613e-07	6.756427e-08	3.761838e-08	1.700351e-08
	5.304594e-09	8.577565e-10	5.894262e-11	1.991997e-12	4.735642e-14
	1.084321e-15	2.820798e-17	8.897479e-19	3.558489e-20	1.931287e-21
	1.523422e-22	1.757610e-23	2.735733e-24	5.211132e-25	1.160347e-25
	2.957891e-26	8.416634e-27	2.595430e-27	8.425661e-28	2.812617e-28
	9.523119e-29	3.260767e-29	1.134168e-29	4.039581e-30	1.486418e-30
	5.696224e-31	2.288526e-31	9.686976e-32	4.333186e-32	2.050673e-32
	1.025930e-32	5.412384e-33	2.999100e-33	1.736615e-33	1.044564e-33
	6.484016e-34	4.125121e-34	2.670726e-34	1.746931e-34	1.145908e-34
	7.479879e-35	4.818765e-35	3.036096e-35	1.851255e-35	1.078350e-35
	5.896912e-36	2.948004e-36	1.284798e-36	4.392869e-37	8.409376e-38
	1.000000e-60
massfraction-C2H2
	1.000000e-60	3.163279e-08	9.265980e-08	2.071702e-07	4.156848e-07
	7.839756e-07	1.414449e-06	2.459408e-06	4.134910e-06	6.732946e-06
	1.062927e-05	1.628441e-05	2.423664e-05	3.508673e-05	4.947654e-05
	6.806390e-05	9.149714e-05	1.203916e-04	1.553104e-04	1.967498e-04
	2.451295e-04	3.007884e-04	3.639830e-04	4.348908e-04	5.136157e-04
	6.001968e-04	6.946152e-04	7.968250e-04	9.068469e-04	1.024847e-03
	1.151050e-03	1.285514e-03	1.427856e-03	1.577057e-03	1.731663e-03
	1.890401e-03	2.052554e-03	2.217870e-03	2.386606e-03	2.559816e-03
	2.739075e-03	2.925386e-03	3.118290e-03	3.315905e-03	3.515356e-03
	3.713372e-03	3.907045e-03	4.094556e-03	4.275115e-03	4.448280e-03
	4.613327e-03	4.768953e-03	4.912942e-03	5.041619e-03	5.149326e-03
	5.228271e-03	5.269174e-03	5.262836e-03	5.202403e-03	5.085797e-03
	4.917360e-03	4.707530e-03	4.469384e-03	4.213630e-03	3.946873e-03
	3.673472e-03	3.397421e-03	3.122259e-03	2.850830e-03	2.585960e-03
	2.330256e-03	2.084983e-03	1.850135e-03	1.625821e-03	1.413097e-03
	1.213475e-03	1.028198e-03	8.581505e-04	7.040546e-04	5.665256e-04
	4.460840e-04	3.430486e-04	2.572099e-04	1.875991e-04	1.325440e-04
	8.996083e-05	5.777094e-05	3.419486e-05	1.784490e-05	7.594732e-06
	2.246917e-06	3.506191e-07	2.441249e-08	9.185696e-10	2.719218e-11
	8.522906e-13	3.279757e-14	1.656468e-15	1.170426e-16	1.274080e-17
	2.349933e-18	7.447607e-19	3.623664e-19	2.276407e-19	1.627141e-19
	1.241777e-19	9.819730e-20	7.920366e-20	6.452165e-20	5.272922e-20
	4.304217e-20	3.501152e-20	2.834787e-20	2.283428e-20	1.829156e-20
	1.456597e-20	1.152564e-20	9.058070e-21	7.067502e-21	5.472477e-21
	4.203730e-21	3.202451e-21	2.418866e-21	1.811042e-21	1.343872e-21
	9.881881e-22	7.199852e-22	5.197056e-22	3.715969e-22	2.631224e-22
	1.844288e-22	1.278696e-22	8.758611e-23	5.914603e-23	3.923718e-23
	2.541408e-23	1.589177e-23	9.381799e-24	4.964169e-24	1.989135e-24
	1.000000e-60
massfraction-CHCO
	1.000000e-60	1.994468e-07	5.178438e-07	1.014631e-06	1.771053e-06
	2.895090e-06	4.524614e-06	6.827616e-06	9.999210e-06	1.425487e-05
	1.982034e-05	2.691932e-05	3.576083e-05	4.652780e-05	5.936868e-05
	7.439235e-05	9.166686e-05	1.112209e-04	1.330475e-04	1.571092e-04
	1.833429e-04	2.116661e-04	2.419811e-04	2.741803e-04	3.081504e-04
	3.437762e-04	3.809435e-04	4.195493e-04	4.595328e-04	5.008948e-04
	5.436596e-04	5.877984e-04	6.331531e-04	6.793932e-04	7.260977e-04
	7.729408e-04	8.197867e-04	8.666412e-04	9.136526e-04	9.611824e-04
	1.009720e-03	1.059596e-03	1.110765e-03	1.162840e-03	1.215217e-03
	1.267214e-03	1.318249e-03	1.368016e-03	1.416464e-03	1.463617e-03
	1.509424e-03	1.553708e-03	1.596160e-03	1.636383e-03	1.674040e-03
	1.709061e-03	1.741750e-03	1.772668e-03	1.802244e-03	1.830280e-03
	1.855655e-03	1.876494e-03	1.890784e-03	1.896862e-03	1.893310e-03
	1.878754e-03	1.851969e-03	1.812084e-03	1.758679e-03	1.691970e-03
	1.612855e-03	1.522455e-03	1.421741e-03	1.311834e-03	1.194483e-03
	1.072029e-03	9.470042e-04	8.219672e-04	6.995291e-04	5.823378e-04
	4.730389e-04	3.741233e-04	2.875125e-04	2.141601e-04	1.539430e-04
	1.058804e-04	6.860007e-05	4.074706e-05	2.118004e-05	8.874547e-06
	2.533950e-06	3.702295e-07	2.342921e-08	7.838304e-10	2.016361e-11
	5.319811e-13	1.652260e-14	6.386267e-16	3.234128e-17	2.352307e-18
	2.743789e-19	5.326910e-20	1.558919e-20	5.853316e-21	2.526414e-21
	1.200885e-21	6.257593e-22	3.612743e-22	2.330875e-22	1.670669e-22
	1.299590e-22	1.061816e-22	8.836296e-23	7.325542e-23	5.973430e-23
	4.765902e-23	3.719576e-23	2.846751e-23	2.144161e-23	1.595041e-23
	1.175519e-23	8.603479e-24	6.264246e-24	4.543127e-24	3.284899e-24
	2.369616e-24	1.706486e-24	1.227654e-24	8.828149e-25	6.348834e-25
	4.566689e-25	3.283623e-25	2.356462e-25	1.682668e-25	1.189469e-25
	8.256028e-26	5.550994e-26	3.527049e-26	2.005971e-26	8.610041e-27
	1.000000e-60
massfraction-C3H3
	1.000000e-60	5.109764e-32	1.658927e-31	4.035940e-31	8.515722e-31
	1.603096e-30	2.572170e-30	3.995860e-30	7.801108e-30	2.012882e-29
	3.174894e-29	3.135371e-29	2.246982e-29	3.340277e-29	4.033941e-29
	1.130379e-28	2.402410e-28	5.073335e-28	1.385989e-27	3.810806e-27
	1.161036e-26	3.550168e-26	1.123783e-25	3.671239e-25	1.228439e-24
	4.193243e-24	1.454238e-23	5.107322e-23	1.813353e-22	6.505870e-22
	2.357188e-21	8.595616e-21	3.126904e-20	1.116851e-19	3.835764e-19
	1.242013e-18	3.742735e-18	1.045725e-17	2.728987e-17	6.780000e-17
	1.646649e-16	4.012246e-16	9.999721e-16	2.578665e-15	6.919966e-15
	1.930838e-14	5.610886e-14	1.707763e-13	5.491431e-13	1.876153e-12
	6.793802e-12	2.588445e-11	1.034203e-10	4.317373e-10	1.833359e-09
	7.535244e-09	2.853481e-08	9.595997e-08	2.801942e-07	7.041059e-07
	1.526732e-06	2.888102e-06	4.852469e-06	7.403687e-06	1.047175e-05
	1.393729e-05	1.762195e-05	2.130259e-05	2.473677e-05	2.768176e-05
	2.992847e-05	3.133444e-05	3.182089e-05	3.135910e-05	2.997902e-05
	2.778153e-05	2.492892e-05	2.162418e-05	1.809193e-05	1.455901e-05
	1.123506e-05	8.291578e-06	5.838131e-06	3.910021e-06	2.476943e-06
	1.467194e-06	7.952985e-07	3.799257e-07	1.501136e-07	4.404733e-08
	7.869336e-09	6.571278e-10	2.396164e-11	5.162735e-13	1.024083e-14
	2.337414e-16	5.925262e-18	1.476285e-19	3.202643e-21	5.540347e-23
	7.361694e-25	7.513846e-27	5.891476e-29	3.591178e-31	1.783715e-33
	7.564051e-36	2.807756e-38	9.136243e-41	2.550723e-43	5.964253e-46
	1.206667e-48	1.000000e-60	4.069564e-50	1.000000e-60	1.000000e-60
	7.145010e-51	5.796660e-51	1.000000e-60	1.000000e-60	1.000000e-60
	1.000000e-60	3.676709e-52	2.925995e-53	1.000000e-60	7.272507e-54
	7.424497e-53	4.464127e-54	1.331522e-53	1.000000e-60	7.113133e-54
	1.000000e-60	1.000000e-60	1.000000e-60	1.000000e-60	8.814920e-56
	1.000000e-60	2.030938e-57	1.000000e-60	1.000000e-60	1.000000e-60
	1.000000e-60
massfraction-C2H3
	1.000000e-60	4.145439e-19	1.101297e-18	2.056883e-18	3.303095e-18
	4.913743e-18	7.000732e-18	9.723882e-18	1.333588e-17	1.826915e-17
	2.529387e-17	3.581233e-17	5.243348e-17	8.014979e-17	1.288484e-16
	2.188531e-16	3.935258e-16	7.487068e-16	1.503171e-15	3.170732e-15
	6.987575e-15	1.598628e-14	3.771702e-14	9.117248e-14	2.244363e-13
	5.596113e-13	1.406652e-12	3.548577e-12	8.938857e-12	2.231579e-11
	5.455764e-11	1.284701e-10	2.858294e-10	5.897086e-10	1.112123e-09
	1.903771e-09	2.958317e-09	4.192646e-09	5.461624e-09	6.599040e-09
	7.444159e-09	7.835418e-09	7.611203e-09	6.699770e-09	5.296063e-09
	3.843566e-09	2.691680e-09	1.912079e-09	1.427689e-09	1.148446e-09
	1.014184e-09	9.947838e-10	1.088338e-09	1.336494e-09	1.844597e-09
	2.831433e-09	4.761818e-09	8.563903e-09	1.590602e-08	2.937745e-08
	5.224477e-08	8.753661e-08	1.369719e-07	2.007088e-07	2.775408e-07
	3.645614e-07	4.566376e-07	5.467689e-07	6.271442e-07	6.903742e-07
	7.310400e-07	7.466779e-07	7.374124e-07	7.052665e-07	6.539260e-07
	5.883727e-07	5.140692e-07	4.362198e-07	3.593641e-07	2.871577e-07
	2.223017e-07	1.665288e-07	1.205532e-07	8.413536e-08	5.632620e-08
	3.580710e-08	2.122177e-08	1.136720e-08	5.229066e-09	1.898226e-09
	4.652256e-10	6.152147e-11	3.995481e-12	1.594306e-13	6.020535e-15
	3.131528e-16	2.521158e-17	2.870481e-18	4.198402e-19	7.677692e-20
	1.732194e-20	4.353262e-21	1.063003e-21	2.603091e-22	7.123662e-23
	2.280141e-23	8.483279e-24	3.569270e-24	1.644260e-24	8.068356e-25
	4.137957e-25	2.193019e-25	1.192714e-25	6.623243e-26	3.738923e-26
	2.136821e-26	1.231561e-26	7.133148e-27	4.138818e-27	2.399018e-27
	1.385766e-27	7.959997e-28	4.538246e-28	2.563922e-28	1.433316e-28
	7.918651e-29	4.318541e-29	2.322365e-29	1.230139e-29	6.410227e-30
	3.281122e-30	1.646247e-30	8.071782e-31	3.849571e-31	1.772378e-31
	7.778472e-32	3.180864e-32	1.158827e-32	3.389573e-33	5.685871e-34
	1.000000e-60
massfraction-C2H4
	1.000000e-60	4.333294e-10	1.285321e-09	2.913856e-09	5.933147e-09
	1.135974e-08	2.080692e-08	3.671972e-08	6.263146e-08	1.034047e-07
	1.654090e-07	2.565875e-07	3.863809e-07	5.654998e-07	8.055676e-07
	1.118679e-06	1.516925e-06	2.011943e-06	2.614523e-06	3.334297e-06
	4.179522e-06	5.156951e-06	6.271786e-06	7.527699e-06	8.926936e-06
	1.047046e-05	1.215806e-05	1.398896e-05	1.596347e-05	1.808445e-05
	2.035578e-05	2.277825e-05	2.534471e-05	2.803636e-05	3.082646e-05
	3.369126e-05	3.661675e-05	3.959669e-05	4.263311e-05	4.574126e-05
	4.894380e-05	5.225081e-05	5.564404e-05	5.907944e-05	6.249841e-05
	6.584162e-05	6.906027e-05	7.212161e-05	7.499837e-05	7.764636e-05
	7.998603e-05	8.191848e-05	8.343580e-05	8.489234e-05	8.732584e-05
	9.241446e-05	1.018353e-04	1.164825e-04	1.360436e-04	1.588885e-04
	1.822456e-04	2.028649e-04	2.180840e-04	2.264974e-04	2.277682e-04
	2.222303e-04	2.107396e-04	1.945611e-04	1.751619e-04	1.540512e-04
	1.326030e-04	1.118425e-04	9.241662e-05	7.474700e-05	5.913315e-05
	4.573464e-05	3.454912e-05	2.545144e-05	1.824556e-05	1.269752e-05
	8.558199e-06	5.576954e-06	3.508861e-06	2.126720e-06	1.235243e-06
	6.798074e-07	3.471950e-07	1.588725e-07	6.150758e-08	1.832631e-08
	3.533453e-09	3.517105e-10	1.757697e-11	6.174215e-13	2.553048e-14
	1.682399e-15	1.669642e-16	2.168791e-17	3.458729e-18	6.864496e-19
	1.800240e-19	6.536582e-20	3.196316e-20	1.928377e-20	1.319889e-20
	9.716822e-21	7.465897e-21	5.882481e-21	4.698747e-21	3.775007e-21
	3.034950e-21	2.434742e-21	1.946262e-21	1.549020e-21	1.226808e-21
	9.663198e-22	7.565651e-22	5.884597e-22	4.544763e-22	3.483617e-22
	2.649096e-22	1.997838e-22	1.493793e-22	1.107094e-22	8.131327e-23
	5.917768e-23	4.266999e-23	3.047930e-23	2.156459e-23	1.510879e-23
	1.047845e-23	7.188561e-24	4.872464e-24	3.256393e-24	2.138451e-24
	1.371504e-24	8.495527e-25	4.970717e-25	2.608313e-25	1.037209e-25
	1.000000e-60
massfraction-C2H5
	1.000000e-60	9.409544e-15	2.856021e-14	6.642234e-14	1.389633e-13
	2.735634e-13	5.152205e-13	9.345284e-13	1.637048e-12	2.773042e-12
	4.546052e-12	7.218512e-12	1.111293e-11	1.660773e-11	2.412799e-11
	3.413204e-11	4.709582e-11	6.349673e-11	8.379868e-11	1.084398e-10
	1.378236e-10	1.723144e-10	2.122368e-10	2.578807e-10	3.095125e-10
	3.673924e-10	4.317975e-10	5.030697e-10	5.817225e-10	6.685607e-10
	7.647083e-10	8.715376e-10	9.905213e-10	1.123003e-09	1.270060e-09
	1.432460e-09	1.610125e-09	1.800647e-09	1.997210e-09	2.185684e-09
	2.339232e-09	2.412421e-09	2.349314e-09	2.129949e-09	1.836051e-09
	1.610026e-09	1.518531e-09	1.558523e-09	1.732875e-09	2.076650e-09
	2.669494e-09	3.660286e-09	5.311190e-09	8.063459e-09	1.261958e-08
	2.002556e-08	3.172119e-08	4.950206e-08	7.531509e-08	1.107938e-07
	1.565332e-07	2.113840e-07	2.724966e-07	3.362071e-07	3.985466e-07
	4.550561e-07	5.008847e-07	5.316820e-07	5.445484e-07	5.386354e-07
	5.153454e-07	4.777216e-07	4.294550e-07	3.744074e-07	3.164912e-07
	2.593277e-07	2.058107e-07	1.579542e-07	1.169579e-07	8.330905e-08
	5.690593e-08	3.717271e-08	2.316259e-08	1.371821e-08	7.668880e-09
	3.989906e-09	1.882507e-09	7.703413e-10	2.536673e-10	5.911916e-11
	7.654364e-12	4.033771e-13	9.482740e-15	1.815192e-16	5.456745e-18
	3.421875e-19	3.666229e-20	5.425460e-21	1.023032e-21	2.428601e-22
	7.050274e-23	2.201390e-23	6.457197e-24	1.797049e-24	5.097793e-25
	1.553715e-25	5.187364e-26	1.885114e-26	7.335720e-27	3.008690e-27
	1.287617e-27	5.724919e-28	2.638103e-28	1.256130e-28	6.153195e-29
	3.084227e-29	1.572817e-29	8.114789e-30	4.214212e-30	2.192856e-30
	1.138730e-30	5.880973e-31	3.011722e-31	1.525574e-31	7.627586e-32
	3.757460e-32	1.820839e-32	8.667416e-33	4.046884e-33	1.850427e-33
	8.269900e-34	3.603292e-34	1.525268e-34	6.241413e-35	2.451382e-35
	9.146559e-36	3.194676e-36	1.023470e-36	2.925687e-37	6.923102e-38
	1.000000e-60
massfraction-C3H4
	1.000000e-60	2.162483e-16	6.958635e-16	1.727296e-15	3.872292e-15
	8.182277e-15	1.654050e-14	3.216316e-14	6.027829e-14	1.089647e-13
	1.900847e-13	3.201959e-13	5.212948e-13	8.212509e-13	1.253828e-12
	1.858259e-12	2.678410e-12	3.761632e-12	5.157412e-12	6.915968e-12
	9.086874e-12	1.171783e-11	1.485358e-11	1.853512e-11	2.279916e-11
	2.767780e-11	3.319839e-11	3.938484e-11	4.626346e-11	5.386872e-11
	6.223880e-11	7.140030e-11	8.134748e-11	9.202405e-11	1.033334e-10
	1.151822e-10	1.275114e-10	1.402934e-10	1.535380e-10	1.673186e-10
	1.817513e-10	1.969062e-10	2.127281e-10	2.290322e-10	2.455359e-10
	2.619071e-10	2.778076e-10	2.928268e-10	3.059174e-10	3.135238e-10
	3.058533e-10	2.663972e-10	1.904816e-10	1.100946e-10	6.591979e-11
	7.506104e-11	1.641191e-10	4.484975e-10	1.270546e-09	3.447799e-09
	8.598071e-09	1.933173e-08	3.911504e-08	7.201744e-08	1.225319e-07
	1.950285e-07	2.925175e-07	4.153981e-07	5.606449e-07	7.212393e-07
	8.868315e-07	1.045917e-06	1.187333e-06	1.300359e-06	1.375323e-06
	1.405303e-06	1.387419e-06	1.323045e-06	1.217549e-06	1.079779e-06
	9.212799e-07	7.550944e-07	5.937963e-07	4.473427e-07	3.217883e-07
	2.193452e-07	1.395771e-07	8.073660e-08	4.058618e-08	1.644268e-08
	4.665277e-09	7.657718e-10	7.125288e-11	4.915296e-12	3.467811e-13
	2.956261e-14	3.107372e-15	3.911279e-16	5.820084e-17	1.056251e-17
	2.502278e-18	8.146782e-19	3.534429e-19	1.863193e-19	1.104891e-19
	7.059941e-20	4.740919e-20	3.289272e-20	2.327684e-20	1.664075e-20
	1.194398e-20	8.579518e-21	6.159066e-21	4.415902e-21	3.160438e-21
	2.256387e-21	1.605775e-21	1.138171e-21	8.028412e-22	5.631365e-22
	3.925036e-22	2.716628e-22	1.866013e-22	1.271371e-22	8.588417e-23
	5.750177e-23	3.814620e-23	2.506812e-23	1.631564e-23	1.051485e-23
	6.707939e-24	4.233964e-24	2.641787e-24	1.626878e-24	9.859797e-25
	5.849495e-25	3.362368e-25	1.833198e-25	9.009928e-26	3.376381e-26
	1.000000e-60
massfraction-C3H5
	1.000000e-60	2.801097e-16	9.120757e-16	2.294101e-15	5.215572e-15
	1.117983e-14	2.292579e-14	4.521003e-14	8.589278e-14	1.573178e-13
	2.778986e-13	4.737359e-13	7.800320e-13	1.242048e-12	1.915409e-12
	2.865662e-12	4.167102e-12	5.901008e-12	8.153452e-12	1.101293e-11
	1.456795e-11	1.890481e-11	2.410563e-11	3.024672e-11	3.739747e-11
	4.561967e-11	5.496693e-11	6.548685e-11	7.723077e-11	9.026363e-11
	1.046563e-10	1.204587e-10	1.376620e-10	1.561636e-10	1.757792e-10
	1.963091e-10	2.175795e-10	2.394180e-10	2.616384e-10	2.840444e-10
	3.063247e-10	3.278040e-10	3.472081e-10	3.625695e-10	3.712381e-10
	3.701093e-10	3.557813e-10	3.247707e-10	2.741148e-10	2.037648e-10
	1.222759e-10	5.143408e-11	1.289028e-11	1.964758e-12	3.780685e-13
	2.175903e-13	2.346133e-13	3.598147e-13	7.124504e-13	1.649675e-12
	4.056538e-12	9.833794e-12	2.251710e-11	4.804393e-11	9.576107e-11
	1.792505e-10	3.159216e-10	5.249394e-10	8.235739e-10	1.221617e-09
	1.716533e-09	2.293576e-09	2.927875e-09	3.583364e-09	4.212156e-09
	4.759993e-09	5.175087e-09	5.415098e-09	5.452381e-09	5.278489e-09
	4.907248e-09	4.375320e-09	3.737202e-09	3.054103e-09	2.381372e-09
	1.760248e-09	1.217361e-09	7.690164e-10	4.256921e-10	1.923342e-10
	6.204639e-11	1.189024e-11	1.333432e-12	1.151882e-13	1.073321e-14
	1.298399e-15	2.112498e-16	4.527309e-17	1.246253e-17	4.350503e-18
	1.939327e-18	1.097426e-18	7.415873e-19	5.504459e-19	4.247770e-19
	3.328105e-19	2.624055e-19	2.072977e-19	1.634718e-19	1.282277e-19
	9.979259e-20	7.696624e-20	5.881974e-20	4.455084e-20	3.344815e-20
	2.489154e-20	1.835679e-20	1.341109e-20	9.702684e-21	6.948944e-21
	4.924864e-21	3.452919e-21	2.394350e-21	1.641793e-21	1.113084e-21
	7.460936e-22	4.944417e-22	3.239743e-22	2.098950e-22	1.344619e-22
	8.516651e-23	5.331990e-23	3.297391e-23	2.011475e-23	1.207152e-23
	7.090698e-24	4.035848e-24	2.179537e-24	1.061678e-24	3.946296e-25
	1.000000e-60
massfraction-C3H6
	1.000000e-60	4.225207e-13	1.396924e-12	3.574107e-12	8.274067e-12
	1.806708e-11	3.773915e-11	7.578214e-11	1.465275e-10	2.729509e-10
	4.900249e-10	8.483109e-10	1.417327e-09	2.288150e-09	3.574780e-09
	5.413960e-09	7.963402e-09	1.139859e-08	1.590845e-08	2.169043e-08
	2.894518e-08	3.787145e-08	4.866124e-08	6.149557e-08	7.654094e-08
	9.394629e-08	1.138395e-07	1.363281e-07	1.615132e-07	1.894985e-07
	2.203497e-07	2.539937e-07	2.900740e-07	3.278052e-07	3.659585e-07
	4.030211e-07	4.373552e-07	4.672659e-07	4.910901e-07	5.072383e-07
	5.140519e-07	5.097385e-07	4.927598e-07	4.625786e-07	4.203163e-07
	3.688783e-07	3.118493e-07	2.523554e-07	1.926805e-07	1.347470e-07
	8.136940e-08	3.809134e-08	1.214366e-08	3.100928e-09	1.331369e-09
	1.047116e-09	1.109638e-09	1.438008e-09	2.137165e-09	3.414892e-09
	5.546167e-09	8.784087e-09	1.324806e-08	1.887646e-08	2.542089e-08
	3.241033e-08	3.913934e-08	4.478243e-08	4.858755e-08	5.006257e-08
	4.910855e-08	4.600032e-08	4.123745e-08	3.541943e-08	2.917116e-08
	2.305544e-08	1.749141e-08	1.273029e-08	8.874932e-09	5.913267e-09
	3.755686e-09	2.268303e-09	1.299475e-09	7.032204e-10	3.564445e-10
	1.663729e-10	6.934414e-11	2.449650e-11	6.727068e-12	1.241499e-12
	1.173477e-13	3.918942e-15	4.567150e-17	3.245185e-19	2.571453e-21
	3.147335e-23	6.454900e-25	2.155486e-26	1.124376e-27	9.340119e-29
	2.885406e-29	3.010563e-30	1.378922e-30	8.937420e-31	6.631985e-31
	5.122753e-31	4.003635e-31	3.138430e-31	2.456042e-31	1.911466e-31
	1.475521e-31	1.128405e-31	8.547922e-32	6.415446e-32	4.771355e-32
	3.516311e-32	2.567228e-32	1.856215e-32	1.328661e-32	9.411508e-33
	6.594935e-33	4.570201e-33	3.131309e-33	2.120820e-33	1.419779e-33
	9.394140e-34	6.143546e-34	3.971291e-34	2.537622e-34	1.602978e-34
	1.000964e-34	6.177338e-35	3.765452e-35	2.264174e-35	1.339594e-35
	7.759827e-36	4.357814e-36	2.323717e-36	1.118697e-36	4.114570e-37
	1.000000e-60
massfraction-N-C3H7
	1.000000e-60	1.504113e-18	4.979266e-18	1.275817e-17	2.958057e-17
	6.469304e-17	1.353451e-16	2.721984e-16	5.270927e-16	9.832814e-16
	1.767708e-15	3.064210e-15	5.125971e-15	8.285225e-15	1.295849e-14
	1.964618e-14	2.892633e-14	4.144310e-14	5.789118e-14	7.899764e-14
	1.055027e-13	1.381407e-13	1.776222e-13	2.246173e-13	2.797399e-13
	3.435298e-13	4.164207e-13	4.986967e-13	5.904260e-13	6.912026e-13
	7.992920e-13	9.096370e-13	1.010036e-12	1.075742e-12	1.067922e-12
	9.511754e-13	7.391257e-13	5.117319e-13	3.347603e-13	2.135318e-13
	1.336361e-13	8.250493e-14	5.067436e-14	3.122941e-14	1.945150e-14
	1.233136e-14	7.991694e-15	5.278666e-15	3.506861e-15	2.277303e-15
	1.365220e-15	6.794708e-16	2.467760e-16	7.677448e-17	4.271080e-17
	4.586268e-17	6.906457e-17	1.305102e-16	2.859725e-16	6.719220e-16
	1.582280e-15	3.552913e-15	7.399813e-15	1.420226e-14	2.523185e-14
	4.170437e-14	6.424733e-14	9.229902e-14	1.237560e-13	1.550654e-13
	1.820339e-13	2.010373e-13	2.097552e-13	2.073634e-13	1.946116e-13
	1.736618e-13	1.475090e-13	1.192930e-13	9.178560e-14	6.707770e-14
	4.645714e-14	3.042358e-14	1.879257e-14	1.090613e-14	5.899286e-15
	2.926578e-15	1.292692e-15	4.831560e-16	1.403217e-16	2.740102e-17
	2.743966e-18	9.706163e-20	1.183638e-21	8.542665e-24	6.689618e-26
	8.027928e-28	1.627618e-29	5.470842e-31	2.791761e-32	2.023104e-33
	6.117944e-33	1.000000e-60	5.883828e-35	4.733532e-35	4.515159e-35
	4.818154e-35	5.921919e-35	8.165260e-35	9.597446e-35	9.004399e-35
	7.497962e-35	5.907796e-35	4.527405e-35	3.412380e-35	2.540944e-35
	1.872377e-35	1.366038e-35	9.867117e-36	7.054571e-36	4.990763e-36
	3.492525e-36	2.416917e-36	1.653595e-36	1.118317e-36	7.475192e-37
	4.938356e-37	3.224426e-37	2.080932e-37	1.327494e-37	8.371449e-38
	5.218538e-38	3.215006e-38	1.956339e-38	1.174315e-38	6.935915e-39
	4.011017e-39	2.248894e-39	1.197345e-39	5.756186e-40	2.114440e-40
	1.000000e-60
massfraction-I-C3H7
	1.000000e-60	1.000000e-60	1.000015e-60	1.000040e-60	1.000079e-60
	1.000139e-60	1.000224e-60	1.000336e-60	1.000468e-60	1.000602e-60
	1.000691e-60	1.000660e-60	1.000386e-60	9.996982e-61	9.983655e-61
	9.961019e-61	9.925677e-61	9.873791e-61	9.801208e-61	9.703607e-61
	9.576670e-61	9.416244e-61	9.218504e-61	8.980110e-61	8.698323e-61
	8.371121e-61	7.997277e-61	7.576333e-61	7.108244e-61	6.593018e-61
	6.031070e-61	5.424256e-61	4.777144e-61	4.097892e-61	3.397368e-61
	2.687271e-61	1.981960e-61	1.307430e-61	7.142380e-62	2.795575e-62
	6.091270e-63	5.450509e-64	1.658825e-65	1.998255e-67	2.253108e-68
	1.310810e-68	8.229614e-69	5.457791e-69	3.818429e-69	2.811832e-69
	2.174179e-69	1.759790e-69	1.483992e-69	1.294441e-69	1.156227e-69
	1.044839e-69	9.434449e-70	8.420543e-70	7.371841e-70	6.307991e-70
	5.279728e-70	4.340356e-70	3.522175e-70	2.829799e-70	2.251486e-70
	1.772119e-70	1.378316e-70	1.058080e-70	8.006558e-71	5.969162e-71
	4.385562e-71	3.173720e-71	2.258050e-71	1.576270e-71	1.078504e-71
	7.230715e-72	4.747058e-72	3.218432e-72	2.564567e-69	3.750950e-65
	5.407208e-61	7.716945e-57	1.093348e-52	1.545610e-48	2.209523e-44
	3.285598e-40	5.324786e-36	1.004310e-31	3.581457e-36	8.563435e-41
	1.165650e-45	7.808394e-51	2.707802e-56	6.601797e-62	1.662622e-67
	5.686461e-73	4.594063e-74	1.967959e-72	6.939238e-71	2.086546e-69
	5.144135e-68	9.599379e-67	1.247312e-65	1.011114e-64	3.749575e-64
	6.067021e-64	6.941262e-64	7.280598e-64	7.482864e-64	7.663766e-64
	7.864047e-64	8.098698e-64	8.366680e-64	8.653100e-64	8.930996e-64
	9.164675e-64	9.314908e-64	9.345558e-64	9.230261e-64	8.957396e-64
	8.532088e-64	7.975118e-64	7.319798e-64	6.608650e-64	5.892325e-64
	5.233961e-64	4.724061e-64	4.515336e-64	4.896447e-64	6.443144e-64
	1.032486e-63	1.892407e-63	3.708363e-63	7.461080e-63	1.512863e-62
	3.068464e-62	6.207982e-62	1.251588e-61	2.513529e-61	5.025735e-61
	1.000000e-60
massfraction-C3H8
	1.000000e-60	1.000001e-60	1.000018e-60	1.000048e-60	1.000098e-60
	1.000177e-60	1.000300e-60	1.000483e-60	1.000743e-60	1.001097e-60
	1.001557e-60	1.002125e-60	1.002785e-60	1.003502e-60	1.004216e-60
	1.004835e-60	1.005243e-60	1.005296e-60	1.004827e-60	1.003650e-60
	1.001570e-60	9.983839e-61	9.938901e-61	9.878924e-61	9.802049e-61
	9.706556e-61	9.590896e-61	9.453682e-61	9.293555e-61	9.109033e-61
	8.898584e-61	8.661031e-61	8.396165e-61	8.105346e-61	7.791335e-61
	7.457098e-61	7.104838e-61	6.735988e-61	6.350984e-61	5.948483e-61
	5.525992e-61	5.082566e-61	4.621220e-61	4.149046e-61	3.675963e-61
	3.212940e-61	2.769663e-61	2.352622e-61	1.965291e-61	1.609782e-61
	1.288133e-61	1.002547e-61	7.552503e-62	5.480852e-62	3.816510e-62
	2.544340e-62	1.624722e-62	9.976772e-63	5.935459e-63	3.457120e-63
	1.995950e-63	1.156798e-63	6.790953e-64	4.044656e-64	2.434817e-64
	1.474894e-64	8.968120e-65	5.465991e-65	3.335094e-65	2.036562e-65
	1.244841e-65	7.603805e-66	4.623175e-66	2.786866e-66	1.661760e-66
	9.789697e-67	5.688623e-67	3.252642e-67	1.824999e-67	1.002040e-67
	5.371977e-68	2.808702e-68	1.431098e-68	7.090519e-69	3.395058e-69
	1.549933e-69	6.585560e-70	2.504024e-70	8.010915e-71	1.952368e-71
	3.032226e-72	2.380941e-73	9.087966e-75	6.204642e-75	2.770077e-73
	1.286956e-71	5.088564e-70	1.623895e-68	4.148832e-67	8.310252e-66
	1.226066e-64	1.208326e-63	7.291412e-63	2.675772e-62	6.572293e-62
	1.228318e-61	1.925576e-61	2.692563e-61	3.487271e-61	4.280507e-61
	5.049075e-61	5.772610e-61	6.435210e-61	7.027258e-61	7.545361e-61
	7.991038e-61	8.368964e-61	8.685530e-61	8.947858e-61	9.163154e-61
	9.338318e-61	9.479709e-61	9.593024e-61	9.683255e-61	9.754689e-61
	9.810952e-61	9.855064e-61	9.889507e-61	9.916299e-61	9.937065e-61
	9.953101e-61	9.965433e-61	9.974874e-61	9.982060e-61	9.987489e-61
	9.991553e-61	9.994555e-61	9.996735e-61	9.998278e-61	9.999329e-61
	1.000000e-60
V [kg/(s*m^2)]
	7.327361e-02	7.063383e-02	6.800628e-02	6.540646e-02	6.284828e-02
	6.034134e-02	5.789344e-02	5.551204e-02	5.320392e-02	5.097473e-02
	4.882855e-02	4.676771e-02	4.479267e-02	4.290213e-02	4.109325e-02
	3.936195e-02	3.770319e-02	3.611128e-02	3.458018e-02	3.310372e-02
	3.167571e-02	3.029014e-02	2.894116e-02	2.762318e-02	2.633081e-02
	2.505883e-02	2.380221e-02	2.255581e-02	2.131344e-02	2.006743e-02
	1.880980e-02	1.753429e-02	1.623823e-02	1.492359e-02	1.359483e-02
	1.225394e-02	1.089794e-02	9.520066e-03	8.109392e-03	6.647851e-03
	5.111716e-03	3.479838e-03	1.741320e-03	-1.034665e-04	-2.044775e-03
	-4.065608e-03	-6.147924e-03	-8.280255e-03	-1.045908e-02	-1.268293e-02
	-1.494519e-02	-1.723018e-02	-1.951008e-02	-2.174314e-02	-2.387732e-02
	-2.585925e-02	-2.764456e-02	-2.920613e-02	-3.053713e-02	-3.164806e-02
	-3.256075e-02	-3.330270e-02	-3.390501e-02	-3.439979e-02	-3.481475e-02
	-3.516989e-02	-3.547847e-02	-3.574996e-02	-3.599166e-02	-3.620887e-02
	-3.640564e-02	-3.658595e-02	-3.675367e-02	-3.691186e-02	-3.706250e-02
	-3.720687e-02	-3.734619e-02	-3.748168e-02	-3.761445e-02	-3.774547e-02
	-3.787550e-02	-3.800498e-02	-3.813426e-02	-3.826389e-02	-3.839511e-02
	-3.853030e-02	-3.867343e-02	-3.883064e-02	-3.901145e-02	-3.923108e-02
	-3.952038e-02	-3.994314e-02	-4.058720e-02	-4.147718e-02	-4.252150e-02
	-4.360988e-02	-4.470049e-02	-4.580643e-02	-4.696163e-02	-4.819763e-02
	-4.952867e-02	-5.094415e-02	-5.241191e-02	-5.389045e-02	-5.534592e-02
	-5.676349e-02	-5.814445e-02	-5.950014e-02	-6.084834e-02	-6.220767e-02
	-6.359113e-02	-6.500341e-02	-6.644374e-02	-6.790959e-02	-6.939884e-02
	-7.091068e-02	-7.244531e-02	-7.400353e-02	-7.558633e-02	-7.719473e-02
	-7.882955e-02	-8.049141e-02	-8.218060e-02	-8.389708e-02	-8.564043e-02
	-8.740990e-02	-8.920441e-02	-9.102259e-02	-9.286286e-02	-9.472344e-02
	-9.660244e-02	-9.849795e-02	-1.004080e-01	-1.023308e-01	-1.042646e-01
	-1.062076e-01	-1.081585e-01	-1.101160e-01	-1.120785e-01	-1.140437e-01
	-1.160090e-01
density [kg/m^3]
	6.431859e-01	6.431038e-01	6.429788e-01	6.427878e-01	6.424972e-01
	6.420589e-01	6.414074e-01	6.404573e-01	6.391030e-01	6.372206e-01
	6.346743e-01	6.313246e-01	6.270399e-01	6.217080e-01	6.152472e-01
	6.076141e-01	5.988074e-01	5.888675e-01	5.778726e-01	5.659313e-01
	5.531742e-01	5.397446e-01	5.257903e-01	5.114563e-01	4.968786e-01
	4.821808e-01	4.674715e-01	4.528401e-01	4.383479e-01	4.240253e-01
	4.098897e-01	3.959715e-01	3.823329e-01	3.690717e-01	3.562895e-01
	3.440423e-01	3.323257e-01	3.210986e-01	3.102899e-01	2.997889e-01
	2.894698e-01	2.792508e-01	2.691259e-01	2.591423e-01	2.493726e-01
	2.399147e-01	2.308601e-01	2.222507e-01	2.140852e-01	2.063524e-01
	1.990576e-01	1.922285e-01	1.859153e-01	1.801845e-01	1.751016e-01
	1.707088e-01	1.670097e-01	1.639666e-01	1.615087e-01	1.595487e-01
	1.579976e-01	1.567738e-01	1.558040e-01	1.550232e-01	1.543803e-01
	1.538404e-01	1.533814e-01	1.529885e-01	1.526508e-01	1.523613e-01
	1.521147e-01	1.519069e-01	1.517340e-01	1.515945e-01	1.514884e-01
	1.514169e-01	1.513819e-01	1.513854e-01	1.514300e-01	1.515186e-01
	1.516542e-01	1.518387e-01	1.520731e-01	1.523574e-01	1.526926e-01
	1.530830e-01	1.535397e-01	1.540837e-01	1.547524e-01	1.556102e-01
	1.567947e-01	1.586102e-01	1.615640e-01	1.661080e-01	1.723282e-01
	1.800699e-01	1.893274e-01	2.004233e-01	2.139973e-01	2.308838e-01
	2.518768e-01	2.774077e-01	3.073075e-01	3.408249e-01	3.770082e-01
	4.151512e-01	4.548529e-01	4.959577e-01	5.385250e-01	5.826620e-01
	6.282666e-01	6.748894e-01	7.218186e-01	7.682391e-01	8.133556e-01
	8.564684e-01	8.969995e-01	9.345022e-01	9.686658e-01	9.993135e-01
	1.026397e+00	1.049980e+00	1.070222e+00	1.087357e+00	1.101668e+00
	1.113465e+00	1.123071e+00	1.130801e+00	1.136950e+00	1.141791e+00
	1.145562e+00	1.148473e+00	1.150700e+00	1.152388e+00	1.153658e+00
	1.154606e+00	1.155309e+00	1.155826e+00	1.156205e+00	1.156480e+00
	1.156679e+00
cp [J/m^3K]
	2.197908e+03	2.198075e+03	2.198316e+03	2.198671e+03	2.199192e+03
	2.199956e+03	2.201065e+03	2.202653e+03	2.204887e+03	2.207960e+03
	2.212086e+03	2.217487e+03	2.224373e+03	2.232931e+03	2.243300e+03
	2.255565e+03	2.269744e+03	2.285790e+03	2.303588e+03	2.322969e+03
	2.343719e+03	2.365585e+03	2.388298e+03	2.411578e+03	2.435148e+03
	2.458742e+03	2.482116e+03	2.505050e+03	2.527372e+03	2.548951e+03
	2.569673e+03	2.589390e+03	2.607897e+03	2.624922e+03	2.640171e+03
	2.653377e+03	2.664278e+03	2.672543e+03	2.677696e+03	2.679009e+03
	2.675302e+03	2.664738e+03	2.644723e+03	2.611927e+03	2.563999e+03
	2.507900e+03	2.445832e+03	2.378788e+03	2.307660e+03	2.233344e+03
	2.156947e+03	2.079887e+03	2.003930e+03	1.931140e+03	1.863617e+03
	1.803115e+03	1.750718e+03	1.706714e+03	1.670679e+03	1.641729e+03
	1.618778e+03	1.600726e+03	1.586510e+03	1.575160e+03	1.565894e+03
	1.558172e+03	1.551640e+03	1.546048e+03	1.541209e+03	1.536985e+03
	1.533272e+03	1.529971e+03	1.526995e+03	1.524272e+03	1.521760e+03
	1.519425e+03	1.517240e+03	1.515178e+03	1.513216e+03	1.511332e+03
	1.509511e+03	1.507739e+03	1.506004e+03	1.504291e+03	1.502575e+03
	1.500817e+03	1.498956e+03	1.496900e+03	1.494508e+03	1.491547e+03
	1.487539e+03	1.481453e+03	1.471695e+03	1.457347e+03	1.439300e+03
	1.419166e+03	1.397759e+03	1.375004e+03	1.350410e+03	1.323584e+03
	1.294653e+03	1.264484e+03	1.234478e+03	1.206054e+03	1.177268e+03
	1.149588e+03	1.125531e+03	1.105458e+03	1.088909e+03	1.075260e+03
	1.063978e+03	1.054646e+03	1.046926e+03	1.040531e+03	1.035219e+03
	1.030791e+03	1.027089e+03	1.023988e+03	1.021389e+03	1.019213e+03
	1.017397e+03	1.015887e+03	1.014639e+03	1.013612e+03	1.012773e+03
	1.012093e+03	1.011545e+03	1.011108e+03	1.010761e+03	1.010488e+03
	1.010276e+03	1.010111e+03	1.009984e+03	1.009887e+03	1.009814e+03
	1.009758e+03	1.009717e+03	1.009686e+03	1.009663e+03	1.009646e+03
	1.009633e+03
lambda [W/m]
	3.231541e-02	3.232311e-02	3.233424e-02	3.235045e-02	3.237417e-02
	3.240881e-02	3.245908e-02	3.253114e-02	3.263272e-02	3.277308e-02
	3.296282e-02	3.321346e-02	3.353695e-02	3.394508e-02	3.444899e-02
	3.505867e-02	3.578275e-02	3.662827e-02	3.760075e-02	3.870427e-02
	3.994163e-02	4.131466e-02	4.282443e-02	4.447152e-02	4.625639e-02
	4.817960e-02	5.024205e-02	5.244571e-02	5.479553e-02	5.730115e-02
	5.997501e-02	6.282772e-02	6.586227e-02	6.906911e-02	7.242917e-02
	7.592550e-02	7.955057e-02	8.330354e-02	8.719040e-02	9.122921e-02
	9.544001e-02	9.981127e-02	1.042653e-01	1.086431e-01	1.127596e-01
	1.167270e-01	1.205013e-01	1.240183e-01	1.272379e-01	1.301317e-01
	1.326749e-01	1.348474e-01	1.366387e-01	1.380536e-01	1.391179e-01
	1.398785e-01	1.403955e-01	1.407320e-01	1.409436e-01	1.410737e-01
	1.411529e-01	1.412007e-01	1.412294e-01	1.412457e-01	1.412536e-01
	1.412547e-01	1.412496e-01	1.412384e-01	1.412206e-01	1.411954e-01
	1.411620e-01	1.411193e-01	1.410656e-01	1.409990e-01	1.409174e-01
	1.408185e-01	1.406999e-01	1.405592e-01	1.403933e-01	1.401995e-01
	1.399751e-01	1.397184e-01	1.394286e-01	1.391052e-01	1.387465e-01
	1.383472e-01	1.378961e-01	1.373731e-01	1.367442e-01	1.359519e-01
	1.348761e-01	1.332592e-01	1.307117e-01	1.270165e-01	1.223975e-01
	1.172590e-01	1.118209e-01	1.060910e-01	9.998642e-02	9.346170e-02
	8.660809e-02	7.968041e-02	7.301802e-02	6.691342e-02	6.139864e-02
	5.653283e-02	5.233623e-02	4.872211e-02	4.558004e-02	4.281570e-02
	4.036588e-02	3.819390e-02	3.627600e-02	3.459197e-02	3.312174e-02
	3.184505e-02	3.074232e-02	2.979512e-02	2.898640e-02	2.830040e-02
	2.772256e-02	2.723945e-02	2.683872e-02	2.650904e-02	2.624009e-02
	2.602257e-02	2.584818e-02	2.570958e-02	2.560037e-02	2.551507e-02
	2.544898e-02	2.539820e-02	2.535948e-02	2.533018e-02	2.530817e-02
	2.529175e-02	2.527958e-02	2.527062e-02	2.526405e-02	2.525927e-02
	2.525581e-02
mu [kg/s^2m]
	1.146011e-05	1.146107e-05	1.146270e-05	1.146542e-05	1.146986e-05
	1.147691e-05	1.148782e-05	1.150423e-05	1.152821e-05	1.156228e-05
	1.160928e-05	1.167233e-05	1.175465e-05	1.185944e-05	1.198966e-05
	1.214801e-05	1.233678e-05	1.255784e-05	1.281269e-05	1.310245e-05
	1.342794e-05	1.378979e-05	1.418848e-05	1.462446e-05	1.509820e-05
	1.561028e-05	1.616146e-05	1.675284e-05	1.738643e-05	1.806558e-05
	1.879456e-05	1.957733e-05	2.041601e-05	2.130951e-05	2.225438e-05
	2.324823e-05	2.429208e-05	2.539010e-05	2.655050e-05	2.778840e-05
	2.912540e-05	3.058271e-05	3.217383e-05	3.390277e-05	3.576473e-05
	3.774473e-05	3.982258e-05	4.198199e-05	4.421306e-05	4.650665e-05
	4.884703e-05	5.120773e-05	5.354897e-05	5.581729e-05	5.795177e-05
	5.989565e-05	6.160800e-05	6.307077e-05	6.428884e-05	6.528381e-05
	6.608583e-05	6.672726e-05	6.724069e-05	6.765712e-05	6.800200e-05
	6.829317e-05	6.854217e-05	6.875697e-05	6.894351e-05	6.910595e-05
	6.924734e-05	6.937050e-05	6.947797e-05	6.957142e-05	6.965155e-05
	6.971855e-05	6.977244e-05	6.981311e-05	6.984028e-05	6.985351e-05
	6.985232e-05	6.983637e-05	6.980562e-05	6.976029e-05	6.970054e-05
	6.962581e-05	6.953408e-05	6.942094e-05	6.927826e-05	6.909150e-05
	6.882937e-05	6.842167e-05	6.774973e-05	6.671012e-05	6.530346e-05
	6.361108e-05	6.169413e-05	5.955538e-05	5.716117e-05	5.448566e-05
	5.155616e-05	4.847560e-05	4.539852e-05	4.247529e-05	3.979853e-05
	3.739096e-05	3.523557e-05	3.330009e-05	3.154821e-05	2.994977e-05
	2.848743e-05	2.715537e-05	2.595229e-05	2.487612e-05	2.392232e-05
	2.308393e-05	2.235264e-05	2.171952e-05	2.117552e-05	2.071173e-05
	2.031949e-05	1.999051e-05	1.971696e-05	1.949148e-05	1.930729e-05
	1.915819e-05	1.903858e-05	1.894349e-05	1.886858e-05	1.881007e-05
	1.876477e-05	1.872998e-05	1.870349e-05	1.868346e-05	1.866844e-05
	1.865726e-05	1.864898e-05	1.864290e-05	1.863846e-05	1.863524e-05
	1.863292e-05
mDot_CH4 [kg/m^3s]
	0.000000e+00	-4.404743e-19	9.011228e-16	3.986887e-15	1.184277e-14
	2.942613e-14	6.585831e-14	1.373795e-13	2.722703e-13	5.192500e-13
	9.622555e-13	1.747140e-12	3.130838e-12	5.572992e-12	9.908228e-12
	1.767217e-11	3.172146e-11	5.741638e-11	1.048783e-10	1.932921e-10
	3.590722e-10	6.712680e-10	1.260388e-09	2.371795e-09	4.463535e-09
	8.383250e-09	1.568328e-08	2.917567e-08	5.391140e-08	9.889173e-08
	1.798722e-07	3.233199e-07	5.701792e-07	9.746405e-07	1.589957e-06
	2.437424e-06	3.468093e-06	4.544342e-06	5.472309e-06	6.069750e-06
	6.194387e-06	5.676275e-06	4.188440e-06	1.237631e-06	-3.631978e-06
	-1.107162e-05	-2.283932e-05	-4.271243e-05	-7.870614e-05	-1.497704e-04
	-3.009203e-04	-6.354177e-04	-1.381732e-03	-3.020165e-03	-6.496711e-03
	-1.360735e-02	-2.769101e-02	-5.460241e-02	-1.036590e-01	-1.880899e-01
	-3.245868e-01	-5.320815e-01	-8.312144e-01	-1.244999e+00	-1.796191e+00
	-2.496227e+00	-3.328997e+00	-4.243250e+00	-5.161094e+00	-5.996193e+00
	-6.675709e+00	-7.155858e+00	-7.421104e+00	-7.475245e+00	-7.335995e+00
	-7.031576e+00	-6.595304e+00	-6.060450e+00	-5.457760e+00	-4.814873e+00
	-4.156972e+00	-3.507602e+00	-2.887905e+00	-2.314756e+00	-1.799245e+00
	-1.346515e+00	-9.577729e-01	-6.331915e-01	-3.743907e-01	-1.848624e-01
	-6.617597e-02	-1.333294e-02	-1.261616e-03	-6.440822e-05	-2.494796e-06
	-9.876101e-08	-4.650419e-09	-2.734290e-10	-2.036909e-11	-1.968252e-12
	-2.564216e-13	-4.592522e-14	-1.072916e-14	-3.006107e-15	-9.709201e-16
	-3.553098e-16	-1.441822e-16	-6.335152e-17	-2.948848e-17	-1.429169e-17
	-7.133325e-18	-3.648131e-18	-1.908208e-18	-1.020010e-18	-5.567220e-19
	-3.098861e-19	-1.756558e-19	-1.012344e-19	-5.921885e-20	-3.509667e-20
	-2.103241e-20	-1.271767e-20	-7.741844e-21	-4.733509e-21	-2.899921e-21
	-1.775856e-21	-1.084434e-21	-6.587518e-22	-3.970896e-22	-2.368970e-22
	-1.394606e-22	-8.072853e-23	-4.574146e-23	-2.521062e-23	-1.339244e-23
	-6.758854e-24	-3.161957e-24	-1.308646e-24	-4.310293e-25	-8.051235e-26
	0.000000e+00
ScalarDissRate [1/s]
	9.492709e-07	1.775323e-06	5.215094e-06	1.470486e-05	3.964716e-05
	1.020051e-04	2.500875e-04	5.836484e-04	1.295730e-03	2.736080e-03
	5.497973e-03	1.052461e-02	1.922436e-02	3.357816e-02	5.622005e-02
	9.047446e-02	1.403399e-01	2.104168e-01	3.057837e-01	4.318313e-01
	5.940636e-01	7.978794e-01	1.048340e+00	1.349936e+00	1.706363e+00
	2.120301e+00	2.593210e+00	3.125241e+00	3.715521e+00	4.362401e+00
	5.062761e+00	5.810431e+00	6.594379e+00	7.397660e+00	8.199115e+00
	8.977439e+00	9.713485e+00	1.038961e+01	1.098920e+01	1.149610e+01
	1.189120e+01	1.214865e+01	1.223775e+01	1.213137e+01	1.182045e+01
	1.131398e+01	1.064024e+01	9.835121e+00	8.936585e+00	7.982633e+00
	7.011480e+00	6.060674e+00	5.165235e+00	4.354993e+00	3.650884e+00
	3.062098e+00	2.586151e+00	2.211691e+00	1.922606e+00	1.701895e+00
	1.534160e+00	1.406594e+00	1.308713e+00	1.232048e+00	1.170322e+00
	1.119335e+00	1.076394e+00	1.039651e+00	1.007746e+00	9.797149e-01
	9.548343e-01	9.324585e-01	9.119988e-01	8.930039e-01	8.751822e-01
	8.583339e-01	8.422818e-01	8.268579e-01	8.119138e-01	7.973249e-01
	7.829979e-01	7.688769e-01	7.549227e-01	7.410752e-01	7.272099e-01
	7.130912e-01	6.983365e-01	6.823685e-01	6.643316e-01	6.429151e-01
	6.155673e-01	5.773774e-01	5.229925e-01	4.546201e-01	3.834284e-01
	3.187157e-01	2.628205e-01	2.145700e-01	1.723927e-01	1.354671e-01
	1.037725e-01	7.761056e-02	5.702322e-02	4.151607e-02	3.019706e-02
	2.203824e-02	1.615361e-02	1.187538e-02	8.727360e-03	6.387002e-03
	4.641276e-03	3.344910e-03	2.390648e-03	1.694964e-03	1.192317e-03
	8.320255e-04	5.757074e-04	3.947480e-04	2.680324e-04	1.800907e-04
	1.196542e-04	7.856229e-05	5.094472e-05	3.261159e-05	2.059994e-05
	1.283692e-05	7.890111e-06	4.783050e-06	2.859826e-06	1.686699e-06
	9.814765e-07	5.636021e-07	3.194766e-07	1.788190e-07	9.886351e-08
	5.400653e-08	2.915950e-08	1.556562e-08	8.217666e-09	4.293514e-09
	3.013245e-09
ZBilger
	1.000000e+00	9.999820e-01	9.999478e-01	9.998863e-01	9.997811e-01
	9.996082e-01	9.993341e-01	9.989140e-01	9.982907e-01	9.973944e-01
	9.961441e-01	9.944499e-01	9.922170e-01	9.893494e-01	9.857541e-01
	9.813453e-01	9.760463e-01	9.697923e-01	9.625303e-01	9.542198e-01
	9.448318e-01	9.343480e-01	9.227598e-01	9.100662e-01	8.962729e-01
	8.813906e-01	8.654331e-01	8.484137e-01	8.303290e-01	8.111486e-01
	7.908294e-01	7.693525e-01	7.467647e-01	7.232088e-01	6.988903e-01
	6.739835e-01	6.485744e-01	6.226776e-01	5.962297e-01	5.690432e-01
	5.408495e-01	5.114689e-01	4.809531e-01	4.495866e-01	4.178153e-01
	3.861706e-01	3.551377e-01	3.250373e-01	2.960297e-01	2.682175e-01
	2.417380e-01	2.167874e-01	1.936216e-01	1.725379e-01	1.538123e-01
	1.376213e-01	1.239904e-01	1.127872e-01	1.037553e-01	9.657437e-02
	9.091483e-02	8.647198e-02	8.296893e-02	8.016069e-02	7.785427e-02
	7.591651e-02	7.426108e-02	7.282777e-02	7.157154e-02	7.046001e-02
	6.946866e-02	6.857467e-02	6.775659e-02	6.699792e-02	6.628823e-02
	6.562053e-02	6.498856e-02	6.438625e-02	6.380823e-02	6.324987e-02
	6.270751e-02	6.217862e-02	6.166087e-02	6.115077e-02	6.064209e-02
	6.012421e-02	5.958062e-02	5.898655e-02	5.830448e-02	5.747452e-02
	5.637611e-02	5.476060e-02	5.228987e-02	4.889309e-02	4.497325e-02
	4.100337e-02	3.718322e-02	3.350780e-02	2.991410e-02	2.637118e-02
	2.291749e-02	1.965168e-02	1.668533e-02	1.409388e-02	1.189269e-02
	1.004615e-02	8.497609e-03	7.189774e-03	6.072788e-03	5.108857e-03
	4.273424e-03	3.551565e-03	2.932387e-03	2.405708e-03	1.961192e-03
	1.588571e-03	1.278160e-03	1.021154e-03	8.097154e-04	6.369446e-04
	4.968046e-04	3.840334e-04	2.940620e-04	2.229394e-04	1.672659e-04
	1.241357e-04	9.108491e-05	6.604452e-05	4.729584e-05	3.342855e-05
	2.330033e-05	1.599862e-05	1.080483e-05	7.161282e-06	4.641674e-06
	2.924974e-06	1.773107e-06	1.012235e-06	5.174569e-07	2.005446e-07
	0.000000e+00
ScalarDissRateBilger [1/s]
	6.292199e-07	1.341169e-06	4.596783e-06	1.434750e-05	4.147444e-05
	1.121361e-04	2.852182e-04	6.847252e-04	1.554785e-03	3.344467e-03
	6.825584e-03	1.323828e-02	2.444790e-02	4.308558e-02	7.263935e-02
	1.174648e-01	1.826953e-01	2.740478e-01	3.975370e-01	5.591245e-01
	7.643352e-01	1.017877e+00	1.323296e+00	1.682687e+00	2.096488e+00
	2.563358e+00	3.080116e+00	3.641879e+00	4.242585e+00	4.875402e+00
	5.532205e+00	6.202388e+00	6.871863e+00	7.523081e+00	8.137386e+00
	8.698603e+00	9.194416e+00	9.615297e+00	9.953649e+00	1.020290e+01
	1.035512e+01	1.039951e+01	1.032467e+01	1.012467e+01	9.802723e+00
	9.366331e+00	8.834265e+00	8.228696e+00	7.570835e+00	6.880539e+00
	6.177609e+00	5.482245e+00	4.814820e+00	4.194891e+00	3.638868e+00
	3.157332e+00	2.753655e+00	2.424466e+00	2.161579e+00	1.954546e+00
	1.792727e+00	1.666437e+00	1.567024e+00	1.486910e+00	1.420077e+00
	1.362250e+00	1.310554e+00	1.262996e+00	1.218182e+00	1.175263e+00
	1.133754e+00	1.093234e+00	1.053247e+00	1.013441e+00	9.736924e-01
	9.340508e-01	8.946399e-01	8.556624e-01	8.174600e-01	7.805456e-01
	7.456157e-01	7.135067e-01	6.850374e-01	6.608183e-01	6.411369e-01
	6.259663e-01	6.150877e-01	6.082049e-01	6.049389e-01	6.045744e-01
	6.053928e-01	6.031929e-01	5.901996e-01	5.610114e-01	5.187667e-01
	4.688328e-01	4.145128e-01	3.576187e-01	2.995693e-01	2.423739e-01
	1.889550e-01	1.424238e-01	1.047587e-01	7.608697e-02	5.512133e-02
	4.000546e-02	2.909122e-02	2.115530e-02	1.533165e-02	1.102943e-02
	7.852912e-03	5.527157e-03	3.845662e-03	2.646087e-03	1.800948e-03
	1.212261e-03	8.066335e-04	5.301914e-04	3.439509e-04	2.200231e-04
	1.386549e-04	8.599717e-05	5.244580e-05	3.142154e-05	1.847848e-05
	1.065806e-05	6.024652e-06	3.335088e-06	1.806706e-06	9.570837e-07
	4.953976e-07	2.503396e-07	1.233865e-07	5.925369e-08	2.769375e-08
	1.258252e-08	5.551815e-09	2.377720e-09	9.891554e-10	4.012025e-10
	2.410101e-10
ChiAnalytOverChiStoich
	1.000000e-10	1.000000e-10	1.000000e-10	1.000000e-10	1.000000e-10
	1.000000e-10	1.000000e-10	1.000000e-10	1.000000e-10	3.236494e-03
	1.225190e-02	2.588606e-02	4.629325e-02	7.644466e-02	1.202681e-01
	1.827109e-01	2.696848e-01	3.878688e-01	5.443689e-01	7.462622e-01
	1.000073e+00	1.311248e+00	1.683684e+00	2.119376e+00	2.618220e+00
	3.177958e+00	3.794272e+00	4.461113e+00	5.171494e+00	5.918101e+00
	6.692702e+00	7.484700e+00	8.279780e+00	9.059622e+00	9.804285e+00
	1.049612e+01	1.112125e+01	1.166818e+01	1.212691e+01	1.248798e+01
	1.273959e+01	1.286524e+01	1.284630e+01	1.266849e+01	1.232772e+01
	1.183315e+01	1.120538e+01	1.047036e+01	9.654150e+00	8.782078e+00
	7.880411e+00	6.977136e+00	6.101758e+00	5.283736e+00	4.548620e+00
	3.913470e+00	3.384329e+00	2.956824e+00	2.619264e+00	2.356686e+00
	2.154067e+00	1.998051e+00	1.877117e+00	1.781593e+00	1.704144e+00
	1.639807e+00	1.585394e+00	1.538706e+00	1.498116e+00	1.462467e+00
	1.430886e+00	1.402582e+00	1.376830e+00	1.353077e+00	1.330972e+00
	1.310276e+00	1.290779e+00	1.272281e+00	1.254608e+00	1.237609e+00
	1.221166e+00	1.205199e+00	1.189633e+00	1.174359e+00	1.159190e+00
	1.143812e+00	1.127742e+00	1.110263e+00	1.090304e+00	1.066178e+00
	1.034520e+00	9.885358e-01	9.195739e-01	8.275741e-01	7.256688e-01
	6.274018e-01	5.378275e-01	4.565398e-01	3.819637e-01	3.134478e-01
	2.516946e-01	1.981050e-01	1.536662e-01	1.182838e-01	9.084122e-02
	6.972779e-02	5.339801e-02	4.060561e-02	3.041740e-02	2.217975e-02
	1.546125e-02	9.974513e-03	5.505722e-03	1.878557e-03	1.000000e-10
	1.000000e-10	1.000000e-10	1.000000e-10	1.000000e-10	1.000000e-10
	1.000000e-10	1.000000e-10	1.000000e-10	1.000000e-10	1.000000e-10
	1.000000e-10	1.000000e-10	1.000000e-10	1.000000e-10	1.000000e-10
	1.000000e-10	1.000000e-10	1.000000e-10	1.000000e-10	1.000000e-10
	1.000000e-10	1.000000e-10	1.000000e-10	1.000000e-10	1.000000e-10
	1.000000e-10
ChiKWOverChiKWStoich
	6.951325e-11	6.951510e-11	6.951792e-11	6.952223e-11	6.952880e-11
	6.953870e-11	6.955344e-11	6.957498e-11	6.960577e-11	2.254177e-03
	8.540453e-03	1.806449e-02	3.235185e-02	5.351929e-02	8.438656e-02
	1.285400e-01	1.903193e-01	2.747074e-01	3.871194e-01	5.331050e-01
	7.179922e-01	9.465131e-01	1.222453e+00	1.548364e+00	1.925372e+00
	2.353085e+00	2.829590e+00	3.351641e+00	3.915221e+00	4.516003e+00
	5.148867e+00	5.806670e+00	6.478968e+00	7.151501e+00	7.807939e+00
	8.433196e+00	9.014904e+00	9.542472e+00	1.000645e+01	1.039807e+01
	1.070663e+01	1.091681e+01	1.101017e+01	1.097044e+01	1.078909e+01
	1.046835e+01	1.002079e+01	9.465025e+00	8.821255e+00	8.110180e+00
	7.354241e+00	6.578419e+00	5.810249e+00	5.078531e+00	4.409704e+00
	3.823191e+00	3.328331e+00	2.924259e+00	2.602424e+00	2.350330e+00
	2.154728e+00	2.003463e+00	1.885811e+00	1.792628e+00	1.716906e+00
	1.653881e+00	1.600483e+00	1.554586e+00	1.514616e+00	1.479446e+00
	1.448226e+00	1.420182e+00	1.394601e+00	1.370933e+00	1.348830e+00
	1.328051e+00	1.308384e+00	1.289625e+00	1.271594e+00	1.254136e+00
	1.237130e+00	1.220493e+00	1.204152e+00	1.188002e+00	1.171858e+00
	1.155396e+00	1.138111e+00	1.119244e+00	1.097651e+00	1.071528e+00
	1.037279e+00	9.876612e-01	9.135660e-01	8.152243e-01	7.069052e-01
	6.031501e-01	5.093771e-01	4.252058e-01	3.490516e-01	2.803033e-01
	2.196720e-01	1.684024e-01	1.271181e-01	9.526363e-02	7.133046e-02
	5.347869e-02	4.007638e-02	2.987294e-02	2.196755e-02	1.574466e-02
	1.080059e-02	6.864934e-03	3.738019e-03	1.259774e-03	6.632361e-11
	6.567677e-11	6.511362e-11	6.462704e-11	6.420979e-11	6.385473e-11
	6.355496e-11	6.330391e-11	6.309542e-11	6.292375e-11	6.278361e-11
	6.267023e-11	6.257931e-11	6.250704e-11	6.245009e-11	6.240561e-11
	6.237116e-11	6.234469e-11	6.232452e-11	6.230927e-11	6.229781e-11
	6.228928e-11	6.228295e-11	6.227830e-11	6.227490e-11	6.227243e-11
	6.227065e-11
ChiKWFact
	6.951325e-01	6.951510e-01	6.951792e-01	6.952223e-01	6.952880e-01
	6.953870e-01	6.955344e-01	6.957498e-01	6.960577e-01	6.964874e-01
	6.970717e-01	6.978461e-01	6.988459e-01	7.001050e-01	7.016535e-01
	7.035158e-01	7.057103e-01	7.082482e-01	7.111342e-01	7.143668e-01
	7.179396e-01	7.218415e-01	7.260587e-01	7.305753e-01	7.353745e-01
	7.404392e-01	7.457530e-01	7.513015e-01	7.570774e-01	7.630831e-01
	7.693256e-01	7.758054e-01	7.825049e-01	7.893818e-01	7.963803e-01
	8.034581e-01	8.106017e-01	8.178197e-01	8.251447e-01	8.326463e-01
	8.404213e-01	8.485515e-01	8.570694e-01	8.659630e-01	8.751890e-01
	8.846631e-01	8.942841e-01	9.039826e-01	9.137267e-01	9.234922e-01
	9.332306e-01	9.428537e-01	9.522255e-01	9.611627e-01	9.694597e-01
	9.769313e-01	9.834537e-01	9.889867e-01	9.935709e-01	9.973033e-01
	1.000307e+00	1.002708e+00	1.004632e+00	1.006194e+00	1.007489e+00
	1.008583e+00	1.009517e+00	1.010321e+00	1.011014e+00	1.011610e+00
	1.012119e+00	1.012549e+00	1.012907e+00	1.013197e+00	1.013417e+00
	1.013566e+00	1.013639e+00	1.013632e+00	1.013539e+00	1.013354e+00
	1.013073e+00	1.012690e+00	1.012205e+00	1.011618e+00	1.010928e+00
	1.010127e+00	1.009195e+00	1.008089e+00	1.006738e+00	1.005018e+00
	1.002667e+00	9.991153e-01	9.934667e-01	9.850771e-01	9.741431e-01
	9.613457e-01	9.471012e-01	9.313663e-01	9.138346e-01	8.942582e-01
	8.727720e-01	8.500665e-01	8.272352e-01	8.053821e-01	7.852213e-01
	7.669638e-01	7.505219e-01	7.356850e-01	7.222033e-01	7.098666e-01
	6.985586e-01	6.882475e-01	6.789335e-01	6.706070e-01	6.632361e-01
	6.567677e-01	6.511362e-01	6.462704e-01	6.420979e-01	6.385473e-01
	6.355496e-01	6.330391e-01	6.309542e-01	6.292375e-01	6.278361e-01
	6.267023e-01	6.257931e-01	6.250704e-01	6.245009e-01	6.240561e-01
	6.237116e-01	6.234469e-01	6.232452e-01	6.230927e-01	6.229781e-01
	6.228928e-01	6.228295e-01	6.227830e-01	6.227490e-01	6.227243e-01
	6.227065e-01
MolarMass [kg/kmole]
	1.604300e+01	1.604233e+01	1.604160e+01	1.604085e+01	1.604016e+01
	1.603967e+01	1.603959e+01	1.604019e+01	1.604185e+01	1.604503e+01
	1.605029e+01	1.605825e+01	1.606958e+01	1.608500e+01	1.610521e+01
	1.613088e+01	1.616267e+01	1.620117e+01	1.624692e+01	1.630040e+01
	1.636205e+01	1.643228e+01	1.651143e+01	1.659985e+01	1.669785e+01
	1.680575e+01	1.692388e+01	1.705259e+01	1.719243e+01	1.734419e+01
	1.750887e+01	1.768733e+01	1.788000e+01	1.808647e+01	1.830571e+01
	1.853684e+01	1.877970e+01	1.903482e+01	1.930356e+01	1.958876e+01
	1.989448e+01	2.022430e+01	2.057953e+01	2.095870e+01	2.135803e+01
	2.177172e+01	2.219359e+01	2.261878e+01	2.304406e+01	2.346663e+01
	2.388286e+01	2.428775e+01	2.467484e+01	2.503648e+01	2.536502e+01
	2.565447e+01	2.590183e+01	2.610748e+01	2.627471e+01	2.640855e+01
	2.651457e+01	2.659814e+01	2.666427e+01	2.671747e+01	2.676132e+01
	2.679834e+01	2.683017e+01	2.685797e+01	2.688262e+01	2.690475e+01
	2.692483e+01	2.694332e+01	2.696065e+01	2.697715e+01	2.699305e+01
	2.700851e+01	2.702368e+01	2.703869e+01	2.705368e+01	2.706876e+01
	2.708403e+01	2.709951e+01	2.711524e+01	2.713123e+01	2.714760e+01
	2.716459e+01	2.718264e+01	2.720244e+01	2.722503e+01	2.725204e+01
	2.728663e+01	2.733482e+01	2.740293e+01	2.748828e+01	2.757897e+01
	2.766536e+01	2.774520e+01	2.782029e+01	2.789319e+01	2.796574e+01
	2.803841e+01	2.811036e+01	2.817998e+01	2.824556e+01	2.830598e+01
	2.836099e+01	2.841094e+01	2.845649e+01	2.849839e+01	2.853728e+01
	2.857349e+01	2.860708e+01	2.863798e+01	2.866616e+01	2.869162e+01
	2.871445e+01	2.873475e+01	2.875269e+01	2.876843e+01	2.878213e+01
	2.879397e+01	2.880412e+01	2.881276e+01	2.882004e+01	2.882613e+01
	2.883118e+01	2.883533e+01	2.883872e+01	2.884145e+01	2.884365e+01
	2.884540e+01	2.884677e+01	2.884786e+01	2.884870e+01	2.884935e+01
	2.884985e+01	2.885024e+01	2.885054e+01	2.885076e+01	2.885093e+01
	2.885106e+01
TotalEnthalpy [J/kg]
	-4.664239e+06	-4.664115e+06	-4.663916e+06	-4.663599e+06	-4.663102e+06
	-4.662329e+06	-4.661154e+06	-4.659406e+06	-4.656866e+06	-4.653274e+06
	-4.648325e+06	-4.641685e+06	-4.633002e+06	-4.621916e+06	-4.608079e+06
	-4.591159e+06	-4.570852e+06	-4.546882e+06	-4.519006e+06	-4.487007e+06
	-4.450697e+06	-4.409911e+06	-4.364501e+06	-4.314337e+06	-4.259301e+06
	-4.199280e+06	-4.134169e+06	-4.063849e+06	-3.988125e+06	-3.906676e+06
	-3.819111e+06	-3.725124e+06	-3.624688e+06	-3.518220e+06	-3.406462e+06
	-3.290073e+06	-3.169344e+06	-3.044251e+06	-2.914395e+06	-2.778746e+06
	-2.635815e+06	-2.484517e+06	-2.324970e+06	-2.158620e+06	-1.988003e+06
	-1.816387e+06	-1.646907e+06	-1.481938e+06	-1.323019e+06	-1.171375e+06
	-1.028379e+06	-8.956303e+05	-7.748642e+05	-6.677453e+05	-5.754588e+05
	-4.983185e+05	-4.356438e+05	-3.859304e+05	-3.472041e+05	-3.174050e+05
	-2.946551e+05	-2.773696e+05	-2.642222e+05	-2.541224e+05	-2.462609e+05
	-2.401060e+05	-2.353247e+05	-2.316886e+05	-2.290246e+05	-2.271960e+05
	-2.260840e+05	-2.255786e+05	-2.255866e+05	-2.260347e+05	-2.268595e+05
	-2.279994e+05	-2.293937e+05	-2.309838e+05	-2.327107e+05	-2.345129e+05
	-2.363230e+05	-2.380671e+05	-2.396692e+05	-2.410586e+05	-2.421728e+05
	-2.429526e+05	-2.433214e+05	-2.431494e+05	-2.421915e+05	-2.399679e+05
	-2.354247e+05	-2.260701e+05	-2.076392e+05	-1.786878e+05	-1.456342e+05
	-1.163961e+05	-9.409029e+04	-7.858272e+04	-6.891348e+04	-6.406116e+04
	-6.280601e+04	-6.359221e+04	-6.483344e+04	-6.542278e+04	-6.491930e+04
	-6.325406e+04	-6.067712e+04	-5.744769e+04	-5.375533e+04	-4.972953e+04
	-4.547860e+04	-4.111528e+04	-3.675399e+04	-3.249785e+04	-2.842991e+04
	-2.461028e+04	-2.107850e+04	-1.785708e+04	-1.495473e+04	-1.236939e+04
	-1.009060e+04	-8.101836e+03	-6.382354e+03	-4.908885e+03	-3.656944e+03
	-2.601897e+03	-1.719773e+03	-9.878539e+02	-3.850644e+02	1.077888e+02
	5.079092e+02	8.304993e+02	1.088821e+03	1.294306e+03	1.456698e+03
	1.584215e+03	1.683722e+03	1.760894e+03	1.820377e+03	1.865926e+03
	1.900584e+03
trailer
Lewis numbers evaluated at maximum consumption
N2	-1
O2	0.999592
@ Z = 0.0491673
H	0.168967
@ Z = 0.0560729
OH	0.666395
@ Z = 0.0535699
O	0.652204
@ Z = 0.0507989
H2	0.277951
@ Z = 0.0463729
H2O	-1
HO2	1.00676
@ Z = 0.0497199
H2O2	0.987168
@ Z = 0.0200184
CO	1.00605
@ Z = 0.0436506
CO2	1.28444
@ Z = 0.0547673
CH	0.607339
@ Z = 0.0479553
CHO	1.14712
@ Z = 0.0463729
CH2	0.878764
@ Z = 0.0491673
CH2O	1.15921
@ Z = 0.0479553
CH3	0.914936
@ Z = 0.0502606
CH4	0.922065
@ Z = 0.0560729
C2H6	1.33528
@ Z = 0.0560729
C2H	1.18392
@ Z = 0.048587
C2H2	1.20015
@ Z = 0.0513397
CHCO	0.805553
@ Z = 0.0502606
C3H3	1.62644
@ Z = 0.0507989
C2H3	1.21115
@ Z = 0.0507989
C2H4	1.21318
@ Z = 0.0535699
C2H5	1.32201
@ Z = 0.0524374
C3H4	1.5875
@ Z = 0.0497199
C3H5	1.63234
@ Z = 0.048587
C3H6	1.70413
@ Z = 0.0529978
N-C3H7	1.71059
@ Z = 0.0518854
I-C3H7	1.70243
@ Z = 0.0479553
C3H8	1.71165
@ Z = 0.00794357
Lewis numbers evaluated at maximum formation
N2	-1
O2	0.998619
@ Z = 0.0128523
H	0.167174
@ Z = 0.0479553
OH	0.660281
@ Z = 0.0463729
O	0.643161
@ Z = 0.0412853
H2	0.280324
@ Z = 0.0547673
H2O	0.742077
@ Z = 0.0502606
HO2	0.984854
@ Z = 0.0128523
H2O2	0.989535
@ Z = 0.0150401
CO	1.01744
@ Z = 0.0518854
CO2	1.27339
@ Z = 0.0463729
CH	0.610567
@ Z = 0.0518854
CHO	1.15396
@ Z = 0.0507989
CH2	0.883044
@ Z = 0.0535699
CH2O	1.16533
@ Z = 0.0524374
CH3	0.918566
@ Z = 0.0567816
CH4	0.681809
@ Z = 0.555688
C2H6	1.33321
@ Z = 0.0659792
C2H	1.19071
@ Z = 0.054158
C2H2	1.20259
@ Z = 0.0614227
CHCO	0.809218
@ Z = 0.0567816
C3H3	1.63153
@ Z = 0.0554036
C2H3	1.21551
@ Z = 0.0567816
C2H4	1.21423
@ Z = 0.0614227
C2H5	1.32469
@ Z = 0.0583624
C3H4	1.59376
@ Z = 0.054158
C3H5	1.64015
@ Z = 0.0529978
C3H6	1.70647
@ Z = 0.0583624
N-C3H7	1.71424
@ Z = 0.0560729
I-C3H7	1.70369
@ Z = 0.00794357
C3H8	-1
Lewis numbers evaluated at maximum mass fraction
N2	0.921279
@ Z = 7.09105e-07
O2	1.05235
@ Z = 7.09105e-07
H	0.166348
@ Z = 0.045253
OH	0.655389
@ Z = 0.0412853
O	0.638144
@ Z = 0.0347257
H2	0.279688
@ Z = 0.0831984
H2O	0.745984
@ Z = 0.0583624
HO2	0.982761
@ Z = 0.0150401
H2O2	0.989535
@ Z = 0.0150401
CO	1.01973
@ Z = 0.0614227
CO2	1.27507
@ Z = 0.0472361
CH	0.610895
@ Z = 0.0524374
CHO	1.15463
@ Z = 0.0513397
CH2	0.88366
@ Z = 0.0547673
CH2O	1.16583
@ Z = 0.0529978
CH3	0.918668
@ Z = 0.0592695
CH4	1.03119
@ Z = 0.999978
C2H6	1.29005
@ Z = 0.179248
C2H	1.19105
@ Z = 0.0547673
C2H2	1.18233
@ Z = 0.10928
CHCO	0.807388
@ Z = 0.0680754
C3H3	1.63196
@ Z = 0.0567816
C2H3	1.2156
@ Z = 0.0575397
C2H4	1.21272
@ Z = 0.0659792
C2H5	1.32445
@ Z = 0.060282
C3H4	1.59417
@ Z = 0.0547673
C3H5	1.64015
@ Z = 0.0529978
C3H6	1.60975
@ Z = 0.555688
N-C3H7	1.65762
@ Z = 0.744268
I-C3H7	1.70243
@ Z = 0.0479553
C3H8	1.78676
@ Z = 0.973232
