header

title = "planar counterflow diffusion flame"
author = ""
date = "Wed Aug 14 11:00:41 2013"

fuel = "CH4"
pressure = 1 [bar]
strainrate = 350 [1/s]
chiStoichAnal = 8.61745 [1/s]
chiStoichAnalKW = 13.4367 [1/s]
FlameLocZ = 0.058178 [K]
FlameLocBilger = 0.068086 [K]
Tmax = 1939.23 [K]
stoichScalarDissRate = 14.722 [1/s]
stoichScalarDissRateBilger = 10.7444 [1/s]

OxidizerSide
begin
	Temperature = 300 [K]
	Massfraction-N2 = 0.76708
	Massfraction-O2 = 0.23292
	Molefraction-N2 = 0.79
	Molefraction-O2 = 0.21
end

FuelSide
begin
	Temperature = 300 [K]
	Massfraction-CH4 = 1
	Molefraction-CH4 = 1
end

numOfSpecies = 31
gridPoints = 141

body
eta
	0.000000e+00	1.457977e-01	2.877811e-01	4.224848e-01	5.482025e-01
	6.646372e-01	7.715396e-01	8.690348e-01	9.580972e-01	1.039757e+00
	1.114814e+00	1.184070e+00	1.248281e+00	1.308137e+00	1.364251e+00
	1.417163e+00	1.467343e+00	1.515200e+00	1.561094e+00	1.605345e+00
	1.648239e+00	1.690038e+00	1.730987e+00	1.771322e+00	1.811265e+00
	1.851001e+00	1.890652e+00	1.930281e+00	1.969943e+00	2.009748e+00
	2.049878e+00	2.090451e+00	2.131351e+00	2.172318e+00	2.213201e+00
	2.254109e+00	2.295469e+00	2.337934e+00	2.381861e+00	2.426763e+00
	2.471525e+00	2.515214e+00	2.557445e+00	2.598163e+00	2.637414e+00
	2.675259e+00	2.711655e+00	2.746600e+00	2.780338e+00	2.812972e+00
	2.844401e+00	2.874716e+00	2.904007e+00	2.932096e+00	2.958867e+00
	2.984306e+00	3.008076e+00	3.029902e+00	3.049953e+00	3.068245e+00
	3.084680e+00	3.099517e+00	3.113048e+00	3.125389e+00	3.136636e+00
	3.146935e+00	3.156484e+00	3.165469e+00	3.173975e+00	3.182006e+00
	3.189544e+00	3.196567e+00	3.203078e+00	3.209110e+00	3.214738e+00
	3.220082e+00	3.225254e+00	3.230323e+00	3.235320e+00	3.240271e+00
	3.245204e+00	3.250134e+00	3.255072e+00	3.260033e+00	3.265039e+00
	3.270100e+00	3.275230e+00	3.280451e+00	3.285782e+00	3.291225e+00
	3.296841e+00	3.302678e+00	3.308701e+00	3.315056e+00	3.321817e+00
	3.328833e+00	3.336415e+00	3.344847e+00	3.353847e+00	3.363967e+00
	3.375757e+00	3.389738e+00	3.407452e+00	3.430206e+00	3.459338e+00
	3.494537e+00	3.533870e+00	3.576935e+00	3.624241e+00	3.675595e+00
	3.729877e+00	3.785663e+00	3.842252e+00	3.899827e+00	3.958604e+00
	4.018238e+00	4.078164e+00	4.138175e+00	4.198568e+00	4.260005e+00
	4.323378e+00	4.389648e+00	4.459678e+00	4.534129e+00	4.613394e+00
	4.697638e+00	4.786903e+00	4.881227e+00	4.980821e+00	5.085873e+00
	5.196257e+00	5.311806e+00	5.432624e+00	5.558717e+00	5.689551e+00
	5.824642e+00	5.963631e+00	6.105830e+00	6.250591e+00	6.397115e+00
	6.544325e+00
y [m]
	-2.220834e-03	-2.164575e-03	-2.109766e-03	-2.057730e-03	-2.009110e-03
	-1.963997e-03	-1.922462e-03	-1.884432e-03	-1.849502e-03	-1.817249e-03
	-1.787337e-03	-1.759436e-03	-1.733232e-03	-1.708440e-03	-1.684804e-03
	-1.662096e-03	-1.640115e-03	-1.618682e-03	-1.597633e-03	-1.576820e-03
	-1.556102e-03	-1.535340e-03	-1.514400e-03	-1.493140e-03	-1.471415e-03
	-1.449089e-03	-1.426053e-03	-1.402224e-03	-1.377525e-03	-1.351834e-03
	-1.324978e-03	-1.296807e-03	-1.267337e-03	-1.236704e-03	-1.204989e-03
	-1.172085e-03	-1.137600e-03	-1.100900e-03	-1.061530e-03	-1.019787e-03
	-9.766363e-04	-9.330164e-04	-8.894195e-04	-8.460355e-04	-8.029494e-04
	-7.602232e-04	-7.180349e-04	-6.765137e-04	-6.354880e-04	-5.949312e-04
	-5.550674e-04	-5.158761e-04	-4.773280e-04	-4.397467e-04	-4.033780e-04
	-3.683350e-04	-3.351740e-04	-3.043837e-04	-2.758180e-04	-2.495336e-04
	-2.257434e-04	-2.041291e-04	-1.843103e-04	-1.661507e-04	-1.495337e-04
	-1.342673e-04	-1.200718e-04	-1.066814e-04	-9.398051e-05	-8.196994e-05
	-7.068424e-05	-6.016048e-05	-5.039897e-05	-4.135656e-05	-3.292008e-05
	-2.491419e-05	-1.717263e-05	-9.592837e-06	-2.130400e-06	5.250656e-06
	1.258917e-05	1.990681e-05	2.721557e-05	3.453768e-05	4.189915e-05
	4.931255e-05	5.679563e-05	6.437672e-05	7.207725e-05	7.989748e-05
	8.791823e-05	9.619954e-05	1.046868e-04	1.135755e-04	1.229568e-04
	1.326065e-04	1.429370e-04	1.543077e-04	1.663062e-04	1.796271e-04
	1.949204e-04	2.127404e-04	2.348321e-04	2.624202e-04	2.964566e-04
	3.356792e-04	3.770854e-04	4.195491e-04	4.628437e-04	5.060560e-04
	5.477202e-04	5.865992e-04	6.223661e-04	6.553979e-04	6.860709e-04
	7.144784e-04	7.406719e-04	7.648936e-04	7.875484e-04	8.090958e-04
	8.299853e-04	8.506095e-04	8.712721e-04	8.921823e-04	9.134640e-04
	9.351835e-04	9.573884e-04	9.801373e-04	1.003536e-03	1.027686e-03
	1.052619e-03	1.078357e-03	1.104980e-03	1.132539e-03	1.160963e-03
	1.190185e-03	1.220160e-03	1.250762e-03	1.281873e-03	1.313333e-03
	1.344923e-03
f
	-3.529277e+00	-3.333747e+00	-3.143309e+00	-2.962593e+00	-2.793866e+00
	-2.637496e+00	-2.493784e+00	-2.362531e+00	-2.242393e+00	-2.131954e+00
	-2.030108e+00	-1.935752e+00	-1.847844e+00	-1.765430e+00	-1.687663e+00
	-1.613791e+00	-1.543157e+00	-1.475179e+00	-1.409340e+00	-1.345175e+00
	-1.282255e+00	-1.220179e+00	-1.158560e+00	-1.097010e+00	-1.035151e+00
	-9.726455e-01	-9.092465e-01	-8.447949e-01	-7.791442e-01	-7.120490e-01
	-6.431336e-01	-5.721211e-01	-4.991494e-01	-4.246529e-01	-3.489035e-01
	-2.717111e-01	-1.922619e-01	-1.092521e-01	-2.190438e-02	6.884025e-02
	1.606526e-01	2.514381e-01	3.401769e-01	4.265373e-01	5.104223e-01
	5.917901e-01	6.703918e-01	7.460930e-01	8.193065e-01	8.901640e-01
	9.583663e-01	1.024048e+00	1.087350e+00	1.147846e+00	1.205267e+00
	1.259569e+00	1.310048e+00	1.356145e+00	1.398259e+00	1.436465e+00
	1.470607e+00	1.501271e+00	1.529095e+00	1.554349e+00	1.577261e+00
	1.598148e+00	1.617434e+00	1.635509e+00	1.652551e+00	1.668580e+00
	1.683568e+00	1.697484e+00	1.710343e+00	1.722217e+00	1.733265e+00
	1.743724e+00	1.753817e+00	1.763682e+00	1.773381e+00	1.782963e+00
	1.792481e+00	1.801968e+00	1.811442e+00	1.820934e+00	1.830481e+00
	1.840103e+00	1.849827e+00	1.859691e+00	1.869729e+00	1.879944e+00
	1.890446e+00	1.901319e+00	1.912495e+00	1.924239e+00	1.936679e+00
	1.949526e+00	1.963338e+00	1.978614e+00	1.994819e+00	2.012914e+00
	2.033824e+00	2.058379e+00	2.089104e+00	2.127941e+00	2.176639e+00
	2.234014e+00	2.296356e+00	2.362576e+00	2.432991e+00	2.506874e+00
	2.582337e+00	2.657363e+00	2.731128e+00	2.804012e+00	2.876415e+00
	2.948058e+00	3.018442e+00	3.087514e+00	3.155780e+00	3.224103e+00
	3.293548e+00	3.365197e+00	3.439991e+00	3.518629e+00	3.601526e+00
	3.688864e+00	3.780714e+00	3.877155e+00	3.978446e+00	4.084830e+00
	4.196234e+00	4.312542e+00	4.433911e+00	4.560390e+00	4.691486e+00
	4.826748e+00	4.965842e+00	5.108101e+00	5.252892e+00	5.399427e+00
	5.546638e+00
df/deta
	1.341029e+00	1.341107e+00	1.341270e+00	1.341577e+00	1.342112e+00
	1.342986e+00	1.344325e+00	1.346257e+00	1.348917e+00	1.352432e+00
	1.356907e+00	1.362427e+00	1.369061e+00	1.376861e+00	1.385869e+00
	1.396117e+00	1.407633e+00	1.420442e+00	1.434567e+00	1.450033e+00
	1.466869e+00	1.485107e+00	1.504789e+00	1.525965e+00	1.548690e+00
	1.573006e+00	1.598917e+00	1.626371e+00	1.655285e+00	1.685599e+00
	1.717284e+00	1.750240e+00	1.784137e+00	1.818480e+00	1.852834e+00
	1.886971e+00	1.920908e+00	1.954796e+00	1.988449e+00	2.020969e+00
	2.051109e+00	2.077983e+00	2.101270e+00	2.120961e+00	2.137159e+00
	2.150007e+00	2.159642e+00	2.166254e+00	2.170077e+00	2.171291e+00
	2.170074e+00	2.166621e+00	2.161106e+00	2.153765e+00	2.144864e+00
	2.134660e+00	2.123569e+00	2.112048e+00	2.100328e+00	2.088683e+00
	2.077443e+00	2.066662e+00	2.056306e+00	2.046427e+00	2.037063e+00
	2.028189e+00	2.019707e+00	2.011503e+00	2.003541e+00	1.995849e+00
	1.988479e+00	1.981482e+00	1.974884e+00	1.968679e+00	1.962810e+00
	1.957167e+00	1.951644e+00	1.946172e+00	1.940722e+00	1.935269e+00
	1.929787e+00	1.924259e+00	1.918676e+00	1.913021e+00	1.907273e+00
	1.901420e+00	1.895445e+00	1.889325e+00	1.883038e+00	1.876581e+00
	1.869883e+00	1.862887e+00	1.855632e+00	1.847945e+00	1.839732e+00
	1.831180e+00	1.821908e+00	1.811566e+00	1.800503e+00	1.788045e+00
	1.773519e+00	1.756306e+00	1.734553e+00	1.706778e+00	1.671637e+00
	1.630040e+00	1.584977e+00	1.537682e+00	1.488507e+00	1.438680e+00
	1.390204e+00	1.344902e+00	1.303516e+00	1.265894e+00	1.231830e+00
	1.201368e+00	1.174514e+00	1.150995e+00	1.130352e+00	1.112098e+00
	1.095810e+00	1.081179e+00	1.068018e+00	1.056239e+00	1.045814e+00
	1.036732e+00	1.028961e+00	1.022433e+00	1.017046e+00	1.012684e+00
	1.009235e+00	1.006570e+00	1.004556e+00	1.003070e+00	1.002004e+00
	1.001261e+00	1.000755e+00	1.000422e+00	1.000209e+00	1.000077e+00
	1.000000e+00
Z
	1.000000e+00	9.999437e-01	9.998289e-01	9.996121e-01	9.992320e-01
	9.986087e-01	9.976525e-01	9.962743e-01	9.943834e-01	9.918937e-01
	9.887344e-01	9.848461e-01	9.801798e-01	9.746934e-01	9.683501e-01
	9.611153e-01	9.529550e-01	9.438343e-01	9.337156e-01	9.225571e-01
	9.103121e-01	8.969267e-01	8.823381e-01	8.664721e-01	8.492456e-01
	8.305794e-01	8.104202e-01	7.887518e-01	7.655782e-01	7.408850e-01
	7.146232e-01	6.867972e-01	6.576010e-01	6.273838e-01	5.964578e-01
	5.649614e-01	5.327909e-01	4.996761e-01	4.656097e-01	4.312836e-01
	3.978470e-01	3.662030e-01	3.367256e-01	3.094718e-01	2.843805e-01
	2.613510e-01	2.403238e-01	2.211925e-01	2.037172e-01	1.877457e-01
	1.732256e-01	1.600117e-01	1.479701e-01	1.370800e-01	1.272851e-01
	1.184928e-01	1.107184e-01	1.039452e-01	9.802248e-02	9.286304e-02
	8.842083e-02	8.456362e-02	8.116984e-02	7.817544e-02	7.552826e-02
	7.317166e-02	7.104292e-02	6.908836e-02	6.728082e-02	6.561174e-02
	6.407789e-02	6.267678e-02	6.140157e-02	6.024066e-02	5.917468e-02
	5.817798e-02	5.722759e-02	5.630946e-02	5.541719e-02	5.454570e-02
	5.368981e-02	5.284653e-02	5.201413e-02	5.118979e-02	5.037039e-02
	4.955444e-02	4.873995e-02	4.792389e-02	4.710409e-02	4.628075e-02
	4.544571e-02	4.459336e-02	4.372998e-02	4.283664e-02	4.190569e-02
	4.096076e-02	3.996323e-02	3.888198e-02	3.775989e-02	3.653671e-02
	3.516150e-02	3.359799e-02	3.171718e-02	2.945637e-02	2.679872e-02
	2.391140e-02	2.106093e-02	1.834227e-02	1.577728e-02	1.341937e-02
	1.133269e-02	9.549145e-03	8.048255e-03	6.782050e-03	5.710236e-03
	4.807840e-03	4.053628e-03	3.423387e-03	2.892669e-03	2.440412e-03
	2.050141e-03	1.710109e-03	1.412712e-03	1.153353e-03	9.291994e-04
	7.380468e-04	5.775325e-04	4.448712e-04	3.368591e-04	2.503557e-04
	1.824692e-04	1.302895e-04	9.093705e-05	6.186767e-05	4.092311e-05
	2.618448e-05	1.603818e-05	9.214462e-06	4.723141e-06	1.828189e-06
	0.000000e+00
temperature [K]
	3.000000e+02	3.000617e+02	3.001875e+02	3.004249e+02	3.008408e+02
	3.015221e+02	3.025659e+02	3.040680e+02	3.061246e+02	3.088259e+02
	3.122441e+02	3.164374e+02	3.214522e+02	3.273262e+02	3.340913e+02
	3.417769e+02	3.504127e+02	3.600307e+02	3.706674e+02	3.823663e+02
	3.951801e+02	4.091727e+02	4.244233e+02	4.410295e+02	4.591073e+02
	4.787791e+02	5.001538e+02	5.233154e+02	5.483437e+02	5.753571e+02
	6.045360e+02	6.360316e+02	6.698074e+02	7.056588e+02	7.434243e+02
	7.831605e+02	8.252718e+02	8.704848e+02	9.193175e+02	9.713657e+02
	1.025365e+03	1.080015e+03	1.134513e+03	1.188442e+03	1.241537e+03
	1.293584e+03	1.344246e+03	1.393274e+03	1.440790e+03	1.486749e+03
	1.530838e+03	1.573039e+03	1.613350e+03	1.651418e+03	1.687016e+03
	1.720080e+03	1.750173e+03	1.776998e+03	1.800856e+03	1.821868e+03
	1.840048e+03	1.855818e+03	1.869598e+03	1.881598e+03	1.891999e+03
	1.901006e+03	1.908848e+03	1.915703e+03	1.921642e+03	1.926671e+03
	1.930790e+03	1.934015e+03	1.936395e+03	1.938004e+03	1.938925e+03
	1.939225e+03	1.938935e+03	1.938052e+03	1.936563e+03	1.934447e+03
	1.931681e+03	1.928240e+03	1.924109e+03	1.919268e+03	1.913698e+03
	1.907394e+03	1.900350e+03	1.892557e+03	1.884016e+03	1.874756e+03
	1.864712e+03	1.853837e+03	1.842234e+03	1.829666e+03	1.816019e+03
	1.801646e+03	1.785951e+03	1.768370e+03	1.749526e+03	1.728293e+03
	1.703541e+03	1.674200e+03	1.637057e+03	1.589385e+03	1.528406e+03
	1.454881e+03	1.373228e+03	1.285118e+03	1.190990e+03	1.093442e+03
	9.971714e+02	9.067864e+02	8.245661e+02	7.507582e+02	6.852365e+02
	6.280829e+02	5.790580e+02	5.373005e+02	5.016267e+02	4.708837e+02
	4.441134e+02	4.206134e+02	3.999287e+02	3.817907e+02	3.660408e+02
	3.525553e+02	3.411923e+02	3.317739e+02	3.240869e+02	3.179184e+02
	3.130696e+02	3.093379e+02	3.065206e+02	3.044379e+02	3.029364e+02
	3.018792e+02	3.011512e+02	3.006615e+02	3.003391e+02	3.001313e+02
	3.000000e+02
massfraction-N2
	1.000000e-60	4.592371e-05	1.398271e-04	3.177513e-04	6.307335e-04
	1.145565e-03	1.937695e-03	3.082603e-03	4.657243e-03	6.734641e-03
	9.374727e-03	1.262686e-02	1.653099e-02	2.111959e-02	2.641963e-02
	3.245452e-02	3.924565e-02	4.681382e-02	5.518045e-02	6.436865e-02
	7.440443e-02	8.531782e-02	9.714456e-02	1.099278e-01	1.237160e-01
	1.385525e-01	1.544588e-01	1.714264e-01	1.894316e-01	2.084663e-01
	2.285498e-01	2.496626e-01	2.716455e-01	2.942313e-01	3.171913e-01
	3.404337e-01	3.640497e-01	3.882547e-01	4.130769e-01	4.380480e-01
	4.623699e-01	4.854239e-01	5.069578e-01	5.269402e-01	5.454186e-01
	5.624646e-01	5.781153e-01	5.924399e-01	6.056064e-01	6.177185e-01
	6.288039e-01	6.389616e-01	6.482831e-01	6.567736e-01	6.644655e-01
	6.714205e-01	6.776156e-01	6.830521e-01	6.878398e-01	6.920395e-01
	6.956791e-01	6.988583e-01	7.016702e-01	7.041620e-01	7.063719e-01
	7.083432e-01	7.101250e-01	7.117602e-01	7.132696e-01	7.146593e-01
	7.159316e-01	7.170887e-01	7.181367e-01	7.190863e-01	7.199541e-01
	7.207620e-01	7.215291e-01	7.222673e-01	7.229821e-01	7.236779e-01
	7.243592e-01	7.250285e-01	7.256874e-01	7.263382e-01	7.269832e-01
	7.276236e-01	7.282605e-01	7.288960e-01	7.295314e-01	7.301661e-01
	7.308058e-01	7.314542e-01	7.321061e-01	7.327754e-01	7.334670e-01
	7.341634e-01	7.348926e-01	7.356768e-01	7.364846e-01	7.373590e-01
	7.383355e-01	7.394381e-01	7.407546e-01	7.423230e-01	7.441458e-01
	7.460995e-01	7.480040e-01	7.498102e-01	7.515272e-01	7.531452e-01
	7.546376e-01	7.559823e-01	7.571837e-01	7.582644e-01	7.592426e-01
	7.601242e-01	7.609125e-01	7.616158e-01	7.622464e-01	7.628175e-01
	7.633401e-01	7.638225e-01	7.642691e-01	7.646812e-01	7.650578e-01
	7.653975e-01	7.656991e-01	7.659628e-01	7.661900e-01	7.663827e-01
	7.665433e-01	7.666745e-01	7.667799e-01	7.668632e-01	7.669274e-01
	7.669761e-01	7.670121e-01	7.670384e-01	7.670572e-01	7.670704e-01
	7.670796e-01
massfraction-O2
	1.000000e-60	7.272197e-07	2.208786e-06	5.006097e-06	9.910099e-06
	1.795036e-05	3.028160e-05	4.804778e-05	7.240331e-05	1.044274e-04
	1.449814e-04	1.947475e-04	2.542463e-04	3.238661e-04	4.038927e-04
	4.945380e-04	5.959638e-04	7.083018e-04	8.316703e-04	9.661898e-04
	1.111997e-03	1.269260e-03	1.438199e-03	1.619104e-03	1.812301e-03
	2.018005e-03	2.236090e-03	2.466002e-03	2.706987e-03	2.958508e-03
	3.220400e-03	3.491999e-03	3.770925e-03	4.053609e-03	4.337180e-03
	4.620632e-03	4.905258e-03	5.193858e-03	5.487037e-03	5.779756e-03
	6.063433e-03	6.331766e-03	6.582667e-03	6.816458e-03	7.034219e-03
	7.237183e-03	7.426067e-03	7.601889e-03	7.766880e-03	7.922553e-03
	8.069520e-03	8.209423e-03	8.344028e-03	8.474073e-03	8.600817e-03
	8.726207e-03	8.850764e-03	8.975030e-03	9.101782e-03	9.232881e-03
	9.368863e-03	9.512645e-03	9.668094e-03	9.837780e-03	1.002391e-02
	1.022932e-02	1.045868e-02	1.071812e-02	1.101257e-02	1.134436e-02
	1.171334e-02	1.211684e-02	1.255101e-02	1.301225e-02	1.350043e-02
	1.402121e-02	1.458345e-02	1.519492e-02	1.586073e-02	1.658621e-02
	1.737786e-02	1.824117e-02	1.918077e-02	2.020278e-02	2.131428e-02
	2.252065e-02	2.382803e-02	2.524458e-02	2.677749e-02	2.842931e-02
	3.021998e-02	3.216699e-02	3.426029e-02	3.655181e-02	3.907173e-02
	4.176229e-02	4.474196e-02	4.812604e-02	5.179902e-02	5.598043e-02
	6.089079e-02	6.672755e-02	7.408682e-02	8.339167e-02	9.492804e-02
	1.081383e-01	1.218062e-01	1.353504e-01	1.485033e-01	1.608345e-01
	1.718818e-01	1.814023e-01	1.894686e-01	1.963134e-01	2.021334e-01
	2.070481e-01	2.111619e-01	2.146003e-01	2.174937e-01	2.199559e-01
	2.220764e-01	2.239192e-01	2.255257e-01	2.269209e-01	2.281208e-01
	2.291379e-01	2.299860e-01	2.306812e-01	2.312420e-01	2.316865e-01
	2.320314e-01	2.322932e-01	2.324880e-01	2.326300e-01	2.327307e-01
	2.328005e-01	2.328479e-01	2.328792e-01	2.328995e-01	2.329124e-01
	2.329204e-01
massfraction-H
	1.000000e-60	8.254168e-17	1.809292e-16	2.942498e-16	4.228341e-16
	5.703180e-16	7.445318e-16	9.598393e-16	1.241232e-15	1.628195e-15
	2.180999e-15	2.993414e-15	4.213319e-15	6.077357e-15	8.969201e-15
	1.351818e-14	2.076738e-14	3.246259e-14	5.155288e-14	8.306475e-14
	1.356404e-13	2.242647e-13	3.751394e-13	6.344526e-13	1.084117e-12
	1.869441e-12	3.246106e-12	5.657357e-12	9.859298e-12	1.712490e-11
	2.956671e-11	5.055444e-11	8.505677e-11	1.398249e-10	2.237523e-10
	3.490294e-10	5.342207e-10	8.104287e-10	1.228834e-09	1.865508e-09
	2.823067e-09	4.238509e-09	6.303630e-09	9.293866e-09	1.360612e-08
	1.980998e-08	2.869062e-08	4.134797e-08	5.946071e-08	8.545298e-08
	1.226474e-07	1.760629e-07	2.532204e-07	3.643778e-07	5.242552e-07
	7.547218e-07	1.083039e-06	1.543117e-06	2.187337e-06	3.080088e-06
	4.283622e-06	5.877782e-06	7.953361e-06	1.057261e-05	1.376151e-05
	1.752381e-05	2.187081e-05	2.682049e-05	3.234298e-05	3.833829e-05
	4.465664e-05	5.112121e-05	5.756969e-05	6.388041e-05	7.000635e-05
	7.597664e-05	8.183855e-05	8.760429e-05	9.324673e-05	9.873464e-05
	1.040401e-04	1.091233e-04	1.139400e-04	1.184556e-04	1.226401e-04
	1.264588e-04	1.298849e-04	1.329000e-04	1.354858e-04	1.376228e-04
	1.393148e-04	1.405519e-04	1.413112e-04	1.415912e-04	1.413593e-04
	1.406061e-04	1.392772e-04	1.372573e-04	1.345714e-04	1.310132e-04
	1.263002e-04	1.201288e-04	1.117200e-04	1.004678e-04	8.610495e-05
	6.976958e-05	5.363309e-05	3.894616e-05	2.638375e-05	1.651256e-05
	9.530770e-06	5.103024e-06	2.548507e-06	1.187156e-06	5.164810e-07
	2.119678e-07	8.346975e-08	3.217017e-08	1.243736e-08	4.985227e-09
	2.148332e-09	1.017327e-09	5.255024e-10	2.881540e-10	1.633611e-10
	9.419253e-11	5.475787e-11	3.192104e-11	1.856058e-11	1.070930e-11
	6.107258e-12	3.426423e-12	1.877933e-12	9.970912e-13	5.084577e-13
	2.456025e-13	1.096890e-13	4.337567e-14	1.377773e-14	2.631735e-15
	1.000000e-60
massfraction-OH
	1.000000e-60	9.071442e-21	6.026294e-20	2.574493e-19	8.883807e-19
	2.679271e-18	7.281934e-18	1.812654e-17	4.199507e-17	9.175057e-17
	1.908125e-16	3.808561e-16	7.347279e-16	1.378003e-15	2.524676e-15
	4.535831e-15	8.015403e-15	1.396558e-14	2.403774e-14	4.093642e-14
	6.906870e-14	1.155897e-13	1.920941e-13	3.173751e-13	5.219047e-13
	8.549372e-13	1.395416e-12	2.268742e-12	3.674091e-12	5.932355e-12
	9.571837e-12	1.546442e-11	2.501781e-11	4.048995e-11	6.562162e-11
	1.069568e-10	1.767711e-10	2.996061e-10	5.249263e-10	9.476888e-10
	1.738711e-09	3.195379e-09	5.831796e-09	1.052545e-08	1.874345e-08
	3.288688e-08	5.672766e-08	9.611572e-08	1.605077e-07	2.646805e-07
	4.306391e-07	6.929385e-07	1.105664e-06	1.747240e-06	2.734240e-06
	4.244323e-06	6.511735e-06	9.841559e-06	1.471293e-05	2.176834e-05
	3.174348e-05	4.567424e-05	6.490483e-05	9.074631e-05	1.243161e-04
	1.665709e-04	2.185859e-04	2.815812e-04	3.562189e-04	4.421205e-04
	5.379247e-04	6.414692e-04	7.503895e-04	8.626301e-04	9.772357e-04
	1.094691e-03	1.216054e-03	1.341888e-03	1.471991e-03	1.606037e-03
	1.743722e-03	1.884350e-03	2.026909e-03	2.170446e-03	2.313938e-03
	2.455946e-03	2.594998e-03	2.729697e-03	2.858409e-03	2.979123e-03
	3.091012e-03	3.192656e-03	3.281315e-03	3.356851e-03	3.417340e-03
	3.459473e-03	3.483101e-03	3.485283e-03	3.463162e-03	3.412719e-03
	3.326135e-03	3.193594e-03	2.992744e-03	2.702586e-03	2.311500e-03
	1.851824e-03	1.394432e-03	9.877197e-04	6.590220e-04	4.211843e-04
	2.650105e-04	1.669425e-04	1.051273e-04	6.592049e-05	4.155554e-05
	2.690758e-05	1.821489e-05	1.293588e-05	9.567663e-06	7.290640e-06
	5.666246e-06	4.456082e-06	3.526073e-06	2.796986e-06	2.218961e-06
	1.758105e-06	1.389549e-06	1.094133e-06	8.566469e-07	6.655138e-07
	5.121496e-07	3.896083e-07	2.920236e-07	2.147904e-07	1.543714e-07
	1.076606e-07	7.196570e-08	4.508133e-08	2.511784e-08	1.051382e-08
	1.000000e-60
massfraction-O
	1.000000e-60	1.505306e-20	4.027200e-20	7.858943e-20	1.320580e-19
	2.030914e-19	2.962433e-19	4.209322e-19	5.954582e-19	8.517222e-19
	1.243160e-18	1.860381e-18	2.858831e-18	4.508770e-18	7.285956e-18
	1.203731e-17	2.028533e-17	3.479091e-17	6.059821e-17	1.069820e-16
	1.910843e-16	3.447112e-16	6.270271e-16	1.148195e-15	2.112849e-15
	3.897602e-15	7.182615e-15	1.316406e-14	2.389057e-14	4.281250e-14
	7.572618e-14	1.323551e-13	2.289789e-13	3.936514e-13	6.777084e-13
	1.180177e-12	2.100752e-12	3.858058e-12	7.326488e-12	1.422587e-11
	2.766689e-11	5.298114e-11	9.916749e-11	1.813131e-10	3.244991e-10
	5.700427e-10	9.839920e-10	1.671564e-09	2.808362e-09	4.679995e-09
	7.733465e-09	1.270496e-08	2.080802e-08	3.392002e-08	5.500221e-08
	8.882018e-08	1.421726e-07	2.245474e-07	3.511496e-07	5.434490e-07
	8.279438e-07	1.243424e-06	1.845273e-06	2.701029e-06	3.891926e-06
	5.521501e-06	7.736465e-06	1.074534e-05	1.480416e-05	2.018980e-05
	2.717529e-05	3.599249e-05	4.682179e-05	5.980319e-05	7.513550e-05
	9.320830e-05	1.145883e-04	1.398781e-04	1.696087e-04	2.043131e-04
	2.445524e-04	2.907759e-04	3.432792e-04	4.022967e-04	4.679538e-04
	5.400775e-04	6.183238e-04	7.022499e-04	7.911336e-04	8.837944e-04
	9.798405e-04	1.078479e-03	1.177406e-03	1.277104e-03	1.376518e-03
	1.471300e-03	1.563379e-03	1.652773e-03	1.733171e-03	1.805744e-03
	1.868040e-03	1.913745e-03	1.933196e-03	1.905699e-03	1.804256e-03
	1.614957e-03	1.358617e-03	1.067599e-03	7.759626e-04	5.215120e-04
	3.306195e-04	2.046150e-04	1.272749e-04	8.092101e-05	5.323230e-05
	3.662226e-05	2.646606e-05	2.000713e-05	1.567574e-05	1.260206e-05
	1.030264e-05	8.504590e-06	7.050779e-06	5.848250e-06	4.839980e-06
	3.988805e-06	3.268305e-06	2.658179e-06	2.141667e-06	1.705778e-06
	1.340892e-06	1.038408e-06	7.898787e-07	5.880059e-07	4.267139e-07
	2.999017e-07	2.017054e-07	1.269776e-07	7.103222e-08	2.983284e-08
	1.000000e-60
massfraction-H2
	1.000000e-60	1.644433e-05	3.780738e-05	6.421362e-05	9.548014e-05
	1.312575e-04	1.708319e-04	2.133003e-04	2.579925e-04	3.043375e-04
	3.517489e-04	3.997603e-04	4.480185e-04	4.962666e-04	5.443229e-04
	5.920631e-04	6.394048e-04	6.862963e-04	7.327083e-04	7.786281e-04
	8.240556e-04	8.690019e-04	9.134879e-04	9.575449e-04	1.001202e-03
	1.044454e-03	1.087232e-03	1.129405e-03	1.170840e-03	1.211472e-03
	1.251309e-03	1.290298e-03	1.328182e-03	1.364619e-03	1.399437e-03
	1.432725e-03	1.464831e-03	1.496235e-03	1.527162e-03	1.557282e-03
	1.585955e-03	1.612815e-03	1.637880e-03	1.661350e-03	1.683446e-03
	1.704359e-03	1.724184e-03	1.743010e-03	1.761024e-03	1.778304e-03
	1.794788e-03	1.810480e-03	1.825336e-03	1.839121e-03	1.851575e-03
	1.862423e-03	1.871195e-03	1.877465e-03	1.880956e-03	1.881334e-03
	1.878349e-03	1.871833e-03	1.861558e-03	1.847423e-03	1.829507e-03
	1.807969e-03	1.782859e-03	1.754122e-03	1.721922e-03	1.686783e-03
	1.649481e-03	1.610932e-03	1.571977e-03	1.533238e-03	1.494905e-03
	1.456698e-03	1.418192e-03	1.379144e-03	1.339552e-03	1.299431e-03
	1.258765e-03	1.217622e-03	1.176126e-03	1.134343e-03	1.092319e-03
	1.050184e-03	1.008041e-03	9.659432e-04	9.239869e-04	8.823885e-04
	8.409452e-04	7.996009e-04	7.588747e-04	7.181034e-04	6.772216e-04
	6.374925e-04	5.975429e-04	5.565714e-04	5.165863e-04	4.758600e-04
	4.334838e-04	3.894326e-04	3.418497e-04	2.918001e-04	2.420284e-04
	1.980471e-04	1.640247e-04	1.393803e-04	1.219869e-04	1.096783e-04
	1.005172e-04	9.315092e-05	8.680991e-05	8.108969e-05	7.580727e-05
	7.091141e-05	6.638810e-05	6.220153e-05	5.829147e-05	5.458940e-05
	5.102958e-05	4.755816e-05	4.413952e-05	4.075752e-05	3.741346e-05
	3.412036e-05	3.089548e-05	2.775496e-05	2.470891e-05	2.176874e-05
	1.895376e-05	1.628134e-05	1.376024e-05	1.139991e-05	9.216154e-06
	7.217882e-06	5.407083e-06	3.785308e-06	2.348443e-06	1.089579e-06
	1.000000e-60
massfraction-H2O
	1.000000e-60	1.431984e-05	4.294601e-05	9.602299e-05	1.874878e-04
	3.350362e-04	5.578964e-04	8.743749e-04	1.302306e-03	1.857570e-03
	2.551707e-03	3.392734e-03	4.385544e-03	5.532475e-03	6.833878e-03
	8.288634e-03	9.894576e-03	1.164885e-02	1.354821e-02	1.558925e-02
	1.776866e-02	2.008343e-02	2.253111e-02	2.511007e-02	2.781893e-02
	3.065454e-02	3.360905e-02	3.666921e-02	3.981980e-02	4.304927e-02
	4.635139e-02	4.971420e-02	5.310593e-02	5.648307e-02	5.981342e-02
	6.308845e-02	6.632641e-02	6.956161e-02	7.280288e-02	7.599826e-02
	7.906071e-02	8.193111e-02	8.459574e-02	8.706510e-02	8.935582e-02
	9.148423e-02	9.345961e-02	9.529277e-02	9.700562e-02	9.861081e-02
	1.001099e-01	1.015133e-01	1.028298e-01	1.040558e-01	1.051906e-01
	1.062373e-01	1.071861e-01	1.080300e-01	1.087796e-01	1.094380e-01
	1.100043e-01	1.104894e-01	1.109036e-01	1.112507e-01	1.115335e-01
	1.117566e-01	1.119250e-01	1.120423e-01	1.121095e-01	1.121273e-01
	1.120982e-01	1.120265e-01	1.119180e-01	1.117785e-01	1.116124e-01
	1.114210e-01	1.112030e-01	1.109570e-01	1.106822e-01	1.103776e-01
	1.100415e-01	1.096726e-01	1.092700e-01	1.088322e-01	1.083571e-01
	1.078436e-01	1.072898e-01	1.066935e-01	1.060524e-01	1.053665e-01
	1.046284e-01	1.038317e-01	1.029814e-01	1.020571e-01	1.010476e-01
	9.997664e-02	9.879740e-02	9.746510e-02	9.602542e-02	9.439202e-02
	9.247804e-02	9.020393e-02	8.732996e-02	8.367058e-02	7.906603e-02
	7.365565e-02	6.784370e-02	6.180497e-02	5.560929e-02	4.944271e-02
	4.357350e-02	3.821703e-02	3.343459e-02	2.917688e-02	2.539062e-02
	2.205439e-02	1.914578e-02	1.661774e-02	1.440875e-02	1.245910e-02
	1.071898e-02	9.152416e-03	7.737670e-03	6.464413e-03	5.329407e-03
	4.331676e-03	3.468605e-03	2.734263e-03	2.119073e-03	1.612331e-03
	1.203386e-03	8.801691e-04	6.294719e-04	4.389378e-04	2.976160e-04
	1.951732e-04	1.224715e-04	7.202677e-05	3.774413e-05	1.491034e-05
	1.000000e-60
massfraction-HO2
	1.000000e-60	4.070363e-10	1.238517e-09	2.812440e-09	5.578393e-09
	1.012359e-08	1.710947e-08	2.719468e-08	4.104703e-08	5.929471e-08
	8.244481e-08	1.109049e-07	1.449926e-07	1.849524e-07	2.309723e-07
	2.831998e-07	3.417559e-07	4.067461e-07	4.782696e-07	5.564285e-07
	6.413352e-07	7.331208e-07	8.319460e-07	9.380106e-07	1.051531e-06
	1.172648e-06	1.301280e-06	1.437061e-06	1.579440e-06	1.727895e-06
	1.881948e-06	2.040540e-06	2.201164e-06	2.360040e-06	2.513093e-06
	2.656422e-06	2.786081e-06	2.896831e-06	2.979806e-06	3.022649e-06
	3.014706e-06	2.951792e-06	2.836014e-06	2.673963e-06	2.475720e-06
	2.254277e-06	2.025345e-06	1.804873e-06	1.605742e-06	1.438828e-06
	1.312013e-06	1.228057e-06	1.186995e-06	1.187535e-06	1.227264e-06
	1.304096e-06	1.414909e-06	1.554706e-06	1.719165e-06	1.901093e-06
	2.089254e-06	2.274941e-06	2.451039e-06	2.610407e-06	2.748825e-06
	2.866135e-06	2.965500e-06	3.051539e-06	3.128855e-06	3.201859e-06
	3.274543e-06	3.349918e-06	3.429883e-06	3.515408e-06	3.607325e-06
	3.707074e-06	3.816475e-06	3.937002e-06	4.069483e-06	4.214666e-06
	4.373438e-06	4.546408e-06	4.733968e-06	4.936803e-06	5.155839e-06
	5.391763e-06	5.645588e-06	5.918957e-06	6.213625e-06	6.530822e-06
	6.875519e-06	7.252703e-06	7.662486e-06	8.117603e-06	8.627350e-06
	9.183436e-06	9.814233e-06	1.054998e-05	1.137146e-05	1.233496e-05
	1.350388e-05	1.494548e-05	1.684677e-05	1.939903e-05	2.284228e-05
	2.728022e-05	3.262176e-05	3.892636e-05	4.628440e-05	5.432336e-05
	6.176196e-05	6.658083e-05	6.688904e-05	6.175258e-05	5.190931e-05
	3.986346e-05	2.847578e-05	1.938678e-05	1.286030e-05	8.451112e-06
	5.561822e-06	3.689023e-06	2.473965e-06	1.679518e-06	1.154224e-06
	8.023436e-07	5.632153e-07	3.982067e-07	2.825001e-07	2.002665e-07
	1.413555e-07	9.894813e-08	6.832778e-08	4.628084e-08	3.058779e-08
	1.958053e-08	1.199305e-08	6.879480e-09	3.513896e-09	1.353228e-09
	1.000000e-60
massfraction-H2O2
	1.000000e-60	9.195158e-12	2.802576e-11	6.374939e-11	1.266367e-10
	2.300772e-10	3.890421e-10	6.181594e-10	9.317420e-10	1.342380e-09
	1.858799e-09	2.486107e-09	3.225848e-09	4.076282e-09	5.032743e-09
	6.088021e-09	7.232710e-09	8.455506e-09	9.743456e-09	1.108214e-08
	1.245577e-08	1.384727e-08	1.523824e-08	1.660880e-08	1.793693e-08
	1.919721e-08	2.035981e-08	2.139123e-08	2.225675e-08	2.292225e-08
	2.335333e-08	2.351318e-08	2.336643e-08	2.288846e-08	2.206752e-08
	2.089679e-08	1.936198e-08	1.743493e-08	1.510213e-08	1.243023e-08
	9.605752e-09	6.897143e-09	4.578817e-09	2.846431e-09	1.735377e-09
	1.116830e-09	7.969050e-10	6.221567e-10	5.122334e-10	4.363226e-10
	3.840245e-10	3.506788e-10	3.336219e-10	3.312211e-10	3.424410e-10
	3.672544e-10	4.064504e-10	4.619063e-10	5.389705e-10	6.479381e-10
	8.069642e-10	1.052014e-09	1.448044e-09	2.096843e-09	3.144590e-09
	4.789924e-09	7.304276e-09	1.105476e-08	1.647968e-08	2.402758e-08
	3.409469e-08	4.695993e-08	6.278263e-08	8.164762e-08	1.037375e-07
	1.295355e-07	1.598080e-07	1.954203e-07	2.372197e-07	2.861824e-07
	3.434998e-07	4.104379e-07	4.883280e-07	5.787540e-07	6.835426e-07
	8.045039e-07	9.436397e-07	1.103298e-06	1.285852e-06	1.493190e-06
	1.729530e-06	1.999191e-06	2.302820e-06	2.650415e-06	3.049997e-06
	3.495913e-06	4.012559e-06	4.628707e-06	5.334481e-06	6.188449e-06
	7.267663e-06	8.674035e-06	1.067409e-05	1.364617e-05	1.816511e-05
	2.451444e-05	3.165219e-05	3.734558e-05	3.968781e-05	3.873030e-05
	3.594443e-05	3.254889e-05	2.907152e-05	2.567733e-05	2.244213e-05
	1.944801e-05	1.676304e-05	1.440541e-05	1.234969e-05	1.055182e-05
	8.967199e-06	7.560482e-06	6.308422e-06	5.198039e-06	4.222845e-06
	3.378545e-06	2.659662e-06	2.058170e-06	1.563291e-06	1.163612e-06
	8.480020e-07	6.044698e-07	4.205198e-07	2.847410e-07	1.872087e-07
	1.189323e-07	7.226957e-08	4.117304e-08	2.092583e-08	8.033914e-09
	1.000000e-60
massfraction-CO
	1.000000e-60	3.111911e-06	9.504005e-06	2.166754e-05	4.314922e-05
	7.861194e-05	1.333482e-04	2.126728e-04	3.220052e-04	4.664747e-04
	6.502606e-04	8.767464e-04	1.148586e-03	1.467828e-03	1.836047e-03
	2.254472e-03	2.724092e-03	3.245752e-03	3.820232e-03	4.448313e-03
	5.130853e-03	5.868852e-03	6.663552e-03	7.516527e-03	8.429526e-03
	9.403764e-03	1.043883e-02	1.153228e-02	1.268063e-02	1.388142e-02
	1.513390e-02	1.643491e-02	1.777299e-02	1.913087e-02	2.049452e-02
	2.185879e-02	2.322961e-02	2.462011e-02	2.603282e-02	2.744296e-02
	2.880865e-02	3.009904e-02	3.130366e-02	3.242366e-02	3.346378e-02
	3.442938e-02	3.532318e-02	3.614913e-02	3.691651e-02	3.763064e-02
	3.829213e-02	3.890553e-02	3.947488e-02	3.999873e-02	4.047711e-02
	4.091174e-02	4.129905e-02	4.163717e-02	4.193136e-02	4.218421e-02
	4.239679e-02	4.257482e-02	4.272339e-02	4.284478e-02	4.294055e-02
	4.301203e-02	4.305992e-02	4.308330e-02	4.307935e-02	4.304452e-02
	4.297568e-02	4.287106e-02	4.273050e-02	4.255491e-02	4.234461e-02
	4.209719e-02	4.180792e-02	4.147181e-02	4.108513e-02	4.064425e-02
	4.014514e-02	3.958490e-02	3.896197e-02	3.827466e-02	3.752157e-02
	3.670352e-02	3.582198e-02	3.487818e-02	3.387521e-02	3.282022e-02
	3.171044e-02	3.054647e-02	2.934628e-02	2.809355e-02	2.678832e-02
	2.547538e-02	2.411337e-02	2.267577e-02	2.123611e-02	1.973545e-02
	1.814050e-02	1.644995e-02	1.458982e-02	1.259625e-02	1.056729e-02
	8.704364e-03	7.159638e-03	5.907790e-03	4.881098e-03	4.035612e-03
	3.343922e-03	2.782633e-03	2.325451e-03	1.947442e-03	1.631470e-03
	1.367621e-03	1.148379e-03	9.660153e-04	8.130669e-04	6.832264e-04
	5.716079e-04	4.747415e-04	3.903761e-04	3.171340e-04	2.541451e-04
	2.007172e-04	1.561132e-04	1.194803e-04	8.985530e-05	6.630120e-05
	4.795891e-05	3.397576e-05	2.352115e-05	1.586859e-05	1.040740e-05
	6.602501e-06	4.010125e-06	2.285232e-06	1.162365e-06	4.467388e-07
	1.000000e-60
massfraction-CO2
	1.000000e-60	1.344083e-06	4.533253e-06	1.149927e-05	2.551137e-05
	5.163282e-05	9.675448e-05	1.692615e-04	2.790689e-04	4.371424e-04
	6.544863e-04	9.418597e-04	1.309477e-03	1.766854e-03	2.322763e-03
	2.985263e-03	3.761772e-03	4.659174e-03	5.683940e-03	6.842272e-03
	8.140261e-03	9.584076e-03	1.118021e-02	1.293574e-02	1.485808e-02
	1.695348e-02	1.922449e-02	2.166865e-02	2.428053e-02	2.705621e-02
	2.999528e-02	3.309111e-02	3.631623e-02	3.962727e-02	4.298681e-02
	4.637823e-02	4.981221e-02	5.331790e-02	5.689760e-02	6.048319e-02
	6.396181e-02	6.724852e-02	7.031164e-02	7.315067e-02	7.577563e-02
	7.819907e-02	8.042784e-02	8.247254e-02	8.435735e-02	8.609682e-02
	8.769422e-02	8.916277e-02	9.051454e-02	9.174890e-02	9.286913e-02
	9.388278e-02	9.478513e-02	9.557528e-02	9.626836e-02	9.687259e-02
	9.739175e-02	9.784003e-02	9.823054e-02	9.856974e-02	9.886282e-02
	9.911555e-02	9.933422e-02	9.952375e-02	9.968605e-02	9.982132e-02
	9.992974e-02	1.000120e-01	1.000698e-01	1.001053e-01	1.001208e-01
	1.001179e-01	1.000969e-01	1.000572e-01	9.999763e-02	9.991651e-02
	9.981178e-02	9.968108e-02	9.952188e-02	9.933108e-02	9.910503e-02
	9.884002e-02	9.853186e-02	9.817545e-02	9.776550e-02	9.729761e-02
	9.676198e-02	9.614835e-02	9.545481e-02	9.465820e-02	9.374025e-02
	9.271517e-02	9.152996e-02	9.012555e-02	8.853754e-02	8.665735e-02
	8.436276e-02	8.153101e-02	7.782780e-02	7.298338e-02	6.680737e-02
	5.961563e-02	5.215143e-02	4.481665e-02	3.780984e-02	3.138005e-02
	2.575984e-02	2.104671e-02	1.716989e-02	1.398137e-02	1.135643e-02
	9.211655e-03	7.475054e-03	6.071262e-03	4.929323e-03	3.990795e-03
	3.211286e-03	2.559309e-03	2.013675e-03	1.560080e-03	1.187978e-03
	8.881622e-04	6.514252e-04	4.683461e-04	3.295706e-04	2.266365e-04
	1.522107e-04	9.977486e-05	6.371045e-05	3.953760e-05	2.381099e-05
	1.386337e-05	7.734047e-06	4.059112e-06	1.910418e-06	6.840037e-07
	1.000000e-60
massfraction-CH
	1.000000e-60	1.000000e-60	1.000000e-60	1.000000e-60	1.000000e-60
	7.459792e-29	3.441658e-29	1.890328e-28	4.641165e-28	3.585026e-28
	1.000000e-60	1.000000e-60	1.705499e-28	1.008147e-27	8.531020e-28
	2.877553e-27	4.882151e-27	1.531867e-26	4.301054e-26	1.288615e-25
	4.035708e-25	1.314415e-24	4.446779e-24	1.552198e-23	5.566606e-23
	2.041375e-22	7.607197e-22	2.856473e-21	1.070798e-20	3.975727e-20
	1.453011e-19	5.183501e-19	1.779000e-18	5.780180e-18	1.762657e-17
	5.059394e-17	1.386737e-16	3.709809e-16	9.853852e-16	2.601815e-15
	6.747576e-15	1.699708e-14	4.146881e-14	9.827106e-14	2.272593e-13
	5.151880e-13	1.146691e-12	2.510709e-12	5.445813e-12	1.175157e-11
	2.522087e-11	5.406102e-11	1.162793e-10	2.505223e-10	5.404770e-10
	1.170373e-09	2.525029e-09	5.382035e-09	1.137040e-08	2.369463e-08
	4.799670e-08	9.408029e-08	1.779143e-07	3.216305e-07	5.516841e-07
	8.962432e-07	1.384317e-06	2.043252e-06	2.886618e-06	3.901711e-06
	5.046631e-06	6.256050e-06	7.457603e-06	8.587345e-06	9.602259e-06
	1.047916e-05	1.120017e-05	1.174374e-05	1.208817e-05	1.221864e-05
	1.212838e-05	1.181962e-05	1.130552e-05	1.060864e-05	9.759240e-06
	8.795679e-06	7.760167e-06	6.694813e-06	5.641300e-06	4.639881e-06
	3.714361e-06	2.885802e-06	2.177441e-06	1.583365e-06	1.103847e-06
	7.431651e-07	4.746456e-07	2.824872e-07	1.590751e-07	8.193957e-08
	3.731218e-08	1.454437e-08	4.472034e-09	1.039358e-09	1.834748e-10
	2.773672e-11	4.240971e-12	6.923155e-13	1.169730e-13	1.964488e-14
	3.210138e-15	5.095281e-16	7.827288e-17	1.147216e-17	1.595639e-18
	2.142798e-19	2.858101e-20	3.879853e-21	5.477851e-22	8.260236e-23
	1.370137e-23	2.543809e-24	5.247729e-25	1.176055e-25	2.812150e-26
	7.128633e-27	1.911570e-27	5.446899e-28	1.622659e-28	5.051212e-29
	1.660996e-29	5.598076e-30	1.688510e-30	5.945507e-31	1.516532e-31
	1.092189e-31	1.000000e-60	1.000000e-60	2.157663e-32	2.771692e-33
	1.000000e-60
massfraction-CHO
	1.000000e-60	2.575471e-18	8.693698e-18	2.153348e-17	4.548990e-17
	8.605624e-17	1.496401e-16	2.445732e-16	3.847607e-16	5.950243e-16
	9.191913e-16	1.434497e-15	2.276027e-15	3.680087e-15	6.061856e-15
	1.015487e-14	1.726182e-14	2.970622e-14	5.164606e-14	9.053859e-14
	1.597695e-13	2.833410e-13	5.041353e-13	8.981765e-13	1.598147e-12
	2.828552e-12	4.948681e-12	8.483922e-12	1.410244e-11	2.247625e-11
	3.398057e-11	4.827123e-11	6.408152e-11	7.978244e-11	9.437985e-11
	1.079314e-10	1.213384e-10	1.361220e-10	1.543848e-10	1.787595e-10
	2.122134e-10	2.582554e-10	3.216971e-10	4.096611e-10	5.329057e-10
	7.076813e-10	9.576225e-10	1.317372e-09	1.840812e-09	2.606162e-09
	3.719033e-09	5.332300e-09	7.663320e-09	1.098911e-08	1.568357e-08
	2.228088e-08	3.141748e-08	4.389166e-08	6.103621e-08	8.464392e-08
	1.167812e-07	1.605320e-07	2.200998e-07	2.999296e-07	4.043865e-07
	5.378816e-07	7.056561e-07	9.137323e-07	1.166277e-06	1.463263e-06
	1.799867e-06	2.166664e-06	2.551901e-06	2.943909e-06	3.334450e-06
	3.719810e-06	4.097194e-06	4.460829e-06	4.801488e-06	5.108866e-06
	5.372194e-06	5.579831e-06	5.720529e-06	5.784753e-06	5.765061e-06
	5.657074e-06	5.460478e-06	5.179062e-06	4.821373e-06	4.401711e-06
	3.933665e-06	3.434283e-06	2.929341e-06	2.430048e-06	1.954166e-06
	1.530878e-06	1.156464e-06	8.341559e-07	5.820937e-07	3.870661e-07
	2.432875e-07	1.458276e-07	8.445869e-08	5.093597e-08	3.437376e-08
	2.590119e-08	2.063070e-08	1.643669e-08	1.242135e-08	8.360308e-09
	4.732616e-09	2.225424e-09	8.954835e-10	3.186457e-10	1.028040e-10
	3.087117e-11	8.874653e-12	2.507474e-12	7.161354e-13	2.141760e-13
	6.962269e-14	2.509034e-14	9.910815e-15	4.167731e-15	1.819603e-15
	8.133019e-16	3.694873e-16	1.696869e-16	7.823489e-17	3.595138e-17
	1.637328e-17	7.344965e-18	3.217130e-18	1.363029e-18	5.540923e-19
	2.133728e-19	7.606570e-20	2.406960e-20	6.111578e-21	8.929063e-22
	1.000000e-60
massfraction-CH2
	1.000000e-60	1.195818e-20	2.459371e-20	3.751886e-20	5.089705e-20
	6.560821e-20	8.331701e-20	1.068206e-19	1.408992e-19	1.938006e-19
	2.801514e-19	4.270808e-19	6.866097e-19	1.161411e-18	2.059385e-18
	3.811406e-18	7.329484e-18	1.458133e-17	2.988624e-17	6.287342e-17
	1.353099e-16	2.970175e-16	6.633274e-16	1.503985e-15	3.455154e-15
	8.022560e-15	1.875573e-14	4.392268e-14	1.024667e-13	2.370659e-13
	5.421952e-13	1.220224e-12	2.678846e-12	5.680863e-12	1.157608e-11
	2.270640e-11	4.324581e-11	8.101590e-11	1.506906e-10	2.779754e-10
	5.040329e-10	8.917066e-10	1.536799e-09	2.585769e-09	4.261641e-09
	6.901860e-09	1.100025e-08	1.728340e-08	2.689420e-08	4.156902e-08
	6.384078e-08	9.769949e-08	1.494482e-07	2.283728e-07	3.486874e-07
	5.327839e-07	8.114269e-07	1.225934e-06	1.840087e-06	2.735131e-06
	3.991695e-06	5.702690e-06	7.958171e-06	1.079024e-05	1.415506e-05
	1.794779e-05	2.203714e-05	2.626521e-05	3.040874e-05	3.419982e-05
	3.739204e-05	3.981385e-05	4.139935e-05	4.217565e-05	4.222629e-05
	4.164097e-05	4.048838e-05	3.882749e-05	3.672650e-05	3.426083e-05
	3.150834e-05	2.855539e-05	2.549332e-05	2.240676e-05	1.937301e-05
	1.646658e-05	1.374851e-05	1.126332e-05	9.044528e-06	7.116145e-06
	5.469762e-06	4.096478e-06	2.993649e-06	2.118435e-06	1.445305e-06
	9.589899e-07	6.083419e-07	3.631597e-07	2.075840e-07	1.102203e-07
	5.284509e-08	2.233395e-08	7.794618e-09	2.196803e-09	5.139139e-10
	1.131714e-10	2.718103e-11	7.457465e-12	2.287058e-12	7.587778e-13
	2.658280e-13	9.707499e-14	3.651855e-14	1.394952e-14	5.372020e-15
	2.096343e-15	8.365267e-16	3.426854e-16	1.438267e-16	6.154441e-17
	2.670585e-17	1.171038e-17	5.190282e-18	2.335663e-18	1.075563e-18
	5.114533e-19	2.530699e-19	1.308706e-19	7.072483e-20	3.982597e-20
	2.326934e-20	1.400803e-20	8.597913e-21	5.315995e-21	3.268801e-21
	1.964242e-21	1.122728e-21	5.825715e-22	2.470841e-22	6.121532e-23
	1.000000e-60
massfraction-CH2O
	1.000000e-60	8.871514e-09	3.054256e-08	7.921630e-08	1.797392e-07
	3.718139e-07	7.112574e-07	1.268212e-06	2.127737e-06	3.386146e-06
	5.142522e-06	7.495548e-06	1.054012e-05	1.436519e-05	1.905260e-05
	2.467667e-05	3.130440e-05	3.899595e-05	4.780548e-05	5.778220e-05
	6.897168e-05	8.141737e-05	9.516266e-05	1.102531e-04	1.267342e-04
	1.446383e-04	1.639635e-04	1.846630e-04	2.066645e-04	2.299078e-04
	2.543626e-04	2.799470e-04	3.064108e-04	3.333817e-04	3.605474e-04
	3.877719e-04	4.151406e-04	4.428825e-04	4.710088e-04	4.989794e-04
	5.259156e-04	5.511639e-04	5.744752e-04	5.958220e-04	6.152325e-04
	6.327270e-04	6.482592e-04	6.617892e-04	6.733422e-04	6.828489e-04
	6.901679e-04	6.952176e-04	6.979172e-04	6.982098e-04	6.961655e-04
	6.919759e-04	6.860526e-04	6.790147e-04	6.714540e-04	6.640395e-04
	6.574773e-04	6.522437e-04	6.487173e-04	6.472398e-04	6.480073e-04
	6.510571e-04	6.563348e-04	6.637312e-04	6.729729e-04	6.835214e-04
	6.945999e-04	7.052935e-04	7.147191e-04	7.221491e-04	7.270687e-04
	7.290804e-04	7.277370e-04	7.225042e-04	7.128561e-04	6.983326e-04
	6.785551e-04	6.533206e-04	6.226654e-04	5.868237e-04	5.462467e-04
	5.017037e-04	4.541694e-04	4.047317e-04	3.546443e-04	3.053407e-04
	2.577145e-04	2.127578e-04	1.718943e-04	1.351334e-04	1.029778e-04
	7.651535e-05	5.471016e-05	3.715355e-05	2.426756e-05	1.488031e-05
	8.367644e-06	4.233417e-06	1.829843e-06	6.669718e-07	2.113325e-07
	6.480488e-08	2.167312e-08	8.287670e-09	3.641568e-09	1.814085e-09
	1.001997e-09	6.033479e-10	3.906676e-10	2.678108e-10	1.915567e-10
	1.414311e-10	1.069562e-10	8.230197e-11	6.404431e-11	5.010799e-11
	3.920274e-11	3.051756e-11	2.353884e-11	1.793107e-11	1.345931e-11
	9.940110e-12	7.214998e-12	5.141294e-12	3.590321e-12	2.452689e-12
	1.637786e-12	1.068162e-12	6.790053e-13	4.196722e-13	2.518075e-13
	1.461085e-13	8.125184e-14	4.251831e-14	1.995708e-14	7.128064e-15
	1.000000e-60
massfraction-CH3
	1.000000e-60	2.769344e-10	8.353666e-10	1.879642e-09	3.694568e-09
	6.648170e-09	1.115175e-08	1.761556e-08	2.646450e-08	3.811683e-08
	5.294368e-08	7.129411e-08	9.351223e-08	1.199584e-07	1.510321e-07
	1.871956e-07	2.289995e-07	2.771124e-07	3.323550e-07	3.957451e-07
	4.685552e-07	5.523912e-07	6.493029e-07	7.619394e-07	8.937337e-07
	1.049073e-06	1.233449e-06	1.453734e-06	1.718856e-06	2.041111e-06
	2.437975e-06	2.933122e-06	3.555960e-06	4.342822e-06	5.342995e-06
	6.629613e-06	8.319392e-06	1.060286e-05	1.376238e-05	1.814955e-05
	2.413644e-05	3.212530e-05	4.260743e-05	5.620021e-05	7.366484e-05
	9.592722e-05	1.240189e-04	1.591481e-04	2.030319e-04	2.576760e-04
	3.250811e-04	4.079121e-04	5.093795e-04	6.320699e-04	7.784586e-04
	9.510451e-04	1.148743e-03	1.367346e-03	1.603673e-03	1.850221e-03
	2.094432e-03	2.326940e-03	2.539082e-03	2.720432e-03	2.862633e-03
	2.961208e-03	3.014909e-03	3.023676e-03	2.988340e-03	2.912205e-03
	2.801542e-03	2.664828e-03	2.511021e-03	2.347978e-03	2.180890e-03
	2.011883e-03	1.841696e-03	1.671528e-03	1.503421e-03	1.339319e-03
	1.180853e-03	1.029805e-03	8.878821e-04	7.562836e-04	6.358598e-04
	5.273742e-04	4.311568e-04	3.470973e-04	2.749001e-04	2.141486e-04
	1.636281e-04	1.223422e-04	8.966340e-05	6.394896e-05	4.421670e-05
	2.989779e-05	1.945735e-05	1.201740e-05	7.165660e-06	4.016153e-06
	2.067225e-06	9.608110e-07	3.833374e-07	1.300253e-07	3.856117e-08
	1.106151e-08	3.446901e-09	1.218560e-09	4.894204e-10	2.200209e-10
	1.080879e-10	5.679808e-11	3.129698e-11	1.775993e-11	1.028171e-11
	6.073267e-12	3.669744e-12	2.266814e-12	1.425601e-12	9.077025e-13
	5.817067e-13	3.733603e-13	2.392566e-13	1.529343e-13	9.761333e-14
	6.235531e-14	3.996319e-14	2.574041e-14	1.666490e-14	1.083796e-14
	7.076713e-15	4.631817e-15	3.027265e-15	1.966169e-15	1.262718e-15
	7.955204e-16	4.850628e-16	2.796348e-16	1.445470e-16	5.655802e-17
	1.000000e-60
massfraction-CH4
	1.000000e+00	9.999175e-01	9.997612e-01	9.994793e-01	9.989988e-01
	9.982237e-01	9.970453e-01	9.953545e-01	9.930392e-01	9.899918e-01
	9.861240e-01	9.813623e-01	9.756473e-01	9.689312e-01	9.611749e-01
	9.523455e-01	9.424144e-01	9.313547e-01	9.191402e-01	9.057430e-01
	8.911325e-01	8.752736e-01	8.581241e-01	8.396324e-01	8.197410e-01
	7.984010e-01	7.755969e-01	7.513567e-01	7.257299e-01	6.987444e-01
	6.703883e-01	6.407052e-01	6.099322e-01	5.784515e-01	5.465845e-01
	5.144569e-01	4.819393e-01	4.487317e-01	4.147913e-01	3.807526e-01
	3.476711e-01	3.163659e-01	2.871516e-01	2.600482e-01	2.349739e-01
	2.118198e-01	1.905283e-01	1.710029e-01	1.530148e-01	1.364248e-01
	1.212001e-01	1.072115e-01	9.434107e-02	8.259111e-02	7.192777e-02
	6.227753e-02	5.368498e-02	4.616063e-02	3.956356e-02	3.382029e-02
	2.889990e-02	2.467154e-02	2.101375e-02	1.786524e-02	1.517294e-02
	1.287518e-02	1.090343e-02	9.199940e-03	7.732253e-03	6.481605e-03
	5.429850e-03	4.556445e-03	3.837076e-03	3.246069e-03	2.757188e-03
	2.346180e-03	1.994853e-03	1.691880e-03	1.430327e-03	1.204594e-03
	1.009827e-03	8.422880e-04	6.988403e-04	5.764668e-04	4.724610e-04
	3.846062e-04	3.108335e-04	2.492123e-04	1.981032e-04	1.561448e-04
	1.217472e-04	9.373742e-05	7.139792e-05	5.347840e-05	3.928307e-05
	2.851225e-05	2.018720e-05	1.379170e-05	9.220807e-06	5.907632e-06
	3.562508e-06	1.996495e-06	9.993378e-07	4.439348e-07	1.801365e-07
	7.336801e-08	3.330534e-08	1.761062e-08	1.091063e-08	7.742093e-09
	6.017056e-09	4.915230e-09	4.112934e-09	3.476560e-09	2.949113e-09
	2.506133e-09	2.133790e-09	1.819823e-09	1.552676e-09	1.322524e-09
	1.121687e-09	9.447073e-10	7.881215e-10	6.499479e-10	5.290901e-10
	4.247599e-10	3.360571e-10	2.618135e-10	2.005798e-10	1.508869e-10
	1.113547e-10	8.054015e-11	5.696148e-11	3.928029e-11	2.634064e-11
	1.708655e-11	1.060823e-11	6.175223e-12	3.204869e-12	1.254818e-12
	1.000000e-60
massfraction-C2H6
	1.000000e-60	3.036103e-08	1.062565e-07	2.805464e-07	6.481883e-07
	1.364850e-06	2.655427e-06	4.810650e-06	8.192075e-06	1.322006e-05
	2.034101e-05	3.001405e-05	4.269635e-05	5.883303e-05	7.885104e-05
	1.031565e-04	1.321340e-04	1.661485e-04	2.055476e-04	2.506659e-04
	3.018302e-04	3.593664e-04	4.236086e-04	4.949101e-04	5.736327e-04
	6.600832e-04	7.544055e-04	8.565188e-04	9.661979e-04	1.083259e-03
	1.207646e-03	1.339017e-03	1.476111e-03	1.616960e-03	1.759812e-03
	1.903772e-03	2.049060e-03	2.196586e-03	2.345977e-03	2.493733e-03
	2.634436e-03	2.763869e-03	2.880013e-03	2.982043e-03	3.069424e-03
	3.141547e-03	3.197490e-03	3.236341e-03	3.257201e-03	3.258574e-03
	3.238748e-03	3.195882e-03	3.127824e-03	3.033138e-03	2.911083e-03
	2.761364e-03	2.587075e-03	2.393848e-03	2.185422e-03	1.967855e-03
	1.749995e-03	1.536579e-03	1.330926e-03	1.137980e-03	9.618436e-04
	8.044046e-04	6.652996e-04	5.434129e-04	4.383558e-04	3.499132e-04
	2.772460e-04	2.188439e-04	1.726449e-04	1.364080e-04	1.079256e-04
	8.527087e-05	6.703418e-05	5.230067e-05	4.045170e-05	3.098203e-05
	2.346467e-05	1.755656e-05	1.296892e-05	9.447577e-06	6.777808e-06
	4.784518e-06	3.319612e-06	2.260061e-06	1.507809e-06	9.854978e-07
	6.281961e-07	3.891426e-07	2.348969e-07	1.366289e-07	7.617337e-08
	4.122399e-08	2.113880e-08	1.007131e-08	4.563974e-09	1.890077e-09
	6.914039e-10	2.171830e-10	5.466026e-11	1.093725e-11	1.837715e-12
	3.015024e-13	5.663958e-14	1.318598e-14	3.988334e-15	1.613926e-15
	8.516884e-16	5.430688e-16	3.864918e-16	2.908685e-16	2.248543e-16
	1.762591e-16	1.393844e-16	1.108536e-16	8.838243e-17	7.038428e-17
	5.576074e-17	4.376909e-17	3.391754e-17	2.587319e-17	1.939014e-17
	1.425896e-17	1.028030e-17	7.260290e-18	5.014766e-18	3.382159e-18
	2.226005e-18	1.428880e-18	8.928319e-19	5.418517e-19	3.189943e-19
	1.815354e-19	9.901366e-20	5.084464e-20	2.344503e-20	8.240227e-21
	1.000000e-60
massfraction-C2H
	1.000000e-60	7.485113e-31	6.999985e-30	3.326318e-29	1.324579e-28
	4.654224e-28	1.498530e-27	4.503812e-27	1.290284e-26	3.585700e-26
	9.779602e-26	2.642594e-25	7.123835e-25	1.924828e-24	5.226821e-24
	1.428070e-23	3.925723e-23	1.084909e-22	3.010238e-22	8.372801e-22
	2.330883e-21	6.485297e-21	1.801388e-20	4.991560e-20	1.379088e-19
	3.795345e-19	1.038194e-18	2.813767e-18	7.534462e-18	1.991750e-17
	5.206085e-17	1.346400e-16	3.432573e-16	8.579718e-16	2.099396e-15
	5.054357e-15	1.211655e-14	2.939684e-14	7.288621e-14	1.832261e-13
	4.571056e-13	1.110542e-12	2.605047e-12	5.888798e-12	1.283384e-11
	2.699555e-11	5.478296e-11	1.073595e-10	2.043888e-10	3.793370e-10
	6.862632e-10	1.214523e-09	2.110290e-09	3.595458e-09	6.006919e-09
	9.859942e-09	1.583572e-08	2.479881e-08	3.804613e-08	5.722842e-08
	8.407353e-08	1.208298e-07	1.700890e-07	2.336720e-07	3.121032e-07
	4.046605e-07	5.099327e-07	6.256708e-07	7.474844e-07	8.688036e-07
	9.822709e-07	1.081256e-06	1.161269e-06	1.220329e-06	1.258607e-06
	1.277229e-06	1.277102e-06	1.258831e-06	1.223269e-06	1.171715e-06
	1.105841e-06	1.027848e-06	9.404426e-07	8.464925e-07	7.489396e-07
	6.508924e-07	5.552247e-07	4.643646e-07	3.804068e-07	3.051151e-07
	2.389529e-07	1.822575e-07	1.355558e-07	9.758495e-08	6.768633e-08
	4.559194e-08	2.931334e-08	1.769041e-08	1.017741e-08	5.404199e-09
	2.564595e-09	1.055872e-09	3.492986e-10	8.960699e-11	1.813769e-11
	3.310524e-12	6.460595e-13	1.431713e-13	3.569028e-14	9.873304e-15
	2.984775e-15	9.561181e-16	3.109047e-16	9.925236e-17	3.098463e-17
	9.696335e-18	3.133723e-18	1.060881e-18	3.755262e-19	1.376934e-19
	5.174596e-20	1.977816e-20	7.670513e-21	3.029034e-21	1.227919e-21
	5.162259e-22	2.270829e-22	1.050735e-22	5.114116e-23	2.609107e-23
	1.387668e-23	7.623076e-24	4.264931e-24	2.389268e-24	1.315133e-24
	6.933851e-25	3.375316e-25	1.432927e-25	4.731273e-26	8.620270e-27
	1.000000e-60
massfraction-C2H2
	1.000000e-60	9.795444e-08	3.267809e-07	8.191874e-07	1.795748e-06
	3.592275e-06	6.657526e-06	1.152747e-05	1.882627e-05	2.923364e-05
	4.341929e-05	6.202721e-05	8.565871e-05	1.148650e-04	1.501461e-04
	1.919540e-04	2.406984e-04	2.967533e-04	3.604656e-04	4.321627e-04
	5.121630e-04	6.007862e-04	6.983678e-04	8.052743e-04	9.218867e-04
	1.048508e-03	1.185214e-03	1.331776e-03	1.487790e-03	1.652946e-03
	1.827144e-03	2.009917e-03	2.199586e-03	2.393565e-03	2.589663e-03
	2.786928e-03	2.986011e-03	3.188629e-03	3.394947e-03	3.601110e-03
	3.800742e-03	3.989111e-03	4.164526e-03	4.327044e-03	4.477283e-03
	4.615962e-03	4.743418e-03	4.860135e-03	4.967275e-03	5.065292e-03
	5.153791e-03	5.232636e-03	5.301186e-03	5.357637e-03	5.399915e-03
	5.425635e-03	5.431913e-03	5.416734e-03	5.378650e-03	5.316756e-03
	5.231868e-03	5.124329e-03	4.993783e-03	4.841194e-03	4.668487e-03
	4.477487e-03	4.268756e-03	4.042178e-03	3.799637e-03	3.545749e-03
	3.286761e-03	3.029544e-03	2.779964e-03	2.542012e-03	2.316742e-03
	2.102505e-03	1.897233e-03	1.700269e-03	1.512334e-03	1.334216e-03
	1.166513e-03	1.010093e-03	8.658290e-04	7.341558e-04	6.152511e-04
	5.092951e-04	4.161303e-04	3.352621e-04	2.661047e-04	2.080375e-04
	1.597509e-04	1.202065e-04	8.877143e-05	6.387482e-05	4.460273e-05
	3.046777e-05	2.003244e-05	1.248987e-05	7.497935e-06	4.211056e-06
	2.153285e-06	9.793458e-07	3.728437e-07	1.168613e-07	3.143685e-08
	8.395333e-09	2.615252e-09	1.010448e-09	4.832077e-10	2.795065e-10
	1.877044e-10	1.390914e-10	1.088469e-10	8.738874e-11	7.090027e-11
	5.779859e-11	4.727530e-11	3.875625e-11	3.178319e-11	2.600196e-11
	2.115082e-11	1.704736e-11	1.357146e-11	1.064467e-11	8.211240e-12
	6.222793e-12	4.629521e-12	3.378412e-12	2.414825e-12	1.688085e-12
	1.153361e-12	7.696754e-13	5.006804e-13	3.167291e-13	1.945177e-13
	1.155093e-13	6.571188e-14	3.514703e-14	1.683924e-14	6.127439e-15
	1.000000e-60
massfraction-CHCO
	1.000000e-60	4.881842e-07	1.391625e-06	2.948393e-06	5.453416e-06
	9.246355e-06	1.465255e-05	2.193716e-05	3.133367e-05	4.302337e-05
	5.709970e-05	7.359926e-05	9.251677e-05	1.138193e-04	1.374572e-04
	1.633729e-04	1.915068e-04	2.218011e-04	2.542032e-04	2.886682e-04
	3.251608e-04	3.636576e-04	4.041509e-04	4.466509e-04	4.911772e-04
	5.377244e-04	5.862146e-04	6.364850e-04	6.883427e-04	7.416554e-04
	7.963790e-04	8.523742e-04	9.091670e-04	9.660728e-04	1.022579e-03
	1.078558e-03	1.134341e-03	1.190540e-03	1.247340e-03	1.303847e-03
	1.358499e-03	1.410173e-03	1.458538e-03	1.503698e-03	1.545883e-03
	1.585333e-03	1.622172e-03	1.656565e-03	1.688907e-03	1.719434e-03
	1.748189e-03	1.775393e-03	1.801251e-03	1.825717e-03	1.848762e-03
	1.870368e-03	1.890105e-03	1.907408e-03	1.921838e-03	1.932536e-03
	1.938381e-03	1.938312e-03	1.931046e-03	1.915246e-03	1.889881e-03
	1.854241e-03	1.807651e-03	1.749393e-03	1.679408e-03	1.598816e-03
	1.509833e-03	1.415460e-03	1.318766e-03	1.222311e-03	1.127468e-03
	1.034309e-03	9.425037e-04	8.521931e-04	7.640836e-04	6.788930e-04
	5.972304e-04	5.198228e-04	4.473923e-04	3.804324e-04	3.192877e-04
	2.642840e-04	2.155495e-04	1.730073e-04	1.364996e-04	1.058160e-04
	8.034594e-05	5.958980e-05	4.322908e-05	3.043190e-05	2.069424e-05
	1.370766e-05	8.689767e-06	5.186326e-06	2.962021e-06	1.568409e-06
	7.470619e-07	3.115887e-07	1.062038e-07	2.883707e-08	6.423917e-09
	1.349131e-09	3.172267e-10	9.030952e-11	3.138800e-11	1.314641e-11
	6.512549e-12	3.732292e-12	2.402734e-12	1.675989e-12	1.223190e-12
	9.098190e-13	6.791948e-13	5.051739e-13	3.731008e-13	2.730429e-13
	1.975952e-13	1.411468e-13	9.942322e-14	6.908095e-14	4.742470e-14
	3.225103e-14	2.178376e-14	1.464428e-14	9.805591e-15	6.541197e-15
	4.350501e-15	2.885071e-15	1.904371e-15	1.247863e-15	8.093076e-16
	5.161654e-16	3.196466e-16	1.877421e-16	9.910066e-17	3.963249e-17
	1.000000e-60
massfraction-C3H3
	1.000000e-60	1.000000e-60	1.000000e-60	1.000000e-60	1.000000e-60
	7.454018e-29	1.450391e-28	1.846193e-28	8.249059e-28	1.138802e-27
	1.374660e-27	7.455081e-28	4.091377e-27	9.127639e-27	1.872332e-26
	4.501041e-26	1.282904e-25	3.893445e-25	1.185273e-24	3.697455e-24
	1.183852e-23	3.874947e-23	1.292923e-22	4.387387e-22	1.511763e-21
	5.276533e-21	1.857484e-20	6.553979e-20	2.301640e-19	7.996863e-19
	2.736569e-18	9.166439e-18	2.971146e-17	9.197644e-17	2.700629e-16
	7.546775e-16	2.035758e-15	5.417426e-15	1.449442e-14	3.931594e-14
	1.083303e-13	3.072046e-13	9.155026e-13	2.877529e-12	9.290554e-12
	2.959026e-11	8.969379e-11	2.535534e-10	6.668955e-10	1.634344e-09
	3.734211e-09	8.018948e-09	1.634960e-08	3.185211e-08	5.987711e-08
	1.099781e-07	1.980824e-07	3.494541e-07	6.051585e-07	1.021924e-06
	1.661278e-06	2.591385e-06	3.878237e-06	5.551630e-06	7.588823e-06
	9.919604e-06	1.244605e-05	1.504196e-05	1.752965e-05	1.970002e-05
	2.136732e-05	2.241519e-05	2.281930e-05	2.263245e-05	2.194717e-05
	2.085381e-05	1.942683e-05	1.773880e-05	1.587140e-05	1.390703e-05
	1.192255e-05	9.991529e-06	8.178623e-06	6.531343e-06	5.080980e-06
	3.845854e-06	2.828159e-06	2.016487e-06	1.391362e-06	9.282292e-07
	5.956925e-07	3.660684e-07	2.158633e-07	1.206343e-07	6.349734e-08
	3.195175e-08	1.500572e-08	6.477014e-09	2.669687e-09	1.025761e-09
	3.637771e-10	1.179698e-10	3.196780e-11	6.538992e-12	8.986364e-13
	8.128769e-14	5.185567e-15	2.293926e-16	6.510238e-18	1.142095e-19
	1.330080e-21	1.708615e-23	9.006272e-25	9.621948e-26	1.051777e-26
	1.123325e-27	1.200320e-28	1.312418e-29	1.496482e-30	1.821185e-31
	2.427510e-32	3.594134e-33	5.849979e-34	1.020691e-34	1.871477e-35
	3.576071e-36	7.109621e-37	1.471041e-37	3.121001e-38	6.784849e-39
	1.562217e-39	3.559670e-40	6.929729e-41	1.537746e-41	2.320907e-42
	3.331820e-43	1.000000e-60	1.076319e-44	1.550493e-44	9.147997e-46
	1.000000e-60
massfraction-C2H3
	1.000000e-60	1.284090e-18	3.413703e-18	6.397114e-18	1.054029e-17
	1.641155e-17	2.500999e-17	3.819332e-17	5.960535e-17	9.645432e-17
	1.632223e-16	2.899973e-16	5.411529e-16	1.058258e-15	2.160457e-15
	4.583088e-15	1.005249e-14	2.268592e-14	5.243059e-14	1.235674e-13
	2.958386e-13	7.170990e-13	1.754670e-12	4.322147e-12	1.068161e-11
	2.634338e-11	6.426422e-11	1.531966e-10	3.522074e-10	7.723655e-10
	1.603422e-09	3.132159e-09	5.719310e-09	9.715304e-09	1.535560e-08
	2.269311e-08	3.158736e-08	4.167041e-08	5.212540e-08	6.147955e-08
	6.808376e-08	7.125667e-08	7.191164e-08	7.201495e-08	7.357077e-08
	7.808356e-08	8.666241e-08	1.004064e-07	1.209117e-07	1.505217e-07
	1.924198e-07	2.513555e-07	3.342409e-07	4.499911e-07	6.107727e-07
	8.337326e-07	1.137863e-06	1.543560e-06	2.080173e-06	2.775927e-06
	3.644122e-06	4.695392e-06	5.927120e-06	7.298595e-06	8.736883e-06
	1.015573e-05	1.147392e-05	1.261526e-05	1.350253e-05	1.407479e-05
	1.430794e-05	1.421985e-05	1.386109e-05	1.329651e-05	1.258559e-05
	1.176990e-05	1.087712e-05	9.931963e-06	8.960915e-06	7.987761e-06
	7.032299e-06	6.113105e-06	5.246328e-06	4.443190e-06	3.711192e-06
	3.056009e-06	2.479698e-06	1.980996e-06	1.557108e-06	1.204295e-06
	9.141655e-07	6.797144e-07	4.961268e-07	3.531262e-07	2.443835e-07
	1.660097e-07	1.091167e-07	6.861484e-08	4.207096e-08	2.462941e-08
	1.358284e-08	7.044520e-09	3.370177e-09	1.523459e-09	6.747473e-10
	3.055335e-10	1.445280e-10	6.945768e-11	3.228968e-11	1.416028e-11
	6.032403e-12	2.596839e-12	1.123657e-12	4.747238e-13	1.935160e-13
	7.752841e-14	3.167927e-14	1.370286e-14	6.416579e-15	3.250893e-15
	1.747214e-15	9.707761e-16	5.456836e-16	3.058875e-16	1.695587e-16
	9.249509e-17	4.948879e-17	2.588764e-17	1.318147e-17	6.504153e-18
	3.101708e-18	1.425462e-18	6.279319e-19	2.634954e-19	1.047985e-19
	3.912472e-20	1.344097e-20	4.087635e-21	9.986105e-22	1.416523e-22
	1.000000e-60
massfraction-C2H4
	1.000000e-60	4.304769e-08	1.459265e-07	3.721967e-07	8.303135e-07
	1.689554e-06	3.182161e-06	5.592992e-06	9.260930e-06	1.456284e-05
	2.187903e-05	3.158272e-05	4.402875e-05	5.954749e-05	7.844228e-05
	1.009898e-04	1.274419e-04	1.580289e-04	1.929631e-04	2.324435e-04
	2.766610e-04	3.258047e-04	3.800696e-04	4.396653e-04	5.048076e-04
	5.756661e-04	6.522803e-04	7.345162e-04	8.221379e-04	9.149598e-04
	1.012912e-03	1.115718e-03	1.222416e-03	1.331535e-03	1.441825e-03
	1.552736e-03	1.664617e-03	1.778413e-03	1.894197e-03	2.009776e-03
	2.121560e-03	2.226887e-03	2.324809e-03	2.415356e-03	2.498855e-03
	2.575667e-03	2.645914e-03	2.709754e-03	2.767658e-03	2.819632e-03
	2.865141e-03	2.903675e-03	2.934286e-03	2.955241e-03	2.964422e-03
	2.959178e-03	2.936580e-03	2.894367e-03	2.830339e-03	2.743328e-03
	2.634690e-03	2.505621e-03	2.357410e-03	2.193695e-03	2.019473e-03
	1.839515e-03	1.657111e-03	1.474786e-03	1.296343e-03	1.126594e-03
	9.699029e-04	8.293746e-04	7.062331e-04	6.000279e-04	5.088516e-04
	4.300572e-04	3.613837e-04	3.014401e-04	2.494217e-04	2.045938e-04
	1.662257e-04	1.336986e-04	1.064288e-04	8.379649e-05	6.520428e-05
	5.012313e-05	3.804192e-05	2.847878e-05	2.101287e-05	1.528259e-05
	1.092184e-05	7.651087e-06	5.266542e-06	3.533184e-06	2.301533e-06
	1.470607e-06	9.057245e-07	5.300159e-07	3.005566e-07	1.607423e-07
	7.945841e-08	3.599714e-08	1.451610e-08	5.380594e-09	1.960917e-09
	7.590494e-10	3.241630e-10	1.514330e-10	7.709274e-11	4.337487e-11
	2.719947e-11	1.875952e-11	1.384088e-11	1.063405e-11	8.355235e-12
	6.651315e-12	5.341689e-12	4.314807e-12	3.494255e-12	2.826812e-12
	2.275621e-12	1.815880e-12	1.431425e-12	1.111632e-12	8.488806e-13
	6.366859e-13	4.686551e-13	3.382756e-13	2.390740e-13	1.651833e-13
	1.115082e-13	7.349825e-14	4.720899e-14	2.948042e-14	1.787011e-14
	1.047410e-14	5.882582e-15	3.107735e-15	1.471790e-15	5.299591e-16
	1.000000e-60
massfraction-C2H5
	1.000000e-60	1.556781e-12	5.434178e-12	1.430723e-11	3.296160e-11
	6.921201e-11	1.343030e-10	2.427129e-10	4.123884e-10	6.641313e-10
	1.019964e-09	1.502487e-09	2.134174e-09	2.936918e-09	3.931777e-09
	5.138919e-09	6.577702e-09	8.266904e-09	1.022509e-08	1.247114e-08
	1.502504e-08	1.790901e-08	2.114907e-08	2.477742e-08	2.883453e-08
	3.336978e-08	3.844099e-08	4.411743e-08	5.049164e-08	5.769970e-08
	6.593976e-08	7.545799e-08	8.649609e-08	9.926195e-08	1.139546e-07
	1.307991e-07	1.500741e-07	1.720138e-07	1.962635e-07	2.210416e-07
	2.432496e-07	2.604402e-07	2.730829e-07	2.849917e-07	3.016030e-07
	3.278316e-07	3.672947e-07	4.230871e-07	4.993356e-07	6.016001e-07
	7.366806e-07	9.142507e-07	1.147337e-06	1.450269e-06	1.840088e-06
	2.337641e-06	2.957585e-06	3.707036e-06	4.597240e-06	5.622315e-06
	6.743900e-06	7.915624e-06	9.073273e-06	1.012403e-05	1.097430e-05
	1.155503e-05	1.182934e-05	1.178451e-05	1.143160e-05	1.081333e-05
	9.999585e-06	9.072469e-06	8.107365e-06	7.160798e-06	6.264008e-06
	5.426559e-06	4.649716e-06	3.936228e-06	3.290815e-06	2.715674e-06
	2.210266e-06	1.773222e-06	1.401783e-06	1.091128e-06	8.354564e-07
	6.288926e-07	4.650488e-07	3.374086e-07	2.399503e-07	1.672600e-07
	1.138685e-07	7.549800e-08	4.888708e-08	3.063424e-08	1.850502e-08
	1.090769e-08	6.153845e-09	3.275577e-09	1.685416e-09	8.153990e-10
	3.648120e-10	1.508734e-10	5.705205e-11	2.115612e-11	8.612129e-12
	4.156266e-12	2.313385e-12	1.370802e-12	8.101029e-13	4.645318e-13
	2.606462e-13	1.456666e-13	8.084446e-14	4.323712e-14	2.167373e-14
	1.023156e-14	4.686935e-15	2.150624e-15	1.010394e-15	4.913412e-16
	2.477262e-16	1.289527e-16	6.883514e-17	3.741219e-17	2.057227e-17
	1.138275e-17	6.305510e-18	3.479602e-18	1.902066e-18	1.024751e-18
	5.425479e-19	2.816301e-19	1.428517e-19	7.061822e-20	3.402723e-20
	1.597026e-20	7.273775e-21	3.183767e-21	1.291626e-21	4.176701e-22
	1.000000e-60
massfraction-C3H4
	1.000000e-60	1.241610e-11	4.664784e-11	1.330379e-10	3.323993e-10
	7.554319e-10	1.580258e-09	3.063315e-09	5.554627e-09	9.499911e-09
	1.542111e-08	2.390510e-08	3.558776e-08	5.113949e-08	7.125291e-08
	9.663382e-08	1.279946e-07	1.660505e-07	2.115185e-07	2.651187e-07
	3.275780e-07	3.996371e-07	4.820625e-07	5.756607e-07	6.812672e-07
	7.996580e-07	9.313900e-07	1.076691e-06	1.235549e-06	1.407975e-06
	1.594137e-06	1.793748e-06	2.005066e-06	2.225122e-06	2.451165e-06
	2.681733e-06	2.917186e-06	3.159161e-06	3.407422e-06	3.656752e-06
	3.898751e-06	4.127016e-06	4.339002e-06	4.534478e-06	4.714056e-06
	4.878604e-06	5.028657e-06	5.165040e-06	5.289500e-06	5.403208e-06
	5.506871e-06	5.602509e-06	5.693425e-06	5.784391e-06	5.883546e-06
	6.002999e-06	6.156128e-06	6.355446e-06	6.613821e-06	6.938588e-06
	7.326907e-06	7.775829e-06	8.281174e-06	8.829997e-06	9.403869e-06
	9.983506e-06	1.055193e-05	1.109112e-05	1.157552e-05	1.197509e-05
	1.226350e-05	1.242436e-05	1.245463e-05	1.236250e-05	1.216158e-05
	1.186355e-05	1.147615e-05	1.100677e-05	1.046573e-05	9.864779e-06
	9.216031e-06	8.533463e-06	7.832115e-06	7.125597e-06	6.426146e-06
	5.745892e-06	5.094686e-06	4.479561e-06	3.906270e-06	3.380023e-06
	2.899101e-06	2.462972e-06	2.075603e-06	1.728817e-06	1.420792e-06
	1.157721e-06	9.273936e-07	7.246997e-07	5.572747e-07	4.154014e-07
	2.959094e-07	1.989993e-07	1.218165e-07	6.642247e-08	3.201773e-08
	1.424428e-08	6.277286e-09	2.832837e-09	1.330958e-09	6.644762e-10
	3.580970e-10	2.087854e-10	1.301270e-10	8.512077e-11	5.756748e-11
	3.991701e-11	2.824643e-11	2.030676e-11	1.475318e-11	1.076968e-11
	7.853119e-12	5.688714e-12	4.074888e-12	2.876399e-12	1.996416e-12
	1.360756e-12	9.100724e-13	5.966662e-13	3.827906e-13	2.398544e-13
	1.466869e-13	8.749985e-14	5.080157e-14	2.864216e-14	1.566789e-14
	8.291486e-15	4.212323e-15	2.020884e-15	8.747294e-16	2.905192e-16
	1.000000e-60
massfraction-C3H5
	1.000000e-60	3.305222e-13	1.260223e-12	3.652291e-12	9.275262e-12
	2.141712e-11	4.548294e-11	8.942068e-11	1.642825e-10	2.843967e-10
	4.668549e-10	7.312006e-10	1.098943e-09	1.593088e-09	2.237721e-09
	3.057679e-09	4.078302e-09	5.325281e-09	6.824578e-09	8.602448e-09
	1.068554e-08	1.310114e-08	1.587749e-08	1.904437e-08	2.263266e-08
	2.667132e-08	3.118185e-08	3.617438e-08	4.165050e-08	4.761216e-08
	5.406639e-08	6.100386e-08	6.836335e-08	7.603912e-08	8.393045e-08
	9.197834e-08	1.001830e-07	1.085813e-07	1.171308e-07	1.255967e-07
	1.336179e-07	1.408896e-07	1.472233e-07	1.524848e-07	1.565379e-07
	1.592239e-07	1.603625e-07	1.597972e-07	1.574198e-07	1.532327e-07
	1.474930e-07	1.407465e-07	1.338811e-07	1.281782e-07	1.251082e-07
	1.262096e-07	1.329751e-07	1.466021e-07	1.682936e-07	1.990015e-07
	2.387260e-07	2.871795e-07	3.435146e-07	4.053401e-07	4.691820e-07
	5.314152e-07	5.890147e-07	6.394360e-07	6.802189e-07	7.095402e-07
	7.268636e-07	7.329954e-07	7.297140e-07	7.191516e-07	7.032145e-07
	6.832174e-07	6.599670e-07	6.340840e-07	6.061835e-07	5.767902e-07
	5.463159e-07	5.151613e-07	4.837038e-07	4.522206e-07	4.209256e-07
	3.900517e-07	3.597778e-07	3.302164e-07	3.014923e-07	2.737911e-07
	2.470113e-07	2.211588e-07	1.965917e-07	1.729576e-07	1.503053e-07
	1.293888e-07	1.095580e-07	9.060445e-08	7.359788e-08	5.794352e-08
	4.359912e-08	3.093192e-08	1.993091e-08	1.134047e-08	5.599196e-09
	2.482220e-09	1.059512e-09	4.520306e-10	1.975607e-10	9.183423e-11
	4.729921e-11	2.756834e-11	1.795324e-11	1.263167e-11	9.294994e-12
	7.003056e-12	5.341955e-12	4.100105e-12	3.152057e-12	2.416764e-12
	1.839767e-12	1.384289e-12	1.025365e-12	7.453002e-13	5.304458e-13
	3.691940e-13	2.510809e-13	1.667042e-13	1.078792e-13	6.792934e-14
	4.160209e-14	2.477225e-14	1.431670e-14	8.015193e-15	4.344959e-15
	2.275141e-15	1.142505e-15	5.415764e-16	2.316762e-16	7.611595e-17
	1.000000e-60
massfraction-C3H6
	1.000000e-60	2.281562e-11	8.865672e-11	2.623050e-10	6.802596e-10
	1.603210e-09	3.471504e-09	6.950255e-09	1.298656e-08	2.283658e-08
	3.803418e-08	6.037098e-08	9.185838e-08	1.346875e-07	1.911912e-07
	2.638125e-07	3.550785e-07	4.675831e-07	6.039762e-07	7.669617e-07
	9.593042e-07	1.183845e-06	1.443536e-06	1.741477e-06	2.080874e-06
	2.464724e-06	2.895243e-06	3.373399e-06	3.899053e-06	4.471633e-06
	5.090321e-06	5.751647e-06	6.445782e-06	7.157226e-06	7.869773e-06
	8.570048e-06	9.248585e-06	9.896682e-06	1.049677e-05	1.101830e-05
	1.143209e-05	1.172664e-05	1.190778e-05	1.198931e-05	1.198602e-05
	1.191039e-05	1.177174e-05	1.157630e-05	1.132625e-05	1.102382e-05
	1.067722e-05	1.030217e-05	9.928407e-06	9.606180e-06	9.397689e-06
	9.367232e-06	9.567797e-06	1.001963e-05	1.071639e-05	1.161768e-05
	1.263717e-05	1.367682e-05	1.462731e-05	1.536524e-05	1.578732e-05
	1.583404e-05	1.548885e-05	1.476578e-05	1.371309e-05	1.241805e-05
	1.099167e-05	9.545069e-06	8.165578e-06	6.906815e-06	5.787187e-06
	4.800375e-06	3.934061e-06	3.180350e-06	2.534546e-06	1.989799e-06
	1.537183e-06	1.167675e-06	8.717166e-07	6.389164e-07	4.591422e-07
	3.232277e-07	2.226524e-07	1.498096e-07	9.830858e-08	6.289602e-08
	3.904072e-08	2.341717e-08	1.360959e-08	7.570687e-09	4.006718e-09
	2.044720e-09	9.797877e-10	4.314247e-10	1.790404e-10	6.704744e-11
	2.185561e-11	6.032477e-12	1.320447e-12	2.319170e-13	3.574247e-14
	5.854217e-15	1.222185e-15	3.450399e-16	1.299937e-16	6.375768e-17
	4.015418e-17	3.095299e-17	2.635619e-17	2.272510e-17	1.912903e-17
	1.565581e-17	1.255693e-17	9.946350e-18	7.808941e-18	6.076804e-18
	4.676127e-18	3.545698e-18	2.639637e-18	1.923389e-18	1.368730e-18
	9.500306e-19	6.426810e-19	4.234366e-19	2.713289e-19	1.688501e-19
	1.020347e-19	5.987194e-20	3.406178e-20	1.875602e-20	9.994655e-21
	5.143093e-21	2.538222e-21	1.183060e-21	4.981531e-22	1.613674e-22
	1.000000e-60
massfraction-N-C3H7
	1.000000e-60	6.025343e-16	2.345070e-15	6.950385e-15	1.805703e-14
	4.262970e-14	9.245986e-14	1.853977e-13	3.469124e-13	6.108496e-13
	1.018620e-12	1.618679e-12	2.465523e-12	3.618609e-12	5.141340e-12
	7.100198e-12	9.564050e-12	1.260366e-11	1.629138e-11	2.070110e-11
	2.590831e-11	3.199047e-11	3.902744e-11	4.710171e-11	5.629468e-11
	6.667232e-11	7.825458e-11	9.096698e-11	1.045617e-10	1.184530e-10
	1.313501e-10	1.405918e-10	1.416545e-10	1.295930e-10	1.041146e-10
	7.394823e-11	4.973531e-11	3.368401e-11	2.330078e-11	1.658070e-11
	1.226932e-11	9.500222e-12	7.698575e-12	6.512192e-12	5.732929e-12
	5.236516e-12	4.948045e-12	4.820482e-12	4.825703e-12	4.951797e-12
	5.198331e-12	5.579507e-12	6.132535e-12	6.925321e-12	8.078533e-12
	9.799826e-12	1.239117e-11	1.627092e-11	2.208329e-11	3.064987e-11
	4.277045e-11	5.929175e-11	8.087099e-11	1.073262e-10	1.374180e-10
	1.690794e-10	1.998942e-10	2.272815e-10	2.485440e-10	2.615215e-10
	2.653185e-10	2.604995e-10	2.487293e-10	2.321037e-10	2.124959e-10
	1.912100e-10	1.691291e-10	1.470101e-10	1.255743e-10	1.053901e-10
	8.685387e-11	7.025632e-11	5.576528e-11	4.340221e-11	3.308879e-11
	2.469283e-11	1.802052e-11	1.284160e-11	8.923853e-12	6.045214e-12
	3.974944e-12	2.527769e-12	1.558173e-12	9.208954e-13	5.189534e-13
	2.821749e-13	1.445409e-13	6.840876e-14	3.060014e-14	1.244052e-14
	4.452502e-15	1.369888e-15	3.434018e-16	7.176549e-17	1.387725e-17
	3.030761e-18	8.953026e-19	3.839533e-19	2.409446e-19	2.186725e-19
	2.818075e-19	4.857840e-19	9.915339e-19	1.701706e-18	1.885102e-18
	1.635490e-18	1.298811e-18	1.003434e-18	7.681383e-19	5.843425e-19
	4.407138e-19	3.282549e-19	2.405122e-19	1.728008e-19	1.214744e-19
	8.344459e-20	5.596670e-20	3.661920e-20	2.333520e-20	1.445772e-20
	8.705556e-21	5.093057e-21	2.889963e-21	1.587562e-21	8.440649e-22
	4.333934e-22	2.134340e-22	9.927842e-23	4.172384e-23	1.349273e-23
	1.000000e-60
massfraction-I-C3H7
	1.000000e-60	1.000007e-60	1.000049e-60	1.000125e-60	1.000245e-60
	1.000409e-60	1.000596e-60	1.000747e-60	1.000757e-60	1.000468e-60
	9.996661e-61	9.980905e-61	9.954393e-61	9.913801e-61	9.855600e-61
	9.776149e-61	9.671776e-61	9.538862e-61	9.373906e-61	9.173598e-61
	8.934876e-61	8.654993e-61	8.331568e-61	7.962648e-61	7.546897e-61
	7.084100e-61	6.575925e-61	6.026389e-61	5.441414e-61	4.827687e-61
	4.192034e-61	3.543259e-61	2.894580e-61	2.261831e-61	1.660241e-61
	1.106778e-61	6.281655e-62	2.683664e-62	7.024781e-63	9.088535e-64
	5.334587e-65	1.720102e-66	2.187414e-67	1.401707e-67	1.029483e-67
	7.903705e-68	6.309818e-68	5.214665e-68	4.437259e-68	3.872169e-68
	3.455559e-68	3.142506e-68	2.902889e-68	2.717699e-68	2.572316e-68
	2.455368e-68	2.360308e-68	2.282259e-68	2.215395e-68	2.154773e-68
	2.094874e-68	2.027273e-68	1.943555e-68	1.838684e-68	1.711984e-68
	1.566536e-68	1.407122e-68	1.239341e-68	1.070457e-68	9.084732e-69
	7.601002e-69	6.296367e-69	5.184987e-69	4.268727e-69	1.217258e-68
	6.257811e-66	4.048249e-63	2.391983e-60	1.287459e-57	6.209886e-55
	2.591306e-52	8.588883e-50	1.802431e-47	1.979546e-45	1.604037e-45
	1.649198e-47	8.551255e-50	8.680315e-51	5.273413e-53	6.500473e-54
	3.297133e-56	3.166655e-57	9.957630e-58	4.408399e-60	3.619168e-61
	1.129007e-61	3.926302e-64	2.213751e-65	5.839406e-66	1.371985e-68
	4.064007e-70	3.017612e-71	1.222002e-70	6.183644e-70	4.217973e-69
	3.589911e-68	3.294704e-67	3.060127e-66	2.886345e-65	2.736881e-64
	1.971098e-63	6.381651e-63	1.012285e-62	1.185681e-62	1.249775e-62
	1.287426e-62	1.350630e-62	1.473736e-62	1.685046e-62	2.014304e-62
	2.496641e-62	3.173540e-62	4.090545e-62	5.292121e-62	6.815128e-62
	8.684246e-62	1.091269e-61	1.350784e-61	1.648215e-61	1.985475e-61
	2.364655e-61	2.789157e-61	3.265193e-61	3.800751e-61	4.403510e-61
	5.082795e-61	5.849860e-61	6.715115e-61	7.689429e-61	8.782345e-61
	1.000000e-60
massfraction-C3H8
	1.000000e-60	1.000011e-60	1.000063e-60	1.000164e-60	1.000338e-60
	1.000618e-60	1.001027e-60	1.001576e-60	1.002254e-60	1.003028e-60
	1.003829e-60	1.004560e-60	1.005100e-60	1.005304e-60	1.005009e-60
	1.004041e-60	1.002212e-60	9.993304e-61	9.951968e-61	9.896087e-61
	9.823603e-61	9.732428e-61	9.620424e-61	9.485397e-61	9.325105e-61
	9.137416e-61	8.920610e-61	8.673643e-61	8.396079e-61	8.087655e-61
	7.748027e-61	7.377895e-61	6.980971e-61	6.563653e-61	6.132259e-61
	5.690841e-61	5.240058e-61	4.778266e-61	4.307641e-61	3.839998e-61
	3.392465e-61	2.977666e-61	2.600209e-61	2.259992e-61	1.955159e-61
	1.683288e-61	1.442429e-61	1.230109e-61	1.042531e-61	8.770770e-62
	7.322957e-62	6.058890e-62	4.958407e-62	4.012542e-62	3.209021e-62
	2.532841e-62	1.977044e-62	1.530872e-62	1.174719e-62	8.944024e-63
	6.785840e-63	5.127372e-63	3.850946e-63	2.878183e-63	2.144540e-63
	1.593910e-63	1.179552e-63	8.667392e-64	6.321802e-64	4.588139e-64
	3.325862e-64	2.418247e-64	1.769751e-64	1.306098e-64	9.711853e-65
	7.247436e-65	5.402869e-65	4.011671e-65	2.963400e-65	2.175637e-65
	1.585478e-65	1.146088e-65	8.215248e-66	5.834647e-66	4.101479e-66
	2.852253e-66	1.960793e-66	1.330783e-66	8.907999e-67	5.881294e-67
	3.814383e-67	2.422844e-67	1.511855e-67	9.181272e-68	5.416367e-68
	3.167775e-68	1.851541e-68	1.176018e-68	1.020908e-68	1.418382e-68
	2.874980e-68	7.263783e-68	2.269158e-67	8.886195e-67	4.351077e-66
	2.440249e-65	1.359189e-64	6.913785e-64	3.065150e-63	1.121292e-62
	3.229804e-62	7.285028e-62	1.338468e-61	2.111053e-61	2.977750e-61
	3.862447e-61	4.704277e-61	5.471233e-61	6.154975e-61	6.759440e-61
	7.292741e-61	7.762547e-61	8.174287e-61	8.531378e-61	8.836299e-61
	9.091818e-61	9.301777e-61	9.471105e-61	9.605476e-61	9.710421e-61
	9.790920e-61	9.851637e-61	9.896815e-61	9.929944e-61	9.953783e-61
	9.970613e-61	9.982253e-61	9.990081e-61	9.995155e-61	9.998266e-61
	1.000000e-60
V [kg/(s*m^2)]
	3.065255e-01	2.895433e-01	2.730033e-01	2.573078e-01	2.426534e-01
	2.290723e-01	2.165907e-01	2.051910e-01	1.947568e-01	1.851649e-01
	1.763194e-01	1.681244e-01	1.604893e-01	1.533315e-01	1.465772e-01
	1.401613e-01	1.340266e-01	1.281225e-01	1.224043e-01	1.168314e-01
	1.113667e-01	1.059753e-01	1.006235e-01	9.527772e-02	8.990511e-02
	8.447641e-02	7.897007e-02	7.337230e-02	6.767039e-02	6.184303e-02
	5.585757e-02	4.968998e-02	4.335223e-02	3.688204e-02	3.030303e-02
	2.359871e-02	1.669837e-02	9.488783e-03	1.902443e-03	-5.978927e-03
	-1.395303e-02	-2.183795e-02	-2.954512e-02	-3.704571e-02	-4.433130e-02
	-5.139828e-02	-5.822501e-02	-6.479982e-02	-7.115858e-02	-7.731271e-02
	-8.323623e-02	-8.894079e-02	-9.443875e-02	-9.969297e-02	-1.046801e-01
	-1.093964e-01	-1.137805e-01	-1.177842e-01	-1.214419e-01	-1.247602e-01
	-1.277255e-01	-1.303887e-01	-1.328053e-01	-1.349986e-01	-1.369886e-01
	-1.388027e-01	-1.404777e-01	-1.420475e-01	-1.435277e-01	-1.449198e-01
	-1.462216e-01	-1.474302e-01	-1.485471e-01	-1.495783e-01	-1.505378e-01
	-1.514462e-01	-1.523229e-01	-1.531797e-01	-1.540220e-01	-1.548542e-01
	-1.556810e-01	-1.565049e-01	-1.573277e-01	-1.581521e-01	-1.589813e-01
	-1.598170e-01	-1.606615e-01	-1.615183e-01	-1.623901e-01	-1.632773e-01
	-1.641894e-01	-1.651337e-01	-1.661044e-01	-1.671244e-01	-1.682048e-01
	-1.693206e-01	-1.705203e-01	-1.718470e-01	-1.732544e-01	-1.748260e-01
	-1.766421e-01	-1.787748e-01	-1.814433e-01	-1.848164e-01	-1.890459e-01
	-1.940290e-01	-1.994436e-01	-2.051950e-01	-2.113107e-01	-2.177275e-01
	-2.242816e-01	-2.307979e-01	-2.372045e-01	-2.435346e-01	-2.498230e-01
	-2.560453e-01	-2.621583e-01	-2.681574e-01	-2.740864e-01	-2.800205e-01
	-2.860519e-01	-2.922748e-01	-2.987708e-01	-3.056007e-01	-3.128005e-01
	-3.203860e-01	-3.283633e-01	-3.367394e-01	-3.455368e-01	-3.547765e-01
	-3.644521e-01	-3.745538e-01	-3.850949e-01	-3.960799e-01	-4.074659e-01
	-4.192137e-01	-4.312943e-01	-4.436498e-01	-4.562253e-01	-4.689522e-01
	-4.817377e-01
density [kg/m^3]
	6.431859e-01	6.429956e-01	6.426625e-01	6.420972e-01	6.411768e-01
	6.397451e-01	6.376347e-01	6.346918e-01	6.307744e-01	6.257709e-01
	6.196232e-01	6.123202e-01	6.038920e-01	5.944021e-01	5.839387e-01
	5.726059e-01	5.605164e-01	5.477852e-01	5.345246e-01	5.208405e-01
	5.068301e-01	4.925794e-01	4.781625e-01	4.636407e-01	4.490666e-01
	4.344949e-01	4.199949e-01	4.056488e-01	3.915326e-01	3.776922e-01
	3.641424e-01	3.509145e-01	3.381047e-01	3.258326e-01	3.141582e-01
	3.030516e-01	2.923970e-01	2.820378e-01	2.719061e-01	2.621170e-01
	2.528849e-01	2.443486e-01	2.365281e-01	2.293776e-01	2.228365e-01
	2.168481e-01	2.113771e-01	2.063842e-01	2.018014e-01	1.975875e-01
	1.937308e-01	1.901966e-01	1.869548e-01	1.840061e-01	1.813424e-01
	1.789455e-01	1.768264e-01	1.749860e-01	1.733874e-01	1.720098e-01
	1.708417e-01	1.698481e-01	1.689968e-01	1.682710e-01	1.676567e-01
	1.671394e-01	1.667043e-01	1.663405e-01	1.660439e-01	1.658139e-01
	1.656501e-01	1.655503e-01	1.655100e-01	1.655239e-01	1.655864e-01
	1.656949e-01	1.658497e-01	1.660528e-01	1.663064e-01	1.666130e-01
	1.669760e-01	1.673983e-01	1.678824e-01	1.684310e-01	1.690476e-01
	1.697341e-01	1.704928e-01	1.713267e-01	1.722382e-01	1.732267e-01
	1.743019e-01	1.754724e-01	1.767303e-01	1.781053e-01	1.796148e-01
	1.812248e-01	1.830081e-01	1.850384e-01	1.872547e-01	1.898039e-01
	1.928481e-01	1.965626e-01	2.014399e-01	2.080083e-01	2.169683e-01
	2.287166e-01	2.431752e-01	2.607697e-01	2.823689e-01	3.086038e-01
	3.394654e-01	3.743617e-01	4.127290e-01	4.543262e-01	4.987746e-01
	5.451430e-01	5.922404e-01	6.391673e-01	6.854793e-01	7.310521e-01
	7.759069e-01	8.200192e-01	8.631668e-01	9.048787e-01	9.444799e-01
	9.812257e-01	1.014467e+00	1.043769e+00	1.068966e+00	1.090085e+00
	1.107286e+00	1.120907e+00	1.131422e+00	1.139333e+00	1.145114e+00
	1.149228e+00	1.152086e+00	1.154024e+00	1.155309e+00	1.156145e+00
	1.156679e+00
cp [J/m^3K]
	2.197908e+03	2.198288e+03	2.198915e+03	2.199926e+03	2.201511e+03
	2.203908e+03	2.207370e+03	2.212132e+03	2.218412e+03	2.226383e+03
	2.236142e+03	2.247711e+03	2.261052e+03	2.276070e+03	2.292628e+03
	2.310557e+03	2.329661e+03	2.349731e+03	2.370550e+03	2.391898e+03
	2.413555e+03	2.435310e+03	2.456957e+03	2.478303e+03	2.499158e+03
	2.519321e+03	2.538561e+03	2.556628e+03	2.573272e+03	2.588263e+03
	2.601362e+03	2.612237e+03	2.620422e+03	2.625361e+03	2.626461e+03
	2.623007e+03	2.613970e+03	2.597730e+03	2.572029e+03	2.534593e+03
	2.484976e+03	2.430870e+03	2.375084e+03	2.318646e+03	2.262332e+03
	2.206761e+03	2.152585e+03	2.100276e+03	2.049832e+03	2.001372e+03
	1.955247e+03	1.911456e+03	1.869955e+03	1.831036e+03	1.794841e+03
	1.761339e+03	1.730876e+03	1.703667e+03	1.679347e+03	1.657758e+03
	1.638876e+03	1.622277e+03	1.607542e+03	1.594469e+03	1.582889e+03
	1.572593e+03	1.563333e+03	1.554887e+03	1.547147e+03	1.540075e+03
	1.533651e+03	1.527851e+03	1.522632e+03	1.517930e+03	1.513652e+03
	1.509685e+03	1.505929e+03	1.502321e+03	1.498830e+03	1.495431e+03
	1.492098e+03	1.488815e+03	1.485568e+03	1.482342e+03	1.479119e+03
	1.475887e+03	1.472633e+03	1.469337e+03	1.465986e+03	1.462572e+03
	1.459056e+03	1.455405e+03	1.451637e+03	1.447659e+03	1.443423e+03
	1.439023e+03	1.434264e+03	1.428968e+03	1.423313e+03	1.416957e+03
	1.409561e+03	1.400813e+03	1.389777e+03	1.375698e+03	1.357863e+03
	1.336638e+03	1.313395e+03	1.288611e+03	1.262330e+03	1.235120e+03
	1.208094e+03	1.179723e+03	1.151424e+03	1.126010e+03	1.104477e+03
	1.086950e+03	1.073020e+03	1.061994e+03	1.053169e+03	1.045970e+03
	1.039976e+03	1.034894e+03	1.030535e+03	1.026780e+03	1.023553e+03
	1.020802e+03	1.018482e+03	1.016550e+03	1.014959e+03	1.013668e+03
	1.012640e+03	1.011835e+03	1.011215e+03	1.010745e+03	1.010397e+03
	1.010144e+03	1.009962e+03	1.009832e+03	1.009741e+03	1.009678e+03
	1.009633e+03
lambda [W/m]
	3.231541e-02	3.233320e-02	3.236236e-02	3.240926e-02	3.248269e-02
	3.259397e-02	3.275554e-02	3.297955e-02	3.327833e-02	3.366335e-02
	3.414360e-02	3.472618e-02	3.541648e-02	3.621863e-02	3.713581e-02
	3.817068e-02	3.932563e-02	4.060313e-02	4.200595e-02	4.353740e-02
	4.520163e-02	4.700393e-02	4.895103e-02	5.105162e-02	5.331607e-02
	5.575499e-02	5.837659e-02	6.118544e-02	6.418485e-02	6.738160e-02
	7.078779e-02	7.440882e-02	7.822433e-02	8.219038e-02	8.626214e-02
	9.040975e-02	9.462433e-02	9.890199e-02	1.031778e-01	1.072655e-01
	1.109391e-01	1.142838e-01	1.173066e-01	1.200051e-01	1.223918e-01
	1.244849e-01	1.263006e-01	1.278607e-01	1.291975e-01	1.303348e-01
	1.312886e-01	1.320809e-01	1.327311e-01	1.332515e-01	1.336564e-01
	1.339608e-01	1.341757e-01	1.343137e-01	1.343900e-01	1.344160e-01
	1.344024e-01	1.343581e-01	1.342893e-01	1.342006e-01	1.340958e-01
	1.339770e-01	1.338443e-01	1.336960e-01	1.335308e-01	1.333482e-01
	1.331487e-01	1.329339e-01	1.327054e-01	1.324650e-01	1.322123e-01
	1.319443e-01	1.316563e-01	1.313444e-01	1.310062e-01	1.306393e-01
	1.302410e-01	1.298092e-01	1.293427e-01	1.288394e-01	1.282976e-01
	1.277164e-01	1.270949e-01	1.264317e-01	1.257261e-01	1.249795e-01
	1.241860e-01	1.233410e-01	1.224522e-01	1.215007e-01	1.204779e-01
	1.194102e-01	1.182532e-01	1.169668e-01	1.155981e-01	1.140675e-01
	1.122982e-01	1.102215e-01	1.076248e-01	1.043448e-01	1.002342e-01
	9.539756e-02	9.016421e-02	8.465599e-02	7.890046e-02	7.304254e-02
	6.733564e-02	6.191401e-02	5.693240e-02	5.249021e-02	4.859163e-02
	4.522428e-02	4.235152e-02	3.990589e-02	3.780879e-02	3.598887e-02
	3.438919e-02	3.296930e-02	3.170418e-02	3.058050e-02	2.959205e-02
	2.873493e-02	2.800400e-02	2.739139e-02	2.688635e-02	2.647738e-02
	2.615326e-02	2.590191e-02	2.571076e-02	2.556840e-02	2.546492e-02
	2.539137e-02	2.534012e-02	2.530511e-02	2.528159e-02	2.526602e-02
	2.525581e-02
mu [kg/s^2m]
	1.146011e-05	1.146240e-05	1.146702e-05	1.147567e-05	1.149077e-05
	1.151543e-05	1.155314e-05	1.160733e-05	1.168143e-05	1.177861e-05
	1.190139e-05	1.205171e-05	1.223107e-05	1.244061e-05	1.268124e-05
	1.295372e-05	1.325882e-05	1.359736e-05	1.397032e-05	1.437890e-05
	1.482463e-05	1.530942e-05	1.583573e-05	1.640665e-05	1.702592e-05
	1.769751e-05	1.842495e-05	1.921097e-05	2.005823e-05	2.097071e-05
	2.195454e-05	2.301488e-05	2.415055e-05	2.535473e-05	2.662193e-05
	2.795387e-05	2.936367e-05	3.087481e-05	3.250310e-05	3.423286e-05
	3.601953e-05	3.781837e-05	3.960229e-05	4.135747e-05	4.307547e-05
	4.474968e-05	4.636992e-05	4.792909e-05	4.943198e-05	5.087816e-05
	5.225886e-05	5.357469e-05	5.482673e-05	5.600524e-05	5.710442e-05
	5.812348e-05	5.905002e-05	5.987592e-05	6.061108e-05	6.125967e-05
	6.182234e-05	6.231216e-05	6.274207e-05	6.311853e-05	6.344696e-05
	6.373372e-05	6.398595e-05	6.420945e-05	6.440667e-05	6.457798e-05
	6.472349e-05	6.484372e-05	6.494010e-05	6.501477e-05	6.507035e-05
	6.510931e-05	6.513309e-05	6.514212e-05	6.513633e-05	6.511543e-05
	6.507902e-05	6.502665e-05	6.495796e-05	6.487259e-05	6.477011e-05
	6.465037e-05	6.451324e-05	6.435850e-05	6.418610e-05	6.399658e-05
	6.378856e-05	6.356091e-05	6.331574e-05	6.304784e-05	6.275455e-05
	6.244327e-05	6.210080e-05	6.171431e-05	6.129692e-05	6.082301e-05
	6.026594e-05	5.959953e-05	5.874677e-05	5.763794e-05	5.619665e-05
	5.442508e-05	5.241417e-05	5.019138e-05	4.775263e-05	4.514924e-05
	4.249541e-05	3.991714e-05	3.748809e-05	3.522922e-05	3.315209e-05
	3.127635e-05	2.961264e-05	2.814978e-05	2.686207e-05	2.572065e-05
	2.469999e-05	2.378123e-05	2.295311e-05	2.221059e-05	2.155238e-05
	2.097810e-05	2.048604e-05	2.007221e-05	1.973025e-05	1.945300e-05
	1.923325e-05	1.906302e-05	1.893386e-05	1.883802e-05	1.876875e-05
	1.871989e-05	1.868621e-05	1.866354e-05	1.864862e-05	1.863899e-05
	1.863292e-05
mDot_CH4 [kg/m^3s]
	0.000000e+00	1.324454e-14	1.331914e-13	5.529744e-13	1.680136e-12
	4.298098e-12	9.791584e-12	2.049756e-11	4.044265e-11	7.665757e-11
	1.414494e-10	2.567312e-10	4.619690e-10	8.289215e-10	1.489110e-09
	2.685240e-09	4.867756e-09	8.876546e-09	1.628338e-08	3.003773e-08
	5.568511e-08	1.036645e-07	1.936390e-07	3.626439e-07	6.802458e-07
	1.275889e-06	2.385616e-06	4.426608e-06	8.107955e-06	1.458128e-05
	2.560285e-05	4.353136e-05	7.074547e-05	1.081837e-04	1.532307e-04
	1.972393e-04	2.222364e-04	1.941786e-04	4.901257e-05	-3.262397e-04
	-1.108783e-03	-2.542169e-03	-4.939404e-03	-8.722910e-03	-1.452547e-02
	-2.333842e-02	-3.666023e-02	-5.675404e-02	-8.723262e-02	-1.336812e-01
	-2.044085e-01	-3.124464e-01	-4.781873e-01	-7.318015e-01	-1.119635e+00
	-1.715594e+00	-2.627426e+00	-4.008797e+00	-6.090927e+00	-9.148908e+00
	-1.339459e+01	-1.895455e+01	-2.580179e+01	-3.362812e+01	-4.190134e+01
	-5.002678e+01	-5.749109e+01	-6.387343e+01	-6.880629e+01	-7.204925e+01
	-7.356542e+01	-7.351507e+01	-7.218982e+01	-6.991938e+01	-6.698717e+01
	-6.358289e+01	-5.982389e+01	-5.580558e+01	-5.162491e+01	-4.736534e+01
	-4.309368e+01	-3.887407e+01	-3.476546e+01	-3.081158e+01	-2.704658e+01
	-2.350466e+01	-2.021086e+01	-1.718028e+01	-1.442611e+01	-1.196220e+01
	-9.773379e+00	-7.852422e+00	-6.210917e+00	-4.808787e+00	-3.632874e+00
	-2.694849e+00	-1.938157e+00	-1.335516e+00	-8.928321e-01	-5.661334e-01
	-3.332136e-01	-1.787945e-01	-8.303124e-02	-3.260238e-02	-1.088813e-02
	-3.346885e-03	-1.052928e-03	-3.520757e-04	-1.243577e-04	-4.560462e-05
	-1.718545e-05	-6.695004e-06	-2.705237e-06	-1.126875e-06	-4.843669e-07
	-2.177962e-07	-1.036856e-07	-5.221299e-08	-2.751934e-08	-1.497974e-08
	-8.315725e-09	-4.659512e-09	-2.616112e-09	-1.465598e-09	-8.179563e-10
	-4.547866e-10	-2.519585e-10	-1.389821e-10	-7.611037e-11	-4.122119e-11
	-2.200780e-11	-1.153221e-11	-5.887716e-12	-2.903291e-12	-1.370796e-12
	-6.111765e-13	-2.511030e-13	-9.094667e-14	-2.618134e-14	-4.278533e-15
	0.000000e+00
ScalarDissRate [1/s]
	4.582119e-05	1.106285e-04	4.567992e-04	1.683523e-03	5.505851e-03
	1.604262e-02	4.177832e-02	9.785546e-02	2.087224e-01	4.102031e-01
	7.499033e-01	1.287008e+00	2.091012e+00	3.239924e+00	4.818208e+00
	6.914680e+00	9.620393e+00	1.302657e+01	1.722255e+01	2.229357e+01
	2.831861e+01	3.536781e+01	4.349993e+01	5.275911e+01	6.316806e+01
	7.471272e+01	8.731994e+01	1.008418e+02	1.150612e+02	1.297120e+02
	1.444851e+02	1.589775e+02	1.726468e+02	1.848921e+02	1.951943e+02
	2.031661e+02	2.085135e+02	2.109355e+02	2.100757e+02	2.057627e+02
	1.983615e+02	1.885762e+02	1.772113e+02	1.649322e+02	1.522676e+02
	1.396291e+02	1.273592e+02	1.156939e+02	1.047104e+02	9.447364e+01
	8.506657e+01	7.647676e+01	6.866928e+01	6.166053e+01	5.542812e+01
	4.991368e+01	4.511678e+01	4.101108e+01	3.748661e+01	3.447261e+01
	3.192432e+01	2.975052e+01	2.787046e+01	2.623876e+01	2.481882e+01
	2.357365e+01	2.246505e+01	2.146129e+01	2.054540e+01	1.971039e+01
	1.895221e+01	1.826732e+01	1.765037e+01	1.709399e+01	1.658758e+01
	1.611797e+01	1.567369e+01	1.524777e+01	1.483692e+01	1.443859e+01
	1.405023e+01	1.367038e+01	1.329818e+01	1.293233e+01	1.257146e+01
	1.221495e+01	1.186200e+01	1.151141e+01	1.116243e+01	1.081532e+01
	1.046689e+01	1.011517e+01	9.763111e+00	9.403528e+00	9.034030e+00
	8.664634e+00	8.281199e+00	7.873293e+00	7.458713e+00	7.017449e+00
	6.535122e+00	6.005327e+00	5.395288e+00	4.702075e+00	3.942965e+00
	3.185681e+00	2.507961e+00	1.929269e+00	1.446776e+00	1.059688e+00
	7.636162e-01	5.465661e-01	3.906478e-01	2.788244e-01	1.986475e-01
	1.415572e-01	1.011874e-01	7.260594e-02	5.218992e-02	3.743465e-02
	2.665976e-02	1.875130e-02	1.296300e-02	8.773944e-03	5.798430e-03
	3.734929e-03	2.341666e-03	1.426959e-03	8.431290e-04	4.818122e-04
	2.660128e-04	1.417878e-04	7.280489e-05	3.594711e-05	1.708354e-05
	7.822207e-06	3.451943e-06	1.471555e-06	6.073558e-07	2.434731e-07
	1.449311e-07
ZBilger
	1.000000e+00	9.999522e-01	9.998439e-01	9.996266e-01	9.992312e-01
	9.985669e-01	9.975305e-01	9.960180e-01	9.939230e-01	9.911442e-01
	9.875979e-01	9.832150e-01	9.779399e-01	9.717282e-01	9.645438e-01
	9.563568e-01	9.471412e-01	9.368732e-01	9.255292e-01	9.130847e-01
	8.995126e-01	8.847815e-01	8.688535e-01	8.516826e-01	8.332167e-01
	8.134124e-01	7.922569e-01	7.697779e-01	7.460232e-01	7.210202e-01
	6.947597e-01	6.672834e-01	6.388119e-01	6.096996e-01	5.802437e-01
	5.505599e-01	5.205281e-01	4.898707e-01	4.585474e-01	4.271424e-01
	3.966273e-01	3.677546e-01	3.408117e-01	3.158145e-01	2.926857e-01
	2.713234e-01	2.516734e-01	2.336457e-01	2.170283e-01	2.016923e-01
	1.876063e-01	1.746501e-01	1.627131e-01	1.517962e-01	1.418658e-01
	1.328514e-01	1.247919e-01	1.176953e-01	1.114270e-01	1.059150e-01
	1.011286e-01	9.694150e-02	9.323437e-02	8.994735e-02	8.703142e-02
	8.443051e-02	8.207997e-02	7.992373e-02	7.793414e-02	7.610321e-02
	7.442804e-02	7.290572e-02	7.152802e-02	7.028125e-02	6.914339e-02
	6.808602e-02	6.708404e-02	6.612215e-02	6.519327e-02	6.429170e-02
	6.341167e-02	6.254967e-02	6.170339e-02	6.086932e-02	6.004358e-02
	5.922380e-02	5.840701e-02	5.758909e-02	5.676671e-02	5.593879e-02
	5.509582e-02	5.423068e-02	5.334832e-02	5.242786e-02	5.145957e-02
	5.046647e-02	4.940632e-02	4.824318e-02	4.702064e-02	4.567017e-02
	4.413025e-02	4.235260e-02	4.017769e-02	3.751267e-02	3.431153e-02
	3.075265e-02	2.715985e-02	2.366556e-02	2.031768e-02	1.720785e-02
	1.444015e-02	1.206900e-02	1.007335e-02	8.393374e-03	6.978102e-03
	5.795246e-03	4.815941e-03	4.006657e-03	3.333602e-03	2.767814e-03
	2.286759e-03	1.874349e-03	1.519970e-03	1.216847e-03	9.603690e-04
	7.466536e-04	5.716362e-04	4.308353e-04	3.194419e-04	2.328889e-04
	1.670544e-04	1.180144e-04	8.212243e-05	5.629719e-05	3.803967e-05
	2.527399e-05	1.636902e-05	1.012634e-05	5.679802e-06	2.435153e-06
	0.000000e+00
ScalarDissRateBilger [1/s]
	3.298830e-05	9.226527e-05	4.416762e-04	1.777910e-03	6.151313e-03
	1.862518e-02	4.986655e-02	1.192623e-01	2.585253e-01	5.145027e-01
	9.495704e-01	1.640754e+00	2.676932e+00	4.154873e+00	6.174616e+00
	8.834679e+00	1.222739e+01	1.643457e+01	2.152372e+01	2.754465e+01
	3.452665e+01	4.247617e+01	5.137491e+01	6.117811e+01	7.180976e+01
	8.315121e+01	9.502655e+01	1.071991e+02	1.193889e+02	1.313012e+02
	1.426362e+02	1.530583e+02	1.621805e+02	1.696431e+02	1.752049e+02
	1.787492e+02	1.802278e+02	1.795842e+02	1.767397e+02	1.718087e+02
	1.651754e+02	1.572669e+02	1.485622e+02	1.394416e+02	1.301933e+02
	1.210339e+02	1.121476e+02	1.036603e+02	9.559934e+01	8.799592e+01
	8.090663e+01	7.432596e+01	6.823647e+01	6.266556e+01	5.761454e+01
	5.305685e+01	4.901395e+01	4.548561e+01	4.239539e+01	3.969364e+01
	3.734892e+01	3.528326e+01	3.342376e+01	3.173045e+01	3.017446e+01
	2.872881e+01	2.736489e+01	2.605945e+01	2.480617e+01	2.361166e+01
	2.248623e+01	2.143950e+01	2.047573e+01	1.959318e+01	1.878211e+01
	1.802652e+01	1.731182e+01	1.663011e+01	1.597939e+01	1.535881e+01
	1.476780e+01	1.420756e+01	1.368019e+01	1.318699e+01	1.272890e+01
	1.230730e+01	1.192256e+01	1.157376e+01	1.125942e+01	1.097777e+01
	1.072329e+01	1.049089e+01	1.027772e+01	1.007397e+01	9.872604e+00
	9.672768e+00	9.460397e+00	9.222732e+00	8.963671e+00	8.664532e+00
	8.307200e+00	7.876922e+00	7.332919e+00	6.653339e+00	5.834936e+00
	4.936915e+00	4.054312e+00	3.230648e+00	2.487406e+00	1.852537e+00
	1.346197e+00	9.661564e-01	6.893112e-01	4.887292e-01	3.440830e-01
	2.411509e-01	1.688874e-01	1.183771e-01	8.291549e-02	5.781836e-02
	3.993145e-02	2.716061e-02	1.810008e-02	1.176810e-02	7.442686e-03
	4.570276e-03	2.721313e-03	1.569247e-03	8.745148e-04	4.701054e-04
	2.438455e-04	1.222356e-04	5.930013e-05	2.794557e-05	1.291546e-05
	5.929843e-06	2.747851e-06	1.311498e-06	6.575853e-07	3.518173e-07
	2.571414e-07
ChiAnalytOverChiStoich
	1.000000e-10	1.000000e-10	1.000000e-10	1.000000e-10	1.000000e-10
	1.000000e-10	2.309120e-03	1.321045e-02	3.045443e-02	5.706194e-02
	9.697479e-02	1.550922e-01	2.371635e-01	3.495700e-01	4.990179e-01
	6.921778e-01	9.353044e-01	1.233873e+00	1.592259e+00	2.013489e+00
	2.499064e+00	3.048869e+00	3.661173e+00	4.332660e+00	5.058277e+00
	5.830611e+00	6.639001e+00	7.469330e+00	8.305135e+00	9.129258e+00
	9.924162e+00	1.066914e+01	1.133844e+01	1.190622e+01	1.235309e+01
	1.266729e+01	1.284150e+01	1.286761e+01	1.273554e+01	1.244425e+01
	1.201327e+01	1.147710e+01	1.087044e+01	1.022184e+01	9.553725e+00
	8.883480e+00	8.226208e+00	7.592636e+00	6.986074e+00	6.410078e+00
	5.870005e+00	5.366315e+00	4.898495e+00	4.469360e+00	4.079542e+00
	3.727463e+00	3.415210e+00	3.143079e+00	2.905534e+00	2.699299e+00
	2.522558e+00	2.369968e+00	2.236610e+00	2.119854e+00	2.017539e+00
	1.927341e+00	1.846737e+00	1.773594e+00	1.706810e+00	1.645976e+00
	1.590859e+00	1.541234e+00	1.496716e+00	1.456757e+00	1.420568e+00
	1.387183e+00	1.355767e+00	1.325815e+00	1.297084e+00	1.269385e+00
	1.242527e+00	1.216394e+00	1.190909e+00	1.165958e+00	1.141424e+00
	1.117233e+00	1.093297e+00	1.069498e+00	1.045742e+00	1.022004e+00
	9.980202e-01	9.736040e-01	9.489112e-01	9.233808e-01	8.967800e-01
	8.697744e-01	8.412600e-01	8.103557e-01	7.783098e-01	7.434414e-01
	7.043759e-01	6.602226e-01	6.076170e-01	5.453522e-01	4.738915e-01
	3.989175e-01	3.282563e-01	2.646356e-01	2.086434e-01	1.611936e-01
	1.228214e-01	9.294906e-02	7.002593e-02	5.234465e-02	3.862238e-02
	2.799257e-02	1.977937e-02	1.339904e-02	8.376291e-03	4.355081e-03
	1.081648e-03	1.000000e-10	1.000000e-10	1.000000e-10	1.000000e-10
	1.000000e-10	1.000000e-10	1.000000e-10	1.000000e-10	1.000000e-10
	1.000000e-10	1.000000e-10	1.000000e-10	1.000000e-10	1.000000e-10
	1.000000e-10	1.000000e-10	1.000000e-10	1.000000e-10	1.000000e-10
	1.000000e-10
ChiKWOverChiKWStoich
	7.159317e-11	7.159759e-11	7.160533e-11	7.161848e-11	7.163994e-11
	7.167341e-11	1.656169e-03	9.484110e-03	2.189241e-02	4.108820e-02
	6.997359e-02	1.121904e-01	1.720656e-01	2.544786e-01	3.646631e-01
	5.079666e-01	6.895882e-01	9.143187e-01	1.186303e+00	1.508843e+00
	1.884243e+00	2.313722e+00	2.797368e+00	3.334137e+00	3.921691e+00
	4.555824e+00	5.229637e+00	5.933192e+00	6.654268e+00	7.379665e+00
	8.095481e+00	8.784538e+00	9.424265e+00	9.990597e+00	1.046415e+01
	1.083199e+01	1.108545e+01	1.121555e+01	1.121053e+01	1.106404e+01
	1.078665e+01	1.040384e+01	9.943968e+00	9.431914e+00	8.888141e+00
	8.329206e+00	7.769857e+00	7.221216e+00	6.687884e+00	6.174464e+00
	5.687091e+00	5.227425e+00	4.796086e+00	4.396667e+00	4.030695e+00
	3.697533e+00	3.399928e+00	3.138886e+00	2.909702e+00	2.709696e+00
	2.537504e+00	2.388229e+00	2.257284e+00	2.142248e+00	2.041121e+00
	1.951704e+00	1.871566e+00	1.798636e+00	1.731851e+00	1.670830e+00
	1.615367e+00	1.565266e+00	1.520167e+00	1.479544e+00	1.442622e+00
	1.408437e+00	1.376149e+00	1.345244e+00	1.315481e+00	1.286666e+00
	1.258608e+00	1.231190e+00	1.204336e+00	1.177935e+00	1.151869e+00
	1.126071e+00	1.100456e+00	1.074911e+00	1.049349e+00	1.023757e+00
	9.978663e-01	9.714921e-01	9.448197e-01	9.172610e-01	8.885844e-01
	8.595267e-01	8.289201e-01	7.958483e-01	7.616758e-01	7.246428e-01
	6.833460e-01	6.369260e-01	5.819862e-01	5.174969e-01	4.442530e-01
	3.683905e-01	2.979595e-01	2.356167e-01	1.817987e-01	1.371834e-01
	1.019818e-01	7.530076e-02	5.539234e-02	4.047225e-02	2.922642e-02
	2.076505e-02	1.441017e-02	9.605364e-03	5.918576e-03	3.037558e-03
	7.456165e-04	6.820154e-11	6.754310e-11	6.695390e-11	6.643272e-11
	6.597898e-11	6.559098e-11	6.526524e-11	6.499645e-11	6.477876e-11
	6.460631e-11	6.447274e-11	6.437137e-11	6.429608e-11	6.424158e-11
	6.420307e-11	6.417644e-11	6.415844e-11	6.414653e-11	6.413879e-11
	6.413386e-11
ChiKWFact
	7.159317e-01	7.159759e-01	7.160533e-01	7.161848e-01	7.163994e-01
	7.167341e-01	7.172295e-01	7.179248e-01	7.188580e-01	7.200632e-01
	7.215647e-01	7.233789e-01	7.255148e-01	7.279760e-01	7.307614e-01
	7.338672e-01	7.372875e-01	7.410153e-01	7.450440e-01	7.493671e-01
	7.539797e-01	7.588786e-01	7.640632e-01	7.695359e-01	7.753017e-01
	7.813630e-01	7.877145e-01	7.943407e-01	8.012233e-01	8.083532e-01
	8.157344e-01	8.233599e-01	8.311780e-01	8.391072e-01	8.470882e-01
	8.551156e-01	8.632522e-01	8.716114e-01	8.802552e-01	8.890886e-01
	8.978950e-01	9.064869e-01	9.147713e-01	9.227213e-01	9.303325e-01
	9.376062e-01	9.445248e-01	9.510816e-01	9.573165e-01	9.632432e-01
	9.688391e-01	9.741182e-01	9.790938e-01	9.837351e-01	9.880264e-01
	9.919706e-01	9.955254e-01	9.986657e-01	1.001435e+00	1.003852e+00
	1.005925e+00	1.007705e+00	1.009243e+00	1.010564e+00	1.011689e+00
	1.012640e+00	1.013445e+00	1.014119e+00	1.014671e+00	1.015100e+00
	1.015406e+00	1.015593e+00	1.015668e+00	1.015642e+00	1.015525e+00
	1.015322e+00	1.015033e+00	1.014655e+00	1.014183e+00	1.013614e+00
	1.012942e+00	1.012163e+00	1.011275e+00	1.010272e+00	1.009151e+00
	1.007911e+00	1.006548e+00	1.005062e+00	1.003449e+00	1.001715e+00
	9.998458e-01	9.978308e-01	9.956882e-01	9.933724e-01	9.908611e-01
	9.882179e-01	9.853317e-01	9.820975e-01	9.786280e-01	9.747141e-01
	9.701438e-01	9.647140e-01	9.578175e-01	9.489223e-01	9.374572e-01
	9.234753e-01	9.077039e-01	8.903439e-01	8.713369e-01	8.510472e-01
	8.303260e-01	8.101293e-01	7.910261e-01	7.731879e-01	7.567223e-01
	7.418059e-01	7.285452e-01	7.168695e-01	7.065867e-01	6.974745e-01
	6.893335e-01	6.820154e-01	6.754310e-01	6.695390e-01	6.643272e-01
	6.597898e-01	6.559098e-01	6.526524e-01	6.499645e-01	6.477876e-01
	6.460631e-01	6.447274e-01	6.437137e-01	6.429608e-01	6.424158e-01
	6.420307e-01	6.417644e-01	6.415844e-01	6.414653e-01	6.413879e-01
	6.413386e-01
MolarMass [kg/kmole]
	1.604300e+01	1.604155e+01	1.603996e+01	1.603853e+01	1.603771e+01
	1.603814e+01	1.604057e+01	1.604580e+01	1.605462e+01	1.606782e+01
	1.608606e+01	1.610995e+01	1.614000e+01	1.617666e+01	1.622035e+01
	1.627145e+01	1.633037e+01	1.639750e+01	1.647327e+01	1.655816e+01
	1.665272e+01	1.675756e+01	1.687340e+01	1.700110e+01	1.714165e+01
	1.729608e+01	1.746527e+01	1.764987e+01	1.785042e+01	1.806772e+01
	1.830296e+01	1.855700e+01	1.882907e+01	1.911689e+01	1.941838e+01
	1.973309e+01	2.006308e+01	2.041250e+01	2.078319e+01	2.116926e+01
	2.155902e+01	2.194155e+01	2.231105e+01	2.266505e+01	2.300244e+01
	2.332266e+01	2.362460e+01	2.390786e+01	2.417423e+01	2.442446e+01
	2.465787e+01	2.487540e+01	2.507800e+01	2.526486e+01	2.543585e+01
	2.559159e+01	2.573094e+01	2.585342e+01	2.596118e+01	2.605541e+01
	2.613671e+01	2.620739e+01	2.626966e+01	2.632473e+01	2.637361e+01
	2.641741e+01	2.645732e+01	2.649439e+01	2.652914e+01	2.656174e+01
	2.659222e+01	2.662058e+01	2.664687e+01	2.667123e+01	2.669399e+01
	2.671562e+01	2.673657e+01	2.675712e+01	2.677739e+01	2.679746e+01
	2.681744e+01	2.683738e+01	2.685731e+01	2.687729e+01	2.689740e+01
	2.691765e+01	2.693812e+01	2.695888e+01	2.697999e+01	2.700146e+01
	2.702351e+01	2.704631e+01	2.706970e+01	2.709420e+01	2.712004e+01
	2.714657e+01	2.717488e+01	2.720587e+01	2.723835e+01	2.727409e+01
	2.731465e+01	2.736126e+01	2.741808e+01	2.748765e+01	2.757165e+01
	2.766642e+01	2.776449e+01	2.786301e+01	2.796101e+01	2.805595e+01
	2.814448e+01	2.822436e+01	2.829556e+01	2.835931e+01	2.841663e+01
	2.846789e+01	2.851333e+01	2.855351e+01	2.858925e+01	2.862133e+01
	2.865044e+01	2.867708e+01	2.870153e+01	2.872391e+01	2.874419e+01
	2.876232e+01	2.877830e+01	2.879216e+01	2.880402e+01	2.881402e+01
	2.882230e+01	2.882905e+01	2.883448e+01	2.883880e+01	2.884217e+01
	2.884478e+01	2.884678e+01	2.884831e+01	2.884948e+01	2.885037e+01
	2.885106e+01
TotalEnthalpy [J/kg]
	-4.664239e+06	-4.663932e+06	-4.663357e+06	-4.662331e+06	-4.660592e+06
	-4.657797e+06	-4.653559e+06	-4.647492e+06	-4.639199e+06	-4.628298e+06
	-4.614472e+06	-4.597449e+06	-4.576999e+06	-4.552922e+06	-4.525034e+06
	-4.493161e+06	-4.457128e+06	-4.416755e+06	-4.371844e+06	-4.322182e+06
	-4.267524e+06	-4.207597e+06	-4.142079e+06	-4.070598e+06	-3.992730e+06
	-3.908069e+06	-3.816316e+06	-3.717337e+06	-3.611086e+06	-3.497424e+06
	-3.376047e+06	-3.246884e+06	-3.110738e+06	-2.969142e+06	-2.823476e+06
	-2.674309e+06	-2.521063e+06	-2.362332e+06	-2.197934e+06	-2.031092e+06
	-1.867410e+06	-1.711521e+06	-1.565501e+06	-1.429899e+06	-1.304657e+06
	-1.189485e+06	-1.084267e+06	-9.886114e+05	-9.014266e+05	-8.220302e+05
	-7.502128e+05	-6.852803e+05	-6.265837e+05	-5.740105e+05	-5.272590e+05
	-4.858467e+05	-4.497912e+05	-4.189449e+05	-3.925531e+05	-3.701775e+05
	-3.515698e+05	-3.361267e+05	-3.233264e+05	-3.128899e+05	-3.045678e+05
	-2.980824e+05	-2.931486e+05	-2.895342e+05	-2.870796e+05	-2.856416e+05
	-2.850563e+05	-2.851413e+05	-2.857132e+05	-2.866090e+05	-2.877035e+05
	-2.889150e+05	-2.901886e+05	-2.914741e+05	-2.927182e+05	-2.938692e+05
	-2.948781e+05	-2.956946e+05	-2.962700e+05	-2.965593e+05	-2.965200e+05
	-2.961125e+05	-2.953012e+05	-2.940525e+05	-2.923362e+05	-2.901320e+05
	-2.873981e+05	-2.840908e+05	-2.802167e+05	-2.756683e+05	-2.703669e+05
	-2.644295e+05	-2.575897e+05	-2.495610e+05	-2.406151e+05	-2.302281e+05
	-2.178700e+05	-2.031124e+05	-1.846395e+05	-1.618912e+05	-1.352452e+05
	-1.076549e+05	-8.318615e+04	-6.365957e+04	-4.961167e+04	-4.099515e+04
	-3.688520e+04	-3.568106e+04	-3.570681e+04	-3.589422e+04	-3.567899e+04
	-3.485198e+04	-3.343796e+04	-3.156601e+04	-2.937270e+04	-2.696421e+04
	-2.441447e+04	-2.177841e+04	-1.910700e+04	-1.645554e+04	-1.388434e+04
	-1.145250e+04	-9.209190e+03	-7.187942e+03	-5.404205e+03	-3.862059e+03
	-2.558855e+03	-1.481638e+03	-6.081633e+02	8.602364e+01	6.247476e+02
	1.033597e+03	1.337532e+03	1.558502e+03	1.715844e+03	1.825594e+03
	1.900584e+03
trailer
Lewis numbers evaluated at maximum consumption
N2	-1
O2	1.01631
@ Z = 0.04874
H	0.171936
@ Z = 0.0656117
OH	0.676407
@ Z = 0.0602407
O	0.662002
@ Z = 0.0520141
H2	0.281276
@ Z = 0.0419057
H2O	-1
HO2	1.01628
@ Z = 0.00289267
H2O2	1.00486
@ Z = 0.0267987
CO	1.01573
@ Z = 0.0365367
CO2	-1
CH	0.614994
@ Z = 0.0445934
CHO	1.16227
@ Z = 0.0409608
CH2	0.890674
@ Z = 0.0471041
CH2O	1.17395
@ Z = 0.0428366
CH3	0.927703
@ Z = 0.0495544
CH4	0.932603
@ Z = 0.0640779
C2H6	1.3533
@ Z = 0.0626768
C2H	1.199
@ Z = 0.0454457
C2H2	1.21619
@ Z = 0.0503704
CHCO	0.816488
@ Z = 0.0495544
C3H3	1.6489
@ Z = 0.0495544
C2H3	1.2274
@ Z = 0.0495544
C2H4	1.23082
@ Z = 0.0563095
C2H5	1.34101
@ Z = 0.0536898
C3H4	1.60637
@ Z = 0.0462807
C3H5	1.6509
@ Z = 0.0811698
C3H6	1.72835
@ Z = 0.0554172
N-C3H7	1.73409
@ Z = 0.0520141
I-C3H7	1.7333
@ Z = 0.0511898
C3H8	1.71786
@ Z = 0.00804826
Lewis numbers evaluated at maximum formation
N2	-1
O2	1.03577
@ Z = 0.00342339
H	0.170104
@ Z = 0.0479239
OH	0.668861
@ Z = 0.0428366
O	0.652522
@ Z = 0.0377599
H2	0.284268
@ Z = 0.0640779
H2O	0.755525
@ Z = 0.0511898
HO2	1.00211
@ Z = 0.00678205
H2O2	0.999178
@ Z = 0.0183423
CO	1.03113
@ Z = 0.0520141
CO2	1.2814
@ Z = 0.0428366
CH	0.619712
@ Z = 0.0536898
CHO	1.17167
@ Z = 0.0503704
CH2	0.896462
@ Z = 0.058178
CH2O	1.18285
@ Z = 0.0528465
CH3	0.930078
@ Z = 0.0640779
CH4	0.696345
@ Z = 0.532791
C2H6	1.33608
@ Z = 0.092863
C2H	1.20745
@ Z = 0.0563095
C2H2	1.21763
@ Z = 0.0672808
CHCO	0.819351
@ Z = 0.0640779
C3H3	1.6544
@ Z = 0.0602407
C2H3	1.23178
@ Z = 0.0626768
C2H4	1.22552
@ Z = 0.0755283
C2H5	1.34094
@ Z = 0.0672808
C3H4	1.61606
@ Z = 0.058178
C3H5	1.66407
@ Z = 0.0614016
C3H6	1.72521
@ Z = 0.0690884
N-C3H7	1.73662
@ Z = 0.0626768
I-C3H7	1.70988
@ Z = 0.00804826
C3H8	-1
Lewis numbers evaluated at maximum mass fraction
N2	0.921337
@ Z = 1.82819e-06
O2	1.05239
@ Z = 1.82819e-06
H	0.168998
@ Z = 0.0428366
OH	0.665862
@ Z = 0.038882
O	0.648202
@ Z = 0.0317172
H2	0.282291
@ Z = 0.092863
H2O	0.758067
@ Z = 0.0656117
HO2	0.998511
@ Z = 0.00804826
H2O2	0.998537
@ Z = 0.0157773
CO	1.03178
@ Z = 0.0690884
CO2	1.29586
@ Z = 0.0591747
CH	0.61997
@ Z = 0.0545457
CHO	1.17226
@ Z = 0.0511898
CH2	0.896596
@ Z = 0.0591747
CH2O	1.18464
@ Z = 0.058178
CH3	0.92888
@ Z = 0.0690884
CH4	0.990954
@ Z = 0.999944
C2H6	1.29998
@ Z = 0.187746
C2H	1.20786
@ Z = 0.058178
C2H2	1.1955
@ Z = 0.110718
CHCO	0.811085
@ Z = 0.0884208
C3H3	1.65425
@ Z = 0.0614016
C2H3	1.23149
@ Z = 0.0640779
C2H4	1.20105
@ Z = 0.127285
C2H5	1.33911
@ Z = 0.0710429
C3H4	1.61593
@ Z = 0.0614016
C3H5	1.66375
@ Z = 0.0626768
C3H6	1.72208
@ Z = 0.0731717
N-C3H7	1.73609
@ Z = 0.0640779
I-C3H7	1.7333
@ Z = 0.0511898
C3H8	1.79272
@ Z = 0.974693
