header

title = "planar counterflow diffusion flame"
author = ""
date = "Wed Aug 14 11:00:32 2013"

fuel = "CH4"
pressure = 1 [bar]
strainrate = 570 [1/s]
chiStoichAnal = 14.0341 [1/s]
chiStoichAnalKW = 21.5308 [1/s]
FlameLocZ = 0.0570899 [K]
FlameLocBilger = 0.0675735 [K]
Tmax = 1808.39 [K]
stoichScalarDissRate = 23.2 [1/s]
stoichScalarDissRateBilger = 18.8878 [1/s]

OxidizerSide
begin
	Temperature = 300 [K]
	Massfraction-N2 = 0.76708
	Massfraction-O2 = 0.23292
	Molefraction-N2 = 0.79
	Molefraction-O2 = 0.21
end

FuelSide
begin
	Temperature = 300 [K]
	Massfraction-CH4 = 1
	Molefraction-CH4 = 1
end

numOfSpecies = 31
gridPoints = 141

body
eta
	0.000000e+00	1.564556e-01	3.094031e-01	4.551169e-01	5.911546e-01
	7.168230e-01	8.322836e-01	9.380621e-01	1.034929e+00	1.123735e+00
	1.205247e+00	1.280330e+00	1.350041e+00	1.415262e+00	1.476622e+00
	1.534633e+00	1.589677e+00	1.642130e+00	1.692421e+00	1.740908e+00
	1.787875e+00	1.833568e+00	1.878188e+00	1.921892e+00	1.964786e+00
	2.006895e+00	2.048106e+00	2.088136e+00	2.126695e+00	2.163778e+00
	2.199703e+00	2.234907e+00	2.269737e+00	2.304400e+00	2.339009e+00
	2.373631e+00	2.408321e+00	2.443126e+00	2.478028e+00	2.512936e+00
	2.547730e+00	2.582294e+00	2.616509e+00	2.650253e+00	2.683469e+00
	2.716149e+00	2.748278e+00	2.779823e+00	2.810739e+00	2.840949e+00
	2.870340e+00	2.898808e+00	2.926271e+00	2.952635e+00	2.977794e+00
	3.001647e+00	3.024098e+00	3.045065e+00	3.064491e+00	3.082358e+00
	3.098693e+00	3.113564e+00	3.127072e+00	3.139345e+00	3.150532e+00
	3.160788e+00	3.170262e+00	3.179089e+00	3.187365e+00	3.195138e+00
	3.202446e+00	3.209330e+00	3.215836e+00	3.222017e+00	3.227937e+00
	3.233662e+00	3.239242e+00	3.244718e+00	3.250126e+00	3.255499e+00
	3.260861e+00	3.266227e+00	3.271610e+00	3.277040e+00	3.282560e+00
	3.288213e+00	3.294003e+00	3.299893e+00	3.305837e+00	3.311824e+00
	3.317884e+00	3.324043e+00	3.330287e+00	3.336589e+00	3.342953e+00
	3.349426e+00	3.356077e+00	3.362980e+00	3.370200e+00	3.377815e+00
	3.385983e+00	3.394867e+00	3.404515e+00	3.415220e+00	3.427399e+00
	3.441210e+00	3.457329e+00	3.476785e+00	3.500210e+00	3.528758e+00
	3.564649e+00	3.610037e+00	3.666451e+00	3.734000e+00	3.809581e+00
	3.888786e+00	3.969364e+00	4.051072e+00	4.133710e+00	4.216641e+00
	4.299607e+00	4.383109e+00	4.468283e+00	4.556457e+00	4.648585e+00
	4.745183e+00	4.846520e+00	4.952746e+00	5.063984e+00	5.180361e+00
	5.301995e+00	5.428959e+00	5.561245e+00	5.698741e+00	5.841211e+00
	5.988301e+00	6.139551e+00	6.294427e+00	6.452244e+00	6.611662e+00
	6.771246e+00
y [m]
	-1.697705e-03	-1.650398e-03	-1.604130e-03	-1.560015e-03	-1.518771e-03
	-1.480584e-03	-1.445372e-03	-1.412944e-03	-1.383029e-03	-1.355337e-03
	-1.329606e-03	-1.305547e-03	-1.282813e-03	-1.261107e-03	-1.240214e-03
	-1.219959e-03	-1.200208e-03	-1.180831e-03	-1.161676e-03	-1.142609e-03
	-1.123519e-03	-1.104306e-03	-1.084883e-03	-1.065178e-03	-1.045141e-03
	-1.024759e-03	-1.004095e-03	-9.833146e-04	-9.626119e-04	-9.420473e-04
	-9.214951e-04	-9.007413e-04	-8.795976e-04	-8.579419e-04	-8.357005e-04
	-8.128236e-04	-7.892642e-04	-7.649793e-04	-7.399674e-04	-7.142842e-04
	-6.880143e-04	-6.612474e-04	-6.340888e-04	-6.066531e-04	-5.790143e-04
	-5.512067e-04	-5.232734e-04	-4.952766e-04	-4.672908e-04	-4.394237e-04
	-4.118241e-04	-3.846376e-04	-3.579947e-04	-3.320407e-04	-3.069346e-04
	-2.828350e-04	-2.598953e-04	-2.382545e-04	-2.180223e-04	-1.992655e-04
	-1.819989e-04	-1.661858e-04	-1.517474e-04	-1.385711e-04	-1.265158e-04
	-1.154284e-04	-1.051587e-04	-9.556785e-05	-8.655827e-05	-7.808157e-05
	-7.010199e-05	-6.257636e-05	-5.545787e-05	-4.869076e-05	-4.220585e-05
	-3.593382e-05	-2.981990e-05	-2.382142e-05	-1.789903e-05	-1.201766e-05
	-6.152694e-06	-2.897571e-07	5.585805e-06	1.150323e-05	1.750895e-05
	2.364497e-05	2.991470e-05	3.627405e-05	4.266979e-05	4.908827e-05
	5.555769e-05	6.210079e-05	6.870040e-05	7.532422e-05	8.197230e-05
	8.868934e-05	9.554222e-05	1.025995e-04	1.099203e-04	1.175704e-04
	1.256949e-04	1.344333e-04	1.438065e-04	1.540630e-04	1.655486e-04
	1.783361e-04	1.929448e-04	2.101304e-04	2.301823e-04	2.536955e-04
	2.818516e-04	3.152974e-04	3.536643e-04	3.952410e-04	4.366379e-04
	4.748943e-04	5.092013e-04	5.400173e-04	5.678459e-04	5.930358e-04
	6.160262e-04	6.373716e-04	6.576594e-04	6.773997e-04	6.969369e-04
	7.164827e-04	7.361830e-04	7.561542e-04	7.765022e-04	7.973281e-04
	8.187233e-04	8.407633e-04	8.635017e-04	8.869657e-04	9.111542e-04
	9.360379e-04	9.615633e-04	9.876588e-04	1.014222e-03	1.041038e-03
	1.067870e-03
f
	-3.529249e+00	-3.319424e+00	-3.114274e+00	-2.918771e+00	-2.736156e+00
	-2.567316e+00	-2.411980e+00	-2.269385e+00	-2.138437e+00	-2.017938e+00
	-1.906809e+00	-1.803844e+00	-1.707575e+00	-1.616767e+00	-1.530530e+00
	-1.448138e+00	-1.369046e+00	-1.292719e+00	-1.218539e+00	-1.145976e+00
	-1.074607e+00	-1.004052e+00	-9.340000e-01	-8.642011e-01	-7.944840e-01
	-7.248191e-01	-6.554195e-01	-5.868218e-01	-5.196197e-01	-4.539375e-01
	-3.893086e-01	-3.250235e-01	-2.604945e-01	-1.953692e-01	-1.294630e-01
	-6.267589e-02	5.072539e-03	7.383965e-02	1.435560e-01	2.139911e-01
	2.848437e-01	3.558120e-01	4.265710e-01	4.967918e-01	5.662688e-01
	6.349082e-01	7.026015e-01	7.692037e-01	8.345528e-01	8.984245e-01
	9.605216e-01	1.020578e+00	1.078380e+00	1.133704e+00	1.186313e+00
	1.235988e+00	1.282536e+00	1.325804e+00	1.365700e+00	1.402217e+00
	1.435442e+00	1.465548e+00	1.492773e+00	1.517404e+00	1.539764e+00
	1.560184e+00	1.578976e+00	1.596423e+00	1.612724e+00	1.627985e+00
	1.642285e+00	1.655716e+00	1.668371e+00	1.680359e+00	1.691811e+00
	1.702853e+00	1.713587e+00	1.724091e+00	1.734437e+00	1.744688e+00
	1.754890e+00	1.765070e+00	1.775254e+00	1.785496e+00	1.795879e+00
	1.806476e+00	1.817296e+00	1.828266e+00	1.839298e+00	1.850373e+00
	1.861544e+00	1.872853e+00	1.884277e+00	1.895764e+00	1.907319e+00
	1.919024e+00	1.931002e+00	1.943378e+00	1.956266e+00	1.969792e+00
	1.984225e+00	1.999832e+00	2.016676e+00	2.035235e+00	2.056180e+00
	2.079714e+00	2.106885e+00	2.139255e+00	2.177617e+00	2.223480e+00
	2.279766e+00	2.348839e+00	2.431629e+00	2.526718e+00	2.628585e+00
	2.730981e+00	2.831272e+00	2.929572e+00	3.026062e+00	3.120422e+00
	3.212762e+00	3.303965e+00	3.395508e+00	3.488971e+00	3.585472e+00
	3.685643e+00	3.789854e+00	3.898347e+00	4.011337e+00	4.129041e+00
	4.251656e+00	4.379326e+00	4.512107e+00	4.649940e+00	4.792631e+00
	4.939860e+00	5.091193e+00	5.246115e+00	5.403955e+00	5.563382e+00
	5.722966e+00
df/deta
	1.341029e+00	1.341117e+00	1.341311e+00	1.341692e+00	1.342381e+00
	1.343539e+00	1.345358e+00	1.348051e+00	1.351828e+00	1.356879e+00
	1.363349e+00	1.371348e+00	1.380978e+00	1.392323e+00	1.405424e+00
	1.420287e+00	1.436874e+00	1.455133e+00	1.475033e+00	1.496536e+00
	1.519579e+00	1.544088e+00	1.569969e+00	1.597100e+00	1.625320e+00
	1.654403e+00	1.684009e+00	1.713651e+00	1.742826e+00	1.771259e+00
	1.798966e+00	1.826085e+00	1.852702e+00	1.878801e+00	1.904293e+00
	1.929050e+00	1.952936e+00	1.975805e+00	1.997477e+00	2.017735e+00
	2.036370e+00	2.053207e+00	2.068102e+00	2.080949e+00	2.091700e+00
	2.100348e+00	2.106898e+00	2.111368e+00	2.113796e+00	2.114241e+00
	2.112793e+00	2.109578e+00	2.104750e+00	2.098491e+00	2.091010e+00
	2.082541e+00	2.073332e+00	2.063640e+00	2.053712e+00	2.043773e+00
	2.034009e+00	2.024555e+00	2.015502e+00	2.006893e+00	1.998730e+00
	1.990981e+00	1.983599e+00	1.976530e+00	1.969736e+00	1.963207e+00
	1.956943e+00	1.950929e+00	1.945146e+00	1.939565e+00	1.934139e+00
	1.928819e+00	1.923565e+00	1.918346e+00	1.913130e+00	1.907888e+00
	1.902599e+00	1.897249e+00	1.891827e+00	1.886302e+00	1.880631e+00
	1.874769e+00	1.868708e+00	1.862487e+00	1.856155e+00	1.849724e+00
	1.843165e+00	1.836451e+00	1.829597e+00	1.822636e+00	1.815565e+00
	1.808337e+00	1.800874e+00	1.793095e+00	1.784928e+00	1.776287e+00
	1.766992e+00	1.756861e+00	1.745843e+00	1.733613e+00	1.719706e+00
	1.703972e+00	1.685686e+00	1.663774e+00	1.637696e+00	1.606473e+00
	1.568261e+00	1.521857e+00	1.467522e+00	1.407708e+00	1.347779e+00
	1.292805e+00	1.244639e+00	1.203071e+00	1.167618e+00	1.137822e+00
	1.112979e+00	1.092231e+00	1.074769e+00	1.059977e+00	1.047470e+00
	1.036998e+00	1.028355e+00	1.021342e+00	1.015757e+00	1.011395e+00
	1.008060e+00	1.005565e+00	1.003745e+00	1.002449e+00	1.001551e+00
	1.000946e+00	1.000550e+00	1.000298e+00	1.000143e+00	1.000051e+00
	1.000000e+00
Z
	1.000000e+00	9.999278e-01	9.997746e-01	9.994739e-01	9.989304e-01
	9.980188e-01	9.965910e-01	9.944882e-01	9.915548e-01	9.876507e-01
	9.826666e-01	9.765178e-01	9.691161e-01	9.603829e-01	9.502649e-01
	9.387288e-01	9.257710e-01	9.113943e-01	8.955813e-01	8.783194e-01
	8.596117e-01	8.394687e-01	8.179182e-01	7.950102e-01	7.708276e-01
	7.455146e-01	7.193225e-01	6.926483e-01	6.659296e-01	6.394145e-01
	6.130896e-01	5.868162e-01	5.604886e-01	5.340910e-01	5.076736e-01
	4.813198e-01	4.551183e-01	4.291650e-01	4.035963e-01	3.785940e-01
	3.543408e-01	3.309888e-01	3.086682e-01	2.874826e-01	2.674735e-01
	2.486348e-01	2.309535e-01	2.144164e-01	1.990050e-01	1.847061e-01
	1.715125e-01	1.594001e-01	1.483283e-01	1.382555e-01	1.291399e-01
	1.209359e-01	1.135947e-01	1.070639e-01	1.012863e-01	9.619898e-02
	9.173374e-02	8.781957e-02	8.438600e-02	8.136501e-02	7.869173e-02
	7.630713e-02	7.415971e-02	7.220593e-02	7.041481e-02	6.876770e-02
	6.725007e-02	6.584727e-02	6.454521e-02	6.332931e-02	6.218366e-02
	6.109342e-02	6.004715e-02	5.903609e-02	5.805255e-02	5.708993e-02
	5.614368e-02	5.521110e-02	5.428957e-02	5.337436e-02	5.245837e-02
	5.153555e-02	5.060588e-02	4.967620e-02	4.875431e-02	4.784197e-02
	4.693501e-02	4.603022e-02	4.512999e-02	4.423859e-02	4.335583e-02
	4.247571e-02	4.158972e-02	4.068961e-02	3.976882e-02	3.882040e-02
	3.782834e-02	3.677850e-02	3.567191e-02	3.448391e-02	3.318157e-02
	3.176610e-02	3.019303e-02	2.840184e-02	2.639190e-02	2.414283e-02
	2.159940e-02	1.878378e-02	1.581875e-02	1.291241e-02	1.032543e-02
	8.202812e-03	6.518410e-03	5.183697e-03	4.125370e-03	3.289154e-03
	2.627304e-03	2.098421e-03	1.669817e-03	1.318468e-03	1.029757e-03
	7.939195e-04	6.033324e-04	4.513783e-04	3.320376e-04	2.398275e-04
	1.698327e-04	1.177173e-04	7.971838e-05	5.262604e-05	3.375968e-05
	2.093646e-05	1.243092e-05	6.923229e-06	3.440506e-06	1.293718e-06
	0.000000e+00
temperature [K]
	3.000000e+02	3.000722e+02	3.002252e+02	3.005254e+02	3.010677e+02
	3.019763e+02	3.033974e+02	3.054866e+02	3.083946e+02	3.122548e+02
	3.171680e+02	3.232092e+02	3.304559e+02	3.389764e+02	3.488154e+02
	3.600012e+02	3.725384e+02	3.864312e+02	4.017112e+02	4.184143e+02
	4.365708e+02	4.562154e+02	4.773777e+02	5.000781e+02	5.243166e+02
	5.500418e+02	5.770979e+02	6.051715e+02	6.338836e+02	6.630313e+02
	6.926875e+02	7.230776e+02	7.544119e+02	7.868162e+02	8.203505e+02
	8.550425e+02	8.909191e+02	9.280044e+02	9.662586e+02	1.005560e+03
	1.045727e+03	1.086540e+03	1.127739e+03	1.169054e+03	1.210275e+03
	1.251261e+03	1.291855e+03	1.331881e+03	1.371151e+03	1.409444e+03
	1.446497e+03	1.482073e+03	1.515981e+03	1.548030e+03	1.578044e+03
	1.605873e+03	1.631404e+03	1.654567e+03	1.675351e+03	1.693805e+03
	1.710046e+03	1.724239e+03	1.736584e+03	1.747295e+03	1.756593e+03
	1.764686e+03	1.771757e+03	1.777961e+03	1.783407e+03	1.788163e+03
	1.792286e+03	1.795831e+03	1.798852e+03	1.801398e+03	1.803515e+03
	1.805238e+03	1.806584e+03	1.807563e+03	1.808169e+03	1.808393e+03
	1.808213e+03	1.807604e+03	1.806535e+03	1.804965e+03	1.802839e+03
	1.800082e+03	1.796627e+03	1.792441e+03	1.787516e+03	1.781841e+03
	1.775374e+03	1.768074e+03	1.759954e+03	1.751065e+03	1.741434e+03
	1.731028e+03	1.719765e+03	1.707547e+03	1.694280e+03	1.679850e+03
	1.663980e+03	1.646381e+03	1.626994e+03	1.605282e+03	1.580459e+03
	1.552296e+03	1.519536e+03	1.480273e+03	1.433513e+03	1.377372e+03
	1.308225e+03	1.223324e+03	1.122412e+03	1.009644e+03	8.956018e+02
	7.910779e+02	7.006868e+02	6.245439e+02	5.616154e+02	5.105023e+02
	4.692839e+02	4.359089e+02	4.085957e+02	3.860347e+02	3.673824e+02
	3.520702e+02	3.396458e+02	3.297071e+02	3.218806e+02	3.158204e+02
	3.112123e+02	3.077767e+02	3.052691e+02	3.034798e+02	3.022330e+02
	3.013851e+02	3.008226e+02	3.004582e+02	3.002277e+02	3.000856e+02
	3.000000e+02
massfraction-N2
	1.000000e-60	5.910624e-05	1.849025e-04	4.325324e-04	8.816897e-04
	1.637260e-03	2.824087e-03	4.576151e-03	7.025106e-03	1.028874e-02
	1.445749e-02	1.959910e-02	2.578129e-02	3.306090e-02	4.147011e-02
	5.102159e-02	6.170098e-02	7.348648e-02	8.637173e-02	1.003453e-01
	1.153821e-01	1.314518e-01	1.485108e-01	1.664998e-01	1.853367e-01
	2.048956e-01	2.249739e-01	2.452665e-01	2.654480e-01	2.853440e-01
	3.049790e-01	3.244700e-01	3.439069e-01	3.633133e-01	3.826646e-01
	4.019138e-01	4.210135e-01	4.399054e-01	4.585107e-01	4.767148e-01
	4.944005e-01	5.114676e-01	5.278280e-01	5.434103e-01	5.581855e-01
	5.721581e-01	5.853354e-01	5.977236e-01	6.093317e-01	6.201635e-01
	6.302175e-01	6.395036e-01	6.480447e-01	6.558643e-01	6.629858e-01
	6.694364e-01	6.752458e-01	6.804471e-01	6.850779e-01	6.891810e-01
	6.928043e-01	6.959990e-01	6.988166e-01	7.013079e-01	7.035223e-01
	7.055051e-01	7.072964e-01	7.089304e-01	7.104312e-01	7.118132e-01
	7.130873e-01	7.142652e-01	7.153579e-01	7.163773e-01	7.173364e-01
	7.182475e-01	7.191198e-01	7.199606e-01	7.207760e-01	7.215716e-01
	7.223508e-01	7.231159e-01	7.238688e-01	7.246134e-01	7.253554e-01
	7.260993e-01	7.268452e-01	7.275874e-01	7.283194e-01	7.290400e-01
	7.297523e-01	7.304587e-01	7.311570e-01	7.318436e-01	7.325184e-01
	7.331859e-01	7.338518e-01	7.345220e-01	7.352006e-01	7.358919e-01
	7.366067e-01	7.373541e-01	7.381321e-01	7.389569e-01	7.398501e-01
	7.408095e-01	7.418640e-01	7.430528e-01	7.443756e-01	7.458467e-01
	7.475066e-01	7.493546e-01	7.513408e-01	7.533707e-01	7.552950e-01
	7.570003e-01	7.584732e-01	7.597477e-01	7.608509e-01	7.617993e-01
	7.626119e-01	7.633113e-01	7.639190e-01	7.644515e-01	7.649179e-01
	7.653234e-01	7.656719e-01	7.659671e-01	7.662136e-01	7.664163e-01
	7.665802e-01	7.667106e-01	7.668125e-01	7.668906e-01	7.669494e-01
	7.669926e-01	7.670239e-01	7.670462e-01	7.670617e-01	7.670724e-01
	7.670796e-01
massfraction-O2
	1.000000e-60	2.653960e-06	8.281059e-06	1.931741e-05	3.926433e-05
	7.270240e-05	1.250440e-04	2.020398e-04	3.092598e-04	4.515743e-04
	6.325583e-04	8.546946e-04	1.120350e-03	1.431293e-03	1.788111e-03
	2.190446e-03	2.636713e-03	3.124957e-03	3.653805e-03	4.221625e-03
	4.826198e-03	5.465085e-03	6.135354e-03	6.833525e-03	7.555356e-03
	8.295136e-03	9.044604e-03	9.792182e-03	1.052620e-02	1.124099e-02
	1.193823e-02	1.262277e-02	1.329840e-02	1.396650e-02	1.462688e-02
	1.527866e-02	1.592108e-02	1.655307e-02	1.717304e-02	1.777823e-02
	1.836585e-02	1.893365e-02	1.947969e-02	2.000248e-02	2.050177e-02
	2.097834e-02	2.143291e-02	2.186611e-02	2.227856e-02	2.267065e-02
	2.304249e-02	2.339462e-02	2.372802e-02	2.404375e-02	2.434288e-02
	2.462665e-02	2.489638e-02	2.515349e-02	2.539949e-02	2.563603e-02
	2.586496e-02	2.608824e-02	2.630794e-02	2.652621e-02	2.674538e-02
	2.696802e-02	2.719682e-02	2.743468e-02	2.768391e-02	2.794568e-02
	2.822060e-02	2.850936e-02	2.881278e-02	2.913226e-02	2.947039e-02
	2.983064e-02	3.021664e-02	3.063216e-02	3.108157e-02	3.156981e-02
	3.210182e-02	3.268227e-02	3.331637e-02	3.401171e-02	3.477940e-02
	3.563208e-02	3.657860e-02	3.762020e-02	3.875411e-02	3.998214e-02
	4.131366e-02	4.275778e-02	4.431448e-02	4.597788e-02	4.774798e-02
	4.963661e-02	5.166386e-02	5.385301e-02	5.622659e-02	5.881094e-02
	6.166212e-02	6.483868e-02	6.835696e-02	7.231876e-02	7.686904e-02
	8.204410e-02	8.805571e-02	9.520843e-02	1.035903e-01	1.133723e-01
	1.248906e-01	1.381248e-01	1.524998e-01	1.669098e-01	1.799355e-01
	1.907534e-01	1.994215e-01	2.063354e-01	2.118362e-01	2.161856e-01
	2.196232e-01	2.223626e-01	2.245740e-01	2.263781e-01	2.278519e-01
	2.290475e-01	2.300058e-01	2.307627e-01	2.313510e-01	2.318003e-01
	2.321371e-01	2.323844e-01	2.325622e-01	2.326871e-01	2.327727e-01
	2.328299e-01	2.328673e-01	2.328911e-01	2.329060e-01	2.329150e-01
	2.329204e-01
massfraction-H
	1.000000e-60	4.202818e-17	9.306985e-17	1.535234e-16	2.253118e-16
	3.142919e-16	4.329638e-16	6.046770e-16	8.713226e-16	1.307779e-15
	2.048563e-15	3.340178e-15	5.647778e-15	9.855774e-15	1.764434e-14
	3.220523e-14	5.954603e-14	1.109182e-13	2.073840e-13	3.879710e-13
	7.239865e-13	1.343884e-12	2.474474e-12	4.506589e-12	8.093005e-12
	1.427699e-11	2.461972e-11	4.124126e-11	6.676143e-11	1.043762e-10
	1.582293e-10	2.338719e-10	3.385992e-10	4.818161e-10	6.757913e-10
	9.370442e-10	1.288696e-09	1.763782e-09	2.408934e-09	3.288906e-09
	4.493032e-09	6.143857e-09	8.406958e-09	1.150458e-08	1.574238e-08
	2.154862e-08	2.952083e-08	4.049265e-08	5.563138e-08	7.655625e-08
	1.054862e-07	1.454875e-07	2.008279e-07	2.773965e-07	3.832892e-07
	5.296380e-07	7.316077e-07	1.009372e-06	1.388591e-06	1.899635e-06
	2.575084e-06	3.445749e-06	4.536398e-06	5.863207e-06	7.434605e-06
	9.253704e-06	1.132100e-05	1.363651e-05	1.619319e-05	1.896933e-05
	2.193487e-05	2.506004e-05	2.831747e-05	3.168766e-05	3.516439e-05
	3.874966e-05	4.244416e-05	4.624575e-05	5.015285e-05	5.416255e-05
	5.826476e-05	6.244063e-05	6.666910e-05	7.093681e-05	7.523911e-05
	7.956227e-05	8.385822e-05	8.804258e-05	9.202821e-05	9.575969e-05
	9.920957e-05	1.023475e-04	1.051285e-04	1.075142e-04	1.094916e-04
	1.110653e-04	1.122396e-04	1.130102e-04	1.133637e-04	1.132801e-04
	1.127252e-04	1.116433e-04	1.099845e-04	1.076508e-04	1.044829e-04
	1.003781e-04	9.508479e-05	8.823043e-05	7.965871e-05	6.922018e-05
	5.674416e-05	4.274718e-05	2.870731e-05	1.669698e-05	8.371547e-06
	3.702862e-06	1.478852e-06	5.392862e-07	1.817586e-07	5.793559e-08
	1.807306e-08	5.797461e-09	2.037337e-09	8.238740e-10	3.821081e-10
	1.942951e-10	1.036431e-10	5.648708e-11	3.101025e-11	1.699393e-11
	9.229865e-12	4.935377e-12	2.580684e-12	1.309671e-12	6.389669e-13
	2.956156e-13	1.267841e-13	4.829231e-14	1.486140e-14	2.821229e-15
	1.000000e-60
massfraction-OH
	1.000000e-60	4.543618e-20	3.194080e-19	1.525638e-18	5.897125e-18
	1.967504e-17	5.852134e-17	1.584384e-16	3.969091e-16	9.325620e-16
	2.076303e-15	4.421179e-15	9.091293e-15	1.818454e-14	3.553163e-14
	6.799958e-14	1.275951e-13	2.349662e-13	4.253444e-13	7.578001e-13
	1.329550e-12	2.298338e-12	3.915759e-12	6.576316e-12	1.088680e-11
	1.775452e-11	2.847580e-11	4.477828e-11	6.885891e-11	1.036483e-10
	1.534229e-10	2.246452e-10	3.269881e-10	4.748138e-10	6.896054e-10
	1.003926e-09	1.467953e-09	2.159747e-09	3.199581e-09	4.771071e-09
	7.153168e-09	1.076838e-08	1.625142e-08	2.455070e-08	3.709905e-08
	5.607577e-08	8.476426e-08	1.280670e-07	1.932611e-07	2.909981e-07
	4.365994e-07	6.520305e-07	9.687095e-07	1.430946e-06	2.100553e-06
	3.063333e-06	4.437585e-06	6.384731e-06	9.120718e-06	1.292391e-05
	1.813342e-05	2.513270e-05	3.431920e-05	4.607292e-05	6.074398e-05
	7.865472e-05	1.001117e-04	1.254206e-04	1.548083e-04	1.883090e-04
	2.258054e-04	2.671213e-04	3.120561e-04	3.604734e-04	4.124091e-04
	4.680318e-04	5.275134e-04	5.910041e-04	6.586889e-04	7.307609e-04
	8.073149e-04	8.882998e-04	9.736274e-04	1.063383e-03	1.157892e-03
	1.257366e-03	1.361260e-03	1.468020e-03	1.575708e-03	1.682908e-03
	1.788787e-03	1.892291e-03	1.991630e-03	2.084836e-03	2.170534e-03
	2.247955e-03	2.316420e-03	2.374983e-03	2.422330e-03	2.456940e-03
	2.477174e-03	2.480588e-03	2.464454e-03	2.425552e-03	2.359104e-03
	2.261743e-03	2.127422e-03	1.947883e-03	1.722680e-03	1.454587e-03
	1.149750e-03	8.350568e-04	5.553639e-04	3.466028e-04	2.103337e-04
	1.245284e-04	7.162736e-05	4.095979e-05	2.428146e-05	1.537073e-05
	1.040739e-05	7.425473e-06	5.485627e-06	4.138228e-06	3.159103e-06
	2.426792e-06	1.868704e-06	1.438024e-06	1.102835e-06	8.405936e-07
	6.350024e-07	4.740195e-07	3.485360e-07	2.514731e-07	1.771802e-07
	1.210414e-07	7.923320e-08	4.857908e-08	2.647405e-08	1.084640e-08
	1.000000e-60
massfraction-O
	1.000000e-60	4.842800e-20	1.331006e-19	2.705499e-19	4.802235e-19
	7.922955e-19	1.265209e-18	2.017918e-18	3.289563e-18	5.555130e-18
	9.754685e-18	1.777184e-17	3.346835e-17	6.481579e-17	1.282320e-16
	2.573812e-16	5.203066e-16	1.052696e-15	2.122131e-15	4.245292e-15
	8.393146e-15	1.633680e-14	3.118904e-14	5.819191e-14	1.057519e-13
	1.865907e-13	3.186570e-13	5.253063e-13	8.359122e-13	1.291073e-12
	1.955282e-12	2.937169e-12	4.419761e-12	6.708540e-12	1.031045e-11
	1.606354e-11	2.535504e-11	4.048500e-11	6.522823e-11	1.057111e-10
	1.717806e-10	2.791210e-10	4.523592e-10	7.296942e-10	1.170622e-09
	1.868401e-09	2.968683e-09	4.698330e-09	7.410423e-09	1.164962e-08
	1.824516e-08	2.845678e-08	4.419566e-08	6.832901e-08	1.051153e-07
	1.608291e-07	2.445884e-07	3.693321e-07	5.527263e-07	8.175692e-07
	1.191292e-06	1.704479e-06	2.388890e-06	3.276139e-06	4.398372e-06
	5.790283e-06	7.491886e-06	9.551606e-06	1.202179e-05	1.494970e-05
	1.837955e-05	2.235907e-05	2.694169e-05	3.219563e-05	3.821926e-05
	4.514440e-05	5.312780e-05	6.235265e-05	7.304248e-05	8.546606e-05
	9.992642e-05	1.167525e-04	1.363197e-04	1.591111e-04	1.857732e-04
	2.170621e-04	2.536255e-04	2.957737e-04	3.435315e-04	3.969602e-04
	4.563021e-04	5.216274e-04	5.923881e-04	6.675535e-04	7.461804e-04
	8.276879e-04	9.116392e-04	9.974442e-04	1.084152e-03	1.170588e-03
	1.256030e-03	1.338977e-03	1.416186e-03	1.485617e-03	1.544148e-03
	1.585768e-03	1.604617e-03	1.591333e-03	1.534272e-03	1.421665e-03
	1.240448e-03	9.898941e-04	7.002757e-04	4.338103e-04	2.453817e-04
	1.359651e-04	7.726264e-05	4.608935e-05	2.930983e-05	1.996190e-05
	1.443084e-05	1.090277e-05	8.476817e-06	6.699690e-06	5.337795e-06
	4.263171e-06	3.399568e-06	2.698145e-06	2.125533e-06	1.657742e-06
	1.276785e-06	9.686024e-07	7.217300e-07	5.264401e-07	3.742243e-07
	2.575156e-07	1.695783e-07	1.044893e-07	5.718362e-08	2.351322e-08
	1.000000e-60
massfraction-H2
	1.000000e-60	1.487221e-05	3.460817e-05	5.949808e-05	8.938394e-05
	1.238608e-04	1.623300e-04	2.040513e-04	2.482527e-04	2.941849e-04
	3.411114e-04	3.884554e-04	4.359275e-04	4.833065e-04	5.303391e-04
	5.767931e-04	6.224255e-04	6.670676e-04	7.106699e-04	7.531903e-04
	7.945703e-04	8.347628e-04	8.737139e-04	9.113630e-04	9.476367e-04
	9.824219e-04	1.015533e-03	1.046700e-03	1.075716e-03	1.102637e-03
	1.127771e-03	1.151484e-03	1.174058e-03	1.195664e-03	1.216410e-03
	1.236375e-03	1.255645e-03	1.274276e-03	1.292324e-03	1.309801e-03
	1.326714e-03	1.343079e-03	1.358911e-03	1.374222e-03	1.389050e-03
	1.403447e-03	1.417451e-03	1.431084e-03	1.444351e-03	1.457231e-03
	1.469675e-03	1.481623e-03	1.493005e-03	1.503729e-03	1.513672e-03
	1.522693e-03	1.530629e-03	1.537305e-03	1.542540e-03	1.546167e-03
	1.548046e-03	1.548081e-03	1.546228e-03	1.542498e-03	1.536943e-03
	1.529628e-03	1.520617e-03	1.509961e-03	1.497725e-03	1.484035e-03
	1.469057e-03	1.452947e-03	1.435850e-03	1.417862e-03	1.399002e-03
	1.379234e-03	1.358519e-03	1.336822e-03	1.314093e-03	1.290276e-03
	1.265340e-03	1.239293e-03	1.212141e-03	1.183822e-03	1.154181e-03
	1.123076e-03	1.090570e-03	1.056997e-03	1.022780e-03	9.881492e-04
	9.531147e-04	9.177217e-04	8.822371e-04	8.470067e-04	8.121943e-04
	7.777270e-04	7.434339e-04	7.091681e-04	6.748676e-04	6.404843e-04
	6.056908e-04	5.703142e-04	5.347555e-04	4.986607e-04	4.616411e-04
	4.244536e-04	3.868083e-04	3.485174e-04	3.110338e-04	2.754398e-04
	2.424334e-04	2.135117e-04	1.896661e-04	1.703479e-04	1.542824e-04
	1.404690e-04	1.282881e-04	1.173384e-04	1.074216e-04	9.844710e-05
	9.029977e-05	8.282082e-05	7.583844e-05	6.921167e-05	6.286291e-05
	5.676456e-05	5.091333e-05	4.531646e-05	3.998395e-05	3.492633e-05
	3.015485e-05	2.568171e-05	2.151960e-05	1.768038e-05	1.417341e-05
	1.100371e-05	8.170509e-06	5.666473e-06	3.479220e-06	1.596994e-06
	1.000000e-60
massfraction-H2O
	1.000000e-60	1.696944e-05	5.225130e-05	1.201611e-04	2.407288e-04
	4.394581e-04	7.455911e-04	1.189075e-03	1.797556e-03	2.593534e-03
	3.591243e-03	4.798094e-03	6.220132e-03	7.859439e-03	9.711260e-03
	1.176567e-02	1.400652e-02	1.641622e-02	1.898057e-02	2.168451e-02
	2.451083e-02	2.744213e-02	3.045972e-02	3.354358e-02	3.667171e-02
	3.981745e-02	4.294548e-02	4.600958e-02	4.896637e-02	5.179895e-02
	5.451974e-02	5.715250e-02	5.971557e-02	6.221752e-02	6.466071e-02
	6.704501e-02	6.937085e-02	7.163743e-02	7.384237e-02	7.597920e-02
	7.804138e-02	8.002417e-02	8.192375e-02	8.373742e-02	8.546642e-02
	8.711485e-02	8.868619e-02	9.018282e-02	9.160653e-02	9.295754e-02
	9.423447e-02	9.543651e-02	9.656374e-02	9.761576e-02	9.859169e-02
	9.949081e-02	1.003126e-01	1.010571e-01	1.017251e-01	1.023184e-01
	1.028404e-01	1.032953e-01	1.036881e-01	1.040242e-01	1.043095e-01
	1.045495e-01	1.047489e-01	1.049120e-01	1.050413e-01	1.051387e-01
	1.052059e-01	1.052449e-01	1.052576e-01	1.052457e-01	1.052105e-01
	1.051526e-01	1.050720e-01	1.049683e-01	1.048405e-01	1.046874e-01
	1.045076e-01	1.042995e-01	1.040615e-01	1.037911e-01	1.034841e-01
	1.031357e-01	1.027429e-01	1.023056e-01	1.018260e-01	1.013044e-01
	1.007377e-01	1.001232e-01	9.946193e-02	9.875725e-02	9.801001e-02
	9.721594e-02	9.636727e-02	9.545491e-02	9.447007e-02	9.340235e-02
	9.222905e-02	9.092639e-02	8.948755e-02	8.787015e-02	8.601321e-02
	8.389813e-02	8.143125e-02	7.847384e-02	7.496476e-02	7.079124e-02
	6.573900e-02	5.970263e-02	5.279572e-02	4.542009e-02	3.828328e-02
	3.195279e-02	2.656205e-02	2.201287e-02	1.819628e-02	1.502265e-02
	1.239098e-02	1.019592e-02	8.344723e-03	6.769185e-03	5.427539e-03
	4.293626e-03	3.346847e-03	2.567863e-03	1.937130e-03	1.435050e-03
	1.042557e-03	7.416270e-04	5.156332e-04	3.496007e-04	2.303828e-04
	1.467637e-04	8.947671e-05	5.112528e-05	2.602951e-05	1.000748e-05
	1.000000e-60
massfraction-HO2
	1.000000e-60	1.622263e-09	5.071427e-09	1.185424e-08	2.414455e-08
	4.479760e-08	7.720282e-08	1.249835e-07	1.916794e-07	2.804276e-07
	3.935939e-07	5.328973e-07	7.000229e-07	8.963219e-07	1.122439e-06
	1.378452e-06	1.663676e-06	1.977198e-06	2.318477e-06	2.686807e-06
	3.081092e-06	3.500068e-06	3.942111e-06	4.405173e-06	4.886599e-06
	5.382607e-06	5.887466e-06	6.392887e-06	6.890138e-06	7.374223e-06
	7.844812e-06	8.303346e-06	8.749978e-06	9.182567e-06	9.597090e-06
	9.988174e-06	1.034949e-05	1.067336e-05	1.095085e-05	1.117176e-05
	1.132586e-05	1.140405e-05	1.139943e-05	1.130882e-05	1.113372e-05
	1.088082e-05	1.056269e-05	1.019821e-05	9.811946e-06	9.432829e-06
	9.091729e-06	8.817596e-06	8.634485e-06	8.559796e-06	8.602798e-06
	8.763860e-06	9.034275e-06	9.396492e-06	9.825167e-06	1.028952e-05
	1.075713e-05	1.119840e-05	1.159025e-05	1.191829e-05	1.217682e-05
	1.236695e-05	1.249406e-05	1.256580e-05	1.259058e-05	1.257734e-05
	1.253533e-05	1.247327e-05	1.239882e-05	1.231821e-05	1.223619e-05
	1.215644e-05	1.208202e-05	1.201564e-05	1.195970e-05	1.191643e-05
	1.188797e-05	1.187639e-05	1.188350e-05	1.191109e-05	1.196115e-05
	1.203597e-05	1.213750e-05	1.226634e-05	1.242178e-05	1.260318e-05
	1.281099e-05	1.304579e-05	1.330701e-05	1.359337e-05	1.390514e-05
	1.424543e-05	1.461990e-05	1.503611e-05	1.550310e-05	1.603256e-05
	1.664497e-05	1.736548e-05	1.821377e-05	1.923506e-05	2.049641e-05
	2.204632e-05	2.400048e-05	2.654121e-05	2.982435e-05	3.410566e-05
	3.986310e-05	4.764894e-05	5.781987e-05	6.963346e-05	7.983622e-05
	8.371446e-05	7.809941e-05	6.381438e-05	4.599800e-05	3.023603e-05
	1.889603e-05	1.161114e-05	7.159768e-06	4.474174e-06	2.844987e-06
	1.841816e-06	1.211689e-06	8.073503e-07	5.425129e-07	3.658843e-07
	2.464052e-07	1.648427e-07	1.089753e-07	7.080896e-08	4.495495e-08
	2.767853e-08	1.633808e-08	9.047925e-09	4.469347e-09	1.669921e-09
	1.000000e-60
massfraction-H2O2
	1.000000e-60	8.486453e-11	2.657632e-10	6.222969e-10	1.269377e-09
	2.357442e-09	4.063194e-09	6.570855e-09	1.005111e-08	1.463921e-08
	2.041102e-08	2.738666e-08	3.555935e-08	4.487855e-08	5.523331e-08
	6.646406e-08	7.836120e-08	9.069641e-08	1.032500e-07	1.157897e-07
	1.280680e-07	1.398343e-07	1.508340e-07	1.608134e-07	1.695249e-07
	1.767305e-07	1.822163e-07	1.858250e-07	1.875080e-07	1.873233e-07
	1.853556e-07	1.816520e-07	1.762195e-07	1.690556e-07	1.601693e-07
	1.495917e-07	1.373814e-07	1.236391e-07	1.085709e-07	9.253534e-08
	7.607367e-08	5.991281e-08	4.492356e-08	3.197000e-08	2.166665e-08
	1.420120e-08	9.306050e-09	6.387740e-09	4.766782e-09	3.886492e-09
	3.391286e-09	3.095483e-09	2.915892e-09	2.817936e-09	2.786296e-09
	2.812402e-09	2.889876e-09	3.013220e-09	3.178250e-09	3.384030e-09
	3.636241e-09	3.951497e-09	4.361659e-09	4.917304e-09	5.690399e-09
	6.776477e-09	8.297343e-09	1.040513e-08	1.327872e-08	1.710883e-08
	2.209038e-08	2.842407e-08	3.631687e-08	4.599817e-08	5.775498e-08
	7.194981e-08	8.901151e-08	1.094422e-07	1.338534e-07	1.629871e-07
	1.977014e-07	2.389636e-07	2.879224e-07	3.460999e-07	4.156062e-07
	4.991086e-07	5.993723e-07	7.187237e-07	8.592143e-07	1.023619e-06
	1.216117e-06	1.441486e-06	1.703614e-06	2.005558e-06	2.351491e-06
	2.748398e-06	3.206198e-06	3.737310e-06	4.356181e-06	5.080921e-06
	5.942348e-06	6.979263e-06	8.224177e-06	9.749650e-06	1.166597e-05
	1.405933e-05	1.711374e-05	2.107827e-05	2.600981e-05	3.172505e-05
	3.754512e-05	4.188189e-05	4.324031e-05	4.175646e-05	3.854750e-05
	3.440510e-05	2.985856e-05	2.530647e-05	2.105245e-05	1.730408e-05
	1.412455e-05	1.146723e-05	9.245084e-06	7.379056e-06	5.815014e-06
	4.515736e-06	3.450635e-06	2.591301e-06	1.910012e-06	1.379933e-06
	9.757556e-07	6.742120e-07	4.544283e-07	2.981468e-07	1.898458e-07
	1.167439e-07	6.868292e-08	3.788898e-08	1.865132e-08	6.950807e-09
	1.000000e-60
massfraction-CO
	1.000000e-60	4.261001e-06	1.337224e-05	3.138703e-05	6.419552e-05
	1.195856e-04	2.068599e-04	3.360202e-04	5.168814e-04	7.581651e-04
	1.066447e-03	1.446455e-03	1.902719e-03	2.438741e-03	3.055969e-03
	3.754189e-03	4.531007e-03	5.383328e-03	6.309023e-03	7.305460e-03
	8.368940e-03	9.495317e-03	1.067953e-02	1.191548e-02	1.319567e-02
	1.450991e-02	1.584340e-02	1.717535e-02	1.848469e-02	1.976102e-02
	2.100706e-02	2.223124e-02	2.344011e-02	2.463598e-02	2.581832e-02
	2.698537e-02	2.813557e-02	2.926683e-02	3.037608e-02	3.145822e-02
	3.250804e-02	3.352132e-02	3.449439e-02	3.542435e-02	3.631052e-02
	3.715391e-02	3.795544e-02	3.871568e-02	3.943506e-02	4.011342e-02
	4.074996e-02	4.134437e-02	4.189689e-02	4.240767e-02	4.287672e-02
	4.330420e-02	4.369046e-02	4.403610e-02	4.434217e-02	4.461029e-02
	4.484260e-02	4.504174e-02	4.521057e-02	4.535205e-02	4.546909e-02
	4.556434e-02	4.563995e-02	4.569752e-02	4.573796e-02	4.576171e-02
	4.576911e-02	4.576052e-02	4.573620e-02	4.569621e-02	4.564023e-02
	4.556737e-02	4.547635e-02	4.536550e-02	4.523270e-02	4.507535e-02
	4.489056e-02	4.467535e-02	4.442640e-02	4.413929e-02	4.380788e-02
	4.342502e-02	4.298518e-02	4.248678e-02	4.193103e-02	4.131776e-02
	4.064372e-02	3.990648e-02	3.910908e-02	3.825848e-02	3.735935e-02
	3.641100e-02	3.540951e-02	3.435081e-02	3.323282e-02	3.205363e-02
	3.080076e-02	2.946530e-02	2.806006e-02	2.656810e-02	2.496705e-02
	2.328229e-02	2.149067e-02	1.956430e-02	1.755089e-02	1.547833e-02
	1.334528e-02	1.120891e-02	9.164354e-03	7.313705e-03	5.757938e-03
	4.526771e-03	3.570375e-03	2.822035e-03	2.233469e-03	1.771246e-03
	1.407326e-03	1.117980e-03	8.846904e-04	6.944737e-04	5.390618e-04
	4.128934e-04	3.116085e-04	2.314291e-04	1.689369e-04	1.210419e-04
	8.499696e-05	5.840157e-05	3.919390e-05	2.563520e-05	1.629102e-05
	1.000820e-05	5.887264e-06	3.249444e-06	1.601160e-06	5.974302e-07
	1.000000e-60
massfraction-CO2
	1.000000e-60	1.539478e-06	5.358475e-06	1.406316e-05	3.219292e-05
	6.688138e-05	1.282355e-04	2.291840e-04	3.848544e-04	6.114850e-04
	9.247562e-04	1.339196e-03	1.869386e-03	2.528793e-03	3.328056e-03
	4.274919e-03	5.373083e-03	6.623947e-03	8.029172e-03	9.588721e-03
	1.129995e-02	1.315855e-02	1.515778e-02	1.728818e-02	1.953692e-02
	2.188533e-02	2.430519e-02	2.675576e-02	2.919412e-02	3.159626e-02
	3.396299e-02	3.630676e-02	3.863718e-02	4.095612e-02	4.326007e-02
	4.554317e-02	4.779993e-02	5.002393e-02	5.220677e-02	5.433621e-02
	5.639996e-02	5.838793e-02	6.029146e-02	6.210375e-02	6.382274e-02
	6.544998e-02	6.698711e-02	6.843531e-02	6.979582e-02	7.106899e-02
	7.225428e-02	7.335229e-02	7.436498e-02	7.529424e-02	7.614194e-02
	7.691037e-02	7.760219e-02	7.822051e-02	7.876913e-02	7.925261e-02
	7.967620e-02	8.004569e-02	8.036698e-02	8.064591e-02	8.088814e-02
	8.109880e-02	8.128233e-02	8.144234e-02	8.158127e-02	8.170054e-02
	8.180128e-02	8.188469e-02	8.195192e-02	8.200406e-02	8.204204e-02
	8.206643e-02	8.207735e-02	8.207454e-02	8.205743e-02	8.202511e-02
	8.197637e-02	8.190985e-02	8.182392e-02	8.171644e-02	8.158430e-02
	8.142363e-02	8.123085e-02	8.100385e-02	8.074162e-02	8.044229e-02
	8.010201e-02	7.971661e-02	7.928415e-02	7.880440e-02	7.827557e-02
	7.769212e-02	7.704533e-02	7.632459e-02	7.551857e-02	7.461367e-02
	7.358432e-02	7.240159e-02	7.105045e-02	6.948115e-02	6.762174e-02
	6.544078e-02	6.283019e-02	5.963387e-02	5.579064e-02	5.121146e-02
	4.574451e-02	3.943425e-02	3.262186e-02	2.590522e-02	1.999036e-02
	1.524303e-02	1.158555e-02	8.787413e-03	6.654420e-03	5.039543e-03
	3.818111e-03	2.887741e-03	2.171109e-03	1.614689e-03	1.183424e-03
	8.526865e-04	6.029961e-04	4.179724e-04	2.836215e-04	1.881497e-04
	1.218504e-04	7.692820e-05	4.727636e-05	2.823533e-05	1.635174e-05
	9.147012e-06	4.903295e-06	2.473162e-06	1.119420e-06	3.867091e-07
	1.000000e-60
massfraction-CH
	1.000000e-60	1.000000e-60	1.000000e-60	1.000000e-60	1.000000e-60
	1.000000e-60	1.000000e-60	1.000000e-60	1.000000e-60	1.000000e-60
	1.000000e-60	1.536731e-27	2.287300e-27	1.000000e-60	1.000000e-60
	7.545020e-27	1.871200e-26	7.170723e-26	2.874013e-25	1.290142e-24
	5.505357e-24	2.442186e-23	1.066586e-22	4.551285e-22	1.885016e-21
	7.494532e-21	2.823762e-20	9.926230e-20	3.213871e-19	9.567431e-19
	2.643275e-18	6.866737e-18	1.695647e-17	4.010710e-17	9.142925e-17
	2.021077e-16	4.361658e-16	9.253589e-16	1.940411e-15	4.035269e-15
	8.337361e-15	1.712636e-14	3.496278e-14	7.087035e-14	1.426781e-13
	2.857394e-13	5.702382e-13	1.135818e-12	2.261483e-12	4.505140e-12
	8.980187e-12	1.791544e-11	3.579612e-11	7.166416e-11	1.437738e-10
	2.890270e-10	5.817739e-10	1.169936e-09	2.339866e-09	4.620749e-09
	8.928221e-09	1.672148e-08	3.011933e-08	5.192194e-08	8.554213e-08
	1.348753e-07	2.041486e-07	2.977712e-07	4.197839e-07	5.729166e-07
	7.582258e-07	9.752575e-07	1.222187e-06	1.496404e-06	1.795298e-06
	2.116123e-06	2.455185e-06	2.807602e-06	3.167540e-06	3.527976e-06
	3.880166e-06	4.213707e-06	4.517437e-06	4.780372e-06	4.991509e-06
	5.138735e-06	5.209278e-06	5.193365e-06	5.088009e-06	4.896586e-06
	4.625998e-06	4.286687e-06	3.894731e-06	3.470243e-06	3.032202e-06
	2.595580e-06	2.172330e-06	1.772936e-06	1.406987e-06	1.081926e-06
	8.005990e-07	5.656899e-07	3.803279e-07	2.401149e-07	1.397107e-07
	7.438435e-08	3.524849e-08	1.430910e-08	4.903563e-09	1.381198e-09
	3.047999e-10	5.167552e-11	6.829489e-12	7.290046e-13	6.712467e-14
	5.655418e-15	4.428096e-16	3.230821e-17	2.273666e-18	1.641205e-19
	1.286455e-20	1.151379e-21	1.239244e-22	1.666202e-23	2.779555e-24
	5.507605e-25	1.241769e-25	3.099395e-26	8.400319e-27	2.434321e-27
	7.334179e-28	2.241319e-28	7.109374e-29	2.108936e-29	5.050869e-30
	1.100174e-30	3.450238e-31	2.381533e-31	1.000000e-60	3.541444e-32
	1.000000e-60
massfraction-CHO
	1.000000e-60	8.129985e-19	2.813845e-18	7.102954e-18	1.520883e-17
	2.930373e-17	5.317882e-17	9.478265e-17	1.715618e-16	3.210242e-16
	6.215551e-16	1.235092e-15	2.497836e-15	5.104640e-15	1.047653e-14
	2.149229e-14	4.389354e-14	8.901030e-14	1.790972e-13	3.573548e-13
	7.063545e-13	1.381220e-12	2.665791e-12	5.060034e-12	9.395477e-12
	1.693372e-11	2.931604e-11	4.815661e-11	7.432873e-11	1.075267e-10
	1.464490e-10	1.892848e-10	2.342715e-10	2.803120e-10	3.274505e-10
	3.769984e-10	4.314429e-10	4.943260e-10	5.701706e-10	6.645796e-10
	7.846268e-10	9.395088e-10	1.141267e-09	1.405939e-09	1.755895e-09
	2.223093e-09	2.852848e-09	3.709098e-09	4.881877e-09	6.495880e-09
	8.720265e-09	1.178425e-08	1.599810e-08	2.177550e-08	2.966447e-08
	4.039356e-08	5.493144e-08	7.455580e-08	1.009123e-07	1.360245e-07
	1.822206e-07	2.419695e-07	3.176682e-07	4.114848e-07	5.253753e-07
	6.611846e-07	8.207749e-07	1.006137e-06	1.218799e-06	1.459004e-06
	1.725978e-06	2.018531e-06	2.335223e-06	2.674931e-06	3.037541e-06
	3.423598e-06	3.833326e-06	4.266369e-06	4.722071e-06	5.199143e-06
	5.694795e-06	6.204312e-06	6.721643e-06	7.240429e-06	7.753788e-06
	8.251638e-06	8.717514e-06	9.129348e-06	9.465042e-06	9.706931e-06
	9.840789e-06	9.853760e-06	9.736985e-06	9.489681e-06	9.118144e-06
	8.631657e-06	8.041035e-06	7.359950e-06	6.606972e-06	5.804539e-06
	4.971368e-06	4.132427e-06	3.327689e-06	2.578710e-06	1.905913e-06
	1.343086e-06	8.950712e-07	5.604534e-07	3.357524e-07	1.974289e-07
	1.169821e-07	7.110073e-08	4.238874e-08	2.192923e-08	8.891544e-09
	2.885072e-09	8.092296e-10	2.083178e-10	5.237043e-11	1.402732e-11
	4.373670e-12	1.643053e-12	7.148826e-13	3.378426e-13	1.656971e-13
	8.237569e-14	4.102443e-14	2.032099e-14	9.953298e-15	4.793133e-15
	2.256080e-15	1.031703e-15	4.555142e-16	1.928508e-16	7.763948e-17
	2.936730e-17	1.022393e-17	3.142485e-18	7.716464e-19	1.090334e-19
	1.000000e-60
massfraction-CH2
	1.000000e-60	3.002926e-21	6.225782e-21	9.620882e-21	1.334677e-20
	1.789364e-20	2.425923e-20	3.435425e-20	5.196823e-20	8.503370e-20
	1.509252e-19	2.894728e-19	5.965306e-19	1.310559e-18	3.038587e-18
	7.353230e-18	1.835367e-17	4.675171e-17	1.205882e-16	3.127988e-16
	8.106742e-16	2.087231e-15	5.310118e-15	1.328031e-14	3.248105e-14
	7.723248e-14	1.771964e-13	3.886232e-13	8.085651e-13	1.595029e-12
	3.002103e-12	5.436757e-12	9.538151e-12	1.628561e-11	2.715809e-11
	4.438336e-11	7.134658e-11	1.132369e-10	1.779536e-10	2.773755e-10
	4.291875e-10	6.594533e-10	1.005973e-09	1.522925e-09	2.288793e-09
	3.418643e-09	5.080892e-09	7.522331e-09	1.110636e-08	1.636577e-08
	2.407625e-08	3.537682e-08	5.195447e-08	7.629881e-08	1.120757e-07
	1.646724e-07	2.419093e-07	3.548283e-07	5.182670e-07	7.506900e-07
	1.072761e-06	1.504547e-06	2.061981e-06	2.754010e-06	3.581861e-06
	4.539792e-06	5.616496e-06	6.796445e-06	8.057006e-06	9.366020e-06
	1.068728e-05	1.198646e-05	1.323314e-05	1.440313e-05	1.547920e-05
	1.644755e-05	1.729413e-05	1.800469e-05	1.856581e-05	1.896463e-05
	1.918892e-05	1.922873e-05	1.907786e-05	1.873321e-05	1.819257e-05
	1.745573e-05	1.653202e-05	1.544772e-05	1.424208e-05	1.295396e-05
	1.161563e-05	1.026011e-05	8.927308e-06	7.655934e-06	6.471784e-06
	5.386832e-06	4.406252e-06	3.533394e-06	2.771155e-06	2.119592e-06
	1.571805e-06	1.123074e-06	7.718129e-07	5.048397e-07	3.097477e-07
	1.776878e-07	9.337152e-08	4.374258e-08	1.818395e-08	6.628489e-09
	2.073097e-09	5.624168e-10	1.384130e-10	3.274365e-11	7.861925e-12
	1.950438e-12	4.913387e-13	1.242456e-13	3.217747e-14	8.848426e-15
	2.642011e-15	8.585927e-16	3.009646e-16	1.127373e-16	4.500624e-17
	1.918526e-17	8.750110e-18	4.267637e-18	2.216813e-18	1.217415e-18
	6.999111e-19	4.164621e-19	2.533169e-19	1.554644e-19	9.490505e-20
	5.664724e-20	3.225568e-20	1.676916e-20	7.203789e-21	1.848444e-21
	1.000000e-60
massfraction-CH2O
	1.000000e-60	2.653495e-08	9.435657e-08	2.534379e-07	5.938683e-07
	1.261904e-06	2.471308e-06	4.503779e-06	7.698131e-06	1.242737e-05
	1.906079e-05	2.794650e-05	3.943302e-05	5.384096e-05	7.142206e-05
	9.235428e-05	1.167145e-04	1.445167e-04	1.757697e-04	2.104353e-04
	2.484093e-04	2.895451e-04	3.336385e-04	3.804251e-04	4.295682e-04
	4.806108e-04	5.328996e-04	5.855297e-04	6.375744e-04	6.885324e-04
	7.384380e-04	7.875696e-04	8.361411e-04	8.842019e-04	9.316903e-04
	9.784972e-04	1.024521e-03	1.069640e-03	1.113690e-03	1.156424e-03
	1.197585e-03	1.236949e-03	1.274304e-03	1.309452e-03	1.342263e-03
	1.372645e-03	1.400468e-03	1.425553e-03	1.447681e-03	1.466585e-03
	1.481963e-03	1.493538e-03	1.501078e-03	1.504406e-03	1.503451e-03
	1.498287e-03	1.489172e-03	1.476567e-03	1.461122e-03	1.443629e-03
	1.424941e-03	1.405882e-03	1.387164e-03	1.369337e-03	1.352760e-03
	1.337625e-03	1.323995e-03	1.311848e-03	1.301134e-03	1.291794e-03
	1.283716e-03	1.276727e-03	1.270617e-03	1.265146e-03	1.260050e-03
	1.255053e-03	1.249868e-03	1.244187e-03	1.237662e-03	1.229899e-03
	1.220454e-03	1.208845e-03	1.194535e-03	1.176898e-03	1.155167e-03
	1.128473e-03	1.096068e-03	1.057584e-03	1.013056e-03	9.626296e-04
	9.064048e-04	8.447620e-04	7.787638e-04	7.099630e-04	6.397992e-04
	5.693263e-04	4.994179e-04	4.310097e-04	3.652114e-04	3.031186e-04
	2.452976e-04	1.925959e-04	1.464800e-04	1.070727e-04	7.442018e-05
	4.912409e-05	3.040981e-05	1.739661e-05	9.265651e-06	4.632407e-06
	2.191278e-06	1.012517e-06	4.746810e-07	2.310154e-07	1.198764e-07
	6.820032e-08	4.252073e-08	2.837146e-08	1.977244e-08	1.416548e-08
	1.032457e-08	7.591703e-09	5.587238e-09	4.086625e-09	2.955506e-09
	2.106613e-09	1.476540e-09	1.015908e-09	6.850401e-10	4.519914e-10
	2.913353e-10	1.831506e-10	1.121199e-10	6.672055e-11	3.850677e-11
	2.146912e-11	1.147184e-11	5.768502e-12	2.603442e-12	8.970183e-13
	1.000000e-60
massfraction-CH3
	1.000000e-60	5.078076e-10	1.573139e-09	3.641992e-09	7.348377e-09
	1.351632e-08	2.312031e-08	3.721091e-08	5.684713e-08	8.303755e-08
	1.166703e-07	1.585869e-07	2.098043e-07	2.714757e-07	3.448245e-07
	4.312313e-07	5.322087e-07	6.496261e-07	7.860340e-07	9.446166e-07
	1.129262e-06	1.344858e-06	1.597475e-06	1.894644e-06	2.245626e-06
	2.661347e-06	3.153627e-06	3.733456e-06	4.411241e-06	5.201957e-06
	6.131098e-06	7.236845e-06	8.569556e-06	1.019236e-05	1.218473e-05
	1.464825e-05	1.771511e-05	2.155659e-05	2.638422e-05	3.245318e-05
	4.006989e-05	4.960234e-05	6.148274e-05	7.621287e-05	9.440212e-05
	1.168051e-04	1.443262e-04	1.780312e-04	2.191688e-04	2.691410e-04
	3.294386e-04	4.016543e-04	4.874603e-04	5.884231e-04	7.057865e-04
	8.402320e-04	9.915391e-04	1.158235e-03	1.337362e-03	1.524499e-03
	1.714120e-03	1.900237e-03	2.077128e-03	2.240015e-03	2.385505e-03
	2.511532e-03	2.617051e-03	2.701681e-03	2.765244e-03	2.807807e-03
	2.830048e-03	2.833223e-03	2.818899e-03	2.788713e-03	2.744077e-03
	2.686065e-03	2.615544e-03	2.533292e-03	2.439979e-03	2.336236e-03
	2.222850e-03	2.100867e-03	1.971448e-03	1.835528e-03	1.693730e-03
	1.546920e-03	1.397126e-03	1.247723e-03	1.102275e-03	9.631967e-04
	8.317557e-04	7.091618e-04	5.970602e-04	4.967701e-04	4.085272e-04
	3.316797e-04	2.653243e-04	2.086435e-04	1.609511e-04	1.215138e-04
	8.931354e-05	6.358935e-05	4.385163e-05	2.905614e-05	1.830695e-05
	1.098998e-05	6.214038e-06	3.266082e-06	1.611755e-06	7.514551e-07
	3.311741e-07	1.411094e-07	5.994976e-08	2.588747e-08	1.160995e-08
	5.493766e-09	2.730567e-09	1.412872e-09	7.592647e-10	4.237632e-10
	2.447909e-10	1.453701e-10	8.802166e-11	5.395813e-11	3.336578e-11
	2.079519e-11	1.306590e-11	8.277881e-12	5.285533e-12	3.396447e-12
	2.191291e-12	1.414881e-12	9.106480e-13	5.814244e-13	3.660489e-13
	2.254004e-13	1.340479e-13	7.522625e-14	3.780064e-14	1.439071e-14
	1.000000e-60
massfraction-CH4
	1.000000e+00	9.999000e-01	9.996994e-01	9.993187e-01	9.986434e-01
	9.975224e-01	9.957756e-01	9.932084e-01	9.896289e-01	9.848646e-01
	9.787829e-01	9.712845e-01	9.622718e-01	9.516647e-01	9.394214e-01
	9.255308e-01	9.100231e-01	8.929415e-01	8.743082e-01	8.541540e-01
	8.325306e-01	8.094976e-01	7.851335e-01	7.595387e-01	7.328449e-01
	7.052429e-01	6.770278e-01	6.486323e-01	6.205094e-01	5.928952e-01
	5.657468e-01	5.388951e-01	5.122096e-01	4.856522e-01	4.592498e-01
	4.330592e-01	4.071418e-01	3.815552e-01	3.564022e-01	3.318258e-01
	3.079724e-01	2.849655e-01	2.629130e-01	2.419016e-01	2.219626e-01
	2.030843e-01	1.852525e-01	1.684566e-01	1.526841e-01	1.379312e-01
	1.242034e-01	1.114917e-01	9.977094e-02	8.901640e-02	7.920371e-02
	7.030425e-02	6.228564e-02	5.511086e-02	4.873601e-02	4.310899e-02
	3.816943e-02	3.385101e-02	3.008484e-02	2.680184e-02	2.393394e-02
	2.141782e-02	1.919749e-02	1.722536e-02	1.546695e-02	1.389997e-02
	1.250562e-02	1.126481e-02	1.015924e-02	9.170796e-03	8.281492e-03
	7.475598e-03	6.741289e-03	6.069691e-03	5.453462e-03	4.886704e-03
	4.365274e-03	3.886348e-03	3.447283e-03	3.044690e-03	2.674721e-03
	2.334658e-03	2.024267e-03	1.744994e-03	1.497390e-03	1.279570e-03
	1.088232e-03	9.206534e-04	7.752262e-04	6.503751e-04	5.437630e-04
	4.526453e-04	3.745656e-04	3.076166e-04	2.503893e-04	2.017008e-04
	1.602271e-04	1.251166e-04	9.607913e-05	7.217076e-05	5.266403e-05
	3.739919e-05	2.565383e-05	1.686247e-05	1.072653e-05	6.681234e-06
	4.139625e-06	2.650102e-06	1.819681e-06	1.343357e-06	1.039179e-06
	8.232484e-07	6.595794e-07	5.307146e-07	4.277388e-07	3.453563e-07
	2.792513e-07	2.256902e-07	1.816864e-07	1.451230e-07	1.146711e-07
	8.945954e-08	6.880854e-08	5.211817e-08	3.882812e-08	2.841421e-08
	2.039462e-08	1.433435e-08	9.847265e-09	6.596719e-09	4.295348e-09
	2.703997e-09	1.629449e-09	9.206437e-10	4.637902e-10	1.765898e-10
	1.000000e-60
massfraction-C2H6
	1.000000e-60	5.510929e-08	1.993410e-07	5.454620e-07	1.302457e-06
	2.818846e-06	5.617887e-06	1.040848e-05	1.806821e-05	2.959413e-05
	4.601200e-05	6.833030e-05	9.759204e-05	1.348029e-04	1.808209e-04
	2.363342e-04	3.017779e-04	3.774229e-04	4.635273e-04	5.602184e-04
	6.674319e-04	7.849666e-04	9.124336e-04	1.049238e-03	1.194529e-03
	1.347047e-03	1.504867e-03	1.665213e-03	1.825132e-03	1.982900e-03
	2.138430e-03	2.292407e-03	2.445322e-03	2.597148e-03	2.747480e-03
	2.895732e-03	3.041303e-03	3.183486e-03	3.321394e-03	3.453837e-03
	3.579566e-03	3.697404e-03	3.806199e-03	3.904841e-03	3.992405e-03
	4.068020e-03	4.130648e-03	4.179037e-03	4.211739e-03	4.227109e-03
	4.223405e-03	4.198913e-03	4.151995e-03	4.081222e-03	3.985611e-03
	3.864853e-03	3.719579e-03	3.551601e-03	3.364008e-03	3.161066e-03
	2.947863e-03	2.729795e-03	2.512025e-03	2.298947e-03	2.093763e-03
	1.898482e-03	1.714145e-03	1.541117e-03	1.379803e-03	1.230911e-03
	1.094847e-03	9.714358e-04	8.601027e-04	7.599153e-04	6.696591e-04
	5.881476e-04	5.144557e-04	4.478650e-04	3.877476e-04	3.335739e-04
	2.849504e-04	2.415749e-04	2.031318e-04	1.692217e-04	1.394059e-04
	1.133447e-04	9.087762e-05	7.192031e-05	5.626911e-05	4.353762e-05
	3.327275e-05	2.508736e-05	1.867379e-05	1.374295e-05	1.000253e-05
	7.186681e-06	5.081702e-06	3.524626e-06	2.390911e-06	1.580988e-06
	1.011583e-06	6.219926e-07	3.673839e-07	2.060482e-07	1.081226e-07
	5.312902e-08	2.401375e-08	9.801147e-09	3.661705e-09	1.269659e-09
	4.179665e-10	1.410833e-10	5.467494e-11	2.631380e-11	1.545832e-11
	1.028729e-11	7.285308e-12	5.298913e-12	3.897007e-12	2.883376e-12
	2.140852e-12	1.589419e-12	1.173918e-12	8.578162e-13	6.175951e-13
	4.369393e-13	3.032239e-13	2.061212e-13	1.370633e-13	8.903327e-14
	5.641465e-14	3.481907e-14	2.090319e-14	1.218744e-14	6.886967e-15
	3.758407e-15	1.965930e-15	9.683259e-16	4.286271e-16	1.451323e-16
	1.000000e-60
massfraction-C2H
	1.000000e-60	9.754080e-30	3.201144e-29	1.681113e-28	7.247315e-28
	2.955358e-27	1.063969e-26	3.609307e-26	1.176326e-25	3.751523e-25
	1.185515e-24	3.744099e-24	1.191415e-23	3.836774e-23	1.249053e-22
	4.094813e-22	1.343034e-21	4.379623e-21	1.414450e-20	4.506723e-20
	1.410715e-19	4.322860e-19	1.292409e-18	3.758182e-18	1.059676e-17
	2.886133e-17	7.549703e-17	1.881583e-16	4.439335e-16	9.928120e-16
	2.123227e-15	4.390031e-15	8.852846e-15	1.751149e-14	3.410740e-14
	6.560739e-14	1.249835e-13	2.363890e-13	4.443454e-13	8.297316e-13
	1.537232e-12	2.821634e-12	5.123152e-12	9.188760e-12	1.627766e-11
	2.850204e-11	4.935523e-11	8.452575e-11	1.431452e-10	2.395705e-10
	3.958171e-10	6.451368e-10	1.037106e-09	1.644041e-09	2.569302e-09
	3.958311e-09	6.012329e-09	9.004677e-09	1.329665e-08	1.934524e-08
	2.769144e-08	3.891988e-08	5.359202e-08	7.217736e-08	9.501826e-08
	1.223214e-07	1.541658e-07	1.905145e-07	2.310953e-07	2.752673e-07
	3.221324e-07	3.707050e-07	4.199845e-07	4.690662e-07	5.172225e-07
	5.638040e-07	6.080928e-07	6.492904e-07	6.865647e-07	7.190318e-07
	7.457332e-07	7.656947e-07	7.780320e-07	7.819898e-07	7.768711e-07
	7.620196e-07	7.370890e-07	7.024809e-07	6.594141e-07	6.094607e-07
	5.541781e-07	4.953156e-07	4.350752e-07	3.757469e-07	3.190846e-07
	2.661563e-07	2.176277e-07	1.739972e-07	1.356704e-07	1.028434e-07
	7.529976e-08	5.287777e-08	3.552076e-08	2.254975e-08	1.329800e-08
	7.245439e-09	3.557731e-09	1.522215e-09	5.626880e-10	1.769816e-10
	4.623400e-11	1.026907e-11	2.101538e-12	4.381678e-13	9.783238e-14
	2.241458e-14	4.985619e-15	1.073338e-15	2.342205e-16	5.467347e-17
	1.400660e-17	3.935163e-18	1.197796e-18	3.907766e-19	1.363415e-19
	5.104773e-20	2.058280e-20	8.940904e-21	4.166671e-21	2.065173e-21
	1.075228e-21	5.791169e-22	3.169739e-22	1.727514e-22	9.154595e-23
	4.582346e-23	2.085604e-23	8.149534e-24	2.445779e-24	4.038108e-25
	1.000000e-60
massfraction-C2H2
	1.000000e-60	9.527482e-08	3.278668e-07	8.499255e-07	1.921526e-06
	3.944096e-06	7.476471e-06	1.322106e-05	2.198556e-05	3.462152e-05
	5.193407e-05	7.465386e-05	1.035067e-04	1.391512e-04	1.820892e-04
	2.326662e-04	2.910128e-04	3.571410e-04	4.310799e-04	5.127707e-04
	6.020208e-04	6.985542e-04	8.019720e-04	9.117416e-04	1.027162e-03
	1.147245e-03	1.270530e-03	1.394938e-03	1.518310e-03	1.639467e-03
	1.758483e-03	1.876017e-03	1.992577e-03	2.108279e-03	2.222973e-03
	2.336394e-03	2.448301e-03	2.558406e-03	2.666330e-03	2.771503e-03
	2.873356e-03	2.971423e-03	3.065304e-03	3.154684e-03	3.239467e-03
	3.319722e-03	3.395500e-03	3.466809e-03	3.533620e-03	3.595817e-03
	3.653174e-03	3.705448e-03	3.752361e-03	3.793524e-03	3.828435e-03
	3.856511e-03	3.877126e-03	3.889671e-03	3.893629e-03	3.888640e-03
	3.874536e-03	3.851350e-03	3.819287e-03	3.778681e-03	3.729890e-03
	3.673216e-03	3.608853e-03	3.536866e-03	3.457445e-03	3.371174e-03
	3.278867e-03	3.181327e-03	3.079298e-03	2.973303e-03	2.863470e-03
	2.749685e-03	2.631888e-03	2.510120e-03	2.384417e-03	2.254865e-03
	2.121794e-03	1.985823e-03	1.847655e-03	1.707733e-03	1.566204e-03
	1.423484e-03	1.281083e-03	1.141676e-03	1.007992e-03	8.816623e-04
	7.633073e-04	6.535631e-04	5.535173e-04	4.640403e-04	3.851255e-04
	3.160595e-04	2.559699e-04	2.041126e-04	1.599071e-04	1.227685e-04
	9.186823e-05	6.663439e-05	4.678822e-05	3.150495e-05	2.008229e-05
	1.209277e-05	6.761805e-06	3.437371e-06	1.592754e-06	6.744647e-07
	2.630999e-07	1.001523e-07	4.121414e-08	2.016178e-08	1.194868e-08
	8.091575e-09	5.863302e-09	4.372256e-09	3.299831e-09	2.506955e-09
	1.911890e-09	1.458491e-09	1.107564e-09	8.329751e-10	6.180435e-10
	4.512969e-10	3.237622e-10	2.278929e-10	1.571875e-10	1.060950e-10
	6.997412e-11	4.503017e-11	2.823099e-11	1.721247e-11	1.018136e-11
	5.818573e-12	3.186113e-12	1.640556e-12	7.571309e-13	2.661841e-13
	1.000000e-60
massfraction-CHCO
	1.000000e-60	3.295466e-07	9.621614e-07	2.090853e-06	3.957529e-06
	6.839565e-06	1.102231e-05	1.676444e-05	2.427330e-05	3.368679e-05
	4.505383e-05	5.836496e-05	7.361703e-05	9.078346e-05	1.097855e-04
	1.305110e-04	1.528034e-04	1.765070e-04	2.015100e-04	2.276996e-04
	2.549469e-04	2.831241e-04	3.120922e-04	3.416995e-04	3.717732e-04
	4.020922e-04	4.323464e-04	4.621107e-04	4.909757e-04	5.187787e-04
	5.456392e-04	5.717886e-04	5.974074e-04	6.225800e-04	6.473280e-04
	6.716469e-04	6.955361e-04	7.189815e-04	7.419495e-04	7.643622e-04
	7.861378e-04	8.072116e-04	8.275271e-04	8.470396e-04	8.657479e-04
	8.836840e-04	9.008771e-04	9.173480e-04	9.331157e-04	9.481863e-04
	9.625521e-04	9.762146e-04	9.891867e-04	1.001472e-03	1.013060e-03
	1.023922e-03	1.034005e-03	1.043216e-03	1.051424e-03	1.058457e-03
	1.064110e-03	1.068159e-03	1.070378e-03	1.070564e-03	1.068543e-03
	1.064166e-03	1.057300e-03	1.047813e-03	1.035607e-03	1.020680e-03
	1.003125e-03	9.830863e-04	9.607362e-04	9.362256e-04	9.096217e-04
	8.809256e-04	8.501419e-04	8.172952e-04	7.824048e-04	7.455016e-04
	7.066852e-04	6.661463e-04	6.241088e-04	5.807256e-04	5.360559e-04
	4.902405e-04	4.437810e-04	3.975903e-04	3.526455e-04	3.095894e-04
	2.687371e-04	2.304143e-04	1.951139e-04	1.632618e-04	1.349706e-04
	1.100859e-04	8.837785e-05	6.964534e-05	5.372963e-05	4.045338e-05
	2.953594e-05	2.077399e-05	1.404642e-05	9.028910e-06	5.433546e-06
	3.050704e-06	1.565190e-06	7.149669e-07	2.906521e-07	1.048331e-07
	3.347413e-08	9.928973e-09	3.026396e-09	1.066431e-09	4.670833e-10
	2.486444e-10	1.485781e-10	9.301791e-11	5.904433e-11	3.773949e-11
	2.431200e-11	1.578128e-11	1.029145e-11	6.718303e-12	4.383132e-12
	2.858788e-12	1.865876e-12	1.219786e-12	7.989847e-13	5.241995e-13
	3.441280e-13	2.256775e-13	1.474880e-13	9.572692e-14	6.139586e-14
	3.861177e-14	2.350786e-14	1.352762e-14	6.974070e-15	2.721792e-15
	1.000000e-60
massfraction-C3H3
	1.000000e-60	1.000000e-60	1.000000e-60	1.000000e-60	1.000000e-60
	1.000000e-60	1.000000e-60	1.582739e-27	1.000000e-60	8.062647e-28
	1.000000e-60	9.039738e-27	1.417769e-26	1.410370e-26	1.597648e-26
	3.101090e-26	7.596973e-26	2.830174e-25	1.135932e-24	4.991061e-24
	2.196581e-23	9.586912e-23	4.111787e-22	1.719423e-21	6.961639e-21
	2.703358e-20	9.951688e-20	3.423861e-19	1.088027e-18	3.188446e-18
	8.694348e-18	2.234438e-17	5.471139e-17	1.286312e-16	2.922390e-16
	6.457831e-16	1.399087e-15	3.002470e-15	6.463399e-15	1.423298e-14
	3.298748e-14	8.287662e-14	2.277213e-13	6.674178e-13	1.998579e-12
	5.887315e-12	1.664181e-11	4.452770e-11	1.120551e-10	2.644724e-10
	5.847689e-10	1.212325e-09	2.362591e-09	4.342191e-09	7.557576e-09
	1.252767e-08	1.992739e-08	3.070810e-08	4.633436e-08	6.911322e-08
	1.024852e-07	1.510636e-07	2.202605e-07	3.155622e-07	4.417744e-07
	6.024331e-07	7.994578e-07	1.032983e-06	1.300444e-06	1.595584e-06
	1.909331e-06	2.231336e-06	2.550937e-06	2.858278e-06	3.145006e-06
	3.403633e-06	3.626714e-06	3.806990e-06	3.937835e-06	4.013383e-06
	4.028837e-06	3.981249e-06	3.870114e-06	3.697107e-06	3.465437e-06
	3.180538e-06	2.852556e-06	2.497639e-06	2.134684e-06	1.780038e-06
	1.445758e-06	1.141685e-06	8.762172e-07	6.540249e-07	4.746469e-07
	3.340633e-07	2.270173e-07	1.481580e-07	9.233754e-08	5.458383e-08
	3.020557e-08	1.542865e-08	7.226996e-09	3.031640e-09	1.104380e-09
	3.458410e-10	8.939970e-11	1.820392e-11	2.895781e-12	3.463867e-13
	2.817968e-14	1.435895e-15	5.078106e-17	1.871236e-18	8.768750e-20
	4.637810e-21	2.503116e-22	1.312523e-23	6.769041e-25	3.621532e-26
	2.119739e-27	1.421172e-28	1.143488e-29	1.141421e-30	1.398926e-31
	2.009340e-32	3.232683e-33	5.657717e-34	1.054036e-34	2.052388e-35
	4.073970e-36	8.076519e-37	1.649079e-37	2.790455e-38	4.891036e-39
	4.780835e-40	5.822492e-42	1.917835e-41	1.000000e-60	6.468178e-43
	1.000000e-60
massfraction-C2H3
	1.000000e-60	3.522006e-19	9.432426e-19	1.800862e-18	3.060940e-18
	5.003777e-18	8.226355e-18	1.404733e-17	2.549394e-17	4.982821e-17
	1.051997e-16	2.389975e-16	5.809506e-16	1.498475e-15	4.055128e-15
	1.137039e-14	3.259157e-14	9.435776e-14	2.734745e-13	7.870512e-13
	2.230847e-12	6.176371e-12	1.654929e-11	4.247595e-11	1.033311e-10
	2.359082e-10	5.011801e-10	9.843717e-10	1.784316e-09	3.001858e-09
	4.737933e-09	7.093137e-09	1.015776e-08	1.399731e-08	1.864446e-08
	2.409822e-08	3.032644e-08	3.725871e-08	4.476247e-08	5.263472e-08
	6.064263e-08	6.862106e-08	7.659746e-08	8.489732e-08	9.418167e-08
	1.054054e-07	1.197633e-07	1.387053e-07	1.640426e-07	1.981041e-07
	2.439202e-07	3.055129e-07	3.882596e-07	4.992390e-07	6.476717e-07
	8.455118e-07	1.108026e-06	1.454095e-06	1.905717e-06	2.486004e-06
	3.215502e-06	4.107501e-06	5.163932e-06	6.373916e-06	7.716029e-06
	9.161798e-06	1.067893e-05	1.223350e-05	1.378659e-05	1.529298e-05
	1.670929e-05	1.800036e-05	1.914002e-05	2.011167e-05	2.090676e-05
	2.152015e-05	2.194696e-05	2.218298e-05	2.222545e-05	2.207298e-05
	2.172646e-05	2.119074e-05	2.047473e-05	1.958903e-05	1.854352e-05
	1.735070e-05	1.603462e-05	1.463547e-05	1.319999e-05	1.176624e-05
	1.036024e-05	9.006094e-06	7.731884e-06	6.561698e-06	5.506465e-06
	4.565395e-06	3.733307e-06	3.005019e-06	2.376361e-06	1.842174e-06
	1.392996e-06	1.022426e-06	7.279406e-07	4.986519e-07	3.251098e-07
	2.017918e-07	1.177598e-07	6.375228e-08	3.236375e-08	1.556443e-08
	7.132024e-09	3.156884e-09	1.349029e-09	5.553543e-10	2.226901e-10
	8.466289e-11	2.936349e-11	9.223934e-12	2.692869e-12	7.725933e-13
	2.357680e-13	8.246826e-14	3.370830e-14	1.541333e-14	7.450041e-15
	3.665896e-15	1.800215e-15	8.726771e-16	4.145105e-16	1.917308e-16
	8.588252e-17	3.706034e-17	1.532853e-17	6.044210e-18	2.257036e-18
	7.901941e-19	2.546718e-19	7.268032e-20	1.668363e-20	2.242526e-21
	1.000000e-60
massfraction-C2H4
	1.000000e-60	6.477030e-08	2.266386e-07	5.982118e-07	1.377310e-06
	2.877321e-06	5.545671e-06	9.958866e-06	1.679591e-05	2.678988e-05
	4.065234e-05	5.904431e-05	8.262714e-05	1.120088e-04	1.476656e-04
	1.899370e-04	2.389737e-04	2.948156e-04	3.575065e-04	4.270075e-04
	5.031576e-04	5.857172e-04	6.743356e-04	7.685423e-04	8.677179e-04
	9.709936e-04	1.077090e-03	1.184198e-03	1.290437e-03	1.394773e-03
	1.497259e-03	1.598451e-03	1.698776e-03	1.798327e-03	1.896968e-03
	1.994463e-03	2.090599e-03	2.185122e-03	2.277701e-03	2.367842e-03
	2.455052e-03	2.538928e-03	2.619122e-03	2.695354e-03	2.767526e-03
	2.835667e-03	2.899775e-03	2.959781e-03	3.015547e-03	3.066810e-03
	3.113152e-03	3.154054e-03	3.188870e-03	3.216741e-03	3.236595e-03
	3.247184e-03	3.247153e-03	3.235172e-03	3.210105e-03	3.171196e-03
	3.118212e-03	3.051512e-03	2.972026e-03	2.881121e-03	2.780339e-03
	2.671183e-03	2.555005e-03	2.432959e-03	2.306401e-03	2.177189e-03
	2.047257e-03	1.918227e-03	1.791376e-03	1.667502e-03	1.546843e-03
	1.429366e-03	1.315128e-03	1.204287e-03	1.096988e-03	9.934093e-04
	8.938833e-04	7.988788e-04	7.088057e-04	6.238159e-04	5.438455e-04
	4.689693e-04	3.997357e-04	3.370087e-04	2.813613e-04	2.326947e-04
	1.904731e-04	1.541955e-04	1.235193e-04	9.802948e-05	7.710038e-05
	6.001383e-05	4.612447e-05	3.491209e-05	2.596345e-05	1.891995e-05
	1.342885e-05	9.229268e-06	6.136595e-06	3.907901e-06	2.351608e-06
	1.335533e-06	7.034277e-07	3.365980e-07	1.471407e-07	5.908389e-08
	2.202583e-08	8.063062e-09	3.168413e-09	1.448278e-09	7.944473e-10
	5.060416e-10	3.530082e-10	2.575281e-10	1.917198e-10	1.442085e-10
	1.090566e-10	8.254167e-11	6.219027e-11	4.639125e-11	3.412397e-11
	2.468794e-11	1.753718e-11	1.221525e-11	8.332192e-12	5.558360e-12
	3.621204e-12	2.300666e-12	1.423332e-12	8.560231e-13	4.993386e-13
	2.813930e-13	1.519598e-13	7.720120e-14	3.518223e-14	1.222901e-14
	1.000000e-60
massfraction-C2H5
	1.000000e-60	1.152469e-12	4.157419e-12	1.134264e-11	2.700379e-11
	5.827584e-11	1.158302e-10	2.140724e-10	3.707789e-10	6.060942e-10
	9.407077e-10	1.394976e-09	1.990067e-09	2.746625e-09	3.682747e-09
	4.813856e-09	6.151478e-09	7.705745e-09	9.489554e-09	1.151775e-08
	1.380813e-08	1.638572e-08	1.928597e-08	2.255972e-08	2.627844e-08
	3.053618e-08	3.544414e-08	4.111412e-08	4.765707e-08	5.522358e-08
	6.405001e-08	7.446889e-08	8.689220e-08	1.017987e-07	1.197354e-07
	1.413109e-07	1.671660e-07	1.978761e-07	2.337319e-07	2.745389e-07
	3.195524e-07	3.676682e-07	4.178998e-07	4.701161e-07	5.257719e-07
	5.881350e-07	6.619828e-07	7.532007e-07	8.686245e-07	1.016134e-06
	1.204941e-06	1.446272e-06	1.754097e-06	2.145477e-06	2.640855e-06
	3.264284e-06	4.042849e-06	5.004499e-06	6.173380e-06	7.562292e-06
	9.164160e-06	1.094611e-05	1.284974e-05	1.479911e-05	1.671372e-05
	1.851890e-05	2.015161e-05	2.156214e-05	2.271028e-05	2.356680e-05
	2.412034e-05	2.437747e-05	2.435748e-05	2.408690e-05	2.359345e-05
	2.290238e-05	2.203736e-05	2.102152e-05	1.987702e-05	1.862560e-05
	1.729057e-05	1.589750e-05	1.447166e-05	1.303406e-05	1.160081e-05
	1.018903e-05	8.824363e-06	7.539447e-06	6.361604e-06	5.302943e-06
	4.363646e-06	3.541974e-06	2.837565e-06	2.246530e-06	1.758358e-06
	1.358884e-06	1.034527e-06	7.738696e-07	5.674836e-07	4.068745e-07
	2.835276e-07	1.909452e-07	1.242599e-07	7.741290e-08	4.562027e-08
	2.546579e-08	1.327701e-08	6.368405e-09	2.839647e-09	1.184343e-09
	4.629251e-10	1.742047e-10	6.585786e-11	2.620995e-11	1.141360e-11
	5.341873e-12	2.478599e-12	1.090986e-12	4.693959e-13	2.083567e-13
	9.892800e-14	5.064834e-14	2.762756e-14	1.575051e-14	9.220828e-15
	5.466841e-15	3.247174e-15	1.916209e-15	1.116017e-15	6.380779e-16
	3.566135e-16	1.941769e-16	1.027553e-16	5.275669e-17	2.624759e-17
	1.263588e-17	5.864400e-18	2.593434e-18	1.051864e-18	3.363786e-19
	1.000000e-60
massfraction-C3H4
	1.000000e-60	6.435933e-11	2.505930e-10	7.429515e-10	1.923875e-09
	4.504572e-09	9.672318e-09	1.921242e-08	3.557173e-08	6.182599e-08
	1.014996e-07	1.584282e-07	2.368557e-07	3.412228e-07	4.757953e-07
	6.444976e-07	8.505473e-07	1.096621e-06	1.385295e-06	1.718642e-06
	2.097966e-06	2.523936e-06	2.996354e-06	3.514034e-06	4.074560e-06
	4.673603e-06	5.303818e-06	5.953897e-06	6.611238e-06	7.267868e-06
	7.922549e-06	8.577480e-06	9.234281e-06	9.892514e-06	1.055025e-05
	1.120487e-05	1.185388e-05	1.249453e-05	1.312351e-05	1.373650e-05
	1.432923e-05	1.489820e-05	1.544049e-05	1.595383e-05	1.643748e-05
	1.689179e-05	1.731723e-05	1.771410e-05	1.808268e-05	1.842278e-05
	1.873368e-05	1.901452e-05	1.926433e-05	1.948168e-05	1.966491e-05
	1.981259e-05	1.992375e-05	1.999812e-05	2.003614e-05	2.003881e-05
	2.000745e-05	1.994354e-05	1.984864e-05	1.972430e-05	1.957185e-05
	1.939219e-05	1.918571e-05	1.895222e-05	1.869177e-05	1.840555e-05
	1.809546e-05	1.776335e-05	1.741085e-05	1.703888e-05	1.664691e-05
	1.623350e-05	1.579723e-05	1.533697e-05	1.485140e-05	1.433929e-05
	1.380026e-05	1.323504e-05	1.264479e-05	1.202955e-05	1.138792e-05
	1.071945e-05	1.002875e-05	9.326813e-06	8.626378e-06	7.935876e-06
	7.259055e-06	6.600155e-06	5.966974e-06	5.367465e-06	4.805127e-06
	4.278951e-06	3.786456e-06	3.325777e-06	2.896369e-06	2.497853e-06
	2.127021e-06	1.783164e-06	1.470837e-06	1.187452e-06	9.314036e-07
	7.086289e-07	5.173624e-07	3.570367e-07	2.319691e-07	1.407705e-07
	7.867055e-08	4.070058e-08	2.009299e-08	9.917483e-09	5.144177e-09
	2.876966e-09	1.722684e-09	1.081601e-09	7.005271e-10	4.639270e-10
	3.121276e-10	2.118531e-10	1.439096e-10	9.708472e-11	6.468664e-11
	4.242193e-11	2.731924e-11	1.724498e-11	1.065194e-11	6.426877e-12
	3.780989e-12	2.165238e-12	1.205086e-12	6.508568e-13	3.405131e-13
	1.720568e-13	8.342287e-14	3.819062e-14	1.578743e-14	5.029056e-15
	1.000000e-60
massfraction-C3H5
	1.000000e-60	4.851951e-12	1.918264e-11	5.782768e-11	1.522886e-10
	3.624431e-10	7.903931e-10	1.592877e-09	2.989044e-09	5.259786e-09
	8.733450e-09	1.377402e-08	2.078957e-08	3.021333e-08	4.246909e-08
	5.795426e-08	7.700406e-08	9.990445e-08	1.269320e-07	1.583155e-07
	1.942097e-07	2.347066e-07	2.798124e-07	3.294347e-07	3.833575e-07
	4.411746e-07	5.021801e-07	5.652742e-07	6.292199e-07	6.932228e-07
	7.571423e-07	8.211743e-07	8.854593e-07	9.499347e-07	1.014388e-06
	1.078537e-06	1.142098e-06	1.204761e-06	1.266145e-06	1.325756e-06
	1.383089e-06	1.437692e-06	1.489137e-06	1.537033e-06	1.581090e-06
	1.621084e-06	1.656765e-06	1.687884e-06	1.714281e-06	1.736009e-06
	1.753547e-06	1.768082e-06	1.781723e-06	1.797613e-06	1.819864e-06
	1.853238e-06	1.902554e-06	1.971898e-06	2.063819e-06	2.178717e-06
	2.314617e-06	2.467395e-06	2.631383e-06	2.800218e-06	2.967743e-06
	3.128531e-06	3.278036e-06	3.412529e-06	3.528610e-06	3.623229e-06
	3.694378e-06	3.741302e-06	3.764240e-06	3.764127e-06	3.742164e-06
	3.699460e-06	3.637040e-06	3.555945e-06	3.457216e-06	3.341947e-06
	3.211488e-06	3.067576e-06	2.912136e-06	2.746831e-06	2.572883e-06
	2.391716e-06	2.206068e-06	2.020189e-06	1.838395e-06	1.663411e-06
	1.496389e-06	1.338326e-06	1.190791e-06	1.055098e-06	9.313524e-07
	8.186295e-07	7.157525e-07	6.217547e-07	5.360026e-07	4.579463e-07
	3.865498e-07	3.213300e-07	2.628340e-07	2.103113e-07	1.632691e-07
	1.226507e-07	8.804303e-08	5.931309e-08	3.722518e-08	2.149072e-08
	1.117370e-08	5.229687e-09	2.278991e-09	9.940990e-10	4.781686e-10
	2.667313e-10	1.679593e-10	1.131417e-10	7.851374e-11	5.516139e-11
	3.893899e-11	2.746827e-11	1.924571e-11	1.330985e-11	9.043291e-12
	6.019174e-12	3.917119e-12	2.488761e-12	1.541676e-12	9.297823e-13
	5.451648e-13	3.103450e-13	1.713171e-13	9.159935e-14	4.737039e-14
	2.363349e-14	1.130679e-14	5.106907e-15	2.083920e-15	6.560796e-16
	1.000000e-60
massfraction-C3H6
	1.000000e-60	8.150327e-11	3.286211e-10	1.012114e-09	2.723762e-09
	6.620160e-09	1.472747e-08	3.023893e-08	5.773395e-08	1.032289e-07
	1.739353e-07	2.780356e-07	4.248623e-07	6.245073e-07	8.870690e-07
	1.222239e-06	1.638469e-06	2.143177e-06	2.743592e-06	3.445876e-06
	4.254496e-06	5.172420e-06	6.200545e-06	7.337331e-06	8.578150e-06
	9.913635e-06	1.132702e-05	1.279185e-05	1.427795e-05	1.576506e-05
	1.724798e-05	1.872912e-05	2.020930e-05	2.168437e-05	2.314642e-05
	2.458575e-05	2.599257e-05	2.735641e-05	2.866572e-05	2.990713e-05
	3.106833e-05	3.213975e-05	3.311455e-05	3.398899e-05	3.476361e-05
	3.544198e-05	3.602855e-05	3.652832e-05	3.694722e-05	3.729252e-05
	3.757440e-05	3.780873e-05	3.801959e-05	3.824125e-05	3.851846e-05
	3.890306e-05	3.944568e-05	4.018344e-05	4.112680e-05	4.225033e-05
	4.349165e-05	4.475962e-05	4.594918e-05	4.695841e-05	4.770220e-05
	4.811785e-05	4.816458e-05	4.781997e-05	4.707854e-05	4.595623e-05
	4.448964e-05	4.272800e-05	4.072612e-05	3.853614e-05	3.620023e-05
	3.375220e-05	3.122429e-05	2.864862e-05	2.605502e-05	2.347232e-05
	2.093172e-05	1.846647e-05	1.610663e-05	1.387320e-05	1.177897e-05
	9.837947e-06	8.073686e-06	6.513679e-06	5.172735e-06	4.044485e-06
	3.109523e-06	2.347896e-06	1.741945e-06	1.271748e-06	9.138567e-07
	6.450586e-07	4.457328e-07	3.003431e-07	1.966269e-07	1.245434e-07
	7.564074e-08	4.366472e-08	2.391693e-08	1.224934e-08	5.757696e-09
	2.481652e-09	9.594684e-10	3.258964e-10	9.929618e-11	2.794873e-11
	7.657417e-12	2.302523e-12	8.774362e-13	4.705720e-13	3.524469e-13
	3.056865e-13	2.588333e-13	2.049348e-13	1.538271e-13	1.120069e-13
	8.032028e-14	5.702683e-14	4.002366e-14	2.764072e-14	1.870679e-14
	1.237358e-14	7.984686e-15	5.020286e-15	3.071923e-15	1.827235e-15
	1.055274e-15	5.910565e-16	3.207282e-16	1.684473e-16	8.552242e-17
	4.187670e-17	1.966392e-17	8.721471e-18	3.498611e-18	1.084839e-18
	1.000000e-60
massfraction-N-C3H7
	1.000000e-60	2.496923e-15	1.008428e-14	3.111462e-14	8.388767e-14
	2.042528e-13	4.551548e-13	9.360146e-13	1.789717e-12	3.204376e-12
	5.405954e-12	8.651348e-12	1.323401e-11	1.947180e-11	2.768339e-11
	3.817528e-11	5.121539e-11	6.703942e-11	8.587671e-11	1.079218e-10
	1.333123e-10	1.621279e-10	1.943566e-10	2.298414e-10	2.681645e-10
	3.083898e-10	3.485922e-10	3.852248e-10	4.128219e-10	4.244613e-10
	4.130621e-10	3.743927e-10	3.122087e-10	2.409326e-10	1.780897e-10
	1.317148e-10	9.956979e-11	7.711292e-11	6.116506e-11	4.973581e-11
	4.150850e-11	3.558474e-11	3.134353e-11	2.835469e-11	2.632241e-11
	2.505250e-11	2.442845e-11	2.439066e-11	2.492446e-11	2.605526e-11
	2.784770e-11	3.041337e-11	3.392831e-11	3.865653e-11	4.498652e-11
	5.348454e-11	6.495680e-11	8.050383e-11	1.015332e-10	1.296829e-10
	1.666239e-10	2.137547e-10	2.718620e-10	3.408889e-10	4.199270e-10
	5.073422e-10	6.009525e-10	6.981903e-10	7.959400e-10	8.905323e-10
	9.783773e-10	1.056495e-09	1.122653e-09	1.175430e-09	1.214092e-09
	1.238261e-09	1.247742e-09	1.242551e-09	1.222950e-09	1.189439e-09
	1.142849e-09	1.084428e-09	1.015771e-09	9.385659e-10	8.544285e-10
	7.651793e-10	6.733876e-10	5.823952e-10	4.954205e-10	4.146150e-10
	3.410863e-10	2.755900e-10	2.187968e-10	1.709038e-10	1.313867e-10
	9.927006e-11	7.351854e-11	5.320313e-11	3.750993e-11	2.567538e-11
	1.693674e-11	1.068890e-11	6.445328e-12	3.669482e-12	1.943719e-12
	9.584839e-13	4.333141e-13	1.777516e-13	6.808284e-14	2.545883e-14
	1.009806e-14	4.985694e-15	3.712213e-15	4.846224e-15	1.124558e-14
	3.250727e-14	4.673159e-14	3.950534e-14	2.886189e-14	2.036301e-14
	1.426050e-14	9.947599e-15	6.884447e-15	4.699413e-15	3.149442e-15
	2.066201e-15	1.324386e-15	8.281750e-16	5.045434e-16	2.990376e-16
	1.721806e-16	9.618154e-17	5.206348e-17	2.727958e-17	1.381813e-17
	6.750665e-18	3.162732e-18	1.399688e-18	5.603328e-19	1.734296e-19
	1.000000e-60
massfraction-I-C3H7
	1.000000e-60	1.000019e-60	1.000070e-60	1.000156e-60	1.000276e-60
	1.000399e-60	1.000434e-60	1.000201e-60	9.994064e-61	9.976335e-61
	9.943613e-61	9.889905e-61	9.808509e-61	9.692374e-61	9.534744e-61
	9.329642e-61	9.072601e-61	8.760724e-61	8.392304e-61	7.967509e-61
	7.488873e-61	6.961187e-61	6.391744e-61	5.790272e-61	5.168773e-61
	4.541512e-61	3.924912e-61	3.336625e-61	2.791300e-61	2.295558e-61
	1.848570e-61	1.446867e-61	1.088259e-61	7.733757e-62	5.061116e-62
	2.933851e-62	1.423048e-62	5.345707e-63	1.415155e-63	2.412122e-64
	2.513717e-65	1.847768e-66	3.264773e-67	2.088901e-67	1.618297e-67
	1.294647e-67	1.062446e-67	8.930626e-68	7.679053e-68	6.746369e-68
	6.050255e-68	5.916051e-68	5.518022e-68	5.226016e-68	5.020990e-68
	4.889321e-68	4.821725e-68	4.810956e-68	4.849079e-68	4.924990e-68
	5.023327e-68	5.125549e-68	5.212784e-68	5.269051e-68	5.283364e-68
	5.250097e-68	5.168112e-68	5.039443e-68	4.868663e-68	4.662872e-68
	4.430602e-68	4.180335e-68	3.919718e-68	3.654833e-68	3.389785e-68
	3.125788e-68	2.646118e-68	2.397993e-68	2.160211e-68	1.932613e-68
	1.716586e-68	1.513532e-68	1.324459e-68	1.149614e-68	9.886569e-69
	8.414129e-69	7.084893e-69	5.908955e-69	4.889318e-69	4.016382e-69
	3.273622e-69	2.646354e-69	2.123745e-69	1.694948e-69	1.359449e-69
	4.308392e-69	8.099093e-67	6.900109e-67	4.959270e-69	4.264879e-67
	2.898653e-67	1.501854e-67	1.579253e-68	1.000000e-60	1.000000e-60
	1.000000e-60	1.000000e-60	1.000000e-60	1.000000e-60	9.201238e-68
	2.848516e-66	2.484519e-65	2.506735e-64	2.601675e-63	1.085679e-62
	1.711065e-62	1.974161e-62	2.174958e-62	2.543705e-62	3.237317e-62
	4.344754e-62	5.903061e-62	7.921585e-62	1.039383e-61	1.329018e-61
	1.655724e-61	2.013098e-61	2.395175e-61	2.797685e-61	3.218667e-61
	3.658516e-61	4.119667e-61	4.606122e-61	5.122910e-61	5.675552e-61
	6.269598e-61	6.910254e-61	7.602140e-61	8.348630e-61	9.148938e-61
	1.000000e-60
massfraction-C3H8
	1.000000e-60	1.000027e-60	1.000101e-60	1.000243e-60	1.000493e-60
	1.000892e-60	1.001467e-60	1.002219e-60	1.003099e-60	1.003999e-60
	1.004752e-60	1.005132e-60	1.004874e-60	1.003673e-60	1.001203e-60
	9.971295e-61	9.911417e-61	9.829552e-61	9.723050e-61	9.589602e-61
	9.427395e-61	9.235122e-61	9.012118e-61	8.758469e-61	8.475169e-61
	8.164514e-61	7.830741e-61	7.480590e-61	7.121864e-61	6.760018e-61
	6.396773e-61	6.031827e-61	5.665110e-61	5.297662e-61	4.931342e-61
	4.568361e-61	4.210908e-61	3.861038e-61	3.521217e-61	3.194251e-61
	2.882725e-61	2.588628e-61	2.313454e-61	2.058153e-61	1.822771e-61
	1.606698e-61	1.409215e-61	1.229577e-61	1.066969e-61	9.206342e-62
	7.898668e-62	6.737966e-62	5.714089e-62	4.817144e-62	4.037503e-62
	3.365463e-62	2.791346e-62	2.305501e-62	1.898242e-62	1.559904e-62
	1.280991e-62	1.052452e-62	8.659567e-63	7.140432e-63	5.901671e-63
	4.888075e-63	4.054626e-63	3.365497e-63	2.794114e-63	2.321070e-63
	1.930262e-63	1.607493e-63	1.340622e-63	1.119254e-63	9.345317e-64
	7.793929e-64	6.485433e-64	5.379423e-64	4.443408e-64	3.651294e-64
	2.982592e-64	2.420722e-64	1.951028e-64	1.559742e-64	1.234458e-64
	9.653802e-65	7.456051e-65	5.696110e-65	4.313706e-65	3.240599e-65
	2.412312e-65	1.777925e-65	1.298847e-65	9.425906e-66	6.803732e-66
	4.884877e-66	3.491970e-66	2.498760e-66	1.817242e-66	1.387397e-66
	1.175063e-66	1.184129e-66	1.466262e-66	2.170237e-66	3.679563e-66
	6.872535e-66	1.412760e-65	3.256172e-65	8.395929e-65	2.428263e-64
	7.957113e-64	2.868135e-63	1.048937e-62	3.451017e-62	9.030355e-62
	1.812865e-61	2.943155e-61	4.125940e-61	5.231777e-61	6.189411e-61
	6.983042e-61	7.628513e-61	8.151287e-61	8.574280e-61	8.914276e-61
	9.184159e-61	9.395155e-61	9.557525e-61	9.680597e-61	9.772573e-61
	9.840405e-61	9.889794e-61	9.925297e-61	9.950478e-61	9.968076e-61
	9.980165e-61	9.988296e-61	9.993617e-61	9.996967e-61	9.998947e-61
	1.000000e-60
V [kg/(s*m^2)]
	3.911709e-01	3.679145e-01	3.451764e-01	3.235074e-01	3.032670e-01
	2.845533e-01	2.673363e-01	2.515315e-01	2.370177e-01	2.236620e-01
	2.113447e-01	1.999324e-01	1.892622e-01	1.791974e-01	1.696392e-01
	1.605071e-01	1.517408e-01	1.432810e-01	1.350591e-01	1.270164e-01
	1.191061e-01	1.112860e-01	1.035216e-01	9.578535e-02	8.805812e-02
	8.033668e-02	7.264465e-02	6.504149e-02	5.759302e-02	5.031302e-02
	4.314975e-02	3.602459e-02	2.887239e-02	2.165412e-02	1.434927e-02
	6.946800e-03	-5.622244e-04	-8.184156e-03	-1.591130e-02	-2.371811e-02
	-3.157119e-02	-3.943709e-02	-4.727980e-02	-5.506285e-02	-6.276346e-02
	-7.037124e-02	-7.787415e-02	-8.525613e-02	-9.249922e-02	-9.957856e-02
	-1.064612e-01	-1.131176e-01	-1.195243e-01	-1.256562e-01	-1.314872e-01
	-1.369930e-01	-1.421523e-01	-1.469479e-01	-1.513699e-01	-1.554173e-01
	-1.590999e-01	-1.624367e-01	-1.654543e-01	-1.681844e-01	-1.706627e-01
	-1.729259e-01	-1.750088e-01	-1.769426e-01	-1.787493e-01	-1.804408e-01
	-1.820258e-01	-1.835144e-01	-1.849170e-01	-1.862458e-01	-1.875150e-01
	-1.887389e-01	-1.899286e-01	-1.910928e-01	-1.922395e-01	-1.933758e-01
	-1.945065e-01	-1.956348e-01	-1.967636e-01	-1.978988e-01	-1.990496e-01
	-2.002241e-01	-2.014234e-01	-2.026393e-01	-2.038621e-01	-2.050896e-01
	-2.063277e-01	-2.075812e-01	-2.088473e-01	-2.101205e-01	-2.114012e-01
	-2.126986e-01	-2.140262e-01	-2.153980e-01	-2.168264e-01	-2.183256e-01
	-2.199253e-01	-2.216552e-01	-2.235221e-01	-2.255790e-01	-2.279006e-01
	-2.305090e-01	-2.335205e-01	-2.371083e-01	-2.413603e-01	-2.464436e-01
	-2.526821e-01	-2.603380e-01	-2.695142e-01	-2.800535e-01	-2.913441e-01
	-3.026934e-01	-3.138093e-01	-3.247046e-01	-3.353993e-01	-3.458578e-01
	-3.560925e-01	-3.662012e-01	-3.763475e-01	-3.867066e-01	-3.974025e-01
	-4.085052e-01	-4.200556e-01	-4.320806e-01	-4.446041e-01	-4.576500e-01
	-4.712402e-01	-4.853908e-01	-5.001079e-01	-5.153848e-01	-5.312002e-01
	-5.475187e-01	-5.642919e-01	-5.814630e-01	-5.989575e-01	-6.166278e-01
	-6.343156e-01
density [kg/m^3]
	6.431859e-01	6.429850e-01	6.426122e-01	6.419448e-01	6.408109e-01
	6.389924e-01	6.362426e-01	6.323188e-01	6.270161e-01	6.201987e-01
	6.118291e-01	6.019525e-01	5.906466e-01	5.780365e-01	5.643060e-01
	5.496712e-01	5.343751e-01	5.186441e-01	5.026553e-01	4.865663e-01
	4.705218e-01	4.546433e-01	4.390366e-01	4.237933e-01	4.089962e-01
	3.947320e-01	3.811076e-01	3.682562e-01	3.562799e-01	3.451664e-01
	3.347968e-01	3.250253e-01	3.157414e-01	3.068790e-01	2.983993e-01
	2.902748e-01	2.824777e-01	2.749872e-01	2.677900e-01	2.608866e-01
	2.542838e-01	2.479914e-01	2.420199e-01	2.363763e-01	2.310554e-01
	2.260432e-01	2.213278e-01	2.169004e-01	2.127534e-01	2.088835e-01
	2.052907e-01	2.019726e-01	1.989229e-01	1.961363e-01	1.936076e-01
	1.913302e-01	1.892965e-01	1.874969e-01	1.859192e-01	1.845483e-01
	1.833666e-01	1.823544e-01	1.814915e-01	1.807582e-01	1.801354e-01
	1.796063e-01	1.791564e-01	1.787741e-01	1.784512e-01	1.781822e-01
	1.779627e-01	1.777884e-01	1.776555e-01	1.775603e-01	1.775003e-01
	1.774736e-01	1.774798e-01	1.775192e-01	1.775932e-01	1.777037e-01
	1.778534e-01	1.780454e-01	1.782833e-01	1.785720e-01	1.789187e-01
	1.793319e-01	1.798194e-01	1.803846e-01	1.810281e-01	1.817522e-01
	1.825637e-01	1.834693e-01	1.844699e-01	1.855619e-01	1.867454e-01
	1.880283e-01	1.894247e-01	1.909517e-01	1.926268e-01	1.944717e-01
	1.965308e-01	1.988545e-01	2.014661e-01	2.044596e-01	2.079757e-01
	2.120933e-01	2.170649e-01	2.232996e-01	2.311510e-01	2.412542e-01
	2.548474e-01	2.735760e-01	2.994311e-01	3.343269e-01	3.784511e-01
	4.300022e-01	4.869663e-01	5.477648e-01	6.104961e-01	6.728840e-01
	7.331482e-01	7.903473e-01	8.441585e-01	8.943944e-01	9.406272e-01
	9.822797e-01	1.018871e+00	1.050158e+00	1.076183e+00	1.097246e+00
	1.113834e+00	1.126545e+00	1.136021e+00	1.142896e+00	1.147751e+00
	1.151088e+00	1.153326e+00	1.154791e+00	1.155729e+00	1.156317e+00
	1.156679e+00
cp [J/m^3K]
	2.197908e+03	2.198291e+03	2.198958e+03	2.200095e+03	2.201957e+03
	2.204869e+03	2.209194e+03	2.215290e+03	2.223459e+03	2.233902e+03
	2.246667e+03	2.261679e+03	2.278803e+03	2.297818e+03	2.318394e+03
	2.340132e+03	2.362570e+03	2.385256e+03	2.407795e+03	2.429819e+03
	2.450973e+03	2.470947e+03	2.489462e+03	2.506276e+03	2.521178e+03
	2.533974e+03	2.544484e+03	2.552552e+03	2.558106e+03	2.561168e+03
	2.561759e+03	2.559796e+03	2.555061e+03	2.547223e+03	2.535861e+03
	2.520475e+03	2.500497e+03	2.475233e+03	2.444003e+03	2.406210e+03
	2.364553e+03	2.321256e+03	2.276814e+03	2.231734e+03	2.186437e+03
	2.141247e+03	2.096468e+03	2.052400e+03	2.009321e+03	1.967517e+03
	1.927286e+03	1.888869e+03	1.852435e+03	1.818130e+03	1.786074e+03
	1.756353e+03	1.729013e+03	1.704065e+03	1.681473e+03	1.661154e+03
	1.642977e+03	1.626773e+03	1.612348e+03	1.599498e+03	1.588009e+03
	1.577675e+03	1.568308e+03	1.559745e+03	1.551868e+03	1.544611e+03
	1.537919e+03	1.531735e+03	1.526002e+03	1.520657e+03	1.515632e+03
	1.510862e+03	1.506298e+03	1.501900e+03	1.497635e+03	1.493473e+03
	1.489392e+03	1.485380e+03	1.481423e+03	1.477499e+03	1.473572e+03
	1.469615e+03	1.465623e+03	1.461618e+03	1.457630e+03	1.453660e+03
	1.449684e+03	1.445680e+03	1.441654e+03	1.437618e+03	1.433565e+03
	1.429463e+03	1.425265e+03	1.420923e+03	1.416395e+03	1.411633e+03
	1.406539e+03	1.401014e+03	1.395034e+03	1.388426e+03	1.380944e+03
	1.372516e+03	1.362761e+03	1.351119e+03	1.337309e+03	1.320808e+03
	1.300607e+03	1.275969e+03	1.246843e+03	1.214305e+03	1.177893e+03
	1.141243e+03	1.110546e+03	1.086814e+03	1.069082e+03	1.055971e+03
	1.046180e+03	1.038693e+03	1.032804e+03	1.028059e+03	1.024188e+03
	1.021025e+03	1.018452e+03	1.016376e+03	1.014722e+03	1.013420e+03
	1.012410e+03	1.011638e+03	1.011057e+03	1.010627e+03	1.010314e+03
	1.010088e+03	1.009927e+03	1.009813e+03	1.009732e+03	1.009674e+03
	1.009633e+03
lambda [W/m]
	3.231541e-02	3.233364e-02	3.236540e-02	3.241962e-02	3.250877e-02
	3.264901e-02	3.285930e-02	3.315963e-02	3.356927e-02	3.410495e-02
	3.477887e-02	3.559955e-02	3.657558e-02	3.771385e-02	3.901755e-02
	4.048720e-02	4.211966e-02	4.391135e-02	4.586179e-02	4.797059e-02
	5.023629e-02	5.265766e-02	5.523261e-02	5.795769e-02	6.082686e-02
	6.382780e-02	6.693613e-02	7.010985e-02	7.330074e-02	7.648089e-02
	7.965141e-02	8.282635e-02	8.601318e-02	8.920516e-02	9.238323e-02
	9.551916e-02	9.857808e-02	1.015175e-01	1.042825e-01	1.068084e-01
	1.091464e-01	1.113409e-01	1.133781e-01	1.152481e-01	1.169487e-01
	1.184827e-01	1.198546e-01	1.210698e-01	1.221350e-01	1.230570e-01
	1.238436e-01	1.245039e-01	1.250485e-01	1.254880e-01	1.258328e-01
	1.260934e-01	1.262800e-01	1.264025e-01	1.264705e-01	1.264932e-01
	1.264790e-01	1.264355e-01	1.263690e-01	1.262847e-01	1.261866e-01
	1.260773e-01	1.259585e-01	1.258310e-01	1.256952e-01	1.255519e-01
	1.254018e-01	1.252455e-01	1.250830e-01	1.249141e-01	1.247377e-01
	1.245522e-01	1.243560e-01	1.241475e-01	1.239247e-01	1.236854e-01
	1.234273e-01	1.231485e-01	1.228466e-01	1.225183e-01	1.221587e-01
	1.217621e-01	1.213250e-01	1.208473e-01	1.203309e-01	1.197755e-01
	1.191778e-01	1.185347e-01	1.178476e-01	1.171204e-01	1.163545e-01
	1.155465e-01	1.146895e-01	1.137758e-01	1.127986e-01	1.117496e-01
	1.106092e-01	1.093576e-01	1.079921e-01	1.064766e-01	1.047591e-01
	1.028281e-01	1.006036e-01	9.796653e-02	9.486577e-02	9.119811e-02
	8.675947e-02	8.141760e-02	7.520065e-02	6.838493e-02	6.146101e-02
	5.507604e-02	4.963350e-02	4.511765e-02	4.141377e-02	3.840202e-02
	3.595406e-02	3.394771e-02	3.228199e-02	3.088489e-02	2.971200e-02
	2.873485e-02	2.793099e-02	2.727984e-02	2.676121e-02	2.635544e-02
	2.604390e-02	2.580940e-02	2.563653e-02	2.551178e-02	2.542367e-02
	2.536270e-02	2.532132e-02	2.529367e-02	2.527544e-02	2.526355e-02
	2.525581e-02
mu [kg/s^2m]
	1.146011e-05	1.146281e-05	1.146847e-05	1.147951e-05	1.149940e-05
	1.153265e-05	1.158459e-05	1.166085e-05	1.176686e-05	1.190737e-05
	1.208584e-05	1.230478e-05	1.256667e-05	1.287362e-05	1.322682e-05
	1.362683e-05	1.407338e-05	1.456619e-05	1.510600e-05	1.569372e-05
	1.633014e-05	1.701625e-05	1.775293e-05	1.854079e-05	1.937981e-05
	2.026825e-05	2.120083e-05	2.216687e-05	2.315350e-05	2.415389e-05
	2.517065e-05	2.621149e-05	2.728353e-05	2.839086e-05	2.953523e-05
	3.071714e-05	3.193692e-05	3.319461e-05	3.448801e-05	3.581197e-05
	3.715948e-05	3.852252e-05	3.989207e-05	4.125886e-05	4.261596e-05
	4.395867e-05	4.528209e-05	4.658075e-05	4.784901e-05	4.908023e-05
	5.026670e-05	5.140168e-05	5.247991e-05	5.349638e-05	5.444640e-05
	5.532621e-05	5.613307e-05	5.686557e-05	5.752388e-05	5.811005e-05
	5.862791e-05	5.908277e-05	5.948084e-05	5.982879e-05	6.013345e-05
	6.040129e-05	6.063804e-05	6.084855e-05	6.103626e-05	6.120328e-05
	6.135133e-05	6.148214e-05	6.159735e-05	6.169858e-05	6.178742e-05
	6.186514e-05	6.193256e-05	6.199012e-05	6.203801e-05	6.207616e-05
	6.210424e-05	6.212171e-05	6.212792e-05	6.212208e-05	6.210305e-05
	6.206928e-05	6.201917e-05	6.195159e-05	6.186610e-05	6.176228e-05
	6.163920e-05	6.149591e-05	6.133250e-05	6.114996e-05	6.094881e-05
	6.072830e-05	6.048662e-05	6.022148e-05	5.993060e-05	5.961121e-05
	5.925675e-05	5.886018e-05	5.841953e-05	5.792172e-05	5.734742e-05
	5.668963e-05	5.591660e-05	5.497940e-05	5.384842e-05	5.246941e-05
	5.073905e-05	4.856471e-05	4.590453e-05	4.282436e-05	3.957700e-05
	3.646250e-05	3.364094e-05	3.115258e-05	2.900311e-05	2.718311e-05
	2.565828e-05	2.438020e-05	2.330126e-05	2.238491e-05	2.160831e-05
	2.095678e-05	2.041812e-05	1.998038e-05	1.963118e-05	1.935797e-05
	1.914853e-05	1.899143e-05	1.887624e-05	1.879378e-05	1.873621e-05
	1.869700e-05	1.867097e-05	1.865411e-05	1.864345e-05	1.863688e-05
	1.863292e-05
mDot_CH4 [kg/m^3s]
	0.000000e+00	2.809675e-14	2.266575e-13	9.130527e-13	2.745814e-12
	6.917996e-12	1.539171e-11	3.119466e-11	5.886136e-11	1.050840e-10
	1.795375e-10	2.963538e-10	4.775515e-10	7.597292e-10	1.210989e-09
	1.978778e-09	3.415992e-09	6.407289e-09	1.317360e-08	2.911353e-08
	6.677132e-08	1.538499e-07	3.479481e-07	7.605901e-07	1.589051e-06
	3.139642e-06	5.791849e-06	9.807670e-06	1.492330e-05	1.977157e-05
	2.107824e-05	1.236227e-05	-1.801342e-05	-8.935690e-05	-2.317767e-04
	-4.904384e-04	-9.322323e-04	-1.656584e-03	-2.811221e-03	-4.613281e-03
	-7.377270e-03	-1.154876e-02	-1.773996e-02	-2.677499e-02	-3.978063e-02
	-5.833690e-02	-8.467833e-02	-1.219877e-01	-1.748361e-01	-2.497766e-01
	-3.561764e-01	-5.076199e-01	-7.241079e-01	-1.035253e+00	-1.485271e+00
	-2.140352e+00	-3.097382e+00	-4.489999e+00	-6.484297e+00	-9.256186e+00
	-1.295091e+01	-1.763799e+01	-2.328182e+01	-2.974343e+01	-3.681341e+01
	-4.425166e+01	-5.181887e+01	-5.929432e+01	-6.646263e+01	-7.311146e+01
	-7.906844e+01	-8.422197e+01	-8.851447e+01	-9.193474e+01	-9.450351e+01
	-9.625098e+01	-9.720515e+01	-9.739372e+01	-9.684577e+01	-9.559147e+01
	-9.366552e+01	-9.111206e+01	-8.798288e+01	-8.432661e+01	-8.018098e+01
	-7.558597e+01	-7.061573e+01	-6.539319e+01	-6.005685e+01	-5.471080e+01
	-4.941727e+01	-4.423612e+01	-3.925022e+01	-3.453983e+01	-3.014700e+01
	-2.607590e+01	-2.231764e+01	-1.886701e+01	-1.572740e+01	-1.290156e+01
	-1.037119e+01	-8.134469e+00	-6.218266e+00	-4.598924e+00	-3.257235e+00
	-2.205361e+00	-1.407710e+00	-8.313727e-01	-4.535935e-01	-2.272749e-01
	-1.028969e-01	-4.201764e-02	-1.550828e-02	-5.187980e-03	-1.652786e-03
	-5.352682e-04	-1.799179e-04	-6.328040e-05	-2.383178e-05	-9.764340e-06
	-4.322840e-06	-2.030859e-06	-9.935273e-07	-4.984898e-07	-2.541206e-07
	-1.309436e-07	-6.795376e-08	-3.539087e-08	-1.841838e-08	-9.527988e-09
	-4.869459e-09	-2.441955e-09	-1.192736e-09	-5.626852e-10	-2.537815e-10
	-1.078781e-10	-4.222644e-11	-1.455482e-11	-3.983292e-12	-6.201782e-13
	0.000000e+00
ScalarDissRate [1/s]
	1.065878e-04	2.700582e-04	1.194686e-03	4.692953e-03	1.619733e-02
	4.923532e-02	1.327814e-01	3.206930e-01	7.011299e-01	1.402696e+00
	2.593134e+00	4.474209e+00	7.281322e+00	1.127188e+01	1.670431e+01
	2.382108e+01	3.282154e+01	4.385659e+01	5.703756e+01	7.240890e+01
	8.992728e+01	1.094593e+02	1.307655e+02	1.534938e+02	1.771744e+02
	2.012092e+02	2.248653e+02	2.473093e+02	2.677816e+02	2.858102e+02
	3.011997e+02	3.138540e+02	3.236515e+02	3.304419e+02	3.340948e+02
	3.345401e+02	3.317771e+02	3.259161e+02	3.171622e+02	3.058580e+02
	2.924251e+02	2.773468e+02	2.611208e+02	2.442151e+02	2.270357e+02
	2.099108e+02	1.931179e+02	1.768889e+02	1.614076e+02	1.468222e+02
	1.332500e+02	1.207582e+02	1.093666e+02	9.906993e+01	8.984265e+01
	8.164027e+01	7.440451e+01	6.806690e+01	6.255068e+01	5.777303e+01
	5.364772e+01	5.008889e+01	4.701476e+01	4.434962e+01	4.202419e+01
	3.997757e+01	3.815806e+01	3.652295e+01	3.504165e+01	3.369490e+01
	3.246749e+01	3.134478e+01	3.031311e+01	2.935900e+01	2.846841e+01
	2.762863e+01	2.682992e+01	2.606491e+01	2.532724e+01	2.461157e+01
	2.391421e+01	2.323294e+01	2.256565e+01	2.190883e+01	2.125742e+01
	2.060725e+01	1.995848e+01	1.931601e+01	1.868519e+01	1.806718e+01
	1.745912e+01	1.685896e+01	1.626834e+01	1.569011e+01	1.512415e+01
	1.456675e+01	1.401285e+01	1.345785e+01	1.289845e+01	1.233150e+01
	1.174892e+01	1.114445e+01	1.052122e+01	9.868725e+00	9.173809e+00
	8.443501e+00	7.663740e+00	6.817859e+00	5.923114e+00	4.992531e+00
	4.032565e+00	3.085785e+00	2.221115e+00	1.504970e+00	9.780688e-01
	6.257799e-01	3.997877e-01	2.557229e-01	1.639241e-01	1.055556e-01
	6.828917e-02	4.422673e-02	2.848164e-02	1.809948e-02	1.128240e-02
	6.871529e-03	4.077219e-03	2.351162e-03	1.314569e-03	7.109034e-04
	3.709554e-04	1.863642e-04	8.998105e-05	4.170108e-05	1.853982e-05
	7.908452e-06	3.239448e-06	1.275953e-06	4.842389e-07	1.781071e-07
	1.005789e-07
ZBilger
	1.000000e+00	9.999324e-01	9.997783e-01	9.994630e-01	9.988780e-01
	9.978799e-01	9.962976e-01	9.939466e-01	9.906450e-01	9.862299e-01
	9.805760e-01	9.735907e-01	9.651830e-01	9.552794e-01	9.438423e-01
	9.308633e-01	9.163730e-01	9.004141e-01	8.830098e-01	8.641915e-01
	8.440097e-01	8.225226e-01	7.998054e-01	7.759539e-01	7.510924e-01
	7.254001e-01	6.991523e-01	6.727519e-01	6.466193e-01	6.209727e-01
	5.957710e-01	5.708561e-01	5.461058e-01	5.214839e-01	4.970144e-01
	4.727489e-01	4.487429e-01	4.250489e-01	4.017606e-01	3.790089e-01
	3.569278e-01	3.356302e-01	3.152146e-01	2.957600e-01	2.772944e-01
	2.598057e-01	2.432801e-01	2.277070e-01	2.130739e-01	1.993767e-01
	1.866198e-01	1.747941e-01	1.638756e-01	1.538405e-01	1.446652e-01
	1.363220e-01	1.287797e-01	1.220027e-01	1.159488e-01	1.105683e-01
	1.058039e-01	1.015931e-01	9.787138e-02	9.457470e-02	9.164010e-02
	8.900895e-02	8.662926e-02	8.445649e-02	8.245902e-02	8.061834e-02
	7.891996e-02	7.734887e-02	7.589030e-02	7.452865e-02	7.324664e-02
	7.202804e-02	7.086036e-02	6.973408e-02	6.864083e-02	6.757350e-02
	6.652720e-02	6.549910e-02	6.448645e-02	6.348416e-02	6.248459e-02
	6.148126e-02	6.047423e-02	5.947088e-02	5.847936e-02	5.750116e-02
	5.653125e-02	5.556560e-02	5.460600e-02	5.365613e-02	5.271485e-02
	5.177477e-02	5.082578e-02	4.985786e-02	4.886261e-02	4.783104e-02
	4.674388e-02	4.558333e-02	4.434788e-02	4.300692e-02	4.151898e-02
	3.988044e-02	3.803377e-02	3.589922e-02	3.346570e-02	3.069794e-02
	2.751599e-02	2.393760e-02	2.011890e-02	1.634177e-02	1.296338e-02
	1.018671e-02	7.987802e-03	6.256821e-03	4.898836e-03	3.840454e-03
	3.015893e-03	2.368289e-03	1.853130e-03	1.439118e-03	1.106027e-03
	8.399644e-04	6.299408e-04	4.664989e-04	3.412318e-04	2.467097e-04
	1.764923e-04	1.251101e-04	8.801481e-05	6.151075e-05	4.267481e-05
	2.926521e-05	1.962103e-05	1.255556e-05	7.254196e-06	3.186110e-06
	0.000000e+00
ScalarDissRateBilger [1/s]
	9.342813e-05	2.616056e-04	1.280225e-03	5.345999e-03	1.919440e-02
	5.995626e-02	1.649241e-01	4.042318e-01	8.933817e-01	1.800612e+00
	3.342743e+00	5.773698e+00	9.377060e+00	1.444272e+01	2.123195e+01
	2.995033e+01	4.071305e+01	5.354260e+01	6.838640e+01	8.509524e+01
	1.034154e+02	1.230049e+02	1.434368e+02	1.642142e+02	1.847875e+02
	2.045655e+02	2.229335e+02	2.393010e+02	2.532366e+02	2.645846e+02
	2.733955e+02	2.797716e+02	2.837850e+02	2.854874e+02	2.849439e+02
	2.822282e+02	2.775232e+02	2.710140e+02	2.628758e+02	2.533986e+02
	2.428079e+02	2.313513e+02	2.193097e+02	2.069500e+02	1.944939e+02
	1.821143e+02	1.699574e+02	1.581485e+02	1.467909e+02	1.359747e+02
	1.257799e+02	1.162606e+02	1.074442e+02	9.934571e+01	9.196888e+01
	8.530479e+01	7.933330e+01	7.402360e+01	6.933381e+01	6.521158e+01
	6.159599e+01	5.842157e+01	5.562299e+01	5.313823e+01	5.091000e+01
	4.888782e+01	4.702907e+01	4.529875e+01	4.367330e+01	4.214083e+01
	4.069383e+01	3.932489e+01	3.802681e+01	3.679121e+01	3.560743e+01
	3.446484e+01	3.335554e+01	3.227389e+01	3.121500e+01	3.017493e+01
	2.915183e+01	2.814584e+01	2.715727e+01	2.618435e+01	2.522314e+01
	2.427148e+01	2.333397e+01	2.242223e+01	2.154806e+01	2.071662e+01
	1.992725e+01	1.918005e+01	1.847895e+01	1.782767e+01	1.722485e+01
	1.666434e+01	1.613834e+01	1.563924e+01	1.516013e+01	1.469333e+01
	1.422631e+01	1.374699e+01	1.324925e+01	1.271461e+01	1.212012e+01
	1.145837e+01	1.070218e+01	9.817819e+00	8.805616e+00	7.665930e+00
	6.393671e+00	5.038388e+00	3.711447e+00	2.552162e+00	1.670442e+00
	1.068937e+00	6.774396e-01	4.261353e-01	2.666736e-01	1.667619e-01
	1.043960e-01	6.524683e-02	4.044954e-02	2.468200e-02	1.473529e-02
	8.574747e-03	4.852051e-03	2.665619e-03	1.420430e-03	7.339742e-04
	3.681252e-04	1.797265e-04	8.589673e-05	4.055759e-05	1.916877e-05
	9.219404e-06	4.593122e-06	2.406839e-06	1.338510e-06	7.915925e-07
	6.100268e-07
ChiAnalytOverChiStoich
	1.000000e-10	1.000000e-10	1.000000e-10	1.000000e-10	1.000000e-10
	1.000000e-10	1.109630e-02	3.024657e-02	6.228196e-02	1.140945e-01
	1.945481e-01	3.141586e-01	4.849280e-01	7.192648e-01	1.028264e+00
	1.420357e+00	1.899688e+00	2.466108e+00	3.116216e+00	3.842691e+00
	4.634253e+00	5.476676e+00	6.353107e+00	7.244655e+00	8.130811e+00
	8.989398e+00	9.796613e+00	1.052835e+01	1.116579e+01	1.170085e+01
	1.213394e+01	1.246748e+01	1.270234e+01	1.283821e+01	1.287528e+01
	1.281522e+01	1.266151e+01	1.241927e+01	1.209571e+01	1.170050e+01
	1.124528e+01	1.074257e+01	1.020532e+01	9.646100e+00	9.075676e+00
	8.502685e+00	7.934641e+00	7.378172e+00	6.838918e+00	6.321950e+00
	5.831858e+00	5.371942e+00	4.944151e+00	4.549728e+00	4.189287e+00
	3.862729e+00	3.569348e+00	3.307896e+00	3.076602e+00	2.873231e+00
	2.695172e+00	2.539606e+00	2.403682e+00	2.284628e+00	2.179799e+00
	2.086794e+00	2.003525e+00	1.928237e+00	1.859675e+00	1.797071e+00
	1.739814e+00	1.687298e+00	1.638942e+00	1.594154e+00	1.552309e+00
	1.512830e+00	1.475278e+00	1.439321e+00	1.404671e+00	1.371086e+00
	1.338403e+00	1.306522e+00	1.275353e+00	1.244733e+00	1.214428e+00
	1.184247e+00	1.154198e+00	1.124506e+00	1.095411e+00	1.066949e+00
	1.038972e+00	1.011363e+00	9.841716e-01	9.575011e-01	9.313156e-01
	9.054102e-01	8.795125e-01	8.533647e-01	8.267639e-01	7.995020e-01
	7.711183e-01	7.412184e-01	7.098514e-01	6.763554e-01	6.398729e-01
	6.005508e-01	5.573327e-01	5.088703e-01	4.556376e-01	3.978030e-01
	3.350275e-01	2.694020e-01	2.054768e-01	1.487881e-01	1.038849e-01
	7.127269e-02	4.830159e-02	3.204878e-02	2.045379e-02	1.213468e-02
	6.095540e-03	1.626982e-03	1.000000e-10	1.000000e-10	1.000000e-10
	1.000000e-10	1.000000e-10	1.000000e-10	1.000000e-10	1.000000e-10
	1.000000e-10	1.000000e-10	1.000000e-10	1.000000e-10	1.000000e-10
	1.000000e-10	1.000000e-10	1.000000e-10	1.000000e-10	1.000000e-10
	1.000000e-10
ChiKWOverChiKWStoich
	7.276276e-11	7.276750e-11	7.277631e-11	7.279210e-11	7.281897e-11
	7.286224e-11	8.092314e-03	2.208685e-02	4.556052e-02	8.365506e-02
	1.430554e-01	2.318093e-01	3.592714e-01	5.353715e-01	7.693781e-01
	1.068892e+00	1.438562e+00	1.879991e+00	2.392422e+00	2.972108e+00
	3.612116e+00	4.302975e+00	5.032766e+00	5.787459e+00	6.551105e+00
	7.305624e+00	8.030608e+00	8.704194e+00	9.307961e+00	9.832464e+00
	1.027604e+01	1.063927e+01	1.092147e+01	1.112075e+01	1.123549e+01
	1.126531e+01	1.121152e+01	1.107689e+01	1.086617e+01	1.058636e+01
	1.024642e+01	9.856451e+00	9.427258e+00	8.969747e+00	8.493610e+00
	8.006944e+00	7.516998e+00	7.030347e+00	6.552779e+00	6.089636e+00
	5.645888e+00	5.225370e+00	4.830680e+00	4.463735e+00	4.125824e+00
	3.817514e+00	3.538733e+00	3.288823e+00	3.066550e+00	2.870156e+00
	2.697448e+00	2.545953e+00	2.413106e+00	2.296364e+00	2.193261e+00
	2.101532e+00	2.019193e+00	1.944561e+00	1.876436e+00	1.814088e+00
	1.756940e+00	1.704408e+00	1.655934e+00	1.610941e+00	1.568814e+00
	1.528984e+00	1.491016e+00	1.454578e+00	1.419383e+00	1.385188e+00
	1.351826e+00	1.319199e+00	1.287211e+00	1.255697e+00	1.224413e+00
	1.193158e+00	1.161937e+00	1.130983e+00	1.100546e+00	1.070673e+00
	1.041212e+00	1.012048e+00	9.832430e-01	9.549185e-01	9.270502e-01
	8.994342e-01	8.717940e-01	8.438694e-01	8.154591e-01	7.863588e-01
	7.560974e-01	7.242800e-01	6.909892e-01	6.555601e-01	6.171372e-01
	5.759395e-01	5.309433e-01	4.808681e-01	4.263656e-01	3.677996e-01
	3.050825e-01	2.406173e-01	1.791439e-01	1.260517e-01	8.530516e-02
	5.673962e-02	3.735156e-02	2.413680e-02	1.504708e-02	8.747418e-03
	4.318474e-03	1.135778e-03	6.893472e-11	6.819408e-11	6.756799e-11
	6.704403e-11	6.661180e-11	6.626120e-11	6.598189e-11	6.576353e-11
	6.559618e-11	6.547058e-11	6.537839e-11	6.531227e-11	6.526596e-11
	6.523430e-11	6.521315e-11	6.519934e-11	6.519051e-11	6.518499e-11
	6.518159e-11
ChiKWFact
	7.276276e-01	7.276750e-01	7.277631e-01	7.279210e-01	7.281897e-01
	7.286224e-01	7.292803e-01	7.302267e-01	7.315204e-01	7.332088e-01
	7.353216e-01	7.378735e-01	7.408757e-01	7.443315e-01	7.482302e-01
	7.525511e-01	7.572625e-01	7.623311e-01	7.677331e-01	7.734444e-01
	7.794388e-01	7.856909e-01	7.921739e-01	7.988591e-01	8.057136e-01
	8.126934e-01	8.197331e-01	8.267383e-01	8.336139e-01	8.403202e-01
	8.468841e-01	8.533619e-01	8.597998e-01	8.662226e-01	8.726403e-01
	8.790573e-01	8.854801e-01	8.919115e-01	8.983492e-01	9.047780e-01
	9.111754e-01	9.175132e-01	9.237595e-01	9.298833e-01	9.358653e-01
	9.416959e-01	9.473646e-01	9.528576e-01	9.581602e-01	9.632528e-01
	9.681113e-01	9.727152e-01	9.770494e-01	9.810993e-01	9.848512e-01
	9.882946e-01	9.914228e-01	9.942340e-01	9.967326e-01	9.989300e-01
	1.000844e+00	1.002499e+00	1.003921e+00	1.005137e+00	1.006176e+00
	1.007063e+00	1.007820e+00	1.008466e+00	1.009013e+00	1.009470e+00
	1.009843e+00	1.010141e+00	1.010368e+00	1.010530e+00	1.010633e+00
	1.010678e+00	1.010668e+00	1.010600e+00	1.010474e+00	1.010285e+00
	1.010030e+00	1.009703e+00	1.009298e+00	1.008808e+00	1.008221e+00
	1.007524e+00	1.006705e+00	1.005759e+00	1.004688e+00	1.003490e+00
	1.002156e+00	1.000677e+00	9.990565e-01	9.973028e-01	9.954201e-01
	9.933996e-01	9.912242e-01	9.888730e-01	9.863265e-01	9.835608e-01
	9.805206e-01	9.771478e-01	9.734280e-01	9.692539e-01	9.644683e-01
	9.590189e-01	9.526504e-01	9.449719e-01	9.357559e-01	9.245774e-01
	9.106194e-01	8.931533e-01	8.718446e-01	8.471889e-01	8.211511e-01
	7.960920e-01	7.732989e-01	7.531272e-01	7.356623e-01	7.208609e-01
	7.084647e-01	6.980886e-01	6.893472e-01	6.819408e-01	6.756799e-01
	6.704403e-01	6.661180e-01	6.626120e-01	6.598189e-01	6.576353e-01
	6.559618e-01	6.547058e-01	6.537839e-01	6.531227e-01	6.526596e-01
	6.523430e-01	6.521315e-01	6.519934e-01	6.519051e-01	6.518499e-01
	6.518159e-01
MolarMass [kg/kmole]
	1.604300e+01	1.604185e+01	1.604072e+01	1.604008e+01	1.604065e+01
	1.604340e+01	1.604953e+01	1.606039e+01	1.607731e+01	1.610155e+01
	1.613419e+01	1.617610e+01	1.622815e+01	1.629118e+01	1.636583e+01
	1.645261e+01	1.655179e+01	1.666362e+01	1.678851e+01	1.692686e+01
	1.707899e+01	1.724521e+01	1.742572e+01	1.762056e+01	1.782956e+01
	1.805202e+01	1.828626e+01	1.852918e+01	1.877711e+01	1.902788e+01
	1.928175e+01	1.954024e+01	1.980468e+01	2.007559e+01	2.035284e+01
	2.063597e+01	2.092427e+01	2.121731e+01	2.151372e+01	2.181160e+01
	2.210878e+01	2.240320e+01	2.269277e+01	2.297556e+01	2.325028e+01
	2.351620e+01	2.377264e+01	2.401891e+01	2.425436e+01	2.447822e+01
	2.468964e+01	2.488800e+01	2.507300e+01	2.524442e+01	2.540208e+01
	2.554599e+01	2.567628e+01	2.579327e+01	2.589749e+01	2.598970e+01
	2.607089e+01	2.614217e+01	2.620475e+01	2.625984e+01	2.630862e+01
	2.635220e+01	2.639152e+01	2.642742e+01	2.646048e+01	2.649105e+01
	2.651942e+01	2.654586e+01	2.657063e+01	2.659398e+01	2.661623e+01
	2.663765e+01	2.665845e+01	2.667882e+01	2.669889e+01	2.671880e+01
	2.673866e+01	2.675851e+01	2.677841e+01	2.679848e+01	2.681886e+01
	2.683970e+01	2.686101e+01	2.688265e+01	2.690442e+01	2.692629e+01
	2.694835e+01	2.697067e+01	2.699321e+01	2.701587e+01	2.703864e+01
	2.706170e+01	2.708529e+01	2.710965e+01	2.713499e+01	2.716155e+01
	2.718984e+01	2.722034e+01	2.725309e+01	2.728893e+01	2.732900e+01
	2.737342e+01	2.742384e+01	2.748259e+01	2.755024e+01	2.762828e+01
	2.771983e+01	2.782578e+01	2.794324e+01	2.806515e+01	2.818075e+01
	2.828249e+01	2.836943e+01	2.844362e+01	2.850688e+01	2.856050e+01
	2.860587e+01	2.864452e+01	2.867778e+01	2.870669e+01	2.873185e+01
	2.875360e+01	2.877221e+01	2.878795e+01	2.880108e+01	2.881191e+01
	2.882073e+01	2.882783e+01	2.883349e+01	2.883795e+01	2.884145e+01
	2.884418e+01	2.884631e+01	2.884796e+01	2.884925e+01	2.885027e+01
	2.885106e+01
TotalEnthalpy [J/kg]
	-4.664239e+06	-4.663870e+06	-4.663136e+06	-4.661751e+06	-4.659300e+06
	-4.655237e+06	-4.648913e+06	-4.639623e+06	-4.626672e+06	-4.609425e+06
	-4.587378e+06	-4.560130e+06	-4.527261e+06	-4.488385e+06	-4.443232e+06
	-4.391613e+06	-4.333471e+06	-4.268783e+06	-4.197428e+06	-4.119311e+06
	-4.034406e+06	-3.942720e+06	-3.844336e+06	-3.739439e+06	-3.628364e+06
	-3.511727e+06	-3.390642e+06	-3.266908e+06	-3.142531e+06	-3.018657e+06
	-2.895215e+06	-2.771541e+06	-2.647116e+06	-2.521834e+06	-2.395906e+06
	-2.269697e+06	-2.143624e+06	-2.018104e+06	-1.893825e+06	-1.771705e+06
	-1.652711e+06	-1.537657e+06	-1.427279e+06	-1.322193e+06	-1.222711e+06
	-1.128902e+06	-1.040796e+06	-9.584113e+05	-8.817286e+05	-8.107428e+05
	-7.454628e+05	-6.858002e+05	-6.315675e+05	-5.825615e+05	-5.385668e+05
	-4.993398e+05	-4.646164e+05	-4.341143e+05	-4.075289e+05	-3.845330e+05
	-3.647801e+05	-3.479155e+05	-3.335894e+05	-3.214648e+05	-3.112220e+05
	-3.025714e+05	-2.952629e+05	-2.890875e+05	-2.838890e+05	-2.795534e+05
	-2.759788e+05	-2.730653e+05	-2.707196e+05	-2.688555e+05	-2.673955e+05
	-2.662754e+05	-2.654447e+05	-2.648618e+05	-2.644906e+05	-2.642981e+05
	-2.642535e+05	-2.643251e+05	-2.644797e+05	-2.646828e+05	-2.648978e+05
	-2.650840e+05	-2.651932e+05	-2.651729e+05	-2.649730e+05	-2.645482e+05
	-2.638542e+05	-2.628477e+05	-2.614958e+05	-2.597807e+05	-2.576882e+05
	-2.551948e+05	-2.522640e+05	-2.488512e+05	-2.449100e+05	-2.403859e+05
	-2.351676e+05	-2.291322e+05	-2.222380e+05	-2.142796e+05	-2.049641e+05
	-1.942375e+05	-1.817215e+05	-1.669209e+05	-1.499482e+05	-1.309973e+05
	-1.103637e+05	-8.956699e+04	-7.123439e+04	-5.782200e+04	-4.992798e+04
	-4.556627e+04	-4.255423e+04	-3.961902e+04	-3.632175e+04	-3.269599e+04
	-2.892730e+04	-2.517864e+04	-2.154854e+04	-1.809660e+04	-1.487695e+04
	-1.194024e+04	-9.323254e+03	-7.044069e+03	-5.102045e+03	-3.481460e+03
	-2.156334e+03	-1.094619e+03	-2.614439e+02	3.785264e+02	8.593382e+02
	1.212478e+03	1.465968e+03	1.643820e+03	1.765774e+03	1.847311e+03
	1.900584e+03
trailer
Lewis numbers evaluated at maximum consumption
N2	-1
O2	1.01567
@ Z = 0.04513
H	0.170743
@ Z = 0.0645452
OH	0.672394
@ Z = 0.0590361
O	0.659354
@ Z = 0.0487543
H2	0.280264
@ Z = 0.0367785
H2O	-1
HO2	1.01967
@ Z = 0.0026273
H2O2	1.01414
@ Z = 0.0331816
CO	1.01229
@ Z = 0.030193
CO2	-1
CH	0.612925
@ Z = 0.0397688
CHO	1.15988
@ Z = 0.0344839
CH2	0.886636
@ Z = 0.0415897
CH2O	1.17218
@ Z = 0.0378283
CH3	0.923328
@ Z = 0.0442386
CH4	0.926728
@ Z = 0.0590361
C2H6	1.346
@ Z = 0.0570899
C2H	1.19508
@ Z = 0.0406896
C2H2	1.21016
@ Z = 0.0442386
CHCO	0.813153
@ Z = 0.0442386
C3H3	1.64235
@ Z = 0.0442386
C2H3	1.2206
@ Z = 0.0424757
C2H4	1.22469
@ Z = 0.0506059
C2H5	1.33385
@ Z = 0.046935
C3H4	1.60102
@ Z = 0.0415897
C3H5	1.65156
@ Z = 0.0442386
C3H6	1.71955
@ Z = 0.0496762
N-C3H7	1.72553
@ Z = 0.0460302
I-C3H7	1.71135
@ Z = 0.0344839
C3H8	1.72664
@ Z = 0.00820281
Lewis numbers evaluated at maximum formation
N2	-1
O2	1.04195
@ Z = 0.0026273
H	0.16956
@ Z = 0.0442386
OH	0.668011
@ Z = 0.0397688
O	0.652207
@ Z = 0.0344839
H2	0.282732
@ Z = 0.0610934
H2O	0.754613
@ Z = 0.047842
HO2	1.0068
@ Z = 0.00651841
H2O2	1.00347
@ Z = 0.0187838
CO	1.02647
@ Z = 0.047842
CO2	1.27452
@ Z = 0.0397688
CH	0.616818
@ Z = 0.0496762
CHO	1.1678
@ Z = 0.04513
CH2	0.89155
@ Z = 0.0542896
CH2O	1.17908
@ Z = 0.0496762
CH3	0.924236
@ Z = 0.0610934
CH4	0.676946
@ Z = 0.61309
C2H6	1.328
@ Z = 0.0878196
C2H	1.20142
@ Z = 0.0524584
C2H2	1.21089
@ Z = 0.0621837
CHCO	0.814203
@ Z = 0.0610934
C3H3	1.64596
@ Z = 0.0552111
C2H3	1.22503
@ Z = 0.0570899
C2H4	1.2174
@ Z = 0.0722059
C2H5	1.33333
@ Z = 0.0621837
C3H4	1.60609
@ Z = 0.0590361
C3H5	1.65342
@ Z = 0.0600472
C3H6	1.71382
@ Z = 0.0658473
N-C3H7	1.72684
@ Z = 0.0580525
I-C3H7	1.71862
@ Z = 0.00820281
C3H8	-1
Lewis numbers evaluated at maximum mass fraction
N2	0.921354
@ Z = 1.29372e-06
O2	1.05241
@ Z = 1.29372e-06
H	0.168806
@ Z = 0.0397688
OH	0.666194
@ Z = 0.0367785
O	0.649532
@ Z = 0.030193
H2	0.280784
@ Z = 0.0878196
H2O	0.75476
@ Z = 0.0645452
HO2	1.00244
@ Z = 0.00820281
H2O2	1.00268
@ Z = 0.0158188
CO	1.02429
@ Z = 0.0672501
CO2	1.28248
@ Z = 0.0600472
CH	0.616991
@ Z = 0.0506059
CHO	1.16826
@ Z = 0.0460302
CH2	0.891562
@ Z = 0.0552111
CH2O	1.14903
@ Z = 0.138255
CH3	0.922772
@ Z = 0.0658473
CH4	0.895801
@ Z = 0.999928
C2H6	1.29463
@ Z = 0.184706
C2H	1.20148
@ Z = 0.0533744
C2H2	1.19087
@ Z = 0.101286
CHCO	0.806816
@ Z = 0.081365
C3H3	1.64575
@ Z = 0.0561437
C2H3	1.2248
@ Z = 0.0580525
C2H4	1.19535
@ Z = 0.120936
C2H5	1.33142
@ Z = 0.0658473
C3H4	1.57855
@ Z = 0.096199
C3H5	1.65052
@ Z = 0.0645452
C3H6	1.70665
@ Z = 0.0741597
N-C3H7	1.72582
@ Z = 0.0600472
I-C3H7	1.80189
@ Z = 0.996591
C3H8	1.79413
@ Z = 0.976518
