header

title = "planar counterflow diffusion flame"
author = ""
date = "Wed Aug 14 10:56:11 2013"

fuel = "CH4"
pressure = 1 [bar]
strainrate = 360 [1/s]
chiStoichAnal = 8.86366 [1/s]
chiStoichAnalKW = 13.8139 [1/s]
FlameLocZ = 0.0578753 [K]
FlameLocBilger = 0.0677245 [K]
Tmax = 1935.81 [K]
stoichScalarDissRate = 15.0834 [1/s]
stoichScalarDissRateBilger = 11.0395 [1/s]

OxidizerSide
begin
	Temperature = 300 [K]
	Massfraction-N2 = 0.76708
	Massfraction-O2 = 0.23292
	Molefraction-N2 = 0.79
	Molefraction-O2 = 0.21
end

FuelSide
begin
	Temperature = 300 [K]
	Massfraction-CH4 = 1
	Molefraction-CH4 = 1
end

numOfSpecies = 31
gridPoints = 141

body
eta
	0.000000e+00	1.358871e-01	2.692273e-01	3.971681e-01	5.177463e-01
	6.303253e-01	7.348849e-01	8.316508e-01	9.210457e-01	1.003623e+00
	1.080008e+00	1.150842e+00	1.216754e+00	1.278332e+00	1.336119e+00
	1.390602e+00	1.442222e+00	1.491370e+00	1.538397e+00	1.583619e+00
	1.627323e+00	1.669773e+00	1.711217e+00	1.751895e+00	1.792043e+00
	1.831878e+00	1.871567e+00	1.911207e+00	1.950836e+00	1.990492e+00
	2.030216e+00	2.069987e+00	2.109713e+00	2.149330e+00	2.188861e+00
	2.228418e+00	2.268194e+00	2.308519e+00	2.349861e+00	2.392646e+00
	2.436876e+00	2.481925e+00	2.526845e+00	2.570911e+00	2.613803e+00
	2.655407e+00	2.695648e+00	2.734470e+00	2.771850e+00	2.807792e+00
	2.842321e+00	2.875450e+00	2.907149e+00	2.937305e+00	2.965699e+00
	2.992039e+00	3.016029e+00	3.037491e+00	3.056462e+00	3.073166e+00
	3.087926e+00	3.101080e+00	3.112972e+00	3.123883e+00	3.133974e+00
	3.143321e+00	3.152026e+00	3.160236e+00	3.168074e+00	3.175581e+00
	3.182738e+00	3.189522e+00	3.195925e+00	3.201955e+00	3.207641e+00
	3.213030e+00	3.218190e+00	3.223196e+00	3.228105e+00	3.232949e+00
	3.237748e+00	3.242523e+00	3.247289e+00	3.252060e+00	3.256851e+00
	3.261685e+00	3.266588e+00	3.271589e+00	3.276721e+00	3.282031e+00
	3.287581e+00	3.293456e+00	3.299766e+00	3.306656e+00	3.314310e+00
	3.322972e+00	3.332989e+00	3.344910e+00	3.359466e+00	3.377388e+00
	3.399263e+00	3.425337e+00	3.455318e+00	3.488603e+00	3.524947e+00
	3.564889e+00	3.609412e+00	3.659033e+00	3.713196e+00	3.770669e+00
	3.830300e+00	3.891319e+00	3.953266e+00	4.015801e+00	4.078629e+00
	4.141619e+00	4.204958e+00	4.269207e+00	4.335218e+00	4.403957e+00
	4.476258e+00	4.552652e+00	4.633338e+00	4.718323e+00	4.807570e+00
	4.901060e+00	4.998817e+00	5.100894e+00	5.207347e+00	5.318211e+00
	5.433470e+00	5.553036e+00	5.676738e+00	5.804313e+00	5.935421e+00
	6.069669e+00	6.206636e+00	6.345895e+00	6.486970e+00	6.629041e+00
	6.771246e+00
y [m]
	-2.189707e-03	-2.138007e-03	-2.087258e-03	-2.038535e-03	-1.992571e-03
	-1.949592e-03	-1.909582e-03	-1.872432e-03	-1.837953e-03	-1.805907e-03
	-1.776031e-03	-1.748055e-03	-1.721717e-03	-1.696771e-03	-1.672989e-03
	-1.650166e-03	-1.628116e-03	-1.606669e-03	-1.585670e-03	-1.564975e-03
	-1.544447e-03	-1.523956e-03	-1.503371e-03	-1.482556e-03	-1.461369e-03
	-1.439664e-03	-1.417314e-03	-1.394222e-03	-1.370321e-03	-1.345544e-03
	-1.319818e-03	-1.293114e-03	-1.265456e-03	-1.236864e-03	-1.207297e-03
	-1.176647e-03	-1.144731e-03	-1.111232e-03	-1.075672e-03	-1.037554e-03
	-9.967170e-04	-9.536021e-04	-9.090575e-04	-8.638308e-04	-8.183375e-04
	-7.728122e-04	-7.274629e-04	-6.824847e-04	-6.380402e-04	-5.942572e-04
	-5.512374e-04	-5.090904e-04	-4.679762e-04	-4.281629e-04	-3.900660e-04
	-3.542107e-04	-3.211375e-04	-2.912222e-04	-2.645331e-04	-2.408472e-04
	-2.197806e-04	-2.008996e-04	-1.837510e-04	-1.679508e-04	-1.532865e-04
	-1.396604e-04	-1.269373e-04	-1.149088e-04	-1.034032e-04	-9.236608e-05
	-8.182785e-05	-7.182884e-05	-6.238524e-05	-5.348619e-05	-4.509451e-05
	-3.714257e-05	-2.953043e-05	-2.214968e-05	-1.491854e-05	-7.791455e-06
	-7.401181e-07	6.262495e-06	1.323917e-05	2.020689e-05	2.718594e-05
	3.420571e-05	4.130148e-05	4.851139e-05	5.588030e-05	6.346800e-05
	7.135718e-05	7.965914e-05	8.851885e-05	9.811947e-05	1.086935e-04
	1.205415e-04	1.340819e-04	1.499715e-04	1.690382e-04	1.920096e-04
	2.193017e-04	2.507715e-04	2.855486e-04	3.224144e-04	3.606064e-04
	4.001434e-04	4.412912e-04	4.836669e-04	5.259681e-04	5.666925e-04
	6.048595e-04	6.401044e-04	6.724577e-04	7.021155e-04	7.293327e-04
	7.544282e-04	7.778012e-04	7.999070e-04	8.212107e-04	8.421280e-04
	8.629716e-04	8.839336e-04	9.051066e-04	9.265403e-04	9.482839e-04
	9.703973e-04	9.929529e-04	1.016029e-03	1.039700e-03	1.064031e-03
	1.089071e-03	1.114847e-03	1.141361e-03	1.168590e-03	1.196490e-03
	1.224997e-03	1.254041e-03	1.283541e-03	1.313407e-03	1.343471e-03
	1.373556e-03
f
	-3.529260e+00	-3.347023e+00	-3.168183e+00	-2.996553e+00	-2.834747e+00
	-2.683595e+00	-2.543096e+00	-2.412914e+00	-2.292448e+00	-2.180918e+00
	-2.077454e+00	-1.981160e+00	-1.891163e+00	-1.806642e+00	-1.726844e+00
	-1.651083e+00	-1.578745e+00	-1.509272e+00	-1.442163e+00	-1.376959e+00
	-1.313236e+00	-1.250596e+00	-1.188653e+00	-1.127024e+00	-1.065317e+00
	-1.003154e+00	-9.402222e-01	-8.763118e-01	-8.113027e-01	-7.450785e-01
	-6.775161e-01	-6.086091e-01	-5.384841e-01	-4.672471e-01	-3.948530e-01
	-3.211003e-01	-2.456257e-01	-1.677896e-01	-8.663964e-02	-1.276123e-03
	8.836431e-02	1.810056e-01	2.745900e-01	3.674269e-01	4.586356e-01
	5.477672e-01	6.344677e-01	7.184434e-01	7.994916e-01	8.774954e-01
	9.523995e-01	1.024145e+00	1.092603e+00	1.157485e+00	1.218299e+00
	1.274425e+00	1.325264e+00	1.370496e+00	1.410261e+00	1.445096e+00
	1.475724e+00	1.502895e+00	1.527349e+00	1.549694e+00	1.570274e+00
	1.589264e+00	1.606883e+00	1.623440e+00	1.639191e+00	1.654222e+00
	1.668505e+00	1.681999e+00	1.694693e+00	1.706612e+00	1.717818e+00
	1.728408e+00	1.738521e+00	1.748305e+00	1.757875e+00	1.767291e+00
	1.776596e+00	1.785827e+00	1.795017e+00	1.804191e+00	1.813379e+00
	1.822621e+00	1.831968e+00	1.841472e+00	1.851197e+00	1.861224e+00
	1.871668e+00	1.882683e+00	1.894467e+00	1.907277e+00	1.921436e+00
	1.937369e+00	1.955671e+00	1.977281e+00	2.003407e+00	2.035178e+00
	2.073371e+00	2.118065e+00	2.168372e+00	2.222909e+00	2.280939e+00
	2.342944e+00	2.409966e+00	2.482222e+00	2.558399e+00	2.636470e+00
	2.714802e+00	2.792466e+00	2.869047e+00	2.944331e+00	3.018187e+00
	3.090674e+00	3.162200e+00	3.233539e+00	3.305735e+00	3.379895e+00
	3.456943e+00	3.537460e+00	3.621677e+00	3.709635e+00	3.801340e+00
	3.896827e+00	3.996177e+00	4.099500e+00	4.206911e+00	4.318495e+00
	4.434283e+00	4.554230e+00	4.678198e+00	4.805954e+00	4.937181e+00
	5.071504e+00	5.208517e+00	5.347801e+00	5.488889e+00	5.630965e+00
	5.773170e+00
df/deta
	1.341029e+00	1.341095e+00	1.341230e+00	1.341482e+00	1.341917e+00
	1.342627e+00	1.343721e+00	1.345327e+00	1.347578e+00	1.350601e+00
	1.354517e+00	1.359430e+00	1.365424e+00	1.372568e+00	1.380917e+00
	1.390511e+00	1.401379e+00	1.413547e+00	1.427036e+00	1.441863e+00
	1.458050e+00	1.475621e+00	1.494607e+00	1.515048e+00	1.536996e+00
	1.560506e+00	1.585608e+00	1.612281e+00	1.640444e+00	1.669988e+00
	1.700782e+00	1.732613e+00	1.765178e+00	1.798167e+00	1.831328e+00
	1.864469e+00	1.897458e+00	1.930249e+00	1.962861e+00	1.995186e+00
	2.026701e+00	2.056440e+00	2.083361e+00	2.106789e+00	2.126468e+00
	2.142361e+00	2.154527e+00	2.163098e+00	2.168261e+00	2.170244e+00
	2.169293e+00	2.165668e+00	2.159645e+00	2.151545e+00	2.141766e+00
	2.130799e+00	2.119203e+00	2.107519e+00	2.096153e+00	2.085334e+00
	2.075143e+00	2.065559e+00	2.056489e+00	2.047828e+00	2.039532e+00
	2.031601e+00	2.024004e+00	2.016653e+00	2.009469e+00	2.002438e+00
	1.995596e+00	1.988990e+00	1.982649e+00	1.976581e+00	1.970779e+00
	1.965207e+00	1.959807e+00	1.954508e+00	1.949257e+00	1.944023e+00
	1.938787e+00	1.933530e+00	1.928236e+00	1.922891e+00	1.917481e+00
	1.911980e+00	1.906360e+00	1.900587e+00	1.894621e+00	1.888409e+00
	1.881876e+00	1.874919e+00	1.867402e+00	1.859148e+00	1.849928e+00
	1.839439e+00	1.827251e+00	1.812680e+00	1.794826e+00	1.772804e+00
	1.745949e+00	1.714114e+00	1.677931e+00	1.638526e+00	1.596675e+00
	1.552370e+00	1.505346e+00	1.456130e+00	1.406449e+00	1.358418e+00
	1.313598e+00	1.272786e+00	1.236228e+00	1.203873e+00	1.175511e+00
	1.150791e+00	1.129245e+00	1.110366e+00	1.093690e+00	1.078861e+00
	1.065658e+00	1.053975e+00	1.043765e+00	1.034981e+00	1.027545e+00
	1.021356e+00	1.016290e+00	1.012214e+00	1.008992e+00	1.006494e+00
	1.004594e+00	1.003180e+00	1.002151e+00	1.001418e+00	1.000909e+00
	1.000563e+00	1.000333e+00	1.000184e+00	1.000091e+00	1.000033e+00
	1.000000e+00
Z
	1.000000e+00	9.999519e-01	9.998563e-01	9.996780e-01	9.993674e-01
	9.988592e-01	9.980739e-01	9.969235e-01	9.953171e-01	9.931669e-01
	9.903925e-01	9.869234e-01	9.826988e-01	9.776676e-01	9.717861e-01
	9.650159e-01	9.573223e-01	9.486719e-01	9.390306e-01	9.283623e-01
	9.166269e-01	9.037785e-01	8.897633e-01	8.745172e-01	8.579619e-01
	8.400124e-01	8.205966e-01	7.996775e-01	7.772598e-01	7.533688e-01
	7.280478e-01	7.014064e-01	6.736322e-01	6.449296e-01	6.154592e-01
	5.853284e-01	5.545879e-01	5.231908e-01	4.909936e-01	4.579228e-01
	4.242778e-01	3.908493e-01	3.586004e-01	3.282066e-01	2.999479e-01
	2.738906e-01	2.500241e-01	2.282872e-01	2.085746e-01	1.907517e-01
	1.746702e-01	1.601885e-01	1.471854e-01	1.355728e-01	1.252967e-01
	1.163192e-01	1.085948e-01	1.020391e-01	9.651634e-02	9.185903e-02
	8.790054e-02	8.449354e-02	8.151001e-02	7.885112e-02	7.645804e-02
	7.429675e-02	7.233122e-02	7.051830e-02	6.882419e-02	6.723474e-02
	6.574884e-02	6.436679e-02	6.308568e-02	6.189936e-02	6.079877e-02
	5.977162e-02	5.880237e-02	5.787531e-02	5.697889e-02	5.610653e-02
	5.525406e-02	5.441763e-02	5.359409e-02	5.278108e-02	5.197596e-02
	5.117519e-02	5.037470e-02	4.957028e-02	4.875719e-02	4.792928e-02
	4.707824e-02	4.619315e-02	4.526017e-02	4.426236e-02	4.317897e-02
	4.198407e-02	4.064275e-02	3.910126e-02	3.729734e-02	3.518949e-02
	3.277697e-02	3.011690e-02	2.732612e-02	2.453475e-02	2.181998e-02
	1.919443e-02	1.665575e-02	1.424158e-02	1.202857e-02	1.008039e-02
	8.416164e-03	7.018782e-03	5.854811e-03	4.888877e-03	4.088668e-03
	3.424839e-03	2.870813e-03	2.403648e-03	2.004925e-03	1.661210e-03
	1.363748e-03	1.107245e-03	8.882393e-04	7.036610e-04	5.502247e-04
	4.244359e-04	3.227441e-04	2.417094e-04	1.781109e-04	1.290019e-04
	9.173633e-05	6.397705e-05	4.369790e-05	2.917825e-05	1.899167e-05
	1.198746e-05	7.264685e-06	4.139254e-06	2.107916e-06	8.123697e-07
	0.000000e+00
temperature [K]
	3.000000e+02	3.000527e+02	3.001573e+02	3.003524e+02	3.006918e+02
	3.012469e+02	3.021036e+02	3.033568e+02	3.051036e+02	3.074365e+02
	3.104388e+02	3.141819e+02	3.187248e+02	3.241157e+02	3.303937e+02
	3.375921e+02	3.457406e+02	3.548687e+02	3.650079e+02	3.761946e+02
	3.884723e+02	4.018945e+02	4.165279e+02	4.324563e+02	4.497858e+02
	4.686395e+02	4.891387e+02	5.113820e+02	5.354397e+02	5.613767e+02
	5.892566e+02	6.190884e+02	6.508079e+02	6.843411e+02	7.196737e+02
	7.568704e+02	7.960921e+02	8.376723e+02	8.821594e+02	9.301378e+02
	9.817826e+02	1.036482e+03	1.093020e+03	1.150233e+03	1.207380e+03
	1.263966e+03	1.319555e+03	1.373753e+03	1.426236e+03	1.476753e+03
	1.525110e+03	1.571131e+03	1.614614e+03	1.655285e+03	1.692774e+03
	1.726684e+03	1.756695e+03	1.782713e+03	1.804954e+03	1.823868e+03
	1.839990e+03	1.853836e+03	1.865880e+03	1.876491e+03	1.885883e+03
	1.894178e+03	1.901505e+03	1.908016e+03	1.913815e+03	1.918930e+03
	1.923345e+03	1.927050e+03	1.930054e+03	1.932387e+03	1.934088e+03
	1.935202e+03	1.935768e+03	1.935805e+03	1.935314e+03	1.934278e+03
	1.932682e+03	1.930502e+03	1.927716e+03	1.924301e+03	1.920235e+03
	1.915489e+03	1.910028e+03	1.903811e+03	1.896787e+03	1.888888e+03
	1.880009e+03	1.870004e+03	1.858666e+03	1.845718e+03	1.830797e+03
	1.813420e+03	1.792903e+03	1.768148e+03	1.737703e+03	1.700140e+03
	1.654326e+03	1.599813e+03	1.537236e+03	1.467937e+03	1.392686e+03
	1.310968e+03	1.221927e+03	1.126491e+03	1.028459e+03	9.329089e+02
	8.438975e+02	7.637289e+02	6.932863e+02	6.324971e+02	5.806981e+02
	5.368403e+02	4.996777e+02	4.679749e+02	4.406652e+02	4.169437e+02
	3.962831e+02	3.783706e+02	3.630058e+02	3.500055e+02	3.391628e+02
	3.302493e+02	3.230267e+02	3.172606e+02	3.127282e+02	3.092241e+02
	3.065625e+02	3.045784e+02	3.031281e+02	3.020892e+02	3.013600e+02
	3.008586e+02	3.005204e+02	3.002965e+02	3.001510e+02	3.000582e+02
	3.000000e+02
massfraction-N2
	1.000000e-60	3.918923e-05	1.173627e-04	2.635566e-04	5.190026e-04
	9.383152e-04	1.588109e-03	2.542722e-03	3.879073e-03	5.671596e-03
	7.988367e-03	1.088879e-02	1.442289e-02	1.863175e-02	2.354877e-02
	2.920121e-02	3.561195e-02	4.280116e-02	5.078785e-02	5.959134e-02
	6.923270e-02	7.973619e-02	9.113091e-02	1.034530e-01	1.167479e-01
	1.310649e-01	1.464409e-01	1.628842e-01	1.803701e-01	1.988595e-01
	2.183012e-01	2.385971e-01	2.595947e-01	2.811361e-01	3.031026e-01
	3.254208e-01	3.480637e-01	3.710798e-01	3.945918e-01	4.186774e-01
	4.431492e-01	4.674715e-01	4.909800e-01	5.132051e-01	5.339546e-01
	5.531836e-01	5.708966e-01	5.871304e-01	6.019513e-01	6.154458e-01
	6.277106e-01	6.388379e-01	6.489051e-01	6.579654e-01	6.660452e-01
	6.731588e-01	6.793264e-01	6.845996e-01	6.890732e-01	6.928706e-01
	6.961176e-01	6.989271e-01	7.013989e-01	7.036103e-01	7.056066e-01
	7.074134e-01	7.090583e-01	7.105758e-01	7.119927e-01	7.133198e-01
	7.145571e-01	7.157042e-01	7.167634e-01	7.177401e-01	7.186424e-01
	7.194808e-01	7.202686e-01	7.210191e-01	7.217420e-01	7.224430e-01
	7.231256e-01	7.237933e-01	7.244488e-01	7.250941e-01	7.257315e-01
	7.263638e-01	7.269941e-01	7.276255e-01	7.282615e-01	7.289063e-01
	7.295660e-01	7.302480e-01	7.309620e-01	7.317194e-01	7.325342e-01
	7.334236e-01	7.344108e-01	7.355321e-01	7.368288e-01	7.383270e-01
	7.400235e-01	7.418736e-01	7.437908e-01	7.456825e-01	7.474993e-01
	7.492432e-01	7.509345e-01	7.525732e-01	7.541310e-01	7.555740e-01
	7.568836e-01	7.580593e-01	7.591098e-01	7.600461e-01	7.608784e-01
	7.616178e-01	7.622767e-01	7.628685e-01	7.634053e-01	7.638961e-01
	7.643463e-01	7.647573e-01	7.651285e-01	7.654594e-01	7.657502e-01
	7.660021e-01	7.662174e-01	7.663990e-01	7.665500e-01	7.666737e-01
	7.667735e-01	7.668528e-01	7.669147e-01	7.669622e-01	7.669980e-01
	7.670246e-01	7.670440e-01	7.670579e-01	7.670678e-01	7.670748e-01
	7.670796e-01
massfraction-O2
	1.000000e-60	6.422831e-07	1.918956e-06	4.298309e-06	8.442044e-06
	1.522226e-05	2.569662e-05	4.103705e-05	6.244501e-05	9.106839e-05
	1.279381e-04	1.739298e-04	2.297517e-04	2.959511e-04	3.729333e-04
	4.609868e-04	5.603100e-04	6.710373e-04	7.932627e-04	9.270623e-04
	1.072514e-03	1.229719e-03	1.398820e-03	1.580036e-03	1.773683e-03
	1.980091e-03	2.199372e-03	2.431198e-03	2.674773e-03	2.929113e-03
	3.193107e-03	3.465064e-03	3.742674e-03	4.023694e-03	4.306532e-03
	4.590291e-03	4.874751e-03	5.160697e-03	5.449879e-03	5.743552e-03
	6.039896e-03	6.333134e-03	6.616162e-03	6.884251e-03	7.135892e-03
	7.371185e-03	7.590676e-03	7.795184e-03	7.985828e-03	8.163978e-03
	8.331208e-03	8.489176e-03	8.639535e-03	8.783788e-03	8.923155e-03
	9.058564e-03	9.190636e-03	9.319948e-03	9.447412e-03	9.574468e-03
	9.702994e-03	9.835238e-03	9.974130e-03	1.012301e-02	1.028454e-02
	1.046051e-02	1.065322e-02	1.086681e-02	1.110614e-02	1.137476e-02
	1.167400e-02	1.200364e-02	1.236271e-02	1.274995e-02	1.316450e-02
	1.360699e-02	1.408083e-02	1.459189e-02	1.514636e-02	1.574927e-02
	1.640505e-02	1.711868e-02	1.789527e-02	1.873978e-02	1.965788e-02
	2.065707e-02	2.174659e-02	2.293726e-02	2.424234e-02	2.567949e-02
	2.727329e-02	2.905782e-02	3.107958e-02	3.340049e-02	3.610279e-02
	3.929655e-02	4.313660e-02	4.786371e-02	5.379194e-02	6.121623e-02
	7.031367e-02	8.102256e-02	9.295972e-02	1.055626e-01	1.184028e-01
	1.313104e-01	1.441796e-01	1.566945e-01	1.683364e-01	1.786837e-01
	1.875896e-01	1.951165e-01	2.014183e-01	2.066659e-01	2.110207e-01
	2.146345e-01	2.176484e-01	2.201860e-01	2.223473e-01	2.242052e-01
	2.258074e-01	2.271831e-01	2.283515e-01	2.293301e-01	2.301377e-01
	2.307943e-01	2.313202e-01	2.317349e-01	2.320568e-01	2.323024e-01
	2.324863e-01	2.326215e-01	2.327188e-01	2.327875e-01	2.328350e-01
	2.328671e-01	2.328885e-01	2.329024e-01	2.329113e-01	2.329169e-01
	2.329204e-01
massfraction-H
	1.000000e-60	7.959927e-17	1.741007e-16	2.830074e-16	4.062286e-16
	5.460930e-16	7.087840e-16	9.061246e-16	1.158170e-15	1.496885e-15
	1.972034e-15	2.661030e-15	3.685589e-15	5.239730e-15	7.636867e-15
	1.138930e-14	1.734322e-14	2.690963e-14	4.246232e-14	6.802856e-14
	1.104965e-13	1.817406e-13	3.023912e-13	5.085710e-13	8.640203e-13
	1.481675e-12	2.560881e-12	4.449221e-12	7.741445e-12	1.343493e-11
	2.315728e-11	3.944193e-11	6.600712e-11	1.080473e-10	1.726181e-10
	2.692511e-10	4.112038e-10	6.183965e-10	9.234512e-10	1.381470e-09
	2.081868e-09	3.157990e-09	4.797294e-09	7.265393e-09	1.095545e-08
	1.645553e-08	2.463377e-08	3.676359e-08	5.471765e-08	8.126474e-08
	1.205230e-07	1.786218e-07	2.646230e-07	3.916235e-07	5.777501e-07
	8.466489e-07	1.226866e-06	1.750691e-06	2.453695e-06	3.374784e-06
	4.555280e-06	6.037890e-06	7.870924e-06	1.010664e-05	1.278092e-05
	1.589965e-05	1.946113e-05	2.348323e-05	2.798510e-05	3.294399e-05
	3.828223e-05	4.389149e-05	4.965867e-05	5.548170e-05	6.128118e-05
	6.701152e-05	7.266673e-05	7.826206e-05	8.380227e-05	8.926867e-05
	9.463092e-05	9.985850e-05	1.049182e-04	1.097732e-04	1.143901e-04
	1.187422e-04	1.228055e-04	1.265557e-04	1.299692e-04	1.330238e-04
	1.356968e-04	1.379594e-04	1.397677e-04	1.410533e-04	1.417123e-04
	1.415906e-04	1.404607e-04	1.379686e-04	1.335915e-04	1.267294e-04
	1.169375e-04	1.042612e-04	8.947148e-05	7.381106e-05	5.838441e-05
	4.389649e-05	3.090179e-05	2.004940e-05	1.187393e-05	6.406753e-06
	3.162287e-06	1.439515e-06	6.103323e-07	2.436615e-07	9.287207e-08
	3.446230e-08	1.280601e-08	4.952152e-09	2.076910e-09	9.669310e-10
	4.948293e-10	2.701134e-10	1.530420e-10	8.853277e-11	5.183184e-11
	3.054311e-11	1.803494e-11	1.062548e-11	6.219605e-12	3.601539e-12
	2.054074e-12	1.148508e-12	6.263154e-13	3.310065e-13	1.680654e-13
	8.089065e-14	3.607197e-14	1.426721e-14	4.541534e-15	8.754750e-16
	1.000000e-60
massfraction-OH
	1.000000e-60	7.694942e-21	4.856563e-20	2.005758e-19	6.741082e-19
	1.990880e-18	5.345114e-18	1.327946e-17	3.089584e-17	6.796925e-17
	1.425933e-16	2.874138e-16	5.602066e-16	1.061667e-15	1.965063e-15
	3.565234e-15	6.358879e-15	1.117517e-14	1.938687e-14	3.324992e-14
	5.644815e-14	9.496679e-14	1.584975e-13	2.627166e-13	4.330166e-13
	7.105269e-13	1.161487e-12	1.891512e-12	3.067478e-12	4.953185e-12
	7.966713e-12	1.276495e-11	2.037415e-11	3.242086e-11	5.156000e-11
	8.226490e-11	1.323545e-10	2.162078e-10	3.617776e-10	6.253414e-10
	1.119881e-09	2.063235e-09	3.857513e-09	7.226576e-09	1.346027e-08
	2.481197e-08	4.510918e-08	8.069899e-08	1.419287e-07	2.454632e-07
	4.179177e-07	7.014092e-07	1.161679e-06	1.898665e-06	3.057580e-06
	4.836990e-06	7.488741e-06	1.131450e-05	1.667292e-05	2.400011e-05
	3.382668e-05	4.678886e-05	6.367952e-05	8.545045e-05	1.130149e-04
	1.470511e-04	1.881733e-04	2.372457e-04	2.952163e-04	3.625420e-04
	4.388701e-04	5.232265e-04	6.143290e-04	7.108358e-04	8.115856e-04
	9.158786e-04	1.023711e-03	1.135565e-03	1.251841e-03	1.372522e-03
	1.497333e-03	1.625950e-03	1.757918e-03	1.892577e-03	2.029220e-03
	2.167187e-03	2.305783e-03	2.444171e-03	2.581400e-03	2.716480e-03
	2.848377e-03	2.975875e-03	3.097298e-03	3.210099e-03	3.310407e-03
	3.392461e-03	3.447947e-03	3.464711e-03	3.424557e-03	3.305180e-03
	3.088255e-03	2.770832e-03	2.374180e-03	1.938565e-03	1.504987e-03
	1.104497e-03	7.617827e-04	4.966170e-04	3.129952e-04	1.948630e-04
	1.203489e-04	7.371543e-05	4.534729e-05	2.867627e-05	1.899933e-05
	1.325445e-05	9.669848e-06	7.293792e-06	5.625746e-06	4.398682e-06
	3.465469e-06	2.740864e-06	2.171697e-06	1.721564e-06	1.363781e-06
	1.078222e-06	8.495386e-07	6.659894e-07	5.185647e-07	4.002987e-07
	3.057409e-07	2.305549e-07	1.712254e-07	1.248479e-07	8.898645e-08
	6.158183e-08	4.089610e-08	2.547551e-08	1.412538e-08	5.891794e-09
	1.000000e-60
massfraction-O
	1.000000e-60	1.468214e-20	3.889305e-20	7.565718e-20	1.271667e-19
	1.955506e-19	2.845855e-19	4.020730e-19	5.628963e-19	7.932731e-19
	1.137821e-18	1.672132e-18	2.525464e-18	3.921715e-18	6.253756e-18
	1.021897e-17	1.706781e-17	2.906205e-17	5.032310e-17	8.840754e-17
	1.572386e-16	2.825648e-16	5.121151e-16	9.344616e-16	1.713907e-15
	3.153696e-15	5.805759e-15	1.065115e-14	1.938173e-14	3.483404e-14
	6.164899e-14	1.072443e-13	1.834477e-13	3.098777e-13	5.212229e-13
	8.820125e-13	1.515882e-12	2.666034e-12	4.826083e-12	9.018406e-12
	1.733214e-11	3.381487e-11	6.585078e-11	1.264668e-10	2.385365e-10
	4.419574e-10	8.053066e-10	1.445027e-09	2.557477e-09	4.472618e-09
	7.744228e-09	1.329851e-08	2.267085e-08	3.835210e-08	6.422571e-08
	1.060196e-07	1.716055e-07	2.711549e-07	4.174450e-07	6.265213e-07
	9.185882e-07	1.319401e-06	1.863923e-06	2.599898e-06	3.585803e-06
	4.888071e-06	6.591194e-06	8.817957e-06	1.173563e-05	1.553856e-05
	2.042619e-05	2.659451e-05	3.423325e-05	4.352414e-05	5.464970e-05
	6.782700e-05	8.336808e-05	1.017044e-04	1.233322e-04	1.487421e-04
	1.784130e-04	2.128358e-04	2.524775e-04	2.977341e-04	3.489510e-04
	4.064577e-04	4.705447e-04	5.414202e-04	6.192191e-04	7.040686e-04
	7.961535e-04	8.957290e-04	1.003054e-03	1.118210e-03	1.240866e-03
	1.369938e-03	1.503285e-03	1.637383e-03	1.764338e-03	1.868636e-03
	1.928280e-03	1.920461e-03	1.831480e-03	1.664475e-03	1.435681e-03
	1.165723e-03	8.793022e-04	6.099995e-04	3.921020e-04	2.402516e-04
	1.454027e-04	8.951023e-05	5.720485e-05	3.842655e-05	2.723306e-05
	2.027135e-05	1.569822e-05	1.251131e-05	1.016230e-05	8.346744e-06
	6.892793e-06	5.701002e-06	4.710911e-06	3.882292e-06	3.185977e-06
	2.599806e-06	2.106431e-06	1.692042e-06	1.345446e-06	1.057368e-06
	8.199156e-07	6.261847e-07	4.699938e-07	3.457203e-07	2.482229e-07
	1.728300e-07	1.153655e-07	7.217933e-08	4.017243e-08	1.681166e-08
	1.000000e-60
massfraction-H2
	1.000000e-60	1.500738e-05	3.435324e-05	5.826660e-05	8.664902e-05
	1.192466e-04	1.556582e-04	1.953433e-04	2.376981e-04	2.821208e-04
	3.280580e-04	3.750291e-04	4.226355e-04	4.705570e-04	5.185440e-04
	5.664065e-04	6.140036e-04	6.612340e-04	7.080274e-04	7.543392e-04
	8.001446e-04	8.454360e-04	8.902208e-04	9.345218e-04	9.783764e-04
	1.021814e-03	1.064810e-03	1.107270e-03	1.149040e-03	1.189976e-03
	1.229953e-03	1.268799e-03	1.306309e-03	1.342340e-03	1.376868e-03
	1.409971e-03	1.441801e-03	1.472617e-03	1.502759e-03	1.532510e-03
	1.561854e-03	1.590429e-03	1.617785e-03	1.643694e-03	1.668190e-03
	1.691405e-03	1.713461e-03	1.734450e-03	1.754447e-03	1.773499e-03
	1.791618e-03	1.808761e-03	1.824803e-03	1.839511e-03	1.852528e-03
	1.863420e-03	1.871756e-03	1.877230e-03	1.879721e-03	1.879254e-03
	1.875907e-03	1.869754e-03	1.860795e-03	1.848950e-03	1.834175e-03
	1.816560e-03	1.796205e-03	1.773059e-03	1.747028e-03	1.718226e-03
	1.687055e-03	1.654074e-03	1.619860e-03	1.584921e-03	1.549639e-03
	1.514197e-03	1.478534e-03	1.442441e-03	1.405751e-03	1.368426e-03
	1.330498e-03	1.291990e-03	1.252941e-03	1.213421e-03	1.173481e-03
	1.133122e-03	1.092315e-03	1.051027e-03	1.009203e-03	9.667299e-04
	9.234111e-04	8.789602e-04	8.330180e-04	7.851885e-04	7.350633e-04
	6.822439e-04	6.262915e-04	5.665371e-04	5.027923e-04	4.363988e-04
	3.702309e-04	3.080981e-04	2.537105e-04	2.092540e-04	1.747476e-04
	1.488251e-04	1.297951e-04	1.159844e-04	1.057012e-04	9.750286e-05
	9.048749e-05	8.422097e-05	7.851596e-05	7.328513e-05	6.847518e-05
	6.403611e-05	5.990840e-05	5.602387e-05	5.231358e-05	4.871914e-05
	4.520299e-05	4.175149e-05	3.836999e-05	3.507201e-05	3.187130e-05
	2.877964e-05	2.580646e-05	2.295981e-05	2.024726e-05	1.767636e-05
	1.525478e-05	1.298988e-05	1.088824e-05	8.954830e-06	7.192284e-06
	5.600292e-06	4.175444e-06	2.911430e-06	1.799937e-06	8.329022e-07
	1.000000e-60
massfraction-H2O
	1.000000e-60	1.225489e-05	3.617068e-05	7.996260e-05	1.549566e-04
	2.757293e-04	4.595175e-04	7.248717e-04	1.090164e-03	1.572200e-03
	2.185212e-03	2.940304e-03	3.845350e-03	4.905175e-03	6.121960e-03
	7.495710e-03	9.024751e-03	1.070619e-02	1.253635e-02	1.451110e-02
	1.662625e-02	1.887777e-02	2.126216e-02	2.377677e-02	2.642016e-02
	2.919080e-02	3.208408e-02	3.508972e-02	3.819198e-02	4.137363e-02
	4.461698e-02	4.789856e-02	5.118931e-02	5.446301e-02	5.770274e-02
	6.090063e-02	6.405699e-02	6.718332e-02	7.030110e-02	7.342604e-02
	7.654156e-02	7.959173e-02	8.250959e-02	8.525409e-02	8.781663e-02
	9.020338e-02	9.242304e-02	9.448499e-02	9.639950e-02	9.817717e-02
	9.982826e-02	1.013612e-01	1.027816e-01	1.040907e-01	1.052850e-01
	1.063583e-01	1.073048e-01	1.081240e-01	1.088233e-01	1.094163e-01
	1.099184e-01	1.103443e-01	1.107071e-01	1.110164e-01	1.112770e-01
	1.114913e-01	1.116620e-01	1.117923e-01	1.118838e-01	1.119367e-01
	1.119509e-01	1.119278e-01	1.118700e-01	1.117807e-01	1.116633e-01
	1.115205e-01	1.113535e-01	1.111617e-01	1.109443e-01	1.107004e-01
	1.104290e-01	1.101292e-01	1.097996e-01	1.094392e-01	1.090464e-01
	1.086190e-01	1.081539e-01	1.076475e-01	1.070951e-01	1.064905e-01
	1.058244e-01	1.050841e-01	1.042518e-01	1.033043e-01	1.022105e-01
	1.009289e-01	9.940097e-02	9.753510e-02	9.521117e-02	9.231412e-02
	8.876631e-02	8.456642e-02	7.981829e-02	7.468414e-02	6.927442e-02
	6.359971e-02	5.764775e-02	5.151836e-02	4.545956e-02	3.974185e-02
	3.453642e-02	2.990378e-02	2.583523e-02	2.229192e-02	1.922327e-02
	1.657053e-02	1.426951e-02	1.225722e-02	1.047891e-02	8.893577e-03
	7.476048e-03	6.214127e-03	5.102668e-03	4.137166e-03	3.310626e-03
	2.613370e-03	2.033739e-03	1.559026e-03	1.176231e-03	8.725607e-04
	6.357934e-04	4.545216e-04	3.183499e-04	2.180338e-04	1.455697e-04
	9.422915e-05	5.853087e-05	3.414999e-05	1.778388e-05	6.995766e-06
	1.000000e-60
massfraction-HO2
	1.000000e-60	3.626004e-10	1.085220e-09	2.435341e-09	4.792209e-09
	8.657291e-09	1.464085e-08	2.342173e-08	3.569904e-08	5.214453e-08
	7.336600e-08	9.988505e-08	1.321299e-07	1.704386e-07	2.150703e-07
	2.662190e-07	3.240285e-07	3.886080e-07	4.600447e-07	5.384172e-07
	6.238059e-07	7.163052e-07	8.160351e-07	9.231570e-07	1.037888e-06
	1.160446e-06	1.290904e-06	1.429048e-06	1.574333e-06	1.726023e-06
	1.883172e-06	2.044281e-06	2.207174e-06	2.369292e-06	2.527890e-06
	2.679893e-06	2.821656e-06	2.948787e-06	3.055502e-06	3.133292e-06
	3.170277e-06	3.154239e-06	3.077670e-06	2.940774e-06	2.750694e-06
	2.520219e-06	2.267014e-06	2.011804e-06	1.775302e-06	1.574834e-06
	1.421989e-06	1.322201e-06	1.276007e-06	1.280992e-06	1.333245e-06
	1.427744e-06	1.557822e-06	1.714762e-06	1.888529e-06	2.069241e-06
	2.248348e-06	2.419304e-06	2.578053e-06	2.722244e-06	2.850047e-06
	2.960655e-06	3.055391e-06	3.137330e-06	3.209961e-06	3.276524e-06
	3.340057e-06	3.403410e-06	3.469003e-06	3.538650e-06	3.613615e-06
	3.694890e-06	3.783596e-06	3.881080e-06	3.988609e-06	4.107104e-06
	4.237260e-06	4.379770e-06	4.535274e-06	4.704311e-06	4.887530e-06
	5.085934e-06	5.300900e-06	5.534184e-06	5.788147e-06	6.066209e-06
	6.373432e-06	6.717182e-06	7.107958e-06	7.560442e-06	8.095204e-06
	8.741332e-06	9.541618e-06	1.056420e-05	1.190488e-05	1.367140e-05
	1.596528e-05	1.886091e-05	2.238968e-05	2.656428e-05	3.145000e-05
	3.721658e-05	4.407323e-05	5.195485e-05	5.997513e-05	6.618320e-05
	6.815768e-05	6.420245e-05	5.464965e-05	4.213173e-05	2.994510e-05
	2.014236e-05	1.315669e-05	8.513677e-06	5.528725e-06	3.628557e-06
	2.414860e-06	1.631754e-06	1.119580e-06	7.791730e-07	5.488692e-07
	3.902149e-07	2.790322e-07	1.999436e-07	1.430198e-07	1.017294e-07
	7.168184e-08	4.985003e-08	3.408829e-08	2.283145e-08	1.490888e-08
	9.430455e-09	5.716211e-09	3.250350e-09	1.648523e-09	6.318814e-10
	1.000000e-60
massfraction-H2O2
	1.000000e-60	8.329282e-12	2.496905e-11	5.612679e-11	1.106163e-10
	2.000821e-10	3.386291e-10	5.417633e-10	8.250655e-10	1.202811e-09
	1.686805e-09	2.285565e-09	3.003896e-09	3.842796e-09	4.799621e-09
	5.868404e-09	7.040263e-09	8.303818e-09	9.645588e-09	1.105033e-08
	1.250129e-08	1.398040e-08	1.546833e-08	1.694453e-08	1.838697e-08
	1.977106e-08	2.106793e-08	2.224396e-08	2.326236e-08	2.408597e-08
	2.467843e-08	2.500468e-08	2.503448e-08	2.474558e-08	2.412281e-08
	2.315507e-08	2.183232e-08	2.014068e-08	1.805934e-08	1.557543e-08
	1.273281e-08	9.699115e-09	6.778553e-09	4.322817e-09	2.571494e-09
	1.529116e-09	9.947047e-10	7.289106e-10	5.796185e-10	4.831768e-10
	4.186515e-10	3.786111e-10	3.592005e-10	3.579086e-10	3.731957e-10
	4.044126e-10	4.518062e-10	5.169056e-10	6.037239e-10	7.208825e-10
	8.845166e-10	1.122114e-09	1.478556e-09	2.023713e-09	2.856523e-09
	4.104412e-09	5.930722e-09	8.556971e-09	1.227355e-08	1.741243e-08
	2.429992e-08	3.322688e-08	4.443814e-08	5.813565e-08	7.450458e-08
	9.377789e-08	1.163361e-07	1.427501e-07	1.737130e-07	2.099614e-07
	2.522988e-07	3.016660e-07	3.591336e-07	4.258827e-07	5.032854e-07
	5.930208e-07	6.971229e-07	8.180123e-07	9.586376e-07	1.122781e-06
	1.315512e-06	1.543776e-06	1.817159e-06	2.148874e-06	2.557331e-06
	3.068706e-06	3.722410e-06	4.584291e-06	5.758147e-06	7.393121e-06
	9.702626e-06	1.297883e-05	1.753970e-05	2.349112e-05	3.025254e-05
	3.626372e-05	3.964392e-05	3.968492e-05	3.735669e-05	3.399093e-05
	3.033543e-05	2.670070e-05	2.323550e-05	2.003643e-05	1.716877e-05
	1.465535e-05	1.247627e-05	1.058688e-05	8.937781e-06	7.488049e-06
	6.210432e-06	5.089631e-06	4.116997e-06	3.284796e-06	2.583497e-06
	2.001656e-06	1.526528e-06	1.144869e-06	8.435562e-07	6.100082e-07
	4.324854e-07	3.002975e-07	2.039566e-07	1.352695e-07	8.736953e-08
	5.468529e-08	3.284823e-08	1.854839e-08	9.362777e-09	3.578503e-09
	1.000000e-60
massfraction-CO
	1.000000e-60	2.666922e-06	8.010318e-06	1.804512e-05	3.564780e-05
	6.464612e-05	1.097278e-04	1.761414e-04	2.693276e-04	3.945488e-04
	5.565968e-04	7.596100e-04	1.007005e-03	1.301491e-03	1.645150e-03
	2.039538e-03	2.485799e-03	2.984787e-03	3.537164e-03	4.143503e-03
	4.804381e-03	5.520470e-03	6.292642e-03	7.122093e-03	8.010479e-03
	8.959523e-03	9.969932e-03	1.104037e-02	1.216732e-02	1.334631e-02
	1.457224e-02	1.583726e-02	1.713054e-02	1.844149e-02	1.976247e-02
	2.108905e-02	2.241994e-02	2.375852e-02	2.511266e-02	2.648785e-02
	2.787508e-02	2.924676e-02	3.056904e-02	3.181925e-02	3.298977e-02
	3.408039e-02	3.509282e-02	3.602975e-02	3.689483e-02	3.769230e-02
	3.842656e-02	3.910143e-02	3.971958e-02	4.028189e-02	4.078743e-02
	4.123437e-02	4.162146e-02	4.195000e-02	4.222471e-02	4.245279e-02
	4.264192e-02	4.279911e-02	4.293030e-02	4.303973e-02	4.312952e-02
	4.320041e-02	4.325291e-02	4.328707e-02	4.330166e-02	4.329429e-02
	4.326222e-02	4.320315e-02	4.311541e-02	4.299800e-02	4.285032e-02
	4.267154e-02	4.245966e-02	4.221119e-02	4.192202e-02	4.158841e-02
	4.120698e-02	4.077433e-02	4.028728e-02	3.974327e-02	3.913989e-02
	3.847426e-02	3.774316e-02	3.694333e-02	3.607114e-02	3.512163e-02
	3.408746e-02	3.295822e-02	3.172024e-02	3.035717e-02	2.885066e-02
	2.718113e-02	2.532648e-02	2.325538e-02	2.095233e-02	1.846194e-02
	1.589811e-02	1.342245e-02	1.119410e-02	9.302338e-03	7.741116e-03
	6.449002e-03	5.362685e-03	4.443142e-03	3.671229e-03	3.031747e-03
	2.506373e-03	2.075649e-03	1.722034e-03	1.431245e-03	1.191851e-03
	9.942192e-04	8.299710e-04	6.920229e-04	5.747498e-04	4.740693e-04
	3.873157e-04	3.128569e-04	2.496038e-04	1.965850e-04	1.527707e-04
	1.170775e-04	8.841611e-05	6.574014e-05	4.807802e-05	3.454872e-05
	2.436836e-05	1.685165e-05	1.141081e-05	7.552438e-06	4.872319e-06
	3.048358e-06	1.831475e-06	1.034896e-06	5.229188e-07	2.000928e-07
	1.000000e-60
massfraction-CO2
	1.000000e-60	1.107154e-06	3.659352e-06	9.143646e-06	2.007616e-05
	4.038435e-05	7.569565e-05	1.333977e-04	2.224702e-04	3.531082e-04
	5.362317e-04	7.829779e-04	1.104265e-03	1.510465e-03	2.011200e-03
	2.615257e-03	3.330583e-03	4.164357e-03	5.123107e-03	6.212867e-03
	7.439351e-03	8.808171e-03	1.032509e-02	1.199636e-02	1.382908e-02
	1.583048e-02	1.800555e-02	2.035459e-02	2.287244e-02	2.555099e-02
	2.837979e-02	3.134092e-02	3.440823e-02	3.755467e-02	4.075923e-02
	4.400793e-02	4.729413e-02	5.062263e-02	5.400938e-02	5.746421e-02
	6.095979e-02	6.442082e-02	6.775580e-02	7.090222e-02	7.383704e-02
	7.655741e-02	7.906658e-02	8.137132e-02	8.348165e-02	8.540972e-02
	8.716848e-02	8.876990e-02	9.022355e-02	9.153527e-02	9.270706e-02
	9.373919e-02	9.463307e-02	9.539515e-02	9.603863e-02	9.658119e-02
	9.704102e-02	9.743446e-02	9.777576e-02	9.807573e-02	9.834055e-02
	9.857357e-02	9.877835e-02	9.895904e-02	9.911847e-02	9.925732e-02
	9.937517e-02	9.947184e-02	9.954777e-02	9.960391e-02	9.964147e-02
	9.966170e-02	9.966552e-02	9.965316e-02	9.962411e-02	9.957741e-02
	9.951180e-02	9.942566e-02	9.931705e-02	9.918380e-02	9.902329e-02
	9.883225e-02	9.860659e-02	9.834133e-02	9.803024e-02	9.766516e-02
	9.723493e-02	9.672401e-02	9.611073e-02	9.536506e-02	9.444521e-02
	9.329247e-02	9.182113e-02	8.989572e-02	8.732591e-02	8.390302e-02
	7.946185e-02	7.397704e-02	6.764748e-02	6.083196e-02	5.384680e-02
	4.686117e-02	3.998992e-02	3.343646e-02	2.748178e-02	2.232948e-02
	1.802604e-02	1.450503e-02	1.165505e-02	9.362043e-03	7.523823e-03
	6.050542e-03	4.864423e-03	3.901254e-03	3.111236e-03	2.458472e-03
	1.918740e-03	1.475743e-03	1.117199e-03	8.319832e-04	6.091870e-04
	4.383181e-04	3.096761e-04	2.146456e-04	1.458209e-04	9.700364e-05
	6.313028e-05	4.016091e-05	2.495249e-05	1.512470e-05	8.926675e-06
	5.110131e-06	2.813643e-06	1.461849e-06	6.827187e-07	2.432178e-07
	1.000000e-60
massfraction-CH
	1.000000e-60	1.000000e-60	1.000000e-60	1.000000e-60	1.000000e-60
	1.258827e-27	1.000000e-60	1.000000e-60	1.000000e-60	1.000000e-60
	2.914530e-26	1.000000e-60	8.271005e-27	6.493175e-26	5.227161e-26
	1.000000e-60	4.973429e-26	1.459569e-26	6.468513e-26	6.001535e-26
	2.676449e-25	8.396862e-25	2.553163e-24	8.798822e-24	3.118258e-23
	1.127276e-22	4.150562e-22	1.550180e-21	5.800470e-21	2.153401e-20
	7.852701e-20	2.780089e-19	9.433692e-19	3.037189e-18	9.233068e-18
	2.652318e-17	7.243683e-17	1.904083e-16	4.903969e-16	1.260397e-15
	3.266220e-15	8.501010e-15	2.194427e-14	5.562548e-14	1.381666e-13
	3.369702e-13	8.087787e-13	1.914042e-12	4.475821e-12	1.036836e-11
	2.386532e-11	5.473995e-11	1.253777e-10	2.867677e-10	6.528923e-10
	1.469920e-09	3.242289e-09	6.940921e-09	1.432162e-08	2.837474e-08
	5.388726e-08	9.807691e-08	1.714565e-07	2.886492e-07	4.676444e-07
	7.272936e-07	1.086339e-06	1.564683e-06	2.180676e-06	2.941956e-06
	3.837517e-06	4.837902e-06	5.900879e-06	6.978835e-06	8.026212e-06
	9.005437e-06	9.888946e-06	1.065471e-05	1.128037e-05	1.174314e-05
	1.202387e-05	1.210966e-05	1.199479e-05	1.168176e-05	1.118149e-05
	1.051190e-05	9.696815e-06	8.765300e-06	7.750296e-06	6.686424e-06
	5.608142e-06	4.549099e-06	3.542455e-06	2.621365e-06	1.817779e-06
	1.159003e-06	6.614992e-07	3.246486e-07	1.303833e-07	4.115730e-08
	1.008783e-08	1.980313e-09	3.358330e-10	5.408519e-11	8.886506e-12
	1.522060e-12	2.651984e-13	4.513392e-14	7.282769e-15	1.099055e-15
	1.549663e-16	2.057556e-17	2.606894e-18	3.206259e-19	3.907978e-20
	4.833680e-21	6.238813e-22	8.695920e-23	1.356106e-23	2.411480e-24
	4.842972e-25	1.071921e-25	2.567650e-26	6.604768e-27	1.824504e-27
	5.317019e-28	1.640508e-28	5.737468e-29	1.103890e-29	4.056356e-30
	3.288861e-31	1.000000e-60	1.516890e-31	5.182338e-31	2.438288e-31
	1.000000e-60	1.562437e-32	1.000000e-60	1.000000e-60	1.913331e-33
	1.000000e-60
massfraction-CHO
	1.000000e-60	2.195843e-18	7.277495e-18	1.784347e-17	3.755346e-17
	7.104775e-17	1.239464e-16	2.034830e-16	3.205581e-16	4.937697e-16
	7.561621e-16	1.166292e-15	1.827078e-15	2.918982e-15	4.759364e-15
	7.909167e-15	1.336492e-14	2.290453e-14	3.971036e-14	6.949086e-14
	1.224953e-13	2.171153e-13	3.862644e-13	6.885142e-13	1.227029e-12
	2.179739e-12	3.841238e-12	6.666261e-12	1.128207e-11	1.841102e-11
	2.862825e-11	4.194491e-11	5.749420e-11	7.378420e-11	8.948327e-11
	1.040620e-10	1.178733e-10	1.319398e-10	1.478486e-10	1.678526e-10
	1.950232e-10	2.332641e-10	2.875518e-10	3.647980e-10	4.755743e-10
	6.365114e-10	8.735306e-10	1.226699e-09	1.757243e-09	2.556958e-09
	3.760462e-09	5.560372e-09	8.225288e-09	1.211734e-08	1.770306e-08
	2.555536e-08	3.634546e-08	5.085578e-08	7.004583e-08	9.514828e-08
	1.277393e-07	1.698008e-07	2.239342e-07	2.934393e-07	3.817744e-07
	4.919760e-07	6.271646e-07	7.915101e-07	9.896215e-07	1.224370e-06
	1.495323e-06	1.798926e-06	2.129384e-06	2.479594e-06	2.842240e-06
	3.211038e-06	3.581606e-06	3.950473e-06	4.312815e-06	4.661400e-06
	4.987361e-06	5.281071e-06	5.532205e-06	5.730131e-06	5.864762e-06
	5.927045e-06	5.909177e-06	5.805080e-06	5.611019e-06	5.325914e-06
	4.951403e-06	4.492124e-06	3.956690e-06	3.359630e-06	2.723634e-06
	2.081172e-06	1.473124e-06	9.430356e-07	5.333586e-07	2.671606e-07
	1.263230e-07	6.454030e-08	3.981468e-08	2.905586e-08	2.305458e-08
	1.861015e-08	1.450964e-08	1.028679e-08	6.186767e-09	3.022744e-09
	1.214385e-09	4.197919e-10	1.304229e-10	3.759234e-11	1.031466e-11
	2.767598e-12	7.509464e-13	2.150914e-13	6.793328e-14	2.415168e-14
	9.517893e-15	4.024293e-15	1.778676e-15	8.099460e-16	3.768360e-16
	1.779722e-16	8.476682e-17	4.044430e-17	1.920191e-17	9.013615e-18
	4.158122e-18	1.874384e-18	8.210000e-19	3.472936e-19	1.407763e-19
	5.403498e-20	1.923061e-20	6.081447e-21	1.544258e-21	2.260728e-22
	1.000000e-60
massfraction-CH2
	1.000000e-60	1.158930e-20	2.382956e-20	3.636165e-20	4.921562e-20
	6.299897e-20	7.900694e-20	9.946708e-20	1.280801e-19	1.711013e-19
	2.395019e-19	3.532977e-19	5.503307e-19	9.044052e-19	1.563476e-18
	2.831550e-18	5.347299e-18	1.047951e-17	2.121438e-17	4.417010e-17
	9.421966e-17	2.051997e-16	4.549347e-16	1.024213e-15	2.336896e-15
	5.393139e-15	1.255312e-14	2.934036e-14	6.847072e-14	1.586054e-13
	3.625724e-13	8.123649e-13	1.770535e-12	3.731545e-12	7.585137e-12
	1.487974e-11	2.827280e-11	5.240864e-11	9.575567e-11	1.742121e-10
	3.171327e-10	5.754292e-10	1.031748e-09	1.816555e-09	3.137263e-09
	5.323274e-09	8.890723e-09	1.464120e-08	2.381862e-08	3.836134e-08
	6.131177e-08	9.746820e-08	1.543929e-07	2.438347e-07	3.834473e-07
	5.984423e-07	9.223038e-07	1.396245e-06	2.067883e-06	2.989025e-06
	4.211544e-06	5.782513e-06	7.744572e-06	1.012952e-05	1.293134e-05
	1.608978e-05	1.951660e-05	2.312323e-05	2.680086e-05	3.039101e-05
	3.370224e-05	3.655900e-05	3.883620e-05	4.046961e-05	4.145017e-05
	4.180794e-05	4.158984e-05	4.084112e-05	3.960355e-05	3.792463e-05
	3.586141e-05	3.347752e-05	3.084264e-05	2.803187e-05	2.512004e-05
	2.217662e-05	1.926551e-05	1.644551e-05	1.376838e-05	1.127625e-05
	9.001068e-06	6.966494e-06	5.190575e-06	3.687492e-06	2.466251e-06
	1.526976e-06	8.553263e-07	4.190833e-07	1.728224e-07	5.852009e-08
	1.635244e-08	3.939541e-09	8.845749e-10	2.019136e-10	4.994085e-11
	1.371059e-11	4.134146e-12	1.335152e-12	4.511517e-13	1.567846e-13
	5.547916e-14	1.990929e-14	7.249535e-15	2.689276e-15	1.021746e-15
	3.990662e-16	1.602925e-16	6.603172e-17	2.777515e-17	1.189037e-17
	5.183617e-18	2.313700e-18	1.066446e-18	5.118889e-19	2.573436e-19
	1.358152e-19	7.516154e-20	4.344412e-20	2.606698e-20	1.611177e-20
	1.016960e-20	6.493043e-21	4.150448e-21	2.625214e-21	1.619551e-21
	9.552914e-22	5.222937e-22	2.505251e-22	9.386447e-23	1.943728e-23
	1.000000e-60
massfraction-CH2O
	1.000000e-60	7.502585e-09	2.529470e-08	6.458539e-08	1.449684e-07
	2.979794e-07	5.701550e-07	1.024361e-06	1.739108e-06	2.805798e-06
	4.324565e-06	6.399529e-06	9.134332e-06	1.262844e-05	1.697449e-05
	2.225672e-05	2.855027e-05	3.592135e-05	4.442786e-05	5.412060e-05
	6.504473e-05	7.724161e-05	9.075106e-05	1.056143e-04	1.218773e-04
	1.395836e-04	1.587547e-04	1.793674e-04	2.013496e-04	2.246035e-04
	2.490117e-04	2.743955e-04	3.005106e-04	3.271125e-04	3.540145e-04
	3.810946e-04	4.082958e-04	4.356568e-04	4.633060e-04	4.913177e-04
	5.194608e-04	5.471197e-04	5.735495e-04	5.982291e-04	6.209288e-04
	6.415465e-04	6.599900e-04	6.761571e-04	6.899360e-04	7.012034e-04
	7.098268e-04	7.156743e-04	7.186439e-04	7.187187e-04	7.160498e-04
	7.110355e-04	7.043364e-04	6.967730e-04	6.891409e-04	6.820683e-04
	6.759876e-04	6.711742e-04	6.677982e-04	6.659947e-04	6.658892e-04
	6.675442e-04	6.709412e-04	6.760331e-04	6.827411e-04	6.908599e-04
	6.999924e-04	7.095868e-04	7.190169e-04	7.276555e-04	7.349315e-04
	7.403581e-04	7.435105e-04	7.439548e-04	7.412023e-04	7.347419e-04
	7.240941e-04	7.088396e-04	6.886576e-04	6.633772e-04	6.329868e-04
	5.976178e-04	5.575590e-04	5.132829e-04	4.654365e-04	4.147934e-04
	3.622131e-04	3.086447e-04	2.551786e-04	2.031299e-04	1.540774e-04
	1.098163e-04	7.213086e-05	4.241854e-05	2.157524e-05	9.264325e-06
	3.370257e-06	1.084223e-06	3.328164e-07	1.055749e-07	3.651198e-08
	1.408605e-08	6.096387e-09	2.945830e-09	1.566423e-09	9.035335e-10
	5.607074e-10	3.713039e-10	2.591359e-10	1.879907e-10	1.401574e-10
	1.065003e-10	8.194057e-11	6.346096e-11	4.919474e-11	3.797224e-11
	2.905988e-11	2.198429e-11	1.641260e-11	1.207936e-11	8.756678e-12
	6.247069e-12	4.381403e-12	3.017643e-12	2.038664e-12	1.349477e-12
	8.743414e-13	5.539618e-13	3.428869e-13	2.071008e-13	1.218196e-13
	6.951127e-14	3.815479e-14	1.976562e-14	9.205918e-15	3.271564e-15
	1.000000e-60
massfraction-CH3
	1.000000e-60	2.435664e-10	7.229014e-10	1.607869e-09	3.135837e-09
	5.617112e-09	9.426448e-09	1.498011e-08	2.271120e-08	3.304834e-08
	4.640352e-08	6.317003e-08	8.373008e-08	1.084691e-07	1.377951e-07
	1.721606e-07	2.120884e-07	2.581994e-07	3.112468e-07	3.721564e-07
	4.420789e-07	5.224594e-07	6.151326e-07	7.224582e-07	8.475146e-07
	9.942948e-07	1.167858e-06	1.374503e-06	1.622118e-06	1.920989e-06
	2.284734e-06	2.730759e-06	3.281056e-06	3.964621e-06	4.821525e-06
	5.908301e-06	7.306502e-06	9.139402e-06	1.160025e-05	1.498596e-05
	1.971476e-05	2.629797e-05	3.531750e-05	4.745531e-05	6.357093e-05
	8.474775e-05	1.123074e-04	1.478418e-04	1.932661e-04	2.508759e-04
	3.233999e-04	4.139871e-04	5.260539e-04	6.628131e-04	8.263474e-04
	1.016408e-03	1.229278e-03	1.457814e-03	1.693020e-03	1.925986e-03
	2.148971e-03	2.355773e-03	2.541995e-03	2.703928e-03	2.837265e-03
	2.938151e-03	3.004822e-03	3.037035e-03	3.034701e-03	2.998248e-03
	2.929885e-03	2.833852e-03	2.715636e-03	2.581029e-03	2.435301e-03
	2.282539e-03	2.125256e-03	1.964854e-03	1.802631e-03	1.640319e-03
	1.479819e-03	1.322876e-03	1.171156e-03	1.026267e-03	8.895406e-04
	7.619361e-04	6.441529e-04	5.367172e-04	4.399478e-04	3.539058e-04
	2.784214e-04	2.131830e-04	1.578318e-04	1.120154e-04	7.535290e-05
	4.734358e-05	2.723272e-05	1.393121e-05	6.140062e-06	2.294067e-06
	7.370285e-07	2.141877e-07	6.074125e-08	1.805906e-08	5.872220e-09
	2.116259e-09	8.449649e-10	3.710762e-10	1.764336e-10	8.914409e-11
	4.710813e-11	2.573092e-11	1.443908e-11	8.312201e-12	4.907446e-12
	2.966628e-12	1.829742e-12	1.145548e-12	7.238060e-13	4.591958e-13
	2.916152e-13	1.852952e-13	1.180015e-13	7.549616e-14	4.862398e-14
	3.156259e-14	2.065235e-14	1.361197e-14	9.023405e-15	6.003238e-15
	3.997748e-15	2.656581e-15	1.755429e-15	1.148694e-15	7.404760e-16
	4.667227e-16	2.841612e-16	1.633222e-16	8.408709e-17	3.278507e-17
	1.000000e-60
massfraction-CH4
	1.000000e+00	9.999286e-01	9.997968e-01	9.995630e-01	9.991679e-01
	9.985332e-01	9.975629e-01	9.961496e-01	9.941814e-01	9.915493e-01
	9.881532e-01	9.839050e-01	9.787307e-01	9.725694e-01	9.653723e-01
	9.571004e-01	9.477221e-01	9.372112e-01	9.255441e-01	9.126981e-01
	8.986493e-01	8.833703e-01	8.668278e-01	8.489799e-01	8.297724e-01
	8.091472e-01	7.870656e-01	7.635314e-01	7.385955e-01	7.123298e-01
	6.848215e-01	6.562234e-01	6.267605e-01	5.966617e-01	5.660962e-01
	5.351667e-01	5.039090e-01	4.722531e-01	4.400264e-01	4.071200e-01
	3.737770e-01	3.407078e-01	3.087936e-01	2.786448e-01	2.504980e-01
	2.243955e-01	2.003183e-01	1.782095e-01	1.579771e-01	1.395053e-01
	1.226680e-01	1.073471e-01	9.344672e-02	8.090650e-02	6.970398e-02
	5.983473e-02	5.128562e-02	4.399727e-02	3.784699e-02	3.266964e-02
	2.829434e-02	2.456713e-02	2.135304e-02	1.854864e-02	1.609313e-02
	1.395026e-02	1.208017e-02	1.043670e-02	8.984450e-03	7.706163e-03
	6.593521e-03	5.636445e-03	4.820535e-03	4.128723e-03	3.543028e-03
	3.045593e-03	2.619578e-03	2.250958e-03	1.929777e-03	1.649410e-03
	1.404848e-03	1.191765e-03	1.006491e-03	8.459176e-04	7.071883e-04
	5.876257e-04	4.848427e-04	3.967782e-04	3.216191e-04	2.577273e-04
	2.036302e-04	1.580476e-04	1.199146e-04	8.838302e-05	6.277710e-05
	4.253213e-05	2.710913e-05	1.592754e-05	8.436329e-06	3.983445e-06
	1.694172e-06	6.742764e-07	2.669265e-07	1.118812e-07	5.185990e-08
	2.721859e-08	1.636248e-08	1.120271e-08	8.469821e-09	6.788506e-09
	5.598286e-09	4.676647e-09	3.930015e-09	3.313101e-09	2.799253e-09
	2.368984e-09	2.005975e-09	1.696381e-09	1.429070e-09	1.195927e-09
	9.917589e-10	8.135831e-10	6.595991e-10	5.282214e-10	4.176490e-10
	3.258578e-10	2.507017e-10	1.900321e-10	1.417821e-10	1.040148e-10
	7.495119e-11	5.298579e-11	3.669699e-11	2.485204e-11	1.640746e-11
	1.050390e-11	6.454543e-12	3.727132e-12	1.922110e-12	7.493785e-13
	1.000000e-60
massfraction-C2H6
	1.000000e-60	2.519465e-08	8.630173e-08	2.242103e-07	5.122780e-07
	1.071550e-06	2.085111e-06	3.806537e-06	6.560634e-06	1.073552e-05
	1.676817e-05	2.512638e-05	3.629080e-05	5.073922e-05	6.893460e-05
	9.131712e-05	1.183001e-04	1.502690e-04	1.875832e-04	2.305802e-04
	2.795808e-04	3.348968e-04	3.968410e-04	4.657410e-04	5.419535e-04
	6.258350e-04	7.176405e-04	8.174131e-04	9.249447e-04	1.039879e-03
	1.161734e-03	1.289681e-03	1.422504e-03	1.558925e-03	1.697898e-03
	1.838662e-03	1.980740e-03	2.124098e-03	2.269097e-03	2.415678e-03
	2.561984e-03	2.703948e-03	2.836732e-03	2.956680e-03	3.061660e-03
	3.150173e-03	3.220739e-03	3.271780e-03	3.301588e-03	3.308271e-03
	3.289716e-03	3.243649e-03	3.167877e-03	3.060869e-03	2.922727e-03
	2.756201e-03	2.567214e-03	2.364004e-03	2.155033e-03	1.947189e-03
	1.745269e-03	1.552213e-03	1.369211e-03	1.196822e-03	1.036468e-03
	8.899965e-04	7.580134e-04	6.397058e-04	5.342509e-04	4.415807e-04
	3.618260e-04	2.945854e-04	2.388308e-04	1.931493e-04	1.559836e-04
	1.257936e-04	1.011721e-04	8.097440e-05	6.436911e-05	5.076150e-05
	3.967850e-05	3.071356e-05	2.352103e-05	1.780656e-05	1.331232e-05
	9.813269e-06	7.118900e-06	5.070640e-06	3.536245e-06	2.405441e-06
	1.587441e-06	1.008914e-06	6.114897e-07	3.489532e-07	1.844497e-07
	8.842648e-08	3.737913e-08	1.338727e-08	3.901299e-09	9.103709e-10
	1.742594e-10	2.927626e-11	4.758021e-12	8.225546e-13	1.615624e-13
	3.754707e-14	1.074274e-14	3.954790e-15	1.894846e-15	1.124071e-15
	7.637062e-16	5.584862e-16	4.239097e-16	3.279298e-16	2.563553e-16
	2.016428e-16	1.590716e-16	1.254159e-16	9.842676e-17	7.657137e-17
	5.883697e-17	4.454246e-17	3.317806e-17	2.429845e-17	1.748696e-17
	1.235906e-17	8.571317e-18	5.827734e-18	3.880755e-18	2.528593e-18
	1.610656e-18	1.002167e-18	6.086333e-19	3.604350e-19	2.077835e-19
	1.161835e-19	6.251022e-20	3.176461e-20	1.453034e-20	5.080717e-21
	1.000000e-60
massfraction-C2H
	1.000000e-60	1.161959e-29	4.050498e-30	3.188485e-29	8.791330e-29
	3.088459e-28	1.029762e-27	3.017344e-27	8.562235e-27	2.343138e-26
	6.334918e-26	1.692242e-25	4.526295e-25	1.214066e-24	3.279761e-24
	8.931540e-24	2.451902e-23	6.777838e-23	1.883587e-22	5.252250e-22
	1.466604e-21	4.093537e-21	1.140382e-20	3.167508e-20	8.767854e-20
	2.417740e-19	6.633267e-19	1.805980e-18	4.862286e-18	1.290751e-17
	3.371611e-17	8.643030e-17	2.167583e-16	5.311171e-16	1.273780e-15
	3.003417e-15	7.008341e-15	1.633834e-14	3.852047e-14	9.284623e-14
	2.292040e-13	5.725608e-13	1.419242e-12	3.436224e-12	8.065915e-12
	1.830202e-11	4.008133e-11	8.468302e-11	1.727677e-10	3.410477e-10
	6.531470e-10	1.216726e-09	2.209075e-09	3.910948e-09	6.741595e-09
	1.128026e-08	1.825353e-08	2.849859e-08	4.294831e-08	6.265201e-08
	8.878153e-08	1.226048e-07	1.655358e-07	2.190150e-07	2.838913e-07
	3.599190e-07	4.461802e-07	5.416730e-07	6.447814e-07	7.522775e-07
	8.593665e-07	9.607927e-07	1.051891e-06	1.129173e-06	1.190528e-06
	1.235098e-06	1.262848e-06	1.273964e-06	1.268587e-06	1.247013e-06
	1.209926e-06	1.158421e-06	1.094013e-06	1.018655e-06	9.345958e-07
	8.442037e-07	7.499062e-07	6.541649e-07	5.593687e-07	4.676900e-07
	3.810050e-07	3.009130e-07	2.288070e-07	1.659311e-07	1.133241e-07
	7.165555e-08	4.095740e-08	2.041115e-08	8.481421e-09	2.834047e-09
	7.539609e-10	1.649644e-10	3.210713e-11	6.141278e-12	1.249634e-12
	2.798521e-13	6.882703e-14	1.841632e-14	5.319072e-15	1.617531e-15
	4.966012e-16	1.492876e-16	4.397709e-17	1.301345e-17	3.978636e-18
	1.276771e-18	4.306142e-19	1.515053e-19	5.505150e-20	2.049961e-20
	7.807247e-21	3.055154e-21	1.239719e-21	5.266367e-22	2.358007e-22
	1.116010e-22	5.576377e-23	2.927629e-23	1.602586e-23	9.056036e-24
	5.220875e-24	3.029774e-24	1.743349e-24	9.777339e-25	5.239127e-25
	2.618131e-25	1.181738e-25	4.581049e-26	1.373291e-26	2.286041e-27
	1.000000e-60
massfraction-C2H2
	1.000000e-60	8.081422e-08	2.642992e-07	6.528589e-07	1.416720e-06
	2.817181e-06	5.222579e-06	9.108662e-06	1.504453e-05	2.366620e-05
	3.564434e-05	5.165241e-05	7.234034e-05	9.831574e-05	1.301332e-04
	1.682902e-04	2.132290e-04	2.653413e-04	3.249768e-04	3.924526e-04
	4.680640e-04	5.520978e-04	6.448468e-04	7.466297e-04	8.578115e-04
	9.787587e-04	1.109697e-03	1.250566e-03	1.400976e-03	1.560370e-03
	1.728054e-03	1.902908e-03	2.083343e-03	2.267741e-03	2.454864e-03
	2.643904e-03	2.834493e-03	3.026933e-03	3.222178e-03	3.420831e-03
	3.621377e-03	3.819592e-03	4.010354e-03	4.190203e-03	4.357904e-03
	4.513329e-03	4.656636e-03	4.788101e-03	4.908068e-03	5.016821e-03
	5.114425e-03	5.200498e-03	5.274005e-03	5.333114e-03	5.375284e-03
	5.397791e-03	5.398564e-03	5.376997e-03	5.334040e-03	5.271503e-03
	5.191259e-03	5.094712e-03	4.982325e-03	4.853820e-03	4.709406e-03
	4.550315e-03	4.377545e-03	4.190808e-03	3.989695e-03	3.775611e-03
	3.552109e-03	3.323712e-03	3.094847e-03	2.869282e-03	2.649757e-03
	2.437652e-03	2.232896e-03	2.034734e-03	1.842872e-03	1.657855e-03
	1.480578e-03	1.311864e-03	1.152536e-03	1.003424e-03	8.651380e-04
	7.379844e-04	6.220848e-04	5.174639e-04	4.240131e-04	3.414424e-04
	2.693048e-04	2.070799e-04	1.542582e-04	1.103905e-04	7.505552e-05
	4.777769e-05	2.790012e-05	1.449518e-05	6.461269e-06	2.408612e-06
	7.519216e-07	2.050497e-07	5.310464e-08	1.444302e-08	4.478713e-09
	1.656579e-09	7.408474e-10	3.988111e-10	2.523363e-10	1.794098e-10
	1.366331e-10	1.077090e-10	8.626336e-11	6.960000e-11	5.637987e-11
	4.577568e-11	3.718526e-11	3.014660e-11	2.431202e-11	1.943495e-11
	1.535225e-11	1.195737e-11	9.172089e-12	6.924925e-12	5.143654e-12
	3.756644e-12	2.695817e-12	1.899212e-12	1.312342e-12	8.885935e-13
	5.890446e-13	3.819439e-13	2.420199e-13	1.496802e-13	9.016198e-14
	5.267730e-14	2.959177e-14	1.567423e-14	7.453686e-15	2.699042e-15
	1.000000e-60
massfraction-CHCO
	1.000000e-60	4.206503e-07	1.182462e-06	2.481327e-06	4.561074e-06
	7.707294e-06	1.222670e-05	1.841624e-05	2.653781e-05	3.680089e-05
	4.935547e-05	6.429339e-05	8.165573e-05	1.014428e-04	1.236249e-04
	1.481521e-04	1.749623e-04	2.039885e-04	2.351641e-04	2.684267e-04
	3.037225e-04	3.410089e-04	3.802583e-04	4.214628e-04	4.646384e-04
	5.098048e-04	5.569351e-04	6.059146e-04	6.565420e-04	7.085929e-04
	7.618342e-04	8.159339e-04	8.704599e-04	9.250162e-04	9.793504e-04
	1.033353e-03	1.087045e-03	1.140641e-03	1.194527e-03	1.249002e-03
	1.303798e-03	1.357931e-03	1.410175e-03	1.459728e-03	1.506358e-03
	1.550105e-03	1.591065e-03	1.629367e-03	1.665172e-03	1.698670e-03
	1.730064e-03	1.759545e-03	1.787252e-03	1.813231e-03	1.837379e-03
	1.859422e-03	1.878917e-03	1.895332e-03	1.908148e-03	1.916899e-03
	1.921133e-03	1.920367e-03	1.914021e-03	1.901345e-03	1.881564e-03
	1.854130e-03	1.818647e-03	1.774564e-03	1.721305e-03	1.658844e-03
	1.588042e-03	1.510449e-03	1.427943e-03	1.342418e-03	1.255525e-03
	1.168411e-03	1.081579e-03	9.951415e-04	9.093244e-04	8.246804e-04
	7.419082e-04	6.616687e-04	5.846174e-04	5.114097e-04	4.425886e-04
	3.785356e-04	3.195249e-04	2.657661e-04	2.173837e-04	1.743895e-04
	1.366933e-04	1.041443e-04	7.657469e-05	5.382319e-05	3.571226e-05
	2.199628e-05	1.228767e-05	6.013423e-06	2.474635e-06	8.315563e-07
	2.279401e-07	5.304066e-08	1.135564e-08	2.467392e-09	5.914712e-10
	1.645787e-10	5.422396e-11	2.120355e-11	9.780193e-12	5.245023e-12
	3.198495e-12	2.148895e-12	1.531328e-12	1.119708e-12	8.229722e-13
	6.024346e-13	4.378549e-13	3.155578e-13	2.251802e-13	1.588615e-13
	1.107291e-13	7.632499e-14	5.215297e-14	3.542819e-14	2.398540e-14
	1.621137e-14	1.094871e-14	7.390603e-15	4.984978e-15	3.357797e-15
	2.256693e-15	1.511435e-15	1.007039e-15	6.657075e-16	4.347588e-16
	2.785251e-16	1.728849e-16	1.015384e-16	5.348513e-17	2.133187e-17
	1.000000e-60
massfraction-C3H3
	1.000000e-60	1.000000e-60	1.000000e-60	1.000000e-60	1.000000e-60
	1.000000e-60	1.000000e-60	1.000000e-60	1.000000e-60	1.000000e-60
	1.000000e-60	1.000000e-60	4.729845e-26	3.021181e-25	3.449163e-25
	3.812444e-25	4.924750e-25	2.607396e-25	6.923792e-25	2.185438e-24
	6.439439e-24	2.120795e-23	7.078887e-23	2.383457e-22	8.141898e-22
	2.819903e-21	9.870973e-21	3.474061e-20	1.220310e-19	4.244856e-19
	1.450795e-18	4.826746e-18	1.547163e-17	4.739375e-17	1.382671e-16
	3.847840e-16	1.028186e-15	2.671317e-15	6.873656e-15	1.789072e-14
	4.801838e-14	1.346998e-13	4.020119e-13	1.296020e-12	4.463959e-12
	1.572767e-11	5.385342e-11	1.728141e-10	5.105300e-10	1.382090e-09
	3.439604e-09	7.927408e-09	1.708409e-08	3.479875e-08	6.772055e-08
	1.270625e-07	2.308909e-07	4.057733e-07	6.862689e-07	1.111920e-06
	1.722786e-06	2.555317e-06	3.641945e-06	5.007415e-06	6.651948e-06
	8.538639e-06	1.060692e-05	1.278898e-05	1.499750e-05	1.710830e-05
	1.897526e-05	2.046791e-05	2.149907e-05	2.203371e-05	2.208335e-05
	2.169092e-05	2.091132e-05	1.979875e-05	1.840831e-05	1.680232e-05
	1.504922e-05	1.321801e-05	1.137577e-05	9.585033e-06	7.898381e-06
	6.355366e-06	4.983149e-06	3.797645e-06	2.803796e-06	1.996388e-06
	1.362197e-06	8.827543e-07	5.366631e-07	3.011022e-07	1.526122e-07
	6.799751e-08	2.573815e-08	7.948928e-09	1.963889e-09	4.026391e-10
	7.234207e-11	1.125578e-11	1.441512e-12	1.476579e-13	1.172689e-14
	6.707761e-16	2.476584e-17	5.400577e-19	6.990679e-21	7.347408e-23
	2.401427e-24	2.148877e-25	2.101359e-26	2.030388e-27	1.960941e-28
	1.932953e-29	1.994393e-30	2.221899e-31	2.759461e-32	3.880589e-33
	6.102758e-34	1.044406e-34	1.907731e-35	3.686921e-36	7.534266e-37
	1.597949e-37	3.545647e-38	8.773916e-39	2.405830e-40	1.000000e-60
	1.000000e-60	1.000000e-60	1.231076e-41	6.374686e-42	1.000000e-60
	1.000000e-60	1.000000e-60	1.000000e-60	1.000000e-60	1.000000e-60
	1.000000e-60
massfraction-C2H3
	1.000000e-60	1.138544e-18	3.040012e-18	5.693925e-18	9.328310e-18
	1.437022e-17	2.156744e-17	3.229940e-17	4.918239e-17	7.728029e-17
	1.266474e-16	2.178494e-16	3.942771e-16	7.502305e-16	1.496273e-15
	3.113950e-15	6.727409e-15	1.500643e-14	3.438056e-14	8.050407e-14
	1.918052e-13	4.631710e-13	1.129772e-12	2.775386e-12	6.846756e-12
	1.689499e-11	4.142079e-11	9.984704e-11	2.335635e-10	5.233589e-10
	1.111323e-09	2.217109e-09	4.131138e-09	7.174780e-09	1.163484e-08
	1.768806e-08	2.533796e-08	3.438506e-08	4.439315e-08	5.456169e-08
	6.356949e-08	6.987916e-08	7.282150e-08	7.349875e-08	7.423878e-08
	7.735573e-08	8.461572e-08	9.754379e-08	1.179956e-07	1.486695e-07
	1.935850e-07	2.586168e-07	3.521329e-07	4.856148e-07	6.739119e-07
	9.346835e-07	1.286467e-06	1.746200e-06	2.327648e-06	3.040548e-06
	3.889034e-06	4.869966e-06	5.974296e-06	7.183853e-06	8.460518e-06
	9.746344e-06	1.098134e-05	1.211413e-05	1.309382e-05	1.386614e-05
	1.438664e-05	1.463555e-05	1.462052e-05	1.437018e-05	1.392439e-05
	1.332440e-05	1.260502e-05	1.179301e-05	1.091164e-05	9.984514e-06
	9.034853e-06	8.083513e-06	7.149263e-06	6.248857e-06	5.395713e-06
	4.599406e-06	3.866563e-06	3.201656e-06	2.607026e-06	2.082812e-06
	1.627322e-06	1.237756e-06	9.108753e-07	6.433821e-07	4.317453e-07
	2.717303e-07	1.577444e-07	8.256591e-08	3.820565e-08	1.570361e-08
	5.997611e-09	2.301356e-09	9.492658e-10	4.285206e-10	2.068221e-10
	1.023424e-10	4.937643e-11	2.231839e-11	9.523329e-12	3.999302e-12
	1.670917e-12	6.802634e-13	2.671704e-13	1.028635e-13	4.020719e-14
	1.662256e-14	7.484472e-15	3.680869e-15	1.935976e-15	1.057972e-15
	5.867653e-16	3.254755e-16	1.791729e-16	9.746724e-17	5.222618e-17
	2.748259e-17	1.415824e-17	7.117650e-18	3.480373e-18	1.650030e-18
	7.561352e-19	3.339183e-19	1.416607e-19	5.751532e-20	2.222489e-20
	8.095737e-21	2.728718e-21	8.177937e-22	1.975897e-22	2.786150e-23
	1.000000e-60
massfraction-C2H4
	1.000000e-60	3.593898e-08	1.193679e-07	2.998584e-07	6.619680e-07
	1.338690e-06	2.521978e-06	4.465608e-06	7.480092e-06	1.192008e-05
	1.816744e-05	2.661318e-05	3.764169e-05	5.161834e-05	6.888161e-05
	8.973902e-05	1.144664e-04	1.433096e-04	1.764883e-04	2.142008e-04
	2.566304e-04	3.039517e-04	3.563404e-04	4.139836e-04	4.770923e-04
	5.458761e-04	6.204623e-04	7.008113e-04	7.866941e-04	8.777809e-04
	9.736631e-04	1.073684e-03	1.176920e-03	1.282428e-03	1.389486e-03
	1.497615e-03	1.606590e-03	1.716569e-03	1.828079e-03	1.941443e-03
	2.055771e-03	2.168629e-03	2.277083e-03	2.379151e-03	2.474116e-03
	2.561871e-03	2.642436e-03	2.715848e-03	2.782105e-03	2.841081e-03
	2.892410e-03	2.935331e-03	2.968537e-03	2.990047e-03	2.997255e-03
	2.987313e-03	2.957891e-03	2.907988e-03	2.838179e-03	2.750137e-03
	2.645980e-03	2.527785e-03	2.397043e-03	2.254940e-03	2.103628e-03
	1.946443e-03	1.786304e-03	1.624790e-03	1.463380e-03	1.304832e-03
	1.152830e-03	1.010680e-03	8.805818e-04	7.635501e-04	6.595587e-04
	5.677441e-04	4.866842e-04	4.149120e-04	3.513482e-04	2.953066e-04
	2.462363e-04	2.035784e-04	1.667928e-04	1.353619e-04	1.087504e-04
	8.641021e-05	6.781863e-05	5.249688e-05	4.000396e-05	2.993132e-05
	2.190722e-05	1.560416e-05	1.074158e-05	7.082103e-06	4.420862e-06
	2.574328e-06	1.370927e-06	6.490076e-07	2.655120e-07	9.329269e-08
	2.920660e-08	8.896928e-09	2.932742e-09	1.106658e-09	4.726580e-10
	2.209168e-10	1.110438e-10	6.053593e-11	3.640601e-11	2.413324e-11
	1.725963e-11	1.297337e-11	1.004307e-11	7.906784e-12	6.287281e-12
	5.029564e-12	4.034781e-12	3.234818e-12	2.581925e-12	2.043553e-12
	1.598456e-12	1.232708e-12	9.360799e-13	6.994871e-13	5.140908e-13
	3.714012e-13	2.635548e-13	1.835462e-13	1.253312e-13	8.383060e-14
	5.487636e-14	3.512652e-14	2.196676e-14	1.340518e-14	7.966887e-15
	4.592800e-15	2.546455e-15	1.331973e-15	6.260155e-16	2.242990e-16
	1.000000e-60
massfraction-C2H5
	1.000000e-60	1.297010e-12	4.431587e-12	1.148153e-11	2.615950e-11
	5.456820e-11	1.059040e-10	1.928586e-10	3.316325e-10	5.415227e-10
	8.441912e-10	1.262772e-09	1.820993e-09	2.542427e-09	3.449942e-09
	4.565376e-09	5.909421e-09	7.501723e-09	9.361152e-09	1.150629e-08
	1.395616e-08	1.673119e-08	1.985473e-08	2.335517e-08	2.726890e-08
	3.164211e-08	3.653026e-08	4.199813e-08	4.812462e-08	5.501614e-08
	6.281616e-08	7.169610e-08	8.184564e-08	9.347745e-08	1.068326e-07
	1.221688e-07	1.397413e-07	1.597825e-07	1.823974e-07	2.071835e-07
	2.325501e-07	2.555561e-07	2.736559e-07	2.876737e-07	3.026476e-07
	3.254121e-07	3.619076e-07	4.168745e-07	4.952370e-07	6.034533e-07
	7.504094e-07	9.480445e-07	1.211725e-06	1.559834e-06	2.011779e-06
	2.584166e-06	3.285484e-06	4.112433e-06	5.050023e-06	6.073307e-06
	7.148130e-06	8.232427e-06	9.280796e-06	1.024355e-05	1.106354e-05
	1.168677e-05	1.207826e-05	1.222182e-05	1.211252e-05	1.175983e-05
	1.119479e-05	1.046682e-05	9.632706e-06	8.746113e-06	7.850539e-06
	6.975860e-06	6.138419e-06	5.346113e-06	4.604852e-06	3.920846e-06
	3.298964e-06	2.741537e-06	2.249027e-06	1.820392e-06	1.452802e-06
	1.141924e-06	8.826912e-07	6.697873e-07	4.977702e-07	3.611701e-07
	2.547039e-07	1.734967e-07	1.131995e-07	6.998489e-08	4.044086e-08
	2.147037e-08	1.024479e-08	4.267558e-09	1.516730e-09	4.648499e-10
	1.311218e-10	3.855313e-11	1.359184e-11	6.080825e-12	3.267089e-12
	1.922653e-12	1.149092e-12	6.677075e-13	3.750766e-13	2.067993e-13
	1.125440e-13	5.916467e-14	2.918345e-14	1.350961e-14	6.038696e-15
	2.698424e-15	1.237850e-15	5.910108e-16	2.943272e-16	1.520941e-16
	8.091264e-17	4.397921e-17	2.426928e-17	1.352106e-17	7.564447e-18
	4.227961e-18	2.349559e-18	1.292579e-18	7.013026e-19	3.740880e-19
	1.957073e-19	1.002446e-19	5.022264e-20	2.460052e-20	1.177981e-20
	5.510724e-21	2.510828e-21	1.101831e-21	4.484039e-22	1.453801e-22
	1.000000e-60
massfraction-C3H4
	1.000000e-60	1.054917e-11	3.870374e-11	1.084024e-10	2.674641e-10
	6.033131e-10	1.262036e-09	2.466790e-09	4.531984e-09	7.869739e-09
	1.298753e-08	2.047786e-08	3.100282e-08	4.527611e-08	6.404558e-08
	8.807789e-08	1.181465e-07	1.550232e-07	1.994740e-07	2.522582e-07
	3.141308e-07	3.858504e-07	4.681896e-07	5.619545e-07	6.680073e-07
	7.872266e-07	9.203597e-07	1.067842e-06	1.229711e-06	1.405732e-06
	1.595421e-06	1.797682e-06	2.010714e-06	2.232504e-06	2.461341e-06
	2.695938e-06	2.935481e-06	3.179971e-06	3.430211e-06	3.686526e-06
	3.946407e-06	4.203716e-06	4.451118e-06	4.683568e-06	4.899116e-06
	5.097453e-06	5.278829e-06	5.443818e-06	5.593277e-06	5.728290e-06
	5.850275e-06	5.961367e-06	6.065263e-06	6.168395e-06	6.280861e-06
	6.415982e-06	6.587458e-06	6.805233e-06	7.073053e-06	7.389200e-06
	7.748801e-06	8.146011e-06	8.576200e-06	9.035071e-06	9.514437e-06
	1.000148e-05	1.048354e-05	1.095038e-05	1.138971e-05	1.178340e-05
	1.211026e-05	1.235190e-05	1.249642e-05	1.253915e-05	1.248178e-05
	1.232994e-05	1.209005e-05	1.176733e-05	1.136676e-05	1.089512e-05
	1.036116e-05	9.774807e-06	9.147102e-06	8.490159e-06	7.815932e-06
	7.135204e-06	6.457632e-06	5.791964e-06	5.145694e-06	4.524531e-06
	3.932301e-06	3.371402e-06	2.843557e-06	2.350669e-06	1.895272e-06
	1.480720e-06	1.110703e-06	7.884244e-07	5.201131e-07	3.140847e-07
	1.725483e-07	8.700520e-08	4.133951e-08	1.913781e-08	8.844509e-09
	4.125824e-09	1.960074e-09	9.654514e-10	5.039829e-10	2.820944e-10
	1.688317e-10	1.068203e-10	7.049871e-11	4.798913e-11	3.342362e-11
	2.367812e-11	1.697078e-11	1.223714e-11	8.824621e-12	6.327916e-12
	4.491046e-12	3.145003e-12	2.169756e-12	1.473630e-12	9.846272e-13
	6.467194e-13	4.171307e-13	2.638849e-13	1.635258e-13	9.913908e-14
	5.873571e-14	3.397376e-14	1.916990e-14	1.054315e-14	5.644345e-15
	2.932761e-15	1.468692e-15	6.967949e-16	2.990335e-16	9.877042e-17
	1.000000e-60
massfraction-C3H5
	1.000000e-60	2.851828e-13	1.061359e-12	3.019648e-12	7.570775e-12
	1.734783e-11	3.683993e-11	7.304017e-11	1.359896e-10	2.390918e-10
	3.991414e-10	6.360765e-10	9.725296e-10	1.433265e-09	2.044597e-09
	2.833857e-09	3.828955e-09	5.058055e-09	6.549379e-09	8.331143e-09
	1.043162e-08	1.287933e-08	1.570345e-08	1.893442e-08	2.260474e-08
	2.674766e-08	3.139189e-08	3.655527e-08	4.224142e-08	4.844405e-08
	5.514747e-08	6.231360e-08	6.987826e-08	7.776830e-08	8.591949e-08
	9.428030e-08	1.028131e-07	1.115040e-07	1.203596e-07	1.293547e-07
	1.383407e-07	1.470145e-07	1.550049e-07	1.619926e-07	1.677282e-07
	1.719712e-07	1.744566e-07	1.749137e-07	1.731262e-07	1.690376e-07
	1.628958e-07	1.553983e-07	1.477747e-07	1.417375e-07	1.392633e-07
	1.422513e-07	1.521910e-07	1.699608e-07	1.958246e-07	2.295560e-07
	2.705471e-07	3.178846e-07	3.705275e-07	4.272022e-07	4.859255e-07
	5.440675e-07	5.991816e-07	6.494216e-07	6.931112e-07	7.285110e-07
	7.542863e-07	7.700194e-07	7.762326e-07	7.740940e-07	7.650573e-07
	7.505387e-07	7.316812e-07	7.093046e-07	6.840449e-07	6.564920e-07
	6.271938e-07	5.966168e-07	5.651688e-07	5.332178e-07	5.010590e-07
	4.688965e-07	4.368710e-07	4.050878e-07	3.736140e-07	3.424611e-07
	3.115793e-07	2.808726e-07	2.502291e-07	2.195685e-07	1.888832e-07
	1.582872e-07	1.280376e-07	9.852448e-08	7.071544e-08	4.640180e-08
	2.743688e-08	1.461138e-08	7.145190e-09	3.310874e-09	1.491797e-09
	6.626128e-10	2.940225e-10	1.342440e-10	6.597180e-11	3.622706e-11
	2.237707e-11	1.517544e-11	1.091242e-11	8.093938e-12	6.093700e-12
	4.618935e-12	3.508086e-12	2.658768e-12	2.001890e-12	1.490572e-12
	1.093168e-12	7.874848e-13	5.564137e-13	3.853546e-13	2.614598e-13
	1.736876e-13	1.128778e-13	7.169976e-14	4.447020e-14	2.690636e-14
	1.586812e-14	9.116045e-15	5.099077e-15	2.775659e-15	1.468930e-15
	7.538549e-16	3.727178e-16	1.745883e-16	7.401979e-17	2.418136e-17
	1.000000e-60
massfraction-C3H6
	1.000000e-60	1.866755e-11	7.076378e-11	2.054338e-10	5.257929e-10
	1.229448e-09	2.662023e-09	5.375530e-09	1.018190e-08	1.819038e-08
	3.082197e-08	4.979966e-08	7.711885e-08	1.150046e-07	1.658637e-07
	2.322381e-07	3.167636e-07	4.221382e-07	5.510997e-07	7.064156e-07
	8.908840e-07	1.107347e-06	1.358720e-06	1.648045e-06	1.978554e-06
	2.353530e-06	2.775808e-06	3.247117e-06	3.767673e-06	4.336408e-06
	4.950813e-06	5.605494e-06	6.291624e-06	6.998399e-06	7.714656e-06
	8.429225e-06	9.131012e-06	9.809621e-06	1.045447e-05	1.105045e-05
	1.157359e-05	1.199667e-05	1.230149e-05	1.248669e-05	1.256302e-05
	1.254444e-05	1.244309e-05	1.226743e-05	1.202246e-05	1.171206e-05
	1.134416e-05	1.093863e-05	1.053556e-05	1.019906e-05	1.000961e-05
	1.004260e-05	1.034173e-05	1.090309e-05	1.167966e-05	1.259851e-05
	1.357656e-05	1.453055e-05	1.538433e-05	1.606726e-05	1.651249e-05
	1.666985e-05	1.651757e-05	1.605543e-05	1.529807e-05	1.428278e-05
	1.307432e-05	1.175334e-05	1.039896e-05	9.076347e-06	7.830772e-06
	6.686669e-06	5.651075e-06	4.722078e-06	3.896889e-06	3.173750e-06
	2.549599e-06	2.018921e-06	1.574699e-06	1.208966e-06	9.127813e-07
	6.767329e-07	4.917142e-07	3.493177e-07	2.418985e-07	1.626106e-07
	1.054913e-07	6.550720e-08	3.851024e-08	2.112580e-08	1.061406e-08
	4.767311e-09	1.852930e-09	5.952832e-10	1.508904e-10	2.963570e-11
	4.653349e-12	6.385425e-13	8.764041e-14	1.386683e-14	2.798504e-15
	7.482813e-16	2.627872e-16	1.186663e-16	6.853498e-17	4.970178e-17
	4.140609e-17	3.558152e-17	2.989646e-17	2.435295e-17	1.937836e-17
	1.519457e-17	1.179779e-17	9.078996e-18	6.910668e-18	5.184780e-18
	3.820563e-18	2.757823e-18	1.947326e-18	1.344236e-18	9.067966e-19
	5.975463e-19	3.844436e-19	2.413297e-19	1.477060e-19	8.808313e-20
	5.114877e-20	2.890859e-20	1.589748e-20	8.503393e-21	4.420460e-21
	2.228155e-21	1.082224e-21	4.983127e-22	2.079141e-22	6.696231e-23
	1.000000e-60
massfraction-N-C3H7
	1.000000e-60	5.036300e-16	1.912094e-15	5.560461e-15	1.425642e-14
	3.339248e-14	7.242073e-14	1.464692e-13	2.778346e-13	4.970371e-13
	8.432496e-13	1.364055e-12	2.114653e-12	3.156698e-12	4.556989e-12
	6.386172e-12	8.717614e-12	1.162650e-11	1.518923e-11	1.948308e-11
	2.458620e-11	3.057791e-11	3.753921e-11	4.555367e-11	5.470756e-11
	6.508213e-11	7.672963e-11	8.963093e-11	1.036271e-10	1.182985e-10
	1.326984e-10	1.448657e-10	1.513205e-10	1.473077e-10	1.292920e-10
	1.000489e-10	7.001219e-11	4.760244e-11	3.286398e-11	2.315815e-11
	1.671067e-11	1.245549e-11	9.672880e-12	7.858829e-12	6.679104e-12
	5.927427e-12	5.479102e-12	5.258529e-12	5.221343e-12	5.345116e-12
	5.625836e-12	6.080138e-12	6.754524e-12	7.742536e-12	9.208134e-12
	1.140914e-11	1.470806e-11	1.956363e-11	2.650753e-11	3.610609e-11
	4.889456e-11	6.529169e-11	8.555712e-11	1.096683e-10	1.370024e-10
	1.662083e-10	1.955711e-10	2.233560e-10	2.477226e-10	2.667259e-10
	2.787834e-10	2.831842e-10	2.801948e-10	2.708281e-10	2.564797e-10
	2.385704e-10	2.182923e-10	1.965699e-10	1.741884e-10	1.518833e-10
	1.303026e-10	1.099575e-10	9.123348e-11	7.439842e-11	5.958983e-11
	4.682602e-11	3.604227e-11	2.711868e-11	1.989363e-11	1.417585e-11
	9.760738e-12	6.446109e-12	4.042153e-12	2.374940e-12	1.284968e-12
	6.259816e-13	2.664044e-13	9.495773e-14	2.718685e-14	6.167238e-15
	1.148338e-15	1.925779e-16	3.339513e-17	6.927606e-18	1.917888e-18
	7.485440e-19	4.184217e-19	3.355683e-19	3.873960e-19	6.294313e-19
	1.310437e-18	2.537396e-18	3.016182e-18	2.645081e-18	2.085729e-18
	1.592719e-18	1.204238e-18	9.051750e-19	6.749640e-19	4.973064e-19
	3.606477e-19	2.567206e-19	1.791166e-19	1.224108e-19	8.190121e-20
	5.361510e-20	3.431356e-20	2.144955e-20	1.308324e-20	7.779483e-21
	4.505895e-21	2.540657e-21	1.394007e-21	7.439865e-22	3.859084e-22
	1.940947e-22	9.407055e-23	4.322571e-23	1.800068e-23	5.787525e-24
	1.000000e-60
massfraction-I-C3H7
	1.000000e-60	1.000004e-60	1.000039e-60	1.000103e-60	1.000205e-60
	1.000349e-60	1.000526e-60	1.000696e-60	1.000782e-60	1.000658e-60
	1.000142e-60	9.990000e-61	9.969497e-61	9.936695e-61	9.888090e-61
	9.819999e-61	9.728673e-61	9.610391e-61	9.461548e-61	9.278735e-61
	9.058803e-61	8.798928e-61	8.496653e-61	8.149936e-61	7.757182e-61
	7.317540e-61	6.831609e-61	6.302196e-61	5.734594e-61	5.135925e-61
	4.514753e-61	3.881739e-61	3.249088e-61	2.628447e-61	2.029991e-61
	1.464801e-61	9.503121e-62	5.168988e-62	2.076170e-62	5.002054e-63
	5.784897e-64	2.898988e-65	8.925753e-67	1.906459e-67	1.284641e-67
	9.405310e-68	7.213250e-68	5.766548e-68	4.782253e-68	4.094641e-68
	3.603219e-68	3.245054e-68	2.979424e-68	2.779203e-68	2.625880e-68
	2.506618e-68	2.412602e-68	2.337468e-68	2.275563e-68	2.220689e-68
	2.165995e-68	2.104737e-68	2.031006e-68	1.940516e-68	1.831744e-68
	1.706347e-68	1.567687e-68	1.419219e-68	1.264848e-68	1.109857e-68
	9.602769e-69	8.212276e-69	6.959874e-69	5.859435e-69	4.909475e-69
	4.097690e-69	3.405835e-69	2.815620e-69	2.312689e-69	1.886412e-69
	1.527690e-69	1.227925e-69	9.792755e-70	7.746888e-70	6.076358e-70
	4.721414e-70	3.629760e-70	2.756824e-70	2.064556e-70	1.520378e-70
	1.096727e-70	7.707911e-71	5.240452e-71	3.415651e-71	2.111355e-71
	1.225288e-71	6.723562e-72	3.979409e-72	4.536012e-72	1.397861e-71
	6.908789e-71	4.309095e-70	3.129338e-69	2.461403e-68	1.997132e-67
	1.658517e-66	1.438666e-65	1.331843e-64	1.131925e-63	5.070191e-63
	9.647546e-63	1.194223e-62	1.275727e-62	1.314446e-62	1.373682e-62
	1.491917e-62	1.697597e-62	2.017828e-62	2.482805e-62	3.126856e-62
	3.985648e-62	5.090341e-62	6.461790e-62	8.109386e-62	1.003453e-61
	1.223572e-61	1.471395e-61	1.747695e-61	2.054189e-61	2.393696e-61
	2.770168e-61	3.188645e-61	3.655114e-61	4.176342e-61	4.759689e-61
	5.412956e-61	6.144247e-61	6.961864e-61	7.873829e-61	8.885391e-61
	1.000000e-60
massfraction-C3H8
	1.000000e-60	1.000007e-60	1.000050e-60	1.000133e-60	1.000276e-60
	1.000506e-60	1.000850e-60	1.001324e-60	1.001931e-60	1.002650e-60
	1.003433e-60	1.004201e-60	1.004847e-60	1.005239e-60	1.005222e-60
	1.004622e-60	1.003257e-60	1.000931e-60	9.974464e-61	9.926004e-61
	9.861889e-61	9.780063e-61	9.678452e-61	9.554937e-61	9.407329e-61
	9.233420e-61	9.031227e-61	8.799336e-61	8.537130e-61	8.244660e-61
	7.922643e-61	7.573120e-61	7.199667e-61	6.806537e-61	6.397689e-61
	5.976493e-61	5.545568e-61	5.106179e-61	4.658275e-61	4.202919e-61
	3.746341e-61	3.300961e-61	2.880624e-61	2.494255e-61	2.144775e-61
	1.831931e-61	1.554296e-61	1.309764e-61	1.095748e-61	9.094497e-62
	7.480837e-62	6.091016e-62	4.903040e-62	3.898899e-62	3.063713e-62
	2.383228e-62	1.841601e-62	1.419678e-62	1.095718e-62	8.483025e-63
	6.589995e-63	5.132380e-63	3.998327e-63	3.107724e-63	2.407848e-63
	1.861096e-63	1.434897e-63	1.101170e-63	8.392789e-64	6.353032e-64
	4.786790e-64	3.600412e-64	2.710249e-64	2.045595e-64	1.549482e-64
	1.177486e-64	8.959752e-65	6.807753e-65	5.153272e-65	3.881444e-65
	2.906778e-65	2.162659e-65	1.597366e-65	1.170625e-65	8.505408e-66
	6.119136e-66	4.352018e-66	3.054025e-66	2.109660e-66	1.429871e-66
	9.465063e-67	6.080539e-67	3.759436e-67	2.213579e-67	1.225679e-67
	6.303451e-68	3.022769e-68	1.533671e-68	1.460120e-68	3.638955e-68
	1.400094e-67	6.509652e-67	3.362481e-66	1.787745e-65	9.214118e-65
	4.450193e-64	1.960216e-63	7.518047e-63	2.364230e-62	5.888495e-62
	1.176309e-61	1.964419e-61	2.867658e-61	3.795353e-61	4.679938e-61
	5.484441e-61	6.196982e-61	6.820633e-61	7.364541e-61	7.838063e-61
	8.248089e-61	8.599129e-61	8.894793e-61	9.139331e-61	9.338059e-61
	9.496965e-61	9.622184e-61	9.719552e-61	9.794329e-61	9.851085e-61
	9.893671e-61	9.925258e-61	9.948409e-61	9.965160e-61	9.977109e-61
	9.985493e-61	9.991260e-61	9.995125e-61	9.997625e-61	9.999152e-61
	1.000000e-60
V [kg/(s*m^2)]
	3.108721e-01	2.948199e-01	2.790669e-01	2.639490e-01	2.496964e-01
	2.363824e-01	2.240066e-01	2.125397e-01	2.019284e-01	1.921045e-01
	1.829909e-01	1.745089e-01	1.665816e-01	1.591366e-01	1.521077e-01
	1.454344e-01	1.390625e-01	1.329430e-01	1.270318e-01	1.212883e-01
	1.156754e-01	1.101578e-01	1.047015e-01	9.927300e-02	9.383765e-02
	8.836207e-02	8.281873e-02	7.718924e-02	7.146296e-02	6.562965e-02
	5.967848e-02	5.360885e-02	4.743194e-02	4.115710e-02	3.478032e-02
	2.828387e-02	2.163574e-02	1.477962e-02	7.631585e-03	1.124063e-04
	-7.783501e-03	-1.594374e-02	-2.418704e-02	-3.236451e-02	-4.039855e-02
	-4.824964e-02	-5.588659e-02	-6.328352e-02	-7.042259e-02	-7.729349e-02
	-8.389136e-02	-9.021105e-02	-9.624110e-02	-1.019562e-01	-1.073129e-01
	-1.122567e-01	-1.167348e-01	-1.207191e-01	-1.242218e-01	-1.272901e-01
	-1.299879e-01	-1.323814e-01	-1.345354e-01	-1.365036e-01	-1.383164e-01
	-1.399891e-01	-1.415410e-01	-1.429995e-01	-1.443868e-01	-1.457108e-01
	-1.469690e-01	-1.481575e-01	-1.492757e-01	-1.503256e-01	-1.513127e-01
	-1.522454e-01	-1.531362e-01	-1.539981e-01	-1.548410e-01	-1.556705e-01
	-1.564901e-01	-1.573032e-01	-1.581127e-01	-1.589208e-01	-1.597300e-01
	-1.605442e-01	-1.613675e-01	-1.622046e-01	-1.630612e-01	-1.639444e-01
	-1.648644e-01	-1.658346e-01	-1.668727e-01	-1.680010e-01	-1.692481e-01
	-1.706516e-01	-1.722638e-01	-1.741673e-01	-1.764685e-01	-1.792671e-01
	-1.826313e-01	-1.865681e-01	-1.909993e-01	-1.958032e-01	-2.009147e-01
	-2.063764e-01	-2.122799e-01	-2.186445e-01	-2.253546e-01	-2.322314e-01
	-2.391312e-01	-2.459722e-01	-2.527178e-01	-2.593491e-01	-2.658546e-01
	-2.722396e-01	-2.785399e-01	-2.848238e-01	-2.911831e-01	-2.977154e-01
	-3.045021e-01	-3.115944e-01	-3.190126e-01	-3.267603e-01	-3.348381e-01
	-3.432490e-01	-3.520001e-01	-3.611013e-01	-3.705625e-01	-3.803912e-01
	-3.905903e-01	-4.011558e-01	-4.120754e-01	-4.233286e-01	-4.348877e-01
	-4.467195e-01	-4.587881e-01	-4.710569e-01	-4.834845e-01	-4.959992e-01
	-5.085252e-01
density [kg/m^3]
	6.431859e-01	6.430192e-01	6.427349e-01	6.422604e-01	6.414957e-01
	6.403119e-01	6.385576e-01	6.360727e-01	6.327054e-01	6.283281e-01
	6.228500e-01	6.162234e-01	6.084447e-01	5.995506e-01	5.896116e-01
	5.787226e-01	5.669950e-01	5.545482e-01	5.415029e-01	5.279756e-01
	5.140745e-01	4.998968e-01	4.855266e-01	4.710339e-01	4.564739e-01
	4.418950e-01	4.273544e-01	4.129266e-01	3.986977e-01	3.847439e-01
	3.711285e-01	3.579243e-01	3.452105e-01	3.330407e-01	3.214250e-01
	3.103387e-01	2.997305e-01	2.895164e-01	2.795865e-01	2.698537e-01
	2.603301e-01	2.511479e-01	2.424834e-01	2.344459e-01	2.270490e-01
	2.202647e-01	2.140585e-01	2.083949e-01	2.032359e-01	1.985429e-01
	1.942784e-01	1.904098e-01	1.869120e-01	1.837698e-01	1.809776e-01
	1.785339e-01	1.764339e-01	1.746599e-01	1.731776e-01	1.719424e-01
	1.709091e-01	1.700371e-01	1.692921e-01	1.686477e-01	1.680890e-01
	1.676069e-01	1.671928e-01	1.668372e-01	1.665339e-01	1.662817e-01
	1.660813e-01	1.659329e-01	1.658354e-01	1.657864e-01	1.657830e-01
	1.658226e-01	1.659034e-01	1.660258e-01	1.661913e-01	1.664020e-01
	1.666601e-01	1.669685e-01	1.673298e-01	1.677469e-01	1.682228e-01
	1.687613e-01	1.693673e-01	1.700464e-01	1.708053e-01	1.716535e-01
	1.726041e-01	1.736759e-01	1.748949e-01	1.762961e-01	1.779267e-01
	1.798507e-01	1.821616e-01	1.850112e-01	1.886143e-01	1.932203e-01
	1.990958e-01	2.064906e-01	2.155821e-01	2.265044e-01	2.395409e-01
	2.553331e-01	2.748787e-01	2.991871e-01	3.287851e-01	3.635662e-01
	4.030216e-01	4.464203e-01	4.928484e-01	5.412515e-01	5.905252e-01
	6.397146e-01	6.881895e-01	7.356636e-01	7.820698e-01	8.273449e-01
	8.712255e-01	9.131780e-01	9.524904e-01	9.884748e-01	1.020620e+00
	1.048649e+00	1.072514e+00	1.092363e+00	1.108494e+00	1.121303e+00
	1.131240e+00	1.138772e+00	1.144350e+00	1.148386e+00	1.151244e+00
	1.153224e+00	1.154570e+00	1.155467e+00	1.156056e+00	1.156437e+00
	1.156679e+00
cp [J/m^3K]
	2.197908e+03	2.198244e+03	2.198785e+03	2.199643e+03	2.200972e+03
	2.202969e+03	2.205865e+03	2.209904e+03	2.215319e+03	2.222307e+03
	2.231012e+03	2.241512e+03	2.253822e+03	2.267890e+03	2.283609e+03
	2.300828e+03	2.319360e+03	2.338994e+03	2.359507e+03	2.380666e+03
	2.402241e+03	2.424006e+03	2.445748e+03	2.467263e+03	2.488362e+03
	2.508858e+03	2.528542e+03	2.547175e+03	2.564500e+03	2.580265e+03
	2.594215e+03	2.606054e+03	2.615442e+03	2.622007e+03	2.625315e+03
	2.624812e+03	2.619747e+03	2.609053e+03	2.591157e+03	2.563841e+03
	2.524431e+03	2.472746e+03	2.416245e+03	2.357233e+03	2.297071e+03
	2.236806e+03	2.177326e+03	2.119363e+03	2.063472e+03	2.010037e+03
	1.959306e+03	1.911443e+03	1.866595e+03	1.824950e+03	1.786768e+03
	1.752327e+03	1.721842e+03	1.695326e+03	1.672517e+03	1.652946e+03
	1.636079e+03	1.621405e+03	1.608453e+03	1.596851e+03	1.586384e+03
	1.576932e+03	1.568357e+03	1.560484e+03	1.553174e+03	1.546372e+03
	1.540071e+03	1.534269e+03	1.528947e+03	1.524067e+03	1.519584e+03
	1.515437e+03	1.511555e+03	1.507868e+03	1.504324e+03	1.500893e+03
	1.497553e+03	1.494284e+03	1.491069e+03	1.487895e+03	1.484745e+03
	1.481602e+03	1.478444e+03	1.475248e+03	1.471990e+03	1.468637e+03
	1.465147e+03	1.461463e+03	1.457513e+03	1.453203e+03	1.448416e+03
	1.442993e+03	1.436716e+03	1.429238e+03	1.420103e+03	1.408872e+03
	1.395219e+03	1.379068e+03	1.360705e+03	1.340621e+03	1.319101e+03
	1.296010e+03	1.271067e+03	1.244424e+03	1.216959e+03	1.188398e+03
	1.158167e+03	1.130426e+03	1.107057e+03	1.088265e+03	1.073478e+03
	1.061886e+03	1.052712e+03	1.045319e+03	1.039234e+03	1.034128e+03
	1.029792e+03	1.026094e+03	1.022952e+03	1.020302e+03	1.018087e+03
	1.016257e+03	1.014760e+03	1.013552e+03	1.012589e+03	1.011832e+03
	1.011245e+03	1.010798e+03	1.010463e+03	1.010214e+03	1.010032e+03
	1.009901e+03	1.009807e+03	1.009740e+03	1.009692e+03	1.009658e+03
	1.009633e+03
lambda [W/m]
	3.231541e-02	3.233116e-02	3.235634e-02	3.239617e-02	3.245778e-02
	3.255044e-02	3.268534e-02	3.287474e-02	3.313110e-02	3.346626e-02
	3.389075e-02	3.441346e-02	3.504156e-02	3.578062e-02	3.663485e-02
	3.760747e-02	3.870102e-02	3.991771e-02	4.125975e-02	4.272966e-02
	4.433057e-02	4.606656e-02	4.794302e-02	4.996709e-02	5.214823e-02
	5.449746e-02	5.702489e-02	5.973720e-02	6.263692e-02	6.572517e-02
	6.900172e-02	7.245813e-02	7.607518e-02	7.982932e-02	8.369895e-02
	8.766396e-02	9.170399e-02	9.580057e-02	9.993127e-02	1.040385e-01
	1.079818e-01	1.116052e-01	1.149879e-01	1.180726e-01	1.208311e-01
	1.232621e-01	1.253758e-01	1.271897e-01	1.287274e-01	1.300153e-01
	1.310808e-01	1.319496e-01	1.326450e-01	1.331874e-01	1.335955e-01
	1.338870e-01	1.340805e-01	1.341954e-01	1.342501e-01	1.342608e-01
	1.342395e-01	1.341949e-01	1.341323e-01	1.340548e-01	1.339643e-01
	1.338626e-01	1.337503e-01	1.336267e-01	1.334901e-01	1.333394e-01
	1.331745e-01	1.329958e-01	1.328039e-01	1.325995e-01	1.323827e-01
	1.321531e-01	1.319088e-01	1.316466e-01	1.313635e-01	1.310569e-01
	1.307248e-01	1.303651e-01	1.299756e-01	1.295545e-01	1.290999e-01
	1.286091e-01	1.280792e-01	1.275066e-01	1.268872e-01	1.262151e-01
	1.254824e-01	1.246775e-01	1.237849e-01	1.227842e-01	1.216491e-01
	1.203451e-01	1.188237e-01	1.170084e-01	1.148009e-01	1.121111e-01
	1.088799e-01	1.051057e-01	1.008670e-01	9.628462e-02	9.143011e-02
	8.628319e-02	8.079805e-02	7.503067e-02	6.919392e-02	6.350001e-02
	5.810790e-02	5.327162e-02	4.907194e-02	4.548680e-02	4.245059e-02
	3.988180e-02	3.769660e-02	3.581847e-02	3.418441e-02	3.274845e-02
	3.148186e-02	3.036924e-02	2.940231e-02	2.857382e-02	2.787466e-02
	2.729368e-02	2.681834e-02	2.643553e-02	2.613226e-02	2.589609e-02
	2.571544e-02	2.557980e-02	2.547988e-02	2.540765e-02	2.535639e-02
	2.532063e-02	2.529607e-02	2.527941e-02	2.526822e-02	2.526077e-02
	2.525581e-02
mu [kg/s^2m]
	1.146011e-05	1.146207e-05	1.146592e-05	1.147304e-05	1.148538e-05
	1.150549e-05	1.153646e-05	1.158171e-05	1.164469e-05	1.172870e-05
	1.183664e-05	1.197099e-05	1.213370e-05	1.232632e-05	1.255003e-05
	1.280574e-05	1.309423e-05	1.341624e-05	1.377256e-05	1.416415e-05
	1.459221e-05	1.505830e-05	1.556444e-05	1.611325e-05	1.670812e-05
	1.735304e-05	1.805196e-05	1.880808e-05	1.962371e-05	2.050101e-05
	2.144216e-05	2.244753e-05	2.351506e-05	2.464235e-05	2.582894e-05
	2.707692e-05	2.839144e-05	2.978318e-05	3.126959e-05	3.286870e-05
	3.458400e-05	3.639242e-05	3.825153e-05	4.012188e-05	4.197870e-05
	4.380586e-05	4.558957e-05	4.731793e-05	4.898162e-05	5.057390e-05
	5.209009e-05	5.352618e-05	5.487746e-05	5.613698e-05	5.729494e-05
	5.834059e-05	5.926534e-05	6.006730e-05	6.075368e-05	6.133859e-05
	6.183856e-05	6.226946e-05	6.264580e-05	6.297899e-05	6.327563e-05
	6.353943e-05	6.377440e-05	6.398539e-05	6.417585e-05	6.434684e-05
	6.449801e-05	6.462909e-05	6.474046e-05	6.483300e-05	6.490800e-05
	6.496694e-05	6.501126e-05	6.504195e-05	6.505939e-05	6.506349e-05
	6.505399e-05	6.503051e-05	6.499261e-05	6.493986e-05	6.487179e-05
	6.478782e-05	6.468719e-05	6.456904e-05	6.443226e-05	6.427532e-05
	6.409596e-05	6.389087e-05	6.365543e-05	6.338340e-05	6.306646e-05
	6.269339e-05	6.224824e-05	6.170529e-05	6.102982e-05	6.018574e-05
	5.914164e-05	5.787945e-05	5.640497e-05	5.474080e-05	5.289640e-05
	5.084847e-05	4.856113e-05	4.603992e-05	4.336740e-05	4.067139e-05
	3.806687e-05	3.563199e-05	3.341126e-05	3.142358e-05	2.966924e-05
	2.813346e-05	2.679069e-05	2.561107e-05	2.456662e-05	2.363574e-05
	2.280519e-05	2.206879e-05	2.142404e-05	2.086837e-05	2.039734e-05
	2.000469e-05	1.968277e-05	1.942327e-05	1.921770e-05	1.905780e-05
	1.893577e-05	1.884448e-05	1.877758e-05	1.872958e-05	1.869586e-05
	1.867265e-05	1.865700e-05	1.864663e-05	1.863990e-05	1.863561e-05
	1.863292e-05
mDot_CH4 [kg/m^3s]
	0.000000e+00	9.244575e-15	1.014343e-13	4.229526e-13	1.280057e-12
	3.255764e-12	7.392643e-12	1.548728e-11	3.060581e-11	5.802012e-11
	1.069289e-10	1.936263e-10	3.473557e-10	6.211729e-10	1.112209e-09
	1.999628e-09	3.615967e-09	6.581477e-09	1.205738e-08	2.222349e-08
	4.117859e-08	7.663664e-08	1.431190e-07	2.679568e-07	5.025499e-07
	9.430802e-07	1.766971e-06	3.293063e-06	6.072887e-06	1.101589e-05
	1.952234e-05	3.350937e-05	5.513245e-05	8.601602e-05	1.258681e-04
	1.704206e-04	2.087504e-04	2.195972e-04	1.642643e-04	-2.872580e-05
	-4.901140e-04	-1.441753e-03	-3.210197e-03	-6.235636e-03	-1.114643e-02
	-1.893574e-02	-3.121138e-02	-5.053588e-02	-8.097297e-02	-1.289881e-01
	-2.048676e-01	-3.248750e-01	-5.144821e-01	-8.130114e-01	-1.279926e+00
	-2.002915e+00	-3.105725e+00	-4.749583e+00	-7.117218e+00	-1.037434e+01
	-1.462136e+01	-1.986131e+01	-2.600795e+01	-3.288761e+01	-4.020060e+01
	-4.754312e+01	-5.452720e+01	-6.085008e+01	-6.624947e+01	-7.047823e+01
	-7.336454e+01	-7.487194e+01	-7.509445e+01	-7.421178e+01	-7.243781e+01
	-6.997604e+01	-6.698849e+01	-6.359204e+01	-5.988000e+01	-5.594098e+01
	-5.185807e+01	-4.770300e+01	-4.353919e+01	-3.942395e+01	-3.540429e+01
	-3.151525e+01	-2.778403e+01	-2.423375e+01	-2.088339e+01	-1.774648e+01
	-1.483159e+01	-1.214510e+01	-9.694765e+00	-7.493059e+00	-5.557661e+00
	-3.909368e+00	-2.565768e+00	-1.533219e+00	-8.100553e-01	-3.702302e-01
	-1.460588e-01	-5.108007e-02	-1.670716e-02	-5.422158e-03	-1.814945e-03
	-6.335255e-04	-2.289656e-04	-8.436889e-05	-3.129618e-05	-1.171644e-05
	-4.478123e-06	-1.762322e-06	-7.207764e-07	-3.105433e-07	-1.423225e-07
	-6.929706e-08	-3.548661e-08	-1.885887e-08	-1.026504e-08	-5.660167e-09
	-3.138020e-09	-1.742710e-09	-9.687399e-10	-5.391853e-10	-3.004524e-10
	-1.674398e-10	-9.311957e-11	-5.151784e-11	-2.824421e-11	-1.527765e-11
	-8.114989e-12	-4.211465e-12	-2.123698e-12	-1.033790e-12	-4.815957e-13
	-2.118893e-13	-8.606433e-14	-3.086266e-14	-8.807398e-15	-1.430439e-15
	0.000000e+00
ScalarDissRate [1/s]
	3.956642e-05	9.120175e-05	3.566161e-04	1.266655e-03	4.046511e-03
	1.163616e-02	3.025964e-02	7.159796e-02	1.552919e-01	3.112677e-01
	5.813660e-01	1.019924e+00	1.693258e+00	2.678203e+00	4.060023e+00
	5.929965e+00	8.382699e+00	1.151379e+01	1.541720e+01	2.018296e+01
	2.589472e+01	3.262745e+01	4.044492e+01	4.939731e+01	5.951815e+01
	7.081431e+01	8.324482e+01	9.669780e+01	1.109789e+02	1.258220e+02
	1.408936e+02	1.557737e+02	1.699745e+02	1.830049e+02	1.944203e+02
	2.038324e+02	2.109052e+02	2.153462e+02	2.168694e+02	2.151665e+02
	2.100640e+02	2.017790e+02	1.908972e+02	1.782576e+02	1.646159e+02
	1.505995e+02	1.367135e+02	1.233390e+02	1.107346e+02	9.905482e+01
	8.837283e+01	7.870891e+01	7.005340e+01	6.238587e+01	5.568403e+01
	4.991778e+01	4.504006e+01	4.097317e+01	3.760730e+01	3.481755e+01
	3.248543e+01	3.050982e+01	2.880591e+01	2.730950e+01	2.598151e+01
	2.479827e+01	2.373615e+01	2.276881e+01	2.187591e+01	2.104808e+01
	2.028298e+01	1.957903e+01	1.893315e+01	1.834077e+01	1.779613e+01
	1.729212e+01	1.682032e+01	1.637255e+01	1.594280e+01	1.552765e+01
	1.512486e+01	1.473247e+01	1.434886e+01	1.397284e+01	1.360314e+01
	1.323814e+01	1.287602e+01	1.251500e+01	1.215312e+01	1.178791e+01
	1.141611e+01	1.103353e+01	1.063502e+01	1.021454e+01	9.765068e+00
	9.278374e+00	8.743977e+00	8.146263e+00	7.470023e+00	6.712383e+00
	5.888843e+00	5.035212e+00	4.201698e+00	3.433206e+00	2.751064e+00
	2.155827e+00	1.643557e+00	1.216284e+00	8.773481e-01	6.220015e-01
	4.369594e-01	3.058388e-01	2.140541e-01	1.501383e-01	1.056824e-01
	7.467171e-02	5.287759e-02	3.739835e-02	2.628892e-02	1.826757e-02
	1.248810e-02	8.370381e-03	5.490425e-03	3.520493e-03	2.204453e-03
	1.346430e-03	8.009772e-04	4.633339e-04	2.601760e-04	1.415933e-04
	7.458143e-05	3.798401e-05	1.869525e-05	8.892651e-06	4.090083e-06
	1.820745e-06	7.854772e-07	3.288627e-07	1.338534e-07	5.316748e-08
	3.154401e-08
ZBilger
	1.000000e+00	9.999601e-01	9.998712e-01	9.996945e-01	9.993743e-01
	9.988362e-01	9.979896e-01	9.967326e-01	9.949592e-01	9.925665e-01
	9.894597e-01	9.855560e-01	9.807859e-01	9.750924e-01	9.684303e-01
	9.607637e-01	9.520640e-01	9.423074e-01	9.314732e-01	9.195414e-01
	9.064910e-01	8.922979e-01	8.769326e-01	8.603576e-01	8.425242e-01
	8.233802e-01	8.028914e-01	7.810630e-01	7.579441e-01	7.336030e-01
	7.081221e-01	6.816441e-01	6.543784e-01	6.265373e-01	5.982774e-01
	5.696935e-01	5.408184e-01	5.115868e-01	4.818387e-01	4.514728e-01
	4.207122e-01	3.902103e-01	3.607772e-01	3.329730e-01	3.070132e-01
	2.829346e-01	2.607178e-01	2.403090e-01	2.216222e-01	2.045496e-01
	1.889736e-01	1.747841e-01	1.618910e-01	1.502365e-01	1.397980e-01
	1.305696e-01	1.225381e-01	1.156483e-01	1.097867e-01	1.047999e-01
	1.005286e-01	9.682791e-02	9.356923e-02	9.065225e-02	8.801817e-02
	8.563404e-02	8.346363e-02	8.146190e-02	7.959344e-02	7.784415e-02
	7.621379e-02	7.470319e-02	7.330916e-02	7.202462e-02	7.083916e-02
	6.973884e-02	6.870636e-02	6.772451e-02	6.678066e-02	6.586760e-02
	6.498067e-02	6.411559e-02	6.326874e-02	6.243732e-02	6.161816e-02
	6.080713e-02	5.999948e-02	5.919025e-02	5.837381e-02	5.754298e-02
	5.668821e-02	5.579699e-02	5.485345e-02	5.383784e-02	5.272544e-02
	5.148476e-02	5.007269e-02	4.842290e-02	4.645480e-02	4.410499e-02
	4.135244e-02	3.824384e-02	3.490332e-02	3.148353e-02	2.808468e-02
	2.473336e-02	2.144040e-02	1.827152e-02	1.534559e-02	1.276105e-02
	1.055132e-02	8.698769e-03	7.162483e-03	5.896814e-03	4.858365e-03
	4.006753e-03	3.305161e-03	2.721917e-03	2.231752e-03	1.816244e-03
	1.463169e-03	1.164724e-03	9.153789e-04	7.101071e-04	5.437189e-04
	4.109295e-04	3.065813e-04	2.258533e-04	1.643853e-04	1.183311e-04
	8.437100e-05	5.970004e-05	4.200367e-05	2.942144e-05	2.050153e-05
	1.414728e-05	9.558433e-06	6.170941e-06	3.601037e-06	1.598554e-06
	0.000000e+00
ScalarDissRateBilger [1/s]
	2.730380e-05	7.335099e-05	3.358166e-04	1.311850e-03	4.454238e-03
	1.335126e-02	3.577353e-02	8.657654e-02	1.911069e-01	3.883845e-01
	7.332259e-01	1.296654e+00	2.164361e+00	3.433398e+00	5.207564e+00
	7.592084e+00	1.068813e+01	1.458761e+01	1.936855e+01	2.509116e+01
	3.179465e+01	3.949481e+01	4.818223e+01	5.782119e+01	6.834861e+01
	7.966664e+01	9.162690e+01	1.040177e+02	1.165666e+02	1.289637e+02
	1.408770e+02	1.519487e+02	1.618227e+02	1.701961e+02	1.768477e+02
	1.816297e+02	1.844523e+02	1.852635e+02	1.840106e+02	1.806506e+02
	1.752480e+02	1.680366e+02	1.593813e+02	1.497985e+02	1.397336e+02
	1.295358e+02	1.194789e+02	1.097682e+02	1.005443e+02	9.189324e+01
	8.385976e+01	7.646267e+01	6.970827e+01	6.360183e+01	5.815246e+01
	5.336606e+01	4.923472e+01	4.572128e+01	4.275418e+01	4.024039e+01
	3.808504e+01	3.620323e+01	3.452093e+01	3.298062e+01	3.154838e+01
	3.020700e+01	2.894007e+01	2.772709e+01	2.655298e+01	2.541581e+01
	2.432333e+01	2.328455e+01	2.230550e+01	2.138847e+01	2.053199e+01
	1.973075e+01	1.897583e+01	1.825767e+01	1.756970e+01	1.690931e+01
	1.627585e+01	1.566917e+01	1.508984e+01	1.453920e+01	1.401850e+01
	1.352847e+01	1.306957e+01	1.264220e+01	1.224632e+01	1.188106e+01
	1.154444e+01	1.123341e+01	1.094366e+01	1.066937e+01	1.040228e+01
	1.013035e+01	9.835668e+00	9.490992e+00	9.061152e+00	8.512770e+00
	7.829126e+00	7.024911e+00	6.147582e+00	5.255042e+00	4.387381e+00
	3.562407e+00	2.794041e+00	2.108864e+00	1.538253e+00	1.095547e+00
	7.693010e-01	5.354067e-01	3.704719e-01	2.555456e-01	1.761416e-01
	1.214655e-01	8.372230e-02	5.749624e-02	3.914593e-02	2.627262e-02
	1.729255e-02	1.112154e-02	6.975113e-03	4.261400e-03	2.533864e-03
	1.464993e-03	8.227398e-04	4.484073e-04	2.370699e-04	1.216404e-04
	6.068978e-05	2.956291e-05	1.415679e-05	6.733829e-06	3.226296e-06
	1.583363e-06	8.099145e-07	4.380574e-07	2.524918e-07	1.551312e-07
	1.221417e-07
ChiAnalytOverChiStoich
	1.000000e-10	1.000000e-10	1.000000e-10	1.000000e-10	1.000000e-10
	1.000000e-10	1.000000e-10	7.896421e-03	2.161763e-02	4.291974e-02
	7.520494e-02	1.228719e-01	1.912922e-01	2.866566e-01	4.157007e-01
	5.853410e-01	8.022615e-01	1.072499e+00	1.401070e+00	1.791663e+00
	2.246428e+00	2.765866e+00	3.348809e+00	3.992492e+00	4.692658e+00
	5.443222e+00	6.235362e+00	7.056736e+00	7.891605e+00	8.722195e+00
	9.529277e+00	1.029138e+01	1.098597e+01	1.159267e+01	1.209512e+01
	1.248068e+01	1.273980e+01	1.286501e+01	1.284900e+01	1.268368e+01
	1.236536e+01	1.190466e+01	1.132957e+01	1.067564e+01	9.975004e+00
	9.253818e+00	8.533308e+00	7.829982e+00	7.155728e+00	6.518431e+00
	5.922818e+00	5.371552e+00	4.866195e+00	4.408061e+00	3.998580e+00
	3.638771e+00	3.328461e+00	3.065184e+00	2.843880e+00	2.657920e+00
	2.500572e+00	2.365857e+00	2.248585e+00	2.144769e+00	2.052025e+00
	1.968950e+00	1.894078e+00	1.825692e+00	1.762459e+00	1.703806e+00
	1.649633e+00	1.599876e+00	1.554342e+00	1.512719e+00	1.474599e+00
	1.439472e+00	1.406741e+00	1.375823e+00	1.346298e+00	1.317922e+00
	1.290536e+00	1.263996e+00	1.238182e+00	1.213001e+00	1.188351e+00
	1.164105e+00	1.140118e+00	1.116246e+00	1.092328e+00	1.068161e+00
	1.043483e+00	1.017956e+00	9.911598e-01	9.625841e-01	9.316091e-01
	8.974686e-01	8.591450e-01	8.151045e-01	7.636317e-01	7.037413e-01
	6.358352e-01	5.621893e-01	4.868213e-01	4.139189e-01	3.459477e-01
	2.835276e-01	2.268644e-01	1.769162e-01	1.349656e-01	1.013754e-01
	7.532819e-02	5.544730e-02	4.034853e-02	2.887500e-02	2.012405e-02
	1.339978e-02	8.169755e-03	4.036981e-03	7.159052e-04	1.000000e-10
	1.000000e-10	1.000000e-10	1.000000e-10	1.000000e-10	1.000000e-10
	1.000000e-10	1.000000e-10	1.000000e-10	1.000000e-10	1.000000e-10
	1.000000e-10	1.000000e-10	1.000000e-10	1.000000e-10	1.000000e-10
	1.000000e-10	1.000000e-10	1.000000e-10	1.000000e-10	1.000000e-10
	1.000000e-10
ChiKWOverChiKWStoich
	7.162770e-11	7.163157e-11	7.163818e-11	7.164923e-11	7.166705e-11
	7.169471e-11	7.173584e-11	5.669189e-03	1.553753e-02	3.089330e-02
	5.423189e-02	8.880611e-02	1.386304e-01	2.083946e-01	3.032925e-01
	4.287813e-01	5.903002e-01	7.929792e-01	1.041364e+00	1.339181e+00
	1.689163e+00	2.092933e+00	2.550963e+00	3.062588e+00	3.626055e+00
	4.238210e+00	4.893684e+00	5.584110e+00	6.298035e+00	7.021884e+00
	7.740332e+00	8.435430e+00	9.087427e+00	9.677539e+00	1.018982e+01
	1.061119e+01	1.093097e+01	1.114043e+01	1.123105e+01	1.119324e+01
	1.101983e+01	1.071468e+01	1.029704e+01	9.794800e+00	9.235245e+00
	8.641858e+00	8.034571e+00	7.429632e+00	6.839463e+00	6.272991e+00
	5.736257e+00	5.233317e+00	4.767084e+00	4.340118e+00	3.954989e+00
	3.613789e+00	3.317381e+00	3.064293e+00	2.850376e+00	2.669761e+00
	2.516301e+00	2.384432e+00	2.269261e+00	2.166998e+00	2.075385e+00
	1.993105e+00	1.918759e+00	1.850680e+00	1.787573e+00	1.728883e+00
	1.674527e+00	1.624462e+00	1.578511e+00	1.536380e+00	1.497672e+00
	1.461890e+00	1.428436e+00	1.396728e+00	1.366339e+00	1.337024e+00
	1.308623e+00	1.280990e+00	1.254003e+00	1.227570e+00	1.201589e+00
	1.175929e+00	1.150446e+00	1.124992e+00	1.099401e+00	1.073466e+00
	1.046915e+00	1.019396e+00	9.904701e-01	9.596055e-01	9.261600e-01
	8.893459e-01	8.481241e-01	8.009332e-01	7.460693e-01	6.826714e-01
	6.113959e-01	5.348658e-01	4.574349e-01	3.834834e-01	3.154941e-01
	2.540249e-01	1.992078e-01	1.518700e-01	1.130420e-01	8.276811e-02
	5.995952e-02	4.306892e-02	3.063059e-02	2.146392e-02	1.467749e-02
	9.608804e-03	5.770781e-03	2.813525e-03	4.929755e-04	6.811880e-11
	6.745834e-11	6.687397e-11	6.636345e-11	6.592440e-11	6.555296e-11
	6.524384e-11	6.499074e-11	6.478690e-11	6.462552e-11	6.449999e-11
	6.440416e-11	6.433241e-11	6.427975e-11	6.424190e-11	6.421523e-11
	6.419681e-11	6.418432e-11	6.417600e-11	6.417055e-11	6.416703e-11
	6.416479e-11
ChiKWFact
	7.162770e-01	7.163157e-01	7.163818e-01	7.164923e-01	7.166705e-01
	7.169471e-01	7.173584e-01	7.179440e-01	7.187434e-01	7.197924e-01
	7.211214e-01	7.227535e-01	7.247047e-01	7.269836e-01	7.295934e-01
	7.325323e-01	7.357953e-01	7.393749e-01	7.432631e-01	7.474516e-01
	7.519328e-01	7.567009e-01	7.617523e-01	7.670869e-01	7.727082e-01
	7.786216e-01	7.848276e-01	7.913163e-01	7.980676e-01	8.050592e-01
	8.122685e-01	8.196601e-01	8.271848e-01	8.347979e-01	8.424742e-01
	8.502088e-01	8.580177e-01	8.659480e-01	8.740800e-01	8.824918e-01
	8.911853e-01	9.000408e-01	9.088637e-01	9.174904e-01	9.258387e-01
	9.338695e-01	9.415540e-01	9.488696e-01	9.558026e-01	9.623467e-01
	9.685012e-01	9.742652e-01	9.796326e-01	9.845866e-01	9.890983e-01
	9.931347e-01	9.966713e-01	9.997093e-01	1.002284e+00	1.004455e+00
	1.006290e+00	1.007851e+00	1.009195e+00	1.010364e+00	1.011384e+00
	1.012268e+00	1.013030e+00	1.013687e+00	1.014249e+00	1.014718e+00
	1.015091e+00	1.015367e+00	1.015549e+00	1.015641e+00	1.015647e+00
	1.015573e+00	1.015422e+00	1.015194e+00	1.014886e+00	1.014494e+00
	1.014015e+00	1.013444e+00	1.012778e+00	1.012011e+00	1.011139e+00
	1.010158e+00	1.009059e+00	1.007835e+00	1.006475e+00	1.004966e+00
	1.003289e+00	1.001415e+00	9.993041e-01	9.969056e-01	9.941509e-01
	9.909493e-01	9.871722e-01	9.826141e-01	9.770015e-01	9.700602e-01
	9.615635e-01	9.513979e-01	9.396362e-01	9.264698e-01	9.119705e-01
	8.959441e-01	8.780919e-01	8.584291e-01	8.375618e-01	8.164513e-01
	7.959772e-01	7.767541e-01	7.591500e-01	7.433395e-01	7.293507e-01
	7.170869e-01	7.063591e-01	6.969379e-01	6.886043e-01	6.811880e-01
	6.745834e-01	6.687397e-01	6.636345e-01	6.592440e-01	6.555296e-01
	6.524384e-01	6.499074e-01	6.478690e-01	6.462552e-01	6.449999e-01
	6.440416e-01	6.433241e-01	6.427975e-01	6.424190e-01	6.421523e-01
	6.419681e-01	6.418432e-01	6.417600e-01	6.417055e-01	6.416703e-01
	6.416479e-01
MolarMass [kg/kmole]
	1.604300e+01	1.604165e+01	1.604016e+01	1.603873e+01	1.603774e+01
	1.603770e+01	1.603924e+01	1.604310e+01	1.605006e+01	1.606089e+01
	1.607634e+01	1.609708e+01	1.612370e+01	1.615674e+01	1.619666e+01
	1.624391e+01	1.629887e+01	1.636194e+01	1.643353e+01	1.651407e+01
	1.660405e+01	1.670399e+01	1.681454e+01	1.693644e+01	1.707063e+01
	1.721812e+01	1.737993e+01	1.755683e+01	1.774934e+01	1.795783e+01
	1.818262e+01	1.842348e+01	1.867947e+01	1.894950e+01	1.923283e+01
	1.952924e+01	1.983910e+01	2.016393e+01	2.050647e+01	2.086909e+01
	2.125042e+01	2.164308e+01	2.203627e+01	2.242107e+01	2.279247e+01
	2.314771e+01	2.348485e+01	2.380255e+01	2.410014e+01	2.437754e+01
	2.463504e+01	2.487307e+01	2.509191e+01	2.529150e+01	2.547132e+01
	2.563076e+01	2.576951e+01	2.588823e+01	2.598876e+01	2.607379e+01
	2.614618e+01	2.620855e+01	2.626323e+01	2.631205e+01	2.635614e+01
	2.639615e+01	2.643278e+01	2.646687e+01	2.649906e+01	2.652964e+01
	2.655863e+01	2.658602e+01	2.661182e+01	2.663611e+01	2.665901e+01
	2.668073e+01	2.670155e+01	2.672176e+01	2.674160e+01	2.676118e+01
	2.678058e+01	2.679986e+01	2.681910e+01	2.683832e+01	2.685759e+01
	2.687698e+01	2.689659e+01	2.691652e+01	2.693691e+01	2.695793e+01
	2.697981e+01	2.700287e+01	2.702752e+01	2.705427e+01	2.708376e+01
	2.711680e+01	2.715448e+01	2.719846e+01	2.725072e+01	2.731273e+01
	2.738489e+01	2.746612e+01	2.755377e+01	2.764469e+01	2.773708e+01
	2.783089e+01	2.792635e+01	2.802195e+01	2.811427e+01	2.820009e+01
	2.827781e+01	2.834725e+01	2.840886e+01	2.846331e+01	2.851127e+01
	2.855348e+01	2.859077e+01	2.862395e+01	2.865378e+01	2.868083e+01
	2.870542e+01	2.872768e+01	2.874762e+01	2.876526e+01	2.878063e+01
	2.879385e+01	2.880508e+01	2.881449e+01	2.882228e+01	2.882865e+01
	2.883379e+01	2.883790e+01	2.884115e+01	2.884370e+01	2.884568e+01
	2.884721e+01	2.884840e+01	2.884933e+01	2.885005e+01	2.885061e+01
	2.885106e+01
TotalEnthalpy [J/kg]
	-4.664239e+06	-4.663972e+06	-4.663487e+06	-4.662634e+06	-4.661201e+06
	-4.658909e+06	-4.655415e+06	-4.650336e+06	-4.643277e+06	-4.633852e+06
	-4.621701e+06	-4.606508e+06	-4.587993e+06	-4.565916e+06	-4.540066e+06
	-4.510254e+06	-4.476301e+06	-4.438035e+06	-4.395275e+06	-4.347832e+06
	-4.295495e+06	-4.238025e+06	-4.175144e+06	-4.106525e+06	-4.031773e+06
	-3.950456e+06	-3.862195e+06	-3.766763e+06	-3.664120e+06	-3.554315e+06
	-3.437476e+06	-3.314034e+06	-3.184782e+06	-3.050598e+06	-2.912158e+06
	-2.769895e+06	-2.623968e+06	-2.474065e+06	-2.319395e+06	-2.159479e+06
	-1.995623e+06	-1.831698e+06	-1.672557e+06	-1.521752e+06	-1.380946e+06
	-1.250739e+06	-1.131320e+06	-1.022586e+06	-9.241682e+05	-8.355054e+05
	-7.559313e+05	-6.847781e+05	-6.214529e+05	-5.655007e+05	-5.166092e+05
	-4.745180e+05	-4.389109e+05	-4.092804e+05	-3.848911e+05	-3.648919e+05
	-3.484695e+05	-3.349299e+05	-3.236963e+05	-3.143438e+05	-3.066183e+05
	-3.003525e+05	-2.953696e+05	-2.914866e+05	-2.885653e+05	-2.865139e+05
	-2.852455e+05	-2.846527e+05	-2.846124e+05	-2.849999e+05	-2.857013e+05
	-2.866214e+05	-2.876879e+05	-2.888474e+05	-2.900536e+05	-2.912597e+05
	-2.924187e+05	-2.934850e+05	-2.944134e+05	-2.951592e+05	-2.956793e+05
	-2.959323e+05	-2.958760e+05	-2.954666e+05	-2.946569e+05	-2.933926e+05
	-2.916060e+05	-2.892073e+05	-2.860740e+05	-2.820390e+05	-2.768749e+05
	-2.702725e+05	-2.617971e+05	-2.507860e+05	-2.363808e+05	-2.178290e+05
	-1.949103e+05	-1.684334e+05	-1.404303e+05	-1.134426e+05	-8.940231e+04
	-6.934398e+04	-5.388687e+04	-4.344622e+04	-3.777315e+04	-3.568772e+04
	-3.543861e+04	-3.563703e+04	-3.549383e+04	-3.470830e+04	-3.328089e+04
	-3.134658e+04	-2.906342e+04	-2.655998e+04	-2.392581e+04	-2.122485e+04
	-1.851420e+04	-1.585475e+04	-1.330980e+04	-1.093499e+04	-8.770707e+03
	-6.840566e+03	-5.153018e+03	-3.704631e+03	-2.483423e+03	-1.471669e+03
	-6.481399e+02	1.019018e+01	5.268044e+02	9.246099e+02	1.225127e+03
	1.447865e+03	1.609893e+03	1.725636e+03	1.806852e+03	1.862764e+03
	1.900584e+03
trailer
Lewis numbers evaluated at maximum consumption
N2	-1
O2	1.01645
@ Z = 0.0487572
H	0.171937
@ Z = 0.0657488
OH	0.676391
@ Z = 0.0597716
O	0.662017
@ Z = 0.051976
H2	0.281332
@ Z = 0.0419841
H2O	-1
HO2	1.01647
@ Z = 0.00287081
H2O2	1.00551
@ Z = 0.0273261
CO	1.01439
@ Z = 0.0351895
CO2	-1
CH	0.614838
@ Z = 0.0442624
CHO	1.1621
@ Z = 0.0406428
CH2	0.890726
@ Z = 0.0470782
CH2O	1.1745
@ Z = 0.043179
CH3	0.927766
@ Z = 0.0495703
CH4	0.933076
@ Z = 0.0630857
C2H6	1.35321
@ Z = 0.0630857
C2H	1.19999
@ Z = 0.0461931
C2H2	1.21626
@ Z = 0.0503747
CHCO	0.816554
@ Z = 0.0495703
C3H3	1.64903
@ Z = 0.0495703
C2H3	1.22749
@ Z = 0.0495703
C2H4	1.23079
@ Z = 0.0561065
C2H5	1.341
@ Z = 0.0535941
C3H4	1.60639
@ Z = 0.0461931
C3H5	1.65058
@ Z = 0.08151
C3H6	1.72831
@ Z = 0.0552541
N-C3H7	1.73412
@ Z = 0.051976
I-C3H7	1.86542
@ Z = 8.1237e-07
C3H8	1.72686
@ Z = 0.00701878
Lewis numbers evaluated at maximum formation
N2	-1
O2	1.03587
@ Z = 0.00342484
H	0.170121
@ Z = 0.0479293
OH	0.669198
@ Z = 0.043179
O	0.653622
@ Z = 0.0391013
H2	0.284261
@ Z = 0.0643668
H2O	0.755611
@ Z = 0.0511752
HO2	1.00153
@ Z = 0.00701878
H2O2	0.998844
@ Z = 0.0166557
CO	1.03115
@ Z = 0.051976
CO2	1.28195
@ Z = 0.043179
CH	0.619704
@ Z = 0.0535941
CHO	1.17177
@ Z = 0.0503747
CH2	0.896561
@ Z = 0.0588024
CH2O	1.1833
@ Z = 0.0535941
CH3	0.930015
@ Z = 0.0643668
CH4	0.698827
@ Z = 0.523191
C2H6	1.33665
@ Z = 0.091859
C2H	1.20741
@ Z = 0.0561065
C2H2	1.21765
@ Z = 0.0672347
CHCO	0.819302
@ Z = 0.0643668
C3H3	1.65444
@ Z = 0.0597716
C2H3	1.2319
@ Z = 0.0618994
C2H4	1.22499
@ Z = 0.076458
C2H5	1.34096
@ Z = 0.0672347
C3H4	1.61604
@ Z = 0.0578753
C3H5	1.66396
@ Z = 0.0618994
C3H6	1.72538
@ Z = 0.0688242
N-C3H7	1.73647
@ Z = 0.0630857
I-C3H7	1.70751
@ Z = 0.00841616
C3H8	-1
Lewis numbers evaluated at maximum mass fraction
N2	0.921316
@ Z = 8.1237e-07
O2	1.05238
@ Z = 8.1237e-07
H	0.169099
@ Z = 0.043179
OH	0.666125
@ Z = 0.0391013
O	0.649035
@ Z = 0.032777
H2	0.282068
@ Z = 0.0965163
H2O	0.758104
@ Z = 0.0657488
HO2	0.997741
@ Z = 0.00841616
H2O2	0.998716
@ Z = 0.0142416
CO	1.03187
@ Z = 0.0688242
CO2	1.29571
@ Z = 0.0588024
CH	0.619953
@ Z = 0.0544176
CHO	1.17234
@ Z = 0.0511752
CH2	0.896657
@ Z = 0.0597716
CH2O	1.18464
@ Z = 0.0578753
CH3	0.928449
@ Z = 0.0705183
CH4	1.01054
@ Z = 0.999952
C2H6	1.29924
@ Z = 0.190752
C2H	1.20783
@ Z = 0.0578753
C2H2	1.19638
@ Z = 0.108595
CHCO	0.811263
@ Z = 0.0879005
C3H3	1.65435
@ Z = 0.0607988
C2H3	1.23141
@ Z = 0.0643668
C2H4	1.20172
@ Z = 0.125297
C2H5	1.33938
@ Z = 0.0705183
C3H4	1.61583
@ Z = 0.0618994
C3H5	1.66362
@ Z = 0.0630857
C3H6	1.72113
@ Z = 0.0742967
N-C3H7	1.73595
@ Z = 0.0643668
I-C3H7	1.80198
@ Z = 0.995317
C3H8	1.79504
@ Z = 0.977668
