header

title = "planar counterflow diffusion flame"
author = ""
date = "Wed Aug 14 10:11:08 2013"

fuel = "CH4"
pressure = 1 [bar]
strainrate = 120 [1/s]
chiStoichAnal = 2.95455 [1/s]
chiStoichAnalKW = 4.67372 [1/s]
FlameLocZ = 0.0557007 [K]
FlameLocBilger = 0.0657685 [K]
Tmax = 2046.11 [K]
stoichScalarDissRate = 5.14911 [1/s]
stoichScalarDissRateBilger = 3.59727 [1/s]

OxidizerSide
begin
	Temperature = 300 [K]
	Massfraction-N2 = 0.76708
	Massfraction-O2 = 0.23292
	Molefraction-N2 = 0.79
	Molefraction-O2 = 0.21
end

FuelSide
begin
	Temperature = 300 [K]
	Massfraction-CH4 = 1
	Molefraction-CH4 = 1
end

numOfSpecies = 31
gridPoints = 141

body
eta
	0.000000e+00	1.215259e-01	2.415628e-01	3.584002e-01	4.707085e-01
	5.777904e-01	6.792564e-01	7.748841e-01	8.646323e-01	9.486267e-01
	1.027130e+00	1.100499e+00	1.169147e+00	1.233513e+00	1.294034e+00
	1.351131e+00	1.405202e+00	1.456610e+00	1.505693e+00	1.552756e+00
	1.598077e+00	1.641913e+00	1.684501e+00	1.726064e+00	1.766819e+00
	1.806980e+00	1.846756e+00	1.886332e+00	1.925834e+00	1.965310e+00
	2.004690e+00	2.043801e+00	2.082516e+00	2.120878e+00	2.159067e+00
	2.197315e+00	2.235934e+00	2.275427e+00	2.316477e+00	2.359695e+00
	2.405205e+00	2.452388e+00	2.500189e+00	2.547731e+00	2.594592e+00
	2.640648e+00	2.685888e+00	2.730348e+00	2.774070e+00	2.817002e+00
	2.858875e+00	2.899177e+00	2.937240e+00	2.972366e+00	3.003819e+00
	3.031072e+00	3.054233e+00	3.073779e+00	3.090178e+00	3.104028e+00
	3.116018e+00	3.126657e+00	3.136250e+00	3.144957e+00	3.152871e+00
	3.160135e+00	3.166909e+00	3.173294e+00	3.179344e+00	3.185105e+00
	3.190601e+00	3.195808e+00	3.200714e+00	3.205379e+00	3.209880e+00
	3.214264e+00	3.218556e+00	3.222777e+00	3.226951e+00	3.231100e+00
	3.235243e+00	3.239390e+00	3.243557e+00	3.247765e+00	3.252052e+00
	3.256469e+00	3.261094e+00	3.266036e+00	3.271431e+00	3.277439e+00
	3.284196e+00	3.291851e+00	3.300650e+00	3.310758e+00	3.322378e+00
	3.335963e+00	3.352160e+00	3.371613e+00	3.395144e+00	3.423253e+00
	3.455058e+00	3.489653e+00	3.527297e+00	3.568704e+00	3.614186e+00
	3.663225e+00	3.714897e+00	3.768458e+00	3.823434e+00	3.879432e+00
	3.936062e+00	3.993054e+00	4.050446e+00	4.108643e+00	4.168376e+00
	4.230621e+00	4.296259e+00	4.365645e+00	4.438713e+00	4.515288e+00
	4.595214e+00	4.678388e+00	4.764765e+00	4.854340e+00	4.947120e+00
	5.043107e+00	5.142278e+00	5.244575e+00	5.349901e+00	5.458109e+00
	5.569014e+00	5.682389e+00	5.797983e+00	5.915527e+00	6.034751e+00
	6.155388e+00	6.277195e+00	6.399947e+00	6.523429e+00	6.647308e+00
	6.771246e+00
y [m]
	-3.839929e-03	-3.759847e-03	-3.680723e-03	-3.603672e-03	-3.529552e-03
	-3.458797e-03	-3.391632e-03	-3.328163e-03	-3.268370e-03	-3.212122e-03
	-3.159193e-03	-3.109298e-03	-3.062112e-03	-3.017302e-03	-2.974534e-03
	-2.933490e-03	-2.893868e-03	-2.855389e-03	-2.817791e-03	-2.780833e-03
	-2.744287e-03	-2.707937e-03	-2.671572e-03	-2.634982e-03	-2.597951e-03
	-2.560250e-03	-2.521635e-03	-2.481867e-03	-2.440747e-03	-2.398150e-03
	-2.354079e-03	-2.308676e-03	-2.262066e-03	-2.214188e-03	-2.164797e-03
	-2.113557e-03	-2.059974e-03	-2.003221e-03	-1.942095e-03	-1.875343e-03
	-1.802348e-03	-1.723681e-03	-1.640825e-03	-1.555207e-03	-1.467638e-03
	-1.378465e-03	-1.287852e-03	-1.195877e-03	-1.102603e-03	-1.008303e-03
	-9.137661e-04	-8.204229e-04	-7.301861e-04	-6.451631e-04	-5.676432e-04
	-4.994466e-04	-4.407589e-04	-3.907264e-04	-3.484034e-04	-3.124161e-04
	-2.810925e-04	-2.531676e-04	-2.278854e-04	-2.048588e-04	-1.838655e-04
	-1.645458e-04	-1.464886e-04	-1.294338e-04	-1.132450e-04	-9.780711e-05
	-8.306319e-05	-6.908400e-05	-5.590236e-05	-4.336516e-05	-3.126860e-05
	-1.948941e-05	-7.963141e-06	3.363158e-06	1.454982e-05	2.565515e-05
	3.672106e-05	4.777564e-05	5.885312e-05	7.001088e-05	8.133738e-05
	9.296576e-05	1.050923e-04	1.179875e-04	1.319900e-04	1.474877e-04
	1.647925e-04	1.842358e-04	2.063653e-04	2.314980e-04	2.600086e-04
	2.928180e-04	3.311986e-04	3.762326e-04	4.291413e-04	4.900689e-04
	5.559838e-04	6.239994e-04	6.936504e-04	7.650910e-04	8.375189e-04
	9.089101e-04	9.772081e-04	1.041261e-03	1.100722e-03	1.155605e-03
	1.206094e-03	1.252555e-03	1.295585e-03	1.335949e-03	1.374471e-03
	1.411965e-03	1.449040e-03	1.485938e-03	1.522680e-03	1.559273e-03
	1.595764e-03	1.632246e-03	1.668840e-03	1.705682e-03	1.742909e-03
	1.780642e-03	1.818983e-03	1.858012e-03	1.897778e-03	1.938304e-03
	1.979584e-03	2.021591e-03	2.064276e-03	2.107574e-03	2.151413e-03
	2.195719e-03	2.240414e-03	2.285431e-03	2.330697e-03	2.376096e-03
	2.421509e-03
f
	-3.529268e+00	-3.366291e+00	-3.205299e+00	-3.048576e+00	-2.897891e+00
	-2.754161e+00	-2.617882e+00	-2.489323e+00	-2.368505e+00	-2.255221e+00
	-2.149080e+00	-2.049564e+00	-1.956080e+00	-1.868005e+00	-1.784717e+00
	-1.705618e+00	-1.630146e+00	-1.557776e+00	-1.488026e+00	-1.420453e+00
	-1.354644e+00	-1.290218e+00	-1.226810e+00	-1.164071e+00	-1.101648e+00
	-1.039184e+00	-9.763151e-01	-9.127006e-01	-8.480816e-01	-7.823257e-01
	-7.155033e-01	-6.478803e-01	-5.796773e-01	-5.108302e-01	-4.410218e-01
	-3.698251e-01	-2.966348e-01	-2.204443e-01	-1.398324e-01	-5.344152e-02
	3.913207e-02	1.367198e-01	2.370932e-01	3.382531e-01	4.390825e-01
	5.390772e-01	6.379784e-01	7.356381e-01	8.319359e-01	9.265528e-01
	1.018707e+00	1.107113e+00	1.190197e+00	1.266397e+00	1.334160e+00
	1.392458e+00	1.441667e+00	1.482930e+00	1.517348e+00	1.546267e+00
	1.571182e+00	1.593192e+00	1.612958e+00	1.630828e+00	1.647011e+00
	1.661815e+00	1.675574e+00	1.688502e+00	1.700716e+00	1.712312e+00
	1.723342e+00	1.733762e+00	1.743555e+00	1.752843e+00	1.761782e+00
	1.770467e+00	1.778949e+00	1.787270e+00	1.795479e+00	1.803620e+00
	1.811726e+00	1.819822e+00	1.827934e+00	1.836108e+00	1.844410e+00
	1.852942e+00	1.861850e+00	1.871336e+00	1.881657e+00	1.893106e+00
	1.905925e+00	1.920375e+00	1.936884e+00	1.955718e+00	1.977197e+00
	2.002067e+00	2.031377e+00	2.066087e+00	2.107351e+00	2.155620e+00
	2.208945e+00	2.265451e+00	2.325225e+00	2.388994e+00	2.456784e+00
	2.527436e+00	2.599400e+00	2.671576e+00	2.743373e+00	2.814391e+00
	2.884297e+00	2.952942e+00	3.020546e+00	3.087728e+00	3.155422e+00
	3.224777e+00	3.296776e+00	3.371806e+00	3.449805e+00	3.530619e+00
	3.614133e+00	3.700299e+00	3.789136e+00	3.880705e+00	3.975078e+00
	4.072318e+00	4.172460e+00	4.275498e+00	4.381377e+00	4.489993e+00
	4.601191e+00	4.714774e+00	4.830511e+00	4.948153e+00	5.067440e+00
	5.188119e+00	5.309950e+00	5.432717e+00	5.556206e+00	5.680088e+00
	5.804026e+00
df/deta
	1.341029e+00	1.341082e+00	1.341188e+00	1.341379e+00	1.341709e+00
	1.342249e+00	1.343096e+00	1.344366e+00	1.346191e+00	1.348711e+00
	1.352065e+00	1.356382e+00	1.361779e+00	1.368351e+00	1.376179e+00
	1.385323e+00	1.395830e+00	1.407734e+00	1.421060e+00	1.435823e+00
	1.452038e+00	1.469716e+00	1.488867e+00	1.509505e+00	1.531649e+00
	1.555327e+00	1.580575e+00	1.607415e+00	1.635829e+00	1.665725e+00
	1.696887e+00	1.728976e+00	1.761648e+00	1.794684e+00	1.827979e+00
	1.861474e+00	1.895168e+00	1.929195e+00	1.963774e+00	1.998938e+00
	2.034161e+00	2.068257e+00	2.099825e+00	2.127810e+00	2.151664e+00
	2.171144e+00	2.186136e+00	2.196595e+00	2.202506e+00	2.203876e+00
	2.200802e+00	2.193580e+00	2.182800e+00	2.169354e+00	2.154404e+00
	2.139190e+00	2.124589e+00	2.111060e+00	2.098853e+00	2.087929e+00
	2.078020e+00	2.068874e+00	2.060342e+00	2.052365e+00	2.044922e+00
	2.037930e+00	2.031271e+00	2.024872e+00	2.018701e+00	2.012727e+00
	2.006941e+00	2.001381e+00	1.996073e+00	1.990965e+00	1.985981e+00
	1.981075e+00	1.976224e+00	1.971407e+00	1.966601e+00	1.961782e+00
	1.956932e+00	1.952037e+00	1.947083e+00	1.942042e+00	1.936873e+00
	1.931511e+00	1.925858e+00	1.919781e+00	1.913102e+00	1.905615e+00
	1.897138e+00	1.887467e+00	1.876276e+00	1.863333e+00	1.848359e+00
	1.830754e+00	1.809671e+00	1.784287e+00	1.753613e+00	1.717202e+00
	1.676570e+00	1.633374e+00	1.587894e+00	1.540050e+00	1.490467e+00
	1.440751e+00	1.392701e+00	1.347555e+00	1.305961e+00	1.268226e+00
	1.234438e+00	1.204460e+00	1.177935e+00	1.154376e+00	1.133284e+00
	1.114222e+00	1.096926e+00	1.081339e+00	1.067486e+00	1.055356e+00
	1.044886e+00	1.035971e+00	1.028477e+00	1.022260e+00	1.017171e+00
	1.013061e+00	1.009793e+00	1.007232e+00	1.005259e+00	1.003763e+00
	1.002648e+00	1.001831e+00	1.001243e+00	1.000827e+00	1.000537e+00
	1.000338e+00	1.000204e+00	1.000116e+00	1.000059e+00	1.000022e+00
	1.000000e+00
Z
	1.000000e+00	9.999619e-01	9.998894e-01	9.997578e-01	9.995306e-01
	9.991572e-01	9.985718e-01	9.976959e-01	9.964418e-01	9.947178e-01
	9.924336e-01	9.895046e-01	9.858541e-01	9.814153e-01	9.761301e-01
	9.699486e-01	9.628272e-01	9.547270e-01	9.456119e-01	9.354471e-01
	9.241978e-01	9.118273e-01	8.982963e-01	8.835605e-01	8.675679e-01
	8.502570e-01	8.315568e-01	8.113986e-01	7.897407e-01	7.665947e-01
	7.420665e-01	7.163665e-01	6.897202e-01	6.622614e-01	6.340298e-01
	6.050232e-01	5.751756e-01	5.442764e-01	5.119897e-01	4.780796e-01
	4.427742e-01	4.069412e-01	3.717525e-01	3.381276e-01	3.065311e-01
	2.771270e-01	2.499415e-01	2.249286e-01	2.020087e-01	1.811265e-01
	1.622933e-01	1.455684e-01	1.309995e-01	1.185773e-01	1.082570e-01
	9.990655e-02	9.322669e-02	8.787826e-02	8.358913e-02	8.010357e-02
	7.718552e-02	7.467161e-02	7.246436e-02	7.050910e-02	6.877089e-02
	6.720764e-02	6.577721e-02	6.445269e-02	6.321860e-02	6.206225e-02
	6.097605e-02	5.996216e-02	5.901996e-02	5.813596e-02	5.729392e-02
	5.648398e-02	5.570070e-02	5.493968e-02	5.419621e-02	5.346593e-02
	5.274570e-02	5.203340e-02	5.132662e-02	5.062155e-02	4.991263e-02
	4.919176e-02	4.844728e-02	4.766357e-02	4.682164e-02	4.590061e-02
	4.488538e-02	4.376105e-02	4.250224e-02	4.109924e-02	3.954169e-02
	3.779361e-02	3.580811e-02	3.355876e-02	3.102447e-02	2.824706e-02
	2.540673e-02	2.264894e-02	2.000084e-02	1.746342e-02	1.506981e-02
	1.288239e-02	1.094759e-02	9.274155e-03	7.845457e-03	6.635868e-03
	5.617711e-03	4.762536e-03	4.041715e-03	3.428632e-03	2.900760e-03
	2.440426e-03	2.036257e-03	1.682950e-03	1.377572e-03	1.116839e-03
	8.967787e-04	7.130243e-04	5.611414e-04	4.368729e-04	3.362725e-04
	2.557485e-04	1.920721e-04	1.423668e-04	1.040955e-04	7.504648e-05
	5.331911e-05	3.730778e-05	2.568207e-05	1.736247e-05	1.149194e-05
	7.404963e-06	4.595818e-06	2.688130e-06	1.407449e-06	5.577144e-07
	0.000000e+00
temperature [K]
	3.000000e+02	3.000435e+02	3.001263e+02	3.002766e+02	3.005357e+02
	3.009615e+02	3.016282e+02	3.026245e+02	3.040489e+02	3.060030e+02
	3.085858e+02	3.118886e+02	3.159913e+02	3.209620e+02	3.268569e+02
	3.337227e+02	3.415985e+02	3.505188e+02	3.605160e+02	3.716233e+02
	3.838770e+02	3.973189e+02	4.119990e+02	4.279786e+02	4.453342e+02
	4.641617e+02	4.845781e+02	5.067105e+02	5.306725e+02	5.565360e+02
	5.842842e+02	6.137945e+02	6.449323e+02	6.776751e+02	7.121266e+02
	7.484655e+02	7.869914e+02	8.282604e+02	8.731243e+02	9.224945e+02
	9.768329e+02	1.035703e+03	1.097863e+03	1.161983e+03	1.227167e+03
	1.292861e+03	1.358647e+03	1.424174e+03	1.489101e+03	1.552948e+03
	1.614926e+03	1.673930e+03	1.728731e+03	1.778219e+03	1.821421e+03
	1.857842e+03	1.887941e+03	1.912650e+03	1.932830e+03	1.949436e+03
	1.963444e+03	1.975552e+03	1.986171e+03	1.995522e+03	2.003741e+03
	2.011001e+03	2.017473e+03	2.023251e+03	2.028372e+03	2.032857e+03
	2.036702e+03	2.039876e+03	2.042372e+03	2.044229e+03	2.045474e+03
	2.046106e+03	2.046111e+03	2.045471e+03	2.044166e+03	2.042174e+03
	2.039475e+03	2.036061e+03	2.031926e+03	2.027063e+03	2.021452e+03
	2.015041e+03	2.007730e+03	1.999351e+03	1.989663e+03	1.978369e+03
	1.965213e+03	1.949918e+03	1.932012e+03	1.911165e+03	1.886923e+03
	1.858243e+03	1.823547e+03	1.781089e+03	1.728530e+03	1.664078e+03
	1.589301e+03	1.506504e+03	1.415931e+03	1.317499e+03	1.213073e+03
	1.107238e+03	1.005305e+03	9.110314e+02	8.262116e+02	7.514145e+02
	6.864626e+02	6.305874e+02	5.826049e+02	5.411855e+02	5.050909e+02
	4.732976e+02	4.451457e+02	4.203575e+02	3.987988e+02	3.802947e+02
	3.646072e+02	3.514586e+02	3.405565e+02	3.316133e+02	3.243578e+02
	3.185401e+02	3.139331e+02	3.103329e+02	3.075583e+02	3.054508e+02
	3.038737e+02	3.027110e+02	3.018665e+02	3.012620e+02	3.008353e+02
	3.005383e+02	3.003341e+02	3.001954e+02	3.001023e+02	3.000405e+02
	3.000000e+02
massfraction-N2
	1.000000e-60	3.117113e-05	9.065701e-05	1.989545e-04	3.864405e-04
	6.955521e-04	1.181450e-03	1.910498e-03	2.957019e-03	4.398866e-03
	6.312818e-03	8.770664e-03	1.183656e-02	1.556575e-02	2.000447e-02
	2.519066e-02	3.115524e-02	3.792343e-02	4.551629e-02	5.395204e-02
	6.324737e-02	7.341861e-02	8.448306e-02	9.646054e-02	1.093755e-01
	1.232590e-01	1.381478e-01	1.540756e-01	1.710538e-01	1.890521e-01
	2.079698e-01	2.276304e-01	2.478534e-01	2.685345e-01	2.896446e-01
	3.111886e-01	3.332214e-01	3.559061e-01	3.794990e-01	4.041880e-01
	4.298362e-01	4.558534e-01	4.814357e-01	5.059495e-01	5.290796e-01
	5.507190e-01	5.708521e-01	5.895093e-01	6.067407e-01	6.225741e-01
	6.369822e-01	6.498966e-01	6.612519e-01	6.710241e-01	6.792156e-01
	6.858995e-01	6.912875e-01	6.956316e-01	6.991369e-01	7.020007e-01
	7.044088e-01	7.064907e-01	7.083234e-01	7.099491e-01	7.113947e-01
	7.126934e-01	7.138790e-01	7.149730e-01	7.159876e-01	7.169330e-01
	7.178154e-01	7.186336e-01	7.193888e-01	7.200928e-01	7.207592e-01
	7.213966e-01	7.220100e-01	7.226034e-01	7.231812e-01	7.237473e-01
	7.243045e-01	7.248548e-01	7.254003e-01	7.259438e-01	7.264896e-01
	7.270438e-01	7.276148e-01	7.282142e-01	7.288558e-01	7.295548e-01
	7.303219e-01	7.311677e-01	7.321114e-01	7.331609e-01	7.343248e-01
	7.356310e-01	7.371138e-01	7.387896e-01	7.406662e-01	7.426998e-01
	7.447464e-01	7.466991e-01	7.485479e-01	7.503105e-01	7.519888e-01
	7.535623e-01	7.550087e-01	7.563192e-01	7.574974e-01	7.585517e-01
	7.594917e-01	7.603290e-01	7.610778e-01	7.617531e-01	7.623696e-01
	7.629393e-01	7.634693e-01	7.639602e-01	7.644095e-01	7.648153e-01
	7.651773e-01	7.654964e-01	7.657746e-01	7.660146e-01	7.662194e-01
	7.663923e-01	7.665367e-01	7.666557e-01	7.667527e-01	7.668308e-01
	7.668927e-01	7.669413e-01	7.669788e-01	7.670075e-01	7.670291e-01
	7.670452e-01	7.670571e-01	7.670657e-01	7.670720e-01	7.670764e-01
	7.670796e-01
massfraction-O2
	1.000000e-60	1.383186e-07	4.013953e-07	8.787791e-07	1.702618e-06
	3.056726e-06	5.178881e-06	8.353520e-06	1.289696e-05	1.913748e-05
	2.739476e-05	3.796232e-05	5.109570e-05	6.700646e-05	8.586158e-05
	1.077864e-04	1.328696e-04	1.611696e-04	1.927204e-04	2.275376e-04
	2.656237e-04	3.069732e-04	3.515774e-04	3.994313e-04	4.505407e-04
	5.049289e-04	5.626338e-04	6.236704e-04	6.879625e-04	7.552752e-04
	8.251198e-04	8.967571e-04	9.694714e-04	1.042856e-03	1.116796e-03
	1.191305e-03	1.266581e-03	1.343189e-03	1.422004e-03	1.503674e-03
	1.587818e-03	1.672663e-03	1.755854e-03	1.835644e-03	1.911315e-03
	1.982800e-03	2.050312e-03	2.114222e-03	2.175023e-03	2.233242e-03
	2.289375e-03	2.343963e-03	2.397742e-03	2.451704e-03	2.506743e-03
	2.563419e-03	2.622420e-03	2.684419e-03	2.749493e-03	2.818015e-03
	2.891505e-03	2.971933e-03	3.061114e-03	3.160361e-03	3.270500e-03
	3.393253e-03	3.531551e-03	3.688398e-03	3.866484e-03	4.068743e-03
	4.297678e-03	4.553328e-03	4.834993e-03	5.145421e-03	5.490085e-03
	5.874122e-03	6.301934e-03	6.778152e-03	7.308384e-03	7.898982e-03
	8.556163e-03	9.285688e-03	1.009385e-02	1.098906e-02	1.198329e-02
	1.309470e-02	1.435127e-02	1.579472e-02	1.748288e-02	1.948986e-02
	2.188981e-02	2.476657e-02	2.824418e-02	3.241733e-02	3.738943e-02
	4.336237e-02	5.061234e-02	5.938109e-02	6.991971e-02	8.221900e-02
	9.555116e-02	1.091651e-01	1.227888e-01	1.362649e-01	1.492592e-01
	1.612864e-01	1.719916e-01	1.812837e-01	1.892427e-01	1.960018e-01
	2.017053e-01	2.065037e-01	2.105519e-01	2.139961e-01	2.169608e-01
	2.195438e-01	2.218082e-01	2.237831e-01	2.254847e-01	2.269316e-01
	2.281467e-01	2.291552e-01	2.299829e-01	2.306548e-01	2.311939e-01
	2.316211e-01	2.319554e-01	2.322134e-01	2.324096e-01	2.325567e-01
	2.326652e-01	2.327441e-01	2.328006e-01	2.328404e-01	2.328681e-01
	2.328871e-01	2.329000e-01	2.329086e-01	2.329143e-01	2.329180e-01
	2.329204e-01
massfraction-H
	1.000000e-60	1.921081e-17	4.176888e-17	6.767808e-17	9.692324e-17
	1.297249e-16	1.667704e-16	2.095657e-16	2.609389e-16	3.256900e-16
	4.115081e-16	5.304253e-16	7.012839e-16	9.539981e-16	1.336928e-15
	1.929650e-15	2.865205e-15	4.369166e-15	6.828894e-15	1.091744e-14
	1.781722e-14	2.962760e-14	5.011433e-14	8.610209e-14	1.500898e-13
	2.652106e-13	4.746859e-13	8.596148e-13	1.571317e-12	2.886535e-12
	5.289746e-12	9.572974e-12	1.693896e-11	2.910602e-11	4.840738e-11
	7.790047e-11	1.217121e-10	1.861225e-10	2.819169e-10	4.283343e-10
	6.584291e-10	1.024906e-09	1.608013e-09	2.533752e-09	4.008063e-09
	6.370887e-09	1.018827e-08	1.642023e-08	2.672597e-08	4.398948e-08
	7.315509e-08	1.224494e-07	2.049767e-07	3.403248e-07	5.540762e-07
	8.739756e-07	1.328985e-06	1.949199e-06	2.759535e-06	3.786809e-06
	5.076767e-06	6.688867e-06	8.680471e-06	1.108748e-05	1.391382e-05
	1.716518e-05	2.086218e-05	2.500894e-05	2.958123e-05	3.454273e-05
	3.983161e-05	4.532591e-05	5.090245e-05	5.651963e-05	6.217713e-05
	6.785123e-05	7.349558e-05	7.906067e-05	8.450261e-05	8.977786e-05
	9.483642e-05	9.962468e-05	1.040961e-04	1.082177e-04	1.119681e-04
	1.153352e-04	1.183089e-04	1.208676e-04	1.229585e-04	1.244796e-04
	1.252680e-04	1.251257e-04	1.238139e-04	1.210840e-04	1.167170e-04
	1.104467e-04	1.019744e-04	9.116775e-05	7.810733e-05	6.347403e-05
	4.891557e-05	3.580264e-05	2.465310e-05	1.568712e-05	9.060323e-06
	4.703627e-06	2.191351e-06	9.198892e-07	3.515904e-07	1.247107e-07
	4.236372e-08	1.444687e-08	5.236416e-09	2.111262e-09	9.554014e-10
	4.728786e-10	2.477016e-10	1.345050e-10	7.502002e-11	4.278662e-11
	2.487276e-11	1.469050e-11	8.785296e-12	5.300635e-12	3.215048e-12
	1.953418e-12	1.184835e-12	7.150491e-13	4.279912e-13	2.532646e-13
	1.476808e-13	8.454583e-14	4.730837e-14	2.571940e-14	1.346662e-14
	6.697573e-15	3.089654e-15	1.263328e-15	4.133988e-16	7.907350e-17
	1.000000e-60
massfraction-OH
	1.000000e-60	3.096925e-22	2.102967e-21	8.797411e-21	2.980421e-20
	8.915194e-20	2.438510e-19	6.202190e-19	1.482125e-18	3.355104e-18
	7.248546e-18	1.505018e-17	3.022203e-17	5.901803e-17	1.125929e-16
	2.106123e-16	3.873594e-16	7.019374e-16	1.255117e-15	2.216855e-15
	3.870828e-15	6.686008e-15	1.143131e-14	1.935965e-14	3.250611e-14
	5.417714e-14	8.976490e-14	1.480987e-13	2.436794e-13	4.004190e-13
	6.578166e-13	1.081542e-12	1.783963e-12	2.965496e-12	4.993860e-12
	8.553987e-12	1.495620e-11	2.684212e-11	4.989002e-11	9.693537e-11
	1.975794e-10	4.191932e-10	9.096824e-10	1.982226e-09	4.283086e-09
	9.121081e-09	1.911129e-08	3.944477e-08	8.040527e-08	1.622031e-07
	3.236190e-07	6.360659e-07	1.223858e-06	2.287979e-06	4.113405e-06
	7.039869e-06	1.145015e-05	1.776997e-05	2.640600e-05	3.782610e-05
	5.277883e-05	7.228576e-05	9.748413e-05	1.293686e-04	1.685811e-04
	2.158059e-04	2.719851e-04	3.378811e-04	4.138477e-04	5.000506e-04
	5.962131e-04	7.008703e-04	8.122971e-04	9.302275e-04	1.055331e-03
	1.187914e-03	1.327801e-03	1.474675e-03	1.628263e-03	1.788172e-03
	1.953608e-03	2.123330e-03	2.295925e-03	2.470090e-03	2.644754e-03
	2.819193e-03	2.993069e-03	3.166120e-03	3.337385e-03	3.504164e-03
	3.660309e-03	3.797616e-03	3.906985e-03	3.976183e-03	3.993167e-03
	3.945096e-03	3.815024e-03	3.584627e-03	3.237669e-03	2.775609e-03
	2.245503e-03	1.710114e-03	1.213803e-03	7.910440e-04	4.699529e-04
	2.583549e-04	1.359458e-04	7.102914e-05	3.812736e-05	2.167996e-05
	1.328082e-05	8.743847e-06	6.101547e-06	4.442071e-06	3.329358e-06
	2.542519e-06	1.964461e-06	1.530313e-06	1.200089e-06	9.463619e-07
	7.495537e-07	5.955108e-07	4.739238e-07	3.772472e-07	2.999223e-07
	2.378123e-07	1.878009e-07	1.475068e-07	1.150804e-07	8.906015e-08
	6.827100e-08	5.175392e-08	3.871681e-08	2.850083e-08	2.055678e-08
	1.442799e-08	9.737006e-09	6.174576e-09	3.490384e-09	1.485315e-09
	1.000000e-60
massfraction-O
	1.000000e-60	6.522812e-22	1.690444e-21	3.206737e-21	5.244381e-21
	7.836467e-21	1.106581e-20	1.512428e-20	2.037972e-20	2.747624e-20
	3.750573e-20	5.230713e-20	7.500086e-20	1.109619e-19	1.696153e-19
	2.677846e-19	4.359955e-19	7.304556e-19	1.256016e-18	2.210509e-18
	3.970875e-18	7.261324e-18	1.348285e-17	2.536088e-17	4.822103e-17
	9.250229e-17	1.786850e-16	3.467637e-16	6.737713e-16	1.304424e-15
	2.499969e-15	4.710485e-15	8.693543e-15	1.575142e-14	2.822781e-14
	5.052082e-14	9.120389e-14	1.677578e-13	3.175674e-13	6.231628e-13
	1.266125e-12	2.629838e-12	5.482804e-12	1.133159e-11	2.313674e-11
	4.673219e-11	9.365849e-11	1.869901e-10	3.735385e-10	7.490401e-10
	1.507883e-09	3.035533e-09	6.067059e-09	1.192587e-08	2.275138e-08
	4.155139e-08	7.234775e-08	1.204571e-07	1.923701e-07	2.968484e-07
	4.481300e-07	6.685328e-07	9.905484e-07	1.457898e-06	2.125882e-06
	3.071338e-06	4.405992e-06	6.279340e-06	8.880422e-06	1.245005e-05
	1.727430e-05	2.362581e-05	3.176376e-05	4.205390e-05	5.500355e-05
	7.117609e-05	9.114454e-05	1.154962e-04	1.448421e-04	1.797764e-04
	2.207796e-04	2.681418e-04	3.219809e-04	3.823236e-04	4.491907e-04
	5.227280e-04	6.033556e-04	6.918059e-04	7.889209e-04	8.951944e-04
	1.009540e-03	1.129717e-03	1.253253e-03	1.374619e-03	1.487145e-03
	1.584028e-03	1.655192e-03	1.685382e-03	1.656125e-03	1.550922e-03
	1.372718e-03	1.144619e-03	8.923232e-04	6.421668e-04	4.229073e-04
	2.572536e-04	1.493957e-04	8.672086e-05	5.240233e-05	3.374590e-05
	2.326341e-05	1.701942e-05	1.303383e-05	1.031022e-05	8.332775e-06
	6.822356e-06	5.624966e-06	4.655235e-06	3.860800e-06	3.204646e-06
	2.659048e-06	2.202857e-06	1.819790e-06	1.497256e-06	1.225447e-06
	9.966122e-07	8.044992e-07	6.439462e-07	5.105821e-07	4.006187e-07
	3.107125e-07	2.378793e-07	1.794468e-07	1.330313e-07	9.652568e-08
	6.809255e-08	4.615427e-08	2.937883e-08	1.666252e-08	7.111591e-09
	1.000000e-60
massfraction-H2
	1.000000e-60	1.271405e-05	2.882734e-05	4.865763e-05	7.235677e-05
	9.995596e-05	1.313359e-04	1.662143e-04	2.041851e-04	2.447691e-04
	2.874645e-04	3.317864e-04	3.772936e-04	4.236023e-04	4.703900e-04
	5.173926e-04	5.643984e-04	6.112403e-04	6.577882e-04	7.039423e-04
	7.496271e-04	7.947874e-04	8.393845e-04	8.833960e-04	9.268156e-04
	9.696520e-04	1.011921e-03	1.053621e-03	1.094690e-03	1.134993e-03
	1.174289e-03	1.212268e-03	1.248707e-03	1.283583e-03	1.317019e-03
	1.349181e-03	1.380299e-03	1.410727e-03	1.440904e-03	1.471163e-03
	1.501485e-03	1.531414e-03	1.560383e-03	1.588058e-03	1.614436e-03
	1.639676e-03	1.663968e-03	1.687489e-03	1.710369e-03	1.732625e-03
	1.754072e-03	1.774268e-03	1.792530e-03	1.808003e-03	1.819777e-03
	1.827224e-03	1.830282e-03	1.829271e-03	1.824696e-03	1.817092e-03
	1.806734e-03	1.793658e-03	1.777826e-03	1.759303e-03	1.738305e-03
	1.714933e-03	1.689115e-03	1.660846e-03	1.630259e-03	1.597517e-03
	1.562898e-03	1.527026e-03	1.490508e-03	1.453411e-03	1.415523e-03
	1.376764e-03	1.337195e-03	1.296888e-03	1.255873e-03	1.214179e-03
	1.171890e-03	1.129155e-03	1.086105e-03	1.042795e-03	9.991687e-04
	9.550300e-04	9.099999e-04	8.635374e-04	8.150441e-04	7.640329e-04
	7.105938e-04	6.550560e-04	5.974712e-04	5.387846e-04	4.798441e-04
	4.205502e-04	3.607437e-04	3.011944e-04	2.430430e-04	1.889523e-04
	1.433173e-04	1.080910e-04	8.252821e-05	6.518803e-05	5.428067e-05
	4.764101e-05	4.330822e-05	4.006856e-05	3.736150e-05	3.496477e-05
	3.278990e-05	3.079338e-05	2.894231e-05	2.720437e-05	2.554746e-05
	2.394130e-05	2.236558e-05	2.081689e-05	1.930185e-05	1.782800e-05
	1.640108e-05	1.502487e-05	1.370166e-05	1.243294e-05	1.121997e-05
	1.006406e-05	8.966727e-06	7.929565e-06	6.954182e-06	6.041989e-06
	5.194002e-06	4.410667e-06	3.691727e-06	3.036156e-06	2.442159e-06
	1.907238e-06	1.428304e-06	1.001820e-06	6.240231e-07	2.913281e-07
	1.000000e-60
massfraction-H2O
	1.000000e-60	1.002714e-05	2.876900e-05	6.221015e-05	1.189947e-04
	2.108965e-04	3.528133e-04	5.621365e-04	8.576773e-04	1.258322e-03
	1.781704e-03	2.443131e-03	3.254893e-03	4.225979e-03	5.362120e-03
	6.666068e-03	8.137998e-03	9.775967e-03	1.157637e-02	1.353437e-02
	1.564428e-02	1.789990e-02	2.029487e-02	2.282302e-02	2.547882e-02
	2.825760e-02	3.115548e-02	3.416738e-02	3.728395e-02	4.048873e-02
	4.375451e-02	4.704450e-02	5.032548e-02	5.358019e-02	5.680516e-02
	6.000285e-02	6.318337e-02	6.637174e-02	6.960444e-02	7.290739e-02
	7.626530e-02	7.961023e-02	8.285582e-02	8.594246e-02	8.885063e-02
	9.158390e-02	9.415351e-02	9.657273e-02	9.885398e-02	1.010036e-01
	1.030168e-01	1.048786e-01	1.065695e-01	1.080711e-01	1.093664e-01
	1.104484e-01	1.113353e-01	1.120566e-01	1.126385e-01	1.131089e-01
	1.134958e-01	1.138184e-01	1.140872e-01	1.143072e-01	1.144817e-01
	1.146152e-01	1.147115e-01	1.147727e-01	1.147999e-01	1.147942e-01
	1.147566e-01	1.146893e-01	1.145954e-01	1.144767e-01	1.143334e-01
	1.141652e-01	1.139719e-01	1.137529e-01	1.135072e-01	1.132333e-01
	1.129296e-01	1.125950e-01	1.122279e-01	1.118258e-01	1.113847e-01
	1.108978e-01	1.103548e-01	1.097395e-01	1.090302e-01	1.081992e-01
	1.072204e-01	1.060646e-01	1.046883e-01	1.030606e-01	1.011479e-01
	9.887826e-02	9.615025e-02	9.286860e-02	8.891751e-02	8.424862e-02
	7.905688e-02	7.354960e-02	6.776447e-02	6.170860e-02	5.549736e-02
	4.937675e-02	4.359627e-02	3.830318e-02	3.354750e-02	2.932810e-02
	2.561798e-02	2.237084e-02	1.952473e-02	1.701175e-02	1.476848e-02
	1.274206e-02	1.090014e-02	9.234064e-03	7.744966e-03	6.431469e-03
	5.287382e-03	4.302605e-03	3.464489e-03	2.759136e-03	2.172300e-03
	1.689893e-03	1.298309e-03	9.846343e-04	7.368159e-04	5.437961e-04
	3.956205e-04	2.835128e-04	1.999054e-04	1.384228e-04	9.381851e-05
	6.187480e-05	3.927620e-05	2.347184e-05	1.253964e-05	5.061938e-06
	1.000000e-60
massfraction-HO2
	1.000000e-60	6.109161e-11	1.775725e-10	3.894447e-10	7.559154e-10
	1.359576e-09	2.307580e-09	3.728517e-09	5.765882e-09	8.569184e-09
	1.228470e-08	1.704755e-08	2.297627e-08	3.017010e-08	3.870857e-08
	4.865277e-08	6.004762e-08	7.292444e-08	8.730375e-08	1.031977e-07
	1.206126e-07	1.395507e-07	1.600124e-07	1.819989e-07	2.055149e-07
	2.305709e-07	2.571798e-07	2.853368e-07	3.149819e-07	3.459573e-07
	3.779446e-07	4.104362e-07	4.428191e-07	4.744480e-07	5.045631e-07
	5.321393e-07	5.558205e-07	5.738489e-07	5.837995e-07	5.822706e-07
	5.652295e-07	5.297485e-07	4.761933e-07	4.084964e-07	3.329552e-07
	2.572971e-07	1.896547e-07	1.364615e-07	1.002587e-07	7.938681e-08
	6.994783e-08	6.833762e-08	7.251959e-08	8.188052e-08	9.650157e-08
	1.164624e-07	1.416735e-07	1.718343e-07	2.061403e-07	2.437095e-07
	2.841555e-07	3.272042e-07	3.723278e-07	4.186699e-07	4.653112e-07
	5.120126e-07	5.591793e-07	6.073224e-07	6.569739e-07	7.088538e-07
	7.636471e-07	8.215334e-07	8.826010e-07	9.476493e-07	1.017905e-06
	1.094381e-06	1.177831e-06	1.268966e-06	1.368605e-06	1.477625e-06
	1.596821e-06	1.726872e-06	1.868555e-06	2.023039e-06	2.192154e-06
	2.378813e-06	2.587632e-06	2.825570e-06	3.102363e-06	3.430650e-06
	3.823401e-06	4.295412e-06	4.868000e-06	5.557065e-06	6.379067e-06
	7.366498e-06	8.565854e-06	1.002436e-05	1.180723e-05	1.397041e-05
	1.649124e-05	1.937033e-05	2.271046e-05	2.660382e-05	3.090710e-05
	3.493116e-05	3.717721e-05	3.582089e-05	3.035717e-05	2.262322e-05
	1.528160e-05	9.779243e-06	6.168309e-06	3.934080e-06	2.564981e-06
	1.710526e-06	1.162957e-06	8.042571e-07	5.650637e-07	4.027982e-07
	2.908218e-07	2.122508e-07	1.562374e-07	1.157165e-07	8.602002e-08
	6.401566e-08	4.756900e-08	3.520266e-08	2.587690e-08	1.884641e-08
	1.356576e-08	9.626828e-09	6.717633e-09	4.595480e-09	3.069575e-09
	1.989617e-09	1.237942e-09	7.236156e-10	3.776567e-10	1.489241e-10
	1.000000e-60
massfraction-H2O2
	1.000000e-60	7.935964e-13	2.310230e-12	5.074816e-12	9.865482e-12
	1.776772e-11	3.018629e-11	4.879475e-11	7.543163e-11	1.119551e-10
	1.600837e-10	2.212481e-10	2.964772e-10	3.863250e-10	4.908406e-10
	6.095731e-10	7.416024e-10	8.855864e-10	1.039815e-09	1.202266e-09
	1.370654e-09	1.542475e-09	1.715041e-09	1.885504e-09	2.050873e-09
	2.207998e-09	2.353514e-09	2.483707e-09	2.594419e-09	2.681137e-09
	2.739281e-09	2.764841e-09	2.754985e-09	2.707887e-09	2.622091e-09
	2.496179e-09	2.328449e-09	2.116118e-09	1.855130e-09	1.543216e-09
	1.188771e-09	8.234560e-10	5.037439e-10	2.811625e-10	1.588191e-10
	9.741622e-11	6.273562e-11	4.119768e-11	2.829712e-11	2.135544e-11
	1.826869e-11	1.766476e-11	1.896568e-11	2.227969e-11	2.833794e-11
	3.858053e-11	5.555302e-11	8.355730e-11	1.292081e-10	2.028283e-10
	3.218954e-10	5.152435e-10	8.272415e-10	1.319822e-09	2.071037e-09
	3.182448e-09	4.790776e-09	7.064513e-09	1.019572e-08	1.440410e-08
	1.992029e-08	2.691848e-08	3.553326e-08	4.600065e-08	5.868782e-08
	7.400981e-08	9.240762e-08	1.143824e-07	1.405345e-07	1.715604e-07
	2.082039e-07	2.512193e-07	3.014073e-07	3.597031e-07	4.272835e-07
	5.057624e-07	5.974961e-07	7.059133e-07	8.357247e-07	9.929155e-07
	1.183391e-06	1.413726e-06	1.693948e-06	2.032815e-06	2.442434e-06
	2.948482e-06	3.594640e-06	4.445966e-06	5.618327e-06	7.296366e-06
	9.698596e-06	1.310345e-05	1.768767e-05	2.250878e-05	2.492043e-05
	2.375101e-05	2.077225e-05	1.764828e-05	1.491515e-05	1.260984e-05
	1.067887e-05	9.065628e-06	7.712868e-06	6.566312e-06	5.580020e-06
	4.718386e-06	3.958667e-06	3.290376e-06	2.708250e-06	2.206938e-06
	1.780064e-06	1.420543e-06	1.121025e-06	8.742684e-07	6.733762e-07
	5.118872e-07	3.838276e-07	2.837363e-07	2.066865e-07	1.483024e-07
	1.047695e-07	7.283195e-08	4.977479e-08	3.338812e-08	2.191726e-08
	1.400284e-08	8.616427e-09	4.997425e-09	2.595443e-09	1.020740e-09
	1.000000e-60
massfraction-CO
	1.000000e-60	1.881982e-06	5.488570e-06	1.208102e-05	2.353745e-05
	4.249296e-05	7.238630e-05	1.173689e-04	1.821018e-04	2.714724e-04
	3.902939e-04	5.430433e-04	7.336777e-04	9.655363e-04	1.241320e-03
	1.563124e-03	1.932511e-03	2.350587e-03	2.818095e-03	3.335499e-03
	3.903058e-03	4.520903e-03	5.189109e-03	5.907795e-03	6.677236e-03
	7.497960e-03	8.370712e-03	9.295882e-03	1.027246e-02	1.129698e-02
	1.236208e-02	1.345648e-02	1.456914e-02	1.569373e-02	1.682828e-02
	1.797285e-02	1.913026e-02	2.030898e-02	2.152223e-02	2.277966e-02
	2.407495e-02	2.538025e-02	2.665863e-02	2.788248e-02	2.903995e-02
	3.012887e-02	3.115080e-02	3.210873e-02	3.300586e-02	3.384338e-02
	3.461859e-02	3.532530e-02	3.595615e-02	3.650506e-02	3.696717e-02
	3.734251e-02	3.764070e-02	3.787530e-02	3.805839e-02	3.820197e-02
	3.831704e-02	3.841102e-02	3.848809e-02	3.855027e-02	3.859832e-02
	3.863254e-02	3.865220e-02	3.865504e-02	3.863751e-02	3.859507e-02
	3.852250e-02	3.841533e-02	3.827038e-02	3.808345e-02	3.784852e-02
	3.755943e-02	3.721073e-02	3.679746e-02	3.631467e-02	3.575782e-02
	3.512383e-02	3.441175e-02	3.362190e-02	3.275446e-02	3.180820e-02
	3.077866e-02	2.965611e-02	2.842471e-02	2.706450e-02	2.555639e-02
	2.389838e-02	2.209895e-02	2.016136e-02	1.812435e-02	1.603148e-02
	1.389954e-02	1.174960e-02	9.642706e-03	7.653051e-03	5.891260e-03
	4.483705e-03	3.439767e-03	2.682251e-03	2.131473e-03	1.725614e-03
	1.419042e-03	1.179655e-03	9.869107e-04	8.284903e-04	6.969956e-04
	5.875118e-04	4.961706e-04	4.195484e-04	3.546339e-04	2.989403e-04
	2.505413e-04	2.081994e-04	1.713264e-04	1.395854e-04	1.126044e-04
	8.994048e-05	7.111273e-05	5.563615e-05	4.304780e-05	3.292068e-05
	2.486823e-05	1.854497e-05	1.364526e-05	9.901591e-06	7.082769e-06
	4.991942e-06	3.464441e-06	2.365200e-06	1.585768e-06	1.040958e-06
	6.653295e-07	4.096927e-07	2.378392e-07	1.236543e-07	4.868403e-08
	1.000000e-60
massfraction-CO2
	1.000000e-60	9.403741e-07	3.000129e-06	7.284296e-06	1.571024e-05
	3.139220e-05	5.902902e-05	1.051853e-04	1.783892e-04	2.889911e-04
	4.488017e-04	6.705794e-04	9.674694e-04	1.352481e-03	1.838067e-03
	2.435822e-03	3.156310e-03	4.008990e-03	5.002229e-03	6.143372e-03
	7.438860e-03	8.894377e-03	1.051504e-02	1.230568e-02	1.427117e-02
	1.641681e-02	1.874826e-02	2.127009e-02	2.398273e-02	2.687914e-02
	2.994003e-02	3.313310e-02	3.642482e-02	3.979398e-02	4.323196e-02
	4.673597e-02	5.031173e-02	5.398275e-02	5.778765e-02	6.175391e-02
	6.585741e-02	7.000344e-02	7.406639e-02	7.795029e-02	8.161068e-02
	8.503576e-02	8.822721e-02	9.119273e-02	9.394182e-02	9.647911e-02
	9.879910e-02	1.008883e-01	1.027326e-01	1.043244e-01	1.056608e-01
	1.067515e-01	1.076302e-01	1.083380e-01	1.089087e-01	1.093750e-01
	1.097675e-01	1.101077e-01	1.104083e-01	1.106764e-01	1.109166e-01
	1.111343e-01	1.113352e-01	1.115228e-01	1.116993e-01	1.118662e-01
	1.120242e-01	1.121728e-01	1.123112e-01	1.124408e-01	1.125628e-01
	1.126775e-01	1.127839e-01	1.128806e-01	1.129657e-01	1.130368e-01
	1.130905e-01	1.131230e-01	1.131295e-01	1.131051e-01	1.130432e-01
	1.129356e-01	1.127706e-01	1.125305e-01	1.121891e-01	1.117084e-01
	1.110406e-01	1.101250e-01	1.088760e-01	1.072056e-01	1.050159e-01
	1.021569e-01	9.842853e-02	9.364105e-02	8.761114e-02	8.034110e-02
	7.232519e-02	6.411535e-02	5.596290e-02	4.802138e-02	4.051705e-02
	3.372890e-02	2.783506e-02	2.285478e-02	1.871042e-02	1.529563e-02
	1.250218e-02	1.022487e-02	8.364082e-03	6.831911e-03	5.556894e-03
	4.484568e-03	3.579065e-03	2.820225e-03	2.193630e-03	1.684395e-03
	1.276791e-03	9.552191e-04	7.050424e-04	5.131159e-04	3.679922e-04
	2.599098e-04	1.806892e-04	1.235872e-04	8.313839e-05	5.499414e-05
	3.576361e-05	2.286020e-05	1.435604e-05	8.848352e-06	5.340855e-06
	3.142732e-06	1.785967e-06	9.604302e-07	4.649215e-07	1.715383e-07
	1.000000e-60
massfraction-CH
	1.000000e-60	5.939433e-31	1.416978e-30	2.293417e-30	2.932777e-30
	2.916956e-30	1.000000e-60	1.000000e-60	1.000000e-60	1.593649e-29
	7.489029e-29	1.380450e-28	1.274618e-28	2.511211e-28	1.000000e-60
	1.000000e-60	8.148778e-29	7.518826e-28	1.415720e-27	3.108215e-27
	1.054924e-26	3.369348e-26	1.165258e-25	4.163457e-25	1.541534e-24
	5.893269e-24	2.319512e-23	9.360572e-23	3.846644e-22	1.592116e-21
	6.524575e-21	2.588615e-20	9.732745e-20	3.419646e-19	1.116010e-18
	3.383309e-18	9.601443e-18	2.595796e-17	6.858322e-17	1.817739e-16
	4.912231e-16	1.352266e-15	3.745033e-15	1.033987e-14	2.843242e-14
	7.806748e-14	2.147934e-13	5.949282e-13	1.667793e-12	4.751128e-12
	1.374922e-11	4.017603e-11	1.172522e-10	3.368010e-10	9.318363e-10
	2.424191e-09	5.866521e-09	1.320198e-08	2.761745e-08	5.406699e-08
	1.005242e-07	1.794364e-07	3.085284e-07	5.096865e-07	8.055812e-07
	1.219454e-06	1.775203e-06	2.490515e-06	3.369275e-06	4.399384e-06
	5.547282e-06	6.750326e-06	7.935621e-06	9.045980e-06	1.003302e-05
	1.084556e-05	1.143520e-05	1.176463e-05	1.181142e-05	1.156905e-05
	1.104893e-05	1.028169e-05	9.314307e-06	8.203530e-06	7.009134e-06
	5.788172e-06	4.591604e-06	3.465128e-06	2.452819e-06	1.598090e-06
	9.392822e-07	4.868099e-07	2.157709e-07	8.000427e-08	2.429866e-08
	5.838401e-09	1.072150e-09	1.493726e-10	1.631269e-11	1.592656e-12
	1.720053e-13	2.222788e-14	3.130650e-15	4.329722e-16	5.634178e-17
	6.942392e-18	8.231079e-19	9.537683e-20	1.101941e-20	1.298058e-21
	1.595454e-22	2.104892e-23	3.081708e-24	5.119786e-25	9.552795e-26
	1.923571e-26	4.026554e-27	8.659769e-28	1.929448e-28	4.513615e-29
	1.125231e-29	2.976598e-30	8.511625e-31	2.647419e-31	8.814408e-32
	3.307622e-32	1.174983e-32	4.244816e-33	2.234243e-33	1.000000e-60
	1.542234e-33	1.000000e-60	2.016738e-34	1.607987e-34	3.702693e-34
	2.765971e-34	1.000000e-60	8.387187e-36	1.000000e-60	3.095095e-35
	1.000000e-60
massfraction-CHO
	1.000000e-60	1.313256e-18	4.213791e-18	1.012539e-17	2.119993e-17
	4.038276e-17	7.138443e-17	1.187393e-16	1.883720e-16	2.891417e-16
	4.358386e-16	6.542563e-16	9.895959e-16	1.520788e-15	2.385673e-15
	3.825973e-15	6.267969e-15	1.046699e-14	1.776482e-14	3.054415e-14
	5.301929e-14	9.258107e-14	1.620057e-13	2.828879e-13	4.905071e-13
	8.395845e-13	1.408314e-12	2.293670e-12	3.586213e-12	5.317435e-12
	7.400450e-12	9.629172e-12	1.177562e-11	1.369363e-11	1.533130e-11
	1.669586e-11	1.784140e-11	1.887975e-11	1.999492e-11	2.145798e-11
	2.363575e-11	2.698858e-11	3.213246e-11	4.004449e-11	5.245056e-11
	7.259932e-11	1.068351e-10	1.675485e-10	2.781450e-10	4.801508e-10
	8.407744e-10	1.457132e-09	2.454531e-09	3.981963e-09	6.201492e-09
	9.281899e-09	1.344580e-08	1.901124e-08	2.636366e-08	3.604167e-08
	4.894076e-08	6.636932e-08	9.000430e-08	1.217138e-07	1.633107e-07
	2.168648e-07	2.849143e-07	3.698670e-07	4.734263e-07	5.965248e-07
	7.386146e-07	8.962106e-07	1.064205e-06	1.238740e-06	1.416442e-06
	1.592373e-06	1.760008e-06	1.912021e-06	2.040815e-06	2.138713e-06
	2.198405e-06	2.213899e-06	2.181506e-06	2.100264e-06	1.971866e-06
	1.800264e-06	1.591146e-06	1.351987e-06	1.093211e-06	8.299433e-07
	5.835437e-07	3.752180e-07	2.182757e-07	1.163472e-07	5.970878e-08
	3.232140e-08	2.022299e-08	1.449999e-08	1.092034e-08	8.148075e-09
	6.001391e-09	4.416571e-09	3.243319e-09	2.329432e-09	1.560366e-09
	9.014520e-10	4.166445e-10	1.519472e-10	4.590333e-11	1.225968e-11
	3.074870e-12	7.695277e-13	2.044135e-13	6.033784e-14	1.993026e-14
	7.155085e-15	2.694291e-15	1.042731e-15	4.120316e-16	1.659845e-16
	6.811499e-17	2.843059e-17	1.203760e-17	5.151499e-18	2.218755e-18
	9.572382e-19	4.116435e-19	1.755660e-19	7.389603e-20	3.054402e-20
	1.233632e-20	4.842435e-21	1.835728e-21	6.665128e-22	2.289890e-22
	7.302661e-23	2.090985e-23	5.042448e-24	8.868360e-25	7.327301e-26
	1.000000e-60
massfraction-CH2
	1.000000e-60	3.898163e-21	7.994711e-21	1.218871e-20	1.645922e-20
	2.090907e-20	2.579684e-20	3.159615e-20	3.910838e-20	4.967253e-20
	6.557450e-20	9.086316e-20	1.330067e-19	2.063203e-19	3.392223e-19
	5.899552e-19	1.081404e-18	2.079775e-18	4.175597e-18	8.706699e-18
	1.876025e-17	4.157480e-17	9.435855e-17	2.185173e-16	5.147665e-16
	1.230522e-15	2.978801e-15	7.285321e-15	1.793382e-14	4.415845e-14
	1.076980e-13	2.568341e-13	5.917618e-13	1.307747e-12	2.764712e-12
	5.595513e-12	1.089396e-11	2.061465e-11	3.847501e-11	7.185165e-11
	1.352937e-10	2.561000e-10	4.827225e-10	8.999854e-10	1.658059e-09
	3.023671e-09	5.471701e-09	9.856518e-09	1.773705e-08	3.197398e-08
	5.776193e-08	1.043038e-07	1.873235e-07	3.322966e-07	5.760552e-07
	9.640544e-07	1.549157e-06	2.389888e-06	3.538058e-06	5.042947e-06
	6.972329e-06	9.400449e-06	1.237533e-05	1.588054e-05	1.981837e-05
	2.406367e-05	2.848146e-05	3.288832e-05	3.705687e-05	4.075706e-05
	4.377023e-05	4.591092e-05	4.709456e-05	4.733249e-05	4.666511e-05
	4.514876e-05	4.287042e-05	3.994611e-05	3.650976e-05	3.270729e-05
	2.869566e-05	2.463544e-05	2.067426e-05	1.693295e-05	1.350068e-05
	1.043497e-05	7.766522e-06	5.509609e-06	3.672363e-06	2.257966e-06
	1.257521e-06	6.219424e-07	2.660401e-07	9.689640e-08	2.965528e-08
	7.439988e-09	1.498637e-09	2.447608e-10	3.418410e-11	4.727200e-12
	7.895379e-13	1.681819e-13	4.179376e-14	1.115095e-14	3.116251e-15
	9.224388e-16	2.925098e-16	1.000671e-16	3.718761e-17	1.503111e-17
	6.542257e-18	3.006728e-18	1.425294e-18	6.816965e-19	3.231959e-19
	1.500099e-19	6.790734e-20	3.023555e-20	1.345996e-20	6.094986e-21
	2.847773e-21	1.386651e-21	7.075270e-22	3.788964e-22	2.126234e-22
	1.245219e-22	7.565589e-23	4.734001e-23	3.025515e-23	1.957089e-23
	1.268738e-23	8.153525e-24	5.130270e-24	3.114759e-24	1.792830e-24
	9.569022e-25	4.595305e-25	1.891079e-25	6.012956e-26	1.061165e-26
	1.000000e-60
massfraction-CH2O
	1.000000e-60	1.547011e-09	5.028672e-09	1.246304e-08	2.745799e-08
	5.604358e-08	1.075754e-07	1.954842e-07	3.376795e-07	5.564401e-07
	8.777728e-07	1.330347e-06	1.944211e-06	2.749494e-06	3.775270e-06
	5.048653e-06	6.594184e-06	8.433471e-06	1.058506e-05	1.306448e-05
	1.588445e-05	1.905515e-05	2.258466e-05	2.647961e-05	3.074592e-05
	3.538962e-05	4.041679e-05	4.583043e-05	5.162403e-05	5.777491e-05
	6.423473e-05	7.092890e-05	7.778228e-05	8.474733e-05	9.180379e-05
	9.894410e-05	1.061783e-04	1.135518e-04	1.211389e-04	1.289892e-04
	1.370485e-04	1.451237e-04	1.529614e-04	1.603616e-04	1.672124e-04
	1.734447e-04	1.789874e-04	1.837459e-04	1.875902e-04	1.903534e-04
	1.918670e-04	1.920543e-04	1.910489e-04	1.892595e-04	1.873198e-04
	1.858909e-04	1.854228e-04	1.861124e-04	1.879647e-04	1.908923e-04
	1.948580e-04	1.999005e-04	2.060858e-04	2.134449e-04	2.219412e-04
	2.315598e-04	2.423202e-04	2.541575e-04	2.668662e-04	2.801281e-04
	2.934672e-04	3.061883e-04	3.175896e-04	3.271581e-04	3.344221e-04
	3.388316e-04	3.398275e-04	3.369270e-04	3.297656e-04	3.181345e-04
	3.020468e-04	2.817969e-04	2.579471e-04	2.312534e-04	2.025810e-04
	1.728179e-04	1.428176e-04	1.134256e-04	8.559020e-05	6.044839e-05
	3.933319e-05	2.316958e-05	1.206403e-05	5.460417e-06	2.115200e-06
	6.829949e-07	1.793647e-07	3.826324e-08	6.799018e-09	1.095985e-09
	1.854113e-10	3.681401e-11	8.992696e-12	2.756056e-12	1.066531e-12
	5.097423e-13	2.863612e-13	1.800984e-13	1.223378e-13	8.754891e-14
	6.494728e-14	4.943296e-14	3.831052e-14	3.003181e-14	2.366401e-14
	1.862935e-14	1.457942e-14	1.131159e-14	8.690880e-15	6.607978e-15
	4.968918e-15	3.692677e-15	2.709985e-15	1.962364e-15	1.400978e-15
	9.853776e-16	6.823676e-16	4.650047e-16	3.117135e-16	2.054935e-16
	1.331979e-16	8.486887e-17	5.313093e-17	3.264738e-17	1.964715e-17
	1.152748e-17	6.532569e-18	3.503656e-18	1.691848e-18	6.228329e-19
	1.000000e-60
massfraction-CH3
	1.000000e-60	6.798400e-11	1.960677e-10	4.263987e-10	8.205480e-10
	1.463456e-09	2.464367e-09	3.953774e-09	6.077712e-09	8.990720e-09
	1.284956e-08	1.780918e-08	2.402195e-08	3.163982e-08	4.081926e-08
	5.172800e-08	6.455325e-08	7.951131e-08	9.685861e-08	1.169048e-07
	1.400290e-07	1.667002e-07	1.975049e-07	2.331853e-07	2.746938e-07
	3.232701e-07	3.805440e-07	4.486475e-07	5.303273e-07	6.290719e-07
	7.491706e-07	8.958152e-07	1.075761e-06	1.298644e-06	1.578453e-06
	1.935232e-06	2.398657e-06	3.015702e-06	3.863558e-06	5.066518e-06
	6.811064e-06	9.349578e-06	1.299948e-05	1.817215e-05	2.543520e-05
	3.558917e-05	4.976322e-05	6.955845e-05	9.724944e-05	1.359835e-04
	1.898405e-04	2.636116e-04	3.621765e-04	4.893400e-04	6.454468e-04
	8.255573e-04	1.021865e-03	1.225502e-03	1.426133e-03	1.615722e-03
	1.790325e-03	1.946418e-03	2.079264e-03	2.183598e-03	2.255498e-03
	2.293851e-03	2.298892e-03	2.271344e-03	2.213003e-03	2.126799e-03
	2.016865e-03	1.889307e-03	1.750702e-03	1.605350e-03	1.455865e-03
	1.304972e-03	1.155622e-03	1.010496e-03	8.717685e-04	7.412626e-04
	6.206187e-04	5.111989e-04	4.138353e-04	3.287409e-04	2.556153e-04
	1.937758e-04	1.423179e-04	1.003213e-04	6.700768e-05	4.173362e-05
	2.386859e-05	1.232900e-05	5.620552e-06	2.230217e-06	7.604432e-07
	2.174683e-07	5.104531e-08	9.858408e-09	1.608096e-09	2.403500e-10
	3.779317e-11	6.920743e-12	1.533579e-12	4.186353e-13	1.418981e-13
	5.812057e-14	2.705871e-14	1.355712e-14	7.102472e-15	3.853224e-15
	2.160209e-15	1.249761e-15	7.437929e-16	4.530758e-16	2.807253e-16
	1.757675e-16	1.107192e-16	7.015167e-17	4.480318e-17	2.889778e-17
	1.884108e-17	1.241654e-17	8.263481e-18	5.545979e-18	3.747310e-18
	2.544639e-18	1.733635e-18	1.183105e-18	8.075810e-19	5.506075e-19
	3.744330e-19	2.535573e-19	1.706251e-19	1.137637e-19	7.482503e-20
	4.820773e-20	3.005719e-20	1.771965e-20	9.368917e-21	3.751536e-21
	1.000000e-60
massfraction-CH4
	1.000000e+00	9.999426e-01	9.998414e-01	9.996669e-01	9.993754e-01
	9.989063e-01	9.981805e-01	9.971024e-01	9.955646e-01	9.934539e-01
	9.906581e-01	9.870716e-01	9.825995e-01	9.771600e-01	9.706851e-01
	9.631193e-01	9.544185e-01	9.445481e-01	9.334810e-01	9.211954e-01
	9.076732e-01	8.928981e-01	8.768536e-01	8.595208e-01	8.408753e-01
	8.208844e-01	7.995083e-01	7.767133e-01	7.524980e-01	7.269211e-01
	7.001406e-01	6.724181e-01	6.440169e-01	6.150890e-01	5.856784e-01
	5.557806e-01	5.253209e-01	4.940755e-01	4.616942e-01	4.279220e-01
	3.929486e-01	3.575591e-01	3.228271e-01	2.895819e-01	2.582199e-01
	2.288598e-01	2.015022e-01	1.760918e-01	1.525528e-01	1.308457e-01
	1.110126e-01	9.316099e-02	7.740182e-02	6.379551e-02	5.236857e-02
	4.304637e-02	3.555285e-02	2.954742e-02	2.474830e-02	2.088094e-02
	1.768786e-02	1.499218e-02	1.269024e-02	1.072397e-02	9.053776e-03
	7.631851e-03	6.412031e-03	5.363771e-03	4.466624e-03	3.702224e-03
	3.055645e-03	2.516785e-03	2.072677e-03	1.705221e-03	1.398431e-03
	1.141557e-03	9.269191e-04	7.481383e-04	5.996496e-04	4.767759e-04
	3.757026e-04	2.932200e-04	2.264578e-04	1.728143e-04	1.299943e-04
	9.602055e-05	6.923656e-05	4.832052e-05	3.227510e-05	2.035578e-05
	1.197859e-05	6.494456e-06	3.186068e-06	1.400908e-06	5.471997e-07
	1.861938e-07	5.420847e-08	1.353678e-08	2.968159e-09	6.155565e-10
	1.367860e-10	3.576017e-11	1.151204e-11	4.722029e-12	2.512138e-12
	1.670000e-12	1.275645e-12	1.041233e-12	8.735282e-13	7.410964e-13
	6.320728e-13	5.407400e-13	4.633337e-13	3.969087e-13	3.391164e-13
	2.881497e-13	2.428743e-13	2.028162e-13	1.677647e-13	1.374650e-13
	1.115725e-13	8.968197e-14	7.136256e-14	5.618650e-14	4.374643e-14
	3.366263e-14	2.558601e-14	1.919891e-14	1.421533e-14	1.038086e-14
	7.472603e-15	5.298580e-15	3.696702e-15	2.532977e-15	1.699054e-15
	1.109246e-15	6.972459e-16	4.128037e-16	2.186109e-16	8.753810e-17
	1.000000e-60
massfraction-C2H6
	1.000000e-60	9.326369e-09	3.077288e-08	7.753513e-08	1.737744e-07
	3.608200e-07	7.042894e-07	1.300599e-06	2.281376e-06	3.814354e-06
	6.100302e-06	9.366493e-06	1.385806e-05	1.982872e-05	2.753214e-05
	3.721475e-05	4.911045e-05	6.343705e-05	8.039441e-05	1.001639e-04
	1.229091e-04	1.487772e-04	1.779015e-04	2.104063e-04	2.464124e-04
	2.860437e-04	3.294266e-04	3.766620e-04	4.277667e-04	4.826079e-04
	5.408084e-04	6.017294e-04	6.646945e-04	7.292534e-04	7.951889e-04
	8.623892e-04	9.308938e-04	1.001063e-03	1.073506e-03	1.148547e-03
	1.225417e-03	1.301890e-03	1.375064e-03	1.442511e-03	1.502620e-03
	1.554147e-03	1.595753e-03	1.625741e-03	1.641838e-03	1.641054e-03
	1.619878e-03	1.575076e-03	1.504980e-03	1.410806e-03	1.297863e-03
	1.174877e-03	1.049995e-03	9.289549e-04	8.159361e-04	7.124548e-04
	6.175433e-04	5.301635e-04	4.501174e-04	3.779107e-04	3.141249e-04
	2.584649e-04	2.101755e-04	1.687299e-04	1.337216e-04	1.046122e-04
	8.083835e-05	6.189604e-05	4.709960e-05	3.558650e-05	2.661712e-05
	1.966665e-05	1.433765e-05	1.030104e-05	7.280994e-06	5.052868e-06
	3.436829e-06	2.287779e-06	1.487710e-06	9.423302e-07	5.787239e-07
	3.421289e-07	1.925387e-07	1.014910e-07	4.904475e-08	2.117625e-08
	7.982154e-09	2.563661e-09	6.802851e-10	1.471172e-10	2.565231e-11
	3.525371e-12	3.769489e-13	3.190814e-14	2.232875e-15	1.433021e-16
	9.871753e-18	8.204458e-19	8.755539e-20	1.272164e-20	2.691560e-21
	8.607700e-22	3.987705e-22	2.391063e-22	1.656356e-22	1.233329e-22
	9.521439e-23	7.493528e-23	5.958894e-23	4.758938e-23	3.797190e-23
	3.011722e-23	2.364473e-23	1.833583e-23	1.403742e-23	1.060829e-23
	7.912413e-24	5.822950e-24	4.226020e-24	3.022754e-24	2.129450e-24
	1.476543e-24	1.007143e-24	6.754678e-25	4.452916e-25	2.884841e-25
	1.836462e-25	1.148582e-25	7.055259e-26	4.252649e-26	2.510378e-26
	1.445092e-26	8.038850e-27	4.236038e-27	2.012205e-27	7.299011e-28
	1.000000e-60
massfraction-C2H
	1.000000e-60	5.982542e-32	2.920758e-31	9.678480e-31	4.584544e-30
	1.530806e-29	4.831350e-29	1.445197e-28	4.133701e-28	1.148231e-27
	3.129767e-27	8.467671e-27	2.293033e-26	6.253413e-26	1.724353e-25
	4.815877e-25	1.362164e-24	3.896037e-24	1.124018e-23	3.260974e-23
	9.482430e-23	2.754857e-22	7.973146e-22	2.293401e-21	6.545135e-21
	1.851643e-20	5.191856e-20	1.442840e-19	3.971981e-19	1.081607e-18
	2.905194e-18	7.670153e-18	1.988857e-17	5.084918e-17	1.290220e-16
	3.268316e-16	8.315732e-16	2.145457e-15	5.689535e-15	1.570192e-14
	4.518642e-14	1.336720e-13	3.961836e-13	1.149103e-12	3.218364e-12
	8.663684e-12	2.242485e-11	5.599374e-11	1.354871e-10	3.187422e-10
	7.288182e-10	1.612482e-09	3.426939e-09	6.936852e-09	1.322806e-08
	2.353563e-08	3.909755e-08	6.107053e-08	9.027417e-08	1.274649e-07
	1.739754e-07	2.314528e-07	3.011353e-07	3.830073e-07	4.753797e-07
	5.760204e-07	6.824789e-07	7.911127e-07	8.970692e-07	9.951599e-07
	1.080096e-06	1.146854e-06	1.192439e-06	1.216169e-06	1.218108e-06
	1.198594e-06	1.158647e-06	1.100079e-06	1.025328e-06	9.373791e-07
	8.397917e-07	7.365804e-07	6.318068e-07	5.291518e-07	4.316753e-07
	3.416940e-07	2.608144e-07	1.901678e-07	1.307021e-07	8.324115e-08
	4.828691e-08	2.502890e-08	1.128970e-08	4.350411e-09	1.405616e-09
	3.685079e-10	7.594812e-11	1.229589e-11	1.640382e-12	2.087300e-13
	3.077796e-14	5.534055e-15	1.124665e-15	2.418389e-16	5.419126e-17
	1.281671e-17	3.203725e-18	8.362480e-19	2.270550e-19	6.485097e-20
	1.971234e-20	6.371933e-21	2.165535e-21	7.621030e-22	2.736178e-22
	9.891865e-23	3.579040e-23	1.303652e-23	4.845569e-24	1.864227e-24
	7.511926e-25	3.196403e-25	1.442354e-25	6.906045e-26	3.499552e-26
	1.867088e-26	1.041215e-26	6.016251e-27	3.566339e-27	2.145699e-27
	1.295366e-27	7.751666e-28	4.538084e-28	2.562020e-28	1.372414e-28
	6.840727e-29	3.088489e-29	1.206322e-29	3.679933e-30	6.286964e-31
	1.000000e-60
massfraction-C2H2
	1.000000e-60	7.220492e-08	2.280813e-07	5.477708e-07	1.168098e-06
	2.307869e-06	4.292213e-06	7.568500e-06	1.270924e-05	2.039905e-05
	3.140767e-05	4.655452e-05	6.667144e-05	9.256933e-05	1.250122e-04
	1.646999e-04	2.122581e-04	2.682363e-04	3.331088e-04	4.072812e-04
	4.910978e-04	5.848519e-04	6.887974e-04	8.031665e-04	9.281911e-04
	1.064124e-03	1.211236e-03	1.369721e-03	1.539510e-03	1.720066e-03
	1.910099e-03	2.107534e-03	2.310251e-03	2.516923e-03	2.727007e-03
	2.940329e-03	3.157240e-03	3.379164e-03	3.608430e-03	3.846689e-03
	4.092513e-03	4.340311e-03	4.582723e-03	4.814191e-03	5.032221e-03
	5.236214e-03	5.426295e-03	5.602791e-03	5.765816e-03	5.914514e-03
	6.046123e-03	6.155296e-03	6.234080e-03	6.272991e-03	6.263761e-03
	6.203853e-03	6.097532e-03	5.952872e-03	5.780173e-03	5.587984e-03
	5.379642e-03	5.155890e-03	4.917655e-03	4.667427e-03	4.408969e-03
	4.143916e-03	3.871972e-03	3.593955e-03	3.312243e-03	3.029465e-03
	2.749213e-03	2.477443e-03	2.219064e-03	1.974645e-03	1.743154e-03
	1.524791e-03	1.320598e-03	1.131534e-03	9.581660e-04	8.008700e-04
	6.600086e-04	5.357891e-04	4.279762e-04	3.358185e-04	2.581823e-04
	1.936931e-04	1.408938e-04	9.843429e-05	6.520490e-05	4.030146e-05
	2.288857e-05	1.174556e-05	5.318706e-06	2.093235e-06	7.052084e-07
	1.978438e-07	4.514686e-08	8.465068e-09	1.389316e-09	2.347428e-10
	4.971266e-11	1.387574e-11	4.802753e-12	1.976860e-12	9.679612e-13
	5.647540e-13	3.799126e-13	2.800634e-13	2.172705e-13	1.732347e-13
	1.402555e-13	1.145891e-13	9.408624e-14	7.735415e-14	6.344091e-14
	5.168890e-14	4.168886e-14	3.322473e-14	2.615478e-14	2.033642e-14
	1.561709e-14	1.184218e-14	8.863294e-15	6.544272e-15	4.764086e-15
	3.417444e-15	2.414355e-15	1.679151e-15	1.149264e-15	7.738910e-16
	5.125926e-16	3.338627e-16	2.137087e-16	1.342854e-16	8.263291e-17
	4.955857e-17	2.868945e-17	1.570279e-17	7.727241e-18	2.893725e-18
	1.000000e-60
massfraction-CHCO
	1.000000e-60	4.137713e-07	1.134345e-06	2.335490e-06	4.247109e-06
	7.157374e-06	1.140129e-05	1.733644e-05	2.531478e-05	3.565525e-05
	4.862316e-05	6.441865e-05	8.317459e-05	1.049615e-04	1.297967e-04
	1.576555e-04	1.884820e-04	2.221985e-04	2.587141e-04	2.979313e-04
	3.397510e-04	3.840772e-04	4.308212e-04	4.799065e-04	5.312752e-04
	5.848921e-04	6.407405e-04	6.987851e-04	7.589111e-04	8.208691e-04
	8.841997e-04	9.482501e-04	1.012425e-03	1.076425e-03	1.140217e-03
	1.203876e-03	1.267633e-03	1.332022e-03	1.397827e-03	1.465636e-03
	1.535204e-03	1.605162e-03	1.673687e-03	1.739449e-03	1.801936e-03
	1.861122e-03	1.917162e-03	1.970281e-03	2.020722e-03	2.068645e-03
	2.114041e-03	2.156749e-03	2.196563e-03	2.233261e-03	2.266361e-03
	2.295091e-03	2.318747e-03	2.336573e-03	2.347694e-03	2.351491e-03
	2.347377e-03	2.334374e-03	2.311233e-03	2.276864e-03	2.230742e-03
	2.172463e-03	2.101395e-03	2.017251e-03	1.920478e-03	1.812023e-03
	1.693663e-03	1.568806e-03	1.441106e-03	1.312384e-03	1.183470e-03
	1.055690e-03	9.308058e-04	8.105342e-04	6.963152e-04	5.894082e-04
	4.910010e-04	4.021065e-04	3.233369e-04	2.548193e-04	1.962721e-04
	1.471070e-04	1.065566e-04	7.383650e-05	4.826477e-05	2.924325e-05
	1.614628e-05	7.974806e-06	3.435070e-06	1.270145e-06	3.970308e-07
	1.019390e-07	2.092033e-08	3.432027e-09	4.692343e-10	6.158309e-11
	9.689798e-12	2.027714e-12	5.313409e-13	1.618111e-13	5.607429e-14
	2.224149e-14	1.005668e-14	5.137339e-15	2.961675e-15	1.921109e-15
	1.374918e-15	1.050073e-15	8.274981e-16	6.558550e-16	5.140232e-16
	3.941109e-16	2.939555e-16	2.133086e-16	1.512471e-16	1.054064e-16
	7.261051e-17	4.966754e-17	3.384452e-17	2.302004e-17	1.564432e-17
	1.062577e-17	7.211810e-18	4.889257e-18	3.309597e-18	2.236080e-18
	1.507476e-18	1.013666e-18	6.793127e-19	4.528997e-19	2.993111e-19
	1.947458e-19	1.231883e-19	7.393787e-20	3.988090e-20	1.629730e-20
	1.000000e-60
massfraction-C3H3
	1.000000e-60	1.000000e-60	1.000000e-60	1.000000e-60	1.000000e-60
	1.000000e-60	1.000000e-60	1.000000e-60	1.000000e-60	6.816926e-29
	1.512526e-27	2.759491e-27	2.800400e-27	4.190813e-27	4.748859e-27
	1.316842e-26	3.350798e-26	1.031381e-25	3.119774e-25	9.603794e-25
	3.068597e-24	1.004621e-23	3.346581e-23	1.133329e-22	3.899983e-22
	1.361890e-21	4.819874e-21	1.725216e-20	6.219099e-20	2.241055e-19
	7.977318e-19	2.761297e-18	9.157185e-18	2.882907e-17	8.591292e-17
	2.428154e-16	6.560023e-16	1.721634e-15	4.491896e-15	1.193541e-14
	3.284386e-14	9.395141e-14	2.785355e-13	8.589819e-13	2.771944e-12
	9.314313e-12	3.195400e-11	1.091805e-10	3.648239e-10	1.182755e-09
	3.718970e-09	1.136288e-08	3.363152e-08	9.504333e-08	2.494255e-07
	5.901065e-07	1.243541e-06	2.343221e-06	3.982557e-06	6.201856e-06
	9.028304e-06	1.247238e-05	1.649086e-05	2.095100e-05	2.563275e-05
	3.030982e-05	3.476395e-05	3.874103e-05	4.197021e-05	4.421704e-05
	4.530953e-05	4.518119e-05	4.391059e-05	4.165406e-05	3.857917e-05
	3.487558e-05	3.075970e-05	2.645302e-05	2.215972e-05	1.805776e-05
	1.429500e-05	1.097988e-05	8.171168e-06	5.878642e-06	4.074008e-06
	2.703974e-06	1.703029e-06	1.004119e-06	5.444402e-07	2.660978e-07
	1.157039e-07	4.456649e-08	1.528168e-08	4.817428e-09	1.431764e-09
	3.914151e-10	9.206280e-11	1.733000e-11	2.424479e-12	2.422276e-13
	1.814623e-14	1.063278e-15	4.673262e-17	1.415747e-18	2.762248e-20
	3.430370e-22	2.793767e-24	1.552678e-26	6.164460e-29	2.042934e-31
	2.502053e-33	2.177176e-34	2.552584e-35	3.425559e-36	5.164820e-37
	8.367971e-38	1.397754e-38	2.373717e-39	4.129431e-40	7.464292e-41
	1.418814e-41	2.837068e-42	6.111265e-43	1.372591e-43	3.374259e-44
	9.493065e-45	1.994600e-45	3.872927e-46	2.735595e-46	1.000000e-60
	1.340609e-46	1.000000e-60	1.000000e-60	1.436384e-47	5.563624e-48
	3.679235e-48	1.000000e-60	1.000000e-60	9.432602e-51	1.577440e-50
	1.000000e-60
massfraction-C2H3
	1.000000e-60	8.564497e-19	2.285385e-18	4.268033e-18	6.940283e-18
	1.056344e-17	1.555498e-17	2.263913e-17	3.314375e-17	4.957259e-17
	7.676552e-17	1.243599e-16	2.122090e-16	3.826816e-16	7.293568e-16
	1.465614e-15	3.092129e-15	6.813373e-15	1.558868e-14	3.681578e-14
	8.924309e-14	2.208921e-13	5.557558e-13	1.415908e-12	3.640876e-12
	9.415012e-12	2.434462e-11	6.232331e-11	1.556372e-10	3.723747e-10
	8.381258e-10	1.747745e-09	3.348118e-09	5.886795e-09	9.533973e-09
	1.429301e-08	1.993988e-08	2.601128e-08	3.177403e-08	3.612689e-08
	3.767141e-08	3.553650e-08	3.066443e-08	2.540633e-08	2.154125e-08
	1.962504e-08	1.969048e-08	2.187512e-08	2.672491e-08	3.541861e-08
	5.007511e-08	7.425239e-08	1.136701e-07	1.768406e-07	2.743833e-07
	4.164023e-07	6.108991e-07	8.626047e-07	1.170020e-06	1.528708e-06
	1.936556e-06	2.389300e-06	2.874341e-06	3.367642e-06	3.837061e-06
	4.253333e-06	4.591939e-06	4.830528e-06	4.952649e-06	4.951800e-06
	4.832169e-06	4.610357e-06	4.311859e-06	3.960166e-06	3.573745e-06
	3.169645e-06	2.763847e-06	2.369720e-06	1.997300e-06	1.653831e-06
	1.344487e-06	1.072430e-06	8.385499e-07	6.416833e-07	4.792448e-07
	3.478043e-07	2.436053e-07	1.630493e-07	1.029597e-07	6.046008e-08
	3.268040e-08	1.615897e-08	7.280109e-09	3.037570e-09	1.205966e-09
	4.656054e-10	1.768148e-10	6.558928e-11	2.312478e-11	7.729656e-12
	2.580508e-12	9.029134e-13	3.347327e-13	1.286625e-13	4.816539e-14
	1.654150e-14	5.367909e-15	1.763796e-15	6.044809e-16	2.186258e-16
	8.530961e-17	3.666820e-17	1.735342e-17	8.858162e-18	4.748965e-18
	2.612197e-18	1.450754e-18	8.072416e-19	4.487092e-19	2.486978e-19
	1.371728e-19	7.512081e-20	4.074031e-20	2.182100e-20	1.151168e-20
	5.966221e-21	3.030587e-21	1.505549e-21	7.301013e-22	3.450301e-22
	1.586422e-22	7.084600e-23	3.066014e-23	1.281494e-23	5.143270e-24
	1.961582e-24	6.967921e-25	2.210839e-25	5.665673e-26	8.423875e-27
	1.000000e-60
massfraction-C2H4
	1.000000e-60	1.280838e-08	4.105200e-08	1.001796e-07	2.171962e-07
	4.362759e-07	8.245310e-07	1.476353e-06	2.515154e-06	4.091609e-06
	6.378572e-06	9.563612e-06	1.384064e-05	1.940194e-05	2.643152e-05
	3.510030e-05	4.556304e-05	5.795689e-05	7.240126e-05	8.899859e-05
	1.078359e-04	1.289868e-04	1.525143e-04	1.784748e-04	2.069230e-04
	2.379170e-04	2.715178e-04	3.077677e-04	3.466476e-04	3.880301e-04
	4.316136e-04	4.769155e-04	5.234424e-04	5.708817e-04	6.191020e-04
	6.680561e-04	7.178159e-04	7.686979e-04	8.212223e-04	8.757471e-04
	9.319196e-04	9.884340e-04	1.043591e-03	1.096116e-03	1.145431e-03
	1.191369e-03	1.233891e-03	1.272953e-03	1.308445e-03	1.340137e-03
	1.367716e-03	1.390941e-03	1.409639e-03	1.423216e-03	1.429848e-03
	1.426589e-03	1.410612e-03	1.380324e-03	1.336141e-03	1.279800e-03
	1.212683e-03	1.135879e-03	1.050936e-03	9.603422e-04	8.672528e-04
	7.739865e-04	6.819831e-04	5.928492e-04	5.083694e-04	4.299661e-04
	3.588463e-04	2.962320e-04	2.424907e-04	1.967794e-04	1.579982e-04
	1.253553e-04	9.821630e-05	7.594706e-05	5.790227e-05	4.347359e-05
	3.211355e-05	2.332357e-05	1.664031e-05	1.164269e-05	7.965360e-06
	5.303144e-06	3.409942e-06	2.094466e-06	1.211508e-06	6.493114e-07
	3.184990e-07	1.415985e-07	5.653548e-08	2.056213e-08	7.044037e-09
	2.368627e-09	8.105321e-10	2.815331e-10	9.479550e-11	3.033657e-11
	9.669037e-12	3.229367e-12	1.158564e-12	4.568292e-13	2.041796e-13
	1.059490e-13	6.343836e-14	4.235906e-14	3.037182e-14	2.276419e-14
	1.755107e-14	1.378634e-14	1.095947e-14	8.768017e-15	7.022917e-15
	5.602666e-15	4.432804e-15	3.470721e-15	2.687465e-15	2.057526e-15
	1.557089e-15	1.164328e-15	8.597805e-16	6.265577e-16	4.502914e-16
	3.189287e-16	2.224848e-16	1.527909e-16	1.032567e-16	6.864964e-17
	4.489072e-17	2.886347e-17	1.823834e-17	1.131327e-17	6.873270e-18
	4.070905e-18	2.328296e-18	1.259802e-18	6.133610e-19	2.274909e-19
	1.000000e-60
massfraction-C2H5
	1.000000e-60	3.607432e-13	1.187465e-12	2.984101e-12	6.669914e-12
	1.381172e-11	2.688836e-11	4.952960e-11	8.667424e-11	1.445956e-10
	2.307795e-10	3.536768e-10	5.223803e-10	7.462841e-10	1.034773e-09
	1.396972e-09	1.841575e-09	2.376750e-09	3.010121e-09	3.748828e-09
	4.599665e-09	5.569305e-09	6.664649e-09	7.893358e-09	9.264630e-09
	1.079023e-08	1.248566e-08	1.437064e-08	1.646884e-08	1.880708e-08
	2.141192e-08	2.430588e-08	2.751030e-08	3.104838e-08	3.493344e-08
	3.914304e-08	4.359315e-08	4.810399e-08	5.231262e-08	5.551447e-08
	5.662738e-08	5.485762e-08	5.111461e-08	4.805694e-08	4.789813e-08
	5.141602e-08	5.903736e-08	7.176623e-08	9.157307e-08	1.217482e-07
	1.673192e-07	2.353768e-07	3.350044e-07	4.762764e-07	6.668999e-07
	9.078526e-07	1.193957e-06	1.515231e-06	1.855771e-06	2.199549e-06
	2.534513e-06	2.846913e-06	3.118228e-06	3.327421e-06	3.457210e-06
	3.499351e-06	3.452442e-06	3.320641e-06	3.114689e-06	2.850466e-06
	2.547535e-06	2.228861e-06	1.914711e-06	1.616515e-06	1.340110e-06
	1.090029e-06	8.695234e-07	6.798529e-07	5.204310e-07	3.894944e-07
	2.846071e-07	2.028145e-07	1.407439e-07	9.488197e-08	6.189349e-08
	3.881970e-08	2.317738e-08	1.298116e-08	6.688726e-09	3.098747e-09
	1.266117e-09	4.486222e-10	1.357856e-10	3.575923e-11	8.696675e-12
	2.189279e-12	6.559358e-13	2.371522e-13	9.248756e-14	3.656360e-14
	1.509048e-14	6.749295e-15	3.281979e-15	1.679409e-15	8.427547e-16
	3.906129e-16	1.678735e-16	6.912215e-17	2.769374e-17	1.066995e-17
	3.918262e-18	1.405453e-18	5.149456e-19	2.000357e-19	8.357105e-20
	3.725228e-20	1.741891e-20	8.425053e-21	4.175839e-21	2.105778e-21
	1.073676e-21	5.503470e-22	2.820714e-22	1.438375e-22	7.264956e-23
	3.620364e-23	1.774260e-23	8.529133e-24	4.014110e-24	1.847297e-24
	8.307931e-25	3.651361e-25	1.569045e-25	6.598052e-26	2.718177e-26
	1.098168e-26	4.350804e-27	1.681966e-27	6.180281e-28	1.885656e-28
	1.000000e-60
massfraction-C3H4
	1.000000e-60	1.863298e-13	6.560182e-13	1.775724e-12	4.287215e-12
	9.587756e-12	2.011572e-11	3.980399e-11	7.453514e-11	1.325054e-10
	2.244186e-10	3.634668e-10	5.651089e-10	8.466935e-10	1.226995e-09
	1.725726e-09	2.363079e-09	3.159330e-09	4.134519e-09	5.308221e-09
	6.699393e-09	8.326311e-09	1.020661e-08	1.235745e-08	1.479590e-08
	1.753933e-08	2.060542e-08	2.401009e-08	2.776302e-08	3.186216e-08
	3.628557e-08	4.098873e-08	4.592106e-08	5.104707e-08	5.634862e-08
	6.181577e-08	6.745140e-08	7.328646e-08	7.937617e-08	8.575731e-08
	9.238082e-08	9.907978e-08	1.056352e-07	1.118780e-07	1.177256e-07
	1.231502e-07	1.281413e-07	1.326835e-07	1.367451e-07	1.403254e-07
	1.437092e-07	1.481011e-07	1.565325e-07	1.745634e-07	2.103254e-07
	2.737787e-07	3.762291e-07	5.296330e-07	7.434355e-07	1.024476e-06
	1.381350e-06	1.823182e-06	2.354698e-06	2.970661e-06	3.653922e-06
	4.384746e-06	5.142842e-06	5.899715e-06	6.618604e-06	7.260966e-06
	7.788706e-06	8.168204e-06	8.382982e-06	8.433806e-06	8.327335e-06
	8.073759e-06	7.689220e-06	7.195260e-06	6.616457e-06	5.978959e-06
	5.309903e-06	4.635872e-06	3.980093e-06	3.360348e-06	2.788567e-06
	2.271226e-06	1.810448e-06	1.405955e-06	1.057149e-06	7.641528e-07
	5.282785e-07	3.475683e-07	2.157091e-07	1.257793e-07	6.851463e-08
	3.429541e-08	1.544254e-08	6.167065e-09	2.166199e-09	6.849548e-10
	2.098000e-10	6.624982e-11	2.216136e-11	8.027735e-12	3.244356e-12
	1.496988e-12	7.848015e-13	4.544671e-13	2.818285e-13	1.830860e-13
	1.229797e-13	8.471315e-14	5.944326e-14	4.221183e-14	3.013237e-14
	2.147522e-14	1.519762e-14	1.065402e-14	7.396829e-15	5.086716e-15
	3.464664e-15	2.336383e-15	1.558722e-15	1.027826e-15	6.691754e-16
	4.297048e-16	2.718837e-16	1.693587e-16	1.037875e-16	6.254254e-17
	3.704645e-17	2.156465e-17	1.233155e-17	6.922645e-18	3.808960e-18
	2.046605e-18	1.065141e-18	5.269276e-19	2.361174e-19	8.129873e-20
	1.000000e-60
massfraction-C3H5
	1.000000e-60	1.163323e-14	4.151540e-14	1.140710e-13	2.797214e-13
	6.353232e-13	1.353172e-12	2.716439e-12	5.156505e-12	9.285210e-12
	1.591543e-11	2.606575e-11	4.094891e-11	6.194674e-11	9.057654e-11
	1.284536e-10	1.772544e-10	2.386833e-10	3.144452e-10	4.062234e-10
	5.156651e-10	6.443733e-10	7.939065e-10	9.657920e-10	1.161552e-09
	1.382736e-09	1.630920e-09	1.907538e-09	2.213504e-09	2.548756e-09
	2.911550e-09	3.298202e-09	3.704384e-09	4.126812e-09	4.563328e-09
	5.011969e-09	5.471054e-09	5.939910e-09	6.417543e-09	6.897440e-09
	7.360091e-09	7.769748e-09	8.081302e-09	8.249033e-09	8.228228e-09
	7.971918e-09	7.433097e-09	6.580225e-09	5.432285e-09	4.107667e-09
	2.838407e-09	1.874839e-09	1.328065e-09	1.143759e-09	1.229064e-09
	1.549875e-09	2.143890e-09	3.103303e-09	4.545770e-09	6.604120e-09
	9.449282e-09	1.328036e-08	1.827697e-08	2.452805e-08	3.198400e-08
	4.054225e-08	5.008688e-08	6.040499e-08	7.116374e-08	8.196759e-08
	9.235213e-08	1.017723e-07	1.097881e-07	1.161838e-07	1.208324e-07
	1.236124e-07	1.244488e-07	1.233473e-07	1.203917e-07	1.157339e-07
	1.095935e-07	1.022516e-07	9.402138e-08	8.520951e-08	7.608855e-08
	6.687858e-08	5.774154e-08	4.879909e-08	4.017194e-08	3.201894e-08
	2.458601e-08	1.809567e-08	1.266312e-08	8.388364e-09	5.231779e-09
	3.029743e-09	1.599102e-09	7.584522e-10	3.194112e-10	1.207106e-10
	4.321358e-11	1.543424e-11	5.657978e-12	2.195096e-12	9.440549e-13
	4.720194e-13	2.782975e-13	1.872578e-13	1.364216e-13	1.032636e-13
	7.944484e-14	6.153640e-14	4.777883e-14	3.705844e-14	2.860252e-14
	2.186626e-14	1.648875e-14	1.223983e-14	8.941673e-15	6.429437e-15
	4.550397e-15	3.169292e-15	2.171297e-15	1.462364e-15	9.675665e-16
	6.285135e-16	4.006035e-16	2.504374e-16	1.535178e-16	9.226969e-17
	5.437855e-17	3.142830e-17	1.781383e-17	9.899066e-18	5.386261e-18
	2.860279e-18	1.470879e-18	7.191172e-19	3.186617e-19	1.086187e-19
	1.000000e-60
massfraction-C3H6
	1.000000e-60	4.227051e-12	1.535020e-11	4.299980e-11	1.075760e-10
	2.492586e-10	5.412915e-10	1.106974e-09	2.138579e-09	3.915065e-09
	6.815257e-09	1.132396e-08	1.803018e-08	2.761817e-08	4.085324e-08
	5.856452e-08	8.162705e-08	1.109445e-07	1.474343e-07	1.920145e-07
	2.455949e-07	3.090700e-07	3.833162e-07	4.691942e-07	5.675564e-07
	6.792533e-07	8.051134e-07	9.458185e-07	1.101639e-06	1.272070e-06
	1.455287e-06	1.647817e-06	1.845058e-06	2.042051e-06	2.233479e-06
	2.413251e-06	2.574599e-06	2.710189e-06	2.811191e-06	2.865941e-06
	2.861256e-06	2.789186e-06	2.654262e-06	2.471117e-06	2.256029e-06
	2.021357e-06	1.774628e-06	1.519738e-06	1.259994e-06	1.004079e-06
	7.726389e-07	5.954681e-07	4.929311e-07	4.620506e-07	4.873230e-07
	5.556276e-07	6.592152e-07	7.924897e-07	9.478811e-07	1.116462e-06
	1.290023e-06	1.458650e-06	1.609021e-06	1.725771e-06	1.795763e-06
	1.812078e-06	1.773153e-06	1.682133e-06	1.547346e-06	1.380868e-06
	1.196946e-06	1.011032e-06	8.355381e-07	6.765396e-07	5.363104e-07
	4.159765e-07	3.156403e-07	2.342339e-07	1.698327e-07	1.201404e-07
	8.280503e-08	5.553786e-08	3.618666e-08	2.283827e-08	1.389521e-08
	8.088428e-09	4.451930e-09	2.277636e-09	1.058912e-09	4.356566e-10
	1.550758e-10	4.675541e-11	1.164917e-11	2.391155e-12	4.054559e-13
	5.624901e-14	6.347815e-15	5.902239e-16	4.645087e-17	3.374363e-18
	2.645100e-19	2.559145e-20	3.346313e-21	6.398073e-22	1.856190e-22
	7.873732e-23	4.572591e-23	3.287333e-23	2.590590e-23	2.079126e-23
	1.660456e-23	1.316532e-23	1.037741e-23	8.131349e-24	6.320210e-24
	4.854786e-24	3.671505e-24	2.728616e-24	1.992284e-24	1.429270e-24
	1.007471e-24	6.976267e-25	4.743695e-25	3.165871e-25	2.072649e-25
	1.330476e-25	8.370892e-26	5.160713e-26	3.117277e-26	1.844968e-26
	1.070100e-26	6.083895e-27	3.390973e-27	1.852514e-27	9.908697e-28
	5.173098e-28	2.616401e-28	1.259034e-28	5.497748e-29	1.849599e-29
	1.000000e-60
massfraction-N-C3H7
	1.000000e-60	4.909262e-17	1.785386e-16	5.009491e-16	1.255389e-15
	2.913709e-15	6.337821e-15	1.298161e-14	2.511677e-14	4.604545e-14
	8.026036e-14	1.335214e-13	2.128389e-13	3.263700e-13	4.832532e-13
	6.934052e-13	9.673068e-13	1.315799e-12	1.749901e-12	2.280659e-12
	2.919026e-12	3.675772e-12	4.561420e-12	5.586191e-12	6.759892e-12
	8.091426e-12	9.587100e-12	1.124538e-11	1.304433e-11	1.491510e-11
	1.669022e-11	1.802923e-11	1.837798e-11	1.711656e-11	1.410271e-11
	1.027674e-11	6.998839e-12	4.696961e-12	3.139014e-12	2.088563e-12
	1.392433e-12	9.418984e-13	6.558890e-13	4.754182e-13	3.603175e-13
	2.852137e-13	2.346839e-13	1.992448e-13	1.728471e-13	1.518654e-13
	1.355024e-13	1.269079e-13	1.330223e-13	1.631153e-13	2.297114e-13
	3.518505e-13	5.583107e-13	8.884352e-13	1.385987e-12	2.096520e-12
	3.073502e-12	4.368418e-12	6.003510e-12	7.937161e-12	1.004818e-11
	1.217389e-11	1.413464e-11	1.573624e-11	1.680475e-11	1.723028e-11
	1.698664e-11	1.614524e-11	1.485497e-11	1.327197e-11	1.152820e-11
	9.741159e-12	8.011776e-12	6.415463e-12	4.999647e-12	3.788488e-12
	2.788472e-12	1.991641e-12	1.378387e-12	9.219802e-13	5.934502e-13
	3.650189e-13	2.121872e-13	1.146929e-13	5.640770e-14	2.459904e-14
	9.301246e-15	2.985150e-15	7.937218e-16	1.742491e-16	3.167273e-17
	4.729342e-18	5.785723e-19	5.897294e-20	5.181317e-21	4.318827e-22
	4.017780e-23	4.801734e-24	8.169248e-25	2.173294e-25	9.489989e-26
	6.544716e-26	6.573622e-26	8.542264e-26	1.259280e-25	1.833682e-25
	2.058189e-25	1.827441e-25	1.478093e-25	1.156402e-25	8.902851e-26
	6.759084e-26	5.050826e-26	3.710725e-26	2.680556e-26	1.904563e-26
	1.331127e-26	9.150163e-27	6.183544e-27	4.105640e-27	2.676505e-27
	1.712051e-27	1.073952e-27	6.603783e-28	3.979585e-28	2.350151e-28
	1.360224e-28	7.717230e-29	4.292416e-29	2.340114e-29	1.249085e-29
	6.507824e-30	3.284892e-30	1.577703e-30	6.877102e-31	2.310021e-31
	1.000000e-60
massfraction-I-C3H7
	1.000000e-60	1.000001e-60	1.000028e-60	1.000077e-60	1.000157e-60
	1.000276e-60	1.000434e-60	1.000615e-60	1.000772e-60	1.000820e-60
	1.000619e-60	9.999752e-61	9.986350e-61	9.962930e-61	9.925989e-61
	9.871693e-61	9.795998e-61	9.694781e-61	9.563961e-61	9.399617e-61
	9.198090e-61	8.956081e-61	8.670737e-61	8.339709e-61	7.961192e-61
	7.533966e-61	7.057493e-61	6.532343e-61	5.960946e-61	5.348345e-61
	4.703090e-61	4.037000e-61	3.362233e-61	2.688782e-61	2.026717e-61
	1.393286e-61	8.225074e-62	3.720088e-62	1.042957e-62	1.332821e-63
	6.188338e-65	1.139980e-66	9.648130e-68	5.737053e-68	3.859751e-68
	2.751454e-68	2.066673e-68	1.626088e-68	1.332838e-68	1.131607e-68
	9.896547e-69	8.862032e-69	8.070859e-69	7.422663e-69	6.852082e-69
	6.323973e-69	5.821187e-69	5.339258e-69	4.883346e-69	4.454109e-69
	4.042782e-69	3.640317e-69	3.242388e-69	2.851891e-69	2.473618e-69
	2.113758e-69	1.776016e-69	1.465527e-69	1.187638e-69	9.454687e-70
	7.412394e-70	5.721616e-70	4.384063e-70	3.328908e-70	1.000000e-60
	1.000000e-60	1.000000e-60	1.000000e-60	1.000000e-60	1.000000e-60
	1.000000e-60	1.000000e-60	1.000000e-60	1.000000e-60	1.000000e-60
	1.000000e-60	1.000000e-60	1.000000e-60	1.000000e-60	1.000000e-60
	1.000000e-60	1.000000e-60	1.000000e-60	1.000000e-60	1.000000e-60
	1.000000e-60	1.000000e-60	1.000000e-60	8.083564e-73	1.087731e-71
	1.635057e-70	2.464999e-69	3.574759e-68	4.918099e-67	6.227786e-66
	6.855376e-65	5.578203e-64	2.155280e-63	3.604260e-63	4.182356e-63
	4.382227e-63	4.490597e-63	4.595697e-63	4.719765e-63	4.867339e-63
	5.038927e-63	5.235107e-63	5.460429e-63	5.731967e-63	6.090352e-63
	6.608518e-63	7.396365e-63	8.602322e-63	1.041441e-62	1.306373e-62
	1.683290e-62	2.207112e-62	2.921694e-62	3.882965e-62	5.162999e-62
	6.855143e-62	9.080327e-62	1.199476e-61	1.579926e-61	2.075062e-61
	2.717537e-61	3.548657e-61	4.620423e-61	5.997736e-61	7.759244e-61
	1.000000e-60
massfraction-C3H8
	1.000000e-60	1.000003e-60	1.000035e-60	1.000096e-60	1.000201e-60
	1.000373e-60	1.000635e-60	1.001011e-60	1.001515e-60	1.002144e-60
	1.002874e-60	1.003649e-60	1.004386e-60	1.004968e-60	1.005251e-60
	1.005066e-60	1.004227e-60	1.002531e-60	9.997698e-61	9.957279e-61
	9.901906e-61	9.829450e-61	9.737827e-61	9.625001e-61	9.488975e-61
	9.327781e-61	9.139477e-61	8.922290e-61	8.674954e-61	8.397153e-61
	8.090188e-61	7.757291e-61	7.402499e-61	7.029045e-61	6.639070e-61
	6.234216e-61	5.815274e-61	5.381062e-61	4.928793e-61	4.457404e-61
	3.972675e-61	3.489024e-61	3.024180e-61	2.591203e-61	2.195991e-61
	1.839854e-61	1.522023e-61	1.240741e-61	9.938925e-62	7.797195e-62
	5.971824e-62	4.455578e-62	3.236581e-62	2.292997e-62	1.594462e-62
	1.099936e-62	7.591547e-63	5.269508e-63	3.698369e-63	2.627037e-63
	1.878407e-63	1.344104e-63	9.592938e-64	6.827438e-64	4.853805e-64
	3.443238e-64	2.429086e-64	1.700762e-64	1.181566e-64	8.143348e-65
	5.572794e-65	3.803380e-65	2.598632e-65	1.774579e-65	1.206284e-65
	8.141715e-66	5.450182e-66	3.615106e-66	2.373037e-66	1.540424e-66
	9.899129e-67	6.279672e-67	3.926443e-67	2.414514e-67	1.454739e-67
	8.535042e-68	4.830305e-68	2.601533e-68	1.310560e-68	6.054213e-69
	2.522920e-69	9.322628e-70	2.982317e-70	8.183856e-71	2.046873e-71
	1.253480e-71	5.311389e-71	3.684288e-70	3.191183e-69	3.289135e-68
	3.593274e-67	3.709484e-66	3.406864e-65	2.668530e-64	1.676587e-63
	7.842217e-63	2.623086e-62	6.429287e-62	1.233112e-61	1.980325e-61
	2.807415e-61	3.647442e-61	4.457198e-61	5.215258e-61	5.914294e-61
	6.554001e-61	7.134013e-61	7.650623e-61	8.100371e-61	8.483345e-61
	8.803105e-61	9.065541e-61	9.277737e-61	9.447056e-61	9.580551e-61
	9.684649e-61	9.765002e-61	9.826440e-61	9.873001e-61	9.907994e-61
	9.934082e-61	9.953376e-61	9.967528e-61	9.977814e-61	9.985214e-61
	9.990471e-61	9.994147e-61	9.996662e-61	9.998331e-61	9.999386e-61
	1.000000e-60
V [kg/(s*m^2)]
	1.794825e-01	1.711942e-01	1.630069e-01	1.550367e-01	1.473735e-01
	1.400641e-01	1.331336e-01	1.265956e-01	1.204514e-01	1.146903e-01
	1.092924e-01	1.042315e-01	9.947730e-02	9.499820e-02	9.076257e-02
	8.673998e-02	8.290178e-02	7.922137e-02	7.567422e-02	7.223774e-02
	6.889104e-02	6.561460e-02	6.238999e-02	5.919933e-02	5.602480e-02
	5.284819e-02	4.965094e-02	4.641579e-02	4.312957e-02	3.978552e-02
	3.638724e-02	3.294824e-02	2.947975e-02	2.597849e-02	2.242836e-02
	1.880762e-02	1.508550e-02	1.121079e-02	7.111240e-03	2.717792e-03
	-1.990079e-03	-6.952948e-03	-1.205748e-02	-1.720201e-02	-2.232974e-02
	-2.741501e-02	-3.244467e-02	-3.741120e-02	-4.230847e-02	-4.712025e-02
	-5.180680e-02	-5.630270e-02	-6.052797e-02	-6.440319e-02	-6.784929e-02
	-7.081409e-02	-7.331661e-02	-7.541504e-02	-7.716539e-02	-7.863610e-02
	-7.990314e-02	-8.102250e-02	-8.202769e-02	-8.293647e-02	-8.375949e-02
	-8.451232e-02	-8.521205e-02	-8.586954e-02	-8.649068e-02	-8.708040e-02
	-8.764134e-02	-8.817124e-02	-8.866928e-02	-8.914162e-02	-8.959620e-02
	-9.003787e-02	-9.046923e-02	-9.089243e-02	-9.130987e-02	-9.172387e-02
	-9.213614e-02	-9.254785e-02	-9.296041e-02	-9.337608e-02	-9.379830e-02
	-9.423218e-02	-9.468518e-02	-9.516764e-02	-9.569251e-02	-9.627475e-02
	-9.692665e-02	-9.766150e-02	-9.850109e-02	-9.945891e-02	-1.005512e-01
	-1.018160e-01	-1.033066e-01	-1.050718e-01	-1.071703e-01	-1.096250e-01
	-1.123369e-01	-1.152105e-01	-1.182504e-01	-1.214933e-01	-1.249408e-01
	-1.285339e-01	-1.321937e-01	-1.358642e-01	-1.395155e-01	-1.431271e-01
	-1.466822e-01	-1.501732e-01	-1.536112e-01	-1.570278e-01	-1.604704e-01
	-1.639975e-01	-1.676590e-01	-1.714747e-01	-1.754414e-01	-1.795512e-01
	-1.837983e-01	-1.881803e-01	-1.926982e-01	-1.973550e-01	-2.021544e-01
	-2.070995e-01	-2.121923e-01	-2.174323e-01	-2.228169e-01	-2.283406e-01
	-2.339956e-01	-2.397719e-01	-2.456578e-01	-2.516405e-01	-2.577069e-01
	-2.638441e-01	-2.700399e-01	-2.762832e-01	-2.825633e-01	-2.888634e-01
	-2.951663e-01
density [kg/m^3]
	6.431859e-01	6.430462e-01	6.428166e-01	6.424427e-01	6.418461e-01
	6.409197e-01	6.395286e-01	6.375170e-01	6.347206e-01	6.309829e-01
	6.261708e-01	6.201886e-01	6.129857e-01	6.045596e-01	5.949522e-01
	5.842436e-01	5.725432e-01	5.599793e-01	5.466903e-01	5.328167e-01
	5.184945e-01	5.038502e-01	4.889978e-01	4.740361e-01	4.590472e-01
	4.440967e-01	4.292360e-01	4.145139e-01	3.999893e-01	3.857406e-01
	3.718748e-01	3.585155e-01	3.457488e-01	3.335852e-01	3.219820e-01
	3.108792e-01	3.001965e-01	2.898122e-01	2.795776e-01	2.693843e-01
	2.592458e-01	2.493240e-01	2.398461e-01	2.309725e-01	2.227473e-01
	2.151499e-01	2.081409e-01	2.016769e-01	1.957183e-01	1.902416e-01
	1.852488e-01	1.807622e-01	1.768065e-01	1.733950e-01	1.705323e-01
	1.681975e-01	1.663194e-01	1.648113e-01	1.636020e-01	1.626221e-01
	1.618068e-01	1.611114e-01	1.605098e-01	1.599877e-01	1.595365e-01
	1.591458e-01	1.588059e-01	1.585118e-01	1.582618e-01	1.580552e-01
	1.578926e-01	1.577758e-01	1.577046e-01	1.576775e-01	1.576940e-01
	1.577555e-01	1.578636e-01	1.580204e-01	1.582281e-01	1.584892e-01
	1.588061e-01	1.591802e-01	1.596131e-01	1.601064e-01	1.606637e-01
	1.612915e-01	1.620012e-01	1.628109e-01	1.637462e-01	1.648392e-01
	1.661196e-01	1.676209e-01	1.693985e-01	1.714986e-01	1.739843e-01
	1.769897e-01	1.807262e-01	1.854620e-01	1.916011e-01	1.996007e-01
	2.096294e-01	2.218289e-01	2.367430e-01	2.552122e-01	2.780223e-01
	3.054813e-01	3.373640e-01	3.731943e-01	4.124308e-01	4.544051e-01
	4.983072e-01	5.433466e-01	5.889554e-01	6.348661e-01	6.810500e-01
	7.276001e-01	7.744037e-01	8.208387e-01	8.659492e-01	9.087766e-01
	9.485166e-01	9.845813e-01	1.016617e+00	1.044487e+00	1.068241e+00
	1.088083e+00	1.104329e+00	1.117369e+00	1.127635e+00	1.135563e+00
	1.141574e+00	1.146051e+00	1.149328e+00	1.151688e+00	1.153362e+00
	1.154533e+00	1.155342e+00	1.155893e+00	1.156266e+00	1.156514e+00
	1.156679e+00
cp [J/m^3K]
	2.197908e+03	2.198192e+03	2.198634e+03	2.199320e+03	2.200374e+03
	2.201962e+03	2.204294e+03	2.207611e+03	2.212170e+03	2.218215e+03
	2.225958e+03	2.235559e+03	2.247106e+03	2.260618e+03	2.276043e+03
	2.293261e+03	2.312104e+03	2.332357e+03	2.353779e+03	2.376109e+03
	2.399081e+03	2.422428e+03	2.445894e+03	2.469237e+03	2.492234e+03
	2.514682e+03	2.536395e+03	2.557181e+03	2.576827e+03	2.595079e+03
	2.611634e+03	2.626155e+03	2.638330e+03	2.647872e+03	2.654432e+03
	2.657509e+03	2.656366e+03	2.649871e+03	2.636217e+03	2.612629e+03
	2.575426e+03	2.522892e+03	2.463168e+03	2.399065e+03	2.332216e+03
	2.263895e+03	2.195143e+03	2.126819e+03	2.059646e+03	1.994369e+03
	1.931924e+03	1.873425e+03	1.819978e+03	1.772465e+03	1.731570e+03
	1.697510e+03	1.669637e+03	1.646931e+03	1.628494e+03	1.613385e+03
	1.600675e+03	1.589705e+03	1.580086e+03	1.571600e+03	1.564109e+03
	1.557436e+03	1.551400e+03	1.545885e+03	1.540824e+03	1.536156e+03
	1.531843e+03	1.527883e+03	1.524260e+03	1.520910e+03	1.517763e+03
	1.514773e+03	1.511913e+03	1.509161e+03	1.506494e+03	1.503890e+03
	1.501332e+03	1.498806e+03	1.496298e+03	1.493788e+03	1.491248e+03
	1.488643e+03	1.485920e+03	1.483009e+03	1.479823e+03	1.476258e+03
	1.472220e+03	1.467605e+03	1.462248e+03	1.456032e+03	1.448816e+03
	1.440305e+03	1.430081e+03	1.417720e+03	1.402683e+03	1.384643e+03
	1.364186e+03	1.341980e+03	1.318023e+03	1.292150e+03	1.264637e+03
	1.236440e+03	1.208772e+03	1.180099e+03	1.151281e+03	1.125696e+03
	1.104424e+03	1.087297e+03	1.073627e+03	1.062640e+03	1.053669e+03
	1.046203e+03	1.039898e+03	1.034551e+03	1.030029e+03	1.026220e+03
	1.023027e+03	1.020364e+03	1.018157e+03	1.016340e+03	1.014857e+03
	1.013658e+03	1.012700e+03	1.011943e+03	1.011352e+03	1.010897e+03
	1.010551e+03	1.010291e+03	1.010099e+03	1.009958e+03	1.009856e+03
	1.009782e+03	1.009730e+03	1.009692e+03	1.009666e+03	1.009647e+03
	1.009633e+03
lambda [W/m]
	3.231541e-02	3.232862e-02	3.234902e-02	3.238055e-02	3.242881e-02
	3.250147e-02	3.260834e-02	3.276103e-02	3.297233e-02	3.325542e-02
	3.362303e-02	3.408677e-02	3.465667e-02	3.534103e-02	3.614642e-02
	3.707790e-02	3.813932e-02	3.933360e-02	4.066313e-02	4.213006e-02
	4.373660e-02	4.548540e-02	4.737980e-02	4.942428e-02	5.162492e-02
	5.398985e-02	5.652937e-02	5.925445e-02	6.217369e-02	6.528979e-02
	6.859393e-02	7.206366e-02	7.567384e-02	7.940979e-02	8.326654e-02
	8.724015e-02	9.132865e-02	9.553919e-02	9.987787e-02	1.043053e-01
	1.086704e-01	1.127599e-01	1.166399e-01	1.202276e-01	1.234668e-01
	1.263405e-01	1.288510e-01	1.310119e-01	1.328428e-01	1.343644e-01
	1.355963e-01	1.365604e-01	1.372852e-01	1.378060e-01	1.381606e-01
	1.383881e-01	1.385258e-01	1.386028e-01	1.386392e-01	1.386490e-01
	1.386405e-01	1.386186e-01	1.385855e-01	1.385428e-01	1.384914e-01
	1.384315e-01	1.383620e-01	1.382814e-01	1.381884e-01	1.380810e-01
	1.379576e-01	1.378179e-01	1.376619e-01	1.374882e-01	1.372936e-01
	1.370753e-01	1.368312e-01	1.365592e-01	1.362569e-01	1.359219e-01
	1.355522e-01	1.351468e-01	1.347046e-01	1.342239e-01	1.337018e-01
	1.331328e-01	1.325077e-01	1.318122e-01	1.310270e-01	1.301290e-01
	1.290989e-01	1.279163e-01	1.265469e-01	1.249692e-01	1.231555e-01
	1.210384e-01	1.185196e-01	1.155006e-01	1.118565e-01	1.075165e-01
	1.026350e-01	9.738847e-02	9.179946e-02	8.586021e-02	7.966948e-02
	7.347181e-02	6.754422e-02	6.197783e-02	5.688718e-02	5.241464e-02
	4.856857e-02	4.528899e-02	4.248675e-02	4.006928e-02	3.795541e-02
	3.608079e-02	3.440509e-02	3.291261e-02	3.159798e-02	3.045463e-02
	2.947260e-02	2.863924e-02	2.794033e-02	2.736108e-02	2.688688e-02
	2.650364e-02	2.619808e-02	2.595787e-02	2.577179e-02	2.562978e-02
	2.552302e-02	2.544397e-02	2.538627e-02	2.534475e-02	2.531525e-02
	2.529454e-02	2.528016e-02	2.527026e-02	2.526350e-02	2.525892e-02
	2.525581e-02
mu [kg/s^2m]
	1.146011e-05	1.146173e-05	1.146476e-05	1.147022e-05	1.147960e-05
	1.149496e-05	1.151895e-05	1.155475e-05	1.160586e-05	1.167589e-05
	1.176833e-05	1.188633e-05	1.203262e-05	1.220943e-05	1.241856e-05
	1.266136e-05	1.293891e-05	1.325207e-05	1.360161e-05	1.398833e-05
	1.441309e-05	1.487699e-05	1.538141e-05	1.592812e-05	1.651947e-05
	1.715846e-05	1.784884e-05	1.859475e-05	1.939990e-05	2.026664e-05
	2.119444e-05	2.217930e-05	2.321685e-05	2.430651e-05	2.545181e-05
	2.665868e-05	2.793690e-05	2.930453e-05	3.078897e-05	3.241887e-05
	3.420690e-05	3.613508e-05	3.815945e-05	4.023451e-05	4.232975e-05
	4.442638e-05	4.651062e-05	4.857124e-05	5.059785e-05	5.257628e-05
	5.448339e-05	5.628724e-05	5.795286e-05	5.944942e-05	6.075056e-05
	6.184395e-05	6.274542e-05	6.348419e-05	6.408685e-05	6.458237e-05
	6.500019e-05	6.536123e-05	6.567789e-05	6.595686e-05	6.620227e-05
	6.641944e-05	6.661363e-05	6.678790e-05	6.694360e-05	6.708168e-05
	6.720239e-05	6.730509e-05	6.738981e-05	6.745796e-05	6.751077e-05
	6.754864e-05	6.757149e-05	6.757915e-05	6.757137e-05	6.754784e-05
	6.750825e-05	6.745243e-05	6.738034e-05	6.729188e-05	6.718666e-05
	6.706370e-05	6.692094e-05	6.675486e-05	6.656036e-05	6.633097e-05
	6.606087e-05	6.574360e-05	6.536845e-05	6.492716e-05	6.440863e-05
	6.378833e-05	6.302879e-05	6.208676e-05	6.090276e-05	5.942555e-05
	5.767838e-05	5.570290e-05	5.349218e-05	5.102823e-05	4.833916e-05
	4.552678e-05	4.272477e-05	4.004006e-05	3.753615e-05	3.524758e-05
	3.318924e-05	3.135744e-05	2.973245e-05	2.828554e-05	2.698670e-05
	2.580956e-05	2.473821e-05	2.376970e-05	2.290614e-05	2.214765e-05
	2.149101e-05	2.093031e-05	2.045777e-05	2.006471e-05	1.974206e-05
	1.948083e-05	1.927233e-05	1.910837e-05	1.898140e-05	1.888460e-05
	1.881196e-05	1.875830e-05	1.871927e-05	1.869131e-05	1.867157e-05
	1.865782e-05	1.864837e-05	1.864196e-05	1.863765e-05	1.863479e-05
	1.863292e-05
mDot_CH4 [kg/m^3s]
	0.000000e+00	2.160607e-15	2.288094e-14	9.341033e-14	2.803606e-13
	7.152482e-13	1.643505e-12	3.506376e-12	7.085005e-12	1.376433e-11
	2.602750e-11	4.839034e-11	8.917603e-11	1.638980e-10	3.017324e-10
	5.579322e-10	1.037664e-09	1.941760e-09	3.654371e-09	6.910392e-09
	1.311401e-08	2.494193e-08	4.748006e-08	9.035471e-08	1.717083e-07
	3.255617e-07	6.152504e-07	1.157013e-06	2.158398e-06	3.972908e-06
	7.155494e-06	1.247282e-05	2.081343e-05	3.295941e-05	4.918154e-05
	6.869552e-05	8.920522e-05	1.065835e-04	1.139969e-04	9.928079e-05
	4.073763e-05	-9.363011e-05	-3.398919e-04	-7.473723e-04	-1.421571e-03
	-2.573857e-03	-4.599755e-03	-8.262138e-03	-1.506185e-02	-2.790901e-02
	-5.225052e-02	-9.784726e-02	-1.813798e-01	-3.296696e-01	-5.815559e-01
	-9.870757e-01	-1.609394e+00	-2.527492e+00	-3.825225e+00	-5.576909e+00
	-7.842122e+00	-1.063727e+01	-1.389290e+01	-1.742892e+01	-2.098321e+01
	-2.430691e+01	-2.719885e+01	-2.948933e+01	-3.105853e+01	-3.185863e+01
	-3.190896e+01	-3.129571e+01	-3.015684e+01	-2.862562e+01	-2.680525e+01
	-2.478441e+01	-2.264341e+01	-2.044982e+01	-1.825633e+01	-1.610450e+01
	-1.402984e+01	-1.206295e+01	-1.022711e+01	-8.537148e+00	-7.000770e+00
	-5.619829e+00	-4.392249e+00	-3.315588e+00	-2.391041e+00	-1.624713e+00
	-1.026227e+00	-5.936203e-01	-3.080318e-01	-1.414311e-01	-5.669391e-02
	-1.935381e-02	-5.482668e-03	-1.278559e-03	-2.477801e-04	-4.233395e-05
	-7.185346e-06	-1.328206e-06	-2.764832e-07	-6.575343e-08	-1.795666e-08
	-5.496071e-09	-1.806191e-09	-6.238803e-10	-2.277717e-10	-8.923918e-11
	-3.783401e-11	-1.728084e-11	-8.395686e-12	-4.272755e-12	-2.244034e-12
	-1.199669e-12	-6.465466e-13	-3.501988e-13	-1.908338e-13	-1.047873e-13
	-5.803233e-14	-3.241320e-14	-1.823953e-14	-1.032120e-14	-5.858480e-15
	-3.325772e-15	-1.882099e-15	-1.058183e-15	-5.890520e-16	-3.235364e-16
	-1.747202e-16	-9.242207e-17	-4.767648e-17	-2.384675e-17	-1.146895e-17
	-5.233589e-18	-2.213834e-18	-8.295651e-19	-2.480207e-19	-4.222721e-20
	0.000000e+00
ScalarDissRate [1/s]
	1.035060e-05	2.224928e-05	7.948136e-05	2.640825e-04	8.097437e-04
	2.286645e-03	5.948769e-03	1.428139e-02	3.174135e-02	6.560399e-02
	1.267663e-01	2.303379e-01	3.958985e-01	6.473736e-01	1.012564e+00
	1.522400e+00	2.210022e+00	3.109741e+00	4.255957e+00	5.682039e+00
	7.419190e+00	9.495285e+00	1.193371e+01	1.475221e+01	1.796183e+01
	2.156563e+01	2.555656e+01	2.991242e+01	3.458797e+01	3.950717e+01
	4.455549e+01	4.958366e+01	5.443474e+01	5.896980e+01	6.306722e+01
	6.661114e+01	6.949057e+01	7.159594e+01	7.279683e+01	7.292217e+01
	7.180256e+01	6.940485e+01	6.586925e+01	6.148240e+01	5.654246e+01
	5.131453e+01	4.601875e+01	4.082739e+01	3.586871e+01	3.124111e+01
	2.702669e+01	2.329064e+01	2.007099e+01	1.737234e+01	1.517669e+01
	1.343965e+01	1.208108e+01	1.101637e+01	1.017928e+01	9.511281e+00
	8.961368e+00	8.494982e+00	8.091463e+00	7.738907e+00	7.429521e+00
	7.154660e+00	6.906058e+00	6.678388e+00	6.468474e+00	6.273720e+00
	6.092468e+00	5.924725e+00	5.770065e+00	5.626005e+00	5.489706e+00
	5.359426e+00	5.234180e+00	5.113176e+00	4.995602e+00	4.880722e+00
	4.768014e+00	4.657135e+00	4.547705e+00	4.439157e+00	4.330674e+00
	4.221085e+00	4.108737e+00	3.991456e+00	3.866683e+00	3.731743e+00
	3.584999e+00	3.425065e+00	3.249356e+00	3.057831e+00	2.850708e+00
	2.625387e+00	2.378907e+00	2.112143e+00	1.827856e+00	1.536348e+00
	1.260291e+00	1.014545e+00	8.005490e-01	6.169233e-01	4.638559e-01
	3.417627e-01	2.484051e-01	1.791499e-01	1.286986e-01	9.236815e-02
	6.641059e-02	4.790265e-02	3.464809e-02	2.506623e-02	1.806235e-02
	1.289409e-02	9.074160e-03	6.280747e-03	4.274337e-03	2.860251e-03
	1.881655e-03	1.216305e-03	7.718295e-04	4.802661e-04	2.926786e-04
	1.744715e-04	1.016275e-04	5.779161e-05	3.206337e-05	1.734975e-05
	9.155775e-06	4.713227e-06	2.367975e-06	1.161918e-06	5.572903e-07
	2.615169e-07	1.201839e-07	5.414035e-08	2.392914e-08	1.039449e-08
	6.524372e-09
ZBilger
	1.000000e+00	9.999692e-01	9.999034e-01	9.997754e-01	9.995446e-01
	9.991540e-01	9.985291e-01	9.975797e-01	9.962044e-01	9.942961e-01
	9.917487e-01	9.884625e-01	9.843480e-01	9.793283e-01	9.733393e-01
	9.663293e-01	9.582575e-01	9.490920e-01	9.388081e-01	9.273865e-01
	9.148113e-01	9.010685e-01	8.861439e-01	8.700215e-01	8.526798e-01
	8.340901e-01	8.142168e-01	7.930303e-01	7.705310e-01	7.467751e-01
	7.219110e-01	6.961827e-01	6.698354e-01	6.430109e-01	6.157501e-01
	5.880491e-01	5.598388e-01	5.309119e-01	5.009445e-01	4.697008e-01
	4.373561e-01	4.046353e-01	3.725286e-01	3.417998e-01	3.128118e-01
	2.856718e-01	2.603777e-01	2.368767e-01	2.150966e-01	1.949994e-01
	1.766224e-01	1.600635e-01	1.454236e-01	1.327571e-01	1.220872e-01
	1.133445e-01	1.062734e-01	1.005582e-01	9.593885e-02	9.216087e-02
	8.898200e-02	8.623289e-02	8.381282e-02	8.166612e-02	7.975759e-02
	7.804316e-02	7.647811e-02	7.503398e-02	7.369455e-02	7.244637e-02
	7.128134e-02	7.020152e-02	6.920565e-02	6.827876e-02	6.740328e-02
	6.656852e-02	6.576854e-02	6.499846e-02	6.425310e-02	6.352759e-02
	6.281820e-02	6.212209e-02	6.143593e-02	6.075494e-02	6.007247e-02
	5.937930e-02	5.866259e-02	5.790527e-02	5.708632e-02	5.618181e-02
	5.517209e-02	5.403646e-02	5.274217e-02	5.127138e-02	4.960514e-02
	4.769576e-02	4.547989e-02	4.291205e-02	3.994785e-02	3.661343e-02
	3.311045e-02	2.962026e-02	2.619035e-02	2.284026e-02	1.963624e-02
	1.668555e-02	1.406905e-02	1.180770e-02	9.882095e-03	8.258753e-03
	6.900596e-03	5.768702e-03	4.823508e-03	4.028195e-03	3.351690e-03
	2.769724e-03	2.266510e-03	1.834073e-03	1.467330e-03	1.160690e-03
	9.077458e-04	7.017403e-04	5.360178e-04	4.043469e-04	3.010817e-04
	2.212050e-04	1.603230e-04	1.146364e-04	8.090515e-05	5.640988e-05
	3.891036e-05	2.660040e-05	1.805799e-05	1.219193e-05	8.186975e-06
	5.450495e-06	3.563274e-06	2.236638e-06	1.277061e-06	5.584837e-07
	0.000000e+00
ScalarDissRateBilger [1/s]
	6.759674e-06	1.699065e-05	7.177083e-05	2.645095e-04	8.678668e-04
	2.567871e-03	6.910627e-03	1.702343e-02	3.861082e-02	8.111173e-02
	1.587943e-01	2.915120e-01	5.048901e-01	8.298225e-01	1.301305e+00
	1.956734e+00	2.833877e+00	3.968708e+00	5.393293e+00	7.133865e+00
	9.209165e+00	1.162910e+01	1.439377e+01	1.749286e+01	2.090542e+01
	2.459974e+01	2.853264e+01	3.264647e+01	3.686465e+01	4.108923e+01
	4.520025e+01	4.906574e+01	5.256709e+01	5.561652e+01	5.815138e+01
	6.012249e+01	6.149069e+01	6.222110e+01	6.226783e+01	6.156537e+01
	6.007372e+01	5.782700e+01	5.492229e+01	5.154507e+01	4.787531e+01
	4.406134e+01	4.022037e+01	3.644197e+01	3.279311e+01	2.932905e+01
	2.610363e+01	2.316899e+01	2.056667e+01	1.831949e+01	1.643626e+01
	1.490386e+01	1.367348e+01	1.268491e+01	1.188785e+01	1.123390e+01
	1.067757e+01	1.018650e+01	9.740733e+00	9.329249e+00	8.946084e+00
	8.584514e+00	8.237782e+00	7.902406e+00	7.577530e+00	7.262744e+00
	6.958660e+00	6.668310e+00	6.393719e+00	6.132839e+00	5.882498e+00
	5.641319e+00	5.409382e+00	5.187292e+00	4.975834e+00	4.776135e+00
	4.589824e+00	4.418760e+00	4.264480e+00	4.127848e+00	4.009001e+00
	3.907368e+00	3.821755e+00	3.750504e+00	3.691519e+00	3.641907e+00
	3.597525e+00	3.552066e+00	3.496959e+00	3.423602e+00	3.324580e+00
	3.193033e+00	3.022991e+00	2.811758e+00	2.558348e+00	2.268343e+00
	1.962426e+00	1.659261e+00	1.366072e+00	1.088497e+00	8.368012e-01
	6.232705e-01	4.539837e-01	3.263792e-01	2.328962e-01	1.654587e-01
	1.173399e-01	8.321213e-02	5.899920e-02	4.172509e-02	2.930945e-02
	2.033341e-02	1.385811e-02	9.254764e-03	6.053578e-03	3.878287e-03
	2.432938e-03	1.493451e-03	8.960778e-04	5.248054e-04	2.995765e-04
	1.664383e-04	8.988838e-05	4.715039e-05	2.401395e-05	1.188057e-05
	5.718229e-06	2.685440e-06	1.236577e-06	5.624991e-07	2.554919e-07
	1.175591e-07	5.578099e-08	2.782478e-08	1.484220e-08	8.557110e-09
	6.542385e-09
ChiAnalytOverChiStoich
	1.000000e-10	1.000000e-10	1.000000e-10	1.000000e-10	1.000000e-10
	1.000000e-10	1.000000e-10	1.976705e-03	1.179622e-02	2.720384e-02
	5.091818e-02	8.664343e-02	1.391660e-01	2.143280e-01	3.188540e-01
	4.600361e-01	6.453065e-01	8.817463e-01	1.175587e+00	1.531760e+00
	1.953527e+00	2.442242e+00	2.997233e+00	3.615829e+00	4.293497e+00
	5.024009e+00	5.799475e+00	6.609855e+00	7.442083e+00	8.279424e+00
	9.100977e+00	9.883090e+00	1.060391e+01	1.124663e+01	1.179831e+01
	1.224755e+01	1.258406e+01	1.279782e+01	1.287594e+01	1.280088e+01
	1.255620e+01	1.214015e+01	1.157408e+01	1.089442e+01	1.013868e+01
	9.339050e+00	8.521900e+00	7.708170e+00	6.914316e+00	6.154615e+00
	5.443325e+00	4.794381e+00	4.219047e+00	3.723795e+00	3.311140e+00
	2.977884e+00	2.712627e+00	2.501657e+00	2.333731e+00	2.198319e+00
	2.085846e+00	1.989737e+00	1.906074e+00	1.832638e+00	1.767991e+00
	1.710452e+00	1.658383e+00	1.610735e+00	1.566893e+00	1.526349e+00
	1.488785e+00	1.454212e+00	1.422541e+00	1.393251e+00	1.365753e+00
	1.339689e+00	1.314855e+00	1.291084e+00	1.268203e+00	1.246055e+00
	1.224517e+00	1.203496e+00	1.182890e+00	1.162550e+00	1.142280e+00
	1.121809e+00	1.100769e+00	1.078677e+00	1.054954e+00	1.028953e+00
	1.000183e+00	9.681504e-01	9.320723e-01	8.916408e-01	8.465826e-01
	7.959507e-01	7.385737e-01	6.740078e-01	6.021506e-01	5.249043e-01
	4.480507e-01	3.760886e-01	3.100891e-01	2.503724e-01	1.978631e-01
	1.536695e-01	1.179606e-01	8.983085e-02	6.793776e-02	5.099283e-02
	3.790232e-02	2.776289e-02	1.984079e-02	1.356404e-02	8.507888e-03
	4.368348e-03	9.468045e-04	1.000000e-10	1.000000e-10	1.000000e-10
	1.000000e-10	1.000000e-10	1.000000e-10	1.000000e-10	1.000000e-10
	1.000000e-10	1.000000e-10	1.000000e-10	1.000000e-10	1.000000e-10
	1.000000e-10	1.000000e-10	1.000000e-10	1.000000e-10	1.000000e-10
	1.000000e-10	1.000000e-10	1.000000e-10	1.000000e-10	1.000000e-10
	1.000000e-10
ChiKWOverChiKWStoich
	7.056891e-11	7.057211e-11	7.057737e-11	7.058594e-11	7.059963e-11
	7.062093e-11	7.065300e-11	1.397522e-03	8.347557e-03	1.927458e-02
	3.613490e-02	6.161253e-02	9.920664e-02	1.532374e-01	2.287519e-01
	3.313298e-01	4.668052e-01	6.409341e-01	8.590442e-01	1.125702e+00
	1.444427e+00	1.817480e+00	2.245735e+00	2.728645e+00	3.264292e+00
	3.849463e+00	4.479614e+00	5.148410e+00	5.846886e+00	6.562721e+00
	7.279526e+00	7.977721e+00	8.638319e+00	9.246010e+00	9.788453e+00
	1.025438e+01	1.063338e+01	1.091546e+01	1.108833e+01	1.113495e+01
	1.103712e+01	1.078686e+01	1.039549e+01	9.889307e+00	9.298460e+00
	8.650580e+00	7.969458e+00	7.274897e+00	6.583224e+00	5.909137e+00
	5.267612e+00	4.673683e+00	4.140218e+00	3.675737e+00	3.284910e+00
	2.966683e+00	2.711676e+00	2.507738e+00	2.344675e+00	2.212693e+00
	2.102720e+00	2.008484e+00	1.926244e+00	1.853886e+00	1.790042e+00
	1.733092e+00	1.681440e+00	1.634061e+00	1.590357e+00	1.549830e+00
	1.512167e+00	1.477389e+00	1.445414e+00	1.415728e+00	1.387741e+00
	1.361094e+00	1.335581e+00	1.311034e+00	1.287280e+00	1.264156e+00
	1.241541e+00	1.219345e+00	1.197467e+00	1.175761e+00	1.154027e+00
	1.131990e+00	1.109265e+00	1.085344e+00	1.059615e+00	1.031401e+00
	1.000198e+00	9.655166e-01	9.265615e-01	8.830648e-01	8.348014e-01
	7.808360e-01	7.200229e-01	6.520273e-01	5.769183e-01	4.968997e-01
	4.181422e-01	3.453277e-01	2.795311e-01	2.210327e-01	1.706493e-01
	1.292534e-01	9.669775e-02	7.178908e-02	5.298092e-02	3.886140e-02
	2.827722e-02	2.031484e-02	1.426514e-02	9.598088e-03	5.933406e-03
	3.006059e-03	6.435701e-04	6.721298e-11	6.653668e-11	6.594389e-11
	6.543183e-11	6.499552e-11	6.462855e-11	6.432382e-11	6.407405e-11
	6.387205e-11	6.371094e-11	6.358431e-11	6.348625e-11	6.341148e-11
	6.335534e-11	6.331384e-11	6.328362e-11	6.326194e-11	6.324660e-11
	6.323589e-11	6.322851e-11	6.322348e-11	6.322008e-11	6.321782e-11
	6.321632e-11
ChiKWFact
	7.056891e-01	7.057211e-01	7.057737e-01	7.058594e-01	7.059963e-01
	7.062093e-01	7.065300e-01	7.069957e-01	7.076469e-01	7.085244e-01
	7.096661e-01	7.111045e-01	7.128654e-01	7.149667e-01	7.174188e-01
	7.202256e-01	7.233853e-01	7.268918e-01	7.307361e-01	7.349074e-01
	7.393942e-01	7.441850e-01	7.492694e-01	7.546388e-01	7.602876e-01
	7.662134e-01	7.724172e-01	7.788991e-01	7.856519e-01	7.926543e-01
	7.998621e-01	8.072091e-01	8.146352e-01	8.221136e-01	8.296487e-01
	8.372600e-01	8.449879e-01	8.529155e-01	8.611669e-01	8.698583e-01
	8.790175e-01	8.885279e-01	8.981698e-01	9.077403e-01	9.171272e-01
	9.262806e-01	9.351739e-01	9.437905e-01	9.521151e-01	9.601148e-01
	9.677195e-01	9.748249e-01	9.813159e-01	9.870942e-01	9.920783e-01
	9.962386e-01	9.996493e-01	1.002431e+00	1.004689e+00	1.006538e+00
	1.008089e+00	1.009422e+00	1.010582e+00	1.011594e+00	1.012473e+00
	1.013236e+00	1.013903e+00	1.014482e+00	1.014975e+00	1.015384e+00
	1.015706e+00	1.015938e+00	1.016079e+00	1.016133e+00	1.016100e+00
	1.015978e+00	1.015763e+00	1.015453e+00	1.015042e+00	1.014527e+00
	1.013903e+00	1.013169e+00	1.012323e+00	1.011363e+00	1.010285e+00
	1.009076e+00	1.007719e+00	1.006181e+00	1.004419e+00	1.002379e+00
	1.000016e+00	9.972796e-01	9.940876e-01	9.903818e-01	9.860838e-01
	9.810105e-01	9.748830e-01	9.673884e-01	9.580964e-01	9.466481e-01
	9.332474e-01	9.182082e-01	9.014542e-01	8.828156e-01	8.624613e-01
	8.411131e-01	8.197459e-01	7.991584e-01	7.798450e-01	7.620952e-01
	7.460550e-01	7.317263e-01	7.189808e-01	7.076129e-01	6.974005e-01
	6.881455e-01	6.797286e-01	6.721298e-01	6.653668e-01	6.594389e-01
	6.543183e-01	6.499552e-01	6.462855e-01	6.432382e-01	6.407405e-01
	6.387205e-01	6.371094e-01	6.358431e-01	6.348625e-01	6.341148e-01
	6.335534e-01	6.331384e-01	6.328362e-01	6.326194e-01	6.324660e-01
	6.323589e-01	6.322851e-01	6.322348e-01	6.322008e-01	6.321782e-01
	6.321632e-01
MolarMass [kg/kmole]
	1.604300e+01	1.604184e+01	1.604054e+01	1.603923e+01	1.603817e+01
	1.603771e+01	1.603835e+01	1.604071e+01	1.604552e+01	1.605355e+01
	1.606559e+01	1.608241e+01	1.610472e+01	1.613320e+01	1.616842e+01
	1.621092e+01	1.626118e+01	1.631966e+01	1.638678e+01	1.646298e+01
	1.654870e+01	1.664441e+01	1.675062e+01	1.686791e+01	1.699696e+01
	1.713857e+01	1.729369e+01	1.746332e+01	1.764830e+01	1.784910e+01
	1.806545e+01	1.829611e+01	1.853969e+01	1.879559e+01	1.906411e+01
	1.934600e+01	1.964280e+01	1.995774e+01	2.029580e+01	2.066160e+01
	2.105522e+01	2.146976e+01	2.189317e+01	2.231454e+01	2.272710e+01
	2.312707e+01	2.351212e+01	2.388070e+01	2.423167e+01	2.456349e+01
	2.487343e+01	2.515779e+01	2.541286e+01	2.563596e+01	2.582527e+01
	2.598100e+01	2.610713e+01	2.620900e+01	2.629118e+01	2.635823e+01
	2.641455e+01	2.646321e+01	2.650610e+01	2.654427e+01	2.657843e+01
	2.660940e+01	2.663803e+01	2.666485e+01	2.669018e+01	2.671427e+01
	2.673727e+01	2.675912e+01	2.677978e+01	2.679951e+01	2.681865e+01
	2.683740e+01	2.685586e+01	2.687412e+01	2.689226e+01	2.691039e+01
	2.692857e+01	2.694683e+01	2.696523e+01	2.698384e+01	2.700281e+01
	2.702235e+01	2.704277e+01	2.706451e+01	2.708810e+01	2.711413e+01
	2.714303e+01	2.717516e+01	2.721118e+01	2.725126e+01	2.729556e+01
	2.734502e+01	2.740096e+01	2.746430e+01	2.753613e+01	2.761618e+01
	2.770041e+01	2.778537e+01	2.787064e+01	2.795629e+01	2.804107e+01
	2.812246e+01	2.819839e+01	2.826807e+01	2.833154e+01	2.838903e+01
	2.844080e+01	2.848722e+01	2.852886e+01	2.856644e+01	2.860068e+01
	2.863221e+01	2.866140e+01	2.868827e+01	2.871270e+01	2.873460e+01
	2.875398e+01	2.877091e+01	2.878553e+01	2.879802e+01	2.880856e+01
	2.881735e+01	2.882460e+01	2.883050e+01	2.883525e+01	2.883902e+01
	2.884198e+01	2.884429e+01	2.884606e+01	2.884741e+01	2.884844e+01
	2.884922e+01	2.884981e+01	2.885026e+01	2.885060e+01	2.885086e+01
	2.885106e+01
TotalEnthalpy [J/kg]
	-4.664239e+06	-4.664023e+06	-4.663649e+06	-4.663008e+06	-4.661947e+06
	-4.660247e+06	-4.657625e+06	-4.653743e+06	-4.648221e+06	-4.640661e+06
	-4.630666e+06	-4.617862e+06	-4.601907e+06	-4.582498e+06	-4.559365e+06
	-4.532269e+06	-4.500999e+06	-4.465355e+06	-4.425149e+06	-4.380197e+06
	-4.330308e+06	-4.275283e+06	-4.214906e+06	-4.148938e+06	-4.077101e+06
	-3.999068e+06	-3.914467e+06	-3.822927e+06	-3.724194e+06	-3.618250e+06
	-3.505506e+06	-3.386858e+06	-3.263281e+06	-3.135331e+06	-3.003129e+06
	-2.866591e+06	-2.725320e+06	-2.578210e+06	-2.423517e+06	-2.259911e+06
	-2.088278e+06	-1.912709e+06	-1.739032e+06	-1.571997e+06	-1.414238e+06
	-1.266926e+06	-1.130530e+06	-1.005124e+06	-8.905698e+05	-7.867966e+05
	-6.939997e+05	-6.125193e+05	-5.425307e+05	-4.838259e+05	-4.359465e+05
	-3.979821e+05	-3.682796e+05	-3.450861e+05	-3.270268e+05	-3.128699e+05
	-3.015453e+05	-2.923494e+05	-2.848827e+05	-2.789197e+05	-2.742963e+05
	-2.708260e+05	-2.683414e+05	-2.667263e+05	-2.658872e+05	-2.657316e+05
	-2.661653e+05	-2.670789e+05	-2.683514e+05	-2.698853e+05	-2.716101e+05
	-2.734598e+05	-2.753667e+05	-2.772643e+05	-2.790907e+05	-2.807858e+05
	-2.822887e+05	-2.835395e+05	-2.844833e+05	-2.850702e+05	-2.852521e+05
	-2.849745e+05	-2.841647e+05	-2.827146e+05	-2.804625e+05	-2.771803e+05
	-2.726008e+05	-2.664158e+05	-2.582145e+05	-2.476651e+05	-2.344820e+05
	-2.182268e+05	-1.984430e+05	-1.751089e+05	-1.486971e+05	-1.209316e+05
	-9.523992e+04	-7.416900e+04	-5.849082e+04	-4.826376e+04	-4.308969e+04
	-4.183721e+04	-4.279600e+04	-4.435149e+04	-4.532934e+04	-4.530169e+04
	-4.427915e+04	-4.246137e+04	-4.007612e+04	-3.730584e+04	-3.427430e+04
	-3.105964e+04	-2.772787e+04	-2.436425e+04	-2.106546e+04	-1.791703e+04
	-1.498380e+04	-1.230841e+04	-9.913422e+03	-7.805259e+03	-5.978318e+03
	-4.418358e+03	-3.105317e+03	-2.015557e+03	-1.123650e+03	-4.037612e+02
	1.692773e+02	6.191646e+02	9.675694e+02	1.233778e+03	1.434525e+03
	1.583991e+03	1.693916e+03	1.773810e+03	1.831215e+03	1.871972e+03
	1.900584e+03
trailer
Lewis numbers evaluated at maximum consumption
N2	-1
O2	1.01007
@ Z = 0.0491918
H	0.171246
@ Z = 0.0620623
OH	0.673865
@ Z = 0.0572939
O	0.659493
@ Z = 0.0527457
H2	0.280347
@ Z = 0.0448854
H2O	-1
HO2	1.00698
@ Z = 0.00476254
H2O2	0.994495
@ Z = 0.0226489
CO	1.01365
@ Z = 0.0410992
CO2	1.29552
@ Z = 0.0620623
CH	0.61263
@ Z = 0.0468216
CHO	1.15801
@ Z = 0.0448854
CH2	0.887539
@ Z = 0.0491918
CH2O	1.16896
@ Z = 0.0459006
CH3	0.924028
@ Z = 0.0506215
CH4	0.931346
@ Z = 0.0609761
C2H6	1.34945
@ Z = 0.0609761
C2H	1.19558
@ Z = 0.0484473
C2H2	1.21208
@ Z = 0.0520334
CHCO	0.813789
@ Z = 0.0513266
C3H3	1.64284
@ Z = 0.0513266
C2H3	1.22318
@ Z = 0.0513266
C2H4	1.22678
@ Z = 0.0572939
C2H5	1.33599
@ Z = 0.0541962
C3H4	1.60184
@ Z = 0.0491918
C3H5	1.6572
@ Z = 0.0672076
C3H6	1.72242
@ Z = 0.0557007
N-C3H7	1.72839
@ Z = 0.0534659
I-C3H7	1.73043
@ Z = 0.0557007
C3H8	1.71365
@ Z = 0.00784546
Lewis numbers evaluated at maximum formation
N2	-1
O2	1.0141
@ Z = 0.00784546
H	0.169125
@ Z = 0.0484473
OH	0.66589
@ Z = 0.0448854
O	0.650224
@ Z = 0.0410992
H2	0.283375
@ Z = 0.0609761
H2O	0.750844
@ Z = 0.0513266
HO2	0.992254
@ Z = 0.00927415
H2O2	0.993194
@ Z = 0.0150698
CO	1.02738
@ Z = 0.0527457
CO2	1.28034
@ Z = 0.0448854
CH	0.617416
@ Z = 0.0541962
CHO	1.16611
@ Z = 0.0513266
CH2	0.893202
@ Z = 0.0572939
CH2O	1.17763
@ Z = 0.0534659
CH3	0.927895
@ Z = 0.0620623
CH4	0.69899
@ Z = 0.51199
C2H6	1.33902
@ Z = 0.0835891
C2H	1.20328
@ Z = 0.056484
C2H2	1.21465
@ Z = 0.0657772
CHCO	0.817459
@ Z = 0.0620623
C3H3	1.64896
@ Z = 0.05902
C2H3	1.22827
@ Z = 0.0609761
C2H4	1.22392
@ Z = 0.0724644
C2H5	1.33807
@ Z = 0.0644527
C3H4	1.61065
@ Z = 0.0572939
C3H5	1.65718
@ Z = 0.0549397
C3H6	1.72314
@ Z = 0.0644527
N-C3H7	1.73199
@ Z = 0.0609761
I-C3H7	1.70568
@ Z = 0.00784546
C3H8	-1
Lewis numbers evaluated at maximum mass fraction
N2	0.921289
@ Z = 5.57714e-07
O2	1.05236
@ Z = 5.57714e-07
H	0.168192
@ Z = 0.0448854
OH	0.661315
@ Z = 0.0395417
O	0.644404
@ Z = 0.0335588
H2	0.281795
@ Z = 0.0932267
H2O	0.754837
@ Z = 0.0632186
HO2	0.989352
@ Z = 0.0109476
H2O2	0.993194
@ Z = 0.0150698
CO	1.03026
@ Z = 0.0644527
CO2	1.29047
@ Z = 0.0513266
CH	0.617416
@ Z = 0.0541962
CHO	1.16681
@ Z = 0.0520334
CH2	0.893452
@ Z = 0.058136
CH2O	1.1791
@ Z = 0.0557007
CH3	0.927451
@ Z = 0.0657772
CH4	1.03269
@ Z = 0.999962
C2H6	1.29525
@ Z = 0.202009
C2H	1.20362
@ Z = 0.0572939
C2H2	1.19046
@ Z = 0.118577
CHCO	0.812637
@ Z = 0.0801036
C3H3	1.64911
@ Z = 0.0609761
C2H3	1.2281
@ Z = 0.0632186
C2H4	1.20684
@ Z = 0.108257
C2H5	1.33717
@ Z = 0.0672076
C3H4	1.61096
@ Z = 0.058136
C3H5	1.65776
@ Z = 0.0557007
C3H6	1.61219
@ Z = 0.47808
N-C3H7	1.65069
@ Z = 0.68972
I-C3H7	1.80123
@ Z = 0.994718
C3H8	1.79243
@ Z = 0.97613
