header

title = "planar counterflow diffusion flame"
author = ""
date = "Wed Aug 14 10:56:16 2013"

fuel = "CH4"
pressure = 1 [bar]
strainrate = 450 [1/s]
chiStoichAnal = 11.0796 [1/s]
chiStoichAnalKW = 17.1822 [1/s]
FlameLocZ = 0.0581412 [K]
FlameLocBilger = 0.0681031 [K]
Tmax = 1896.28 [K]
stoichScalarDissRate = 18.7125 [1/s]
stoichScalarDissRateBilger = 14.1054 [1/s]

OxidizerSide
begin
	Temperature = 300 [K]
	Massfraction-N2 = 0.76708
	Massfraction-O2 = 0.23292
	Molefraction-N2 = 0.79
	Molefraction-O2 = 0.21
end

FuelSide
begin
	Temperature = 300 [K]
	Massfraction-CH4 = 1
	Molefraction-CH4 = 1
end

numOfSpecies = 31
gridPoints = 141

body
eta
	0.000000e+00	1.410514e-01	2.790958e-01	4.108085e-01	5.340146e-01
	6.481810e-01	7.535011e-01	8.504131e-01	9.395290e-01	1.021557e+00
	1.097238e+00	1.167299e+00	1.232425e+00	1.293241e+00	1.350313e+00
	1.404142e+00	1.455173e+00	1.503802e+00	1.550381e+00	1.595226e+00
	1.638624e+00	1.680839e+00	1.722122e+00	1.762711e+00	1.802843e+00
	1.842730e+00	1.882524e+00	1.922301e+00	1.962088e+00	2.001924e+00
	2.041893e+00	2.082055e+00	2.122378e+00	2.162771e+00	2.203171e+00
	2.243589e+00	2.284116e+00	2.324979e+00	2.366651e+00	2.409708e+00
	2.454332e+00	2.499884e+00	2.545182e+00	2.589271e+00	2.631765e+00
	2.672634e+00	2.711933e+00	2.749717e+00	2.786029e+00	2.820895e+00
	2.854330e+00	2.886330e+00	2.916852e+00	2.945811e+00	2.973072e+00
	2.998452e+00	3.021733e+00	3.042747e+00	3.061473e+00	3.078060e+00
	3.092776e+00	3.105935e+00	3.117845e+00	3.128757e+00	3.138841e+00
	3.148199e+00	3.156916e+00	3.165081e+00	3.172798e+00	3.180159e+00
	3.187228e+00	3.194039e+00	3.200603e+00	3.206916e+00	3.212969e+00
	3.218760e+00	3.224305e+00	3.229649e+00	3.234857e+00	3.239987e+00
	3.245072e+00	3.250125e+00	3.255152e+00	3.260166e+00	3.265178e+00
	3.270207e+00	3.275282e+00	3.280434e+00	3.285688e+00	3.291068e+00
	3.296615e+00	3.302390e+00	3.308481e+00	3.314991e+00	3.322057e+00
	3.329851e+00	3.338592e+00	3.348560e+00	3.360134e+00	3.373932e+00
	3.390774e+00	3.411460e+00	3.436560e+00	3.466125e+00	3.499720e+00
	3.537069e+00	3.578529e+00	3.624734e+00	3.675933e+00	3.731643e+00
	3.790683e+00	3.851765e+00	3.914197e+00	3.977832e+00	4.042480e+00
	4.107658e+00	4.172919e+00	4.238262e+00	4.304186e+00	4.371622e+00
	4.441715e+00	4.515446e+00	4.593423e+00	4.675941e+00	4.763097e+00
	4.854913e+00	4.951417e+00	5.052672e+00	5.158766e+00	5.269785e+00
	5.385787e+00	5.506767e+00	5.632634e+00	5.763196e+00	5.898147e+00
	6.037081e+00	6.179519e+00	6.324951e+00	6.472782e+00	6.621931e+00
	6.771246e+00
y [m]
	-1.945872e-03	-1.897873e-03	-1.850879e-03	-1.806012e-03	-1.764001e-03
	-1.725008e-03	-1.688949e-03	-1.655652e-03	-1.624884e-03	-1.596383e-03
	-1.569873e-03	-1.545084e-03	-1.521766e-03	-1.499685e-03	-1.478633e-03
	-1.458422e-03	-1.438883e-03	-1.419863e-03	-1.401223e-03	-1.382833e-03
	-1.364573e-03	-1.346322e-03	-1.327962e-03	-1.309370e-03	-1.290417e-03
	-1.270973e-03	-1.250929e-03	-1.230208e-03	-1.208756e-03	-1.186510e-03
	-1.163382e-03	-1.139292e-03	-1.114216e-03	-1.088172e-03	-1.061173e-03
	-1.033186e-03	-1.004122e-03	-9.737831e-04	-9.417571e-04	-9.074950e-04
	-8.707100e-04	-8.317999e-04	-7.917216e-04	-7.513696e-04	-7.112095e-04
	-6.714054e-04	-6.320339e-04	-5.931660e-04	-5.548803e-04	-5.172635e-04
	-4.804111e-04	-4.444367e-04	-4.094908e-04	-3.757766e-04	-3.435541e-04
	-3.131444e-04	-2.849126e-04	-2.591619e-04	-2.360093e-04	-2.153458e-04
	-1.968955e-04	-1.803085e-04	-1.652280e-04	-1.513562e-04	-1.384940e-04
	-1.265210e-04	-1.153423e-04	-1.048472e-04	-9.491050e-05	-8.541801e-05
	-7.629014e-05	-6.748710e-05	-5.899826e-05	-5.082974e-05	-4.299565e-05
	-3.550252e-05	-2.832977e-05	-2.142034e-05	-1.469310e-05	-8.074228e-06
	-1.522115e-06	4.976960e-06	1.143120e-05	1.785318e-05	2.425696e-05
	3.066345e-05	3.710667e-05	4.362404e-05	5.024362e-05	5.699165e-05
	6.391304e-05	7.108107e-05	7.859304e-05	8.656859e-05	9.515720e-05
	1.045467e-04	1.149714e-04	1.267173e-04	1.401649e-04	1.559271e-04
	1.747704e-04	1.973235e-04	2.238253e-04	2.538440e-04	2.864138e-04
	3.207386e-04	3.565767e-04	3.938057e-04	4.318720e-04	4.697223e-04
	5.061032e-04	5.401002e-04	5.714682e-04	6.003875e-04	6.270664e-04
	6.516299e-04	6.742503e-04	6.952391e-04	7.150059e-04	7.340032e-04
	7.526576e-04	7.712868e-04	7.900788e-04	8.091362e-04	8.285209e-04
	8.482844e-04	8.684869e-04	8.891971e-04	9.104887e-04	9.324325e-04
	9.550893e-04	9.785030e-04	1.002696e-03	1.027665e-03	1.053380e-03
	1.079788e-03	1.106814e-03	1.134377e-03	1.162373e-03	1.190604e-03
	1.218859e-03
f
	-3.529260e+00	-3.340096e+00	-3.154945e+00	-2.978251e+00	-2.812910e+00
	-2.659613e+00	-2.518071e+00	-2.387663e+00	-2.267534e+00	-2.156701e+00
	-2.054135e+00	-1.958830e+00	-1.869840e+00	-1.786295e+00	-1.707411e+00
	-1.632488e+00	-1.560901e+00	-1.492089e+00	-1.425550e+00	-1.360823e+00
	-1.297484e+00	-1.235131e+00	-1.173374e+00	-1.111827e+00	-1.050097e+00
	-9.878089e-01	-9.246711e-01	-8.605035e-01	-7.952068e-01	-7.286596e-01
	-6.606675e-01	-5.910764e-01	-5.198947e-01	-4.472556e-01	-3.732648e-01
	-2.979018e-01	-2.210107e-01	-1.421636e-01	-6.043318e-02	2.536226e-02
	1.156385e-01	2.090927e-01	3.031871e-01	3.957351e-01	4.857021e-01
	5.728067e-01	6.569837e-01	7.381903e-01	8.163786e-01	8.914933e-01
	9.634739e-01	1.032236e+00	1.097637e+00	1.159459e+00	1.217399e+00
	1.271075e+00	1.320053e+00	1.364027e+00	1.403007e+00	1.437360e+00
	1.467693e+00	1.494694e+00	1.519025e+00	1.541225e+00	1.561659e+00
	1.580551e+00	1.598082e+00	1.614447e+00	1.629859e+00	1.644511e+00
	1.658536e+00	1.672005e+00	1.684943e+00	1.697348e+00	1.709206e+00
	1.720516e+00	1.731315e+00	1.741693e+00	1.751779e+00	1.761685e+00
	1.771477e+00	1.781179e+00	1.790805e+00	1.800377e+00	1.809919e+00
	1.819465e+00	1.829069e+00	1.838788e+00	1.848669e+00	1.858754e+00
	1.869115e+00	1.879865e+00	1.891158e+00	1.903180e+00	1.916169e+00
	1.930423e+00	1.946320e+00	1.964329e+00	1.985078e+00	2.009585e+00
	2.039157e+00	2.074964e+00	2.117661e+00	2.166920e+00	2.221589e+00
	2.280799e+00	2.344667e+00	2.413656e+00	2.487580e+00	2.565265e+00
	2.644786e+00	2.724359e+00	2.803189e+00	2.881251e+00	2.958493e+00
	3.034543e+00	3.109111e+00	3.182403e+00	3.255148e+00	3.328486e+00
	3.403724e+00	3.481945e+00	3.563810e+00	3.649647e+00	3.739589e+00
	3.833698e+00	3.932056e+00	4.034780e+00	4.142012e+00	4.253898e+00
	4.370542e+00	4.491988e+00	4.618183e+00	4.748969e+00	4.884068e+00
	5.023095e+00	5.165590e+00	5.311054e+00	5.458901e+00	5.608056e+00
	5.757371e+00
df/deta
	1.341029e+00	1.341099e+00	1.341243e+00	1.341515e+00	1.341985e+00
	1.342750e+00	1.343923e+00	1.345631e+00	1.348006e+00	1.351171e+00
	1.355239e+00	1.360303e+00	1.366444e+00	1.373723e+00	1.382188e+00
	1.391875e+00	1.402812e+00	1.415023e+00	1.428528e+00	1.443347e+00
	1.459504e+00	1.477027e+00	1.495951e+00	1.516320e+00	1.538190e+00
	1.561618e+00	1.586624e+00	1.613174e+00	1.641177e+00	1.670521e+00
	1.701102e+00	1.732772e+00	1.765282e+00	1.798298e+00	1.831488e+00
	1.864564e+00	1.897291e+00	1.929530e+00	1.961297e+00	1.992594e+00
	2.023028e+00	2.051623e+00	2.077230e+00	2.099126e+00	2.117130e+00
	2.131348e+00	2.141966e+00	2.149193e+00	2.153253e+00	2.154382e+00
	2.152829e+00	2.148854e+00	2.142738e+00	2.134794e+00	2.125376e+00
	2.114895e+00	2.103812e+00	2.092590e+00	2.081610e+00	2.071111e+00
	2.061187e+00	2.051826e+00	2.042961e+00	2.034509e+00	2.026422e+00
	2.018677e+00	2.011260e+00	2.004134e+00	1.997242e+00	1.990527e+00
	1.983950e+00	1.977496e+00	1.971169e+00	1.964985e+00	1.958966e+00
	1.953128e+00	1.947465e+00	1.941941e+00	1.936498e+00	1.931080e+00
	1.925655e+00	1.920212e+00	1.914747e+00	1.909248e+00	1.903705e+00
	1.898099e+00	1.892400e+00	1.886572e+00	1.880587e+00	1.874418e+00
	1.868018e+00	1.861314e+00	1.854205e+00	1.846563e+00	1.838226e+00
	1.828985e+00	1.818572e+00	1.806649e+00	1.792757e+00	1.776156e+00
	1.755876e+00	1.731014e+00	1.701030e+00	1.666141e+00	1.627277e+00
	1.585302e+00	1.540503e+00	1.493079e+00	1.443862e+00	1.394466e+00
	1.346891e+00	1.302733e+00	1.262661e+00	1.226710e+00	1.194792e+00
	1.166829e+00	1.142593e+00	1.121647e+00	1.103462e+00	1.087522e+00
	1.073417e+00	1.060899e+00	1.049853e+00	1.040223e+00	1.031958e+00
	1.024985e+00	1.019205e+00	1.014501e+00	1.010743e+00	1.007799e+00
	1.005541e+00	1.003846e+00	1.002604e+00	1.001716e+00	1.001097e+00
	1.000676e+00	1.000397e+00	1.000218e+00	1.000106e+00	1.000039e+00
	1.000000e+00
Z
	1.000000e+00	9.999480e-01	9.998430e-01	9.996458e-01	9.993017e-01
	9.987404e-01	9.978785e-01	9.966254e-01	9.948904e-01	9.925876e-01
	9.896402e-01	9.859814e-01	9.815546e-01	9.763123e-01	9.702136e-01
	9.632222e-01	9.553046e-01	9.464276e-01	9.365570e-01	9.256553e-01
	9.136803e-01	9.005832e-01	8.863062e-01	8.707803e-01	8.539235e-01
	8.356487e-01	8.158882e-01	7.946149e-01	7.718441e-01	7.476034e-01
	7.219133e-01	6.948286e-01	6.664905e-01	6.371163e-01	6.069347e-01
	5.761377e-01	5.448712e-01	5.131806e-01	4.809332e-01	4.479435e-01
	4.143781e-01	3.810389e-01	3.490414e-01	3.191846e-01	2.917389e-01
	2.666666e-01	2.438381e-01	2.231069e-01	2.043245e-01	1.873452e-01
	1.720281e-01	1.582433e-01	1.458776e-01	1.348368e-01	1.250434e-01
	1.164355e-01	1.089601e-01	1.025486e-01	9.709725e-02	9.246962e-02
	8.851842e-02	8.510571e-02	8.211319e-02	7.944993e-02	7.705448e-02
	7.488662e-02	7.291485e-02	7.110833e-02	6.943663e-02	6.787390e-02
	6.640187e-02	6.500997e-02	6.369284e-02	6.244807e-02	6.127457e-02
	6.017028e-02	5.912936e-02	5.814122e-02	5.719252e-02	5.627164e-02
	5.537198e-02	5.449102e-02	5.362707e-02	5.277797e-02	5.194143e-02
	5.111441e-02	5.029232e-02	4.947036e-02	4.864512e-02	4.781355e-02
	4.697051e-02	4.610772e-02	4.521447e-02	4.427808e-02	4.328319e-02
	4.221120e-02	4.103985e-02	3.974337e-02	3.828895e-02	3.662428e-02
	3.469028e-02	3.245470e-02	2.993631e-02	2.722300e-02	2.444308e-02
	2.169396e-02	1.901645e-02	1.643780e-02	1.400859e-02	1.179558e-02
	9.855458e-03	8.207237e-03	6.827819e-03	5.676910e-03	4.718901e-03
	3.925847e-03	3.271686e-03	2.730235e-03	2.277601e-03	1.893971e-03
	1.564634e-03	1.280285e-03	1.035573e-03	8.269773e-04	6.514778e-04
	5.059583e-04	3.870911e-04	2.914752e-04	2.157824e-04	1.568691e-04
	1.118424e-04	7.809408e-05	5.331910e-05	3.552388e-05	2.302661e-05
	1.444748e-05	8.688908e-06	4.906473e-06	2.473749e-06	9.435696e-07
	0.000000e+00
temperature [K]
	3.000000e+02	3.000557e+02	3.001680e+02	3.003789e+02	3.007466e+02
	3.013459e+02	3.022652e+02	3.035996e+02	3.054439e+02	3.078863e+02
	3.110045e+02	3.148640e+02	3.195184e+02	3.250113e+02	3.313783e+02
	3.386504e+02	3.468563e+02	3.560253e+02	3.661899e+02	3.773882e+02
	3.896664e+02	4.030815e+02	4.177050e+02	4.336259e+02	4.509552e+02
	4.698185e+02	4.903343e+02	5.125937e+02	5.366593e+02	5.625973e+02
	5.905006e+02	6.204463e+02	6.524360e+02	6.864003e+02	7.222645e+02
	7.600062e+02	7.996738e+02	8.414733e+02	8.859151e+02	9.337162e+02
	9.852374e+02	1.039855e+03	1.096073e+03	1.152415e+03	1.208029e+03
	1.262512e+03	1.315612e+03	1.367107e+03	1.416790e+03	1.464467e+03
	1.509960e+03	1.553093e+03	1.593679e+03	1.631503e+03	1.666333e+03
	1.697926e+03	1.726060e+03	1.750636e+03	1.771777e+03	1.789822e+03
	1.805226e+03	1.818459e+03	1.829945e+03	1.840013e+03	1.848887e+03
	1.856711e+03	1.863597e+03	1.869657e+03	1.874992e+03	1.879681e+03
	1.883769e+03	1.887275e+03	1.890201e+03	1.892544e+03	1.894307e+03
	1.895502e+03	1.896151e+03	1.896275e+03	1.895886e+03	1.894973e+03
	1.893519e+03	1.891502e+03	1.888904e+03	1.885708e+03	1.881895e+03
	1.877444e+03	1.872320e+03	1.866481e+03	1.859888e+03	1.852502e+03
	1.844264e+03	1.835071e+03	1.824777e+03	1.813182e+03	1.800029e+03
	1.784975e+03	1.767584e+03	1.747309e+03	1.723413e+03	1.694691e+03
	1.659551e+03	1.616499e+03	1.564553e+03	1.503824e+03	1.435444e+03
	1.360349e+03	1.278506e+03	1.189875e+03	1.095918e+03	1.000091e+03
	9.070275e+02	8.206823e+02	7.430659e+02	6.746692e+02	6.154024e+02
	5.649021e+02	5.223729e+02	4.866328e+02	4.564106e+02	4.305638e+02
	4.082118e+02	3.887945e+02	3.719967e+02	3.576145e+02	3.454687e+02
	3.353658e+02	3.270913e+02	3.204208e+02	3.151308e+02	3.110074e+02
	3.078523e+02	3.054853e+02	3.037465e+02	3.024968e+02	3.016187e+02
	3.010158e+02	3.006110e+02	3.003451e+02	3.001740e+02	3.000664e+02
	3.000000e+02
massfraction-N2
	1.000000e-60	4.239874e-05	1.282311e-04	2.900335e-04	5.731555e-04
	1.036422e-03	1.749973e-03	2.790101e-03	4.233769e-03	6.153693e-03
	8.614972e-03	1.167339e-02	1.537529e-02	1.975838e-02	2.485328e-02
	3.068517e-02	3.727559e-02	4.464409e-02	5.280977e-02	6.179276e-02
	7.161561e-02	8.230486e-02	9.389265e-02	1.064186e-01	1.199313e-01
	1.344810e-01	1.501010e-01	1.667917e-01	1.845207e-01	2.032474e-01
	2.229389e-01	2.435389e-01	2.649297e-01	2.869426e-01	3.094083e-01
	3.321917e-01	3.551979e-01	3.784108e-01	4.019484e-01	4.259735e-01
	4.503928e-01	4.746659e-01	4.980143e-01	5.198750e-01	5.400579e-01
	5.585902e-01	5.755610e-01	5.910685e-01	6.052109e-01	6.180837e-01
	6.297786e-01	6.403798e-01	6.499598e-01	6.585771e-01	6.662781e-01
	6.730978e-01	6.790643e-01	6.842187e-01	6.886318e-01	6.924026e-01
	6.956415e-01	6.984541e-01	7.009321e-01	7.031464e-01	7.051446e-01
	7.069573e-01	7.086088e-01	7.101230e-01	7.115242e-01	7.128329e-01
	7.140637e-01	7.152249e-01	7.163205e-01	7.173525e-01	7.183217e-01
	7.192302e-01	7.200831e-01	7.208896e-01	7.216607e-01	7.224063e-01
	7.231320e-01	7.238400e-01	7.245319e-01	7.252096e-01	7.258750e-01
	7.265307e-01	7.271803e-01	7.278275e-01	7.284747e-01	7.291240e-01
	7.297790e-01	7.304454e-01	7.311309e-01	7.318439e-01	7.325947e-01
	7.333956e-01	7.342608e-01	7.352066e-01	7.362537e-01	7.374360e-01
	7.387913e-01	7.403379e-01	7.420588e-01	7.438903e-01	7.457445e-01
	7.475604e-01	7.493229e-01	7.510337e-01	7.526841e-01	7.542498e-01
	7.556987e-01	7.570100e-01	7.581857e-01	7.592403e-01	7.601853e-01
	7.610265e-01	7.617709e-01	7.624296e-01	7.630164e-01	7.635448e-01
	7.640260e-01	7.644661e-01	7.648669e-01	7.652283e-01	7.655499e-01
	7.658318e-01	7.660753e-01	7.662827e-01	7.664566e-01	7.666003e-01
	7.667171e-01	7.668104e-01	7.668837e-01	7.669402e-01	7.669829e-01
	7.670146e-01	7.670377e-01	7.670542e-01	7.670659e-01	7.670740e-01
	7.670796e-01
massfraction-O2
	1.000000e-60	1.004058e-06	3.029364e-06	6.833977e-06	1.346901e-05
	2.429074e-05	4.090657e-05	6.505156e-05	9.845833e-05	1.427408e-04
	1.993147e-04	2.693564e-04	3.537991e-04	4.533515e-04	5.685310e-04
	6.997028e-04	8.471194e-04	1.010957e-03	1.191352e-03	1.388426e-03
	1.602322e-03	1.833230e-03	2.081418e-03	2.347266e-03	2.631288e-03
	2.933969e-03	3.255384e-03	3.594891e-03	3.951183e-03	4.322815e-03
	4.708548e-03	5.106741e-03	5.514687e-03	5.928900e-03	6.346106e-03
	6.763899e-03	7.180796e-03	7.596882e-03	8.014730e-03	8.437768e-03
	8.865077e-03	9.288269e-03	9.695097e-03	1.007706e-02	1.043189e-02
	1.076081e-02	1.106592e-02	1.134933e-02	1.161306e-02	1.185911e-02
	1.208943e-02	1.230597e-02	1.251063e-02	1.270514e-02	1.289111e-02
	1.306987e-02	1.324226e-02	1.340893e-02	1.357079e-02	1.372935e-02
	1.388680e-02	1.404588e-02	1.420976e-02	1.438172e-02	1.456458e-02
	1.476045e-02	1.497121e-02	1.519916e-02	1.544748e-02	1.571998e-02
	1.602039e-02	1.635174e-02	1.671603e-02	1.711410e-02	1.754550e-02
	1.800912e-02	1.850480e-02	1.903508e-02	1.960566e-02	2.022364e-02
	2.089485e-02	2.162309e-02	2.241170e-02	2.326462e-02	2.418617e-02
	2.518199e-02	2.626055e-02	2.743210e-02	2.870643e-02	3.009380e-02
	3.160941e-02	3.327683e-02	3.512876e-02	3.720810e-02	3.957130e-02
	4.229253e-02	4.546790e-02	4.921877e-02	5.370679e-02	5.918391e-02
	6.596878e-02	7.432805e-02	8.434857e-02	9.579631e-02	1.081635e-01
	1.209681e-01	1.339231e-01	1.467777e-01	1.591508e-01	1.705859e-01
	1.807133e-01	1.893905e-01	1.967058e-01	2.028437e-01	2.079719e-01
	2.122248e-01	2.157336e-01	2.186351e-01	2.210561e-01	2.231029e-01
	2.248544e-01	2.263606e-01	2.276507e-01	2.287442e-01	2.296579e-01
	2.304098e-01	2.310185e-01	2.315034e-01	2.318831e-01	2.321751e-01
	2.323955e-01	2.325585e-01	2.326765e-01	2.327599e-01	2.328177e-01
	2.328567e-01	2.328825e-01	2.328992e-01	2.329098e-01	2.329164e-01
	2.329204e-01
massfraction-H
	1.000000e-60	9.038903e-17	1.981019e-16	3.224033e-16	4.633783e-16
	6.246991e-16	8.154724e-16	1.052480e-15	1.363594e-15	1.792915e-15
	2.409284e-15	3.320654e-15	4.698333e-15	6.817589e-15	1.012571e-14
	1.535638e-14	2.372313e-14	3.724808e-14	5.932440e-14	9.568423e-14
	1.560746e-13	2.571773e-13	4.277302e-13	7.175660e-13	1.213640e-12
	2.067993e-12	3.544693e-12	6.095504e-12	1.047800e-11	1.793950e-11
	3.049430e-11	5.128417e-11	8.495837e-11	1.380283e-10	2.192841e-10
	3.404975e-10	5.178034e-10	7.750443e-10	1.151530e-09	1.715544e-09
	2.580262e-09	3.914258e-09	5.946353e-09	8.984183e-09	1.346590e-08
	2.003566e-08	2.963632e-08	4.363785e-08	6.402692e-08	9.368520e-08
	1.367968e-07	1.994241e-07	2.902836e-07	4.217314e-07	6.109180e-07
	8.807715e-07	1.260020e-06	1.782031e-06	2.482830e-06	3.399034e-06
	4.566486e-06	6.020211e-06	7.796110e-06	9.928603e-06	1.244106e-05
	1.533772e-05	1.860725e-05	2.223582e-05	2.621629e-05	3.054450e-05
	3.520725e-05	4.017201e-05	4.538510e-05	5.077533e-05	5.625985e-05
	6.175840e-05	6.721350e-05	7.260330e-05	7.793412e-05	8.321320e-05
	8.842472e-05	9.353123e-05	9.849173e-05	1.032700e-04	1.078326e-04
	1.121525e-04	1.162114e-04	1.199913e-04	1.234664e-04	1.266091e-04
	1.293986e-04	1.318179e-04	1.338440e-04	1.354393e-04	1.365457e-04
	1.370760e-04	1.369029e-04	1.358476e-04	1.336613e-04	1.299700e-04
	1.242526e-04	1.159770e-04	1.048785e-04	9.131297e-05	7.628063e-05
	6.092501e-05	4.615564e-05	3.276115e-05	2.150712e-05	1.293407e-05
	7.111881e-06	3.596421e-06	1.684473e-06	7.344621e-07	3.002504e-07
	1.166409e-07	4.390772e-08	1.641846e-08	6.300074e-09	2.578392e-09
	1.161171e-09	5.779031e-10	3.104254e-10	1.745295e-10	1.004762e-10
	5.850638e-11	3.421238e-11	1.998651e-11	1.160963e-11	6.674249e-12
	3.779373e-12	2.097448e-12	1.134502e-12	5.941094e-13	2.985471e-13
	1.420509e-13	6.256822e-14	2.443506e-14	7.687468e-15	1.476871e-15
	1.000000e-60
massfraction-OH
	1.000000e-60	1.594717e-20	1.003621e-19	4.196875e-19	1.427381e-18
	4.248965e-18	1.144868e-17	2.844080e-17	6.598077e-17	1.444578e-16
	3.012101e-16	6.028881e-16	1.166195e-15	2.192395e-15	4.024262e-15
	7.239368e-15	1.280181e-14	2.230754e-14	3.837905e-14	6.529835e-14
	1.100205e-13	1.837990e-13	3.048027e-13	5.023606e-13	8.239003e-13
	1.346064e-12	2.191760e-12	3.555743e-12	5.743571e-12	9.235361e-12
	1.479181e-11	2.361639e-11	3.759525e-11	5.968227e-11	9.458307e-11
	1.500041e-10	2.389577e-10	3.844794e-10	6.301949e-10	1.062932e-09
	1.854636e-09	3.327224e-09	6.044781e-09	1.096105e-08	1.968385e-08
	3.490499e-08	6.104370e-08	1.052112e-07	1.786709e-07	2.990322e-07
	4.935249e-07	8.037662e-07	1.292408e-06	2.051861e-06	3.214857e-06
	4.964657e-06	7.539929e-06	1.123451e-05	1.639773e-05	2.343927e-05
	3.283648e-05	4.514333e-05	6.100805e-05	8.115394e-05	1.062791e-04
	1.369390e-04	1.735285e-04	2.163928e-04	2.659383e-04	3.226112e-04
	3.867499e-04	4.584150e-04	5.373083e-04	6.227674e-04	7.138046e-04
	8.093109e-04	9.084276e-04	1.010872e-03	1.116925e-03	1.226986e-03
	1.341051e-03	1.458635e-03	1.579086e-03	1.701756e-03	1.825948e-03
	1.951009e-03	2.076450e-03	2.201712e-03	2.325884e-03	2.447824e-03
	2.566494e-03	2.680986e-03	2.790213e-03	2.892598e-03	2.985817e-03
	3.066438e-03	3.129450e-03	3.167766e-03	3.171865e-03	3.128774e-03
	3.021079e-03	2.831220e-03	2.551271e-03	2.194146e-03	1.794317e-03
	1.392440e-03	1.022399e-03	7.106218e-04	4.731208e-04	3.080879e-04
	1.988495e-04	1.268831e-04	7.970616e-05	4.976154e-05	3.159357e-05
	2.087909e-05	1.450869e-05	1.055816e-05	7.960090e-06	6.146312e-06
	4.814009e-06	3.799177e-06	3.008835e-06	2.385470e-06	1.890201e-06
	1.494874e-06	1.178248e-06	9.240721e-07	7.198345e-07	5.558548e-07
	4.245822e-07	3.200437e-07	2.374272e-07	1.727757e-07	1.227757e-07
	8.461680e-08	5.590510e-08	3.461343e-08	1.905863e-08	7.890251e-09
	1.000000e-60
massfraction-O
	1.000000e-60	2.967438e-20	7.926006e-20	1.555586e-19	2.640693e-19
	4.108243e-19	6.062960e-19	8.710709e-19	1.243689e-18	1.792069e-18
	2.632708e-18	3.964918e-18	6.132648e-18	9.736088e-18	1.583362e-17
	2.630839e-17	4.453585e-17	7.660277e-17	1.335371e-16	2.353902e-16
	4.187057e-16	7.501651e-16	1.351439e-15	2.444242e-15	4.431359e-15
	8.038404e-15	1.454889e-14	2.617043e-14	4.657729e-14	8.172264e-14
	1.411024e-13	2.397289e-13	4.014891e-13	6.658765e-13	1.102328e-12
	1.839147e-12	3.118852e-12	5.409011e-12	9.646387e-12	1.777644e-11
	3.380863e-11	6.551271e-11	1.267812e-10	2.412354e-10	4.487736e-10
	8.168745e-10	1.458776e-09	2.562695e-09	4.439099e-09	7.596907e-09
	1.286577e-08	2.158837e-08	3.591264e-08	5.921424e-08	9.666934e-08
	1.559181e-07	2.475941e-07	3.855472e-07	5.868095e-07	8.716026e-07
	1.263806e-06	1.792301e-06	2.493638e-06	3.414035e-06	4.608325e-06
	6.137803e-06	8.071978e-06	1.049688e-05	1.352581e-05	1.730556e-05
	2.201460e-05	2.785499e-05	3.504222e-05	4.379255e-05	5.430618e-05
	6.676541e-05	8.136914e-05	9.839756e-05	1.182595e-04	1.414592e-04
	1.684955e-04	1.997959e-04	2.357428e-04	2.766982e-04	3.229767e-04
	3.748736e-04	4.327305e-04	4.968652e-04	5.674093e-04	6.443191e-04
	7.275806e-04	8.173367e-04	9.137989e-04	1.017105e-03	1.127203e-03
	1.243637e-03	1.365169e-03	1.489216e-03	1.611480e-03	1.725730e-03
	1.820846e-03	1.878615e-03	1.876927e-03	1.798451e-03	1.640707e-03
	1.416617e-03	1.147677e-03	8.628059e-04	5.983485e-04	3.864845e-04
	2.391119e-04	1.465144e-04	9.113831e-05	5.848059e-05	3.917498e-05
	2.758686e-05	2.039841e-05	1.571252e-05	1.247627e-05	1.010856e-05
	8.286394e-06	6.830017e-06	5.637283e-06	4.646225e-06	3.816148e-06
	3.118196e-06	2.530620e-06	2.036491e-06	1.622303e-06	1.277039e-06
	9.914803e-07	7.576688e-07	5.685372e-07	4.176602e-07	2.991281e-07
	2.075042e-07	1.378424e-07	8.573785e-08	4.739512e-08	1.968913e-08
	1.000000e-60
massfraction-H2
	1.000000e-60	1.512117e-05	3.472260e-05	5.896740e-05	8.764207e-05
	1.203880e-04	1.567265e-04	1.960672e-04	2.377882e-04	2.812963e-04
	3.260652e-04	3.716510e-04	4.176948e-04	4.639148e-04	5.100958e-04
	5.560778e-04	6.017450e-04	6.470168e-04	6.918405e-04	7.361853e-04
	7.800386e-04	8.234031e-04	8.662948e-04	9.087427e-04	9.507856e-04
	9.924468e-04	1.033690e-03	1.074403e-03	1.114428e-03	1.153630e-03
	1.191932e-03	1.229244e-03	1.265413e-03	1.300268e-03	1.333701e-03
	1.365707e-03	1.396365e-03	1.425868e-03	1.454572e-03	1.482876e-03
	1.510878e-03	1.538238e-03	1.564396e-03	1.589015e-03	1.612108e-03
	1.633846e-03	1.654411e-03	1.673939e-03	1.692521e-03	1.710206e-03
	1.726995e-03	1.742841e-03	1.757631e-03	1.771178e-03	1.783219e-03
	1.793429e-03	1.801455e-03	1.807004e-03	1.809910e-03	1.810142e-03
	1.807750e-03	1.802794e-03	1.795301e-03	1.785257e-03	1.772659e-03
	1.757574e-03	1.740127e-03	1.720437e-03	1.698559e-03	1.674509e-03
	1.648330e-03	1.620157e-03	1.590225e-03	1.558862e-03	1.526461e-03
	1.493408e-03	1.459961e-03	1.426165e-03	1.391877e-03	1.356923e-03
	1.321251e-03	1.284947e-03	1.248123e-03	1.210864e-03	1.173245e-03
	1.135298e-03	1.096975e-03	1.058212e-03	1.019010e-03	9.793921e-04
	9.392938e-04	8.985172e-04	8.567846e-04	8.137821e-04	7.691637e-04
	7.225708e-04	6.736780e-04	6.222756e-04	5.682253e-04	5.111840e-04
	4.513234e-04	3.903273e-04	3.313350e-04	2.781815e-04	2.337595e-04
	1.987728e-04	1.722087e-04	1.524365e-04	1.376649e-04	1.261605e-04
	1.166133e-04	1.082655e-04	1.007300e-04	9.380713e-05	8.740799e-05
	8.150307e-05	7.606391e-05	7.103155e-05	6.632346e-05	6.184735e-05
	5.751955e-05	5.328633e-05	4.912843e-05	4.504930e-05	4.106342e-05
	3.718811e-05	3.343901e-05	2.982965e-05	2.637214e-05	2.307805e-05
	1.995900e-05	1.702657e-05	1.429181e-05	1.176431e-05	9.451206e-06
	7.356156e-06	5.478510e-06	3.813042e-06	2.351124e-06	1.084339e-06
	1.000000e-60
massfraction-H2O
	1.000000e-60	1.302512e-05	3.881207e-05	8.639327e-05	1.679731e-04
	2.989131e-04	4.969437e-04	7.806196e-04	1.167792e-03	1.674314e-03
	2.313202e-03	3.094277e-03	4.024197e-03	5.106758e-03	6.343337e-03
	7.733382e-03	9.274895e-03	1.096487e-02	1.279971e-02	1.477552e-02
	1.688848e-02	1.913508e-02	2.151241e-02	2.401848e-02	2.665226e-02
	2.941225e-02	3.229302e-02	3.528295e-02	3.836521e-02	4.152284e-02
	4.474155e-02	4.800480e-02	5.128870e-02	5.456503e-02	5.780928e-02
	6.100537e-02	6.414535e-02	6.723362e-02	7.029268e-02	7.335060e-02
	7.640366e-02	7.939680e-02	8.225032e-02	8.491236e-02	8.737391e-02
	8.964836e-02	9.175305e-02	9.370346e-02	9.551273e-02	9.719184e-02
	9.874991e-02	1.001941e-01	1.015290e-01	1.027568e-01	1.038773e-01
	1.048883e-01	1.057863e-01	1.065703e-01	1.072445e-01	1.078189e-01
	1.083066e-01	1.087211e-01	1.090741e-01	1.093744e-01	1.096273e-01
	1.098362e-01	1.100036e-01	1.101320e-01	1.102240e-01	1.102811e-01
	1.103040e-01	1.102931e-01	1.102487e-01	1.101719e-01	1.100643e-01
	1.099283e-01	1.097660e-01	1.095784e-01	1.093651e-01	1.091245e-01
	1.088553e-01	1.085568e-01	1.082287e-01	1.078702e-01	1.074804e-01
	1.070578e-01	1.065997e-01	1.061027e-01	1.055634e-01	1.049784e-01
	1.043424e-01	1.036465e-01	1.028782e-01	1.020211e-01	1.010536e-01
	9.994740e-02	9.866565e-02	9.716189e-02	9.537369e-02	9.320217e-02
	9.051963e-02	8.721180e-02	8.322088e-02	7.859640e-02	7.348243e-02
	6.801086e-02	6.223883e-02	5.621898e-02	5.009019e-02	4.407997e-02
	3.843568e-02	3.332487e-02	2.878941e-02	2.479707e-02	2.130675e-02
	1.828389e-02	1.568401e-02	1.344676e-02	1.150706e-02	9.805246e-03
	8.294999e-03	6.948401e-03	5.752559e-03	4.701502e-03	3.790392e-03
	3.012600e-03	2.358934e-03	1.818257e-03	1.378290e-03	1.026349e-03
	7.498775e-04	5.368272e-04	3.759480e-04	2.570089e-04	1.709687e-04
	1.100770e-04	6.790324e-05	3.929456e-05	2.027517e-05	7.899556e-06
	1.000000e-60
massfraction-HO2
	1.000000e-60	5.977405e-10	1.806646e-09	4.083378e-09	8.063419e-09
	1.456957e-08	2.458058e-08	3.915743e-08	5.936517e-08	8.620252e-08
	1.205535e-07	1.631625e-07	2.146313e-07	2.754305e-07	3.459192e-07
	4.263685e-07	5.169850e-07	6.179333e-07	7.293560e-07	8.513926e-07
	9.841971e-07	1.127955e-06	1.282905e-06	1.449352e-06	1.627688e-06
	1.818277e-06	2.021212e-06	2.236097e-06	2.462048e-06	2.697990e-06
	2.942803e-06	3.194843e-06	3.451375e-06	3.708599e-06	3.962106e-06
	4.207106e-06	4.438240e-06	4.649598e-06	4.834409e-06	4.982847e-06
	5.079320e-06	5.105112e-06	5.046586e-06	4.901724e-06	4.679093e-06
	4.394635e-06	4.070065e-06	3.731313e-06	3.405794e-06	3.118913e-06
	2.890884e-06	2.735002e-06	2.657667e-06	2.659524e-06	2.736804e-06
	2.881942e-06	3.083119e-06	3.324124e-06	3.586199e-06	3.851392e-06
	4.105364e-06	4.338430e-06	4.545186e-06	4.723111e-06	4.871454e-06
	4.991164e-06	5.085106e-06	5.157670e-06	5.213912e-06	5.258860e-06
	5.297229e-06	5.333344e-06	5.371057e-06	5.413575e-06	5.463294e-06
	5.521786e-06	5.590052e-06	5.668985e-06	5.759705e-06	5.863468e-06
	5.981251e-06	6.113550e-06	6.260636e-06	6.422777e-06	6.600244e-06
	6.793541e-06	7.003735e-06	7.232312e-06	7.480780e-06	7.750927e-06
	8.045783e-06	8.370421e-06	8.732303e-06	9.141826e-06	9.613550e-06
	1.016792e-05	1.083350e-05	1.164967e-05	1.267258e-05	1.399151e-05
	1.573198e-05	1.803513e-05	2.103156e-05	2.480535e-05	2.939386e-05
	3.486320e-05	4.137403e-05	4.908624e-05	5.782358e-05	6.658372e-05
	7.335443e-05	7.573377e-05	7.201777e-05	6.229918e-05	4.895336e-05
	3.543897e-05	2.423076e-05	1.604978e-05	1.050283e-05	6.873463e-06
	4.527172e-06	3.011227e-06	2.026806e-06	1.381464e-06	9.529599e-07
	6.641587e-07	4.664084e-07	3.289265e-07	2.320694e-07	1.631423e-07
	1.138005e-07	7.844028e-08	5.320138e-08	3.534931e-08	2.289392e-08
	1.435524e-08	8.620099e-09	4.852702e-09	2.435306e-09	9.235908e-10
	1.000000e-60
massfraction-H2O2
	1.000000e-60	1.759295e-11	5.326209e-11	1.205869e-10	2.384902e-10
	4.314429e-10	7.283918e-10	1.160290e-09	1.757339e-09	2.546348e-09
	3.548697e-09	4.779043e-09	6.244796e-09	7.946164e-09	9.876628e-09
	1.202364e-08	1.436941e-08	1.689173e-08	1.956463e-08	2.235899e-08
	2.524300e-08	2.818233e-08	3.114030e-08	3.407760e-08	3.695166e-08
	3.971413e-08	4.230739e-08	4.466414e-08	4.671138e-08	4.837657e-08
	4.958954e-08	5.028064e-08	5.038437e-08	4.984785e-08	4.863540e-08
	4.672574e-08	4.410702e-08	4.076637e-08	3.667205e-08	3.178586e-08
	2.616270e-08	2.011130e-08	1.423518e-08	9.231417e-09	5.570591e-09
	3.297814e-09	2.085481e-09	1.490791e-09	1.185739e-09	1.006165e-09
	8.900646e-10	8.168083e-10	7.785547e-10	7.711531e-10	7.918542e-10
	8.387674e-10	9.107268e-10	1.007781e-09	1.132878e-09	1.294743e-09
	1.511459e-09	1.814574e-09	2.254357e-09	2.905660e-09	3.871852e-09
	5.285116e-09	7.306111e-09	1.012949e-08	1.399589e-08	1.920116e-08
	2.609278e-08	3.505130e-08	4.646488e-08	6.070089e-08	7.807630e-08
	9.886077e-08	1.233481e-07	1.519819e-07	1.854527e-07	2.246623e-07
	2.705811e-07	3.241726e-07	3.864790e-07	4.587095e-07	5.422461e-07
	6.387551e-07	7.503960e-07	8.798137e-07	1.029943e-06	1.204132e-06
	1.406787e-06	1.644107e-06	1.924630e-06	2.259948e-06	2.666040e-06
	3.165196e-06	3.788771e-06	4.581090e-06	5.608605e-06	6.984823e-06
	8.894082e-06	1.160638e-05	1.547881e-05	2.082438e-05	2.750889e-05
	3.448383e-05	3.995920e-05	4.250246e-05	4.210456e-05	3.982284e-05
	3.663239e-05	3.304721e-05	2.932976e-05	2.565277e-05	2.216015e-05
	1.897356e-05	1.616017e-05	1.371997e-05	1.161066e-05	9.776180e-06
	8.166944e-06	6.750582e-06	5.509977e-06	4.435135e-06	3.517326e-06
	2.746201e-06	2.109121e-06	1.591846e-06	1.179381e-06	8.567225e-07
	6.094109e-07	4.239180e-07	2.879409e-07	1.906117e-07	1.226295e-07
	7.629907e-08	4.547813e-08	2.544534e-08	1.271295e-08	4.807729e-09
	1.000000e-60
massfraction-CO
	1.000000e-60	2.977945e-06	9.033588e-06	2.049767e-05	4.063686e-05
	7.370849e-05	1.248093e-04	1.995009e-04	3.034021e-04	4.418147e-04
	6.194587e-04	8.403273e-04	1.107659e-03	1.423985e-03	1.791229e-03
	2.210821e-03	2.683827e-03	3.211057e-03	3.793182e-03	4.430829e-03
	5.124677e-03	5.875557e-03	6.684551e-03	7.553106e-03	8.483101e-03
	9.476334e-03	1.053324e-02	1.165189e-02	1.282809e-02	1.405717e-02
	1.533506e-02	1.665633e-02	1.801190e-02	1.939006e-02	2.077971e-02
	2.217255e-02	2.356336e-02	2.495211e-02	2.634702e-02	2.775914e-02
	2.918492e-02	3.059579e-02	3.195031e-02	3.321962e-02	3.439569e-02
	3.548205e-02	3.648497e-02	3.741048e-02	3.826404e-02	3.905043e-02
	3.977389e-02	4.043788e-02	4.104491e-02	4.159643e-02	4.209300e-02
	4.253441e-02	4.292017e-02	4.325107e-02	4.353038e-02	4.376381e-02
	4.395813e-02	4.411992e-02	4.425473e-02	4.436656e-02	4.445777e-02
	4.452954e-02	4.458254e-02	4.461708e-02	4.463299e-02	4.462936e-02
	4.460452e-02	4.455633e-02	4.448255e-02	4.438122e-02	4.425095e-02
	4.409101e-02	4.390070e-02	4.367846e-02	4.342113e-02	4.312456e-02
	4.278491e-02	4.239938e-02	4.196576e-02	4.148187e-02	4.094574e-02
	4.035515e-02	3.970673e-02	3.899663e-02	3.822213e-02	3.738122e-02
	3.647018e-02	3.548187e-02	3.440617e-02	3.323055e-02	3.194000e-02
	3.051736e-02	2.894484e-02	2.720715e-02	2.529081e-02	2.317378e-02
	2.085120e-02	1.837842e-02	1.587654e-02	1.350517e-02	1.139229e-02
	9.576574e-03	8.026752e-03	6.697790e-03	5.559047e-03	4.593164e-03
	3.787675e-03	3.125494e-03	2.582713e-03	2.135759e-03	1.766910e-03
	1.463439e-03	1.214337e-03	1.009041e-03	8.381226e-04	6.938543e-04
	5.705306e-04	4.645344e-04	3.737577e-04	2.967866e-04	2.323969e-04
	1.793348e-04	1.362769e-04	1.018853e-04	7.486359e-05	5.399888e-05
	3.818577e-05	2.643795e-05	1.789340e-05	1.181529e-05	7.589613e-06
	4.718992e-06	2.812900e-06	1.574805e-06	7.875839e-07	2.981958e-07
	1.000000e-60
massfraction-CO2
	1.000000e-60	1.151862e-06	3.852617e-06	9.713366e-06	2.142781e-05
	4.313332e-05	8.064755e-05	1.414471e-04	2.344282e-04	3.694896e-04
	5.570451e-04	8.075542e-04	1.131144e-03	1.537347e-03	2.034952e-03
	2.631962e-03	3.335622e-03	4.152508e-03	5.088658e-03	6.149728e-03
	7.341174e-03	8.668470e-03	1.013736e-02	1.175411e-02	1.352578e-02
	1.545925e-02	1.755865e-02	1.982303e-02	2.224619e-02	2.482008e-02
	2.753708e-02	3.038590e-02	3.334642e-02	3.639143e-02	3.949385e-02
	4.263190e-02	4.579002e-02	4.896417e-02	5.216920e-02	5.542641e-02
	5.872308e-02	6.198767e-02	6.511867e-02	6.804471e-02	7.074435e-02
	7.322433e-02	7.549870e-02	7.758178e-02	7.948709e-02	8.122717e-02
	8.281359e-02	8.425656e-02	8.556449e-02	8.674378e-02	8.779914e-02
	8.873384e-02	8.955040e-02	9.025346e-02	9.085214e-02	9.135971e-02
	9.179121e-02	9.216095e-02	9.248124e-02	9.276139e-02	9.300747e-02
	9.322325e-02	9.341162e-02	9.357534e-02	9.371697e-02	9.383841e-02
	9.394065e-02	9.402394e-02	9.408817e-02	9.413323e-02	9.415917e-02
	9.416641e-02	9.415554e-02	9.412697e-02	9.408048e-02	9.401514e-02
	9.392965e-02	9.382267e-02	9.369277e-02	9.353830e-02	9.335732e-02
	9.314742e-02	9.290527e-02	9.262667e-02	9.230703e-02	9.194114e-02
	9.152191e-02	9.103895e-02	9.047782e-02	8.981895e-02	8.903566e-02
	8.809150e-02	8.693688e-02	8.550555e-02	8.370577e-02	8.139476e-02
	7.838089e-02	7.447783e-02	6.958624e-02	6.380097e-02	5.741408e-02
	5.074537e-02	4.401832e-02	3.742141e-02	3.118524e-02	2.555100e-02
	2.069283e-02	1.665512e-02	1.336179e-02	1.069236e-02	8.539553e-03
	6.816838e-03	5.445716e-03	4.352422e-03	3.473429e-03	2.758386e-03
	2.170765e-03	1.686688e-03	1.290738e-03	9.713235e-04	7.181454e-04
	5.212906e-04	3.712197e-04	2.590998e-04	1.770629e-04	1.183355e-04
	7.725513e-05	4.921172e-05	3.055168e-05	1.846005e-05	1.083366e-05
	6.151915e-06	3.352959e-06	1.721593e-06	7.937208e-07	2.791247e-07
	1.000000e-60
massfraction-CH
	1.000000e-60	8.024762e-28	2.191842e-27	4.819635e-27	1.053111e-26
	2.485345e-26	3.656596e-26	5.304589e-26	1.109688e-25	4.136056e-26
	1.000000e-60	8.584771e-26	4.768022e-26	5.121881e-26	1.000000e-60
	3.778003e-26	7.662067e-26	1.000000e-60	2.291210e-25	2.047664e-25
	5.287784e-25	1.452871e-24	3.879531e-24	1.280991e-23	4.451476e-23
	1.596861e-22	5.833336e-22	2.149409e-21	7.906232e-21	2.878085e-20
	1.028827e-19	3.581498e-19	1.201844e-18	3.848035e-18	1.167535e-17
	3.352149e-17	9.144494e-17	2.395369e-16	6.135975e-16	1.570470e-15
	4.070086e-15	1.063362e-14	2.752606e-14	6.954282e-14	1.707364e-13
	4.085381e-13	9.572032e-13	2.205408e-12	5.014812e-12	1.128921e-11
	2.523134e-11	5.612007e-11	1.244196e-10	2.750633e-10	6.057368e-10
	1.324406e-09	2.856723e-09	6.025710e-09	1.231586e-08	2.421132e-08
	4.557834e-08	8.206687e-08	1.415447e-07	2.343558e-07	3.728475e-07
	5.699704e-07	8.377427e-07	1.186598e-06	1.625287e-06	2.159871e-06
	2.791218e-06	3.512029e-06	4.305264e-06	5.144639e-06	5.997069e-06
	6.827706e-06	7.605913e-06	8.308439e-06	8.917573e-06	9.416491e-06
	9.787352e-06	1.001418e-05	1.008653e-05	1.000059e-05	9.759075e-06
	9.370637e-06	8.848176e-06	8.208399e-06	7.472982e-06	6.667775e-06
	5.819368e-06	4.952905e-06	4.092779e-06	3.263705e-06	2.490743e-06
	1.798817e-06	1.211141e-06	7.457503e-07	4.093552e-07	1.928975e-07
	7.463630e-08	2.297471e-08	5.625414e-09	1.143821e-09	2.074298e-10
	3.570891e-11	6.021904e-12	1.002399e-12	1.636384e-13	2.575434e-14
	3.848951e-15	5.431423e-16	7.209229e-17	8.988867e-18	1.066841e-18
	1.242985e-19	1.474462e-20	1.838549e-21	2.483218e-22	3.744561e-23
	6.448414e-24	1.269913e-24	2.803289e-25	6.763590e-26	1.762214e-26
	4.879207e-27	1.447367e-27	4.923906e-28	1.330254e-28	6.695902e-29
	2.851653e-29	4.349102e-30	9.024537e-30	3.087013e-30	1.051578e-30
	1.000000e-60	5.202086e-31	1.000000e-60	1.000000e-60	1.000000e-60
	1.000000e-60
massfraction-CHO
	1.000000e-60	2.024115e-18	6.775426e-18	1.667911e-17	3.502037e-17
	6.582788e-17	1.139988e-16	1.862334e-16	2.934695e-16	4.552787e-16
	7.070843e-16	1.112198e-15	1.782777e-15	2.917203e-15	4.867290e-15
	8.259293e-15	1.421186e-14	2.472902e-14	4.340932e-14	7.672700e-14
	1.363464e-13	2.432983e-13	4.354862e-13	7.810645e-13	1.401855e-12
	2.512284e-12	4.477469e-12	7.884309e-12	1.359545e-11	2.272059e-11
	3.639719e-11	5.527042e-11	7.882241e-11	1.051991e-10	1.320762e-10
	1.579815e-10	1.829647e-10	2.084848e-10	2.371904e-10	2.730252e-10
	3.214809e-10	3.895923e-10	4.859917e-10	6.219384e-10	8.139519e-10
	1.087481e-09	1.481378e-09	2.054107e-09	2.892446e-09	4.122972e-09
	5.926758e-09	8.557475e-09	1.236292e-08	1.780986e-08	2.551266e-08
	3.625868e-08	5.101489e-08	7.092927e-08	9.734869e-08	1.318568e-07
	1.763244e-07	2.329813e-07	3.045441e-07	3.941867e-07	5.051641e-07
	6.403438e-07	8.021170e-07	9.928049e-07	1.215047e-06	1.471590e-06
	1.764468e-06	2.094008e-06	2.458208e-06	2.852520e-06	3.269972e-06
	3.702214e-06	4.141407e-06	4.581714e-06	5.018965e-06	5.448310e-06
	5.862024e-06	6.249652e-06	6.599750e-06	6.900853e-06	7.141679e-06
	7.311699e-06	7.401339e-06	7.401734e-06	7.305421e-06	7.107654e-06
	6.806536e-06	6.402294e-06	5.897492e-06	5.298368e-06	4.616619e-06
	3.871888e-06	3.094639e-06	2.327899e-06	1.622869e-06	1.027592e-06
	5.815217e-07	2.978667e-07	1.478507e-07	7.984025e-08	5.066289e-08
	3.682103e-08	2.838094e-08	2.149056e-08	1.483319e-08	8.697676e-09
	4.188675e-09	1.690306e-09	5.957238e-10	1.894792e-10	5.579959e-11
	1.565361e-11	4.330172e-12	1.231622e-12	3.789705e-13	1.321728e-13
	5.296752e-14	2.371313e-14	1.136165e-14	5.640271e-15	2.848423e-15
	1.448331e-15	7.360938e-16	3.716087e-16	1.852507e-16	9.067204e-17
	4.333313e-17	2.011118e-17	9.014144e-18	3.878184e-18	1.589276e-18
	6.132129e-19	2.182613e-19	6.872749e-20	1.731416e-20	2.509372e-21
	1.000000e-60
massfraction-CH2
	1.000000e-60	1.083283e-20	2.229362e-20	3.403415e-20	4.613401e-20
	5.929908e-20	7.497373e-20	9.561387e-20	1.253150e-19	1.710866e-19
	2.454129e-19	3.714089e-19	5.933378e-19	9.984483e-19	1.763138e-18
	3.252183e-18	6.235222e-18	1.236534e-17	2.524938e-17	5.286625e-17
	1.130809e-16	2.463210e-16	5.449473e-16	1.221800e-15	2.771220e-15
	6.346741e-15	1.463370e-14	3.381495e-14	7.786712e-14	1.777257e-13
	4.002842e-13	8.854295e-13	1.912098e-12	4.006717e-12	8.113962e-12
	1.586634e-11	3.002707e-11	5.533140e-11	1.003334e-10	1.812472e-10
	3.284246e-10	5.945226e-10	1.062893e-09	1.859537e-09	3.176841e-09
	5.312380e-09	8.724869e-09	1.411760e-08	2.256742e-08	3.572591e-08
	5.613540e-08	8.771852e-08	1.365154e-07	2.117494e-07	3.272747e-07
	5.032069e-07	7.669743e-07	1.152981e-06	1.700435e-06	2.449733e-06
	3.438586e-06	4.699094e-06	6.256492e-06	8.124332e-06	1.029347e-05
	1.272413e-05	1.535113e-05	1.809829e-05	2.088790e-05	2.363884e-05
	2.626100e-05	2.865634e-05	3.072899e-05	3.239841e-05	3.361045e-05
	3.434430e-05	3.460998e-05	3.443546e-05	3.385150e-05	3.288623e-05
	3.157157e-05	2.995006e-05	2.807299e-05	2.599573e-05	2.377570e-05
	2.146823e-05	1.912228e-05	1.678344e-05	1.449838e-05	1.231119e-05
	1.025609e-05	8.356693e-06	6.630947e-06	5.094473e-06	3.760830e-06
	2.641013e-06	1.741685e-06	1.061652e-06	5.861255e-07	2.845617e-07
	1.176578e-07	4.076914e-08	1.200856e-08	3.161418e-09	7.968994e-10
	2.037015e-10	5.460433e-11	1.561364e-11	4.781985e-12	1.551421e-12
	5.234816e-13	1.806877e-13	6.289610e-14	2.189713e-14	7.656038e-15
	2.729237e-15	1.007526e-15	3.880091e-16	1.557089e-16	6.469066e-17
	2.762633e-17	1.209697e-17	5.449947e-18	2.542940e-18	1.237150e-18
	6.304354e-19	3.369488e-19	1.885210e-19	1.098987e-19	6.629933e-20
	4.104955e-20	2.584230e-20	1.637331e-20	1.032237e-20	6.388046e-21
	3.810661e-21	2.130065e-21	1.059669e-21	4.189751e-22	9.320640e-23
	1.000000e-60
massfraction-CH2O
	1.000000e-60	1.108824e-08	3.784492e-08	9.753449e-08	2.200076e-07
	4.525716e-07	8.637698e-07	1.544286e-06	2.605007e-06	4.172460e-06
	6.382763e-06	9.375238e-06	1.328676e-05	1.824731e-05	2.437706e-05
	3.178475e-05	4.056727e-05	5.081019e-05	6.258891e-05	7.597049e-05
	9.101571e-05	1.077818e-04	1.263256e-04	1.467068e-04	1.689907e-04
	1.932364e-04	2.194645e-04	2.476288e-04	2.776165e-04	3.092919e-04
	3.425261e-04	3.771477e-04	4.128837e-04	4.493839e-04	4.863103e-04
	5.233982e-04	5.604642e-04	5.974643e-04	6.345734e-04	6.720329e-04
	7.096833e-04	7.466901e-04	7.818783e-04	8.144082e-04	8.439781e-04
	8.705636e-04	8.941762e-04	9.147852e-04	9.323102e-04	9.466294e-04
	9.575965e-04	9.650649e-04	9.689239e-04	9.691565e-04	9.659086e-04
	9.595583e-04	9.507599e-04	9.403932e-04	9.293971e-04	9.185831e-04
	9.085401e-04	8.996447e-04	8.921209e-04	8.861171e-04	8.817483e-04
	8.790798e-04	8.780975e-04	8.787083e-04	8.807672e-04	8.840892e-04
	8.884315e-04	8.934652e-04	8.987627e-04	9.038119e-04	9.080515e-04
	9.109260e-04	9.119296e-04	9.105993e-04	9.064601e-04	8.989844e-04
	8.876274e-04	8.719056e-04	8.514354e-04	8.259432e-04	7.952935e-04
	7.594779e-04	7.185677e-04	6.727638e-04	6.225183e-04	5.685219e-04
	5.115427e-04	4.523384e-04	3.917329e-04	3.307205e-04	2.705230e-04
	2.126498e-04	1.589271e-04	1.114140e-04	7.199823e-05	4.182504e-05
	2.125382e-05	9.335459e-06	3.614301e-06	1.304997e-06	4.726064e-07
	1.817227e-07	7.638534e-08	3.539818e-08	1.795584e-08	9.825524e-09
	5.756414e-09	3.607230e-09	2.404345e-09	1.683678e-09	1.222211e-09
	9.103954e-10	6.908677e-10	5.309492e-10	4.108911e-10	3.183168e-10
	2.454364e-10	1.874664e-10	1.413993e-10	1.051120e-10	7.690947e-11
	5.533400e-11	3.910540e-11	2.711536e-11	1.842392e-11	1.225089e-11
	7.961753e-12	5.050777e-12	3.123698e-12	1.880666e-12	1.099953e-12
	6.225703e-13	3.382526e-13	1.731582e-13	7.960962e-14	2.792537e-14
	1.000000e-60
massfraction-CH3
	1.000000e-60	3.195571e-10	9.576404e-10	2.144924e-09	4.197598e-09
	7.520375e-09	1.259122e-08	1.992818e-08	3.005804e-08	4.349227e-08
	6.071604e-08	8.218975e-08	1.083617e-07	1.396874e-07	1.766547e-07
	2.198105e-07	2.697921e-07	3.273624e-07	3.934503e-07	4.692025e-07
	5.560489e-07	6.557904e-07	7.707200e-07	9.037922e-07	1.058857e-06
	1.240886e-06	1.456124e-06	1.712279e-06	2.018989e-06	2.388910e-06
	2.839249e-06	3.392855e-06	4.079060e-06	4.935623e-06	6.012999e-06
	7.380890e-06	9.137393e-06	1.142745e-05	1.448097e-05	1.866424e-05
	2.450244e-05	3.262689e-05	4.369997e-05	5.842595e-05	7.766031e-05
	1.024909e-04	1.342591e-04	1.745770e-04	2.253524e-04	2.888055e-04
	3.674679e-04	4.641189e-04	5.815963e-04	7.224174e-04	8.881639e-04
	1.078527e-03	1.290161e-03	1.516385e-03	1.748366e-03	1.977135e-03
	2.195143e-03	2.396779e-03	2.578126e-03	2.736052e-03	2.867545e-03
	2.970039e-03	3.042159e-03	3.083862e-03	3.095896e-03	3.079244e-03
	3.035080e-03	2.965098e-03	2.871809e-03	2.758596e-03	2.629559e-03
	2.489020e-03	2.340741e-03	2.187298e-03	2.030113e-03	1.870252e-03
	1.709255e-03	1.549201e-03	1.392165e-03	1.239947e-03	1.094120e-03
	9.558989e-04	8.260621e-04	7.052261e-04	5.940885e-04	4.932277e-04
	4.028129e-04	3.226497e-04	2.524310e-04	1.918705e-04	1.407009e-04
	9.865147e-05	6.539174e-05	4.042668e-05	2.292162e-05	1.164023e-05
	5.175775e-06	2.008784e-06	6.999612e-07	2.322014e-07	7.840725e-08
	2.824644e-08	1.107764e-08	4.743204e-09	2.196315e-09	1.081871e-09
	5.598702e-10	3.016730e-10	1.676081e-10	9.533442e-11	5.542880e-11
	3.300339e-11	2.014013e-11	1.256554e-11	7.975377e-12	5.116562e-12
	3.297148e-12	2.125792e-12	1.370027e-12	8.835665e-13	5.713244e-13
	3.710506e-13	2.422903e-13	1.590882e-13	1.049499e-13	6.944667e-14
	4.598523e-14	3.037981e-14	1.995239e-14	1.297119e-14	8.302012e-15
	5.191759e-15	3.133913e-15	1.784599e-15	9.097873e-16	3.511970e-16
	1.000000e-60
massfraction-CH4
	1.000000e+00	9.999238e-01	9.997807e-01	9.995238e-01	9.990883e-01
	9.983896e-01	9.973266e-01	9.957890e-01	9.936646e-01	9.908470e-01
	9.872402e-01	9.827617e-01	9.773429e-01	9.709281e-01	9.634730e-01
	9.549420e-01	9.453058e-01	9.345395e-01	9.226197e-01	9.095229e-01
	8.952234e-01	8.796906e-01	8.628875e-01	8.447671e-01	8.252714e-01
	8.043413e-01	7.819439e-01	7.580944e-01	7.328552e-01	7.062999e-01
	6.784900e-01	6.495192e-01	6.195648e-01	5.888711e-01	5.576784e-01
	5.261740e-01	4.944858e-01	4.626299e-01	4.304372e-01	3.976831e-01
	3.644719e-01	3.315265e-01	2.998781e-01	2.702626e-01	2.429146e-01
	2.177810e-01	1.947310e-01	1.736264e-01	1.543337e-01	1.367260e-01
	1.206844e-01	1.061022e-01	9.289027e-02	8.097999e-02	7.032037e-02
	6.087650e-02	5.262242e-02	4.551257e-02	3.945731e-02	3.432514e-02
	2.996626e-02	2.623685e-02	2.301211e-02	2.019615e-02	1.772427e-02
	1.555322e-02	1.364758e-02	1.197207e-02	1.049246e-02	9.179999e-03
	8.013777e-03	6.979616e-03	6.067081e-03	5.267090e-03	4.570686e-03
	3.967839e-03	3.446743e-03	2.994426e-03	2.598606e-03	2.249755e-03
	1.941675e-03	1.670253e-03	1.431913e-03	1.223187e-03	1.040877e-03
	8.819390e-04	7.434384e-04	6.228541e-04	5.182217e-04	4.278524e-04
	3.500570e-04	2.831919e-04	2.258390e-04	1.768607e-04	1.353567e-04
	1.006264e-04	7.212734e-05	4.941420e-05	3.200747e-05	1.929092e-05
	1.064967e-05	5.372195e-06	2.527674e-06	1.162026e-06	5.530353e-07
	2.854821e-07	1.642795e-07	1.064200e-07	7.666962e-08	5.952987e-08
	4.821873e-08	3.988585e-08	3.331254e-08	2.792895e-08	2.344971e-08
	1.971499e-08	1.660274e-08	1.399751e-08	1.179430e-08	9.905153e-09
	8.264356e-09	6.830940e-09	5.582564e-09	4.505520e-09	3.588207e-09
	2.818097e-09	2.181049e-09	1.661979e-09	1.245619e-09	9.171414e-10
	6.625575e-10	4.689613e-10	3.246905e-10	2.194355e-10	1.443095e-10
	9.186271e-11	5.604068e-11	3.208450e-11	1.638860e-11	6.326380e-12
	1.000000e-60
massfraction-C2H6
	1.000000e-60	3.148349e-08	1.092074e-07	2.864517e-07	6.578374e-07
	1.377197e-06	2.673094e-06	4.855742e-06	8.314415e-06	1.350529e-05
	2.093306e-05	3.112995e-05	4.463616e-05	6.198359e-05	8.368426e-05
	1.102232e-04	1.420553e-04	1.796061e-04	2.232745e-04	2.734384e-04
	3.304619e-04	3.947050e-04	4.665348e-04	5.463398e-04	6.345403e-04
	7.315424e-04	8.376040e-04	9.527095e-04	1.076555e-03	1.208712e-03
	1.348749e-03	1.496016e-03	1.649374e-03	1.807284e-03	1.968178e-03
	2.130731e-03	2.293901e-03	2.457189e-03	2.620970e-03	2.785763e-03
	2.950082e-03	3.109238e-03	3.256980e-03	3.388642e-03	3.502012e-03
	3.596078e-03	3.669927e-03	3.722392e-03	3.752001e-03	3.757000e-03
	3.735423e-03	3.685221e-03	3.604527e-03	3.492107e-03	3.347992e-03
	3.174266e-03	2.975839e-03	2.760227e-03	2.536003e-03	2.310833e-03
	2.090324e-03	1.877934e-03	1.675429e-03	1.483892e-03	1.304619e-03
	1.139087e-03	9.882727e-04	8.521976e-04	7.301297e-04	6.211346e-04
	5.244518e-04	4.395262e-04	3.658298e-04	3.027141e-04	2.493620e-04
	2.047534e-04	1.676854e-04	1.368880e-04	1.112028e-04	8.972730e-05
	7.182393e-05	5.701148e-05	4.486212e-05	3.497932e-05	2.700833e-05
	2.063142e-05	1.556693e-05	1.157905e-05	8.476194e-06	6.095817e-06
	4.294941e-06	2.951461e-06	1.966153e-06	1.259829e-06	7.687631e-07
	4.411396e-07	2.343609e-07	1.131577e-07	4.852574e-08	1.789432e-08
	5.508646e-09	1.411856e-09	3.130500e-10	6.495551e-11	1.383525e-11
	3.259650e-12	8.955279e-13	3.003833e-13	1.272084e-13	6.745869e-14
	4.244510e-14	2.969134e-14	2.199190e-14	1.675496e-14	1.294022e-14
	1.007113e-14	7.879928e-15	6.184915e-15	4.854906e-15	3.795407e-15
	2.941171e-15	2.250106e-15	1.694797e-15	1.254704e-15	9.120819e-16
	6.505258e-16	4.548579e-16	3.114943e-16	2.086946e-16	1.366319e-16
	8.731089e-17	5.439714e-17	3.300656e-17	1.948049e-17	1.116283e-17
	6.188692e-18	3.294118e-18	1.653188e-18	7.460489e-19	2.573572e-19
	1.000000e-60
massfraction-C2H
	1.000000e-60	1.000000e-60	5.293413e-29	7.825322e-29	2.017855e-28
	7.179836e-28	2.034053e-27	6.291587e-27	1.755108e-26	4.814558e-26
	1.302158e-25	3.471842e-25	9.242984e-25	2.467129e-24	6.619423e-24
	1.788137e-23	4.864040e-23	1.331020e-22	3.659396e-22	1.009187e-21
	2.787125e-21	7.697040e-21	2.123021e-20	5.843958e-20	1.604833e-19
	4.394638e-19	1.198109e-18	3.241869e-18	8.672064e-18	2.286625e-17
	5.935658e-17	1.515143e-16	3.794391e-16	9.298879e-16	2.228476e-15
	5.232811e-15	1.209126e-14	2.769883e-14	6.368295e-14	1.490007e-13
	3.567381e-13	8.641854e-13	2.071214e-12	4.821350e-12	1.082073e-11
	2.340572e-11	4.886606e-11	9.863900e-11	1.928599e-10	3.659706e-10
	6.753843e-10	1.214422e-09	2.130603e-09	3.649504e-09	6.102462e-09
	9.950598e-09	1.578968e-08	2.433316e-08	3.638913e-08	5.284521e-08
	7.465575e-08	1.028244e-07	1.383917e-07	1.823222e-07	2.352151e-07
	2.970217e-07	3.670330e-07	4.441303e-07	5.269811e-07	6.139597e-07
	7.029172e-07	7.910788e-07	8.752267e-07	9.520622e-07	1.018616e-06
	1.072670e-06	1.112989e-06	1.139149e-06	1.151090e-06	1.148769e-06
	1.132242e-06	1.101945e-06	1.058807e-06	1.004166e-06	9.397013e-07
	8.672934e-07	7.888360e-07	7.062771e-07	6.217585e-07	5.374766e-07
	4.553601e-07	3.769671e-07	3.036315e-07	2.365826e-07	1.769513e-07
	1.257441e-07	8.375889e-08	5.140882e-08	2.842118e-08	1.367800e-08
	5.503202e-09	1.799753e-09	4.797639e-10	1.092461e-10	2.296331e-11
	4.793765e-12	1.045009e-12	2.463363e-13	6.423465e-14	1.847135e-14
	5.653210e-15	1.750147e-15	5.279738e-16	1.541607e-16	4.456583e-17
	1.321384e-17	4.123953e-18	1.364911e-18	4.764308e-19	1.734168e-19
	6.512397e-20	2.512599e-20	9.993550e-21	4.128963e-21	1.786491e-21
	8.141300e-22	3.915012e-22	1.982388e-22	1.050893e-22	5.781496e-23
	3.264166e-23	1.866279e-23	1.064073e-23	5.943189e-24	3.184092e-24
	1.594674e-24	7.215748e-25	2.798554e-25	8.360715e-26	1.381436e-26
	1.000000e-60
massfraction-C2H2
	1.000000e-60	8.077809e-08	2.672826e-07	6.660584e-07	1.452017e-06
	2.889242e-06	5.342931e-06	9.274700e-06	1.522493e-05	2.378533e-05
	3.556863e-05	5.118055e-05	7.119840e-05	9.615680e-05	1.265406e-04
	1.627839e-04	2.052725e-04	2.543507e-04	3.103287e-04	3.734927e-04
	4.441151e-04	5.224671e-04	6.088327e-04	7.035238e-04	8.068921e-04
	9.192741e-04	1.040841e-03	1.171468e-03	1.310728e-03	1.458093e-03
	1.613067e-03	1.774950e-03	1.942556e-03	2.114316e-03	2.288695e-03
	2.464479e-03	2.640821e-03	2.817532e-03	2.995478e-03	3.175886e-03
	3.358106e-03	3.538269e-03	3.710880e-03	3.872106e-03	4.020828e-03
	4.157436e-03	4.282662e-03	4.397186e-03	4.501547e-03	4.596093e-03
	4.680922e-03	4.755791e-03	4.820020e-03	4.872454e-03	4.911525e-03
	4.935469e-03	4.942767e-03	4.932707e-03	4.905639e-03	4.862666e-03
	4.805064e-03	4.733805e-03	4.649308e-03	4.551593e-03	4.440778e-03
	4.317445e-03	4.182482e-03	4.036617e-03	3.880174e-03	3.713318e-03
	3.536566e-03	3.351169e-03	3.159158e-03	2.963181e-03	2.766258e-03
	2.571253e-03	2.380162e-03	2.193699e-03	2.011615e-03	1.833658e-03
	1.660358e-03	1.492924e-03	1.332600e-03	1.180389e-03	1.037116e-03
	9.033217e-04	7.791907e-04	6.648275e-04	5.604745e-04	4.663180e-04
	3.822196e-04	3.077623e-04	2.424801e-04	1.859767e-04	1.379223e-04
	9.803650e-05	6.604263e-05	4.157723e-05	2.401765e-05	1.238748e-05
	5.533267e-06	2.106636e-06	6.939057e-07	2.090065e-07	6.241412e-08
	1.994206e-08	7.226290e-09	3.100315e-09	1.606951e-09	9.893713e-10
	6.905377e-10	5.193587e-10	4.056452e-10	3.221611e-10	2.576605e-10
	2.068625e-10	1.665604e-10	1.343244e-10	1.082394e-10	8.684047e-11
	6.908239e-11	5.429424e-11	4.205528e-11	3.205686e-11	2.402486e-11
	1.769057e-11	1.278894e-11	9.068797e-12	6.301355e-12	4.285437e-12
	2.849232e-12	1.849791e-12	1.171239e-12	7.221875e-13	4.326817e-13
	2.508606e-13	1.395647e-13	7.309762e-14	3.433507e-14	1.227953e-14
	1.000000e-60
massfraction-CHCO
	1.000000e-60	3.866055e-07	1.095960e-06	2.313380e-06	4.263613e-06
	7.202998e-06	1.139912e-05	1.710224e-05	2.452480e-05	3.382942e-05
	4.512606e-05	5.847586e-05	7.389917e-05	9.138493e-05	1.108999e-04
	1.323967e-04	1.558207e-04	1.811152e-04	2.082256e-04	2.371030e-04
	2.677070e-04	3.000085e-04	3.339924e-04	3.696607e-04	4.070338e-04
	4.461284e-04	4.869101e-04	5.292599e-04	5.729880e-04	6.179024e-04
	6.638487e-04	7.106378e-04	7.579705e-04	8.054764e-04	8.528281e-04
	8.998099e-04	9.463169e-04	9.924221e-04	1.038471e-03	1.084901e-03
	1.131674e-03	1.177945e-03	1.222448e-03	1.264312e-03	1.303321e-03
	1.339624e-03	1.373444e-03	1.404995e-03	1.434469e-03	1.462042e-03
	1.487872e-03	1.512097e-03	1.534816e-03	1.556066e-03	1.575802e-03
	1.593859e-03	1.609922e-03	1.623577e-03	1.634392e-03	1.641986e-03
	1.646021e-03	1.646164e-03	1.642029e-03	1.633151e-03	1.619046e-03
	1.599336e-03	1.573800e-03	1.542309e-03	1.504727e-03	1.460925e-03
	1.410907e-03	1.354957e-03	1.293707e-03	1.228123e-03	1.159433e-03
	1.088927e-03	1.017652e-03	9.461855e-04	8.746982e-04	8.033086e-04
	7.324177e-04	6.626995e-04	5.948528e-04	5.294808e-04	4.671131e-04
	4.081538e-04	3.528431e-04	3.013770e-04	2.540063e-04	2.109510e-04
	1.722746e-04	1.378998e-04	1.077127e-04	8.161696e-05	5.953143e-05
	4.137708e-05	2.704814e-05	1.635934e-05	8.961108e-06	4.307405e-06
	1.753899e-06	5.931216e-07	1.687101e-07	4.261191e-08	1.035450e-08
	2.610403e-09	7.236125e-10	2.311877e-10	8.800342e-11	4.022567e-11
	2.170866e-11	1.336845e-11	8.986093e-12	6.317257e-12	4.508525e-12
	3.221374e-12	2.296536e-12	1.633667e-12	1.159206e-12	8.188425e-13
	5.741531e-13	3.988737e-13	2.745870e-13	1.876021e-13	1.274785e-13
	8.632629e-14	5.833822e-14	3.937015e-14	2.653461e-14	1.785248e-14
	1.197977e-14	8.007361e-15	5.320898e-15	3.504977e-15	2.278571e-15
	1.451464e-15	8.948551e-16	5.214836e-16	2.723142e-16	1.076282e-16
	1.000000e-60
massfraction-C3H3
	1.000000e-60	3.563060e-28	1.349997e-27	3.812778e-27	9.114144e-27
	1.836185e-26	2.839471e-26	2.661993e-26	2.031858e-26	7.123752e-26
	2.182088e-26	5.643414e-26	1.000000e-60	1.000000e-60	1.000000e-60
	1.000000e-60	4.861827e-25	5.557815e-26	9.864987e-25	2.152892e-24
	5.716028e-24	1.714374e-23	5.040772e-23	1.685877e-22	5.793340e-22
	2.022853e-21	7.138067e-21	2.525357e-20	8.895295e-20	3.095993e-19
	1.057920e-18	3.525107e-18	1.135790e-17	3.508532e-17	1.033400e-16
	2.900603e-16	7.794570e-16	2.027477e-15	5.203392e-15	1.351016e-14
	3.634296e-14	1.032462e-13	3.164813e-13	1.058516e-12	3.762917e-12
	1.343768e-11	4.577902e-11	1.443578e-10	4.162772e-10	1.096039e-09
	2.645371e-09	5.892261e-09	1.221268e-08	2.378185e-08	4.399121e-08
	7.819563e-08	1.348510e-07	2.267316e-07	3.713968e-07	5.902216e-07
	9.063270e-07	1.342422e-06	1.919295e-06	2.653044e-06	3.549187e-06
	4.597006e-06	5.769485e-06	7.028784e-06	8.330889e-06	9.625488e-06
	1.085422e-05	1.195268e-05	1.285795e-05	1.351836e-05	1.390186e-05
	1.400071e-05	1.382874e-05	1.341205e-05	1.277971e-05	1.196161e-05
	1.099275e-05	9.915350e-06	8.774803e-06	7.615115e-06	6.476635e-06
	5.393121e-06	4.389832e-06	3.485337e-06	2.693211e-06	2.020474e-06
	1.466214e-06	1.023322e-06	6.813661e-07	4.281493e-07	2.502478e-07
	1.334743e-07	6.338515e-08	2.600569e-08	8.887814e-09	2.420822e-09
	5.125685e-10	8.717694e-11	1.265751e-11	1.576595e-12	1.601915e-13
	1.246063e-14	6.835122e-16	2.412818e-17	5.253881e-19	8.890551e-21
	3.254280e-22	2.843384e-23	2.812392e-24	2.698613e-25	2.496460e-26
	2.285205e-27	2.142737e-28	2.120595e-29	2.275649e-30	2.718811e-31
	3.683791e-32	5.648467e-33	9.585069e-34	1.752827e-34	3.411611e-35
	6.793881e-36	1.435878e-36	3.484573e-37	7.075393e-38	2.107087e-38
	3.422767e-39	1.000000e-60	1.354624e-39	1.000000e-60	1.000000e-60
	5.995492e-42	2.177013e-41	1.000000e-60	1.000000e-60	1.000000e-60
	1.000000e-60
massfraction-C2H3
	1.000000e-60	9.924091e-19	2.651303e-18	4.973994e-18	8.174933e-18
	1.266085e-17	1.916751e-17	2.907801e-17	4.505032e-17	7.229666e-17
	1.213114e-16	2.138639e-16	3.964856e-16	7.714541e-16	1.569262e-15
	3.320689e-15	7.270399e-15	1.638046e-14	3.778172e-14	8.878912e-14
	2.116975e-13	5.101987e-13	1.238897e-12	3.022406e-12	7.385932e-12
	1.800440e-11	4.347598e-11	1.029294e-10	2.359955e-10	5.180602e-10
	1.079536e-09	2.122045e-09	3.916487e-09	6.769431e-09	1.096223e-08
	1.668309e-08	2.397240e-08	3.270899e-08	4.262669e-08	5.323773e-08
	6.360984e-08	7.241517e-08	7.879466e-08	8.338300e-08	8.812864e-08
	9.530822e-08	1.069774e-07	1.251222e-07	1.521272e-07	1.912727e-07
	2.472211e-07	3.265379e-07	4.382667e-07	5.945276e-07	8.110266e-07
	1.107009e-06	1.503831e-06	2.022289e-06	2.679574e-06	3.486823e-06
	4.447669e-06	5.557860e-06	6.805825e-06	8.170182e-06	9.614440e-06
	1.108670e-05	1.252798e-05	1.388292e-05	1.510405e-05	1.614970e-05
	1.698216e-05	1.757014e-05	1.789433e-05	1.795172e-05	1.775677e-05
	1.733865e-05	1.673382e-05	1.597700e-05	1.509621e-05	1.411497e-05
	1.305803e-05	1.195302e-05	1.082707e-05	9.704345e-06	8.605936e-06
	7.548711e-06	6.544577e-06	5.602744e-06	4.731836e-06	3.938569e-06
	3.225674e-06	2.592431e-06	2.036813e-06	1.556683e-06	1.149898e-06
	8.142292e-07	5.470252e-07	3.444859e-07	2.003650e-07	1.054715e-07
	4.941164e-08	2.075127e-08	8.173625e-09	3.255161e-09	1.394013e-09
	6.481039e-10	3.155872e-10	1.528309e-10	7.115035e-11	3.211007e-11
	1.436479e-11	6.314234e-12	2.654979e-12	1.055111e-12	4.015955e-13
	1.516135e-13	5.948059e-14	2.527507e-14	1.183627e-14	6.024551e-15
	3.230658e-15	1.772448e-15	9.757813e-16	5.331991e-16	2.874328e-16
	1.522391e-16	7.894214e-17	3.993436e-17	1.963642e-17	9.351037e-18
	4.296889e-18	1.898306e-18	8.032683e-19	3.241596e-19	1.240282e-19
	4.456581e-20	1.476761e-20	4.339525e-21	1.026280e-21	1.417973e-22
	1.000000e-60
massfraction-C2H4
	1.000000e-60	4.247635e-08	1.427808e-07	3.619375e-07	8.028317e-07
	1.624721e-06	3.053206e-06	5.380303e-06	8.955786e-06	1.417118e-05
	2.144051e-05	3.118119e-05	4.379838e-05	5.967352e-05	7.915758e-05
	1.025684e-04	1.301909e-04	1.622806e-04	1.990673e-04	2.407619e-04
	2.875628e-04	3.396643e-04	3.972659e-04	4.605832e-04	5.298559e-04
	6.053107e-04	6.870613e-04	7.750175e-04	8.688839e-04	9.682918e-04
	1.072892e-03	1.182196e-03	1.295384e-03	1.411381e-03	1.529131e-03
	1.647798e-03	1.766795e-03	1.885978e-03	2.005915e-03	2.127410e-03
	2.250001e-03	2.371060e-03	2.486874e-03	2.594859e-03	2.694249e-03
	2.785270e-03	2.868338e-03	2.943782e-03	3.011756e-03	3.072186e-03
	3.124701e-03	3.168540e-03	3.202455e-03	3.224657e-03	3.232871e-03
	3.224592e-03	3.197667e-03	3.151029e-03	3.085066e-03	3.001308e-03
	2.901764e-03	2.788348e-03	2.662582e-03	2.525831e-03	2.379923e-03
	2.227385e-03	2.070981e-03	1.913026e-03	1.755171e-03	1.598755e-03
	1.445283e-03	1.296606e-03	1.154738e-03	1.021565e-03	8.986134e-04
	7.867560e-04	6.860006e-04	5.955647e-04	5.142928e-04	4.411975e-04
	3.757159e-04	3.175366e-04	2.663123e-04	2.215897e-04	1.828663e-04
	1.495889e-04	1.211665e-04	9.705346e-05	7.678845e-05	5.994326e-05
	4.607963e-05	3.477109e-05	2.564198e-05	1.837588e-05	1.270412e-05
	8.394646e-06	5.240546e-06	3.047889e-06	1.622537e-06	7.706490e-07
	3.185662e-07	1.142554e-07	3.687091e-08	1.160735e-08	3.916141e-09
	1.498046e-09	6.535482e-10	3.209310e-10	1.762905e-10	1.080247e-10
	7.287619e-11	5.281267e-11	4.004634e-11	3.113596e-11	2.452393e-11
	1.945996e-11	1.551842e-11	1.240919e-11	9.920615e-12	7.898174e-12
	6.234317e-12	4.860411e-12	3.733065e-12	2.820275e-12	2.093842e-12
	1.526583e-12	1.092175e-12	7.660746e-13	5.262678e-13	3.536810e-13
	2.322675e-13	1.488817e-13	9.303757e-14	5.660147e-14	3.345285e-14
	1.913281e-14	1.050256e-14	5.430119e-15	2.519912e-15	8.914247e-16
	1.000000e-60
massfraction-C2H5
	1.000000e-60	1.402141e-12	4.851150e-12	1.268909e-11	2.905802e-11
	6.066570e-11	1.174413e-10	2.128120e-10	3.635696e-10	5.893299e-10
	9.117345e-10	1.353557e-09	1.937881e-09	2.687443e-09	3.624182e-09
	4.769019e-09	6.141832e-09	7.761638e-09	9.646959e-09	1.181640e-08
	1.428947e-08	1.708779e-08	2.023676e-08	2.376792e-08	2.772219e-08
	3.215178e-08	3.711990e-08	4.270194e-08	4.899304e-08	5.612601e-08
	6.429022e-08	7.373266e-08	8.474539e-08	9.765805e-08	1.128446e-07
	1.307311e-07	1.517883e-07	1.765423e-07	2.055785e-07	2.392531e-07
	2.767514e-07	3.151741e-07	3.507838e-07	3.826800e-07	4.149433e-07
	4.549567e-07	5.104990e-07	5.885825e-07	6.962494e-07	8.419277e-07
	1.036509e-06	1.294059e-06	1.632147e-06	2.071609e-06	2.635355e-06
	3.345343e-06	4.216906e-06	5.252598e-06	6.438425e-06	7.743805e-06
	9.124658e-06	1.052811e-05	1.189737e-05	1.317237e-05	1.429008e-05
	1.519204e-05	1.583581e-05	1.620021e-05	1.628176e-05	1.608893e-05
	1.564033e-05	1.496592e-05	1.410696e-05	1.311304e-05	1.203705e-05
	1.092826e-05	9.825152e-06	8.751940e-06	7.721324e-06	6.741683e-06
	5.822420e-06	4.973378e-06	4.201468e-06	3.509740e-06	2.898351e-06
	2.364739e-06	1.904069e-06	1.510853e-06	1.179882e-06	9.056126e-07
	6.816605e-07	5.013410e-07	3.584601e-07	2.475515e-07	1.637531e-07
	1.026721e-07	6.024222e-08	3.259552e-08	1.598489e-08	6.945218e-09
	2.631872e-09	8.826871e-10	2.777083e-10	9.031809e-11	3.347588e-11
	1.475124e-11	7.492916e-12	4.107984e-12	2.308594e-12	1.305291e-12
	7.424947e-13	4.209711e-13	2.300496e-13	1.175899e-13	5.651986e-14
	2.640271e-14	1.243625e-14	6.056995e-15	3.082052e-15	1.635580e-15
	8.976404e-16	5.047065e-16	2.884332e-16	1.664500e-16	9.645112e-17
	5.583348e-17	3.213294e-17	1.830334e-17	1.027710e-17	5.668014e-18
	3.061469e-18	1.615734e-18	8.318564e-19	4.173767e-19	2.039558e-19
	9.697175e-20	4.470913e-20	1.975983e-20	8.056505e-21	2.602831e-21
	1.000000e-60
massfraction-C3H4
	1.000000e-60	1.977551e-11	7.356388e-11	2.082533e-10	5.168171e-10
	1.167078e-09	2.434953e-09	4.734049e-09	8.635898e-09	1.487576e-08
	2.434372e-08	3.806371e-08	5.716578e-08	8.285615e-08	1.163894e-07
	1.590452e-07	2.121111e-07	2.768716e-07	3.546035e-07	4.465780e-07
	5.540678e-07	6.783625e-07	8.207902e-07	9.827464e-07	1.165722e-06
	1.371207e-06	1.600398e-06	1.853887e-06	2.131572e-06	2.432989e-06
	2.757574e-06	3.104160e-06	3.470313e-06	3.852476e-06	4.246860e-06
	4.650159e-06	5.059738e-06	5.474385e-06	5.895331e-06	6.324635e-06
	6.759800e-06	7.190453e-06	7.602326e-06	7.985403e-06	8.336571e-06
	8.656654e-06	8.947566e-06	9.211319e-06	9.449800e-06	9.664723e-06
	9.857701e-06	1.003050e-05	1.018560e-05	1.032693e-05	1.046063e-05
	1.059483e-05	1.073808e-05	1.089691e-05	1.107387e-05	1.126767e-05
	1.147465e-05	1.169039e-05	1.191061e-05	1.213089e-05	1.234572e-05
	1.254845e-05	1.273215e-05	1.289044e-05	1.301730e-05	1.310635e-05
	1.315050e-05	1.314247e-05	1.307597e-05	1.294691e-05	1.275440e-05
	1.250078e-05	1.219031e-05	1.182696e-05	1.141314e-05	1.095071e-05
	1.044344e-05	9.897809e-06	9.321743e-06	8.723443e-06	8.111263e-06
	7.492878e-06	6.874448e-06	6.261539e-06	5.660346e-06	5.076857e-06
	4.515094e-06	3.976877e-06	3.463051e-06	2.974429e-06	2.512103e-06
	2.077825e-06	1.674446e-06	1.306243e-06	9.779776e-07	6.932010e-07
	4.574911e-07	2.776716e-07	1.547898e-07	8.052251e-08	4.021645e-08
	1.978234e-08	9.735564e-09	4.860064e-09	2.504827e-09	1.355642e-09
	7.784480e-10	4.743926e-10	3.039641e-10	2.021315e-10	1.380399e-10
	9.621251e-11	6.816351e-11	4.887524e-11	3.528246e-11	2.548371e-11
	1.829757e-11	1.299180e-11	9.091423e-12	6.258037e-12	4.232456e-12
	2.810056e-12	1.829679e-12	1.166964e-12	7.280708e-13	4.437118e-13
	2.637750e-13	1.527617e-13	8.608842e-14	4.715542e-14	2.506834e-14
	1.289710e-14	6.379103e-15	2.983390e-15	1.260659e-15	4.100804e-16
	1.000000e-60
massfraction-C3H5
	1.000000e-60	7.159408e-13	2.702259e-12	7.772424e-12	1.960275e-11
	4.497057e-11	9.524760e-11	1.878217e-10	3.471827e-10	6.054183e-10
	1.002056e-09	1.583329e-09	2.401063e-09	3.511402e-09	4.973547e-09
	6.848667e-09	9.199026e-09	1.208741e-08	1.557681e-08	1.973043e-08
	2.461197e-08	3.028622e-08	3.682008e-08	4.428387e-08	5.275259e-08
	6.230159e-08	7.299273e-08	8.485943e-08	9.790213e-08	1.121032e-07
	1.274393e-07	1.438570e-07	1.612412e-07	1.794206e-07	1.982094e-07
	2.174409e-07	2.369749e-07	2.567326e-07	2.767400e-07	2.970423e-07
	3.174339e-07	3.372950e-07	3.557841e-07	3.722290e-07	3.862378e-07
	3.975424e-07	4.058687e-07	4.109288e-07	4.125044e-07	4.106031e-07
	4.056752e-07	3.988428e-07	3.920577e-07	3.880895e-07	3.902745e-07
	4.020354e-07	4.262145e-07	4.644069e-07	5.166479e-07	5.816282e-07
	6.572076e-07	7.408876e-07	8.300974e-07	9.220757e-07	1.013561e-06
	1.100890e-06	1.180581e-06	1.249886e-06	1.306854e-06	1.350075e-06
	1.378536e-06	1.391741e-06	1.389930e-06	1.374171e-06	1.346281e-06
	1.308547e-06	1.263268e-06	1.212328e-06	1.157052e-06	1.098443e-06
	1.037522e-06	9.754014e-07	9.130943e-07	8.514153e-07	7.910068e-07
	7.323041e-07	6.755087e-07	6.207187e-07	5.680588e-07	5.176225e-07
	4.693435e-07	4.229939e-07	3.782907e-07	3.349725e-07	2.928235e-07
	2.517134e-07	2.116609e-07	1.729196e-07	1.359626e-07	1.013585e-07
	7.024845e-08	4.444943e-08	2.544606e-08	1.329865e-08	6.506916e-09
	3.058184e-09	1.404919e-09	6.426001e-10	3.015615e-10	1.510946e-10
	8.369895e-11	5.172735e-11	3.492084e-11	2.492482e-11	1.832152e-11
	1.366468e-11	1.026722e-11	7.739007e-12	5.828608e-12	4.365241e-12
	3.233650e-12	2.358438e-12	1.688391e-12	1.184270e-12	8.130154e-13
	5.458686e-13	3.581464e-13	2.294000e-13	1.432856e-13	8.717281e-14
	5.159933e-14	2.968666e-14	1.658692e-14	8.992961e-15	4.725745e-15
	2.401028e-15	1.172194e-15	5.410983e-16	2.258039e-16	7.262545e-17
	1.000000e-60
massfraction-C3H6
	1.000000e-60	2.879530e-11	1.107372e-10	3.250941e-10	8.371460e-10
	1.959878e-09	4.232239e-09	8.499357e-09	1.598081e-08	2.831215e-08
	4.755332e-08	7.616488e-08	1.169606e-07	1.730460e-07	2.477540e-07
	3.445844e-07	4.671541e-07	6.191597e-07	8.043554e-07	1.026547e-06
	1.289601e-06	1.597474e-06	1.954263e-06	2.364270e-06	2.832070e-06
	3.362254e-06	3.958619e-06	4.623262e-06	5.356202e-06	6.156067e-06
	7.020592e-06	7.945041e-06	8.920145e-06	9.932300e-06	1.096594e-05
	1.200550e-05	1.303598e-05	1.404468e-05	1.502295e-05	1.596067e-05
	1.683440e-05	1.760672e-05	1.824328e-05	1.873172e-05	1.907993e-05
	1.930340e-05	1.941686e-05	1.943175e-05	1.935663e-05	1.919958e-05
	1.897312e-05	1.870137e-05	1.842778e-05	1.821910e-05	1.816022e-05
	1.833662e-05	1.880688e-05	1.957710e-05	2.059483e-05	2.176592e-05
	2.298023e-05	2.413096e-05	2.512371e-05	2.587627e-05	2.631923e-05
	2.640408e-05	2.611148e-05	2.544931e-05	2.444346e-05	2.313154e-05
	2.156300e-05	1.980070e-05	1.791814e-05	1.599262e-05	1.409704e-05
	1.229039e-05	1.061014e-05	9.071475e-06	7.674883e-06	6.417313e-06
	5.298399e-06	4.318439e-06	3.474006e-06	2.757425e-06	2.158425e-06
	1.664797e-06	1.263268e-06	9.411930e-07	6.872587e-07	4.908900e-07
	3.419276e-07	2.311097e-07	1.505390e-07	9.365940e-08	5.501708e-08
	3.006215e-08	1.499662e-08	6.677226e-09	2.578951e-09	8.303180e-10
	2.147218e-10	4.439231e-11	7.704971e-12	1.250827e-12	2.187615e-13
	4.681226e-14	1.319574e-14	4.952757e-15	2.424414e-15	1.527047e-15
	1.190045e-15	1.033341e-15	9.038199e-16	7.632547e-16	6.201055e-16
	4.899387e-16	3.807803e-16	2.930815e-16	2.237867e-16	1.691722e-16
	1.260919e-16	9.228200e-17	6.612094e-17	4.629882e-17	3.164957e-17
	2.110838e-17	1.372653e-17	8.697093e-18	5.364527e-18	3.218404e-18
	1.876375e-18	1.062247e-18	5.835360e-19	3.108596e-19	1.604336e-19
	8.003745e-20	3.837214e-20	1.740425e-20	7.144334e-21	2.264399e-21
	1.000000e-60
massfraction-N-C3H7
	1.000000e-60	8.946092e-16	3.445806e-15	1.013344e-14	2.614037e-14
	6.130338e-14	1.325979e-13	2.667000e-13	5.021837e-13	8.908814e-13
	1.498198e-12	2.402399e-12	3.693137e-12	5.469525e-12	7.838090e-12
	1.091087e-11	1.480378e-11	1.963547e-11	2.552655e-11	3.259936e-11
	4.097823e-11	5.079018e-11	6.216610e-11	7.524183e-11	9.015755e-11
	1.070430e-10	1.259754e-10	1.469119e-10	1.695876e-10	1.933417e-10
	2.167285e-10	2.367566e-10	2.479743e-10	2.426147e-10	2.143931e-10
	1.669562e-10	1.171678e-10	7.978204e-11	5.538456e-11	3.941459e-11
	2.879703e-11	2.178867e-11	1.723640e-11	1.431057e-11	1.244788e-11
	1.130289e-11	1.067491e-11	1.045055e-11	1.057139e-11	1.101818e-11
	1.180578e-11	1.298710e-11	1.466728e-11	1.702988e-11	2.037605e-11
	2.516812e-11	3.205367e-11	4.184538e-11	5.544572e-11	7.373332e-11
	9.744225e-11	1.270589e-10	1.627492e-10	2.042027e-10	2.503722e-10
	2.993695e-10	3.487273e-10	3.958545e-10	4.383250e-10	4.739292e-10
	5.007138e-10	5.171772e-10	5.225522e-10	5.169874e-10	5.015365e-10
	4.779280e-10	4.481421e-10	4.139824e-10	3.768890e-10	3.380680e-10
	2.987042e-10	2.599760e-10	2.229001e-10	1.882499e-10	1.565715e-10
	1.281779e-10	1.031658e-10	8.150873e-11	6.311989e-11	4.783111e-11
	3.537427e-11	2.542305e-11	1.764821e-11	1.173958e-11	7.405663e-12
	4.371090e-12	2.373355e-12	1.161375e-12	4.991791e-13	1.819549e-13
	5.453449e-14	1.346065e-14	2.889901e-15	6.039093e-16	1.420549e-16
	4.307383e-17	1.843357e-17	1.151488e-17	1.050240e-17	1.395093e-17
	2.610482e-17	5.992205e-17	1.046527e-16	1.105538e-16	9.239103e-17
	7.131650e-17	5.378790e-17	4.030993e-17	3.009237e-17	2.231232e-17
	1.635130e-17	1.178991e-17	8.338379e-18	5.773914e-18	3.910352e-18
	2.588152e-18	1.672759e-18	1.054685e-18	6.479942e-19	3.874990e-19
	2.252889e-19	1.272208e-19	6.972364e-20	3.705852e-20	1.908285e-20
	9.498905e-21	4.544058e-21	2.056666e-21	8.425801e-22	2.665867e-22
	1.000000e-60
massfraction-I-C3H7
	1.000000e-60	1.000007e-60	1.000045e-60	1.000114e-60	1.000221e-60
	1.000369e-60	1.000539e-60	1.000681e-60	1.000700e-60	1.000451e-60
	9.997314e-61	9.982877e-61	9.958207e-61	9.919957e-61	9.864536e-61
	9.788221e-61	9.687264e-61	9.557985e-61	9.396861e-61	9.200596e-61
	8.966190e-61	8.690999e-61	8.372791e-61	8.009801e-61	7.600819e-61
	7.145570e-61	6.645537e-61	6.104717e-61	5.529703e-61	4.928723e-61
	4.310787e-61	3.686199e-61	3.066953e-61	2.465497e-61	1.893152e-61
	1.360960e-61	8.840902e-62	4.870018e-62	2.026939e-62	5.254885e-63
	6.777865e-64	3.878721e-65	1.292579e-66	2.288814e-67	1.529427e-67
	1.133457e-67	8.794157e-68	7.101237e-68	5.938910e-68	5.121413e-68
	4.535505e-68	4.109720e-68	3.797557e-68	3.567970e-68	3.399876e-68
	3.278974e-68	3.195402e-68	3.141095e-68	3.107281e-68	3.083407e-68
	3.058027e-68	3.020553e-68	2.962552e-68	2.878404e-68	2.765820e-68
	2.626077e-68	2.463308e-68	2.282973e-68	2.090609e-68	1.891522e-68
	1.691019e-68	1.494447e-68	1.306800e-68	1.132207e-68	9.735831e-69
	8.323399e-69	7.083064e-69	6.000732e-69	5.057080e-69	4.234928e-69
	3.522155e-69	2.909516e-69	2.387600e-69	1.946393e-69	1.576074e-69
	1.267115e-69	1.010470e-69	7.982841e-70	6.241059e-70	4.823313e-70
	3.677777e-70	2.758064e-70	2.025564e-70	1.449284e-70	1.004380e-70
	6.711592e-71	4.349137e-71	2.880684e-71	2.405863e-71	3.672489e-71
	1.032403e-70	4.113551e-70	2.073761e-69	1.252413e-68	8.505134e-68
	6.172282e-67	4.712182e-66	3.846572e-65	3.393466e-64	2.429863e-63
	8.035039e-63	1.287616e-62	1.517050e-62	1.616046e-62	1.702193e-62
	1.857447e-62	2.138928e-62	2.587498e-62	3.235780e-62	4.115157e-62
	5.258899e-62	6.697013e-62	8.447382e-62	1.051188e-61	1.287840e-61
	1.552750e-61	1.844082e-61	2.160747e-61	2.502818e-61	2.871709e-61
	3.270162e-61	3.702125e-61	4.172526e-61	4.687000e-61	5.251567e-61
	5.872341e-61	6.555316e-61	7.306252e-61	8.130126e-61	9.028316e-61
	1.000000e-60
massfraction-C3H8
	1.000000e-60	1.000010e-60	1.000059e-60	1.000150e-60	1.000310e-60
	1.000564e-60	1.000938e-60	1.001448e-60	1.002090e-60	1.002836e-60
	1.003629e-60	1.004384e-60	1.004987e-60	1.005298e-60	1.005159e-60
	1.004397e-60	1.002825e-60	1.000250e-60	9.964749e-61	9.912980e-61
	9.845160e-61	9.759234e-61	9.653113e-61	9.524655e-61	9.371639e-61
	9.191848e-61	8.983366e-61	8.744938e-61	8.476145e-61	8.177160e-61
	7.848504e-61	7.491552e-61	7.109275e-61	6.706126e-61	6.287076e-61
	5.856781e-61	5.419304e-61	4.977262e-61	4.530754e-61	4.079257e-61
	3.627056e-61	3.186638e-61	2.773618e-61	2.398129e-61	2.062557e-61
	1.765036e-61	1.502533e-61	1.271896e-61	1.070078e-61	8.942196e-62
	7.416748e-62	6.100625e-62	4.972957e-62	4.015616e-62	3.212498e-62
	2.548905e-62	2.010654e-62	1.582255e-62	1.246263e-62	9.846301e-63
	7.807988e-63	6.210300e-63	4.946434e-63	3.938492e-63	3.132055e-63
	2.487748e-63	1.974169e-63	1.564715e-63	1.237384e-63	9.750623e-64
	7.649693e-64	5.974671e-64	4.648822e-64	3.608035e-64	2.797656e-64
	2.170443e-64	1.685660e-64	1.309381e-64	1.015121e-64	7.837153e-65
	6.017814e-65	4.594457e-65	3.487399e-65	2.630906e-65	1.971796e-65
	1.467010e-65	1.081885e-65	7.894935e-66	5.692762e-66	4.050391e-66
	2.836790e-66	1.948039e-66	1.304678e-66	8.467380e-67	5.286274e-67
	3.154616e-67	1.805622e-67	1.042018e-67	7.451421e-68	9.510659e-68
	2.165068e-67	6.707722e-67	2.504716e-66	1.061061e-65	4.761782e-65
	2.125676e-64	9.032052e-64	3.511565e-63	1.189370e-62	3.342477e-62
	7.604497e-62	1.419750e-61	2.261194e-61	3.198665e-61	4.145654e-61
	5.034980e-61	5.829549e-61	6.520091e-61	7.113639e-61	7.623407e-61
	8.062148e-61	8.438762e-61	8.758798e-61	9.026656e-61	9.246966e-61
	9.425016e-61	9.566572e-61	9.677428e-61	9.763042e-61	9.828301e-61
	9.877418e-61	9.913922e-61	9.940701e-61	9.960075e-61	9.973875e-61
	9.983530e-61	9.990140e-61	9.994543e-61	9.997366e-61	9.999070e-61
	1.000000e-60
V [kg/(s*m^2)]
	3.475656e-01	3.289365e-01	3.107026e-01	2.933015e-01	2.770186e-01
	2.619217e-01	2.479825e-01	2.351398e-01	2.233094e-01	2.123944e-01
	2.022936e-01	1.929079e-01	1.841440e-01	1.759163e-01	1.681478e-01
	1.607693e-01	1.537193e-01	1.469427e-01	1.403898e-01	1.340154e-01
	1.277777e-01	1.216371e-01	1.155552e-01	1.094940e-01	1.034147e-01
	9.728055e-02	9.106267e-02	8.474337e-02	7.831287e-02	7.175923e-02
	6.506329e-02	5.820988e-02	5.119982e-02	4.404624e-02	3.675954e-02
	2.933771e-02	2.176538e-02	1.400043e-02	5.951529e-03	-2.497704e-03
	-1.138821e-02	-2.059168e-02	-2.985822e-02	-3.897244e-02	-4.783250e-02
	-5.641066e-02	-6.470051e-02	-7.269783e-02	-8.039790e-02	-8.779528e-02
	-9.488402e-02	-1.016557e-01	-1.080966e-01	-1.141848e-01	-1.198909e-01
	-1.251769e-01	-1.300003e-01	-1.343309e-01	-1.381697e-01	-1.415529e-01
	-1.445401e-01	-1.471992e-01	-1.495953e-01	-1.517816e-01	-1.537939e-01
	-1.556545e-01	-1.573809e-01	-1.589926e-01	-1.605104e-01	-1.619534e-01
	-1.633346e-01	-1.646610e-01	-1.659351e-01	-1.671567e-01	-1.683246e-01
	-1.694384e-01	-1.705018e-01	-1.715240e-01	-1.725172e-01	-1.734928e-01
	-1.744571e-01	-1.754125e-01	-1.763605e-01	-1.773032e-01	-1.782429e-01
	-1.791830e-01	-1.801288e-01	-1.810860e-01	-1.820591e-01	-1.830522e-01
	-1.840726e-01	-1.851313e-01	-1.862434e-01	-1.874273e-01	-1.887065e-01
	-1.901103e-01	-1.916759e-01	-1.934494e-01	-1.954928e-01	-1.979062e-01
	-2.008185e-01	-2.043449e-01	-2.085497e-01	-2.134008e-01	-2.187846e-01
	-2.246157e-01	-2.309055e-01	-2.376996e-01	-2.449798e-01	-2.526302e-01
	-2.604616e-01	-2.682980e-01	-2.760613e-01	-2.837489e-01	-2.913557e-01
	-2.988453e-01	-3.061888e-01	-3.134067e-01	-3.205707e-01	-3.277931e-01
	-3.352026e-01	-3.429059e-01	-3.509681e-01	-3.594214e-01	-3.682790e-01
	-3.775470e-01	-3.872334e-01	-3.973497e-01	-4.079101e-01	-4.189287e-01
	-4.304160e-01	-4.423761e-01	-4.548039e-01	-4.676839e-01	-4.809886e-01
	-4.946802e-01	-5.087132e-01	-5.230387e-01	-5.375988e-01	-5.522878e-01
	-5.669924e-01
density [kg/m^3]
	6.431859e-01	6.430133e-01	6.427143e-01	6.422098e-01	6.413936e-01
	6.401315e-01	6.382693e-01	6.356494e-01	6.321271e-01	6.275865e-01
	6.219497e-01	6.151822e-01	6.072913e-01	5.983217e-01	5.883476e-01
	5.774649e-01	5.657825e-01	5.534151e-01	5.404774e-01	5.270786e-01
	5.133196e-01	4.992901e-01	4.850674e-01	4.707153e-01	4.562850e-01
	4.418238e-01	4.273920e-01	4.130693e-01	3.989446e-01	3.850917e-01
	3.715586e-01	3.583923e-01	3.456571e-01	3.334204e-01	3.217241e-01
	3.105727e-01	2.999411e-01	2.897644e-01	2.799248e-01	2.702934e-01
	2.608458e-01	2.517176e-01	2.431301e-01	2.352274e-01	2.280238e-01
	2.214683e-01	2.155002e-01	2.100657e-01	2.051186e-01	2.006191e-01
	1.965329e-01	1.928308e-01	1.894900e-01	1.864932e-01	1.838282e-01
	1.814859e-01	1.794587e-01	1.777324e-01	1.762809e-01	1.750676e-01
	1.740517e-01	1.731953e-01	1.724660e-01	1.718393e-01	1.712992e-01
	1.708350e-01	1.704384e-01	1.701020e-01	1.698192e-01	1.695851e-01
	1.693974e-01	1.692553e-01	1.691588e-01	1.691079e-01	1.691023e-01
	1.691407e-01	1.692217e-01	1.693444e-01	1.695096e-01	1.697197e-01
	1.699776e-01	1.702855e-01	1.706457e-01	1.710607e-01	1.715329e-01
	1.720656e-01	1.726635e-01	1.733327e-01	1.740787e-01	1.749073e-01
	1.758275e-01	1.768530e-01	1.780035e-01	1.793052e-01	1.807933e-01
	1.825144e-01	1.845307e-01	1.869234e-01	1.898066e-01	1.933693e-01
	1.978819e-01	2.036589e-01	2.110248e-01	2.202440e-01	2.315123e-01
	2.451388e-01	2.617519e-01	2.822515e-01	3.075294e-01	3.381318e-01
	3.739844e-01	4.144866e-01	4.589168e-01	5.065516e-01	5.564140e-01
	6.071892e-01	6.576018e-01	7.068177e-01	7.544857e-01	8.005952e-01
	8.452108e-01	8.881638e-01	9.289694e-01	9.669812e-01	1.001574e+00
	1.032281e+00	1.058865e+00	1.081316e+00	1.099815e+00	1.114687e+00
	1.126350e+00	1.135272e+00	1.141927e+00	1.146768e+00	1.150203e+00
	1.152583e+00	1.154195e+00	1.155263e+00	1.155958e+00	1.156401e+00
	1.156679e+00
cp [J/m^3K]
	2.197908e+03	2.198253e+03	2.198815e+03	2.199717e+03	2.201120e+03
	2.203227e+03	2.206271e+03	2.210491e+03	2.216105e+03	2.223292e+03
	2.232172e+03	2.242803e+03	2.255178e+03	2.269231e+03	2.284845e+03
	2.301862e+03	2.320097e+03	2.339341e+03	2.359375e+03	2.379977e+03
	2.400924e+03	2.422000e+03	2.442997e+03	2.463719e+03	2.483978e+03
	2.503584e+03	2.522320e+03	2.539938e+03	2.556176e+03	2.570787e+03
	2.583532e+03	2.594132e+03	2.602240e+03	2.607443e+03	2.609262e+03
	2.607113e+03	2.600253e+03	2.587680e+03	2.567917e+03	2.538798e+03
	2.497575e+03	2.444575e+03	2.387337e+03	2.328329e+03	2.269041e+03
	2.210398e+03	2.153048e+03	2.097490e+03	2.044113e+03	1.993208e+03
	1.944987e+03	1.899602e+03	1.857183e+03	1.817857e+03	1.781755e+03
	1.749017e+03	1.719778e+03	1.694073e+03	1.671745e+03	1.652444e+03
	1.635716e+03	1.621093e+03	1.608152e+03	1.596556e+03	1.586082e+03
	1.576584e+03	1.567945e+03	1.560046e+03	1.552762e+03	1.545986e+03
	1.539642e+03	1.533685e+03	1.528091e+03	1.522845e+03	1.517938e+03
	1.513354e+03	1.509063e+03	1.505015e+03	1.501150e+03	1.497414e+03
	1.493777e+03	1.490224e+03	1.486744e+03	1.483324e+03	1.479948e+03
	1.476601e+03	1.473260e+03	1.469898e+03	1.466497e+03	1.463039e+03
	1.459493e+03	1.455818e+03	1.451956e+03	1.447839e+03	1.443379e+03
	1.438467e+03	1.432963e+03	1.426691e+03	1.419416e+03	1.410760e+03
	1.400232e+03	1.387379e+03	1.371935e+03	1.353999e+03	1.333991e+03
	1.312258e+03	1.288820e+03	1.263640e+03	1.237035e+03	1.209816e+03
	1.180455e+03	1.150559e+03	1.123796e+03	1.101449e+03	1.083511e+03
	1.069432e+03	1.058450e+03	1.049810e+03	1.042883e+03	1.037198e+03
	1.032429e+03	1.028373e+03	1.024909e+03	1.021962e+03	1.019475e+03
	1.017398e+03	1.015683e+03	1.014286e+03	1.013162e+03	1.012272e+03
	1.011577e+03	1.011043e+03	1.010639e+03	1.010339e+03	1.010118e+03
	1.009959e+03	1.009845e+03	1.009763e+03	1.009705e+03	1.009663e+03
	1.009633e+03
lambda [W/m]
	3.231541e-02	3.233162e-02	3.235795e-02	3.240007e-02	3.246555e-02
	3.256410e-02	3.270717e-02	3.290697e-02	3.317567e-02	3.352447e-02
	3.396316e-02	3.449983e-02	3.514088e-02	3.589125e-02	3.675467e-02
	3.773400e-02	3.883160e-02	4.004963e-02	4.139036e-02	4.285648e-02
	4.445141e-02	4.617960e-02	4.804689e-02	5.006095e-02	5.223164e-02
	5.457001e-02	5.708553e-02	5.978358e-02	6.266548e-02	6.573215e-02
	6.898632e-02	7.242676e-02	7.604064e-02	7.980326e-02	8.368442e-02
	8.765260e-02	9.167403e-02	9.571694e-02	9.975643e-02	1.037490e-01
	1.075703e-01	1.110807e-01	1.143406e-01	1.172779e-01	1.198696e-01
	1.221282e-01	1.240772e-01	1.257427e-01	1.271511e-01	1.283289e-01
	1.293013e-01	1.300920e-01	1.307224e-01	1.312121e-01	1.315788e-01
	1.318394e-01	1.320102e-01	1.321075e-01	1.321476e-01	1.321449e-01
	1.321111e-01	1.320542e-01	1.319795e-01	1.318904e-01	1.317887e-01
	1.316761e-01	1.315537e-01	1.314217e-01	1.312796e-01	1.311261e-01
	1.309599e-01	1.307799e-01	1.305855e-01	1.303763e-01	1.301527e-01
	1.299153e-01	1.296640e-01	1.293975e-01	1.291128e-01	1.288063e-01
	1.284755e-01	1.281184e-01	1.277339e-01	1.273204e-01	1.268763e-01
	1.263995e-01	1.258871e-01	1.253353e-01	1.247409e-01	1.241010e-01
	1.234108e-01	1.226622e-01	1.218440e-01	1.209416e-01	1.199361e-01
	1.188032e-01	1.175124e-01	1.160257e-01	1.142930e-01	1.122328e-01
	1.097414e-01	1.067294e-01	1.031530e-01	9.905158e-02	9.453310e-02
	8.968429e-02	8.451989e-02	7.904648e-02	7.335186e-02	6.762782e-02
	6.201746e-02	5.676513e-02	5.208343e-02	4.801045e-02	4.451703e-02
	4.155459e-02	3.905765e-02	3.694791e-02	3.514835e-02	3.359263e-02
	3.223083e-02	3.103249e-02	2.998210e-02	2.907104e-02	2.829206e-02
	2.763657e-02	2.709401e-02	2.665241e-02	2.629912e-02	2.602151e-02
	2.580742e-02	2.564553e-02	2.552557e-02	2.543850e-02	2.537657e-02
	2.533338e-02	2.530377e-02	2.528378e-02	2.527044e-02	2.526162e-02
	2.525581e-02
mu [kg/s^2m]
	1.146011e-05	1.146219e-05	1.146633e-05	1.147404e-05	1.148743e-05
	1.150920e-05	1.154253e-05	1.159084e-05	1.165752e-05	1.174572e-05
	1.185815e-05	1.199707e-05	1.216426e-05	1.236110e-05	1.258864e-05
	1.284775e-05	1.313918e-05	1.346367e-05	1.382208e-05	1.421544e-05
	1.464507e-05	1.511268e-05	1.562046e-05	1.617125e-05	1.676863e-05
	1.741670e-05	1.811933e-05	1.887950e-05	1.969925e-05	2.058081e-05
	2.152736e-05	2.254155e-05	2.362353e-05	2.477096e-05	2.598134e-05
	2.725377e-05	2.858959e-05	2.999516e-05	3.148671e-05	3.308675e-05
	3.480500e-05	3.661785e-05	3.847345e-05	4.032220e-05	4.213596e-05
	4.390197e-05	4.561269e-05	4.726188e-05	4.884403e-05	5.035423e-05
	5.178822e-05	5.314196e-05	5.441103e-05	5.559028e-05	5.667394e-05
	5.765582e-05	5.853011e-05	5.929460e-05	5.995361e-05	6.051779e-05
	6.100128e-05	6.141859e-05	6.178281e-05	6.210416e-05	6.238953e-05
	6.264338e-05	6.286921e-05	6.307047e-05	6.325044e-05	6.341177e-05
	6.355608e-05	6.368410e-05	6.379604e-05	6.389195e-05	6.397191e-05
	6.403627e-05	6.408577e-05	6.412129e-05	6.414351e-05	6.415263e-05
	6.414840e-05	6.413046e-05	6.409842e-05	6.405193e-05	6.399061e-05
	6.391403e-05	6.382149e-05	6.371210e-05	6.358499e-05	6.343926e-05
	6.327356e-05	6.308563e-05	6.287214e-05	6.262864e-05	6.234914e-05
	6.202574e-05	6.164817e-05	6.120337e-05	6.067356e-05	6.002965e-05
	5.923241e-05	5.824250e-05	5.702995e-05	5.558813e-05	5.393380e-05
	5.207916e-05	5.001149e-05	4.771491e-05	4.520996e-05	4.257254e-05
	3.992081e-05	3.736888e-05	3.498753e-05	3.280903e-05	3.085054e-05
	2.912135e-05	2.761523e-05	2.630913e-05	2.517204e-05	2.417296e-05
	2.328701e-05	2.249921e-05	2.180282e-05	2.119475e-05	2.067213e-05
	2.023068e-05	1.986435e-05	1.956577e-05	1.932684e-05	1.913928e-05
	1.899496e-05	1.888623e-05	1.880612e-05	1.874842e-05	1.870782e-05
	1.867993e-05	1.866119e-05	1.864888e-05	1.864096e-05	1.863599e-05
	1.863292e-05
mDot_CH4 [kg/m^3s]
	0.000000e+00	1.331708e-14	1.368763e-13	5.663002e-13	1.704353e-12
	4.299520e-12	9.654170e-12	1.994991e-11	3.881192e-11	7.232393e-11
	1.308717e-10	2.324919e-10	4.089875e-10	7.171693e-10	1.259685e-09
	2.223872e-09	3.954639e-09	7.091719e-09	1.282891e-08	2.340457e-08
	4.303042e-08	7.965038e-08	1.482687e-07	2.772347e-07	5.200520e-07
	9.770294e-07	1.832926e-06	3.417722e-06	6.295688e-06	1.138145e-05
	2.005298e-05	3.413559e-05	5.549052e-05	8.488760e-05	1.199643e-04
	1.522413e-04	1.631998e-04	1.187991e-04	-4.142507e-05	-4.290773e-04
	-1.251417e-03	-2.864499e-03	-5.799523e-03	-1.077165e-02	-1.876401e-02
	-3.124487e-02	-5.049376e-02	-8.004500e-02	-1.253540e-01	-1.948445e-01
	-3.015229e-01	-4.654005e-01	-7.171320e-01	-1.103570e+00	-1.696250e+00
	-2.602671e+00	-3.975233e+00	-6.005635e+00	-8.891892e+00	-1.278470e+01
	-1.774307e+01	-2.372192e+01	-3.058863e+01	-3.813228e+01	-4.605723e+01
	-5.400249e+01	-6.160379e+01	-6.855669e+01	-7.463471e+01	-7.967032e+01
	-8.353777e+01	-8.615762e+01	-8.751307e+01	-8.765861e+01	-8.671476e+01
	-8.484849e+01	-8.223915e+01	-7.904279e+01	-7.537570e+01	-7.132728e+01
	-6.698503e+01	-6.244271e+01	-5.778904e+01	-5.310011e+01	-4.844107e+01
	-4.386303e+01	-3.940062e+01	-3.508174e+01	-3.093775e+01	-2.699876e+01
	-2.328322e+01	-1.979806e+01	-1.654763e+01	-1.353992e+01	-1.078810e+01
	-8.311844e+00	-6.137526e+00	-4.295505e+00	-2.808730e+00	-1.679411e+00
	-8.960257e-01	-4.204563e-01	-1.747891e-01	-6.670594e-02	-2.460274e-02
	-9.130751e-03	-3.464002e-03	-1.338116e-03	-5.185549e-04	-1.995783e-04
	-7.703123e-05	-3.030133e-05	-1.221442e-05	-5.063570e-06	-2.186509e-06
	-9.983111e-07	-4.841183e-07	-2.475001e-07	-1.316895e-07	-7.191990e-08
	-3.981856e-08	-2.216027e-08	-1.234577e-08	-6.875359e-09	-3.826046e-09
	-2.126411e-09	-1.178517e-09	-6.496698e-10	-3.549422e-10	-1.913487e-10
	-1.012824e-10	-5.234856e-11	-2.626061e-11	-1.269593e-11	-5.861861e-12
	-2.550427e-12	-1.022227e-12	-3.610302e-13	-1.013025e-13	-1.616584e-14
	0.000000e+00
ScalarDissRate [1/s]
	5.369570e-05	1.268181e-04	5.111611e-04	1.854382e-03	5.992803e-03
	1.729410e-02	4.486451e-02	1.054610e-01	2.266543e-01	4.495421e-01
	8.303966e-01	1.440919e+00	2.367159e+00	3.707384e+00	5.569305e+00
	8.067007e+00	1.131783e+01	1.543935e+01	2.054645e+01	2.674857e+01
	3.414687e+01	4.283144e+01	5.287833e+01	6.434607e+01	7.727084e+01
	9.165152e+01	1.074203e+02	1.244138e+02	1.423645e+02	1.609217e+02
	1.796696e+02	1.981029e+02	2.156157e+02	2.315535e+02	2.452990e+02
	2.563249e+02	2.642056e+02	2.686169e+02	2.692897e+02	2.659333e+02
	2.583949e+02	2.469916e+02	2.325795e+02	2.163352e+02	1.992472e+02
	1.820412e+02	1.652369e+02	1.491994e+02	1.341698e+02	1.202904e+02
	1.076277e+02	9.619487e+01	8.597164e+01	7.691885e+01	6.898548e+01
	6.211469e+01	5.624499e+01	5.129638e+01	4.716048e+01	4.370804e+01
	4.080752e+01	3.834079e+01	3.620966e+01	3.433988e+01	3.268103e+01
	3.119945e+01	2.986885e+01	2.866454e+01	2.756321e+01	2.654539e+01
	2.559727e+01	2.471040e+01	2.387991e+01	2.310290e+01	2.237741e+01
	2.170093e+01	2.106886e+01	2.047386e+01	1.990726e+01	1.936167e+01
	1.883285e+01	1.831904e+01	1.781906e+01	1.733146e+01	1.685480e+01
	1.638726e+01	1.592623e+01	1.546908e+01	1.501405e+01	1.455967e+01
	1.410341e+01	1.364125e+01	1.316813e+01	1.267829e+01	1.216510e+01
	1.162092e+01	1.103727e+01	1.040527e+01	9.714676e+00	8.949296e+00
	8.094872e+00	7.154812e+00	6.157607e+00	5.157093e+00	4.212972e+00
	3.362701e+00	2.617857e+00	1.981527e+00	1.457420e+00	1.045338e+00
	7.370674e-01	5.153546e-01	3.591689e-01	2.499672e-01	1.739463e-01
	1.213107e-01	8.494028e-02	5.967475e-02	4.193247e-02	2.931555e-02
	2.026205e-02	1.376875e-02	9.163989e-03	5.959581e-03	3.780922e-03
	2.336958e-03	1.405166e-03	8.205037e-04	4.643892e-04	2.542629e-04
	1.344276e-04	6.852167e-05	3.363734e-05	1.589388e-05	7.229212e-06
	3.167540e-06	1.338674e-06	5.465605e-07	2.160076e-07	8.304220e-08
	4.824910e-08
ZBilger
	1.000000e+00	9.999556e-01	9.998564e-01	9.996583e-01	9.992998e-01
	9.987009e-01	9.977656e-01	9.963892e-01	9.944654e-01	9.918935e-01
	9.885830e-01	9.844560e-01	9.794484e-01	9.735083e-01	9.665947e-01
	9.586750e-01	9.497229e-01	9.397160e-01	9.286338e-01	9.164557e-01
	9.031589e-01	8.887166e-01	8.730956e-01	8.562541e-01	8.381397e-01
	8.186994e-01	7.979043e-01	7.757704e-01	7.523574e-01	7.277353e-01
	7.019628e-01	6.751279e-01	6.473959e-01	6.189936e-01	5.901435e-01
	5.610186e-01	5.317364e-01	5.023108e-01	4.725848e-01	4.423494e-01
	4.117000e-01	3.813013e-01	3.521018e-01	3.247774e-01	2.995419e-01
	2.763445e-01	2.550627e-01	2.355679e-01	2.177358e-01	2.014484e-01
	1.865950e-01	1.730758e-01	1.608071e-01	1.497239e-01	1.397772e-01
	1.309330e-01	1.231660e-01	1.164334e-01	1.106523e-01	1.057008e-01
	1.014394e-01	9.773328e-02	9.446430e-02	9.154083e-02	8.890120e-02
	8.650561e-02	8.432276e-02	8.232115e-02	8.046908e-02	7.873931e-02
	7.711275e-02	7.557848e-02	7.413113e-02	7.276829e-02	7.148878e-02
	7.029008e-02	6.916549e-02	6.810313e-02	6.708825e-02	6.610817e-02
	6.515564e-02	6.422775e-02	6.332245e-02	6.243712e-02	6.156899e-02
	6.071444e-02	5.986823e-02	5.902486e-02	5.818016e-02	5.733023e-02
	5.646891e-02	5.558664e-02	5.467117e-02	5.370777e-02	5.267841e-02
	5.156079e-02	5.032755e-02	4.894594e-02	4.737342e-02	4.554302e-02
	4.337536e-02	4.081629e-02	3.786834e-02	3.461924e-02	3.121590e-02
	2.778026e-02	2.437289e-02	2.104258e-02	1.787190e-02	1.496502e-02
	1.240842e-02	1.023429e-02	8.417458e-03	6.908473e-03	5.661875e-03
	4.640304e-03	3.807734e-03	3.127844e-03	2.567754e-03	2.100483e-03
	1.706108e-03	1.371816e-03	1.089806e-03	8.545492e-04	6.611529e-04
	5.047034e-04	3.801865e-04	2.826901e-04	2.075927e-04	1.506937e-04
	1.082794e-04	7.714546e-05	5.459516e-05	3.841947e-05	2.686352e-05
	1.857916e-05	1.256723e-05	8.114138e-06	4.730090e-06	2.095535e-06
	0.000000e+00
ScalarDissRateBilger [1/s]
	3.905561e-05	1.063914e-04	4.960894e-04	1.964316e-03	6.712803e-03
	2.012191e-02	5.364879e-02	1.287383e-01	2.811382e-01	5.645868e-01
	1.052852e+00	1.839451e+00	3.034979e+00	4.762402e+00	7.151028e+00
	1.032987e+01	1.442102e+01	1.953358e+01	2.575828e+01	3.316311e+01
	4.178975e+01	5.165086e+01	6.272811e+01	7.497040e+01	8.829153e+01
	1.025590e+02	1.175723e+02	1.330489e+02	1.486331e+02	1.639322e+02
	1.785425e+02	1.920409e+02	2.039901e+02	2.139888e+02	2.217298e+02
	2.270186e+02	2.297607e+02	2.299374e+02	2.275387e+02	2.225797e+02
	2.151437e+02	2.055117e+02	1.942362e+02	1.820380e+02	1.694975e+02
	1.570098e+02	1.448457e+02	1.331940e+02	1.221812e+02	1.118865e+02
	1.023526e+02	9.359709e+01	8.562322e+01	7.842650e+01	7.199730e+01
	6.632261e+01	6.138416e+01	5.714393e+01	5.353288e+01	5.045593e+01
	4.780877e+01	4.549341e+01	4.342588e+01	4.154177e+01	3.979830e+01
	3.816955e+01	3.663781e+01	3.518689e+01	3.380087e+01	3.246669e+01
	3.117688e+01	2.992999e+01	2.872877e+01	2.757807e+01	2.648331e+01
	2.544801e+01	2.447124e+01	2.354667e+01	2.266488e+01	2.181789e+01
	2.100245e+01	2.021913e+01	1.946932e+01	1.875403e+01	1.807421e+01
	1.743027e+01	1.682149e+01	1.624725e+01	1.570793e+01	1.520391e+01
	1.473396e+01	1.429497e+01	1.388274e+01	1.349215e+01	1.311662e+01
	1.274727e+01	1.237186e+01	1.197362e+01	1.152910e+01	1.100405e+01
	1.035788e+01	9.559816e+00	8.607688e+00	7.542007e+00	6.431737e+00
	5.337072e+00	4.294764e+00	3.335695e+00	2.496670e+00	1.808696e+00
	1.281032e+00	8.955023e-01	6.205559e-01	4.268174e-01	2.918756e-01
	1.991249e-01	1.359276e-01	9.285984e-02	6.330874e-02	4.284499e-02
	2.859239e-02	1.870460e-02	1.194676e-02	7.431794e-03	4.496127e-03
	2.642610e-03	1.507479e-03	8.339018e-04	4.470890e-04	2.323789e-04
	1.172805e-04	5.768829e-05	2.783786e-05	1.331294e-05	6.398337e-06
	3.143375e-06	1.606644e-06	8.667717e-07	4.973234e-07	3.035342e-07
	2.379750e-07
ChiAnalytOverChiStoich
	1.000000e-10	1.000000e-10	1.000000e-10	1.000000e-10	1.000000e-10
	1.000000e-10	7.332774e-04	1.041353e-02	2.575394e-02	4.947523e-02
	8.523414e-02	1.376801e-01	2.123932e-01	3.156942e-01	4.543443e-01
	6.351704e-01	8.646566e-01	1.148549e+00	1.491511e+00	1.896848e+00
	2.366335e+00	2.900128e+00	3.496766e+00	4.153232e+00	4.864988e+00
	5.625542e+00	6.425404e+00	7.251373e+00	8.086953e+00	8.914021e+00
	9.713834e+00	1.046600e+01	1.114816e+01	1.173825e+01	1.221764e+01
	1.257250e+01	1.279359e+01	1.287557e+01	1.281449e+01	1.260493e+01
	1.224400e+01	1.174378e+01	1.113672e+01	1.046350e+01	9.758267e+00
	9.045346e+00	8.342176e+00	7.661471e+00	7.012293e+00	6.400811e+00
	5.830899e+00	5.304776e+00	4.823606e+00	4.387917e+00	3.997766e+00
	3.652882e+00	3.352600e+00	3.095027e+00	2.876389e+00	2.691343e+00
	2.533964e+00	2.398669e+00	2.280664e+00	2.176273e+00	2.083006e+00
	1.999221e+00	1.923627e+00	1.854967e+00	1.792019e+00	1.733754e+00
	1.679444e+00	1.628654e+00	1.581145e+00	1.536777e+00	1.495453e+00
	1.457039e+00	1.421268e+00	1.387721e+00	1.355899e+00	1.325381e+00
	1.295925e+00	1.267427e+00	1.239814e+00	1.212995e+00	1.186877e+00
	1.161344e+00	1.136236e+00	1.111388e+00	1.086679e+00	1.062001e+00
	1.037183e+00	1.011962e+00	9.860105e-01	9.589448e-01	9.303070e-01
	8.995483e-01	8.660194e-01	8.289799e-01	7.875107e-01	7.401873e-01
	6.855009e-01	6.228988e-01	5.535189e-01	4.805984e-01	4.084017e-01
	3.400857e-01	2.770952e-01	2.203431e-01	1.709467e-01	1.298121e-01
	9.705146e-02	7.179799e-02	5.258752e-02	3.797535e-02	2.684253e-02
	1.836322e-02	1.188762e-02	6.892581e-03	2.977434e-03	1.000000e-10
	1.000000e-10	1.000000e-10	1.000000e-10	1.000000e-10	1.000000e-10
	1.000000e-10	1.000000e-10	1.000000e-10	1.000000e-10	1.000000e-10
	1.000000e-10	1.000000e-10	1.000000e-10	1.000000e-10	1.000000e-10
	1.000000e-10	1.000000e-10	1.000000e-10	1.000000e-10	1.000000e-10
	1.000000e-10
ChiKWOverChiKWStoich
	7.198281e-11	7.198684e-11	7.199383e-11	7.200563e-11	7.202475e-11
	7.205439e-11	5.286805e-04	7.514447e-03	1.860581e-02	3.579734e-02
	6.178774e-02	1.000380e-01	1.547479e-01	2.307435e-01	3.332838e-01
	4.678098e-01	6.396627e-01	8.538021e-01	1.114548e+00	1.425372e+00
	1.788738e+00	2.206017e+00	2.677456e+00	3.202186e+00	3.778219e+00
	4.402051e+00	5.067729e+00	5.766098e+00	6.484954e+00	7.210290e+00
	7.927075e+00	8.618264e+00	9.264267e+00	9.844772e+00	1.034158e+01
	1.074012e+01	1.102951e+01	1.120230e+01	1.125276e+01	1.117395e+01
	1.095983e+01	1.061563e+01	1.016438e+01	9.638731e+00	9.068351e+00
	8.475851e+00	7.878333e+00	7.288921e+00	6.717549e+00	6.171529e+00
	5.656016e+00	5.174541e+00	4.729541e+00	4.322737e+00	3.955286e+00
	3.627927e+00	3.340911e+00	3.093193e+00	2.881779e+00	2.702000e+00
	2.548466e+00	2.415992e+00	2.300066e+00	2.197205e+00	2.105045e+00
	2.022036e+00	1.946949e+00	1.878582e+00	1.815749e+00	1.757447e+00
	1.702967e+00	1.651888e+00	1.603978e+00	1.559112e+00	1.517203e+00
	1.478128e+00	1.441630e+00	1.407292e+00	1.374614e+00	1.343170e+00
	1.312714e+00	1.283143e+00	1.254384e+00	1.226347e+00	1.198940e+00
	1.172047e+00	1.145505e+00	1.119146e+00	1.092847e+00	1.066501e+00
	1.039932e+00	1.012871e+00	9.849754e-01	9.558464e-01	9.250089e-01
	8.918961e-01	8.558441e-01	8.161071e-01	7.717721e-01	7.214221e-01
	6.636081e-01	5.979579e-01	5.259107e-01	4.510534e-01	3.779012e-01
	3.096825e-01	2.477975e-01	1.930595e-01	1.464093e-01	1.084820e-01
	7.907192e-02	5.704476e-02	4.078540e-02	2.879205e-02	1.993040e-02
	1.337976e-02	8.517718e-03	4.866353e-03	2.074971e-03	6.888889e-11
	6.817975e-11	6.755043e-11	6.699533e-11	6.651168e-11	6.609685e-11
	6.574710e-11	6.545730e-11	6.522137e-11	6.503271e-11	6.488464e-11
	6.477068e-11	6.468477e-11	6.462137e-11	6.457562e-11	6.454334e-11
	6.452106e-11	6.450602e-11	6.449607e-11	6.448961e-11	6.448549e-11
	6.448290e-11
ChiKWFact
	7.198281e-01	7.198684e-01	7.199383e-01	7.200563e-01	7.202475e-01
	7.205439e-01	7.209830e-01	7.216040e-01	7.224453e-01	7.235407e-01
	7.249178e-01	7.265970e-01	7.285916e-01	7.309085e-01	7.335490e-01
	7.365107e-01	7.397882e-01	7.433743e-01	7.472614e-01	7.514423e-01
	7.559106e-01	7.606621e-01	7.656950e-01	7.710106e-01	7.766142e-01
	7.825115e-01	7.887019e-01	7.951732e-01	8.019033e-01	8.088706e-01
	8.160604e-01	8.234533e-01	8.310129e-01	8.386914e-01	8.464470e-01
	8.542555e-01	8.621117e-01	8.700425e-01	8.781277e-01	8.864751e-01
	8.951180e-01	9.039364e-01	9.126912e-01	9.211763e-01	9.292993e-01
	9.370400e-01	9.443978e-01	9.513736e-01	9.579676e-01	9.641793e-01
	9.700075e-01	9.754495e-01	9.804992e-01	9.851455e-01	9.893742e-01
	9.931686e-01	9.965134e-01	9.994074e-01	1.001874e+00	1.003960e+00
	1.005723e+00	1.007222e+00	1.008507e+00	1.009618e+00	1.010581e+00
	1.011412e+00	1.012124e+00	1.012731e+00	1.013242e+00	1.013666e+00
	1.014007e+00	1.014265e+00	1.014441e+00	1.014534e+00	1.014544e+00
	1.014474e+00	1.014326e+00	1.014103e+00	1.013803e+00	1.013422e+00
	1.012956e+00	1.012400e+00	1.011751e+00	1.011007e+00	1.010164e+00
	1.009216e+00	1.008158e+00	1.006981e+00	1.005676e+00	1.004237e+00
	1.002651e+00	1.000898e+00	9.989502e-01	9.967690e-01	9.943050e-01
	9.914933e-01	9.882505e-01	9.844716e-01	9.800147e-01	9.746481e-01
	9.680630e-01	9.599598e-01	9.501225e-01	9.385246e-01	9.253173e-01
	9.106014e-01	8.942684e-01	8.761769e-01	8.564617e-01	8.356845e-01
	8.147422e-01	7.945175e-01	7.755719e-01	7.581774e-01	7.424933e-01
	7.286177e-01	7.165198e-01	7.060276e-01	6.968992e-01	6.888889e-01
	6.817975e-01	6.755043e-01	6.699533e-01	6.651168e-01	6.609685e-01
	6.574710e-01	6.545730e-01	6.522137e-01	6.503271e-01	6.488464e-01
	6.477068e-01	6.468477e-01	6.462137e-01	6.457562e-01	6.454334e-01
	6.452106e-01	6.450602e-01	6.449607e-01	6.448961e-01	6.448549e-01
	6.448290e-01
MolarMass [kg/kmole]
	1.604300e+01	1.604167e+01	1.604021e+01	1.603889e+01	1.603811e+01
	1.603845e+01	1.604057e+01	1.604525e+01	1.605327e+01	1.606541e+01
	1.608236e+01	1.610477e+01	1.613321e+01	1.616817e+01	1.621011e+01
	1.625942e+01	1.631649e+01	1.638173e+01	1.645552e+01	1.653832e+01
	1.663062e+01	1.673299e+01	1.684611e+01	1.697076e+01	1.710792e+01
	1.725866e+01	1.742395e+01	1.760451e+01	1.780078e+01	1.801314e+01
	1.824213e+01	1.848803e+01	1.875043e+01	1.902819e+01	1.932002e+01
	1.962494e+01	1.994236e+01	2.027277e+01	2.061870e+01	2.098351e+01
	2.136744e+01	2.176278e+01	2.215673e+01	2.253847e+01	2.290262e+01
	2.324743e+01	2.357237e+01	2.387731e+01	2.416229e+01	2.442753e+01
	2.467336e+01	2.490014e+01	2.510815e+01	2.529756e+01	2.546840e+01
	2.562062e+01	2.575421e+01	2.586963e+01	2.596822e+01	2.605214e+01
	2.612389e+01	2.618590e+01	2.624032e+01	2.628884e+01	2.633259e+01
	2.637235e+01	2.640872e+01	2.644230e+01	2.647365e+01	2.650328e+01
	2.653153e+01	2.655861e+01	2.658461e+01	2.660956e+01	2.663346e+01
	2.665632e+01	2.667820e+01	2.669930e+01	2.671986e+01	2.674011e+01
	2.676018e+01	2.678010e+01	2.679990e+01	2.681961e+01	2.683926e+01
	2.685893e+01	2.687872e+01	2.689873e+01	2.691907e+01	2.693981e+01
	2.696110e+01	2.698318e+01	2.700635e+01	2.703101e+01	2.705761e+01
	2.708676e+01	2.711918e+01	2.715571e+01	2.719747e+01	2.724619e+01
	2.730389e+01	2.737200e+01	2.745058e+01	2.753778e+01	2.763046e+01
	2.772620e+01	2.782406e+01	2.792322e+01	2.802157e+01	2.811598e+01
	2.820342e+01	2.828221e+01	2.835235e+01	2.841465e+01	2.846984e+01
	2.851839e+01	2.856087e+01	2.859806e+01	2.863087e+01	2.866014e+01
	2.868656e+01	2.871051e+01	2.873216e+01	2.875153e+01	2.876864e+01
	2.878355e+01	2.879636e+01	2.880721e+01	2.881630e+01	2.882380e+01
	2.882993e+01	2.883486e+01	2.883880e+01	2.884191e+01	2.884435e+01
	2.884625e+01	2.884773e+01	2.884889e+01	2.884979e+01	2.885050e+01
	2.885106e+01
TotalEnthalpy [J/kg]
	-4.664239e+06	-4.663955e+06	-4.663430e+06	-4.662495e+06	-4.660917e+06
	-4.658395e+06	-4.654566e+06	-4.649038e+06	-4.641411e+06	-4.631305e+06
	-4.618374e+06	-4.602316e+06	-4.582868e+06	-4.559803e+06	-4.532921e+06
	-4.502043e+06	-4.466995e+06	-4.427606e+06	-4.383695e+06	-4.335067e+06
	-4.281503e+06	-4.222751e+06	-4.158518e+06	-4.088456e+06	-4.012151e+06
	-3.929164e+06	-3.839136e+06	-3.741888e+06	-3.637429e+06	-3.525821e+06
	-3.407088e+06	-3.281409e+06	-3.149355e+06	-3.011859e+06	-2.869910e+06
	-2.724333e+06	-2.575741e+06	-2.424273e+06	-2.269202e+06	-2.109534e+06
	-1.945938e+06	-1.782369e+06	-1.624425e+06	-1.476289e+06	-1.339585e+06
	-1.214390e+06	-1.100278e+06	-9.966962e+05	-9.030384e+05	-8.186716e+05
	-7.429543e+05	-6.752694e+05	-6.150585e+05	-5.618372e+05	-5.151860e+05
	-4.747449e+05	-4.401864e+05	-4.111034e+05	-3.869276e+05	-3.669591e+05
	-3.504718e+05	-3.368082e+05	-3.254226e+05	-3.159069e+05	-3.079836e+05
	-3.014572e+05	-2.961611e+05	-2.919340e+05	-2.886270e+05	-2.861163e+05
	-2.843039e+05	-2.831069e+05	-2.824462e+05	-2.822395e+05	-2.824006e+05
	-2.828431e+05	-2.834871e+05	-2.842665e+05	-2.851293e+05	-2.860314e+05
	-2.869285e+05	-2.877740e+05	-2.885222e+05	-2.891296e+05	-2.895553e+05
	-2.897605e+05	-2.897071e+05	-2.893554e+05	-2.886643e+05	-2.875919e+05
	-2.860911e+05	-2.841020e+05	-2.815440e+05	-2.783100e+05	-2.742560e+05
	-2.691891e+05	-2.628549e+05	-2.549274e+05	-2.449780e+05	-2.323657e+05
	-2.163143e+05	-1.962946e+05	-1.725092e+05	-1.463464e+05	-1.200969e+05
	-9.589459e+04	-7.515919e+04	-5.883934e+04	-4.745945e+04	-4.077994e+04
	-3.769580e+04	-3.655792e+04	-3.605390e+04	-3.539342e+04	-3.423221e+04
	-3.252755e+04	-3.039344e+04	-2.797923e+04	-2.540622e+04	-2.275318e+04
	-2.007026e+04	-1.740364e+04	-1.480713e+04	-1.233701e+04	-1.004313e+04
	-7.962253e+03	-6.115431e+03	-4.509480e+03	-3.139805e+03	-1.993524e+03
	-1.052195e+03	-2.939601e+02	3.047505e+02	7.678770e+02	1.118632e+03
	1.378644e+03	1.567312e+03	1.701379e+03	1.794700e+03	1.858222e+03
	1.900584e+03
trailer
Lewis numbers evaluated at maximum consumption
N2	-1
O2	1.01696
@ Z = 0.0478136
H	0.171759
@ Z = 0.0664019
OH	0.675848
@ Z = 0.0601703
O	0.661734
@ Z = 0.0511144
H2	0.281379
@ Z = 0.0410399
H2O	-1
HO2	1.01777
@ Z = 0.00273023
H2O2	1.00964
@ Z = 0.0299363
CO	1.01542
@ Z = 0.0346903
CO2	-1
CH	0.614885
@ Z = 0.0432832
CHO	1.16157
@ Z = 0.038289
CH2	0.889859
@ Z = 0.0452145
CH2O	1.17515
@ Z = 0.0422112
CH3	0.926924
@ Z = 0.0478136
CH4	0.931921
@ Z = 0.0624481
C2H6	1.35195
@ Z = 0.0624481
C2H	1.19894
@ Z = 0.0442781
C2H2	1.21526
@ Z = 0.0486451
CHCO	0.815905
@ Z = 0.0478136
C3H3	1.64874
@ Z = 0.0486451
C2H3	1.22645
@ Z = 0.0478136
C2H4	1.23009
@ Z = 0.055372
C2H5	1.33993
@ Z = 0.0519414
C3H4	1.60632
@ Z = 0.0452145
C3H5	1.64494
@ Z = 0.0851057
C3H6	1.72728
@ Z = 0.054491
N-C3H7	1.73272
@ Z = 0.0502923
I-C3H7	1.86543
@ Z = 9.4357e-07
C3H8	1.72008
@ Z = 0.00820724
Lewis numbers evaluated at maximum formation
N2	-1
O2	1.03993
@ Z = 0.00273023
H	0.170096
@ Z = 0.0469705
OH	0.669329
@ Z = 0.0422112
O	0.652825
@ Z = 0.0366243
H2	0.284055
@ Z = 0.0636928
H2O	0.75589
@ Z = 0.0502923
HO2	1.00338
@ Z = 0.00682782
H2O2	1.00141
@ Z = 0.0190164
CO	1.03065
@ Z = 0.0511144
CO2	1.28043
@ Z = 0.0422112
CH	0.619388
@ Z = 0.052778
CHO	1.17121
@ Z = 0.0486451
CH2	0.895865
@ Z = 0.0581412
CH2O	1.18304
@ Z = 0.052778
CH3	0.928759
@ Z = 0.06501
CH4	0.693498
@ Z = 0.544871
C2H6	1.33416
@ Z = 0.0924696
C2H	1.20666
@ Z = 0.055372
C2H2	1.21652
@ Z = 0.0664019
CHCO	0.818159
@ Z = 0.06501
C3H3	1.65321
@ Z = 0.0591294
C2H3	1.23078
@ Z = 0.0612746
C2H4	1.22286
@ Z = 0.0770545
C2H5	1.33966
@ Z = 0.0664019
C3H4	1.61486
@ Z = 0.0581412
C3H5	1.66201
@ Z = 0.0624481
C3H6	1.72253
@ Z = 0.0694366
N-C3H7	1.73479
@ Z = 0.0624481
I-C3H7	1.71209
@ Z = 0.00820724
C3H8	-1
Lewis numbers evaluated at maximum mass fraction
N2	0.921328
@ Z = 9.4357e-07
O2	1.05239
@ Z = 9.4357e-07
H	0.169142
@ Z = 0.0422112
OH	0.666541
@ Z = 0.038289
O	0.649929
@ Z = 0.0324547
H2	0.281986
@ Z = 0.0924696
H2O	0.757701
@ Z = 0.0664019
HO2	0.999681
@ Z = 0.00820724
H2O2	1.00051
@ Z = 0.0164378
CO	1.03024
@ Z = 0.0694366
CO2	1.29301
@ Z = 0.0601703
CH	0.619612
@ Z = 0.0536271
CHO	1.17176
@ Z = 0.0494704
CH2	0.895921
@ Z = 0.0591294
CH2O	1.15468
@ Z = 0.134837
CH3	0.927502
@ Z = 0.0694366
CH4	0.988583
@ Z = 0.999948
C2H6	1.29879
@ Z = 0.187345
C2H	1.20697
@ Z = 0.0571925
C2H2	1.1946
@ Z = 0.10896
CHCO	0.810987
@ Z = 0.0851057
C3H3	1.65305
@ Z = 0.0601703
C2H3	1.23054
@ Z = 0.0624481
C2H4	1.20022
@ Z = 0.125043
C2H5	1.33815
@ Z = 0.0694366
C3H4	1.61199
@ Z = 0.0664019
C3H5	1.6608
@ Z = 0.06501
C3H6	1.71802
@ Z = 0.0748866
N-C3H7	1.73422
@ Z = 0.0636928
I-C3H7	1.80165
@ Z = 0.99489
C3H8	1.79412
@ Z = 0.976312
