header

title = "planar counterflow diffusion flame"
author = ""
date = "Wed Aug 14 11:06:34 2013"

fuel = "CH4"
pressure = 1 [bar]
strainrate = 588.984 [1/s]
chiStoichAnal = 14.5016 [1/s]
chiStoichAnalKW = 26.2892 [1/s]
FlameLocZ = 0.63617 [K]
FlameLocBilger = -0.0590848 [K]
Tmax = 7067.34 [K]
stoichScalarDissRate = 18.3672 [1/s]
stoichScalarDissRateBilger = 1.63752 [1/s]

OxidizerSide
begin
	Temperature = 300 [K]
	Massfraction-N2 = 0.76708
	Massfraction-O2 = 0.23292
	Molefraction-N2 = 0.79
	Molefraction-O2 = 0.21
end

FuelSide
begin
	Temperature = 300 [K]
	Massfraction-CH4 = 1
	Molefraction-CH4 = 1
end

numOfSpecies = 31
gridPoints = 141

body
eta
	0.000000e+00	1.558642e-01	3.089113e-01	4.558289e-01	5.941345e-01
	7.229372e-01	8.423097e-01	9.527513e-01	1.054971e+00	1.149589e+00
	1.237008e+00	1.317936e+00	1.393449e+00	1.464280e+00	1.530809e+00
	1.593396e+00	1.652390e+00	1.708101e+00	1.760825e+00	1.810900e+00
	1.858661e+00	1.904372e+00	1.948267e+00	1.990566e+00	2.031444e+00
	2.070981e+00	2.109146e+00	2.145881e+00	2.181218e+00	2.215350e+00
	2.248574e+00	2.281185e+00	2.313379e+00	2.345244e+00	2.376791e+00
	2.408007e+00	2.438872e+00	2.469377e+00	2.499542e+00	2.529389e+00
	2.558939e+00	2.588210e+00	2.617219e+00	2.645978e+00	2.674498e+00
	2.702800e+00	2.730900e+00	2.758791e+00	2.786440e+00	2.813773e+00
	2.840687e+00	2.867095e+00	2.892940e+00	2.918171e+00	2.942729e+00
	2.966535e+00	2.989479e+00	3.011461e+00	3.032419e+00	3.052247e+00
	3.070764e+00	3.087857e+00	3.103550e+00	3.117887e+00	3.130914e+00
	3.142792e+00	3.153697e+00	3.163748e+00	3.173048e+00	3.181728e+00
	3.189898e+00	3.197608e+00	3.204895e+00	3.211803e+00	3.218369e+00
	3.224622e+00	3.230599e+00	3.236354e+00	3.241941e+00	3.247399e+00
	3.252769e+00	3.258089e+00	3.263390e+00	3.268687e+00	3.273987e+00
	3.279296e+00	3.284641e+00	3.290066e+00	3.295637e+00	3.301419e+00
	3.307423e+00	3.313604e+00	3.319911e+00	3.326327e+00	3.332870e+00
	3.339547e+00	3.346344e+00	3.353257e+00	3.360271e+00	3.367408e+00
	3.374722e+00	3.382288e+00	3.390240e+00	3.398663e+00	3.407725e+00
	3.417541e+00	3.428368e+00	3.440671e+00	3.454550e+00	3.470566e+00
	3.489746e+00	3.512593e+00	3.539642e+00	3.571568e+00	3.608747e+00
	3.651587e+00	3.701019e+00	3.758576e+00	3.826305e+00	3.906029e+00
	3.997917e+00	4.100080e+00	4.210049e+00	4.326313e+00	4.448159e+00
	4.574735e+00	4.704848e+00	4.837498e+00	4.972311e+00	5.109350e+00
	5.248813e+00	5.390902e+00	5.535735e+00	5.683321e+00	5.833525e+00
	5.986074e+00	6.140647e+00	6.296918e+00	6.454518e+00	6.612837e+00
	6.771246e+00
y [m]
	-3.402317e-04	-2.939112e-04	-2.485486e-04	-2.052621e-04	-1.649999e-04
	-1.283262e-04	-9.561428e-05	-6.720096e-05	-4.343831e-05	-2.474543e-05
	-1.157525e-05	-4.284600e-06	-1.771262e-06	-1.033121e-06	-3.331465e-07
	3.321558e-07	9.660946e-07	1.571540e-06	2.151175e-06	2.708199e-06
	3.245822e-06	3.766577e-06	4.272714e-06	4.766409e-06	5.249417e-06
	5.722421e-06	6.184762e-06	6.635427e-06	7.074504e-06	7.504038e-06
	7.927600e-06	8.348843e-06	8.770354e-06	9.193365e-06	9.406648e-06
	9.656754e-06	9.901684e-06	1.012872e-05	1.056875e-05	1.098752e-05
	1.138779e-05	1.177204e-05	1.214253e-05	1.250123e-05	1.284993e-05
	1.319035e-05	1.352396e-05	1.385183e-05	1.417540e-05	1.449565e-05
	1.481220e-05	1.512452e-05	1.543230e-05	1.573515e-05	1.603260e-05
	1.632384e-05	1.660824e-05	1.688551e-05	1.715065e-05	1.739838e-05
	1.762710e-05	1.783599e-05	1.802595e-05	1.819797e-05	1.835306e-05
	1.849345e-05	1.862154e-05	1.873890e-05	1.884693e-05	1.894728e-05
	1.904130e-05	1.912968e-05	1.938664e-05	2.028824e-05	2.206294e-05
	2.458961e-05	2.777377e-05	3.155703e-05	3.590928e-05	4.081758e-05
	4.628733e-05	5.234361e-05	5.902034e-05	6.634603e-05	7.434314e-05
	8.305201e-05	9.255028e-05	1.029663e-04	1.145066e-04	1.274223e-04
	1.418890e-04	1.579607e-04	1.756524e-04	1.950524e-04	2.163711e-04
	2.398021e-04	2.654801e-04	2.935815e-04	3.242213e-04	3.576901e-04
	3.944457e-04	4.351521e-04	4.808885e-04	5.326257e-04	5.919817e-04
	6.603955e-04	7.404601e-04	8.365515e-04	9.502609e-04	1.086531e-03
	1.253496e-03	1.453194e-03	1.685688e-03	1.949452e-03	2.237385e-03
	2.540715e-03	2.852483e-03	3.166688e-03	3.476300e-03	3.770170e-03
	4.032585e-03	4.251079e-03	4.426535e-03	4.568004e-03	4.682193e-03
	4.774077e-03	4.848117e-03	4.908338e-03	4.958249e-03	5.000666e-03
	5.037724e-03	5.071017e-03	5.101724e-03	5.130704e-03	5.158572e-03
	5.185750e-03	5.212526e-03	5.239088e-03	5.265546e-03	5.291912e-03
	5.318160e-03
f
	-3.529249e+00	-3.320337e+00	-3.115447e+00	-2.919260e+00	-2.735474e+00
	-2.565797e+00	-2.410791e+00	-2.270573e+00	-2.145073e+00	-2.034350e+00
	-1.938630e+00	-1.857660e+00	-1.790793e+00	-1.737727e+00	-1.698333e+00
	-1.672327e+00	-1.659278e+00	-1.658638e+00	-1.669766e+00	-1.692005e+00
	-1.724743e+00	-1.767386e+00	-1.819367e+00	-1.880174e+00	-1.949298e+00
	-2.026091e+00	-2.109620e+00	-2.198791e+00	-2.292684e+00	-2.390876e+00
	-2.493465e+00	-2.600758e+00	-2.712931e+00	-2.829859e+00	-2.956130e+00
	-3.119182e+00	-3.311840e+00	-3.496082e+00	-3.668785e+00	-3.829260e+00
	-3.977012e+00	-4.111742e+00	-4.233297e+00	-4.341629e+00	-4.436804e+00
	-4.518998e+00	-4.588426e+00	-4.645323e+00	-4.689963e+00	-4.722694e+00
	-4.744011e+00	-4.754594e+00	-4.755245e+00	-4.746837e+00	-4.730296e+00
	-4.706619e+00	-4.676902e+00	-4.642289e+00	-4.603878e+00	-4.562851e+00
	-4.520572e+00	-4.478280e+00	-4.436776e+00	-4.396699e+00	-4.358543e+00
	-4.322353e+00	-4.287970e+00	-4.255326e+00	-4.224323e+00	-4.194703e+00
	-4.166238e+00	-4.138859e+00	-4.112532e+00	-4.087183e+00	-4.062735e+00
	-4.039141e+00	-4.016310e+00	-3.994072e+00	-3.972252e+00	-3.950711e+00
	-3.929312e+00	-3.907911e+00	-3.886390e+00	-3.864693e+00	-3.842800e+00
	-3.820681e+00	-3.798233e+00	-3.775266e+00	-3.751490e+00	-3.726618e+00
	-3.700588e+00	-3.673577e+00	-3.645800e+00	-3.617335e+00	-3.588094e+00
	-3.558046e+00	-3.527252e+00	-3.495728e+00	-3.463552e+00	-3.430618e+00
	-3.396690e+00	-3.361405e+00	-3.324146e+00	-3.284500e+00	-3.241672e+00
	-3.195108e+00	-3.143588e+00	-3.084911e+00	-3.018639e+00	-2.942196e+00
	-2.850924e+00	-2.742905e+00	-2.616488e+00	-2.469945e+00	-2.303722e+00
	-2.118953e+00	-1.915668e+00	-1.693121e+00	-1.451059e+00	-1.192659e+00
	-9.272881e-01	-6.674364e-01	-4.220454e-01	-1.938734e-01	1.792743e-02
	2.149188e-01	3.987062e-01	5.713379e-01	7.353938e-01	8.934807e-01
	1.047840e+00	1.200275e+00	1.352140e+00	1.504387e+00	1.657589e+00
	1.811998e+00	1.967672e+00	2.124551e+00	2.282449e+00	2.440877e+00
	2.599286e+00
df/deta
	1.341029e+00	1.340345e+00	1.338742e+00	1.335351e+00	1.328838e+00
	1.317343e+00	1.298510e+00	1.269610e+00	1.227747e+00	1.170207e+00
	1.094959e+00	1.000525e+00	8.854991e-01	7.491995e-01	5.921239e-01
	4.155187e-01	2.212046e-01	1.148720e-02	-2.110706e-01	-4.441087e-01
	-6.854562e-01	-9.328732e-01	-1.184219e+00	-1.437561e+00	-1.690991e+00
	-1.942264e+00	-2.188638e+00	-2.427463e+00	-2.657014e+00	-2.876909e+00
	-3.087733e+00	-3.290143e+00	-3.484240e+00	-3.669485e+00	-4.002594e+00
	-5.223326e+00	-6.241981e+00	-6.039683e+00	-5.725438e+00	-5.376425e+00
	-5.000109e+00	-4.602886e+00	-4.190245e+00	-3.766968e+00	-3.337138e+00
	-2.904099e+00	-2.470776e+00	-2.039967e+00	-1.614510e+00	-1.197493e+00
	-7.920622e-01	-4.007399e-01	-2.520607e-02	3.332575e-01	6.735452e-01
	9.945873e-01	1.295184e+00	1.574580e+00	1.832726e+00	2.069242e+00
	2.283134e+00	2.474375e+00	2.644604e+00	2.795521e+00	2.928793e+00
	3.047025e+00	3.152801e+00	3.247893e+00	3.333809e+00	3.412191e+00
	3.484338e+00	3.550976e+00	3.612647e+00	3.669914e+00	3.723271e+00
	3.773091e+00	3.819801e+00	3.863928e+00	3.905951e+00	3.946238e+00
	3.985114e+00	4.022883e+00	4.059767e+00	4.095873e+00	4.131225e+00
	4.165869e+00	4.199944e+00	4.233697e+00	4.267478e+00	4.301570e+00
	4.335906e+00	4.370105e+00	4.403772e+00	4.436711e+00	4.468914e+00
	4.500290e+00	4.530649e+00	4.559853e+00	4.587706e+00	4.614172e+00
	4.639279e+00	4.663070e+00	4.685634e+00	4.706771e+00	4.726308e+00
	4.743713e+00	4.758407e+00	4.769476e+00	4.775020e+00	4.772757e+00
	4.758782e+00	4.727804e+00	4.673766e+00	4.589964e+00	4.470954e+00
	4.312936e+00	4.112489e+00	3.866519e+00	3.573989e+00	3.241180e+00
	2.887985e+00	2.543491e+00	2.231454e+00	1.962547e+00	1.738258e+00
	1.556307e+00	1.412530e+00	1.301401e+00	1.216918e+00	1.153591e+00
	1.106812e+00	1.072813e+00	1.048550e+00	1.031578e+00	1.019963e+00
	1.012195e+00	1.007122e+00	1.003891e+00	1.001888e+00	1.000688e+00
	1.000000e+00
Z
	1.000000e+00	9.989352e-01	9.966680e-01	9.921755e-01	9.839400e-01
	9.699038e-01	9.475101e-01	9.138440e-01	8.658319e-01	8.005956e-01
	7.159628e-01	6.102871e-01	4.818961e-01	3.298199e-01	1.542968e-01
	-4.367069e-02	-2.624885e-01	-5.000662e-01	-7.540492e-01	-1.022313e+00
	-1.302970e+00	-1.594051e+00	-1.893714e+00	-2.200374e+00	-2.512434e+00
	-2.827847e+00	-3.143821e+00	-3.457429e+00	-3.766754e+00	-4.071549e+00
	-4.372892e+00	-4.672166e+00	-4.970040e+00	-5.266274e+00	-5.431372e+00
	1.264842e+00	8.625274e+00	8.461598e+00	8.081301e+00	7.706312e+00
	7.338021e+00	6.977420e+00	6.625381e+00	6.282714e+00	5.950081e+00
	5.627908e+00	5.316582e+00	5.016599e+00	4.728612e+00	4.453517e+00
	4.192279e+00	3.945484e+00	3.713237e+00	3.495461e+00	3.292034e+00
	3.102873e+00	2.928020e+00	2.767312e+00	2.620248e+00	2.486584e+00
	2.366484e+00	2.259635e+00	2.164869e+00	2.081054e+00	2.007139e+00
	1.941596e+00	1.882943e+00	1.830168e+00	1.782418e+00	1.738774e+00
	1.698510e+00	1.661222e+00	1.626608e+00	1.594359e+00	1.564201e+00
	1.535932e+00	1.509315e+00	1.484056e+00	1.459886e+00	1.436592e+00
	1.413989e+00	1.391896e+00	1.370178e+00	1.348766e+00	1.327636e+00
	1.306752e+00	1.286017e+00	1.265263e+00	1.244251e+00	1.222766e+00
	1.200801e+00	1.178546e+00	1.156208e+00	1.133870e+00	1.111482e+00
	1.089043e+00	1.066619e+00	1.044236e+00	1.021963e+00	9.997390e-01
	9.774272e-01	9.548251e-01	9.315960e-01	9.075671e-01	8.823685e-01
	8.558215e-01	8.274271e-01	7.962699e-01	7.625007e-01	7.252959e-01
	6.831406e-01	6.361704e-01	5.848476e-01	5.297836e-01	4.724802e-01
	4.145315e-01	3.570162e-01	3.007329e-01	2.466045e-01	1.962106e-01
	1.517436e-01	1.148333e-01	8.561939e-02	6.309172e-02	4.596271e-02
	3.311431e-02	2.362032e-02	1.669332e-02	1.168201e-02	8.081840e-03
	5.516687e-03	3.707805e-03	2.448342e-03	1.584300e-03	1.001268e-03
	6.147546e-04	3.630554e-04	2.019903e-04	1.006779e-04	3.806750e-05
	0.000000e+00
temperature [K]
	3.000000e+02	2.993327e+02	2.979119e+02	2.950961e+02	2.899331e+02
	2.811309e+02	2.670815e+02	2.459472e+02	2.157809e+02	1.747407e+02
	1.213999e+02	5.462087e+01	1.000000e+01	1.000000e+01	1.000000e+01
	1.000000e+01	1.000000e+01	1.000000e+01	1.000000e+01	1.000000e+01
	1.000000e+01	1.000000e+01	1.000000e+01	1.000000e+01	1.000000e+01
	1.000000e+01	1.000000e+01	1.000000e+01	1.000000e+01	1.000000e+01
	1.000000e+01	1.000000e+01	1.000000e+01	1.000000e+01	1.000000e+01
	1.000000e+01	1.000000e+01	1.000000e+01	1.000000e+01	1.000000e+01
	1.000000e+01	1.000000e+01	1.000000e+01	1.000000e+01	1.000000e+01
	1.000000e+01	1.000000e+01	1.000000e+01	1.000000e+01	1.000000e+01
	1.000000e+01	1.000000e+01	1.000000e+01	1.000000e+01	1.000000e+01
	1.000000e+01	1.000000e+01	1.000000e+01	1.000000e+01	1.000000e+01
	1.000000e+01	1.000000e+01	1.000000e+01	1.000000e+01	1.000000e+01
	1.000000e+01	1.000000e+01	1.000000e+01	1.000000e+01	1.000000e+01
	1.000000e+01	1.000000e+01	5.183320e+01	1.777909e+02	2.989573e+02
	4.158253e+02	5.290773e+02	6.397424e+02	7.488498e+02	8.572658e+02
	9.658453e+02	1.075495e+03	1.187006e+03	1.300898e+03	1.417491e+03
	1.537192e+03	1.660808e+03	1.789691e+03	1.925861e+03	2.071523e+03
	2.227721e+03	2.394089e+03	2.569907e+03	2.755166e+03	2.950818e+03
	3.157427e+03	3.374753e+03	3.602594e+03	3.839764e+03	4.086025e+03
	4.341696e+03	4.607530e+03	4.885467e+03	5.174817e+03	5.476246e+03
	5.782704e+03	6.087246e+03	6.381979e+03	6.643909e+03	6.856737e+03
	7.004282e+03	7.067339e+03	7.040867e+03	6.929128e+03	6.737860e+03
	6.467331e+03	6.108373e+03	5.646834e+03	5.073603e+03	4.394445e+03
	3.653171e+03	2.934847e+03	2.310777e+03	1.805250e+03	1.410869e+03
	1.110381e+03	8.855383e+02	7.194352e+02	5.976544e+02	5.088954e+02
	4.446760e+02	3.986591e+02	3.660889e+02	3.433706e+02	3.277848e+02
	3.172816e+02	3.103309e+02	3.058125e+02	3.029266e+02	3.011164e+02
	3.000000e+02
massfraction-N2
	1.000000e-60	9.512291e-05	2.983771e-04	7.025473e-04	1.445921e-03
	2.716242e-03	4.745980e-03	7.796625e-03	1.213583e-02	1.799925e-02
	2.553942e-02	3.483979e-02	4.596401e-02	5.889582e-02	7.350725e-02
	8.961426e-02	1.070077e-01	1.254716e-01	1.448125e-01	1.649011e-01
	1.856642e-01	2.070621e-01	2.290906e-01	2.517947e-01	2.752276e-01
	2.994108e-01	3.243143e-01	3.498668e-01	3.760340e-01	4.028900e-01
	4.306571e-01	4.595442e-01	4.897379e-01	5.212752e-01	1.000000e-60
	1.000000e+00	1.000000e-60	7.993322e-01	6.945455e-01	6.030452e-01
	5.238103e-01	4.559777e-01	3.986570e-01	3.509754e-01	3.120732e-01
	2.811106e-01	2.572979e-01	2.399000e-01	2.282222e-01	2.215942e-01
	2.193492e-01	2.208249e-01	2.253925e-01	2.324731e-01	2.415377e-01
	2.520995e-01	2.637012e-01	2.759341e-01	2.884573e-01	3.009507e-01
	3.130874e-01	3.246170e-01	3.354259e-01	3.454480e-01	3.546522e-01
	3.631062e-01	3.709109e-01	3.781330e-01	3.848369e-01	3.911123e-01
	3.970342e-01	4.026390e-01	4.079528e-01	4.130073e-01	4.178318e-01
	4.224465e-01	4.268791e-01	4.311704e-01	4.353600e-01	4.394801e-01
	4.435615e-01	4.476354e-01	4.517277e-01	4.558533e-01	4.600187e-01
	4.642335e-01	4.685203e-01	4.729185e-01	4.774881e-01	4.822862e-01
	4.873278e-01	4.925814e-01	4.980051e-01	5.035764e-01	5.093137e-01
	5.152178e-01	5.212680e-01	5.274839e-01	5.338079e-01	5.402400e-01
	5.468066e-01	5.535545e-01	5.605681e-01	5.678765e-01	5.755736e-01
	5.837327e-01	5.925346e-01	6.022565e-01	6.127639e-01	6.240917e-01
	6.362824e-01	6.487043e-01	6.606941e-01	6.718293e-01	6.818403e-01
	6.907002e-01	6.986147e-01	7.059257e-01	7.129525e-01	7.197763e-01
	7.262496e-01	7.322544e-01	7.377544e-01	7.427339e-01	7.471818e-01
	7.510765e-01	7.544020e-01	7.571739e-01	7.594418e-01	7.612703e-01
	7.627253e-01	7.638679e-01	7.647532e-01	7.654291e-01	7.659370e-01
	7.663125e-01	7.665855e-01	7.667809e-01	7.669186e-01	7.670141e-01
	7.670796e-01
massfraction-O2
	1.000000e-60	1.000000e-60	1.000000e-60	1.000000e-60	1.000000e-60
	1.000000e-60	1.000000e-60	1.000000e-60	1.000000e-60	1.000000e-60
	1.000000e-60	1.000000e-60	1.000000e-60	1.000000e-60	1.000000e-60
	1.000000e-60	1.000000e-60	1.000000e-60	1.000000e-60	1.000000e-60
	1.000000e-60	1.000000e-60	1.000000e-60	1.000000e-60	1.000000e-60
	1.000000e-60	1.000000e-60	1.000000e-60	1.000000e-60	1.000000e-60
	1.000000e-60	1.000000e-60	1.000000e-60	1.000000e-60	1.000000e-60
	1.000000e-60	1.000000e-60	1.000000e-60	1.000000e-60	1.000000e-60
	1.000000e-60	1.000000e-60	1.000000e-60	1.000000e-60	1.000000e-60
	1.000000e-60	1.000000e-60	1.000000e-60	1.000000e-60	1.000000e-60
	1.000000e-60	1.000000e-60	1.000000e-60	1.000000e-60	1.000000e-60
	1.000000e-60	1.000000e-60	1.000000e-60	1.000000e-60	1.000000e-60
	1.000000e-60	1.000000e-60	1.000000e-60	1.000000e-60	1.000000e-60
	1.000000e-60	1.000000e-60	1.000000e-60	1.000000e-60	1.000000e-60
	1.000000e-60	1.000000e-60	1.000000e-60	1.000000e-60	1.000000e-60
	1.000000e-60	1.000000e-60	1.000000e-60	1.000000e-60	1.000000e-60
	1.000000e-60	1.000000e-60	1.000000e-60	1.000000e-60	1.000000e-60
	1.000000e-60	1.000000e-60	1.000000e-60	1.000000e-60	1.000000e-60
	1.000000e-60	1.000000e-60	1.000000e-60	1.000000e-60	1.000000e-60
	1.000000e-60	1.000000e-60	1.000000e-60	1.000000e-60	1.000000e-60
	1.000000e-60	1.000000e-60	1.000000e-60	1.000000e-60	1.000000e-60
	1.000000e-60	1.000000e-60	1.000000e-60	1.000000e-60	1.000000e-60
	1.000000e-60	1.000000e-60	1.000000e-60	1.000000e-60	1.000000e-60
	1.000000e-60	1.000000e-60	1.000000e-60	1.000000e-60	1.000000e-60
	1.000000e-60	1.000000e-60	4.229890e-02	9.345737e-02	1.319238e-01
	1.604857e-01	1.814281e-01	1.966256e-01	2.075790e-01	2.154265e-01
	2.210054e-01	2.249313e-01	2.276588e-01	2.295253e-01	2.307813e-01
	2.316113e-01	2.321498e-01	2.324931e-01	2.327080e-01	2.328403e-01
	2.329204e-01
massfraction-H
	1.000000e-60	1.000000e-60	1.000000e-60	1.000000e-60	1.000000e-60
	1.000000e-60	1.000000e-60	1.000000e-60	1.000000e-60	1.000000e-60
	1.000000e-60	1.000000e-60	1.000000e-60	1.000000e-60	1.000000e-60
	1.000000e-60	1.000000e-60	1.000000e-60	1.000000e-60	1.000000e-60
	1.000000e-60	1.000000e-60	1.000000e-60	1.000000e-60	1.000000e-60
	1.000000e-60	1.000000e-60	1.000000e-60	1.000000e-60	1.000000e-60
	1.000000e-60	1.000000e-60	1.000000e-60	1.000000e-60	1.000000e-60
	1.000000e-60	1.000000e-60	1.000000e-60	1.000000e-60	1.000000e-60
	1.000000e-60	1.000000e-60	1.000000e-60	1.000000e-60	1.000000e-60
	1.000000e-60	1.000000e-60	1.000000e-60	1.000000e-60	1.000000e-60
	1.000000e-60	1.000000e-60	1.000000e-60	1.000000e-60	1.000000e-60
	1.000000e-60	1.000000e-60	1.000000e-60	1.000000e-60	1.000000e-60
	1.000000e-60	1.000000e-60	1.000000e-60	1.000000e-60	1.000000e-60
	1.000000e-60	1.000000e-60	1.000000e-60	1.000000e-60	1.000000e-60
	1.000000e-60	1.000000e-60	1.000000e-60	1.000000e-60	1.000000e-60
	1.000000e-60	1.000000e-60	1.000000e-60	1.000000e-60	1.000000e-60
	1.000000e-60	1.000000e-60	1.000000e-60	1.000000e-60	1.000000e-60
	1.000000e-60	1.000000e-60	1.000000e-60	1.000000e-60	1.000000e-60
	1.000000e-60	1.000000e-60	1.000000e-60	1.000000e-60	1.000000e-60
	1.000000e-60	1.000000e-60	1.000000e-60	1.000000e-60	1.000000e-60
	1.000000e-60	1.000000e-60	1.000000e-60	1.000000e-60	1.000000e-60
	1.181488e-05	1.682529e-04	3.336973e-04	4.950513e-04	6.421053e-04
	7.646022e-04	8.472170e-04	8.800198e-04	8.585422e-04	7.843326e-04
	6.668043e-04	5.210062e-04	3.652297e-04	2.204248e-04	1.086233e-04
	4.220889e-05	1.303059e-05	3.284901e-06	6.995722e-07	1.362604e-07
	2.860161e-08	7.711470e-09	2.714445e-09	1.125094e-09	5.060000e-10
	2.370080e-10	1.130548e-10	5.406813e-11	2.558322e-11	1.181865e-11
	5.245397e-12	2.182867e-12	8.151834e-13	2.484757e-13	4.722285e-14
	1.000000e-60
massfraction-OH
	1.000000e-60	1.000000e-60	1.000000e-60	1.000000e-60	1.000000e-60
	1.000000e-60	1.000000e-60	1.000000e-60	1.000000e-60	1.000000e-60
	1.000000e-60	1.000000e-60	1.000000e-60	1.000000e-60	1.000000e-60
	1.000000e-60	1.000000e-60	1.000000e-60	1.000000e-60	1.000000e-60
	1.000000e-60	1.000000e-60	1.000000e-60	1.000000e-60	1.000000e-60
	1.000000e-60	1.000000e-60	1.000000e-60	1.000000e-60	1.000000e-60
	1.000000e-60	1.000000e-60	1.000000e-60	1.000000e-60	1.000000e-60
	1.000000e-60	1.000000e-60	1.000000e-60	1.000000e-60	1.000000e-60
	1.000000e-60	1.000000e-60	1.000000e-60	1.000000e-60	1.000000e-60
	1.000000e-60	1.000000e-60	1.000000e-60	1.000000e-60	1.000000e-60
	1.000000e-60	1.000000e-60	1.000000e-60	1.000000e-60	1.000000e-60
	1.000000e-60	1.000000e-60	1.000000e-60	1.000000e-60	1.000000e-60
	1.000000e-60	1.000000e-60	1.000000e-60	1.000000e-60	1.000000e-60
	1.000000e-60	1.000000e-60	1.000000e-60	1.000000e-60	1.000000e-60
	1.000000e-60	1.000000e-60	1.000000e-60	1.000000e-60	1.000000e-60
	1.000000e-60	1.000000e-60	1.000000e-60	1.000000e-60	1.000000e-60
	1.000000e-60	1.000000e-60	1.000000e-60	1.000000e-60	1.000000e-60
	1.000000e-60	1.000000e-60	1.000000e-60	1.000000e-60	1.000000e-60
	1.000000e-60	1.000000e-60	1.000000e-60	1.000000e-60	1.000000e-60
	1.000000e-60	1.000000e-60	1.000000e-60	1.000000e-60	1.000000e-60
	1.000000e-60	1.000000e-60	1.000000e-60	1.000000e-60	1.000000e-60
	1.000000e-60	1.000000e-60	1.000000e-60	3.849573e-03	9.152657e-03
	1.421391e-02	1.807524e-02	1.988296e-02	1.929376e-02	1.666764e-02
	1.292736e-02	9.111674e-03	5.995034e-03	3.826629e-03	2.355567e-03
	1.292755e-03	6.136972e-04	2.763658e-04	1.324462e-04	7.073388e-05
	4.165733e-05	2.639064e-05	1.760215e-05	1.215725e-05	8.585044e-06
	6.137601e-06	4.406505e-06	3.154937e-06	2.237823e-06	1.561650e-06
	1.062985e-06	6.966425e-07	4.293031e-07	2.359403e-07	9.768335e-08
	1.000000e-60
massfraction-O
	1.000000e-60	1.000000e-60	1.000000e-60	1.000000e-60	1.000000e-60
	1.000000e-60	1.000000e-60	1.000000e-60	1.000000e-60	1.000000e-60
	1.000000e-60	1.000000e-60	1.000000e-60	1.000000e-60	1.000000e-60
	1.000000e-60	1.000000e-60	1.000000e-60	1.000000e-60	1.000000e-60
	1.000000e-60	1.000000e-60	1.000000e-60	1.000000e-60	1.000000e-60
	1.000000e-60	1.000000e-60	1.000000e-60	1.000000e-60	1.000000e-60
	1.000000e-60	1.000000e-60	1.000000e-60	1.000000e-60	1.000000e-60
	1.000000e-60	1.000000e-60	1.000000e-60	1.000000e-60	1.000000e-60
	1.000000e-60	1.000000e-60	1.000000e-60	1.000000e-60	1.000000e-60
	1.000000e-60	1.000000e-60	1.000000e-60	1.000000e-60	1.000000e-60
	1.000000e-60	1.000000e-60	1.000000e-60	1.000000e-60	1.000000e-60
	1.000000e-60	1.000000e-60	1.000000e-60	1.000000e-60	1.000000e-60
	1.000000e-60	1.000000e-60	1.000000e-60	1.000000e-60	1.000000e-60
	1.000000e-60	1.000000e-60	1.000000e-60	1.000000e-60	1.000000e-60
	1.000000e-60	1.000000e-60	1.000000e-60	1.000000e-60	1.000000e-60
	1.000000e-60	1.000000e-60	1.000000e-60	1.000000e-60	1.000000e-60
	1.000000e-60	1.000000e-60	1.000000e-60	1.000000e-60	1.000000e-60
	1.000000e-60	1.000000e-60	1.000000e-60	1.000000e-60	1.000000e-60
	1.000000e-60	1.000000e-60	1.000000e-60	1.000000e-60	1.000000e-60
	1.000000e-60	1.000000e-60	1.000000e-60	1.000000e-60	1.000000e-60
	1.000000e-60	1.000000e-60	1.000000e-60	1.000000e-60	1.000000e-60
	1.000000e-60	1.000000e-60	1.000000e-60	1.000000e-60	1.000000e-60
	1.000000e-60	1.378117e-03	6.397549e-03	1.033580e-02	1.239286e-02
	1.232910e-02	1.047854e-02	7.628923e-03	4.762549e-03	2.597819e-03
	1.286748e-03	6.100154e-04	2.967575e-04	1.565795e-04	9.109488e-05
	5.773679e-05	3.902110e-05	2.755137e-05	1.998579e-05	1.470630e-05
	1.087357e-05	8.019589e-06	5.864455e-06	4.228450e-06	2.988257e-06
	2.053872e-06	1.356178e-06	8.406886e-07	4.642394e-07	1.929675e-07
	1.000000e-60
massfraction-H2
	1.000000e-60	8.088406e-05	1.886414e-04	3.256826e-04	4.919553e-04
	6.858930e-04	9.048642e-04	1.145406e-03	1.403593e-03	1.674836e-03
	1.953666e-03	2.235675e-03	2.518512e-03	2.799530e-03	3.075427e-03
	3.343451e-03	3.601497e-03	3.847979e-03	4.081890e-03	4.302992e-03
	4.511488e-03	4.707657e-03	4.891923e-03	5.064885e-03	5.227102e-03
	5.378886e-03	5.520278e-03	5.651370e-03	5.772679e-03	5.885278e-03
	5.990579e-03	6.089788e-03	6.183769e-03	6.272958e-03	1.941324e-03
	3.545411e-03	1.000000e-60	5.486090e-03	5.481825e-03	5.476112e-03
	5.468516e-03	5.459204e-03	5.448368e-03	5.436258e-03	5.423153e-03
	5.409359e-03	5.395201e-03	5.381027e-03	5.367212e-03	5.354158e-03
	5.342279e-03	5.331977e-03	5.323631e-03	5.317622e-03	5.314338e-03
	5.314182e-03	5.317561e-03	5.324888e-03	5.336602e-03	5.353152e-03
	5.374881e-03	5.402045e-03	5.434971e-03	5.473902e-03	5.518883e-03
	5.570138e-03	5.628033e-03	5.692696e-03	5.764156e-03	5.842751e-03
	5.928841e-03	6.022338e-03	6.122912e-03	6.230275e-03	6.344091e-03
	6.463834e-03	6.589194e-03	6.720365e-03	6.857744e-03	7.001682e-03
	7.152629e-03	7.311189e-03	7.477835e-03	7.652590e-03	7.835047e-03
	8.024787e-03	8.221862e-03	8.426985e-03	8.641616e-03	8.866961e-03
	9.101710e-03	9.341809e-03	9.582390e-03	9.819779e-03	1.004772e-02
	1.025865e-02	1.044406e-02	1.059650e-02	1.070835e-02	1.077405e-02
	1.078845e-02	1.074594e-02	1.063902e-02	1.045899e-02	1.019478e-02
	9.835588e-03	9.366834e-03	8.765400e-03	8.033370e-03	7.164674e-03
	6.151786e-03	5.052938e-03	3.956446e-03	2.954532e-03	2.128683e-03
	1.513222e-03	1.092905e-03	8.247326e-04	6.579132e-04	5.484020e-04
	4.668468e-04	3.997961e-04	3.433677e-04	2.958478e-04	2.556608e-04
	2.215121e-04	1.923416e-04	1.671912e-04	1.451971e-04	1.256623e-04
	1.080791e-04	9.209647e-05	7.748498e-05	6.410095e-05	5.185974e-05
	4.071130e-05	3.061773e-05	2.154102e-05	1.344018e-05	6.276754e-06
	1.000000e-60
massfraction-H2O
	1.000000e-60	1.000000e-60	1.000000e-60	1.000000e-60	1.000000e-60
	1.000000e-60	1.000000e-60	1.000000e-60	1.000000e-60	1.000000e-60
	1.000000e-60	1.000000e-60	1.000000e-60	1.000000e-60	1.000000e-60
	1.000000e-60	1.000000e-60	1.000000e-60	1.000000e-60	1.000000e-60
	1.000000e-60	1.000000e-60	1.000000e-60	1.000000e-60	1.000000e-60
	1.000000e-60	1.000000e-60	1.000000e-60	1.000000e-60	1.000000e-60
	1.000000e-60	1.000000e-60	1.000000e-60	1.000000e-60	1.000000e-60
	1.000000e-60	1.000000e-60	1.000000e-60	1.000000e-60	1.000000e-60
	1.000000e-60	1.000000e-60	1.000000e-60	1.000000e-60	1.000000e-60
	1.000000e-60	1.000000e-60	1.000000e-60	1.000000e-60	1.000000e-60
	1.000000e-60	1.000000e-60	1.000000e-60	1.000000e-60	1.000000e-60
	1.000000e-60	4.422063e-03	1.981972e-02	3.414849e-02	4.741783e-02
	5.958860e-02	7.066122e-02	8.072100e-02	8.985137e-02	9.812962e-02
	1.056910e-01	1.126757e-01	1.191779e-01	1.252781e-01	1.310732e-01
	1.366429e-01	1.420290e-01	1.472607e-01	1.523699e-01	1.573856e-01
	1.623267e-01	1.672197e-01	1.721067e-01	1.770320e-01	1.820342e-01
	1.871536e-01	1.924348e-01	1.979189e-01	2.036350e-01	2.096019e-01
	2.158427e-01	2.224012e-01	2.293511e-01	2.368056e-01	2.448870e-01
	2.536531e-01	2.630772e-01	2.731041e-01	2.837188e-01	2.949538e-01
	3.068167e-01	3.192711e-01	3.323123e-01	3.457900e-01	3.596240e-01
	3.737768e-01	3.882401e-01	4.030655e-01	4.181489e-01	4.334509e-01
	4.486726e-01	4.635582e-01	4.777830e-01	4.902243e-01	4.999200e-01
	5.055847e-01	5.054037e-01	4.980412e-01	4.827762e-01	4.596758e-01
	4.293951e-01	3.927482e-01	3.507060e-01	3.046041e-01	2.565648e-01
	2.097624e-01	1.674775e-01	1.315509e-01	1.020546e-01	7.823744e-02
	5.927247e-02	4.440379e-02	3.290917e-02	2.411542e-02	1.744851e-02
	1.244462e-02	8.732803e-03	6.016856e-03	4.059924e-03	2.673422e-03
	1.708353e-03	1.048444e-03	6.049421e-04	3.118856e-04	1.215905e-04
	1.000000e-60
massfraction-HO2
	1.000000e-60	1.000000e-60	1.000000e-60	1.000000e-60	1.000000e-60
	1.000000e-60	1.000000e-60	1.000000e-60	1.000000e-60	1.000000e-60
	1.000000e-60	1.000000e-60	1.000000e-60	1.000000e-60	1.000000e-60
	1.000000e-60	1.000000e-60	1.000000e-60	1.000000e-60	1.000000e-60
	1.000000e-60	1.000000e-60	1.000000e-60	1.000000e-60	1.000000e-60
	1.000000e-60	1.000000e-60	1.000000e-60	1.000000e-60	1.000000e-60
	1.000000e-60	1.000000e-60	1.000000e-60	1.000000e-60	1.000000e-60
	1.000000e-60	1.000000e-60	8.585437e-05	1.348155e-04	1.830642e-04
	2.299041e-04	2.747983e-04	3.172053e-04	3.564828e-04	3.918806e-04
	4.225321e-04	4.474542e-04	4.656127e-04	4.760209e-04	4.778637e-04
	4.706349e-04	4.542078e-04	4.288037e-04	3.949437e-04	3.534126e-04
	3.052138e-04	2.515268e-04	1.935771e-04	1.325163e-04	6.964303e-05
	6.590785e-06	1.000000e-60	1.000000e-60	1.000000e-60	1.000000e-60
	1.000000e-60	1.000000e-60	1.000000e-60	1.000000e-60	1.000000e-60
	1.000000e-60	1.000000e-60	1.000000e-60	1.000000e-60	1.000000e-60
	1.000000e-60	1.000000e-60	1.000000e-60	1.000000e-60	1.000000e-60
	1.000000e-60	1.000000e-60	1.000000e-60	1.000000e-60	1.000000e-60
	1.000000e-60	1.000000e-60	1.000000e-60	1.000000e-60	1.000000e-60
	1.000000e-60	1.000000e-60	1.000000e-60	1.000000e-60	1.000000e-60
	1.000000e-60	1.000000e-60	1.000000e-60	1.000000e-60	1.000000e-60
	1.000000e-60	1.000000e-60	1.000000e-60	1.000000e-60	1.000000e-60
	1.000000e-60	1.000000e-60	1.000000e-60	1.000000e-60	1.000000e-60
	1.000000e-60	1.000000e-60	1.000000e-60	1.000000e-60	1.000000e-60
	1.000000e-60	1.000000e-60	1.000000e-60	1.000000e-60	1.067411e-04
	5.034264e-04	7.035538e-04	5.848705e-04	3.545051e-04	1.831675e-04
	9.034083e-05	4.548964e-05	2.402730e-05	1.335153e-05	7.751885e-06
	4.657021e-06	2.864777e-06	1.785760e-06	1.116539e-06	6.931915e-07
	4.226791e-07	2.495204e-07	1.392174e-07	6.965985e-08	2.643541e-08
	1.000000e-60
massfraction-H2O2
	1.000000e-60	3.616637e-09	1.135400e-08	2.675685e-08	5.512114e-08
	1.036731e-07	1.814536e-07	2.988371e-07	4.668255e-07	6.957537e-07
	9.933689e-07	1.365246e-06	1.816469e-06	2.348751e-06	2.958353e-06
	3.637562e-06	4.375385e-06	5.158135e-06	5.970717e-06	6.798753e-06
	7.628823e-06	8.447840e-06	9.243862e-06	1.000656e-05	1.072665e-05
	1.139500e-05	1.200275e-05	1.254314e-05	1.301323e-05	1.341376e-05
	1.374710e-05	1.401475e-05	1.421650e-05	1.435069e-05	1.193696e-05
	1.391970e-05	1.204783e-05	1.499638e-05	1.459275e-05	1.384044e-05
	1.274059e-05	1.132706e-05	9.672765e-06	7.889060e-06	6.113190e-06
	4.484378e-06	3.115708e-06	2.069318e-06	1.345341e-06	8.914406e-07
	6.284947e-07	4.797151e-07	3.891925e-07	3.248663e-07	2.719598e-07
	2.249218e-07	1.819077e-07	1.420836e-07	1.047705e-07	6.948472e-08
	3.604852e-08	4.390753e-09	1.000000e-60	1.000000e-60	1.000000e-60
	1.000000e-60	1.000000e-60	1.000000e-60	1.000000e-60	1.000000e-60
	1.000000e-60	1.000000e-60	1.000000e-60	1.000000e-60	1.000000e-60
	1.000000e-60	1.000000e-60	1.000000e-60	1.000000e-60	1.000000e-60
	1.000000e-60	1.000000e-60	1.000000e-60	1.000000e-60	1.000000e-60
	1.000000e-60	1.000000e-60	1.000000e-60	1.000000e-60	1.000000e-60
	1.000000e-60	1.000000e-60	1.000000e-60	1.000000e-60	1.000000e-60
	1.000000e-60	1.000000e-60	1.000000e-60	1.000000e-60	1.000000e-60
	1.000000e-60	1.000000e-60	1.000000e-60	1.000000e-60	1.000000e-60
	1.000000e-60	1.000000e-60	1.000000e-60	1.000000e-60	1.000000e-60
	1.000000e-60	1.000000e-60	1.000000e-60	1.000000e-60	1.000000e-60
	5.333714e-06	1.121117e-04	1.686767e-04	1.957845e-04	2.060741e-04
	2.008576e-04	1.816867e-04	1.524479e-04	1.203107e-04	9.129778e-05
	6.764816e-05	4.933131e-05	3.551943e-05	2.525698e-05	1.771322e-05
	1.223003e-05	8.296750e-06	5.518596e-06	3.590343e-06	2.277366e-06
	1.401169e-06	8.281106e-07	4.605809e-07	2.293134e-07	8.656958e-08
	1.000000e-60
massfraction-CO
	1.000000e-60	1.000000e-60	1.000000e-60	1.000000e-60	1.000000e-60
	1.000000e-60	1.000000e-60	1.000000e-60	1.000000e-60	1.000000e-60
	1.000000e-60	1.000000e-60	1.000000e-60	1.000000e-60	1.000000e-60
	1.000000e-60	1.000000e-60	1.000000e-60	1.000000e-60	1.000000e-60
	1.000000e-60	1.000000e-60	1.000000e-60	1.000000e-60	1.000000e-60
	1.000000e-60	1.000000e-60	1.000000e-60	1.000000e-60	1.000000e-60
	1.000000e-60	1.000000e-60	1.000000e-60	1.000000e-60	1.000000e-60
	1.000000e-60	1.000000e-60	1.000000e-60	1.000000e-60	1.000000e-60
	1.000000e-60	1.000000e-60	1.000000e-60	1.000000e-60	1.000000e-60
	1.000000e-60	1.000000e-60	1.000000e-60	1.000000e-60	1.000000e-60
	1.000000e-60	1.000000e-60	1.000000e-60	1.000000e-60	1.000000e-60
	1.000000e-60	5.115210e-03	1.107093e-02	1.663247e-02	2.179895e-02
	2.655178e-02	3.088870e-02	3.484141e-02	3.844152e-02	4.171861e-02
	4.472548e-02	4.751750e-02	5.013211e-02	5.260175e-02	5.496584e-02
	5.725764e-02	5.949540e-02	6.169232e-02	6.386321e-02	6.602172e-02
	6.817766e-02	7.034437e-02	7.254275e-02	7.479569e-02	7.712493e-02
	7.955428e-02	8.211136e-02	8.482421e-02	8.771704e-02	9.081059e-02
	9.412959e-02	9.771248e-02	1.016187e-01	1.059378e-01	1.107810e-01
	1.162344e-01	1.223379e-01	1.291121e-01	1.365987e-01	1.448673e-01
	1.539700e-01	1.639109e-01	1.746855e-01	1.862042e-01	1.984028e-01
	2.112191e-01	2.245834e-01	2.384443e-01	2.525568e-01	2.666658e-01
	2.799874e-01	2.915659e-01	3.000782e-01	3.034530e-01	2.997575e-01
	2.869408e-01	2.644536e-01	2.342885e-01	2.001745e-01	1.663587e-01
	1.356818e-01	1.090702e-01	8.635686e-02	6.708838e-02	5.099857e-02
	3.802581e-02	2.798847e-02	2.045255e-02	1.487055e-02	1.075388e-02
	7.732238e-03	5.528991e-03	3.930711e-03	2.773873e-03	1.938350e-03
	1.337749e-03	9.094492e-04	6.074470e-04	3.974791e-04	2.538747e-04
	1.574074e-04	9.378771e-05	5.258994e-05	2.638933e-05	1.003424e-05
	1.000000e-60
massfraction-CO2
	1.000000e-60	1.000000e-60	1.000000e-60	1.000000e-60	1.000000e-60
	1.000000e-60	1.000000e-60	1.000000e-60	1.000000e-60	1.000000e-60
	1.000000e-60	1.000000e-60	1.000000e-60	1.000000e-60	1.000000e-60
	1.000000e-60	1.000000e-60	1.000000e-60	1.000000e-60	1.000000e-60
	1.000000e-60	1.000000e-60	1.000000e-60	1.000000e-60	1.000000e-60
	1.000000e-60	1.000000e-60	1.000000e-60	1.000000e-60	1.000000e-60
	1.000000e-60	1.000000e-60	1.000000e-60	1.000000e-60	1.000000e-60
	1.000000e-60	1.000000e-60	1.000000e-60	1.000000e-60	1.000000e-60
	1.000000e-60	1.000000e-60	1.000000e-60	1.000000e-60	1.000000e-60
	1.000000e-60	1.000000e-60	1.000000e-60	1.698996e-02	3.556794e-02
	5.334947e-02	7.027749e-02	8.632887e-02	1.014939e-01	1.157669e-01
	1.291398e-01	1.415956e-01	1.531319e-01	1.637711e-01	1.735174e-01
	1.823453e-01	1.902641e-01	1.973476e-01	2.036689e-01	2.092973e-01
	2.143401e-01	2.189044e-01	2.230636e-01	2.268802e-01	2.304242e-01
	2.337521e-01	2.368958e-01	2.398792e-01	2.427275e-01	2.454633e-01
	2.481036e-01	2.506687e-01	2.531864e-01	2.556843e-01	2.581866e-01
	2.607174e-01	2.633031e-01	2.659681e-01	2.687319e-01	2.716095e-01
	2.746194e-01	2.777911e-01	2.811704e-01	2.848250e-01	2.888344e-01
	2.932519e-01	2.980934e-01	3.033617e-01	3.090802e-01	3.152998e-01
	3.220585e-01	3.293687e-01	3.372679e-01	3.457211e-01	3.547419e-01
	3.643721e-01	3.746772e-01	3.857798e-01	3.977057e-01	4.105578e-01
	4.242097e-01	4.385780e-01	4.535436e-01	4.680869e-01	4.811324e-01
	4.909269e-01	4.942706e-01	4.877722e-01	4.687866e-01	4.367413e-01
	3.935347e-01	3.424266e-01	2.870545e-01	2.309982e-01	1.779368e-01
	1.315802e-01	9.432610e-02	6.623400e-02	4.578516e-02	3.118315e-02
	2.093386e-02	1.386980e-02	9.078048e-03	5.866272e-03	3.736407e-03
	2.341101e-03	1.440115e-03	8.680604e-04	5.116711e-04	2.941777e-04
	1.642892e-04	8.837756e-05	4.493590e-05	2.058050e-05	7.206066e-06
	1.000000e-60
massfraction-CH
	1.000000e-60	1.000000e-60	1.000000e-60	1.000000e-60	1.000000e-60
	1.000000e-60	1.000000e-60	1.000000e-60	1.000000e-60	2.211231e-20
	1.000000e-60	1.000000e-60	2.447196e-19	2.273893e-19	3.176762e-19
	2.487402e-20	5.680150e-20	1.000000e-60	1.000000e-60	1.000000e-60
	8.338618e-20	3.690755e-19	1.000000e-60	4.856210e-19	1.172649e-18
	2.942109e-18	1.000000e-60	1.000000e-60	2.390166e-18	1.000000e-60
	1.000000e-60	1.000000e-60	1.000000e-60	1.000000e-60	1.000000e-60
	1.000000e-60	1.000000e-60	1.000000e-60	1.000000e-60	1.000000e-60
	1.000000e-60	1.000000e-60	1.000000e-60	1.000000e-60	1.000000e-60
	1.000000e-60	1.000000e-60	1.000000e-60	1.000000e-60	1.000000e-60
	1.000000e-60	1.000000e-60	1.000000e-60	1.000000e-60	1.000000e-60
	1.000000e-60	1.000000e-60	1.000000e-60	1.000000e-60	1.000000e-60
	1.000000e-60	1.000000e-60	1.000000e-60	1.000000e-60	1.000000e-60
	1.000000e-60	1.000000e-60	1.000000e-60	1.000000e-60	1.000000e-60
	1.000000e-60	1.000000e-60	1.000000e-60	1.000000e-60	1.000000e-60
	1.000000e-60	1.000000e-60	1.000000e-60	1.000000e-60	1.000000e-60
	1.000000e-60	1.000000e-60	1.000000e-60	1.000000e-60	1.000000e-60
	1.000000e-60	1.000000e-60	1.000000e-60	1.000000e-60	1.000000e-60
	1.000000e-60	1.000000e-60	1.000000e-60	1.000000e-60	1.000000e-60
	1.000000e-60	1.000000e-60	1.000000e-60	1.000000e-60	3.796173e-06
	1.135763e-05	1.880390e-05	2.564110e-05	3.141459e-05	3.598287e-05
	3.833603e-05	3.773287e-05	3.387787e-05	2.734594e-05	1.939166e-05
	1.160226e-05	5.702930e-06	2.270415e-06	7.296741e-07	1.929037e-07
	4.292881e-08	8.070832e-09	1.246304e-09	1.479857e-10	1.232741e-11
	6.830953e-13	2.659233e-14	8.366795e-16	2.473043e-17	8.200713e-19
	3.514291e-20	2.533791e-21	6.094315e-22	1.855382e-22	1.071243e-22
	5.602781e-23	7.865758e-23	1.000000e-60	1.502250e-24	1.000000e-60
	1.000000e-60	1.000000e-60	4.955093e-24	1.000000e-60	3.076614e-25
	1.000000e-60
massfraction-CHO
	1.000000e-60	1.000000e-60	1.000000e-60	1.000000e-60	1.000000e-60
	1.000000e-60	1.000000e-60	1.000000e-60	1.000000e-60	1.000000e-60
	1.000000e-60	1.000000e-60	1.000000e-60	1.000000e-60	1.000000e-60
	1.000000e-60	1.000000e-60	1.000000e-60	1.000000e-60	1.000000e-60
	1.000000e-60	1.000000e-60	1.000000e-60	1.000000e-60	1.000000e-60
	1.000000e-60	1.000000e-60	1.000000e-60	1.000000e-60	1.000000e-60
	1.000000e-60	1.000000e-60	1.000000e-60	1.000000e-60	1.000000e-60
	1.000000e-60	1.000000e-60	1.000000e-60	1.000000e-60	1.000000e-60
	1.000000e-60	1.000000e-60	1.000000e-60	1.000000e-60	1.000000e-60
	1.000000e-60	1.000000e-60	1.000000e-60	1.000000e-60	1.000000e-60
	1.000000e-60	1.000000e-60	1.000000e-60	1.000000e-60	1.000000e-60
	1.000000e-60	1.000000e-60	1.000000e-60	1.000000e-60	1.000000e-60
	1.000000e-60	1.000000e-60	1.000000e-60	1.000000e-60	1.000000e-60
	1.000000e-60	1.000000e-60	1.000000e-60	1.000000e-60	1.000000e-60
	1.000000e-60	1.000000e-60	1.000000e-60	1.000000e-60	1.000000e-60
	1.000000e-60	1.000000e-60	1.000000e-60	1.000000e-60	1.000000e-60
	1.000000e-60	1.000000e-60	1.000000e-60	1.000000e-60	1.000000e-60
	1.000000e-60	1.000000e-60	1.000000e-60	1.000000e-60	1.000000e-60
	1.000000e-60	1.000000e-60	1.000000e-60	1.000000e-60	1.000000e-60
	1.000000e-60	1.000000e-60	1.000000e-60	1.000000e-60	1.000000e-60
	1.000000e-60	1.000000e-60	1.000000e-60	1.000000e-60	1.000000e-60
	9.819661e-07	6.831363e-05	1.324062e-04	1.807117e-04	2.027013e-04
	1.920052e-04	1.534729e-04	1.044703e-04	6.218608e-05	3.401989e-05
	1.802347e-05	9.387720e-06	4.556245e-06	1.867207e-06	6.043432e-07
	1.564399e-07	3.524400e-08	7.878297e-09	1.970851e-09	5.742059e-10
	1.893676e-10	6.815169e-11	2.611724e-11	1.046202e-11	4.310282e-12
	1.800255e-12	7.523697e-13	3.109061e-13	1.256043e-13	4.902843e-14
	1.822460e-14	6.306455e-15	1.945314e-15	4.833247e-16	6.943454e-17
	1.000000e-60
massfraction-CH2
	1.000000e-60	1.000000e-60	1.000000e-60	1.000000e-60	1.000000e-60
	1.000000e-60	1.000000e-60	1.000000e-60	1.000000e-60	1.000000e-60
	1.000000e-60	1.000000e-60	1.000000e-60	1.000000e-60	1.000000e-60
	1.000000e-60	1.000000e-60	1.000000e-60	1.000000e-60	1.000000e-60
	1.000000e-60	1.000000e-60	1.000000e-60	1.000000e-60	1.000000e-60
	1.000000e-60	1.000000e-60	1.000000e-60	1.000000e-60	1.000000e-60
	1.000000e-60	1.000000e-60	1.000000e-60	1.000000e-60	1.000000e-60
	1.000000e-60	1.000000e-60	1.000000e-60	1.000000e-60	1.000000e-60
	1.000000e-60	1.000000e-60	1.000000e-60	1.000000e-60	1.000000e-60
	1.000000e-60	1.000000e-60	1.000000e-60	1.000000e-60	1.000000e-60
	1.000000e-60	1.000000e-60	1.000000e-60	1.000000e-60	1.000000e-60
	1.000000e-60	1.000000e-60	1.000000e-60	1.000000e-60	1.000000e-60
	1.000000e-60	1.000000e-60	1.000000e-60	1.000000e-60	1.000000e-60
	1.000000e-60	1.000000e-60	1.000000e-60	1.000000e-60	1.000000e-60
	1.000000e-60	1.000000e-60	1.000000e-60	1.000000e-60	1.000000e-60
	1.000000e-60	1.000000e-60	1.000000e-60	1.000000e-60	1.000000e-60
	1.000000e-60	1.000000e-60	1.000000e-60	1.000000e-60	1.000000e-60
	1.000000e-60	1.000000e-60	1.000000e-60	1.000000e-60	1.000000e-60
	1.000000e-60	1.000000e-60	1.000000e-60	1.000000e-60	1.160090e-05
	3.885146e-05	6.630984e-05	9.245311e-05	1.159262e-04	1.357269e-04
	1.511064e-04	1.615224e-04	1.666845e-04	1.669271e-04	1.655870e-04
	1.585379e-04	1.444238e-04	1.233485e-04	9.761013e-05	7.017889e-05
	4.439604e-05	2.429758e-05	1.144608e-05	4.668336e-06	1.690579e-06
	5.602652e-07	1.732460e-07	5.010232e-08	1.331332e-08	3.122917e-09
	6.231861e-10	1.077702e-10	1.763514e-11	2.998240e-12	5.615367e-13
	1.201610e-13	3.012090e-14	8.925513e-15	3.101654e-15	1.241190e-15
	5.593661e-16	2.773198e-16	1.477890e-16	8.279766e-17	4.773886e-17
	2.773019e-17	1.583285e-17	8.565125e-18	4.063205e-18	1.299233e-18
	1.000000e-60
massfraction-CH2O
	1.000000e-60	1.000000e-60	1.000000e-60	1.000000e-60	1.000000e-60
	1.000000e-60	1.000000e-60	1.000000e-60	1.000000e-60	1.000000e-60
	1.000000e-60	1.000000e-60	1.000000e-60	1.000000e-60	1.000000e-60
	1.000000e-60	1.000000e-60	1.000000e-60	1.000000e-60	1.000000e-60
	1.000000e-60	1.000000e-60	1.000000e-60	1.000000e-60	1.000000e-60
	1.000000e-60	1.000000e-60	1.000000e-60	1.000000e-60	1.000000e-60
	1.000000e-60	1.000000e-60	1.000000e-60	1.000000e-60	1.000000e-60
	1.000000e-60	1.000000e-60	1.000000e-60	1.000000e-60	1.000000e-60
	1.000000e-60	1.000000e-60	1.000000e-60	1.000000e-60	1.000000e-60
	1.000000e-60	1.000000e-60	1.000000e-60	1.000000e-60	1.000000e-60
	1.000000e-60	1.000000e-60	1.000000e-60	1.000000e-60	1.000000e-60
	1.000000e-60	1.000000e-60	1.000000e-60	1.000000e-60	1.000000e-60
	1.000000e-60	1.000000e-60	1.000000e-60	1.000000e-60	1.000000e-60
	1.000000e-60	1.000000e-60	1.000000e-60	1.000000e-60	1.000000e-60
	1.000000e-60	1.000000e-60	1.000000e-60	1.000000e-60	1.000000e-60
	1.000000e-60	1.000000e-60	1.000000e-60	1.000000e-60	1.000000e-60
	1.000000e-60	1.000000e-60	1.000000e-60	1.000000e-60	1.000000e-60
	1.000000e-60	1.000000e-60	1.000000e-60	1.000000e-60	3.185812e-04
	9.007729e-04	1.560853e-03	2.303997e-03	3.137301e-03	4.072430e-03
	5.118416e-03	6.276679e-03	7.542697e-03	8.903286e-03	1.034643e-02
	1.186026e-02	1.343470e-02	1.507078e-02	1.677081e-02	1.859636e-02
	2.016382e-02	2.105733e-02	2.086054e-02	1.928402e-02	1.633593e-02
	1.234436e-02	8.191343e-03	4.777260e-03	2.494356e-03	1.214439e-03
	5.765418e-04	2.743997e-04	1.311350e-04	6.186479e-05	2.872490e-05
	1.372128e-05	7.173349e-06	4.138233e-06	2.546910e-06	1.620412e-06
	1.046050e-06	6.784213e-07	4.394315e-07	2.828928e-07	1.802325e-07
	1.132347e-07	6.994515e-08	4.236852e-08	2.510445e-08	1.450867e-08
	8.142772e-09	4.400092e-09	2.246102e-09	1.032138e-09	3.623636e-10
	1.000000e-60
massfraction-CH3
	1.000000e-60	1.000000e-60	1.000000e-60	1.000000e-60	1.000000e-60
	1.000000e-60	1.000000e-60	1.000000e-60	1.000000e-60	1.000000e-60
	1.000000e-60	1.000000e-60	1.000000e-60	1.000000e-60	1.000000e-60
	1.000000e-60	1.000000e-60	1.000000e-60	1.000000e-60	1.000000e-60
	1.000000e-60	1.000000e-60	1.000000e-60	1.000000e-60	1.000000e-60
	1.000000e-60	1.000000e-60	1.000000e-60	1.000000e-60	1.000000e-60
	1.000000e-60	1.000000e-60	1.000000e-60	1.000000e-60	1.000000e-60
	1.000000e-60	1.000000e-60	1.000000e-60	1.000000e-60	1.000000e-60
	1.000000e-60	1.000000e-60	1.000000e-60	1.000000e-60	1.000000e-60
	1.000000e-60	1.000000e-60	1.000000e-60	1.000000e-60	1.000000e-60
	1.000000e-60	1.000000e-60	1.000000e-60	1.000000e-60	1.000000e-60
	1.000000e-60	1.000000e-60	1.000000e-60	1.000000e-60	1.000000e-60
	1.000000e-60	1.000000e-60	1.000000e-60	1.000000e-60	1.000000e-60
	1.000000e-60	1.000000e-60	1.000000e-60	1.000000e-60	1.000000e-60
	1.000000e-60	1.000000e-60	1.000000e-60	1.000000e-60	1.000000e-60
	1.000000e-60	1.000000e-60	1.000000e-60	1.000000e-60	1.000000e-60
	1.000000e-60	1.000000e-60	1.000000e-60	1.000000e-60	3.324004e-04
	2.410463e-03	4.635853e-03	7.020074e-03	9.585099e-03	1.235133e-02
	1.530910e-02	1.841214e-02	2.159962e-02	2.481933e-02	2.797696e-02
	3.095676e-02	3.363463e-02	3.590319e-02	3.762756e-02	3.870540e-02
	3.905795e-02	3.861957e-02	3.732288e-02	3.511125e-02	3.192269e-02
	2.789041e-02	2.320719e-02	1.810852e-02	1.312863e-02	8.685551e-03
	5.101153e-03	2.651916e-03	1.238770e-03	5.357400e-04	2.246862e-04
	9.511191e-05	4.127680e-05	1.819838e-05	8.001758e-06	3.469136e-06
	1.470826e-06	6.154153e-07	2.621008e-07	1.154236e-07	5.252884e-08
	2.470433e-08	1.204903e-08	6.112252e-09	3.224631e-09	1.765363e-09
	9.996222e-10	5.828478e-10	3.478963e-10	2.109777e-10	1.287699e-10
	7.816361e-11	4.641406e-11	2.624979e-11	1.337760e-11	5.180544e-12
	1.000000e-60
massfraction-CH4
	1.000000e+00	1.000000e+00	1.000000e+00	1.000000e+00	1.000000e+00
	1.000000e+00	1.000000e+00	1.000000e+00	1.000000e+00	1.000000e+00
	1.000000e+00	1.000000e+00	1.000000e+00	1.000000e+00	1.000000e+00
	1.000000e+00	1.000000e+00	1.000000e+00	1.000000e+00	1.000000e+00
	1.000000e+00	1.000000e+00	1.000000e+00	1.000000e+00	1.000000e+00
	1.000000e+00	1.000000e+00	1.000000e+00	1.000000e+00	1.000000e+00
	1.000000e+00	1.000000e+00	1.000000e+00	1.000000e+00	1.000000e-60
	1.000000e+00	1.000000e-60	1.000000e+00	1.000000e+00	1.000000e+00
	1.000000e+00	1.000000e+00	1.000000e+00	1.000000e+00	1.000000e+00
	1.000000e+00	1.000000e+00	1.000000e+00	1.000000e+00	1.000000e+00
	1.000000e+00	1.000000e+00	1.000000e+00	1.000000e+00	1.000000e+00
	1.000000e+00	1.000000e+00	9.940336e-01	9.489412e-01	9.063357e-01
	8.666383e-01	8.300955e-01	7.966203e-01	7.660806e-01	7.383240e-01
	7.129716e-01	6.896045e-01	6.679447e-01	6.477497e-01	6.287196e-01
	6.106095e-01	5.932992e-01	5.767086e-01	5.607461e-01	5.453312e-01
	5.304118e-01	5.159138e-01	5.017200e-01	4.877140e-01	4.738018e-01
	4.598931e-01	4.458941e-01	4.317298e-01	4.173647e-01	4.027937e-01
	3.880053e-01	3.729451e-01	3.575033e-01	3.415083e-01	3.247981e-01
	3.073740e-01	2.894094e-01	2.711127e-01	2.526106e-01	2.339821e-01
	2.153656e-01	1.969583e-01	1.789313e-01	1.614964e-01	1.447576e-01
	1.287519e-01	1.134719e-01	9.884139e-02	8.491870e-02	7.168040e-02
	5.928290e-02	4.777708e-02	3.715862e-02	2.783538e-02	1.987903e-02
	1.330171e-02	8.321230e-03	4.881924e-03	2.705167e-03	1.443143e-03
	7.623541e-04	4.145131e-04	2.431209e-04	1.578389e-04	1.112579e-04
	8.172577e-05	6.077564e-05	4.527445e-05	3.368948e-05	2.499749e-05
	1.847631e-05	1.359852e-05	9.958401e-06	7.242290e-06	5.216967e-06
	3.712284e-06	2.602419e-06	1.792456e-06	1.209324e-06	7.961415e-07
	5.084694e-07	3.117619e-07	1.796405e-07	9.245811e-08	3.597504e-08
	1.000000e-60
massfraction-C2H6
	1.000000e-60	1.000000e-60	1.000000e-60	1.000000e-60	1.000000e-60
	1.000000e-60	1.000000e-60	1.000000e-60	1.000000e-60	1.000000e-60
	1.000000e-60	1.000000e-60	1.000000e-60	1.000000e-60	1.000000e-60
	1.000000e-60	1.000000e-60	1.000000e-60	1.000000e-60	1.000000e-60
	1.000000e-60	1.000000e-60	1.000000e-60	1.000000e-60	1.000000e-60
	1.000000e-60	1.000000e-60	1.000000e-60	1.000000e-60	1.000000e-60
	1.000000e-60	1.000000e-60	1.000000e-60	1.000000e-60	1.000000e-60
	1.000000e-60	1.000000e-60	1.000000e-60	1.000000e-60	1.000000e-60
	1.000000e-60	1.000000e-60	1.000000e-60	1.000000e-60	1.000000e-60
	1.000000e-60	1.000000e-60	1.000000e-60	1.000000e-60	1.000000e-60
	1.000000e-60	1.000000e-60	1.000000e-60	1.000000e-60	1.951325e-03
	4.439486e-03	6.851672e-03	9.194343e-03	1.147612e-02	1.369776e-02
	1.584612e-02	1.790690e-02	1.987501e-02	2.174126e-02	2.349339e-02
	2.513240e-02	2.666387e-02	2.808675e-02	2.940041e-02	3.061059e-02
	3.172125e-02	3.273018e-02	3.363481e-02	3.443508e-02	3.513179e-02
	3.572572e-02	3.621949e-02	3.661707e-02	3.692107e-02	3.713207e-02
	3.724908e-02	3.726938e-02	3.718836e-02	3.700030e-02	3.669951e-02
	3.628020e-02	3.573475e-02	3.505126e-02	3.421086e-02	3.318930e-02
	3.196846e-02	3.054424e-02	2.892201e-02	2.710605e-02	2.512057e-02
	2.300127e-02	2.079340e-02	1.854080e-02	1.630679e-02	1.413869e-02
	1.206930e-02	1.012209e-02	8.302725e-03	6.631721e-03	5.117352e-03
	3.792765e-03	2.672212e-03	1.758317e-03	1.075084e-03	6.000143e-04
	2.974823e-04	1.314799e-04	5.279923e-05	1.989281e-05	7.397003e-06
	2.857944e-06	1.197640e-06	5.637064e-07	3.029269e-07	1.828486e-07
	1.188884e-07	7.978587e-08	5.383671e-08	3.608724e-08	2.389324e-08
	1.559596e-08	1.004166e-08	6.382701e-09	4.002741e-09	2.472594e-09
	1.501630e-09	8.948593e-10	5.223241e-10	2.980600e-10	1.658997e-10
	8.972806e-11	4.678639e-11	2.309269e-11	1.028971e-11	3.515727e-12
	1.000000e-60
massfraction-C2H
	1.000000e-60	1.710151e-22	2.878863e-22	1.000000e-60	1.456733e-22
	2.337493e-22	1.000000e-60	2.097747e-21	2.968995e-22	1.000000e-60
	2.504972e-21	1.000000e-60	1.000000e-60	1.000000e-60	1.000000e-60
	1.000000e-60	1.000000e-60	1.000000e-60	1.000000e-60	1.000000e-60
	1.000000e-60	1.000000e-60	1.000000e-60	1.000000e-60	1.000000e-60
	1.000000e-60	1.000000e-60	1.000000e-60	1.000000e-60	1.000000e-60
	1.000000e-60	1.000000e-60	1.000000e-60	1.000000e-60	1.000000e-60
	1.000000e-60	1.000000e-60	1.000000e-60	1.000000e-60	1.000000e-60
	1.000000e-60	1.000000e-60	1.000000e-60	1.000000e-60	1.000000e-60
	1.000000e-60	1.000000e-60	1.000000e-60	1.000000e-60	1.000000e-60
	1.000000e-60	1.000000e-60	1.000000e-60	1.000000e-60	1.000000e-60
	1.000000e-60	1.000000e-60	1.000000e-60	1.000000e-60	1.000000e-60
	1.000000e-60	1.000000e-60	1.000000e-60	1.000000e-60	1.000000e-60
	1.000000e-60	1.000000e-60	1.000000e-60	1.000000e-60	1.000000e-60
	1.000000e-60	1.000000e-60	1.000000e-60	1.000000e-60	1.000000e-60
	1.000000e-60	1.000000e-60	1.000000e-60	1.000000e-60	1.000000e-60
	1.000000e-60	1.000000e-60	1.000000e-60	1.000000e-60	1.000000e-60
	1.000000e-60	1.000000e-60	1.000000e-60	1.000000e-60	1.000000e-60
	1.000000e-60	1.000000e-60	1.000000e-60	1.000000e-60	1.000000e-60
	1.000000e-60	1.000000e-60	3.397309e-07	1.959002e-06	3.599411e-06
	5.165714e-06	6.563883e-06	7.699280e-06	8.464139e-06	8.765080e-06
	8.533630e-06	7.765230e-06	6.513909e-06	4.975715e-06	3.388079e-06
	1.983518e-06	9.794312e-07	4.055570e-07	1.418799e-07	4.336492e-08
	1.212021e-08	3.222187e-09	8.358624e-10	2.108531e-10	4.824737e-11
	9.008318e-12	1.356909e-12	1.855352e-13	2.611743e-14	4.051976e-15
	7.207979e-16	1.515394e-16	3.819185e-17	1.147421e-17	4.034094e-18
	1.619692e-18	7.228496e-19	3.486246e-19	1.764594e-19	9.083452e-20
	4.586327e-20	2.169061e-20	8.987358e-21	2.889457e-21	5.108123e-22
	1.000000e-60
massfraction-C2H2
	1.000000e-60	1.000000e-60	1.000000e-60	1.000000e-60	1.000000e-60
	1.000000e-60	1.000000e-60	1.000000e-60	1.000000e-60	1.000000e-60
	1.000000e-60	1.000000e-60	1.000000e-60	1.000000e-60	1.000000e-60
	1.000000e-60	1.000000e-60	1.000000e-60	1.000000e-60	1.000000e-60
	1.000000e-60	1.000000e-60	1.000000e-60	1.000000e-60	1.000000e-60
	1.000000e-60	1.000000e-60	1.000000e-60	1.000000e-60	1.000000e-60
	1.000000e-60	1.000000e-60	1.000000e-60	1.000000e-60	1.000000e-60
	1.000000e-60	1.000000e-60	1.000000e-60	1.000000e-60	1.000000e-60
	1.000000e-60	1.000000e-60	1.000000e-60	1.000000e-60	1.000000e-60
	1.000000e-60	1.000000e-60	1.000000e-60	1.000000e-60	5.731212e-04
	1.487667e-03	2.361696e-03	3.196438e-03	3.994026e-03	4.756992e-03
	5.487847e-03	6.188773e-03	6.862608e-03	7.513332e-03	8.143384e-03
	8.752193e-03	9.339858e-03	9.909900e-03	1.046519e-02	1.100764e-02
	1.154271e-02	1.207707e-02	1.261484e-02	1.315951e-02	1.371672e-02
	1.429164e-02	1.488612e-02	1.550050e-02	1.613528e-02	1.679072e-02
	1.746632e-02	1.816241e-02	1.888168e-02	1.962750e-02	2.040265e-02
	2.121008e-02	2.205322e-02	2.293444e-02	2.385333e-02	2.480678e-02
	2.579108e-02	2.680433e-02	2.784706e-02	2.892203e-02	3.002763e-02
	3.114668e-02	3.224616e-02	3.328744e-02	3.423387e-02	3.504850e-02
	3.568748e-02	3.610311e-02	3.625135e-02	3.608564e-02	3.556628e-02
	3.465684e-02	3.332103e-02	3.151305e-02	2.920025e-02	2.633991e-02
	2.301715e-02	1.933482e-02	1.540653e-02	1.155728e-02	8.031144e-03
	5.036506e-03	2.827577e-03	1.426145e-03	6.559976e-04	2.848735e-04
	1.216370e-04	5.300522e-05	2.449790e-05	1.250404e-05	7.212641e-06
	4.603369e-06	3.099630e-06	2.126884e-06	1.462189e-06	9.987319e-07
	6.753798e-07	4.519183e-07	2.992290e-07	1.958565e-07	1.264879e-07
	8.043417e-08	5.025921e-08	3.079648e-08	1.846538e-08	1.080444e-08
	6.142276e-09	3.363184e-09	1.739699e-09	8.098128e-10	2.877570e-10
	1.000000e-60
massfraction-CHCO
	1.000000e-60	1.000000e-60	1.000000e-60	1.000000e-60	1.000000e-60
	1.000000e-60	1.000000e-60	1.000000e-60	1.000000e-60	1.000000e-60
	1.000000e-60	1.000000e-60	1.000000e-60	1.000000e-60	1.000000e-60
	1.000000e-60	1.000000e-60	1.000000e-60	1.000000e-60	1.000000e-60
	1.000000e-60	1.000000e-60	1.000000e-60	1.000000e-60	1.000000e-60
	1.000000e-60	1.000000e-60	1.000000e-60	1.000000e-60	1.000000e-60
	1.000000e-60	1.000000e-60	1.000000e-60	1.000000e-60	1.000000e-60
	1.000000e-60	1.000000e-60	1.000000e-60	1.000000e-60	1.000000e-60
	1.000000e-60	1.000000e-60	1.000000e-60	1.000000e-60	1.784600e-04
	3.788034e-04	5.723452e-04	7.590112e-04	9.386052e-04	1.110753e-03
	1.275002e-03	1.431102e-03	1.579076e-03	1.719044e-03	1.851147e-03
	1.975508e-03	2.092186e-03	2.201406e-03	2.303683e-03	2.399431e-03
	2.488824e-03	2.572398e-03	2.651388e-03	2.727074e-03	2.800662e-03
	2.873828e-03	2.948377e-03	3.025721e-03	3.107135e-03	3.194184e-03
	3.288389e-03	3.390743e-03	3.501938e-03	3.622643e-03	3.753396e-03
	3.894421e-03	4.046091e-03	4.209335e-03	4.385334e-03	4.575256e-03
	4.780447e-03	5.002536e-03	5.243068e-03	5.502996e-03	5.782602e-03
	6.082041e-03	6.402062e-03	6.744263e-03	7.110874e-03	7.500820e-03
	7.906843e-03	8.315217e-03	8.709703e-03	9.074056e-03	9.395548e-03
	9.657365e-03	9.841180e-03	9.931778e-03	9.916076e-03	9.785838e-03
	9.535515e-03	9.160704e-03	8.655238e-03	8.017571e-03	7.242942e-03
	6.343306e-03	5.333638e-03	4.236095e-03	3.141135e-03	2.128261e-03
	1.273800e-03	6.637261e-04	3.011180e-04	1.208009e-04	4.457295e-05
	1.585881e-05	5.676933e-06	2.121067e-06	8.576020e-07	3.862446e-07
	1.923915e-07	1.007901e-07	5.328675e-08	2.811562e-08	1.485327e-08
	7.924177e-09	4.309785e-09	2.404904e-09	1.379165e-09	8.116122e-10
	4.885922e-10	2.996630e-10	1.863279e-10	1.167610e-10	7.319157e-11
	4.544057e-11	2.752779e-11	1.585831e-11	8.223182e-12	3.236631e-12
	1.000000e-60
massfraction-C3H3
	1.000000e-60	1.000000e-60	1.000000e-60	1.000000e-60	1.000000e-60
	1.000000e-60	1.000000e-60	1.000000e-60	1.000000e-60	1.563923e-20
	7.966767e-21	1.000000e-60	2.595788e-19	3.369665e-19	4.544675e-19
	3.517173e-19	4.169773e-20	4.477487e-19	1.000000e-60	1.000000e-60
	1.676413e-18	1.039401e-18	1.000000e-60	1.000000e-60	1.566717e-18
	2.953477e-18	9.428266e-19	9.733933e-19	1.319539e-18	1.495368e-18
	1.000000e-60	1.000000e-60	1.000000e-60	1.000000e-60	1.000000e-60
	1.000000e-60	1.000000e-60	1.000000e-60	1.000000e-60	1.000000e-60
	1.000000e-60	1.000000e-60	1.000000e-60	1.000000e-60	1.000000e-60
	1.000000e-60	1.000000e-60	1.000000e-60	1.000000e-60	1.000000e-60
	1.000000e-60	1.000000e-60	1.000000e-60	1.000000e-60	1.000000e-60
	1.000000e-60	1.000000e-60	1.000000e-60	1.000000e-60	1.000000e-60
	1.000000e-60	1.000000e-60	1.000000e-60	1.000000e-60	1.000000e-60
	1.000000e-60	1.000000e-60	1.000000e-60	1.000000e-60	1.000000e-60
	1.000000e-60	1.000000e-60	1.000000e-60	1.000000e-60	1.000000e-60
	1.000000e-60	1.000000e-60	1.000000e-60	1.000000e-60	1.000000e-60
	1.000000e-60	1.000000e-60	1.000000e-60	1.000000e-60	1.000000e-60
	1.000000e-60	1.000000e-60	1.000000e-60	1.000000e-60	1.000000e-60
	1.000000e-60	1.000000e-60	2.482491e-06	5.904960e-06	9.994637e-06
	1.419810e-05	1.800304e-05	2.104655e-05	2.307751e-05	2.397458e-05
	2.372060e-05	2.238674e-05	2.011199e-05	1.712740e-05	1.370021e-05
	1.018790e-05	6.911720e-06	4.142640e-06	2.147312e-06	9.209157e-07
	3.054803e-07	7.602560e-08	1.407987e-08	1.968820e-09	2.199724e-10
	2.114533e-11	1.842843e-12	1.458321e-13	9.881118e-15	5.131669e-16
	1.872075e-17	4.913818e-19	1.048059e-20	2.095818e-22	4.681265e-24
	1.359303e-25	7.554797e-27	7.391034e-28	6.961586e-28	1.745355e-29
	1.057531e-28	2.688558e-29	1.000000e-60	2.925807e-30	1.000000e-60
	1.000000e-60	8.388431e-32	6.383743e-32	1.000000e-60	1.874139e-34
	1.000000e-60
massfraction-C2H3
	1.000000e-60	1.000000e-60	1.000000e-60	1.000000e-60	1.000000e-60
	1.000000e-60	1.000000e-60	1.000000e-60	1.000000e-60	1.000000e-60
	1.000000e-60	1.000000e-60	1.000000e-60	1.000000e-60	1.000000e-60
	1.000000e-60	1.000000e-60	1.000000e-60	1.000000e-60	1.000000e-60
	1.000000e-60	1.000000e-60	7.837915e-10	4.806135e-09	1.699742e-08
	3.839977e-08	6.669874e-08	9.667677e-08	1.177136e-07	1.099964e-07
	3.716765e-08	1.000000e-60	1.000000e-60	1.000000e-60	1.000000e-60
	1.000000e-60	1.000000e-60	1.000000e-60	1.000000e-60	1.000000e-60
	1.000000e-60	1.000000e-60	1.000000e-60	1.000000e-60	1.000000e-60
	1.000000e-60	1.000000e-60	1.000000e-60	1.000000e-60	1.000000e-60
	1.000000e-60	1.000000e-60	1.000000e-60	1.000000e-60	1.000000e-60
	1.000000e-60	1.000000e-60	1.000000e-60	1.000000e-60	1.000000e-60
	1.000000e-60	1.000000e-60	1.000000e-60	1.000000e-60	1.000000e-60
	1.000000e-60	1.000000e-60	1.000000e-60	1.000000e-60	1.000000e-60
	1.000000e-60	1.000000e-60	1.000000e-60	1.000000e-60	1.000000e-60
	1.000000e-60	1.000000e-60	1.000000e-60	1.000000e-60	1.000000e-60
	1.000000e-60	1.000000e-60	1.000000e-60	1.000000e-60	1.000000e-60
	1.000000e-60	1.000000e-60	1.000000e-60	1.000000e-60	1.000000e-60
	1.000000e-60	1.000000e-60	1.000000e-60	1.000000e-60	1.000000e-60
	1.000000e-60	2.581532e-05	9.978530e-05	1.754908e-04	2.464908e-04
	3.085955e-04	3.587795e-04	3.947733e-04	4.144100e-04	4.163096e-04
	3.997245e-04	3.652612e-04	3.145391e-04	2.534289e-04	1.885141e-04
	1.264828e-04	7.594468e-05	4.095692e-05	2.016370e-05	9.357061e-06
	4.200458e-06	1.842586e-06	7.991689e-07	3.443046e-07	1.372408e-07
	4.441218e-08	1.102343e-08	2.155214e-09	3.541854e-10	5.660707e-11
	1.098929e-11	2.859557e-12	9.134649e-13	3.247287e-13	1.219636e-13
	4.704121e-14	1.827634e-14	7.048260e-15	2.665232e-15	9.767835e-16
	3.421931e-16	1.121312e-16	3.294914e-17	7.860178e-18	1.102126e-18
	1.000000e-60
massfraction-C2H4
	1.000000e-60	1.000000e-60	1.000000e-60	1.000000e-60	1.000000e-60
	1.000000e-60	1.000000e-60	1.000000e-60	1.000000e-60	1.000000e-60
	1.000000e-60	1.000000e-60	1.000000e-60	1.000000e-60	1.000000e-60
	1.000000e-60	1.000000e-60	1.000000e-60	1.000000e-60	1.000000e-60
	1.000000e-60	1.000000e-60	1.000000e-60	1.000000e-60	1.000000e-60
	1.000000e-60	1.000000e-60	1.000000e-60	1.000000e-60	1.000000e-60
	1.000000e-60	1.000000e-60	1.000000e-60	1.000000e-60	1.000000e-60
	1.000000e-60	1.000000e-60	1.000000e-60	1.000000e-60	1.000000e-60
	1.000000e-60	1.000000e-60	1.000000e-60	1.000000e-60	1.000000e-60
	1.000000e-60	1.000000e-60	1.000000e-60	1.000000e-60	1.000000e-60
	1.000000e-60	1.000000e-60	1.000000e-60	1.000000e-60	1.000000e-60
	1.000000e-60	1.000000e-60	1.000000e-60	1.000000e-60	2.587008e-04
	1.270238e-03	2.268915e-03	3.261901e-03	4.253974e-03	5.246619e-03
	6.246553e-03	7.262098e-03	8.296170e-03	9.349968e-03	1.042848e-02
	1.153537e-02	1.266756e-02	1.381907e-02	1.498448e-02	1.615777e-02
	1.733101e-02	1.849849e-02	1.965870e-02	2.081074e-02	2.195209e-02
	2.307968e-02	2.419008e-02	2.527717e-02	2.633055e-02	2.733656e-02
	2.828126e-02	2.915238e-02	2.993840e-02	3.062619e-02	3.119493e-02
	3.161214e-02	3.184126e-02	3.185122e-02	3.161653e-02	3.111545e-02
	3.032890e-02	2.924728e-02	2.787102e-02	2.622890e-02	2.435528e-02
	2.228583e-02	2.005609e-02	1.769387e-02	1.525194e-02	1.277373e-02
	1.034357e-02	8.029173e-03	5.887223e-03	4.053008e-03	2.575976e-03
	1.470097e-03	7.488653e-04	3.422242e-04	1.424956e-04	5.596600e-05
	2.156749e-05	8.426562e-06	3.429243e-06	1.491687e-06	7.157109e-07
	3.887636e-07	2.360474e-07	1.527775e-07	1.014200e-07	6.764788e-08
	4.492024e-08	2.959782e-08	1.932505e-08	1.248115e-08	7.955438e-09
	4.992896e-09	3.078720e-09	1.861337e-09	1.100994e-09	6.354745e-10
	3.563860e-10	1.925535e-10	9.833587e-11	4.522960e-11	1.589918e-11
	1.000000e-60
massfraction-C2H5
	1.000000e-60	1.000000e-60	1.000000e-60	1.000000e-60	1.000000e-60
	1.000000e-60	1.000000e-60	1.000000e-60	1.000000e-60	1.000000e-60
	1.000000e-60	1.000000e-60	1.000000e-60	1.000000e-60	1.000000e-60
	1.000000e-60	1.000000e-60	1.000000e-60	1.000000e-60	1.000000e-60
	1.000000e-60	1.000000e-60	1.000000e-60	1.000000e-60	1.000000e-60
	1.000000e-60	1.000000e-60	1.000000e-60	1.000000e-60	1.000000e-60
	1.000000e-60	1.000000e-60	1.000000e-60	1.000000e-60	1.000000e-60
	1.000000e-60	1.000000e-60	1.000000e-60	1.000000e-60	1.000000e-60
	1.000000e-60	1.000000e-60	1.000000e-60	1.000000e-60	1.000000e-60
	2.543624e-07	1.091961e-06	1.758340e-06	2.187903e-06	2.348811e-06
	2.228265e-06	1.813714e-06	1.075396e-06	1.000000e-60	1.000000e-60
	1.000000e-60	1.000000e-60	1.000000e-60	1.000000e-60	1.000000e-60
	1.000000e-60	1.000000e-60	1.000000e-60	1.000000e-60	1.000000e-60
	1.000000e-60	1.000000e-60	1.000000e-60	1.000000e-60	1.000000e-60
	1.000000e-60	1.000000e-60	1.000000e-60	1.000000e-60	1.000000e-60
	1.000000e-60	1.000000e-60	1.000000e-60	1.000000e-60	1.000000e-60
	1.000000e-60	1.000000e-60	1.000000e-60	1.000000e-60	1.000000e-60
	1.000000e-60	1.000000e-60	1.000000e-60	1.000000e-60	1.000000e-60
	7.007807e-06	6.749550e-05	1.347461e-04	2.145381e-04	2.972745e-04
	3.752275e-04	4.448222e-04	5.077509e-04	5.559162e-04	5.851744e-04
	5.945875e-04	5.846997e-04	5.572876e-04	5.152152e-04	4.633579e-04
	4.011401e-04	3.308499e-04	2.560757e-04	1.849725e-04	1.229058e-04
	7.335422e-05	3.919797e-05	1.889039e-05	8.321398e-06	3.424674e-06
	1.338703e-06	5.016540e-07	1.827548e-07	6.644279e-08	2.492646e-08
	9.504959e-09	3.470113e-09	1.261590e-09	4.979724e-10	2.218752e-10
	1.097107e-10	5.797872e-11	3.168478e-11	1.750069e-11	9.627058e-12
	5.226046e-12	2.783298e-12	1.448981e-12	7.356955e-13	3.637952e-13
	1.749447e-13	8.149351e-14	3.632399e-14	1.489597e-14	4.818938e-15
	1.000000e-60
massfraction-C3H4
	1.000000e-60	1.000000e-60	1.000000e-60	1.000000e-60	1.000000e-60
	1.000000e-60	1.000000e-60	1.000000e-60	1.000000e-60	1.000000e-60
	1.000000e-60	1.000000e-60	1.000000e-60	1.000000e-60	1.000000e-60
	1.000000e-60	1.000000e-60	1.000000e-60	1.000000e-60	1.000000e-60
	1.000000e-60	1.000000e-60	1.000000e-60	1.000000e-60	1.000000e-60
	1.000000e-60	1.000000e-60	1.000000e-60	1.000000e-60	1.000000e-60
	1.000000e-60	1.000000e-60	1.000000e-60	1.000000e-60	1.000000e-60
	1.000000e-60	1.000000e-60	1.000000e-60	1.000000e-60	1.000000e-60
	1.000000e-60	1.000000e-60	1.000000e-60	1.000000e-60	1.000000e-60
	1.000000e-60	1.000000e-60	1.000000e-60	1.000000e-60	1.000000e-60
	1.000000e-60	1.000000e-60	1.000000e-60	1.000000e-60	1.000000e-60
	1.000000e-60	1.000000e-60	1.000000e-60	1.000000e-60	1.000000e-60
	5.276424e-06	1.134059e-05	1.739718e-05	2.339379e-05	2.927573e-05
	3.503954e-05	4.070684e-05	4.628148e-05	5.176982e-05	5.720619e-05
	6.262272e-05	6.802348e-05	7.340454e-05	7.876920e-05	8.412089e-05
	8.945596e-05	9.478109e-05	1.001222e-04	1.055086e-04	1.109639e-04
	1.165118e-04	1.221782e-04	1.279813e-04	1.339210e-04	1.399817e-04
	1.461460e-04	1.524099e-04	1.587859e-04	1.653020e-04	1.719655e-04
	1.786976e-04	1.853345e-04	1.917002e-04	1.976426e-04	2.030274e-04
	2.076714e-04	2.113498e-04	2.138448e-04	2.149462e-04	2.144877e-04
	2.123144e-04	2.082655e-04	2.021365e-04	1.937550e-04	1.829158e-04
	1.695802e-04	1.536940e-04	1.351282e-04	1.147128e-04	9.309061e-05
	7.099503e-05	5.044380e-05	3.324311e-05	2.031047e-05	1.162941e-05
	6.339454e-06	3.334299e-06	1.710332e-06	8.643209e-07	4.370987e-07
	2.266688e-07	1.226087e-07	6.892149e-08	3.967264e-08	2.306884e-08
	1.344304e-08	7.823738e-09	4.537863e-09	2.615110e-09	1.491863e-09
	8.395323e-10	4.645643e-10	2.521071e-10	1.338480e-10	6.935285e-11
	3.494880e-11	1.700644e-11	7.856104e-12	3.291281e-12	1.064316e-12
	1.000000e-60
massfraction-C3H5
	1.000000e-60	8.309773e-11	3.293941e-10	1.000550e-09	2.666752e-09
	6.444577e-09	1.431113e-08	2.944654e-08	5.653457e-08	1.018395e-07
	1.728230e-07	2.779048e-07	4.266824e-07	6.288188e-07	8.924931e-07
	1.223977e-06	1.627175e-06	2.103248e-06	2.650810e-06	3.267113e-06
	3.948388e-06	4.689447e-06	5.484350e-06	6.327073e-06	7.211095e-06
	8.128121e-06	9.067363e-06	1.001733e-05	1.096933e-05	1.191997e-05
	1.287076e-05	1.382425e-05	1.478155e-05	1.574092e-05	1.000000e-60
	2.530009e-05	1.000000e-60	1.982726e-05	1.983785e-05	1.992534e-05
	2.008300e-05	2.030508e-05	2.058552e-05	2.091794e-05	2.129554e-05
	2.171068e-05	2.215384e-05	2.261190e-05	2.306612e-05	2.348961e-05
	2.384549e-05	2.408611e-05	2.415241e-05	2.397389e-05	2.347118e-05
	2.256183e-05	2.117054e-05	1.923873e-05	1.673048e-05	1.364869e-05
	1.005586e-05	6.058266e-06	1.768367e-06	1.000000e-60	1.000000e-60
	1.000000e-60	1.000000e-60	1.000000e-60	1.000000e-60	1.000000e-60
	1.000000e-60	1.000000e-60	1.000000e-60	1.000000e-60	1.000000e-60
	1.000000e-60	1.000000e-60	1.000000e-60	1.000000e-60	1.000000e-60
	1.000000e-60	1.000000e-60	1.000000e-60	1.000000e-60	1.000000e-60
	1.000000e-60	1.000000e-60	1.000000e-60	1.000000e-60	1.000000e-60
	6.605214e-06	1.543120e-05	2.479629e-05	3.453016e-05	4.440011e-05
	5.407872e-05	6.316657e-05	7.127448e-05	7.801909e-05	8.312129e-05
	8.638055e-05	8.765767e-05	8.685322e-05	8.392368e-05	7.889496e-05
	7.193716e-05	6.330129e-05	5.326960e-05	4.268714e-05	3.223627e-05
	2.252651e-05	1.448182e-05	8.556527e-06	4.653780e-06	2.356825e-06
	1.126938e-06	5.138113e-07	2.256709e-07	9.777183e-08	4.427076e-08
	2.257029e-08	1.306631e-08	8.085152e-09	5.071786e-09	3.151263e-09
	1.927131e-09	1.160021e-09	6.879667e-10	4.017629e-10	2.306240e-10
	1.298633e-10	7.159060e-11	3.857058e-11	2.027620e-11	1.038205e-11
	5.163092e-12	2.477604e-12	1.128564e-12	4.664872e-13	1.490260e-13
	1.000000e-60
massfraction-C3H6
	1.000000e-60	1.000000e-60	1.000000e-60	1.000000e-60	1.000000e-60
	1.000000e-60	1.000000e-60	1.000000e-60	1.000000e-60	1.000000e-60
	1.000000e-60	1.000000e-60	1.000000e-60	1.000000e-60	1.000000e-60
	1.000000e-60	1.000000e-60	1.000000e-60	1.000000e-60	1.000000e-60
	1.000000e-60	1.000000e-60	1.000000e-60	1.000000e-60	1.000000e-60
	1.000000e-60	1.000000e-60	1.000000e-60	1.000000e-60	1.000000e-60
	1.000000e-60	1.000000e-60	1.000000e-60	1.000000e-60	1.000000e-60
	1.000000e-60	1.000000e-60	1.000000e-60	1.000000e-60	1.000000e-60
	1.000000e-60	1.000000e-60	1.000000e-60	1.000000e-60	1.000000e-60
	1.000000e-60	1.000000e-60	1.000000e-60	1.000000e-60	1.000000e-60
	1.000000e-60	1.000000e-60	1.000000e-60	1.000000e-60	1.000000e-60
	1.000000e-60	1.000000e-60	1.000000e-60	1.000000e-60	1.000000e-60
	1.000000e-60	1.000000e-60	1.000000e-60	1.000000e-60	1.000000e-60
	1.000000e-60	1.000000e-60	1.000000e-60	1.000000e-60	1.000000e-60
	1.000000e-60	1.000000e-60	1.000000e-60	1.000000e-60	1.000000e-60
	1.000000e-60	1.000000e-60	1.000000e-60	1.000000e-60	1.000000e-60
	1.000000e-60	1.000000e-60	1.000000e-60	1.000000e-60	1.000000e-60
	1.000000e-60	1.000000e-60	1.000000e-60	1.662936e-05	1.285794e-04
	2.473483e-04	3.675023e-04	4.821875e-04	5.842091e-04	6.684034e-04
	7.308261e-04	7.692720e-04	7.836105e-04	7.742815e-04	7.431065e-04
	6.929603e-04	6.273112e-04	5.497762e-04	4.645246e-04	3.757287e-04
	2.889347e-04	2.088055e-04	1.389934e-04	8.449808e-05	4.588670e-05
	2.150844e-05	8.688289e-06	3.085249e-06	1.003570e-06	3.207709e-07
	1.085761e-07	4.133245e-08	1.878751e-08	1.116933e-08	8.791205e-09
	7.408701e-09	5.664387e-09	3.899580e-09	2.512391e-09	1.555263e-09
	9.367159e-10	5.523284e-10	3.198370e-10	1.819683e-10	1.016008e-10
	5.558239e-11	2.974406e-11	1.554705e-11	7.926638e-12	3.936236e-12
	1.899076e-12	8.848027e-13	3.918753e-13	1.578506e-13	4.929846e-14
	1.000000e-60
massfraction-N-C3H7
	1.000000e-60	8.067250e-13	3.266373e-12	1.015445e-11	2.770657e-11
	6.849616e-11	1.554163e-10	3.262797e-10	6.381855e-10	1.169369e-09
	2.015344e-09	3.286159e-09	5.108895e-09	7.613723e-09	1.091353e-08
	1.509697e-08	2.022118e-08	2.630582e-08	3.333466e-08	4.127046e-08
	5.005975e-08	5.962807e-08	6.988985e-08	8.075859e-08	9.214642e-08
	1.039569e-07	1.160950e-07	1.285367e-07	1.414727e-07	1.555652e-07
	1.724636e-07	1.960029e-07	2.351999e-07	3.123039e-07	4.989239e-07
	7.215930e-07	2.130838e-08	1.000000e-60	1.000000e-60	1.583246e-10
	6.226381e-10	8.590629e-10	9.623302e-10	9.902968e-10	9.776863e-10
	9.447537e-10	9.029882e-10	8.587304e-10	8.153082e-10	7.742758e-10
	7.360649e-10	7.002737e-10	6.658158e-10	6.309991e-10	5.935429e-10
	5.503235e-10	4.968914e-10	4.268692e-10	3.310569e-10	1.968664e-10
	8.738167e-12	1.000000e-60	1.000000e-60	1.000000e-60	1.000000e-60
	1.000000e-60	1.000000e-60	1.000000e-60	1.000000e-60	1.000000e-60
	1.000000e-60	1.000000e-60	1.000000e-60	1.000000e-60	1.000000e-60
	1.000000e-60	1.000000e-60	1.000000e-60	1.000000e-60	1.000000e-60
	1.000000e-60	1.000000e-60	1.000000e-60	1.000000e-60	1.000000e-60
	1.000000e-60	1.000000e-60	1.000000e-60	1.000000e-60	1.000000e-60
	1.000000e-60	1.000000e-60	1.000000e-60	1.000000e-60	1.000000e-60
	1.000000e-60	9.159174e-09	1.821728e-08	2.655361e-08	3.367989e-08
	3.922749e-08	4.294310e-08	4.460673e-08	4.422208e-08	4.180545e-08
	3.738765e-08	3.156922e-08	2.481461e-08	1.801624e-08	1.189442e-08
	6.975786e-09	3.643352e-09	1.734512e-09	7.868788e-10	3.634101e-10
	1.806144e-10	9.465887e-11	3.116962e-11	1.000000e-60	9.250086e-11
	1.098507e-09	9.891709e-10	6.626370e-10	4.159953e-10	2.540744e-10
	1.518523e-10	8.906054e-11	5.135928e-11	2.912247e-11	1.621444e-11
	8.848390e-12	4.724307e-12	2.464010e-12	1.253602e-12	6.212041e-13
	2.990767e-13	1.390549e-13	6.146362e-14	2.471177e-14	7.704926e-15
	1.000000e-60
massfraction-I-C3H7
	1.000000e-60	1.000129e-60	1.000711e-60	1.002287e-60	1.006169e-60
	1.014918e-60	1.033045e-60	1.067768e-60	1.129620e-60	1.232452e-60
	1.392248e-60	1.626153e-60	1.952338e-60	2.386759e-60	2.939135e-60
	3.611794e-60	4.399015e-60	5.287389e-60	6.258302e-60	7.292926e-60
	8.376172e-60	9.500144e-60	1.066984e-59	1.190879e-59	1.326345e-59
	1.480585e-59	1.686127e-59	1.877867e-59	2.075830e-59	2.289964e-59
	2.534127e-59	2.826889e-59	3.192998e-59	3.666162e-59	4.328990e-59
	2.641692e-59	2.771455e-59	1.284445e-59	7.314691e-60	1.672253e-59
	1.692724e-59	1.803486e-59	1.099323e-59	1.258491e-59	7.747611e-60
	1.414165e-59	5.963653e-60	5.625386e-60	6.061031e-60	7.212352e-60
	7.370548e-60	7.451493e-60	1.223151e-59	1.161445e-59	1.097879e-59
	1.451330e-59	1.347565e-59	1.249575e-59	1.157447e-59	8.604479e-60
	8.004434e-60	7.452672e-60	6.945538e-60	6.481477e-60	6.061093e-60
	6.896477e-60	6.445725e-60	6.030232e-60	5.645413e-60	4.390832e-60
	4.113081e-60	3.851489e-60	3.601517e-60	3.361569e-60	3.130139e-60
	2.906076e-60	2.687840e-60	2.473165e-60	2.259777e-60	2.045587e-60
	1.828449e-60	1.605988e-60	1.375904e-60	1.136707e-60	1.041508e-60
	3.238784e-62	1.657028e-62	1.455943e-63	1.000000e-60	1.000000e-60
	1.000000e-60	1.000000e-60	1.000000e-60	1.000000e-60	1.000000e-60
	1.000000e-60	1.000000e-60	1.000000e-60	1.000000e-60	1.000000e-60
	1.000000e-60	1.000000e-60	1.000000e-60	1.000000e-60	1.000000e-60
	1.000000e-60	1.000000e-60	1.000000e-60	1.000000e-60	1.000000e-60
	1.000000e-60	1.000000e-60	1.000000e-60	1.000000e-60	1.000000e-60
	1.000000e-60	1.000000e-60	1.000000e-60	1.000000e-60	1.000000e-60
	1.000000e-60	1.000000e-60	1.000000e-60	1.000000e-60	1.000000e-60
	1.000000e-60	1.000000e-60	1.000000e-60	1.000000e-60	1.000000e-60
	1.000000e-60	1.000000e-60	5.195237e-62	1.806667e-61	3.012871e-61
	4.162238e-61	5.283576e-61	6.405546e-61	7.553555e-61	8.746933e-61
	1.000000e-60
massfraction-C3H8
	1.000000e-60	9.999207e-61	9.999142e-61	9.999787e-61	1.000304e-60
	1.001324e-60	1.003889e-60	1.009467e-60	1.020343e-60	1.039713e-60
	1.071527e-60	1.120350e-60	1.191406e-60	1.289981e-60	1.420560e-60
	1.586482e-60	1.789641e-60	2.030236e-60	2.306886e-60	2.617256e-60
	2.958270e-60	3.325991e-60	3.715997e-60	4.123804e-60	4.544695e-60
	4.973211e-60	5.402982e-60	5.827700e-60	6.242759e-60	6.646206e-60
	7.038237e-60	7.419449e-60	7.789733e-60	8.147950e-60	6.127723e-60
	1.000000e-60	3.700791e-60	7.958984e-60	9.020028e-60	1.001025e-59
	1.093152e-59	1.178655e-59	1.257851e-59	1.331071e-59	1.405849e-59
	1.508393e-59	1.604312e-59	1.693807e-59	1.777019e-59	1.854010e-59
	1.924823e-59	1.989598e-59	2.048584e-59	2.102047e-59	2.150239e-59
	2.193377e-59	2.231631e-59	2.172085e-59	2.182777e-59	2.193090e-59
	2.203067e-59	2.212751e-59	2.222228e-59	2.231564e-59	2.240795e-59
	2.241843e-59	2.250631e-59	2.259946e-59	2.269828e-59	2.280368e-59
	2.291672e-59	2.303795e-59	2.316777e-59	2.330674e-59	2.345545e-59
	2.361432e-59	2.378415e-59	2.404536e-59	2.423920e-59	2.444440e-59
	2.466354e-59	2.489975e-59	2.515639e-59	2.543673e-59	2.679954e-59
	2.704555e-59	2.720216e-59	2.726513e-59	2.722650e-59	2.707290e-59
	2.678806e-59	2.635811e-59	2.577289e-59	2.502167e-59	2.411072e-59
	2.305122e-59	2.185820e-59	2.054636e-59	1.913778e-59	1.764669e-59
	1.607901e-59	1.443243e-59	1.269107e-59	1.084830e-59	8.880157e-60
	6.794201e-60	4.578757e-60	2.207126e-60	1.000000e-60	1.000000e-60
	1.000000e-60	1.000000e-60	1.000000e-60	1.000000e-60	1.000000e-60
	1.000000e-60	1.000000e-60	1.000000e-60	1.000000e-60	1.000000e-60
	1.000000e-60	1.000000e-60	1.000000e-60	1.000000e-60	1.000000e-60
	1.000000e-60	1.000000e-60	3.006649e-61	5.321778e-61	6.900108e-61
	7.964608e-61	8.676443e-61	9.148997e-61	9.460654e-61	9.664817e-61
	9.797495e-61	9.882797e-61	9.936759e-61	9.969994e-61	9.989510e-61
	1.000000e-60
V [kg/(s*m^2)]
	3.976317e-01	3.740942e-01	3.510097e-01	3.289058e-01	3.081991e-01
	2.890820e-01	2.716178e-01	2.558198e-01	2.416800e-01	2.292052e-01
	2.184206e-01	2.092980e-01	2.017642e-01	1.957854e-01	1.913470e-01
	1.884170e-01	1.869467e-01	1.868746e-01	1.881284e-01	1.906340e-01
	1.943225e-01	1.991269e-01	2.049836e-01	2.118345e-01	2.196226e-01
	2.282746e-01	2.376857e-01	2.477323e-01	2.583110e-01	2.693741e-01
	2.809325e-01	2.930210e-01	3.056592e-01	3.188331e-01	3.330598e-01
	3.514305e-01	3.731368e-01	3.938948e-01	4.133529e-01	4.314332e-01
	4.480801e-01	4.632597e-01	4.769550e-01	4.891606e-01	4.998837e-01
	5.091443e-01	5.169666e-01	5.233770e-01	5.284064e-01	5.320942e-01
	5.344960e-01	5.356883e-01	5.357617e-01	5.348143e-01	5.329507e-01
	5.302831e-01	5.269350e-01	5.230352e-01	5.187076e-01	5.140851e-01
	5.093217e-01	5.045566e-01	4.998806e-01	4.953652e-01	4.910662e-01
	4.869888e-01	4.831149e-01	4.794370e-01	4.759440e-01	4.726068e-01
	4.693997e-01	4.663150e-01	4.633488e-01	4.604927e-01	4.577382e-01
	4.550800e-01	4.525077e-01	4.500021e-01	4.475438e-01	4.451168e-01
	4.427058e-01	4.402946e-01	4.378700e-01	4.354253e-01	4.329587e-01
	4.304666e-01	4.279375e-01	4.253499e-01	4.226711e-01	4.198688e-01
	4.169361e-01	4.138928e-01	4.107632e-01	4.075561e-01	4.042616e-01
	4.008762e-01	3.974068e-01	3.938550e-01	3.902298e-01	3.865192e-01
	3.826966e-01	3.787212e-01	3.745233e-01	3.700565e-01	3.652311e-01
	3.599849e-01	3.541802e-01	3.475692e-01	3.401026e-01	3.314899e-01
	3.212065e-01	3.090363e-01	2.947931e-01	2.782826e-01	2.595547e-01
	2.387372e-01	2.158336e-01	1.907598e-01	1.634873e-01	1.343739e-01
	1.044752e-01	7.519840e-02	4.755080e-02	2.184323e-02	-2.019839e-03
	-2.421436e-02	-4.492124e-02	-6.437122e-02	-8.285499e-02	-1.006663e-01
	-1.180575e-01	-1.352320e-01	-1.523422e-01	-1.694955e-01	-1.867564e-01
	-2.041533e-01	-2.216928e-01	-2.393679e-01	-2.571578e-01	-2.750075e-01
	-2.928550e-01
density [kg/m^3]
	6.431859e-01	6.441700e-01	6.466130e-01	6.519226e-01	6.623768e-01
	6.815753e-01	7.153648e-01	7.740301e-01	8.783062e-01	1.078743e+00
	1.542870e+00	3.404153e+00	1.844057e+01	1.827219e+01	1.809122e+01
	1.790060e+01	1.770328e+01	1.750198e+01	1.729897e+01	1.709567e+01
	1.689286e+01	1.669098e+01	1.649010e+01	1.628992e+01	1.609009e+01
	1.589057e+01	1.569172e+01	1.549418e+01	1.529823e+01	1.510333e+01
	1.490799e+01	1.471098e+01	1.451140e+01	1.430940e+01	1.248537e+03
	1.205289e+01	3.391096e+06	1.285109e+01	1.338619e+01	1.389139e+01
	1.436091e+01	1.478907e+01	1.517155e+01	1.550541e+01	1.578828e+01
	1.602095e+01	1.620476e+01	1.634193e+01	1.634925e+01	1.630375e+01
	1.622526e+01	1.612324e+01	1.600342e+01	1.587095e+01	1.571699e+01
	1.555576e+01	1.531116e+01	1.502381e+01	1.521786e+01	1.540330e+01
	1.557352e+01	1.573135e+01	1.587657e+01	1.600905e+01	1.612895e+01
	1.623758e+01	1.633651e+01	1.642679e+01	1.650938e+01	1.658549e+01
	1.665607e+01	1.672159e+01	3.237760e+00	9.471075e-01	5.649969e-01
	4.073687e-01	3.210167e-01	2.661371e-01	2.278788e-01	1.994809e-01
	1.774030e-01	1.596054e-01	1.448524e-01	1.323695e-01	1.216045e-01
	1.120400e-01	1.035764e-01	9.596559e-02	8.900041e-02	8.251912e-02
	7.647391e-02	7.087402e-02	6.572037e-02	6.098122e-02	5.660627e-02
	5.256348e-02	4.883842e-02	4.540975e-02	4.227572e-02	3.941409e-02
	3.679781e-02	3.439998e-02	3.218993e-02	3.016295e-02	2.830400e-02
	2.663893e-02	2.514093e-02	2.387416e-02	2.284470e-02	2.213352e-02
	2.181691e-02	2.195511e-02	2.256276e-02	2.377778e-02	2.569640e-02
	2.848040e-02	3.243508e-02	3.810370e-02	4.640244e-02	5.886377e-02
	7.770080e-02	1.053678e-01	1.390661e-01	1.807951e-01	2.343521e-01
	3.009706e-01	3.806685e-01	4.717982e-01	5.710223e-01	6.734554e-01
	7.732282e-01	8.646258e-01	9.433159e-01	1.007135e+00	1.056114e+00
	1.091902e+00	1.116974e+00	1.133933e+00	1.145073e+00	1.152205e+00
	1.156679e+00
cp [J/m^3K]
	2.197908e+03	2.196505e+03	2.192583e+03	2.183671e+03	2.165958e+03
	2.133994e+03	2.105982e+03	2.112577e+03	2.120758e+03	2.130704e+03
	2.142495e+03	2.156154e+03	2.171714e+03	2.189120e+03	2.208192e+03
	2.228700e+03	2.250398e+03	2.273040e+03	2.296411e+03	2.320372e+03
	2.344853e+03	2.369815e+03	2.395260e+03	2.421243e+03	2.447827e+03
	2.475039e+03	2.502849e+03	2.531183e+03	2.560015e+03	2.589435e+03
	2.619694e+03	2.651026e+03	2.683636e+03	2.717569e+03	2.774249e+01
	3.174355e+03	1.502863e-02	2.994358e+03	2.885839e+03	2.791057e+03
	2.708946e+03	2.638617e+03	2.579148e+03	2.529638e+03	2.489428e+03
	2.457454e+03	2.432864e+03	2.414902e+03	2.416773e+03	2.426105e+03
	2.439880e+03	2.456744e+03	2.476035e+03	2.497154e+03	2.522743e+03
	2.549993e+03	2.590866e+03	2.640145e+03	2.604824e+03	2.571866e+03
	2.542388e+03	2.515604e+03	2.491428e+03	2.469760e+03	2.450465e+03
	2.433237e+03	2.417749e+03	2.403772e+03	2.391111e+03	2.379539e+03
	2.368878e+03	2.359033e+03	2.349933e+03	2.341505e+03	2.408727e+03
	2.700501e+03	2.947932e+03	3.177884e+03	3.398771e+03	3.605075e+03
	3.779727e+03	3.907805e+03	4.015148e+03	4.105943e+03	4.182826e+03
	4.253475e+03	4.312136e+03	4.359928e+03	4.397868e+03	4.427682e+03
	4.449137e+03	4.462275e+03	4.467660e+03	4.466488e+03	4.460145e+03
	4.450070e+03	4.437715e+03	4.424652e+03	4.411289e+03	4.397754e+03
	4.383476e+03	4.367004e+03	4.345689e+03	4.315688e+03	4.271632e+03
	4.207432e+03	4.119965e+03	4.001981e+03	3.869746e+03	3.730486e+03
	3.596512e+03	3.486226e+03	3.402547e+03	3.322367e+03	3.224206e+03
	3.091697e+03	2.915391e+03	2.692398e+03	2.431026e+03	2.154126e+03
	1.892583e+03	1.665514e+03	1.525013e+03	1.422473e+03	1.329881e+03
	1.250319e+03	1.181482e+03	1.122256e+03	1.083017e+03	1.058366e+03
	1.042534e+03	1.031991e+03	1.024778e+03	1.019783e+03	1.016322e+03
	1.013939e+03	1.012312e+03	1.011210e+03	1.010467e+03	1.009969e+03
	1.009633e+03
lambda [W/m]
	3.231541e-02	3.227154e-02	3.214018e-02	3.183471e-02	3.122430e-02
	3.013115e-02	2.860097e-02	2.672400e-02	2.386051e-02	1.966142e-02
	1.377267e-02	6.310767e-03	1.873774e-03	1.879005e-03	1.883536e-03
	1.887339e-03	1.890421e-03	1.892807e-03	1.894537e-03	1.895656e-03
	1.896208e-03	1.896230e-03	1.895751e-03	1.894794e-03	1.893378e-03
	1.891523e-03	1.889254e-03	1.886607e-03	1.883620e-03	1.880317e-03
	1.876699e-03	1.872765e-03	1.868514e-03	1.863967e-03	9.308130e-03
	1.722015e-03	1.790971e-03	1.793480e-03	1.811294e-03	1.828031e-03
	1.843485e-03	1.857475e-03	1.869866e-03	1.880574e-03	1.889653e-03
	1.897047e-03	1.902800e-03	1.907000e-03	1.905468e-03	1.902071e-03
	1.897696e-03	1.892689e-03	1.887254e-03	1.881571e-03	1.875198e-03
	1.868734e-03	1.864325e-03	1.867746e-03	1.872714e-03	1.877319e-03
	1.881437e-03	1.885314e-03	1.889015e-03	1.892595e-03	1.896099e-03
	1.899588e-03	1.903127e-03	1.906758e-03	1.910515e-03	1.914444e-03
	1.918588e-03	1.922962e-03	6.178295e-03	1.953969e-02	3.167428e-02
	4.518114e-02	5.828065e-02	7.131247e-02	8.449442e-02	9.778359e-02
	1.108135e-01	1.231409e-01	1.352663e-01	1.472579e-01	1.591086e-01
	1.708335e-01	1.824614e-01	1.940742e-01	2.057957e-01	2.177271e-01
	2.298735e-01	2.421389e-01	2.544188e-01	2.666834e-01	2.789700e-01
	2.912939e-01	3.036270e-01	3.159463e-01	3.281767e-01	3.402800e-01
	3.522126e-01	3.638989e-01	3.752360e-01	3.859093e-01	3.955326e-01
	4.034766e-01	4.104589e-01	4.144395e-01	4.152828e-01	4.132328e-01
	4.090168e-01	4.037935e-01	3.982701e-01	3.921853e-01	3.845048e-01
	3.736651e-01	3.576970e-01	3.346239e-01	3.034960e-01	2.654035e-01
	2.238866e-01	1.835701e-01	1.469194e-01	1.166574e-01	9.297356e-02
	7.492901e-02	6.129734e-02	5.106506e-02	4.372907e-02	3.842900e-02
	3.455506e-02	3.171999e-02	2.966362e-02	2.819528e-02	2.716693e-02
	2.646143e-02	2.598693e-02	2.567346e-02	2.546960e-02	2.533886e-02
	2.525581e-02
mu [kg/s^2m]
	1.146011e-05	1.143953e-05	1.139535e-05	1.130713e-05	1.114393e-05
	1.086205e-05	1.040299e-05	9.690904e-06	8.627765e-06	7.090359e-06
	4.953181e-06	2.263174e-06	6.758467e-07	6.784258e-07	6.812809e-07
	6.843601e-07	6.876093e-07	6.909762e-07	6.944163e-07	6.978996e-07
	7.014078e-07	7.049294e-07	7.084597e-07	7.120014e-07	7.155581e-07
	7.191280e-07	7.227021e-07	7.262662e-07	7.298126e-07	7.333483e-07
	7.368978e-07	7.404814e-07	7.441133e-07	7.477885e-07	4.855398e-07
	7.920626e-07	1.164342e-06	7.757763e-07	7.660826e-07	7.568166e-07
	7.481060e-07	7.400802e-07	7.328449e-07	7.264803e-07	7.211182e-07
	7.167087e-07	7.132293e-07	7.106479e-07	7.120250e-07	7.144432e-07
	7.173375e-07	7.205745e-07	7.240351e-07	7.276174e-07	7.311780e-07
	7.346754e-07	7.400361e-07	7.488757e-07	7.596939e-07	7.701005e-07
	7.799579e-07	7.891809e-07	7.977511e-07	8.056718e-07	8.129565e-07
	8.196838e-07	8.259488e-07	8.318145e-07	8.373378e-07	8.425950e-07
	8.476501e-07	8.525347e-07	2.708116e-06	8.647657e-06	1.380434e-05
	1.817648e-05	2.200758e-05	2.547197e-05	2.868501e-05	3.172349e-05
	3.464441e-05	3.749387e-05	4.030702e-05	4.310721e-05	4.590582e-05
	4.869909e-05	5.152721e-05	5.442278e-05	5.743056e-05	6.059405e-05
	6.393290e-05	6.743526e-05	7.108333e-05	7.487419e-05	7.882426e-05
	8.294135e-05	8.721713e-05	9.164431e-05	9.619785e-05	1.008716e-04
	1.056702e-04	1.106067e-04	1.157158e-04	1.209840e-04	1.264229e-04
	1.319157e-04	1.373628e-04	1.426420e-04	1.474779e-04	1.515613e-04
	1.546055e-04	1.562972e-04	1.565677e-04	1.553410e-04	1.526721e-04
	1.485558e-04	1.428454e-04	1.352879e-04	1.256486e-04	1.138413e-04
	1.003480e-04	8.645295e-05	7.382596e-05	6.281628e-05	5.342177e-05
	4.561988e-05	3.928284e-05	3.422198e-05	3.022787e-05	2.710985e-05
	2.470903e-05	2.289306e-05	2.154878e-05	2.057737e-05	1.989299e-05
	1.942288e-05	1.910763e-05	1.890090e-05	1.876812e-05	1.868455e-05
	1.863292e-05
mDot_CH4 [kg/m^3s]
	0.000000e+00	-9.886437e-56	-9.668712e-56	-9.257423e-56	-8.542776e-56
	-7.413051e-56	-5.812608e-56	-3.840237e-56	-1.857275e-56	-4.670922e-57
	-1.973468e-58	-6.854279e-64	6.915272e-107	6.789562e-107	6.655738e-107
	6.516222e-107	6.373352e-107	6.229238e-107	6.085566e-107	5.943370e-107
	5.803193e-107	5.665314e-107	5.529773e-107	5.396331e-107	5.264748e-107
	5.134986e-107	5.007276e-107	4.881999e-107	4.759297e-107	4.638801e-107
	4.519585e-107	4.400924e-107	4.282321e-107	4.163928e-107	3.461667e-103
	2.954222e-107	2.553660e-96	3.358463e-107	3.643965e-107	3.924205e-107
	4.193964e-107	4.447771e-107	4.680806e-107	4.889077e-107	5.069094e-107
	5.219596e-107	5.340057e-107	5.430841e-107	5.435710e-107	5.405497e-107
	5.353573e-107	5.286460e-107	5.208185e-107	5.122317e-107	5.023416e-107
	4.920885e-107	4.767347e-107	4.592605e-107	4.731546e-107	4.866472e-107
	4.992636e-107	5.111266e-107	5.221852e-107	5.324009e-107	5.417566e-107
	5.503289e-107	5.582219e-107	5.655025e-107	5.722333e-107	5.785007e-107
	5.843749e-107	5.898864e-107	-9.459493e-65	-2.364490e-57	-4.115066e-56
	-1.385611e-55	-3.087651e-55	-6.367347e-55	-1.267715e-54	-2.361730e-54
	-4.062750e-54	-6.488694e-54	-9.727253e-54	-1.382836e-53	2.757322e+00
	2.816772e+01	7.396694e+01	1.492837e+02	2.668347e+02	4.439700e+02
	7.017207e+02	1.061863e+03	1.545049e+03	2.171538e+03	2.955815e+03
	3.900716e+03	4.991356e+03	6.196129e+03	7.455834e+03	8.698798e+03
	9.843095e+03	1.079791e+04	1.146505e+04	1.173096e+04	1.148255e+04
	9.684699e+03	-2.872225e+03	-1.269545e+04	-1.881703e+04	-2.048145e+04
	-1.827712e+04	-1.410172e+04	-9.826839e+03	-5.963433e+03	-3.225915e+03
	-1.591444e+03	-7.318359e+02	-3.186403e+02	-1.286831e+02	-4.497259e+01
	-1.287276e+01	-3.143709e+00	-6.940506e-01	-1.621260e-01	-4.144275e-02
	-1.104886e-02	-3.037654e-03	-8.764575e-04	-2.690324e-04	-8.757966e-05
	-2.992468e-05	-1.065059e-05	-3.928934e-06	-1.491041e-06	-5.742568e-07
	-2.196471e-07	-8.072914e-08	-2.699680e-08	-7.343286e-09	-1.153905e-09
	0.000000e+00
ScalarDissRate [1/s]
	2.412191e-02	6.099698e-02	2.706548e-01	1.075385e+00	3.783120e+00
	1.179977e+01	3.278810e+01	8.158648e+01	1.840950e+02	3.787080e+02
	7.088007e+02	1.241425e+03	3.241887e+03	4.939019e+03	7.135754e+03
	9.828319e+03	1.297095e+04	1.647992e+04	2.024236e+04	2.413512e+04
	2.803337e+04	3.181577e+04	3.537646e+04	3.862192e+04	4.147639e+04
	4.388326e+04	4.579597e+04	4.719931e+04	4.811251e+04	4.856412e+04
	4.859360e+04	4.823307e+04	4.750189e+04	2.823371e+04	2.534801e+11
	1.834326e+07	2.963829e+17	3.412897e+04	7.273483e+04	7.786294e+04
	8.201301e+04	8.506982e+04	8.693003e+04	8.755645e+04	8.696824e+04
	8.525774e+04	8.255598e+04	7.902604e+04	7.386455e+04	6.825247e+04
	6.256808e+04	5.701321e+04	5.170550e+04	4.672505e+04	4.201995e+04
	3.771773e+04	3.353426e+04	2.978395e+04	2.826750e+04	2.684334e+04
	2.550955e+04	2.429610e+04	2.319955e+04	2.221411e+04	2.133346e+04
	2.054418e+04	1.983193e+04	1.918695e+04	1.860069e+04	1.806319e+04
	1.756646e+04	1.710609e+04	1.031371e+04	9.259511e+03	8.428775e+03
	7.497456e+03	6.777610e+03	6.197434e+03	5.716513e+03	5.311751e+03
	4.969155e+03	4.677040e+03	4.416995e+03	4.182040e+03	3.965346e+03
	3.753319e+03	3.555775e+03	3.369440e+03	3.190969e+03	3.016350e+03
	2.845828e+03	2.680962e+03	2.522836e+03	2.371345e+03	2.225711e+03
	2.085635e+03	1.951335e+03	1.822616e+03	1.700228e+03	1.583957e+03
	1.473388e+03	1.368016e+03	1.267032e+03	1.170713e+03	1.078680e+03
	9.920167e+02	9.115394e+02	8.350277e+02	7.602511e+02	6.880952e+02
	6.170191e+02	5.467060e+02	4.771990e+02	4.125995e+02	3.539278e+02
	3.009907e+02	2.526471e+02	2.076960e+02	1.652546e+02	1.257627e+02
	9.110858e+01	6.307516e+01	3.897629e+01	2.281673e+01	1.320075e+01
	7.536235e+00	4.242809e+00	2.350441e+00	1.271640e+00	6.686107e-01
	3.403809e-01	1.673152e-01	7.928264e-02	3.619527e-02	1.592755e-02
	6.764299e-03	2.777001e-03	1.103897e-03	4.256375e-04	1.596849e-04
	9.129713e-05
ZBilger
	1.000000e+00	1.000144e+00	1.000336e+00	1.000580e+00	1.000876e+00
	1.001222e+00	1.001612e+00	1.002040e+00	1.002500e+00	1.002983e+00
	1.003480e+00	1.003982e+00	1.004486e+00	1.004987e+00	1.005478e+00
	1.005956e+00	1.006416e+00	1.006855e+00	1.007272e+00	1.007666e+00
	1.008037e+00	1.008387e+00	1.008716e+00	1.009024e+00	1.009314e+00
	1.009585e+00	1.009837e+00	1.010071e+00	1.010288e+00	1.010489e+00
	1.010677e+00	1.010855e+00	1.011023e+00	1.011182e+00	1.080180e-01
	1.006331e+00	1.045592e-01	1.009750e+00	1.009724e+00	1.009696e+00
	1.009665e+00	1.009632e+00	1.009597e+00	1.009562e+00	1.009565e+00
	1.009573e+00	1.009582e+00	1.009592e+00	1.006831e+00	1.004209e+00
	1.001955e+00	9.998167e-01	9.977992e-01	9.959059e-01	9.957720e-01
	9.962176e-01	9.958537e-01	9.880391e-01	9.454894e-01	9.056651e-01
	8.693272e-01	8.360708e-01	8.058120e-01	7.784073e-01	7.536854e-01
	7.312717e-01	7.107623e-01	6.918826e-01	6.743921e-01	6.580049e-01
	6.424875e-01	6.277159e-01	6.136015e-01	6.000476e-01	5.869686e-01
	5.743045e-01	5.619778e-01	5.498753e-01	5.378844e-01	5.259104e-01
	5.138606e-01	5.016367e-01	4.891535e-01	4.763576e-01	4.634979e-01
	4.517194e-01	4.396066e-01	4.270319e-01	4.138182e-01	3.998635e-01
	3.850205e-01	3.693516e-01	3.529032e-01	3.356914e-01	3.176556e-01
	2.987774e-01	2.791150e-01	2.587319e-01	2.377246e-01	2.161338e-01
	1.939428e-01	1.710884e-01	1.473974e-01	1.229146e-01	9.756433e-02
	7.178761e-02	4.616347e-02	2.076819e-02	-4.084320e-03	-2.666418e-02
	-4.545248e-02	-5.908480e-02	-6.744896e-02	-6.831966e-02	-6.209728e-02
	-5.005925e-02	-3.387547e-02	-1.518196e-02	4.461850e-03	2.364302e-02
	4.101819e-02	5.578315e-02	4.870940e-02	3.506640e-02	2.497135e-02
	1.760239e-02	1.229725e-02	8.520439e-03	5.851087e-03	3.976126e-03
	2.669537e-03	1.768353e-03	1.154577e-03	7.424071e-04	4.696150e-04
	2.914350e-04	1.761315e-04	1.017293e-04	5.343547e-05	2.159023e-05
	0.000000e+00
ScalarDissRateBilger [1/s]
	4.417166e-04	6.155508e-04	1.107493e-03	1.892801e-03	3.060303e-03
	4.689930e-03	6.826691e-03	9.446860e-03	1.251959e-02	1.589655e-02
	1.922077e-02	2.263923e-02	4.111620e-02	4.484179e-02	4.759752e-02
	4.929973e-02	4.995726e-02	4.965465e-02	4.852892e-02	4.673891e-02
	4.444500e-02	4.179870e-02	3.893735e-02	3.597140e-02	3.298827e-02
	3.006814e-02	2.727668e-02	2.465627e-02	2.222887e-02	2.000490e-02
	1.797750e-02	1.613159e-02	1.444668e-02	1.109832e+05	1.165130e+06
	5.262430e+01	3.552718e+12	9.156468e+04	3.770518e-04	4.936396e-04
	6.323611e-04	7.703275e-04	8.941225e-04	2.006910e-04	2.794433e-05
	6.658210e-05	7.951906e-05	1.761509e+00	6.752019e+00	5.633212e+00
	4.676342e+00	4.290736e+00	3.904759e+00	1.034012e+00	2.970870e-02
	7.664021e-04	2.158087e+01	8.545090e+02	2.437817e+03	2.420541e+03
	2.404249e+03	2.416524e+03	2.424053e+03	2.431423e+03	2.442098e+03
	2.458559e+03	2.482750e+03	2.516231e+03	2.560158e+03	2.615657e+03
	2.683819e+03	2.765347e+03	1.768931e+03	1.689095e+03	1.638898e+03
	1.556690e+03	1.504968e+03	1.473948e+03	1.458498e+03	1.456164e+03
	1.466115e+03	1.487735e+03	1.517431e+03	1.520940e+03	1.363846e+03
	1.236512e+03	1.258328e+03	1.283346e+03	1.302599e+03	1.323007e+03
	1.353281e+03	1.389463e+03	1.430981e+03	1.471444e+03	1.507985e+03
	1.538110e+03	1.557625e+03	1.564974e+03	1.557409e+03	1.529919e+03
	1.481193e+03	1.410387e+03	1.316686e+03	1.200804e+03	1.056029e+03
	8.745244e+02	6.777823e+02	5.063140e+02	3.489899e+02	1.975020e+02
	8.784349e+01	3.005878e+01	4.672300e+00	6.021550e-01	8.118360e+00
	1.722027e+01	2.314274e+01	2.468492e+01	2.262703e+01	1.860854e+01
	1.417719e+01	1.225609e+00	5.944227e+00	8.185584e+00	4.484725e+00
	2.426790e+00	1.298415e+00	6.855278e-01	3.542421e-01	1.781160e-01
	8.675262e-02	4.080425e-02	1.851350e-02	8.112315e-03	3.446730e-03
	1.430517e-03	5.865364e-04	2.413383e-04	1.017017e-04	4.498106e-05
	2.936722e-05
ChiAnalytOverChiStoich
	1.000000e-10	1.000000e-10	1.000000e-10	1.000000e-10	1.000000e-10
	1.000000e-10	1.000000e-10	1.000000e-10	1.000000e-10	1.000000e-10
	1.000000e-10	1.000000e-10	1.000000e-10	1.000000e-10	1.000000e-10
	1.000000e-10	1.000000e-10	1.000000e-10	1.000000e-10	1.000000e-10
	1.000000e-10	1.000000e-10	1.000000e-10	1.000000e-10	1.000000e-10
	1.000000e-10	1.000000e-10	1.000000e-10	1.000000e-10	1.000000e-10
	1.000000e-10	1.000000e-10	1.000000e-10	1.000000e-10	2.777663e+00
	1.000000e-10	2.649002e+00	1.000000e-10	1.000000e-10	1.000000e-10
	1.000000e-10	1.000000e-10	1.000000e-10	1.000000e-10	1.000000e-10
	1.000000e-10	1.000000e-10	1.000000e-10	1.000000e-10	1.000000e-10
	1.000000e-10	1.000000e-10	5.109406e-04	1.407040e-02	1.510729e-02
	1.169648e-02	1.447383e-02	9.165450e-02	9.814811e-01	2.276020e+00
	3.642777e+00	4.946256e+00	6.123497e+00	7.154643e+00	8.040761e+00
	8.798822e+00	9.448867e+00	1.000648e+01	1.048539e+01	1.089915e+01
	1.125821e+01	1.156919e+01	1.183725e+01	1.206712e+01	1.226272e+01
	1.242706e+01	1.256293e+01	1.267288e+01	1.275864e+01	1.282105e+01
	1.286027e+01	1.287579e+01	1.286637e+01	1.283024e+01	1.276703e+01
	1.268562e+01	1.257865e+01	1.244294e+01	1.227365e+01	1.206570e+01
	1.181235e+01	1.150990e+01	1.115496e+01	1.074410e+01	1.027230e+01
	9.735725e+00	9.133544e+00	8.466531e+00	7.738352e+00	6.952874e+00
	6.114087e+00	5.227007e+00	4.296528e+00	3.342934e+00	2.392538e+00
	1.505075e+00	7.561127e-01	2.158865e-01	1.000000e-10	8.571718e-02
	5.048136e-01	1.037753e+00	1.476101e+00	1.527033e+00	1.185248e+00
	6.613788e-01	2.075126e-01	1.000000e-10	1.694217e-02	2.642421e-01
	6.277590e-01	1.017561e+00	8.226949e-01	4.904071e-01	2.878048e-01
	1.669632e-01	9.570138e-02	5.362950e-02	2.847701e-02	1.316560e-02
	3.675430e-03	1.000000e-10	1.000000e-10	1.000000e-10	1.000000e-10
	1.000000e-10	1.000000e-10	1.000000e-10	1.000000e-10	1.000000e-10
	1.000000e-10
ChiKWOverChiKWStoich
	6.157734e-11	6.155771e-11	6.150917e-11	6.140466e-11	6.120271e-11
	6.084450e-11	6.025080e-11	5.931765e-11	5.790557e-11	5.581609e-11
	5.272519e-11	4.786170e-11	4.310015e-11	4.311341e-11	4.312790e-11
	4.314345e-11	4.315985e-11	4.317692e-11	4.319449e-11	4.321245e-11
	4.323075e-11	4.324935e-11	4.326826e-11	4.328750e-11	4.330714e-11
	4.332717e-11	4.334758e-11	4.336831e-11	4.338934e-11	4.341073e-11
	4.343266e-11	4.345529e-11	4.347876e-11	4.350310e-11	1.150156e+00
	4.382262e-11	1.095924e+00	4.369845e-11	4.362246e-11	4.355543e-11
	4.349684e-11	4.344626e-11	4.340319e-11	4.336712e-11	4.333761e-11
	4.331403e-11	4.329582e-11	4.328246e-11	4.328175e-11	4.328616e-11
	4.329381e-11	4.330385e-11	2.213179e-04	6.096589e-03	6.548250e-03
	5.071803e-03	6.279895e-03	3.979601e-02	4.259442e-01	9.872920e-01
	1.579505e+00	2.143879e+00	2.653225e+00	3.099049e+00	3.481914e+00
	3.809239e+00	4.089752e+00	4.330234e+00	4.536653e+00	4.714888e+00
	4.869470e+00	5.003269e+00	5.694109e+00	6.891550e+00	7.762791e+00
	8.481635e+00	9.101868e+00	9.650827e+00	1.014449e+01	1.059244e+01
	1.100087e+01	1.137384e+01	1.171315e+01	1.201841e+01	1.229059e+01
	1.254422e+01	1.276745e+01	1.295879e+01	1.311570e+01	1.323518e+01
	1.330722e+01	1.332084e+01	1.326445e+01	1.312752e+01	1.289841e+01
	1.256497e+01	1.211661e+01	1.154501e+01	1.084384e+01	1.000948e+01
	9.039677e+00	7.934494e+00	6.694961e+00	5.345272e+00	3.924119e+00
	2.529492e+00	1.300868e+00	3.793218e-01	1.788986e-10	1.553492e-01
	9.203322e-01	1.887034e+00	2.654198e+00	2.687494e+00	2.021196e+00
	1.082061e+00	3.223830e-01	1.458590e-10	2.291377e-02	3.270597e-01
	7.032517e-01	1.026931e+00	7.586391e-01	4.171259e-01	2.270327e-01
	1.230222e-01	6.640887e-02	3.535292e-02	1.798550e-02	8.030236e-03
	2.180620e-03	5.807550e-11	5.715159e-11	5.648697e-11	5.602032e-11
	5.570042e-11	5.548600e-11	5.534523e-11	5.525457e-11	5.519725e-11
	5.516158e-11
ChiKWFact
	6.157734e-01	6.155771e-01	6.150917e-01	6.140466e-01	6.120271e-01
	6.084450e-01	6.025080e-01	5.931765e-01	5.790557e-01	5.581609e-01
	5.272519e-01	4.786170e-01	4.310015e-01	4.311341e-01	4.312790e-01
	4.314345e-01	4.315985e-01	4.317692e-01	4.319449e-01	4.321245e-01
	4.323075e-01	4.324935e-01	4.326826e-01	4.328750e-01	4.330714e-01
	4.332717e-01	4.334758e-01	4.336831e-01	4.338934e-01	4.341073e-01
	4.343266e-01	4.345529e-01	4.347876e-01	4.350310e-01	4.140732e-01
	4.382262e-01	4.137120e-01	4.369845e-01	4.362246e-01	4.355543e-01
	4.349684e-01	4.344626e-01	4.340319e-01	4.336712e-01	4.333761e-01
	4.331403e-01	4.329582e-01	4.328246e-01	4.328175e-01	4.328616e-01
	4.329381e-01	4.330385e-01	4.331578e-01	4.332916e-01	4.334496e-01
	4.336180e-01	4.338794e-01	4.341960e-01	4.339810e-01	4.337801e-01
	4.335993e-01	4.334348e-01	4.332859e-01	4.331522e-01	4.330328e-01
	4.329260e-01	4.328299e-01	4.327430e-01	4.326642e-01	4.325923e-01
	4.325261e-01	4.324650e-01	4.810331e-01	5.711014e-01	6.330399e-01
	6.825135e-01	7.245020e-01	7.615338e-01	7.951078e-01	8.261755e-01
	8.554147e-01	8.833506e-01	9.103696e-01	9.367246e-01	9.626816e-01
	9.888534e-01	1.015009e+00	1.041457e+00	1.068606e+00	1.096926e+00
	1.126551e+00	1.157337e+00	1.189107e+00	1.221835e+00	1.255650e+00
	1.290605e+00	1.326605e+00	1.363605e+00	1.401312e+00	1.439618e+00
	1.478500e+00	1.517980e+00	1.558226e+00	1.598976e+00	1.640149e+00
	1.680642e+00	1.720469e+00	1.757043e+00	1.788986e+00	1.812346e+00
	1.823113e+00	1.818384e+00	1.798114e+00	1.759945e+00	1.705294e+00
	1.636069e+00	1.553559e+00	1.458590e+00	1.352470e+00	1.237727e+00
	1.120257e+00	1.009208e+00	9.221391e-01	8.505707e-01	7.888426e-01
	7.368225e-01	6.939175e-01	6.592067e-01	6.315796e-01	6.099406e-01
	5.932965e-01	5.807550e-01	5.715159e-01	5.648697e-01	5.602032e-01
	5.570042e-01	5.548600e-01	5.534523e-01	5.525457e-01	5.519725e-01
	5.516158e-01
MolarMass [kg/kmole]
	1.604300e+01	1.603181e+01	1.601622e+01	1.599511e+01	1.596727e+01
	1.593126e+01	1.588544e+01	1.582805e+01	1.575748e+01	1.567256e+01
	1.557311e+01	1.545950e+01	1.533212e+01	1.519212e+01	1.504165e+01
	1.488317e+01	1.471911e+01	1.455174e+01	1.438295e+01	1.421392e+01
	1.404530e+01	1.387745e+01	1.371043e+01	1.354400e+01	1.337785e+01
	1.321196e+01	1.304663e+01	1.288239e+01	1.271947e+01	1.255742e+01
	1.239501e+01	1.223121e+01	1.206527e+01	1.189732e+01	1.038076e+03
	1.002119e+01	2.819473e+06	1.068483e+01	1.112973e+01	1.154977e+01
	1.194015e+01	1.229614e+01	1.261415e+01	1.289172e+01	1.312692e+01
	1.332036e+01	1.347319e+01	1.358723e+01	1.359332e+01	1.355549e+01
	1.349023e+01	1.340541e+01	1.330579e+01	1.319565e+01	1.306764e+01
	1.293359e+01	1.273022e+01	1.249131e+01	1.265265e+01	1.280683e+01
	1.294835e+01	1.307958e+01	1.320032e+01	1.331047e+01	1.341016e+01
	1.350047e+01	1.358273e+01	1.365779e+01	1.372646e+01	1.378974e+01
	1.384842e+01	1.390289e+01	1.395341e+01	1.400028e+01	1.404375e+01
	1.408401e+01	1.412130e+01	1.415593e+01	1.418817e+01	1.421820e+01
	1.424611e+01	1.427197e+01	1.429573e+01	1.431723e+01	1.433170e+01
	1.431954e+01	1.430237e+01	1.427978e+01	1.425098e+01	1.421255e+01
	1.416452e+01	1.410766e+01	1.404252e+01	1.396920e+01	1.388784e+01
	1.379892e+01	1.370349e+01	1.360167e+01	1.349657e+01	1.338999e+01
	1.328340e+01	1.317814e+01	1.307537e+01	1.297767e+01	1.288720e+01
	1.280783e+01	1.272418e+01	1.266809e+01	1.261935e+01	1.261815e+01
	1.270529e+01	1.290088e+01	1.320828e+01	1.369865e+01	1.439534e+01
	1.531436e+01	1.647283e+01	1.788957e+01	1.957425e+01	2.150700e+01
	2.360061e+01	2.571113e+01	2.671819e+01	2.713637e+01	2.749054e+01
	2.778586e+01	2.802735e+01	2.822122e+01	2.837468e+01	2.849477e+01
	2.858769e+01	2.865878e+01	2.871253e+01	2.875271e+01	2.878243e+01
	2.880423e+01	2.882013e+01	2.883172e+01	2.884019e+01	2.884643e+01
	2.885106e+01
TotalEnthalpy [J/kg]
	-4.664239e+06	-4.665703e+06	-4.668821e+06	-4.674986e+06	-4.686232e+06
	-4.705209e+06	-4.735018e+06	-4.779871e+06	-4.844274e+06	-4.932538e+06
	-5.048276e+06	-5.194677e+06	-5.295371e+06	-5.300387e+06	-5.305883e+06
	-5.311794e+06	-5.318047e+06	-5.324572e+06	-5.331306e+06	-5.338211e+06
	-5.345265e+06	-5.352458e+06	-5.359789e+06	-5.367275e+06	-5.374934e+06
	-5.382773e+06	-5.390784e+06	-5.398946e+06	-5.407251e+06	-5.415726e+06
	-5.424443e+06	-5.433468e+06	-5.442861e+06	-5.452634e+06	-8.039201e+03
	-5.584208e+06	-5.249280e+01	-5.532345e+06	-5.501061e+06	-5.473733e+06
	-5.450055e+06	-5.429770e+06	-5.412614e+06	-5.398328e+06	-5.385950e+06
	-5.375852e+06	-5.367911e+06	-5.361913e+06	-5.513594e+06	-5.676675e+06
	-5.830979e+06	-5.978935e+06	-6.120133e+06	-6.254295e+06	-6.387546e+06
	-6.515041e+06	-6.717894e+06	-7.037818e+06	-7.126801e+06	-7.203872e+06
	-7.269511e+06	-7.326114e+06	-7.375135e+06	-7.417755e+06	-7.454938e+06
	-7.487754e+06	-7.517147e+06	-7.543769e+06	-7.568159e+06	-7.590882e+06
	-7.612407e+06	-7.633041e+06	-7.554737e+06	-7.279797e+06	-7.016902e+06
	-6.740146e+06	-6.444032e+06	-6.131173e+06	-5.801388e+06	-5.454233e+06
	-5.090043e+06	-4.710746e+06	-4.317573e+06	-3.910893e+06	-3.487105e+06
	-3.026078e+06	-2.547717e+06	-2.048643e+06	-1.522948e+06	-9.640237e+05
	-3.706693e+05	2.532913e+05	9.015680e+05	1.571078e+06	2.261933e+06
	2.972607e+06	3.698989e+06	4.438490e+06	5.184226e+06	5.933958e+06
	6.687109e+06	7.443758e+06	8.206243e+06	8.967873e+06	9.723805e+06
	1.044802e+07	1.115404e+07	1.175912e+07	1.225459e+07	1.256063e+07
	1.260629e+07	1.238033e+07	1.193469e+07	1.117693e+07	1.013659e+07
	8.862808e+06	7.410018e+06	5.847016e+06	4.276596e+06	2.821810e+06
	1.615784e+06	7.524153e+05	3.163024e+05	9.399771e+04	-2.441456e+04
	-7.632639e+04	-9.034381e+04	-8.441563e+04	-7.061525e+04	-5.553940e+04
	-4.189487e+04	-3.053162e+04	-2.150932e+04	-1.457735e+04	-9.387858e+03
	-5.588709e+03	-2.862259e+03	-9.409631e+02	3.896591e+02	1.294918e+03
	1.900584e+03
trailer
Lewis numbers evaluated at maximum consumption
N2	-1
O2	0.973111
@ Z = -3.76675
H	0.119723
@ Z = 0.300733
OH	0.659732
@ Z = 0.0236203
O	0.412019
@ Z = 0.414532
H2	0.179103
@ Z = 1.2008
H2O	0.701607
@ Z = 1.66122
HO2	1.06681
@ Z = 4.45352
H2O2	0.782567
@ Z = 0.246605
CO	0.949549
@ Z = 1.66122
CO2	0.771512
@ Z = 0.584848
CH	0.348915
@ Z = 0.882368
CHO	1.15078
@ Z = 0.0856194
CH2	0.835807
@ Z = 1.66122
CH2O	0.651522
@ Z = 0.762501
CH3	0.925412
@ Z = -3.76675
CH4	0.521635
@ Z = 0.725296
C2H6	0.749625
@ Z = 0.79627
C2H	1.09685
@ Z = 1.66122
C2H2	1.19817
@ Z = 0.0856194
CHCO	0.450362
@ Z = 0.762501
C3H3	1.79961
@ Z = 0.0015843
C2H3	1.17843
@ Z = -3.76675
C2H4	0.681054
@ Z = 0.855821
C2H5	0.763606
@ Z = 0.931596
C3H4	0.89845
@ Z = 0.762501
C3H5	0.921954
@ Z = 0.79627
C3H6	0.957913
@ Z = 0.855821
N-C3H7	0.968775
@ Z = 0.882368
I-C3H7	1.0446
@ Z = 0.47248
C3H8	1.09267
@ Z = 0.414532
Lewis numbers evaluated at maximum formation
N2	-1
O2	1.06091
@ Z = 4.45352
H	0.170648
@ Z = 1.66122
OH	0.628558
@ Z = 1.66122
O	0.372306
@ Z = 0.683141
H2	0.157932
@ Z = 0.827427
H2O	0.75437
@ Z = 0.0331143
HO2	0.777373
@ Z = 0.246605
H2O2	1.07212
@ Z = 4.45352
CO	0.586155
@ Z = 0.63617
CO2	1.26129
@ Z = 0.0856194
CH	0.35126
@ Z = 0.63617
CHO	0.646689
@ Z = 0.762501
CH2	0.49972
@ Z = 0.827427
CH2O	1.03964
@ Z = 1.66122
CH3	0.515458
@ Z = 0.855821
CH4	0.517696
@ Z = 0.907567
C2H6	0.833119
@ Z = 1.26526
C2H	0.675581
@ Z = 0.725296
C2H2	1.10639
@ Z = 1.66122
CHCO	0.743934
@ Z = 1.66122
C3H3	0.917664
@ Z = 0.762501
C2H3	0.683652
@ Z = 0.855821
C2H4	1.10172
@ Z = 0.151744
C2H5	0.82218
@ Z = 1.22277
C3H4	1.57926
@ Z = 0.0630917
C3H5	1.03036
@ Z = 1.32764
C3H6	1.59914
@ Z = -3.76675
N-C3H7	1.32215
@ Z = 0.246605
I-C3H7	1.45734
@ Z = 1.62661
C3H8	-1
Lewis numbers evaluated at maximum mass fraction
N2	0.806908
@ Z = 1.26484
O2	1.05252
@ Z = 3.80675e-05
H	0.097851
@ Z = 0.584848
OH	0.385416
@ Z = 0.584848
O	0.395597
@ Z = 0.47248
H2	0.166904
@ Z = 0.977427
H2O	0.408379
@ Z = 0.683141
HO2	0.988376
@ Z = 0.114833
H2O2	0.850516
@ Z = 0.196211
CO	0.575872
@ Z = 0.762501
CO2	0.76384
@ Z = 0.63617
CH	0.345853
@ Z = 0.855821
CHO	0.649999
@ Z = 0.725296
CH2	0.510253
@ Z = 0.907567
CH2O	0.649199
@ Z = 0.827427
CH3	0.537938
@ Z = 0.977427
CH4	1.42879
@ Z = 0.998935
C2H6	0.857073
@ Z = 1.3919
C2H	0.675983
@ Z = 0.882368
C2H2	0.721309
@ Z = 1.04424
CHCO	0.482862
@ Z = 1.04424
C3H3	0.960613
@ Z = 0.999739
C2H3	0.688809
@ Z = 0.882368
C2H4	0.745426
@ Z = 1.15621
C2H5	0.777216
@ Z = 0.977427
C3H4	0.946354
@ Z = 1.02196
C3H5	0.952363
@ Z = 0.954825
C3H6	1.01826
@ Z = 1.04424
N-C3H7	1.07732
@ Z = 1.26484
I-C3H7	1909.21
@ Z = -5.43137
C3H8	1.06608
@ Z = 1.26526
