header

title = "planar counterflow diffusion flame"
author = ""
date = "Wed Aug 14 10:56:20 2013"

fuel = "CH4"
pressure = 1 [bar]
strainrate = 520 [1/s]
chiStoichAnal = 12.8031 [1/s]
chiStoichAnalKW = 19.7596 [1/s]
FlameLocZ = 0.0580644 [K]
FlameLocBilger = 0.0682227 [K]
Tmax = 1856.87 [K]
stoichScalarDissRate = 21.453 [1/s]
stoichScalarDissRateBilger = 16.7188 [1/s]

OxidizerSide
begin
	Temperature = 300 [K]
	Massfraction-N2 = 0.76708
	Massfraction-O2 = 0.23292
	Molefraction-N2 = 0.79
	Molefraction-O2 = 0.21
end

FuelSide
begin
	Temperature = 300 [K]
	Massfraction-CH4 = 1
	Molefraction-CH4 = 1
end

numOfSpecies = 31
gridPoints = 141

body
eta
	0.000000e+00	1.470185e-01	2.903849e-01	4.262898e-01	5.524452e-01
	6.684884e-01	7.748541e-01	8.722084e-01	9.613585e-01	1.043166e+00
	1.118486e+00	1.188124e+00	1.252819e+00	1.313232e+00	1.369947e+00
	1.423480e+00	1.474281e+00	1.522751e+00	1.569241e+00	1.614068e+00
	1.657519e+00	1.699859e+00	1.741340e+00	1.782203e+00	1.822678e+00
	1.862958e+00	1.903167e+00	1.943364e+00	1.983568e+00	2.023812e+00
	2.064134e+00	2.104518e+00	2.144881e+00	2.185138e+00	2.225272e+00
	2.265329e+00	2.305386e+00	2.345637e+00	2.386516e+00	2.428590e+00
	2.472126e+00	2.516673e+00	2.561224e+00	2.604857e+00	2.647130e+00
	2.687957e+00	2.727362e+00	2.765355e+00	2.801915e+00	2.836999e+00
	2.870556e+00	2.902531e+00	2.932843e+00	2.961385e+00	2.988033e+00
	3.012668e+00	3.035203e+00	3.055608e+00	3.073928e+00	3.090284e+00
	3.104859e+00	3.117893e+00	3.129647e+00	3.140374e+00	3.150267e+00
	3.159436e+00	3.167931e+00	3.175814e+00	3.183191e+00	3.190180e+00
	3.196873e+00	3.203330e+00	3.209601e+00	3.215739e+00	3.221794e+00
	3.227778e+00	3.233658e+00	3.239385e+00	3.244943e+00	3.250361e+00
	3.255695e+00	3.260992e+00	3.266275e+00	3.271553e+00	3.276827e+00
	3.282103e+00	3.287388e+00	3.292701e+00	3.298067e+00	3.303511e+00
	3.309058e+00	3.314743e+00	3.320615e+00	3.326746e+00	3.333240e+00
	3.340223e+00	3.347820e+00	3.356177e+00	3.365478e+00	3.376046e+00
	3.388401e+00	3.403072e+00	3.420611e+00	3.441870e+00	3.467973e+00
	3.499759e+00	3.537235e+00	3.579974e+00	3.628003e+00	3.681624e+00
	3.740303e+00	3.802517e+00	3.866717e+00	3.931949e+00	3.997813e+00
	4.064168e+00	4.130888e+00	4.197855e+00	4.265171e+00	4.333327e+00
	4.403173e+00	4.475726e+00	4.551929e+00	4.632479e+00	4.717766e+00
	4.807975e+00	4.903213e+00	5.003587e+00	5.109226e+00	5.220279e+00
	5.336877e+00	5.459108e+00	5.586974e+00	5.720367e+00	5.859048e+00
	6.002645e+00	6.150665e+00	6.302527e+00	6.457503e+00	6.614234e+00
	6.771246e+00
y [m]
	-1.796614e-03	-1.750072e-03	-1.704669e-03	-1.661601e-03	-1.621578e-03
	-1.584699e-03	-1.550807e-03	-1.519669e-03	-1.491008e-03	-1.464530e-03
	-1.439944e-03	-1.416974e-03	-1.395370e-03	-1.374905e-03	-1.355378e-03
	-1.336610e-03	-1.318441e-03	-1.300729e-03	-1.283341e-03	-1.266158e-03
	-1.249063e-03	-1.231944e-03	-1.214688e-03	-1.197178e-03	-1.179292e-03
	-1.160917e-03	-1.141961e-03	-1.122362e-03	-1.102073e-03	-1.081039e-03
	-1.059207e-03	-1.036548e-03	-1.013080e-03	-9.888317e-04	-9.637965e-04
	-9.379328e-04	-9.111765e-04	-8.833762e-04	-8.541886e-04	-8.231295e-04
	-7.898893e-04	-7.546992e-04	-7.182981e-04	-6.814615e-04	-6.446448e-04
	-6.080262e-04	-5.716932e-04	-5.357420e-04	-5.002975e-04	-4.655070e-04
	-4.315255e-04	-3.985165e-04	-3.666658e-04	-3.361893e-04	-3.073211e-04
	-2.802883e-04	-2.552795e-04	-2.324119e-04	-2.117074e-04	-1.930911e-04
	-1.764002e-04	-1.613994e-04	-1.478123e-04	-1.353681e-04	-1.238545e-04
	-1.131549e-04	-1.032189e-04	-9.398125e-05	-8.532286e-05	-7.710820e-05
	-6.923380e-05	-6.163087e-05	-5.424216e-05	-4.700633e-05	-3.986825e-05
	-3.281379e-05	-2.588421e-05	-1.913857e-05	-1.259811e-05	-6.228074e-06
	3.446838e-08	6.242971e-06	1.242411e-05	1.858504e-05	2.472715e-05
	3.085244e-05	3.696919e-05	4.309660e-05	4.926077e-05	5.548702e-05
	6.180114e-05	6.823884e-05	7.485124e-05	8.171064e-05	8.892630e-05
	9.662623e-05	1.049295e-04	1.139728e-04	1.239247e-04	1.350855e-04
	1.479340e-04	1.629102e-04	1.804170e-04	2.010617e-04	2.255632e-04
	2.541619e-04	2.861774e-04	3.205066e-04	3.564145e-04	3.933293e-04
	4.301376e-04	4.654119e-04	4.981786e-04	5.281465e-04	5.554640e-04
	5.804375e-04	6.033715e-04	6.245494e-04	6.442843e-04	6.629420e-04
	6.809134e-04	6.985612e-04	7.161753e-04	7.339553e-04	7.520217e-04
	7.704513e-04	7.893104e-04	8.086691e-04	8.286037e-04	8.491925e-04
	8.705090e-04	8.926143e-04	9.155500e-04	9.393327e-04	9.639507e-04
	9.893636e-04	1.015505e-03	1.042287e-03	1.069594e-03	1.097193e-03
	1.124833e-03
f
	-3.529260e+00	-3.332093e+00	-3.139802e+00	-2.957478e+00	-2.788169e+00
	-2.632335e+00	-2.489361e+00	-2.358321e+00	-2.238097e+00	-2.127499e+00
	-2.025349e+00	-1.930534e+00	-1.842035e+00	-1.758937e+00	-1.680428e+00
	-1.605790e+00	-1.534389e+00	-1.465659e+00	-1.399092e+00	-1.334228e+00
	-1.270638e+00	-1.207918e+00	-1.145671e+00	-1.083503e+00	-1.021026e+00
	-9.578922e-01	-8.938485e-01	-8.287470e-01	-7.624991e-01	-6.949995e-01
	-6.261379e-01	-5.559011e-01	-4.844103e-01	-4.118121e-01	-3.381452e-01
	-2.633452e-01	-1.872934e-01	-1.096445e-01	-2.956167e-02	5.409302e-02
	1.418832e-01	2.328949e-01	3.249744e-01	4.160459e-01	5.049840e-01
	5.914165e-01	6.752162e-01	7.562527e-01	8.343499e-01	9.093060e-01
	9.809253e-01	1.049018e+00	1.113370e+00	1.173729e+00	1.229829e+00
	1.281437e+00	1.328401e+00	1.370702e+00	1.408486e+00	1.442049e+00
	1.471818e+00	1.498317e+00	1.522115e+00	1.543743e+00	1.563614e+00
	1.581962e+00	1.598901e+00	1.614567e+00	1.629179e+00	1.642980e+00
	1.656154e+00	1.668825e+00	1.681095e+00	1.693069e+00	1.704845e+00
	1.716448e+00	1.727815e+00	1.738853e+00	1.749533e+00	1.759915e+00
	1.770106e+00	1.780196e+00	1.790231e+00	1.800225e+00	1.810184e+00
	1.820114e+00	1.830031e+00	1.839969e+00	1.849975e+00	1.860091e+00
	1.870365e+00	1.880858e+00	1.891658e+00	1.902889e+00	1.914737e+00
	1.927422e+00	1.941154e+00	1.956177e+00	1.972796e+00	1.991549e+00
	2.013292e+00	2.038857e+00	2.069059e+00	2.105135e+00	2.148643e+00
	2.200471e+00	2.260016e+00	2.325969e+00	2.397743e+00	2.475141e+00
	2.556827e+00	2.640368e+00	2.723658e+00	2.805627e+00	2.886011e+00
	2.964893e+00	3.042367e+00	3.118527e+00	3.193693e+00	3.268573e+00
	3.344216e+00	3.421790e+00	3.502342e+00	3.586629e+00	3.675087e+00
	3.767938e+00	3.865337e+00	3.967442e+00	4.074441e+00	4.186536e+00
	4.303916e+00	4.426717e+00	4.554989e+00	4.688660e+00	4.827526e+00
	4.971240e+00	5.119330e+00	5.271232e+00	5.426227e+00	5.582966e+00
	5.739978e+00
df/deta
	1.341029e+00	1.341103e+00	1.341259e+00	1.341554e+00	1.342067e+00
	1.342900e+00	1.344172e+00	1.346014e+00	1.348557e+00	1.351922e+00
	1.356217e+00	1.361533e+00	1.367944e+00	1.375506e+00	1.384263e+00
	1.394251e+00	1.405496e+00	1.418020e+00	1.431843e+00	1.446988e+00
	1.463479e+00	1.481343e+00	1.500620e+00	1.521354e+00	1.543600e+00
	1.567396e+00	1.592743e+00	1.619578e+00	1.647791e+00	1.677251e+00
	1.707802e+00	1.739218e+00	1.771191e+00	1.803388e+00	1.835515e+00
	1.867323e+00	1.898583e+00	1.929149e+00	1.959027e+00	1.988243e+00
	2.016510e+00	2.043044e+00	2.066844e+00	2.087211e+00	2.103915e+00
	2.117005e+00	2.126623e+00	2.132940e+00	2.136153e+00	2.136491e+00
	2.134214e+00	2.129611e+00	2.123005e+00	2.114748e+00	2.105228e+00
	2.094852e+00	2.084021e+00	2.073102e+00	2.062395e+00	2.052111e+00
	2.042369e+00	2.033198e+00	2.024556e+00	2.016363e+00	2.008548e+00
	2.001085e+00	1.993983e+00	1.987233e+00	1.980777e+00	1.974538e+00
	1.968453e+00	1.962481e+00	1.956587e+00	1.950728e+00	1.944865e+00
	1.938988e+00	1.933137e+00	1.927365e+00	1.921698e+00	1.916110e+00
	1.910552e+00	1.904978e+00	1.899364e+00	1.893706e+00	1.888000e+00
	1.882247e+00	1.876439e+00	1.870556e+00	1.864572e+00	1.858461e+00
	1.852196e+00	1.845736e+00	1.839025e+00	1.831983e+00	1.824487e+00
	1.816388e+00	1.807539e+00	1.797768e+00	1.786856e+00	1.774424e+00
	1.759863e+00	1.742567e+00	1.721926e+00	1.697031e+00	1.666759e+00
	1.630510e+00	1.588884e+00	1.543181e+00	1.494387e+00	1.443415e+00
	1.392082e+00	1.342794e+00	1.297362e+00	1.256566e+00	1.220462e+00
	1.188785e+00	1.161186e+00	1.137277e+00	1.116606e+00	1.098670e+00
	1.082996e+00	1.069208e+00	1.057057e+00	1.046404e+00	1.037171e+00
	1.029294e+00	1.022689e+00	1.017253e+00	1.012864e+00	1.009391e+00
	1.006703e+00	1.004668e+00	1.003167e+00	1.002087e+00	1.001331e+00
	1.000817e+00	1.000477e+00	1.000260e+00	1.000125e+00	1.000045e+00
	1.000000e+00
Z
	1.000000e+00	9.999430e-01	9.998260e-01	9.996044e-01	9.992171e-01
	9.985869e-01	9.976241e-01	9.962341e-01	9.943238e-01	9.918073e-01
	9.886086e-01	9.846630e-01	9.799157e-01	9.743206e-01	9.678378e-01
	9.604314e-01	9.520675e-01	9.427121e-01	9.323294e-01	9.208799e-01
	9.083191e-01	8.945949e-01	8.796459e-01	8.633989e-01	8.457711e-01
	8.266838e-01	8.060857e-01	7.839694e-01	7.603659e-01	7.353224e-01
	7.089054e-01	6.812416e-01	6.525348e-01	6.230214e-01	5.929082e-01
	5.623665e-01	5.315492e-01	5.005211e-01	4.691670e-01	4.372938e-01
	4.049788e-01	3.728483e-01	3.418659e-01	3.127976e-01	2.859580e-01
	2.613526e-01	2.388837e-01	2.184392e-01	1.999086e-01	1.831807e-01
	1.681397e-01	1.546690e-01	1.426596e-01	1.320135e-01	1.226392e-01
	1.144460e-01	1.073389e-01	1.012147e-01	9.596174e-02	9.146378e-02
	8.760419e-02	8.426939e-02	8.135422e-02	7.876907e-02	7.644711e-02
	7.434768e-02	7.244696e-02	7.072092e-02	6.913807e-02	6.766684e-02
	6.628371e-02	6.497289e-02	6.372162e-02	6.251730e-02	6.134918e-02
	6.021370e-02	5.911620e-02	5.806441e-02	5.705984e-02	5.609546e-02
	5.516051e-02	5.424615e-02	5.334788e-02	5.246419e-02	5.159446e-02
	5.073800e-02	4.989328e-02	4.905736e-02	4.822651e-02	4.739728e-02
	4.656633e-02	4.572920e-02	4.487968e-02	4.400921e-02	4.310511e-02
	4.215316e-02	4.114113e-02	4.005573e-02	3.888119e-02	3.758843e-02
	3.613175e-02	3.447591e-02	3.259699e-02	3.045881e-02	2.802836e-02
	2.533581e-02	2.250169e-02	1.966868e-02	1.692704e-02	1.433797e-02
	1.198168e-02	9.930989e-03	8.206820e-03	6.782377e-03	5.611514e-03
	4.648658e-03	3.855907e-03	3.202234e-03	2.660875e-03	2.208587e-03
	1.826363e-03	1.500090e-03	1.220274e-03	9.808975e-04	7.779463e-04
	6.081032e-04	4.680582e-04	3.543864e-04	2.636320e-04	1.924320e-04
	1.376145e-04	9.625986e-05	6.573842e-05	4.373277e-05	2.825111e-05
	1.763024e-05	1.052628e-05	5.891438e-06	2.940507e-06	1.109821e-06
	0.000000e+00
temperature [K]
	3.000000e+02	3.000594e+02	3.001812e+02	3.004118e+02	3.008146e+02
	3.014694e+02	3.024685e+02	3.039089e+02	3.058849e+02	3.084822e+02
	3.117752e+02	3.158256e+02	3.206838e+02	3.263906e+02	3.329803e+02
	3.404831e+02	3.489281e+02	3.583462e+02	3.687719e+02	3.802461e+02
	3.928189e+02	4.065521e+02	4.215227e+02	4.378265e+02	4.555781e+02
	4.748992e+02	4.958973e+02	5.186502e+02	5.432127e+02	5.696396e+02
	5.979830e+02	6.282478e+02	6.603672e+02	6.942443e+02	7.298194e+02
	7.670796e+02	8.060451e+02	8.468675e+02	8.899906e+02	9.360800e+02
	9.855449e+02	1.037972e+03	1.092113e+03	1.146605e+03	1.200577e+03
	1.253595e+03	1.305383e+03	1.355674e+03	1.404188e+03	1.450644e+03
	1.494787e+03	1.536384e+03	1.575217e+03	1.611071e+03	1.643762e+03
	1.673161e+03	1.699228e+03	1.722034e+03	1.741764e+03	1.758696e+03
	1.773173e+03	1.785570e+03	1.796254e+03	1.805550e+03	1.813697e+03
	1.820844e+03	1.827079e+03	1.832499e+03	1.837215e+03	1.841334e+03
	1.844924e+03	1.848026e+03	1.850663e+03	1.852849e+03	1.854585e+03
	1.855849e+03	1.856615e+03	1.856865e+03	1.856603e+03	1.855833e+03
	1.854547e+03	1.852722e+03	1.850330e+03	1.847349e+03	1.843762e+03
	1.839555e+03	1.834715e+03	1.829222e+03	1.823049e+03	1.816165e+03
	1.808539e+03	1.800123e+03	1.790845e+03	1.780593e+03	1.769179e+03
	1.756367e+03	1.741914e+03	1.725536e+03	1.706880e+03	1.685322e+03
	1.659848e+03	1.629456e+03	1.593148e+03	1.549376e+03	1.496117e+03
	1.432066e+03	1.357771e+03	1.274908e+03	1.184728e+03	1.088677e+03
	9.904299e+02	8.952731e+02	8.075261e+02	7.294314e+02	6.615198e+02
	6.033403e+02	5.540209e+02	5.124970e+02	4.775808e+02	4.480735e+02
	4.229132e+02	4.012799e+02	3.826149e+02	3.665663e+02	3.529010e+02
	3.414233e+02	3.319303e+02	3.242054e+02	3.180249e+02	3.131677e+02
	3.094230e+02	3.065948e+02	3.045057e+02	3.029984e+02	3.019375e+02
	3.012093e+02	3.007222e+02	3.004042e+02	3.002018e+02	3.000762e+02
	3.000000e+02
massfraction-N2
	1.000000e-60	4.655083e-05	1.422893e-04	3.242772e-04	6.433403e-04
	1.164120e-03	1.961990e-03	3.116958e-03	4.707831e-03	6.807444e-03
	9.479757e-03	1.277873e-02	1.674868e-02	2.142546e-02	2.683818e-02
	3.301104e-02	3.996507e-02	4.771978e-02	5.629467e-02	6.571060e-02
	7.599125e-02	8.716478e-02	9.926550e-02	1.123354e-01	1.264223e-01
	1.415693e-01	1.577960e-01	1.750873e-01	1.933991e-01	2.126770e-01
	2.328548e-01	2.538245e-01	2.754257e-01	2.974805e-01	3.198406e-01
	3.423896e-01	3.650302e-01	3.877334e-01	4.106054e-01	4.338138e-01
	4.573288e-01	4.807333e-01	5.033558e-01	5.246552e-01	5.444088e-01
	5.626118e-01	5.793303e-01	5.946377e-01	6.086041e-01	6.212989e-01
	6.327946e-01	6.431646e-01	6.524774e-01	6.607940e-01	6.681709e-01
	6.746657e-01	6.803403e-01	6.852646e-01	6.895171e-01	6.931818e-01
	6.963450e-01	6.990928e-01	7.015062e-01	7.036550e-01	7.055914e-01
	7.073469e-01	7.089391e-01	7.103866e-01	7.117146e-01	7.129487e-01
	7.141078e-01	7.152048e-01	7.162499e-01	7.172532e-01	7.182236e-01
	7.191637e-01	7.200690e-01	7.209332e-01	7.217552e-01	7.225412e-01
	7.233000e-01	7.240392e-01	7.247623e-01	7.254709e-01	7.261655e-01
	7.268467e-01	7.275159e-01	7.281753e-01	7.288278e-01	7.294759e-01
	7.301221e-01	7.307693e-01	7.314218e-01	7.320856e-01	7.327694e-01
	7.334828e-01	7.342334e-01	7.350293e-01	7.358798e-01	7.368035e-01
	7.378301e-01	7.389806e-01	7.402685e-01	7.417154e-01	7.433408e-01
	7.451224e-01	7.469824e-01	7.488376e-01	7.506496e-01	7.524043e-01
	7.540706e-01	7.556051e-01	7.569830e-01	7.582056e-01	7.592882e-01
	7.602478e-01	7.610980e-01	7.618504e-01	7.625168e-01	7.631105e-01
	7.636438e-01	7.641268e-01	7.645656e-01	7.649630e-01	7.653195e-01
	7.656351e-01	7.659104e-01	7.661470e-01	7.663471e-01	7.665138e-01
	7.666503e-01	7.667601e-01	7.668468e-01	7.669140e-01	7.669649e-01
	7.670027e-01	7.670302e-01	7.670498e-01	7.670636e-01	7.670731e-01
	7.670796e-01
massfraction-O2
	1.000000e-60	1.510710e-06	4.606310e-06	1.046986e-05	2.071499e-05
	3.738253e-05	6.283683e-05	9.956674e-05	1.499963e-04	2.163305e-04
	3.004607e-04	4.039275e-04	5.279304e-04	6.733645e-04	8.408735e-04
	1.030906e-03	1.243770e-03	1.479684e-03	1.738817e-03	2.021334e-03
	2.327434e-03	2.657390e-03	3.011598e-03	3.390607e-03	3.795057e-03
	4.225362e-03	4.681206e-03	5.161262e-03	5.663424e-03	6.185373e-03
	6.724567e-03	7.277505e-03	7.839533e-03	8.405859e-03	8.972748e-03
	9.537543e-03	1.009829e-02	1.065491e-02	1.121072e-02	1.177063e-02
	1.233490e-02	1.289491e-02	1.343625e-02	1.394760e-02	1.442495e-02
	1.486915e-02	1.528247e-02	1.566715e-02	1.602520e-02	1.635857e-02
	1.666926e-02	1.695939e-02	1.723101e-02	1.748608e-02	1.772643e-02
	1.795382e-02	1.816999e-02	1.837669e-02	1.857574e-02	1.876906e-02
	1.895877e-02	1.914739e-02	1.933795e-02	1.953387e-02	1.973836e-02
	1.995344e-02	2.017979e-02	2.041808e-02	2.067048e-02	2.094047e-02
	2.123169e-02	2.154751e-02	2.189160e-02	2.226873e-02	2.268452e-02
	2.314311e-02	2.364477e-02	2.418684e-02	2.476777e-02	2.539043e-02
	2.606150e-02	2.678849e-02	2.757723e-02	2.843155e-02	2.935446e-02
	3.034873e-02	3.141794e-02	3.256774e-02	3.380567e-02	3.513990e-02
	3.657949e-02	3.813669e-02	3.982899e-02	4.168168e-02	4.373384e-02
	4.603507e-02	4.863759e-02	5.160361e-02	5.501038e-02	5.898665e-02
	6.373606e-02	6.945759e-02	7.633352e-02	8.461189e-02	9.455533e-02
	1.061701e-01	1.190027e-01	1.323721e-01	1.457390e-01	1.586629e-01
	1.706130e-01	1.811323e-01	1.900616e-01	1.974986e-01	2.036489e-01
	2.087263e-01	2.129143e-01	2.163680e-01	2.192249e-01	2.216067e-01
	2.236137e-01	2.253207e-01	2.267782e-01	2.280186e-01	2.290637e-01
	2.299321e-01	2.306421e-01	2.312131e-01	2.316642e-01	2.320140e-01
	2.322800e-01	2.324781e-01	2.326222e-01	2.327246e-01	2.327955e-01
	2.328434e-01	2.328750e-01	2.328952e-01	2.329079e-01	2.329157e-01
	2.329204e-01
massfraction-H
	1.000000e-60	7.544073e-17	1.656769e-16	2.700165e-16	3.889637e-16
	5.269174e-16	6.939803e-16	9.082334e-16	1.199415e-15	1.614863e-15
	2.229704e-15	3.164319e-15	4.614072e-15	6.899651e-15	1.055240e-14
	1.645936e-14	2.611092e-14	4.202520e-14	6.847874e-14	1.127695e-13
	1.874108e-13	3.139603e-13	5.297383e-13	8.996616e-13	1.537004e-12
	2.638943e-12	4.544993e-12	7.829160e-12	1.344117e-11	2.291852e-11
	3.868058e-11	6.437057e-11	1.051842e-10	1.681982e-10	2.628382e-10
	4.016256e-10	6.015237e-10	8.873211e-10	1.299491e-09	1.907671e-09
	2.826867e-09	4.230230e-09	6.356616e-09	9.529017e-09	1.420453e-08
	2.105418e-08	3.106446e-08	4.567189e-08	6.695203e-08	9.788755e-08
	1.427519e-07	2.076365e-07	3.011272e-07	4.351327e-07	6.258845e-07
	8.950379e-07	1.270494e-06	1.786126e-06	2.479350e-06	3.386344e-06
	4.537148e-06	5.954531e-06	7.657345e-06	9.663792e-06	1.198752e-05
	1.462414e-05	1.754478e-05	2.071416e-05	2.411503e-05	2.774826e-05
	3.161501e-05	3.570897e-05	4.002293e-05	4.455664e-05	4.931011e-05
	5.425635e-05	5.932320e-05	6.441649e-05	6.946620e-05	7.444786e-05
	7.936337e-05	8.420955e-05	8.896229e-05	9.358216e-05	9.802646e-05
	1.022553e-04	1.062359e-04	1.099455e-04	1.133659e-04	1.164786e-04
	1.192653e-04	1.217109e-04	1.238022e-04	1.255244e-04	1.268567e-04
	1.277589e-04	1.281664e-04	1.279941e-04	1.271325e-04	1.254230e-04
	1.226114e-04	1.183751e-04	1.123656e-04	1.041681e-04	9.338815e-05
	8.007414e-05	6.511513e-05	4.991985e-05	3.574771e-05	2.358312e-05
	1.418574e-05	7.779041e-06	3.919958e-06	1.834265e-06	8.042308e-07
	3.327773e-07	1.310555e-07	4.978224e-08	1.861510e-08	7.059231e-09
	2.824178e-09	1.237817e-09	6.018898e-10	3.181892e-10	1.769988e-10
	1.010008e-10	5.824610e-11	3.365491e-11	1.936540e-11	1.103775e-11
	6.199071e-12	3.411845e-12	1.829267e-12	9.487326e-13	4.716466e-13
	2.217378e-13	9.639099e-14	3.712085e-14	1.151578e-14	2.189720e-15
	1.000000e-60
massfraction-OH
	1.000000e-60	2.578498e-20	1.665193e-19	7.211842e-19	2.529706e-18
	7.708535e-18	2.110315e-17	5.293264e-17	1.234145e-16	2.706824e-16
	5.642155e-16	1.127445e-15	2.175541e-15	4.078077e-15	7.462186e-15
	1.338119e-14	2.358851e-14	4.098029e-14	7.030729e-14	1.193171e-13
	2.005853e-13	3.344591e-13	5.538100e-13	9.117552e-13	1.494167e-12
	2.439374e-12	3.968027e-12	6.427624e-12	1.036053e-11	1.661225e-11
	2.649863e-11	4.204528e-11	6.633487e-11	1.040770e-10	1.626185e-10
	2.536771e-10	3.963472e-10	6.231525e-10	9.933727e-10	1.620498e-09
	2.720527e-09	4.684327e-09	8.176372e-09	1.429060e-08	2.483438e-08
	4.280262e-08	7.308754e-08	1.235140e-07	2.063514e-07	3.405034e-07
	5.546585e-07	8.916757e-07	1.414319e-06	2.212314e-06	3.410804e-06
	5.180326e-06	7.747762e-06	1.140589e-05	1.651495e-05	2.348798e-05
	3.276387e-05	4.479265e-05	6.004929e-05	7.905250e-05	1.023212e-04
	1.302162e-04	1.628139e-04	2.000511e-04	2.420131e-04	2.889940e-04
	3.413081e-04	3.991848e-04	4.628528e-04	5.326670e-04	6.090340e-04
	6.919619e-04	7.806540e-04	8.737685e-04	9.702131e-04	1.069657e-03
	1.172308e-03	1.278343e-03	1.387515e-03	1.499182e-03	1.612512e-03
	1.726593e-03	1.840552e-03	1.953646e-03	2.065175e-03	2.174310e-03
	2.280107e-03	2.381630e-03	2.477961e-03	2.568140e-03	2.651119e-03
	2.725195e-03	2.787546e-03	2.834429e-03	2.861110e-03	2.861612e-03
	2.827291e-03	2.746936e-03	2.609248e-03	2.403396e-03	2.122119e-03
	1.774068e-03	1.393901e-03	1.029543e-03	7.188136e-04	4.808293e-04
	3.151091e-04	2.049261e-04	1.314638e-04	8.277592e-05	5.174253e-05
	3.287054e-05	2.169062e-05	1.501631e-05	1.087600e-05	8.161415e-06
	6.276112e-06	4.900104e-06	3.857785e-06	3.048589e-06	2.411151e-06
	1.904775e-06	1.500401e-06	1.176403e-06	9.163494e-07	7.076297e-07
	5.404826e-07	4.072574e-07	3.018513e-07	2.192874e-07	1.554152e-07
	1.067108e-07	7.015711e-08	4.317700e-08	2.360780e-08	9.699473e-09
	1.000000e-60
massfraction-O
	1.000000e-60	4.304368e-20	1.159941e-19	2.297581e-19	3.941894e-19
	6.215346e-19	9.332758e-19	1.370431e-18	2.008844e-18	2.983070e-18
	4.527864e-18	7.053266e-18	1.128170e-17	1.849826e-17	3.100798e-17
	5.297225e-17	9.193992e-17	1.616497e-16	2.871522e-16	5.141498e-16
	9.259644e-16	1.674218e-15	3.033959e-15	5.501815e-15	9.967652e-15
	1.800300e-14	3.231630e-14	5.742442e-14	1.006022e-13	1.732428e-13
	2.928554e-13	4.861394e-13	7.945741e-13	1.286249e-12	2.080534e-12
	3.394861e-12	5.629421e-12	9.532302e-12	1.655749e-11	2.964195e-11
	5.470511e-11	1.031033e-10	1.951286e-10	3.653258e-10	6.719698e-10
	1.213686e-09	2.156515e-09	3.777002e-09	6.530390e-09	1.115751e-08
	1.885116e-08	3.150866e-08	5.209690e-08	8.515417e-08	1.374514e-07
	2.188093e-07	3.429615e-07	5.281668e-07	7.970894e-07	1.175669e-06
	1.691687e-06	2.374821e-06	3.259173e-06	4.386713e-06	5.807477e-06
	7.572413e-06	9.726115e-06	1.231488e-05	1.540704e-05	1.910258e-05
	2.352587e-05	2.882183e-05	3.516778e-05	4.279516e-05	5.199678e-05
	6.308119e-05	7.629455e-05	9.180161e-05	1.097749e-04	1.305115e-04
	1.544574e-04	1.821256e-04	2.139868e-04	2.504212e-04	2.917230e-04
	3.381027e-04	3.897133e-04	4.466995e-04	5.091804e-04	5.771664e-04
	6.505441e-04	7.291663e-04	8.129145e-04	9.017471e-04	9.958356e-04
	1.095168e-03	1.198950e-03	1.305698e-03	1.413106e-03	1.518570e-03
	1.618268e-03	1.704073e-03	1.763912e-03	1.782869e-03	1.742321e-03
	1.624584e-03	1.426648e-03	1.167947e-03	8.827118e-04	6.117559e-04
	3.927796e-04	2.411233e-04	1.466701e-04	9.071593e-05	5.801124e-05
	3.877229e-05	2.721643e-05	2.002862e-05	1.534011e-05	1.210913e-05
	9.756387e-06	7.957813e-06	6.529755e-06	5.365816e-06	4.401886e-06
	3.596541e-06	2.920798e-06	2.353207e-06	1.877261e-06	1.479874e-06
	1.150373e-06	8.797589e-07	6.601760e-07	4.845405e-07	3.463225e-07
	2.394558e-07	1.583446e-07	9.792513e-08	5.376444e-08	2.216887e-08
	1.000000e-60
massfraction-H2
	1.000000e-60	1.499505e-05	3.454283e-05	5.873048e-05	8.724108e-05
	1.196276e-04	1.553495e-04	1.937851e-04	2.343112e-04	2.763564e-04
	3.194295e-04	3.631274e-04	4.071311e-04	4.511954e-04	4.951365e-04
	5.388201e-04	5.821509e-04	6.250644e-04	6.675196e-04	7.094946e-04
	7.509825e-04	7.919904e-04	8.325374e-04	8.726528e-04	9.123659e-04
	9.516763e-04	9.905223e-04	1.028778e-03	1.066293e-03	1.102939e-03
	1.138611e-03	1.173175e-03	1.206472e-03	1.238379e-03	1.268866e-03
	1.297977e-03	1.325798e-03	1.352503e-03	1.378418e-03	1.403925e-03
	1.429181e-03	1.453979e-03	1.477875e-03	1.500551e-03	1.521962e-03
	1.542229e-03	1.561489e-03	1.579843e-03	1.597339e-03	1.613984e-03
	1.629748e-03	1.644558e-03	1.658295e-03	1.670782e-03	1.681801e-03
	1.691104e-03	1.698447e-03	1.703618e-03	1.706468e-03	1.706927e-03
	1.705007e-03	1.700776e-03	1.694311e-03	1.685663e-03	1.674864e-03
	1.662005e-03	1.647284e-03	1.630923e-03	1.613037e-03	1.593629e-03
	1.572681e-03	1.550199e-03	1.526181e-03	1.500572e-03	1.473292e-03
	1.444400e-03	1.414208e-03	1.383169e-03	1.351611e-03	1.319592e-03
	1.286984e-03	1.253669e-03	1.219645e-03	1.185015e-03	1.149914e-03
	1.114478e-03	1.078807e-03	1.042933e-03	1.006852e-03	9.705643e-04
	9.340758e-04	8.973458e-04	8.602658e-04	8.226430e-04	7.841422e-04
	7.444250e-04	7.033259e-04	6.607425e-04	6.166144e-04	5.705883e-04
	5.220886e-04	4.713802e-04	4.194864e-04	3.674540e-04	3.168033e-04
	2.703177e-04	2.311185e-04	2.005251e-04	1.775537e-04	1.601954e-04
	1.465118e-04	1.350802e-04	1.250745e-04	1.160847e-04	1.079022e-04
	1.004017e-04	9.349947e-05	8.712874e-05	8.121561e-05	7.567000e-05
	7.039493e-05	6.530473e-05	6.034005e-05	5.547304e-05	5.070275e-05
	4.604319e-05	4.151255e-05	3.712879e-05	3.290854e-05	2.886767e-05
	2.502207e-05	2.138800e-05	1.798179e-05	1.481884e-05	1.191215e-05
	9.270823e-06	6.898724e-06	4.793650e-06	2.948364e-06	1.355350e-06
	1.000000e-60
massfraction-H2O
	1.000000e-60	1.396810e-05	4.205070e-05	9.428376e-05	1.839903e-04
	3.275893e-04	5.435796e-04	8.508006e-04	1.266874e-03	1.807000e-03
	2.483281e-03	3.304521e-03	4.276388e-03	5.401797e-03	6.681392e-03
	8.114045e-03	9.697332e-03	1.142795e-02	1.330208e-02	1.531572e-02
	1.746493e-02	1.974622e-02	2.215672e-02	2.469444e-02	2.735776e-02
	3.014334e-02	3.304317e-02	3.604318e-02	3.912531e-02	4.227130e-02
	4.546279e-02	4.867718e-02	5.188699e-02	5.506600e-02	5.819571e-02
	6.126482e-02	6.426668e-02	6.720506e-02	7.010142e-02	7.298464e-02
	7.585927e-02	7.868575e-02	8.139734e-02	8.394411e-02	8.631202e-02
	8.850965e-02	9.055078e-02	9.244734e-02	9.420850e-02	9.584143e-02
	9.735215e-02	9.874560e-02	1.000252e-01	1.011927e-01	1.022491e-01
	1.031950e-01	1.040325e-01	1.047652e-01	1.053991e-01	1.059422e-01
	1.064042e-01	1.067953e-01	1.071260e-01	1.074051e-01	1.076389e-01
	1.078312e-01	1.079841e-01	1.081007e-01	1.081842e-01	1.082373e-01
	1.082617e-01	1.082579e-01	1.082261e-01	1.081658e-01	1.080759e-01
	1.079553e-01	1.078042e-01	1.076244e-01	1.074177e-01	1.071845e-01
	1.069233e-01	1.066323e-01	1.063099e-01	1.059554e-01	1.055686e-01
	1.051490e-01	1.046961e-01	1.042084e-01	1.036836e-01	1.031189e-01
	1.025114e-01	1.018568e-01	1.011486e-01	1.003770e-01	9.952687e-02
	9.857884e-02	9.751277e-02	9.630460e-02	9.492428e-02	9.332080e-02
	9.141261e-02	8.911842e-02	8.635927e-02	8.302116e-02	7.896804e-02
	7.414289e-02	6.865517e-02	6.270911e-02	5.646909e-02	5.009023e-02
	4.382884e-02	3.797886e-02	3.272527e-02	2.811472e-02	2.411139e-02
	2.065123e-02	1.766963e-02	1.510554e-02	1.289729e-02	1.098338e-02
	9.308695e-03	7.830711e-03	6.521657e-03	5.366133e-03	4.356047e-03
	3.485166e-03	2.745865e-03	2.128428e-03	1.621430e-03	1.212431e-03
	8.886386e-04	6.374026e-04	4.466044e-04	3.049601e-04	2.022701e-04
	1.296069e-04	7.942761e-05	4.559277e-05	2.330734e-05	8.992214e-06
	1.000000e-60
massfraction-HO2
	1.000000e-60	9.232677e-10	2.820236e-09	6.422654e-09	1.273235e-08
	2.302106e-08	3.876795e-08	6.153760e-08	9.286315e-08	1.341505e-07
	1.866198e-07	2.512820e-07	3.289446e-07	4.202347e-07	5.256314e-07
	6.455004e-07	7.801282e-07	9.297520e-07	1.094588e-06	1.274854e-06
	1.470799e-06	1.682726e-06	1.911023e-06	2.156180e-06	2.418752e-06
	2.699144e-06	2.997265e-06	3.312318e-06	3.642905e-06	3.987342e-06
	4.343570e-06	4.708546e-06	5.077963e-06	5.446765e-06	5.809764e-06
	6.161477e-06	6.495665e-06	6.805734e-06	7.084756e-06	7.322836e-06
	7.503181e-06	7.602988e-06	7.601734e-06	7.490413e-06	7.273192e-06
	6.964808e-06	6.589083e-06	6.177765e-06	5.767698e-06	5.396158e-06
	5.095676e-06	4.890250e-06	4.793758e-06	4.810069e-06	4.933994e-06
	5.152401e-06	5.445289e-06	5.787335e-06	6.150660e-06	6.508696e-06
	6.840124e-06	7.131335e-06	7.376260e-06	7.574168e-06	7.727156e-06
	7.838801e-06	7.914310e-06	7.960504e-06	7.984619e-06	7.993120e-06
	7.991500e-06	7.984561e-06	7.976583e-06	7.971403e-06	7.972554e-06
	7.983315e-06	8.006390e-06	8.043486e-06	8.095445e-06	8.162902e-06
	8.246732e-06	8.347928e-06	8.467211e-06	8.604873e-06	8.760886e-06
	8.935058e-06	9.127281e-06	9.337845e-06	9.567507e-06	9.817331e-06
	1.008880e-05	1.038438e-05	1.070800e-05	1.106579e-05	1.146758e-05
	1.192682e-05	1.245981e-05	1.308819e-05	1.384137e-05	1.476708e-05
	1.594228e-05	1.746046e-05	1.943221e-05	2.201819e-05	2.544026e-05
	2.992152e-05	3.560298e-05	4.256841e-05	5.091251e-05	6.048119e-05
	7.020978e-05	7.788760e-05	8.090794e-05	7.741166e-05	6.748102e-05
	5.359044e-05	3.927952e-05	2.716086e-05	1.813857e-05	1.192472e-05
	7.816900e-06	5.147402e-06	3.418275e-06	2.293432e-06	1.555415e-06
	1.065613e-06	7.361371e-07	5.113587e-07	3.559502e-07	2.472976e-07
	1.707464e-07	1.166371e-07	7.846323e-08	5.172767e-08	3.323635e-08
	2.066493e-08	1.229523e-08	6.852552e-09	3.402214e-09	1.276304e-09
	1.000000e-60
massfraction-H2O2
	1.000000e-60	3.500662e-11	1.071131e-10	2.443519e-10	4.851495e-10
	8.782011e-10	1.479762e-09	2.348381e-09	3.539546e-09	5.100955e-09
	7.069170e-09	9.467745e-09	1.230671e-08	1.558299e-08	1.928152e-08
	2.337657e-08	2.783325e-08	3.260890e-08	3.765423e-08	4.291432e-08
	4.832926e-08	5.383459e-08	5.936130e-08	6.483506e-08	7.017383e-08
	7.528254e-08	8.004852e-08	8.434332e-08	8.803166e-08	9.098069e-08
	9.306250e-08	9.415624e-08	9.415915e-08	9.299808e-08	9.062860e-08
	8.702733e-08	8.218778e-08	7.610342e-08	6.873316e-08	6.001455e-08
	5.001531e-08	3.918510e-08	2.846126e-08	1.901104e-08	1.174499e-08
	6.944706e-09	4.227085e-09	2.865758e-09	2.206690e-09	1.860495e-09
	1.656443e-09	1.533265e-09	1.469573e-09	1.455975e-09	1.486494e-09
	1.556324e-09	1.661634e-09	1.800603e-09	1.975768e-09	2.197460e-09
	2.487724e-09	2.884217e-09	3.444379e-09	4.250354e-09	5.412592e-09
	7.065409e-09	9.354783e-09	1.243708e-08	1.650009e-08	2.178300e-08
	2.857339e-08	3.720191e-08	4.805994e-08	6.163907e-08	7.854918e-08
	9.943529e-08	1.248224e-07	1.550734e-07	1.905742e-07	2.319928e-07
	2.803645e-07	3.369702e-07	4.031610e-07	4.803058e-07	5.698519e-07
	6.733818e-07	7.927292e-07	9.301742e-07	1.088518e-06	1.271007e-06
	1.481424e-06	1.724532e-06	2.006637e-06	2.336421e-06	2.726715e-06
	3.194990e-06	3.762846e-06	4.458899e-06	5.322417e-06	6.417902e-06
	7.854193e-06	9.780499e-06	1.240271e-05	1.603888e-05	2.109192e-05
	2.767858e-05	3.487540e-05	4.067380e-05	4.349833e-05	4.336894e-05
	4.132313e-05	3.826876e-05	3.467731e-05	3.084279e-05	2.700129e-05
	2.333326e-05	1.996644e-05	1.697133e-05	1.435802e-05	1.209277e-05
	1.012464e-05	8.406449e-06	6.904120e-06	5.596527e-06	4.470524e-06
	3.515027e-06	2.717568e-06	2.063665e-06	1.537342e-06	1.121958e-06
	8.009518e-07	5.584174e-07	3.795425e-07	2.509448e-07	1.609196e-07
	9.958689e-08	5.892269e-08	3.266922e-08	1.615366e-08	6.042980e-09
	1.000000e-60
massfraction-CO
	1.000000e-60	3.335353e-06	1.022632e-05	2.338180e-05	4.653803e-05
	8.446967e-05	1.427663e-04	2.273788e-04	3.441745e-04	4.985634e-04
	6.952604e-04	9.381801e-04	1.230444e-03	1.574459e-03	1.972031e-03
	2.424494e-03	2.932841e-03	3.497838e-03	4.120128e-03	4.800334e-03
	5.539150e-03	6.337451e-03	7.196399e-03	8.117526e-03	9.102589e-03
	1.015279e-02	1.126752e-02	1.244370e-02	1.367626e-02	1.495955e-02
	1.628733e-02	1.765092e-02	1.903870e-02	2.043865e-02	2.184129e-02
	2.323979e-02	2.462900e-02	2.600842e-02	2.738596e-02	2.877338e-02
	3.017094e-02	3.155674e-02	3.289455e-02	3.415591e-02	3.533044e-02
	3.641971e-02	3.742865e-02	3.836187e-02	3.922317e-02	4.001575e-02
	4.074259e-02	4.140640e-02	4.200934e-02	4.255295e-02	4.303846e-02
	4.346722e-02	4.384114e-02	4.416307e-02	4.443688e-02	4.466729e-02
	4.485953e-02	4.501898e-02	4.515068e-02	4.525872e-02	4.534588e-02
	4.541362e-02	4.546270e-02	4.549393e-02	4.550806e-02	4.550529e-02
	4.548505e-02	4.544620e-02	4.538711e-02	4.530546e-02	4.519817e-02
	4.506211e-02	4.489527e-02	4.469711e-02	4.446731e-02	4.420410e-02
	4.390395e-02	4.356267e-02	4.317673e-02	4.274373e-02	4.226205e-02
	4.173062e-02	4.114848e-02	4.051401e-02	3.982512e-02	3.907993e-02
	3.827685e-02	3.741341e-02	3.648534e-02	3.548562e-02	3.440217e-02
	3.322092e-02	3.193140e-02	3.052441e-02	2.899171e-02	2.731361e-02
	2.545866e-02	2.342396e-02	2.123729e-02	1.892761e-02	1.654094e-02
	1.418109e-02	1.198658e-02	1.004423e-02	8.357807e-03	6.900731e-03
	5.660950e-03	4.631723e-03	3.792867e-03	3.113394e-03	2.561844e-03
	2.112036e-03	1.743921e-03	1.441871e-03	1.192816e-03	9.856190e-04
	8.112665e-04	6.630989e-04	5.366306e-04	4.289919e-04	3.382367e-04
	2.627405e-04	2.008908e-04	1.510357e-04	1.115260e-04	8.077306e-05
	5.729351e-05	3.973647e-05	2.689882e-05	1.773306e-05	1.135024e-05
	7.017806e-06	4.151814e-06	2.303187e-06	1.139957e-06	4.269636e-07
	1.000000e-60
massfraction-CO2
	1.000000e-60	1.215036e-06	4.116380e-06	1.047767e-05	2.323460e-05
	4.682967e-05	8.739772e-05	1.526667e-04	2.516507e-04	3.941951e-04
	5.904890e-04	8.506252e-04	1.184266e-03	1.600428e-03	2.107373e-03
	2.712596e-03	3.422873e-03	4.244357e-03	5.182705e-03	6.243234e-03
	7.431094e-03	8.751494e-03	1.020995e-02	1.181248e-02	1.356546e-02
	1.547417e-02	1.754045e-02	1.976097e-02	2.212792e-02	2.463150e-02
	2.725982e-02	2.999519e-02	3.281295e-02	3.568635e-02	3.859290e-02
	4.151495e-02	4.443799e-02	4.735710e-02	5.028522e-02	5.324353e-02
	5.622858e-02	5.918890e-02	6.204240e-02	6.472448e-02	6.721057e-02
	6.950287e-02	7.161160e-02	7.354702e-02	7.531825e-02	7.693370e-02
	7.840171e-02	7.973039e-02	8.092705e-02	8.199794e-02	8.294885e-02
	8.378577e-02	8.451553e-02	8.514628e-02	8.568755e-02	8.614987e-02
	8.654419e-02	8.688145e-02	8.717191e-02	8.742421e-02	8.764463e-02
	8.783684e-02	8.800296e-02	8.814523e-02	8.826647e-02	8.836924e-02
	8.845508e-02	8.852473e-02	8.857848e-02	8.861627e-02	8.863756e-02
	8.864132e-02	8.862656e-02	8.859288e-02	8.854033e-02	8.846867e-02
	8.837686e-02	8.826329e-02	8.812623e-02	8.796408e-02	8.777528e-02
	8.755825e-02	8.731112e-02	8.703136e-02	8.671570e-02	8.636036e-02
	8.596097e-02	8.551180e-02	8.500498e-02	8.442938e-02	8.376819e-02
	8.299914e-02	8.209648e-02	8.102793e-02	7.975194e-02	7.820195e-02
	7.627264e-02	7.384800e-02	7.080885e-02	6.700047e-02	6.226114e-02
	5.657133e-02	5.018334e-02	4.350438e-02	3.687450e-02	3.056112e-02
	2.484614e-02	1.994669e-02	1.591427e-02	1.266777e-02	1.007651e-02
	8.013242e-03	6.372253e-03	5.067758e-03	4.028106e-03	3.193826e-03
	2.518161e-03	1.966973e-03	1.516768e-03	1.151423e-03	8.588932e-04
	6.287862e-04	4.513174e-04	3.172589e-04	2.181599e-04	1.465490e-04
	9.603277e-05	6.129900e-05	3.805744e-05	2.294347e-05	1.340097e-05
	7.554258e-06	4.077413e-06	2.069188e-06	9.416087e-07	3.267636e-07
	1.000000e-60
massfraction-CH
	1.000000e-60	1.211613e-29	3.300714e-29	7.190885e-29	1.573462e-28
	3.334649e-28	9.230214e-28	2.862592e-27	1.052803e-26	5.622766e-26
	1.000000e-60	1.000000e-60	1.000000e-60	1.000000e-60	1.000000e-60
	7.676261e-26	4.667295e-26	1.510709e-25	2.876938e-27	1.713962e-25
	4.897477e-25	1.489294e-24	4.215297e-24	1.418487e-23	5.143051e-23
	1.900469e-22	7.079251e-22	2.640640e-21	9.777663e-21	3.560803e-20
	1.264908e-19	4.342025e-19	1.425863e-18	4.443311e-18	1.309283e-17
	3.651691e-17	9.686812e-17	2.469135e-16	6.153266e-16	1.530544e-15
	3.853471e-15	9.808983e-15	2.489161e-14	6.206126e-14	1.511213e-13
	3.598939e-13	8.415378e-13	1.939249e-12	4.416574e-12	9.961971e-12
	2.229277e-11	4.956092e-11	1.095401e-10	2.406316e-10	5.247466e-10
	1.133385e-09	2.415265e-09	5.047516e-09	1.025897e-08	2.009114e-08
	3.761807e-08	6.707977e-08	1.139773e-07	1.851470e-07	2.885166e-07
	4.319297e-07	6.214084e-07	8.607936e-07	1.153178e-06	1.501540e-06
	1.907351e-06	2.369295e-06	2.883466e-06	3.444052e-06	4.042309e-06
	4.662755e-06	5.281236e-06	5.869841e-06	6.404913e-06	6.870014e-06
	7.252706e-06	7.540912e-06	7.722818e-06	7.789382e-06	7.736468e-06
	7.565554e-06	7.283354e-06	6.900548e-06	6.430753e-06	5.890340e-06
	5.297849e-06	4.672402e-06	4.032482e-06	3.395172e-06	2.775268e-06
	2.188088e-06	1.651561e-06	1.182484e-06	7.938356e-07	4.905619e-07
	2.712693e-07	1.304941e-07	5.322437e-08	1.783828e-08	4.777776e-09
	1.029202e-09	1.881778e-10	3.125512e-11	4.905481e-12	7.342896e-13
	1.050520e-13	1.437651e-14	1.875097e-15	2.323534e-16	2.746173e-17
	3.138476e-18	3.549795e-19	4.087694e-20	4.928508e-21	6.399539e-22
	9.242475e-23	1.530667e-23	2.934178e-24	6.391641e-25	1.538290e-25
	4.015119e-26	1.121010e-26	3.291126e-27	1.056148e-27	3.358330e-28
	1.114435e-28	2.898542e-29	1.835607e-29	5.355192e-30	5.507821e-30
	5.200504e-31	8.368557e-31	7.347808e-31	9.000643e-32	7.206938e-32
	1.000000e-60
massfraction-CHO
	1.000000e-60	1.468425e-18	4.966368e-18	1.226838e-17	2.568992e-17
	4.802662e-17	8.286072e-17	1.357011e-16	2.164606e-16	3.437281e-16
	5.519299e-16	9.037930e-16	1.512753e-15	2.583670e-15	4.486866e-15
	7.892591e-15	1.401515e-14	2.505632e-14	4.501141e-14	8.113661e-14
	1.466236e-13	2.654788e-13	4.814153e-13	8.739677e-13	1.587151e-12
	2.877952e-12	5.190946e-12	9.255897e-12	1.617929e-11	2.745122e-11
	4.471190e-11	6.911027e-11	1.004166e-10	1.366618e-10	1.749997e-10
	2.132879e-10	2.511809e-10	2.903274e-10	3.342076e-10	3.882184e-10
	4.599700e-10	5.594417e-10	6.991330e-10	8.952892e-10	1.171251e-09
	1.562587e-09	2.123357e-09	2.934298e-09	4.113833e-09	5.832309e-09
	8.329948e-09	1.193847e-08	1.710555e-08	2.442235e-08	3.465843e-08
	4.880831e-08	6.814529e-08	9.426057e-08	1.290435e-07	1.745718e-07
	2.329718e-07	3.064026e-07	3.972195e-07	5.081377e-07	6.420120e-07
	8.009621e-07	9.856747e-07	1.196168e-06	1.433323e-06	1.699129e-06
	1.995548e-06	2.323829e-06	2.684869e-06	3.079793e-06	3.509342e-06
	3.971111e-06	4.457220e-06	4.956023e-06	5.456769e-06	5.952228e-06
	6.436991e-06	6.904154e-06	7.343626e-06	7.742931e-06	8.088838e-06
	8.368485e-06	8.570258e-06	8.684180e-06	8.701782e-06	8.616362e-06
	8.423719e-06	8.122399e-06	7.713407e-06	7.199754e-06	6.585379e-06
	5.877864e-06	5.094121e-06	4.260798e-06	3.414090e-06	2.592046e-06
	1.835139e-06	1.195722e-06	7.137944e-07	3.931875e-07	2.071232e-07
	1.129147e-07	6.878815e-08	4.678501e-08	3.297542e-08	2.180891e-08
	1.237775e-08	5.794155e-09	2.286177e-09	7.961078e-10	2.543138e-10
	7.667043e-11	2.245102e-11	6.643723e-12	2.096210e-12	7.450859e-13
	3.060104e-13	1.419895e-13	7.100908e-14	3.678090e-14	1.928140e-14
	1.011044e-14	5.267401e-15	2.712630e-15	1.374132e-15	6.812636e-16
	3.288239e-16	1.536716e-16	6.913488e-17	2.974951e-17	1.214671e-17
	4.650894e-18	1.636357e-18	5.076027e-19	1.256426e-19	1.787165e-20
	1.000000e-60
massfraction-CH2
	1.000000e-60	7.295031e-21	1.502451e-20	2.295415e-20	3.119698e-20
	4.035995e-20	5.163782e-20	6.705925e-20	9.006082e-20	1.266715e-19
	1.879295e-19	2.948357e-19	4.886664e-19	8.528328e-19	1.560031e-18
	2.975536e-18	5.886551e-18	1.201741e-17	2.519834e-17	5.403921e-17
	1.180912e-16	2.621394e-16	5.895558e-16	1.340542e-15	3.076046e-15
	7.106792e-15	1.647426e-14	3.812914e-14	8.761713e-14	1.988474e-13
	4.435321e-13	9.670156e-13	2.048637e-12	4.197156e-12	8.299047e-12
	1.584728e-11	2.930310e-11	5.277641e-11	9.351625e-11	1.649704e-10
	2.919191e-10	5.171984e-10	9.089424e-10	1.570522e-09	2.659535e-09
	4.420058e-09	7.230350e-09	1.167304e-08	1.864103e-08	2.949923e-08
	4.633460e-08	7.233611e-08	1.123482e-07	1.736458e-07	2.669765e-07
	4.078279e-07	6.175925e-07	9.238352e-07	1.358499e-06	1.953439e-06
	2.734801e-06	3.719693e-06	4.916637e-06	6.326699e-06	7.939900e-06
	9.725750e-06	1.163122e-05	1.359704e-05	1.557536e-05	1.752819e-05
	1.941563e-05	2.119310e-05	2.281622e-05	2.424408e-05	2.543612e-05
	2.634832e-05	2.694128e-05	2.719641e-05	2.712043e-05	2.673350e-05
	2.605689e-05	2.511162e-05	2.392398e-05	2.252868e-05	2.096712e-05
	1.928435e-05	1.752504e-05	1.572987e-05	1.393534e-05	1.217557e-05
	1.048154e-05	8.878418e-06	7.384996e-06	6.014263e-06	4.773354e-06
	3.670138e-06	2.716377e-06	1.920717e-06	1.285556e-06	8.023821e-07
	4.565584e-07	2.320963e-07	1.037776e-07	4.006907e-08	1.319915e-08
	3.784741e-09	1.001592e-09	2.612773e-10	7.008370e-11	1.971028e-11
	5.857425e-12	1.828878e-12	5.894539e-13	1.926692e-13	6.338442e-14
	2.109289e-14	7.197920e-15	2.555402e-15	9.513807e-16	3.713023e-16
	1.510511e-16	6.366665e-17	2.772645e-17	1.249698e-17	5.858034e-18
	2.870683e-18	1.475213e-18	7.950314e-19	4.479706e-19	2.624063e-19
	1.585628e-19	9.793511e-20	6.119478e-20	3.824440e-20	2.359051e-20
	1.411790e-20	7.986690e-21	4.072753e-21	1.681756e-21	4.009167e-22
	1.000000e-60
massfraction-CH2O
	1.000000e-60	1.561285e-08	5.399835e-08	1.405478e-07	3.187620e-07
	6.566110e-07	1.250861e-06	2.227047e-06	3.735674e-06	5.945307e-06
	9.034269e-06	1.318244e-05	1.856437e-05	2.534415e-05	3.367223e-05
	4.368391e-05	5.549919e-05	6.922369e-05	8.495030e-05	1.027615e-04
	1.227321e-04	1.449333e-04	1.694360e-04	1.963151e-04	2.256460e-04
	2.574808e-04	2.918091e-04	3.285317e-04	3.674747e-04	4.084322e-04
	4.511681e-04	4.953580e-04	5.405744e-04	5.863695e-04	6.323762e-04
	6.783146e-04	7.239629e-04	7.692530e-04	8.143924e-04	8.597045e-04
	9.051220e-04	9.498366e-04	9.925701e-04	1.032297e-03	1.068563e-03
	1.101269e-03	1.130375e-03	1.155785e-03	1.177338e-03	1.194829e-03
	1.208046e-03	1.216808e-03	1.221007e-03	1.220674e-03	1.216053e-03
	1.207640e-03	1.196189e-03	1.182634e-03	1.167979e-03	1.153156e-03
	1.138917e-03	1.125773e-03	1.114011e-03	1.103760e-03	1.095086e-03
	1.088033e-03	1.082596e-03	1.078665e-03	1.076050e-03	1.074534e-03
	1.073901e-03	1.073911e-03	1.074288e-03	1.074706e-03	1.074775e-03
	1.074022e-03	1.071915e-03	1.067931e-03	1.061590e-03	1.052418e-03
	1.039886e-03	1.023428e-03	1.002519e-03	9.767514e-04	9.458710e-04
	9.097926e-04	8.685876e-04	8.224381e-04	7.716436e-04	7.166815e-04
	6.582083e-04	5.969709e-04	5.337462e-04	4.693039e-04	4.043266e-04
	3.397075e-04	2.768676e-04	2.175039e-04	1.634187e-04	1.160016e-04
	7.637629e-05	4.587782e-05	2.486039e-05	1.204225e-05	5.231115e-06
	2.113974e-06	8.504748e-07	3.626073e-07	1.683671e-07	8.480392e-08
	4.581402e-08	2.648633e-08	1.642617e-08	1.088426e-08	7.610641e-09
	5.531008e-09	4.125459e-09	3.130658e-09	2.401879e-09	1.852708e-09
	1.428965e-09	1.096269e-09	8.327818e-10	6.242722e-10	4.607293e-10
	3.342480e-10	2.380545e-10	1.662273e-10	1.136410e-10	7.594821e-11
	4.954140e-11	3.149211e-11	1.947723e-11	1.170004e-11	6.810488e-12
	3.826497e-12	2.058782e-12	1.041595e-12	4.726312e-13	1.635898e-13
	1.000000e-60
massfraction-CH3
	1.000000e-60	3.904125e-10	1.182195e-09	2.667532e-09	5.240265e-09
	9.394614e-09	1.570163e-08	2.476623e-08	3.719100e-08	5.355182e-08
	7.439011e-08	1.002194e-07	1.315434e-07	1.688808e-07	2.127950e-07
	2.639265e-07	3.230293e-07	3.910122e-07	4.689876e-07	5.583336e-07
	6.607738e-07	7.784874e-07	9.142600e-07	1.071689e-06	1.255438e-06
	1.471451e-06	1.727133e-06	2.031614e-06	2.396400e-06	2.836539e-06
	3.371877e-06	4.027845e-06	4.836500e-06	5.839316e-06	7.092291e-06
	8.672032e-06	1.068352e-05	1.327850e-05	1.669467e-05	2.130797e-05
	2.765544e-05	3.639539e-05	4.823259e-05	6.391732e-05	8.434911e-05
	1.106741e-04	1.443130e-04	1.869584e-04	2.405657e-04	3.073291e-04
	3.896376e-04	4.899627e-04	6.106022e-04	7.532557e-04	9.184773e-04
	1.105083e-03	1.309661e-03	1.526488e-03	1.748038e-03	1.966065e-03
	2.172967e-03	2.362965e-03	2.532427e-03	2.679262e-03	2.801938e-03
	2.898962e-03	2.969479e-03	3.014043e-03	3.034223e-03	3.031599e-03
	3.007398e-03	2.962708e-03	2.898587e-03	2.815932e-03	2.715546e-03
	2.598843e-03	2.468615e-03	2.328690e-03	2.182546e-03	2.032334e-03
	1.879204e-03	1.724239e-03	1.569043e-03	1.415629e-03	1.266039e-03
	1.122125e-03	9.853668e-04	8.567845e-04	7.370772e-04	6.268130e-04
	5.264029e-04	4.359748e-04	3.553928e-04	2.843212e-04	2.222438e-04
	1.687913e-04	1.238552e-04	8.723753e-05	5.853062e-05	3.694266e-05
	2.153581e-05	1.144123e-05	5.508952e-06	2.396320e-06	9.484733e-07
	3.538949e-07	1.323020e-07	5.235834e-08	2.241376e-08	1.029942e-08
	5.010339e-09	2.561065e-09	1.366703e-09	7.554108e-10	4.301084e-10
	2.516575e-10	1.511077e-10	9.294330e-11	5.837461e-11	3.725921e-11
	2.403099e-11	1.557870e-11	1.011389e-11	6.565942e-12	4.264499e-12
	2.774746e-12	1.810935e-12	1.186215e-12	7.796160e-13	5.134956e-13
	3.382562e-13	2.222214e-13	1.450822e-13	9.371913e-14	5.956713e-14
	3.696476e-14	2.212311e-14	1.248053e-14	6.298993e-15	2.406772e-15
	1.000000e-60
massfraction-CH4
	1.000000e+00	9.999179e-01	9.997605e-01	9.994746e-01	9.989874e-01
	9.982060e-01	9.970219e-01	9.953190e-01	9.929827e-01	9.899062e-01
	9.859952e-01	9.811701e-01	9.753656e-01	9.685291e-01	9.606188e-01
	9.516014e-01	9.414489e-01	9.301370e-01	9.176426e-01	9.039418e-01
	8.890080e-01	8.728092e-01	8.553061e-01	8.364493e-01	8.161829e-01
	7.944594e-01	7.712661e-01	7.466409e-01	7.206629e-01	6.934244e-01
	6.650334e-01	6.356537e-01	6.055194e-01	5.748830e-01	5.439514e-01
	5.128826e-01	4.818048e-01	4.507493e-01	4.195619e-01	3.880093e-01
	3.561093e-01	3.244160e-01	2.938156e-01	2.650155e-01	2.382963e-01
	2.136493e-01	1.909759e-01	1.701724e-01	1.511442e-01	1.338009e-01
	1.180508e-01	1.038029e-01	9.097491e-02	7.949548e-02	6.929950e-02
	6.032067e-02	5.248525e-02	4.570671e-02	3.988450e-02	3.490768e-02
	3.065971e-02	2.702290e-02	2.388576e-02	2.115239e-02	1.875105e-02
	1.663712e-02	1.478211e-02	1.315613e-02	1.172251e-02	1.044630e-02
	9.301883e-03	8.271693e-03	7.341691e-03	6.499086e-03	5.733552e-03
	5.040167e-03	4.418828e-03	3.869147e-03	3.386192e-03	2.961056e-03
	2.584423e-03	2.249212e-03	1.950880e-03	1.686267e-03	1.452577e-03
	1.247065e-03	1.066918e-03	9.092722e-04	7.714657e-04	6.512284e-04
	5.465898e-04	4.557114e-04	3.768805e-04	3.085355e-04	2.492327e-04
	1.979031e-04	1.539277e-04	1.168136e-04	8.609503e-05	6.113455e-05
	4.132031e-05	2.635926e-05	1.581744e-05	8.909333e-06	4.743157e-06
	2.466168e-06	1.326632e-06	7.789798e-07	5.107179e-07	3.698786e-07
	2.871283e-07	2.317410e-07	1.906995e-07	1.584329e-07	1.322676e-07
	1.107091e-07	9.281198e-08	7.789569e-08	6.539878e-08	5.483447e-08
	4.580093e-08	3.799832e-08	3.122690e-08	2.536425e-08	2.033298e-08
	1.607021e-08	1.251094e-08	9.584720e-09	7.217627e-09	5.335346e-09
	3.865829e-09	2.741081e-09	1.898397e-09	1.281239e-09	8.399018e-10
	5.319391e-10	3.222779e-10	1.829568e-10	9.255546e-11	3.536771e-11
	1.000000e-60
massfraction-C2H6
	1.000000e-60	3.803611e-08	1.337404e-07	3.543895e-07	8.184550e-07
	1.715951e-06	3.324442e-06	6.013549e-06	1.023832e-05	1.652254e-05
	2.543650e-05	3.757349e-05	5.352892e-05	7.388399e-05	9.919442e-05
	1.299843e-04	1.667438e-04	2.099310e-04	2.599752e-04	3.172831e-04
	3.822477e-04	4.552588e-04	5.367170e-04	6.270452e-04	7.266786e-04
	8.359827e-04	9.551103e-04	1.083896e-03	1.221887e-03	1.368483e-03
	1.522928e-03	1.684096e-03	1.850409e-03	2.020136e-03	2.191767e-03
	2.364045e-03	2.535865e-03	2.706633e-03	2.876706e-03	3.046740e-03
	3.215699e-03	3.379537e-03	3.532366e-03	3.669342e-03	3.787849e-03
	3.886573e-03	3.964355e-03	4.019758e-03	4.051045e-03	4.056275e-03
	4.033448e-03	3.980671e-03	3.896454e-03	3.780162e-03	3.632536e-03
	3.456122e-03	3.255459e-03	3.036832e-03	2.807576e-03	2.575101e-03
	2.345855e-03	2.124449e-03	1.913439e-03	1.713907e-03	1.526553e-03
	1.352625e-03	1.193594e-03	1.049890e-03	9.204724e-04	8.037361e-04
	6.984121e-04	6.036298e-04	5.186035e-04	4.424896e-04	3.745485e-04
	3.144268e-04	2.620801e-04	2.173137e-04	1.794685e-04	1.475531e-04
	1.205863e-04	9.780430e-05	7.865680e-05	6.270427e-05	4.954430e-05
	3.879513e-05	3.009501e-05	2.310900e-05	1.754313e-05	1.314955e-05
	9.718101e-06	7.067350e-06	5.042876e-06	3.515798e-06	2.379587e-06
	1.551388e-06	9.668719e-07	5.710537e-07	3.163176e-07	1.615053e-07
	7.412190e-08	3.002473e-08	1.063768e-08	3.273629e-09	8.839676e-10
	2.213041e-10	5.657849e-11	1.629122e-11	5.664058e-12	2.465891e-12
	1.332580e-12	8.468151e-13	5.939576e-13	4.394638e-13	3.341773e-13
	2.576334e-13	2.000498e-13	1.559604e-13	1.217958e-13	9.500351e-14
	7.373821e-14	5.671102e-14	4.305031e-14	3.215909e-14	2.359274e-14
	1.697578e-14	1.196699e-14	8.255785e-15	5.566831e-15	3.663839e-15
	2.350273e-15	1.467327e-15	8.903042e-16	5.241801e-16	2.988531e-16
	1.644052e-16	8.661481e-17	4.293501e-17	1.911172e-17	6.501841e-18
	1.000000e-60
massfraction-C2H
	1.000000e-60	2.615897e-29	1.000000e-60	4.438113e-29	2.953119e-28
	1.098760e-27	3.669210e-27	1.114739e-26	3.173717e-26	8.825010e-26
	2.390456e-25	6.428383e-25	1.721908e-24	4.617310e-24	1.244174e-23
	3.372486e-23	9.198972e-23	2.522667e-22	6.946708e-22	1.918052e-21
	5.302049e-21	1.465360e-20	4.044881e-20	1.114380e-19	3.062797e-19
	8.389549e-19	2.285132e-18	6.166885e-18	1.642371e-17	4.303199e-17
	1.106751e-16	2.786724e-16	6.847712e-16	1.638761e-15	3.821567e-15
	8.707313e-15	1.945973e-14	4.293709e-14	9.457948e-14	2.107407e-13
	4.781662e-13	1.096943e-12	2.499163e-12	5.562877e-12	1.201022e-11
	2.513661e-11	5.106508e-11	1.007942e-10	1.934207e-10	3.610463e-10
	6.560443e-10	1.161376e-09	2.004209e-09	3.372375e-09	5.532714e-09
	8.850030e-09	1.380418e-08	2.099957e-08	3.115324e-08	4.504471e-08
	6.343688e-08	8.702023e-08	1.164126e-07	1.521622e-07	1.946280e-07
	2.436719e-07	2.984837e-07	3.579146e-07	4.209735e-07	4.868469e-07
	5.545563e-07	6.228241e-07	6.902101e-07	7.552336e-07	8.162536e-07
	8.711865e-07	9.176358e-07	9.535847e-07	9.779372e-07	9.903596e-07
	9.907910e-07	9.792255e-07	9.558576e-07	9.212857e-07	8.765609e-07
	8.231230e-07	7.626575e-07	6.969200e-07	6.276692e-07	5.566925e-07
	4.857451e-07	4.164009e-07	3.499820e-07	2.875455e-07	2.298519e-07
	1.776576e-07	1.318746e-07	9.324018e-08	6.214947e-08	3.840646e-08
	2.144265e-08	1.054665e-08	4.468589e-09	1.586955e-09	4.621751e-10
	1.121762e-10	2.429481e-11	5.127789e-12	1.130178e-12	2.719851e-13
	7.277130e-14	2.106530e-14	6.231460e-15	1.807718e-15	5.119232e-16
	1.447005e-16	4.206936e-17	1.286333e-17	4.169915e-18	1.427951e-18
	5.119198e-19	1.905441e-19	7.337083e-20	2.928726e-20	1.219231e-20
	5.328534e-21	2.454998e-21	1.192876e-21	6.091024e-22	3.244999e-22
	1.785287e-22	1.001275e-22	5.636853e-23	3.127642e-23	1.673251e-23
	8.398608e-24	3.814121e-24	1.482797e-24	4.424096e-25	7.267597e-26
	1.000000e-60
massfraction-C2H2
	1.000000e-60	8.115606e-08	2.719382e-07	6.840079e-07	1.498740e-06
	2.985821e-06	5.511386e-06	9.528904e-06	1.555859e-05	2.415948e-05
	3.590084e-05	5.133760e-05	7.099257e-05	9.534563e-05	1.248293e-04
	1.598290e-04	2.006872e-04	2.477092e-04	3.011710e-04	3.613277e-04
	4.284234e-04	5.027036e-04	5.844281e-04	6.738819e-04	7.713645e-04
	8.771115e-04	9.911623e-04	1.113272e-03	1.242953e-03	1.379614e-03
	1.522557e-03	1.670784e-03	1.822930e-03	1.977544e-03	2.133420e-03
	2.289633e-03	2.445438e-03	2.600610e-03	2.755882e-03	2.912418e-03
	3.070086e-03	3.226235e-03	3.376620e-03	3.517911e-03	3.648865e-03
	3.769606e-03	3.880630e-03	3.982377e-03	4.075140e-03	4.159060e-03
	4.234117e-03	4.300079e-03	4.356432e-03	4.402377e-03	4.436921e-03
	4.459052e-03	4.467960e-03	4.463238e-03	4.444981e-03	4.413749e-03
	4.370398e-03	4.315806e-03	4.250575e-03	4.174925e-03	4.088922e-03
	3.993049e-03	3.888458e-03	3.776365e-03	3.657267e-03	3.531014e-03
	3.397467e-03	3.256769e-03	3.109119e-03	2.954512e-03	2.792970e-03
	2.625468e-03	2.454524e-03	2.283390e-03	2.114476e-03	1.948646e-03
	1.785867e-03	1.626269e-03	1.470645e-03	1.320238e-03	1.176337e-03
	1.040065e-03	9.122386e-04	7.932964e-04	6.834471e-04	5.828425e-04
	4.915514e-04	4.094445e-04	3.362093e-04	2.714041e-04	2.144670e-04
	1.650093e-04	1.229275e-04	8.809112e-05	6.023455e-05	3.877593e-05
	2.302306e-05	1.237942e-05	5.943790e-06	2.509573e-06	9.271440e-07
	3.098929e-07	1.013371e-07	3.547793e-08	1.425807e-08	6.855742e-09
	3.958661e-09	2.641125e-09	1.928094e-09	1.476267e-09	1.156893e-09
	9.167948e-10	7.306820e-10	5.842011e-10	4.676672e-10	3.738893e-10
	2.975099e-10	2.347258e-10	1.829735e-10	1.405354e-10	1.061586e-10
	7.877154e-11	5.735689e-11	4.093964e-11	2.861048e-11	1.955007e-11
	1.304347e-11	8.484300e-12	5.372107e-12	3.305302e-12	1.971340e-12
	1.135009e-12	6.256361e-13	3.240441e-13	1.503236e-13	5.308104e-14
	1.000000e-60
massfraction-CHCO
	1.000000e-60	3.493185e-07	9.992504e-07	2.122346e-06	3.923111e-06
	6.628896e-06	1.047023e-05	1.565544e-05	2.235468e-05	3.069234e-05
	4.074730e-05	5.255811e-05	6.613094e-05	8.144795e-05	9.847499e-05
	1.171682e-04	1.374792e-04	1.593593e-04	1.827623e-04	2.076477e-04
	2.339823e-04	2.617430e-04	2.909194e-04	3.215150e-04	3.535411e-04
	3.869921e-04	4.218088e-04	4.578625e-04	4.949777e-04	5.329759e-04
	5.716756e-04	6.108399e-04	6.501658e-04	6.893568e-04	7.282018e-04
	7.665709e-04	8.043855e-04	8.416941e-04	8.787710e-04	9.159923e-04
	9.534261e-04	9.905559e-04	1.026482e-03	1.060500e-03	1.092370e-03
	1.122158e-03	1.150015e-03	1.176078e-03	1.200460e-03	1.223262e-03
	1.244576e-03	1.264487e-03	1.283056e-03	1.300300e-03	1.316183e-03
	1.330601e-03	1.343378e-03	1.354269e-03	1.362978e-03	1.369196e-03
	1.372636e-03	1.373050e-03	1.370210e-03	1.363869e-03	1.353755e-03
	1.339668e-03	1.321598e-03	1.299667e-03	1.273937e-03	1.244348e-03
	1.210830e-03	1.173380e-03	1.132025e-03	1.086740e-03	1.037509e-03
	9.846226e-04	9.289179e-04	8.715658e-04	8.135356e-04	7.552936e-04
	6.969785e-04	6.387610e-04	5.810432e-04	5.243998e-04	4.694338e-04
	4.166974e-04	3.666305e-04	3.195280e-04	2.755907e-04	2.349934e-04
	1.978731e-04	1.642802e-04	1.341817e-04	1.074808e-04	8.402056e-05
	6.370436e-05	4.654016e-05	3.250530e-05	2.149466e-05	1.324635e-05
	7.427194e-06	3.706764e-06	1.618065e-06	6.058026e-07	1.926222e-07
	5.356765e-08	1.406877e-08	3.823610e-09	1.157491e-09	4.114005e-10
	1.769011e-10	9.145714e-11	5.463300e-11	3.576001e-11	2.449539e-11
	1.706002e-11	1.192601e-11	8.340933e-12	5.836102e-12	4.083012e-12
	2.850518e-12	1.980714e-12	1.367166e-12	9.368751e-13	6.379419e-13
	4.323155e-13	2.919972e-13	1.967601e-13	1.323210e-13	8.878643e-14
	5.939468e-14	3.955943e-14	2.618061e-14	1.716470e-14	1.109777e-14
	7.024547e-15	4.299295e-15	2.484999e-15	1.286038e-15	5.035635e-16
	1.000000e-60
massfraction-C3H3
	1.000000e-60	2.417437e-29	9.460239e-29	2.855348e-28	7.752278e-28
	1.983061e-27	4.993338e-27	1.266492e-26	3.181583e-26	3.814623e-26
	1.000000e-60	1.000000e-60	1.000000e-60	1.000000e-60	1.000000e-60
	7.268335e-26	1.218434e-25	3.965164e-25	3.379047e-25	1.279174e-24
	3.102778e-24	8.961085e-24	2.982174e-23	1.031026e-22	3.704979e-22
	1.341020e-21	4.870755e-21	1.765313e-20	6.336222e-20	2.234855e-19
	7.689456e-19	2.559961e-18	8.174390e-18	2.486191e-17	7.182284e-17
	1.973825e-16	5.187497e-16	1.317841e-15	3.296629e-15	8.327531e-15
	2.180391e-14	6.086285e-14	1.870529e-13	6.413107e-13	2.360871e-12
	8.709980e-12	3.044976e-11	9.787854e-11	2.859209e-10	7.577331e-10
	1.828110e-09	4.039953e-09	8.240549e-09	1.565474e-08	2.799998e-08
	4.776166e-08	7.875828e-08	1.269510e-07	2.010785e-07	3.124597e-07
	4.737114e-07	6.970722e-07	9.932773e-07	1.370844e-06	1.834245e-06
	2.379921e-06	2.993922e-06	3.656131e-06	4.346810e-06	5.047338e-06
	5.736696e-06	6.390653e-06	6.984036e-06	7.492521e-06	7.892123e-06
	8.158953e-06	8.274393e-06	8.232736e-06	8.042062e-06	7.717628e-06
	7.276282e-06	6.736430e-06	6.120319e-06	5.454089e-06	4.765366e-06
	4.080628e-06	3.422768e-06	2.809489e-06	2.253490e-06	1.763292e-06
	1.343249e-06	9.934207e-07	7.103699e-07	4.882247e-07	3.195498e-07
	1.968006e-07	1.125406e-07	5.879715e-08	2.750056e-08	1.115368e-08
	3.748265e-09	1.005454e-09	2.111775e-10	3.454731e-11	4.441548e-12
	4.463366e-13	3.353783e-14	1.775738e-15	6.301069e-17	1.654586e-18
	5.867332e-20	4.094742e-21	3.627961e-22	3.302294e-23	2.962400e-24
	2.613905e-25	2.305406e-26	2.083378e-27	1.978643e-28	2.024942e-29
	2.297597e-30	2.968644e-31	4.395060e-32	7.296997e-33	1.319250e-33
	2.535972e-34	5.094409e-35	1.060925e-35	2.370639e-36	5.245793e-37
	1.188088e-37	1.587464e-38	1.111624e-38	3.174851e-39	1.000000e-60
	1.000000e-60	3.068421e-41	1.000000e-60	7.167614e-42	1.000000e-60
	1.000000e-60
massfraction-C2H3
	1.000000e-60	6.868459e-19	1.835262e-18	3.450256e-18	5.696821e-18
	8.893648e-18	1.363770e-17	2.107788e-17	3.346884e-17	5.533571e-17
	9.602664e-17	1.754632e-16	3.373966e-16	6.805751e-16	1.433262e-15
	3.133857e-15	7.073274e-15	1.638649e-14	3.875812e-14	9.314199e-14
	2.264455e-13	5.548587e-13	1.365724e-12	3.366279e-12	8.279214e-12
	2.021119e-11	4.857783e-11	1.137201e-10	2.562940e-10	5.505528e-10
	1.118979e-09	2.140650e-09	3.842359e-09	6.468441e-09	1.023865e-08
	1.530480e-08	2.171735e-08	2.942954e-08	3.833173e-08	4.821454e-08
	5.858991e-08	6.860179e-08	7.747017e-08	8.532110e-08	9.345751e-08
	1.038794e-07	1.187954e-07	1.405818e-07	1.720979e-07	2.171381e-07
	2.809230e-07	3.706089e-07	4.957933e-07	6.689866e-07	9.060338e-07
	1.226348e-06	1.652502e-06	2.208441e-06	2.915654e-06	3.787777e-06
	4.826294e-06	6.020623e-06	7.351871e-06	8.795549e-06	1.031893e-05
	1.187490e-05	1.340503e-05	1.485601e-05	1.619107e-05	1.738453e-05
	1.841216e-05	1.925024e-05	1.987891e-05	2.028316e-05	2.045099e-05
	2.037464e-05	2.005847e-05	1.952430e-05	1.880475e-05	1.793114e-05
	1.692880e-05	1.582096e-05	1.463373e-05	1.339633e-05	1.213827e-05
	1.088696e-05	9.665638e-06	8.492038e-06	7.379516e-06	6.338875e-06
	5.378335e-06	4.502523e-06	3.712784e-06	3.007934e-06	2.384554e-06
	1.840371e-06	1.375677e-06	9.900128e-07	6.810239e-07	4.425462e-07
	2.669654e-07	1.475787e-07	7.436185e-08	3.412827e-08	1.449792e-08
	5.990810e-09	2.562130e-09	1.160375e-09	5.404071e-10	2.491890e-10
	1.134589e-10	5.139014e-11	2.266181e-11	9.462016e-12	3.713826e-12
	1.387191e-12	5.062649e-13	1.878417e-13	7.422688e-14	3.231115e-14
	1.551739e-14	7.999742e-15	4.276843e-15	2.309996e-15	1.241242e-15
	6.578885e-16	3.420517e-16	1.736620e-16	8.572652e-17	4.096796e-17
	1.887148e-17	8.342669e-18	3.523677e-18	1.414899e-18	5.367107e-19
	1.904525e-19	6.209010e-20	1.789333e-20	4.140937e-21	5.599207e-22
	1.000000e-60
massfraction-C2H4
	1.000000e-60	4.849309e-08	1.651273e-07	4.226270e-07	9.424003e-07
	1.909636e-06	3.582001e-06	6.286435e-06	1.040683e-05	1.636500e-05
	2.459962e-05	3.554680e-05	4.962488e-05	6.722410e-05	8.870106e-05
	1.143771e-04	1.445398e-04	1.794464e-04	2.193288e-04	2.643999e-04
	3.148608e-04	3.709099e-04	4.327535e-04	5.006138e-04	5.747214e-04
	6.552554e-04	7.422427e-04	8.354887e-04	9.346102e-04	1.039141e-03
	1.148531e-03	1.261998e-03	1.378479e-03	1.496844e-03	1.616154e-03
	1.735684e-03	1.854851e-03	1.973468e-03	2.092081e-03	2.211562e-03
	2.331788e-03	2.450716e-03	2.565092e-03	2.672370e-03	2.771587e-03
	2.862800e-03	2.946309e-03	3.022318e-03	3.090839e-03	3.151665e-03
	3.204333e-03	3.248057e-03	3.281651e-03	3.303530e-03	3.311823e-03
	3.304618e-03	3.280324e-03	3.238045e-03	3.177848e-03	3.100794e-03
	3.008708e-03	2.903670e-03	2.787519e-03	2.661680e-03	2.527559e-03
	2.387279e-03	2.243739e-03	2.099525e-03	1.955966e-03	1.813514e-03
	1.672648e-03	1.534120e-03	1.398654e-03	1.266715e-03	1.138756e-03
	1.015869e-03	8.999142e-04	7.926664e-04	6.948555e-04	6.060853e-04
	5.255103e-04	4.524647e-04	3.866241e-04	3.278122e-04	2.758012e-04
	2.302553e-04	1.907218e-04	1.566557e-04	1.274968e-04	1.027273e-04
	8.186381e-05	6.443365e-05	4.998494e-05	3.810043e-05	2.839858e-05
	2.057670e-05	1.440907e-05	9.686053e-06	6.199275e-06	3.725644e-06
	2.059078e-06	1.029069e-06	4.601253e-07	1.822759e-07	6.429008e-08
	2.116973e-08	7.106416e-09	2.640143e-09	1.130211e-09	5.621368e-10
	3.228839e-10	2.095189e-10	1.484161e-10	1.110423e-10	8.566797e-11
	6.716029e-11	5.308998e-11	4.215332e-11	3.352876e-11	2.663696e-11
	2.105917e-11	1.650269e-11	1.277118e-11	9.732658e-12	7.290135e-12
	5.360541e-12	3.865528e-12	2.730744e-12	1.887610e-12	1.275060e-12
	8.404769e-13	5.398461e-13	3.373759e-13	2.047978e-13	1.204763e-13
	6.841026e-14	3.719490e-14	1.901055e-14	8.709498e-15	3.040938e-15
	1.000000e-60
massfraction-C2H5
	1.000000e-60	1.300398e-12	4.560415e-12	1.205008e-11	2.774981e-11
	5.801839e-11	1.121093e-10	2.023003e-10	3.436554e-10	5.534621e-10
	8.504948e-10	1.254252e-09	1.784292e-09	2.459735e-09	3.298955e-09
	4.319455e-09	5.537928e-09	6.970479e-09	8.633021e-09	1.054187e-08
	1.271464e-08	1.517151e-08	1.793705e-08	2.104274e-08	2.452975e-08
	2.845085e-08	3.287162e-08	3.787443e-08	4.356879e-08	5.010791e-08
	5.770133e-08	6.661513e-08	7.716788e-08	8.973819e-08	1.047854e-07
	1.228608e-07	1.446055e-07	1.707899e-07	2.023872e-07	2.404094e-07
	2.850609e-07	3.345554e-07	3.853247e-07	4.349245e-07	4.851879e-07
	5.424544e-07	6.154418e-07	7.133707e-07	8.457568e-07	1.023377e-06
	1.259427e-06	1.570354e-06	1.976141e-06	2.499922e-06	3.166856e-06
	4.001939e-06	5.026013e-06	6.249395e-06	7.663798e-06	9.236022e-06
	1.090901e-05	1.261217e-05	1.427409e-05	1.582893e-05	1.721507e-05
	1.837406e-05	1.926045e-05	1.985434e-05	2.015870e-05	2.018624e-05
	1.995269e-05	1.947769e-05	1.878484e-05	1.789909e-05	1.684661e-05
	1.566104e-05	1.438897e-05	1.308268e-05	1.178472e-05	1.052026e-05
	9.302493e-06	8.141947e-06	7.050665e-06	6.040490e-06	5.120160e-06
	4.294336e-06	3.563417e-06	2.924073e-06	2.370896e-06	1.897797e-06
	1.498155e-06	1.164605e-06	8.894645e-07	6.651888e-07	4.845650e-07
	3.416294e-07	2.316416e-07	1.499832e-07	9.195987e-08	5.266322e-08
	2.762095e-08	1.310274e-08	5.607238e-09	2.169249e-09	7.733987e-10
	2.686660e-10	9.830509e-11	3.991741e-11	1.800533e-11	8.791604e-12
	4.558152e-12	2.479572e-12	1.378419e-12	7.475574e-13	3.837731e-13
	1.880872e-13	9.068562e-14	4.438472e-14	2.253230e-14	1.196236e-14
	6.622996e-15	3.790747e-15	2.220177e-15	1.318315e-15	7.876346e-16
	4.705080e-16	2.794649e-16	1.642160e-16	9.502645e-17	5.393107e-17
	2.991323e-17	1.616777e-17	8.496220e-18	4.334113e-18	2.143786e-18
	1.026790e-18	4.745484e-19	2.092393e-19	8.474785e-20	2.711448e-20
	1.000000e-60
massfraction-C3H4
	1.000000e-60	3.214970e-11	1.213962e-10	3.475857e-10	8.681205e-10
	1.963880e-09	4.089656e-09	7.915324e-09	1.435004e-08	2.454353e-08
	3.986621e-08	6.187356e-08	9.226302e-08	1.328301e-07	1.854290e-07
	2.519411e-07	3.342523e-07	4.342392e-07	5.537645e-07	6.946802e-07
	8.588407e-07	1.048127e-06	1.264483e-06	1.509945e-06	1.786626e-06
	2.096477e-06	2.440853e-06	2.820139e-06	3.233766e-06	3.680575e-06
	4.158773e-06	4.665229e-06	5.195169e-06	5.743076e-06	6.303945e-06
	6.873495e-06	7.447929e-06	8.025262e-06	8.607036e-06	9.196418e-06
	9.791624e-06	1.038118e-05	1.094760e-05	1.147723e-05	1.196481e-05
	1.241067e-05	1.281692e-05	1.318575e-05	1.351902e-05	1.381826e-05
	1.408471e-05	1.431936e-05	1.452322e-05	1.469784e-05	1.484593e-05
	1.497143e-05	1.507889e-05	1.517230e-05	1.525404e-05	1.532458e-05
	1.538294e-05	1.542739e-05	1.545599e-05	1.546659e-05	1.545675e-05
	1.542399e-05	1.536647e-05	1.528303e-05	1.517239e-05	1.503248e-05
	1.486081e-05	1.465488e-05	1.441201e-05	1.412893e-05	1.380203e-05
	1.342952e-05	1.301388e-05	1.256136e-05	1.207827e-05	1.156784e-05
	1.103085e-05	1.046838e-05	9.883921e-06	9.283255e-06	8.673205e-06
	8.060772e-06	7.452280e-06	6.852695e-06	6.265998e-06	5.695940e-06
	5.145922e-06	4.618241e-06	4.113956e-06	3.632991e-06	3.173877e-06
	2.735932e-06	2.321050e-06	1.931969e-06	1.571798e-06	1.241581e-06
	9.421485e-07	6.800480e-07	4.628709e-07	2.935628e-07	1.714772e-07
	9.251190e-08	4.727872e-08	2.368444e-08	1.193389e-08	6.163285e-09
	3.325203e-09	1.900429e-09	1.153065e-09	7.369160e-10	4.901421e-10
	3.354667e-10	2.343096e-10	1.660740e-10	1.188965e-10	8.554826e-11
	6.151163e-11	4.394418e-11	3.103555e-11	2.158780e-11	1.475421e-11
	9.892954e-12	6.499674e-12	4.178698e-12	2.625002e-12	1.608607e-12
	9.600040e-13	5.570450e-13	3.137915e-13	1.713505e-13	9.054452e-14
	4.616320e-14	2.256281e-14	1.040314e-14	4.327536e-15	1.385805e-15
	1.000000e-60
massfraction-C3H5
	1.000000e-60	1.620020e-12	6.208398e-12	1.806504e-11	4.586018e-11
	1.054011e-10	2.228161e-10	4.373709e-10	8.033921e-10	1.390857e-09
	2.284643e-09	3.582694e-09	5.393566e-09	7.833775e-09	1.102529e-08
	1.509343e-08	2.016527e-08	2.636856e-08	3.383125e-08	4.268152e-08
	5.304849e-08	6.506366e-08	7.886303e-08	9.458935e-08	1.123906e-07
	1.324052e-07	1.547326e-07	1.794090e-07	2.064070e-07	2.356584e-07
	2.670508e-07	3.003810e-07	3.353333e-07	3.715385e-07	4.086558e-07
	4.463867e-07	4.844590e-07	5.227117e-07	5.612056e-07	6.000861e-07
	6.391336e-07	6.774393e-07	7.136497e-07	7.466203e-07	7.757014e-07
	8.005342e-07	8.208034e-07	8.361893e-07	8.464908e-07	8.518734e-07
	8.531997e-07	8.523593e-07	8.524672e-07	8.577758e-07	8.731949e-07
	9.034770e-07	9.522724e-07	1.021333e-06	1.110107e-06	1.215852e-06
	1.334263e-06	1.460458e-06	1.589830e-06	1.718288e-06	1.841870e-06
	1.956268e-06	2.057283e-06	2.142003e-06	2.209119e-06	2.258121e-06
	2.288626e-06	2.300407e-06	2.293544e-06	2.268368e-06	2.225384e-06
	2.165631e-06	2.091280e-06	2.005547e-06	1.911680e-06	1.812061e-06
	1.708242e-06	1.601542e-06	1.493478e-06	1.385707e-06	1.279773e-06
	1.176960e-06	1.078191e-06	9.839890e-07	8.945995e-07	8.101593e-07
	7.307067e-07	6.561042e-07	5.860504e-07	5.201156e-07	4.577155e-07
	3.984041e-07	3.421047e-07	2.888837e-07	2.389097e-07	1.921363e-07
	1.485636e-07	1.091642e-07	7.533787e-08	4.804553e-08	2.782028e-08
	1.457185e-08	7.051887e-09	3.262801e-09	1.487428e-09	6.890879e-10
	3.386821e-10	1.839752e-10	1.118261e-10	7.454905e-11	5.274879e-11
	3.854189e-11	2.859749e-11	2.136331e-11	1.599174e-11	1.194733e-11
	8.868361e-12	6.509148e-12	4.703225e-12	3.334082e-12	2.313675e-12
	1.569512e-12	1.039613e-12	6.716197e-13	4.226311e-13	2.586884e-13
	1.537971e-13	8.869154e-14	4.954972e-14	2.678653e-14	1.399241e-14
	7.044603e-15	3.397865e-15	1.545894e-15	6.348579e-16	2.009471e-16
	1.000000e-60
massfraction-C3H6
	1.000000e-60	4.247710e-11	1.659150e-10	4.928988e-10	1.277806e-09
	2.997247e-09	6.460009e-09	1.291294e-08	2.412386e-08	4.242372e-08
	7.070313e-08	1.123684e-07	1.712703e-07	2.516190e-07	3.578988e-07
	4.947916e-07	6.671146e-07	8.797761e-07	1.137750e-06	1.446068e-06
	1.809840e-06	2.234298e-06	2.724866e-06	3.287237e-06	3.927309e-06
	4.650627e-06	5.461284e-06	6.360930e-06	7.348635e-06	8.421573e-06
	9.574744e-06	1.079904e-05	1.208035e-05	1.340161e-05	1.474597e-05
	1.609730e-05	1.743979e-05	1.876098e-05	2.005505e-05	2.131713e-05
	2.252883e-05	2.365194e-05	2.464288e-05	2.547628e-05	2.615046e-05
	2.667667e-05	2.706898e-05	2.734036e-05	2.750273e-05	2.756920e-05
	2.755863e-05	2.750204e-05	2.744898e-05	2.746950e-05	2.764681e-05
	2.805886e-05	2.875388e-05	2.973008e-05	3.092946e-05	3.224897e-05
	3.356424e-05	3.475561e-05	3.572421e-05	3.639415e-05	3.670826e-05
	3.662983e-05	3.615242e-05	3.529984e-05	3.410912e-05	3.261720e-05
	3.086282e-05	2.889019e-05	2.674583e-05	2.447344e-05	2.211629e-05
	1.972975e-05	1.738583e-05	1.515536e-05	1.308399e-05	1.118696e-05
	9.463250e-06	7.910423e-06	6.529238e-06	5.319999e-06	4.278716e-06
	3.396553e-06	2.660468e-06	2.054604e-06	1.562492e-06	1.168526e-06
	8.580670e-07	6.173182e-07	4.336984e-07	2.961317e-07	1.950754e-07
	1.228467e-07	7.326879e-08	4.093965e-08	2.114791e-08	9.882362e-09
	4.048009e-09	1.418201e-09	4.190935e-10	1.035350e-10	2.176916e-11
	4.235664e-12	8.849680e-13	2.305040e-13	8.081201e-14	3.834307e-14
	2.425218e-14	1.928551e-14	1.698559e-14	1.489670e-14	1.252851e-14
	1.011243e-14	7.928084e-15	6.105357e-15	4.649780e-15	3.509265e-15
	2.620452e-15	1.929213e-15	1.394828e-15	9.871239e-16	6.823025e-16
	4.599837e-16	3.021491e-16	1.931917e-16	1.201105e-16	7.252558e-17
	4.248104e-17	2.410943e-17	1.324361e-17	7.034282e-18	3.608221e-18
	1.783274e-18	8.443774e-19	3.773010e-19	1.523478e-19	4.749970e-20
	1.000000e-60
massfraction-N-C3H7
	1.000000e-60	1.382956e-15	5.410497e-15	1.610165e-14	4.181641e-14
	9.825432e-14	2.121157e-13	4.246509e-13	7.944672e-13	1.398992e-12
	2.334426e-12	3.714335e-12	5.667319e-12	8.334212e-12	1.186524e-11
	1.641748e-11	2.215276e-11	2.923617e-11	3.783513e-11	4.811920e-11
	6.026045e-11	7.443474e-11	9.082329e-11	1.096135e-10	1.309922e-10
	1.551160e-10	1.820474e-10	2.116577e-10	2.434781e-10	2.764127e-10
	3.081223e-10	3.339874e-10	3.461500e-10	3.344093e-10	2.920293e-10
	2.262614e-10	1.598615e-10	1.105131e-10	7.811515e-11	5.669407e-11
	4.226385e-11	3.258808e-11	2.621266e-11	2.208298e-11	1.946076e-11
	1.788213e-11	1.707910e-11	1.690774e-11	1.730445e-11	1.826533e-11
	1.984145e-11	2.214706e-11	2.538078e-11	2.986170e-11	3.608102e-11
	4.476081e-11	5.689432e-11	7.372472e-11	9.661443e-11	1.267943e-10
	1.650790e-10	2.117107e-10	2.663790e-10	3.282629e-10	3.958768e-10
	4.667579e-10	5.376097e-10	6.051715e-10	6.669141e-10	7.208850e-10
	7.653104e-10	7.986023e-10	8.195579e-10	8.274086e-10	8.217569e-10
	8.027311e-10	7.714210e-10	7.299694e-10	6.809492e-10	6.266255e-10
	5.687909e-10	5.090484e-10	4.490446e-10	3.904085e-10	3.345650e-10
	2.826257e-10	2.353304e-10	1.930506e-10	1.558905e-10	1.237890e-10
	9.654583e-11	7.382358e-11	5.519336e-11	4.018369e-11	2.831004e-11
	1.914713e-11	1.233014e-11	7.487787e-12	4.237982e-12	2.193622e-12
	1.010713e-12	4.062452e-13	1.411341e-13	4.233856e-14	1.129959e-14
	2.954465e-15	8.872679e-16	3.593074e-16	2.159768e-16	1.986180e-16
	2.794918e-16	5.739154e-16	1.398203e-15	2.246634e-15	2.215661e-15
	1.800506e-15	1.373445e-15	1.027850e-15	7.644126e-16	5.658146e-16
	4.156509e-16	3.017041e-16	2.154444e-16	1.508321e-16	1.032950e-16
	6.909977e-17	4.510141e-17	2.868907e-17	1.776208e-17	1.068833e-17
	6.242282e-18	3.533514e-18	1.936329e-18	1.026088e-18	5.251293e-19
	2.589444e-19	1.223357e-19	5.454599e-20	2.198002e-20	6.840644e-21
	1.000000e-60
massfraction-I-C3H7
	1.000000e-60	1.000010e-60	1.000052e-60	1.000126e-60	1.000239e-60
	1.000385e-60	1.000537e-60	1.000624e-60	1.000528e-60	1.000072e-60
	9.990206e-61	9.970851e-61	9.939333e-61	9.892004e-61	9.825014e-61
	9.734435e-61	9.616373e-61	9.467075e-61	9.283019e-61	9.061001e-61
	8.798216e-61	8.492329e-61	8.141546e-61	7.744710e-61	7.301513e-61
	6.813061e-61	6.282704e-61	5.716595e-61	5.123414e-61	4.513418e-61
	3.897942e-61	3.289512e-61	2.701060e-61	2.143959e-61	1.626922e-61
	1.157791e-61	7.474864e-62	4.131652e-62	1.765004e-62	4.929647e-63
	7.322865e-64	5.094729e-65	1.964483e-66	2.695519e-67	1.734723e-67
	1.289746e-67	1.003123e-67	8.114200e-68	6.797999e-68	5.876191e-68
	5.221671e-68	4.753733e-68	4.419962e-68	4.185788e-68	4.028228e-68
	3.931803e-68	3.885114e-68	3.877390e-68	3.895758e-68	3.924637e-68
	3.947642e-68	3.950516e-68	3.923031e-68	3.859192e-68	3.756821e-68
	3.617698e-68	3.447467e-68	3.253625e-68	3.042851e-68	2.820343e-68
	2.590807e-68	2.358875e-68	2.128629e-68	1.903207e-68	1.685234e-68
	1.477936e-68	1.285295e-68	1.110556e-68	9.547432e-69	8.167877e-69
	6.948233e-69	5.872472e-69	4.929559e-69	4.110499e-69	3.405673e-69
	2.804419e-69	2.295239e-69	1.866350e-69	1.506737e-69	1.206790e-69
	9.580982e-70	7.530753e-70	5.849908e-70	4.480455e-70	3.373344e-70
	2.493429e-70	1.820742e-70	1.348958e-70	1.098338e-70	1.159828e-70
	1.857536e-70	4.330424e-70	1.297444e-69	4.783426e-69	2.192185e-68
	1.244296e-67	8.350003e-67	6.247808e-66	5.158321e-65	4.719680e-64
	3.324512e-63	1.007129e-62	1.527485e-62	1.771740e-62	1.901119e-62
	2.053496e-62	2.328005e-62	2.795314e-62	3.503570e-62	4.485952e-62
	5.768729e-62	7.374546e-62	9.318942e-62	1.160370e-61	1.421320e-61
	1.711881e-61	2.028870e-61	2.369704e-61	2.733046e-61	3.119124e-61
	3.529774e-61	3.968290e-61	4.439154e-61	4.947686e-61	5.499658e-61
	6.100910e-61	6.757012e-61	7.473016e-61	8.252819e-61	9.096107e-61
	1.000000e-60
massfraction-C3H8
	1.000000e-60	1.000015e-60	1.000070e-60	1.000174e-60	1.000354e-60
	1.000639e-60	1.001053e-60	1.001608e-60	1.002294e-60	1.003074e-60
	1.003878e-60	1.004610e-60	1.005141e-60	1.005323e-60	1.004986e-60
	1.003946e-60	1.002009e-60	9.989757e-61	9.946405e-61	9.887968e-61
	9.812362e-61	9.717481e-61	9.601191e-61	9.461304e-61	9.295598e-61
	9.101973e-61	8.878775e-61	8.625128e-61	8.341015e-61	8.027083e-61
	7.684701e-61	7.316481e-61	6.926536e-61	6.519811e-61	6.101079e-61
	5.674707e-61	5.244761e-61	4.813982e-61	4.382516e-61	3.949506e-61
	3.517696e-61	3.096928e-61	2.700623e-61	2.338460e-61	2.013446e-61
	1.724346e-61	1.468595e-61	1.243504e-61	1.046485e-61	8.750515e-62
	7.267862e-62	5.993917e-62	4.907628e-62	3.989914e-62	3.223030e-62
	2.589888e-62	2.073678e-62	1.657758e-62	1.325931e-62	1.063009e-62
	8.552887e-63	6.908471e-63	5.597866e-63	4.543789e-63	3.690030e-63
	2.997994e-63	2.439326e-63	1.988993e-63	1.623933e-63	1.325331e-63
	1.079588e-63	8.768947e-64	7.095642e-64	5.712573e-64	4.569596e-64
	3.630980e-64	2.870614e-64	2.263693e-64	1.783096e-64	1.402151e-64
	1.098696e-64	8.563778e-65	6.634096e-65	5.107005e-65	3.907167e-65
	2.971014e-65	2.244971e-65	1.684492e-65	1.253731e-65	9.245535e-66
	6.747447e-66	4.865215e-66	3.457676e-66	2.414281e-66	1.649058e-66
	1.098731e-66	7.175992e-67	4.711150e-67	3.361133e-67	3.064261e-67
	4.150331e-67	7.971165e-67	1.905155e-66	5.367503e-66	1.771559e-65
	6.706517e-65	2.737932e-64	1.112226e-63	4.202377e-63	1.396835e-62
	3.868790e-62	8.662307e-62	1.589550e-61	2.487637e-61	3.459588e-61
	4.417159e-61	5.301816e-61	6.084758e-61	6.760282e-61	7.336537e-61
	7.826843e-61	8.243917e-61	8.597527e-61	8.894671e-61	9.140876e-61
	9.341477e-61	9.502149e-61	9.628752e-61	9.726995e-61	9.802140e-61
	9.858827e-61	9.901009e-61	9.931959e-61	9.954332e-61	9.970239e-61
	9.981334e-61	9.988897e-61	9.993902e-61	9.997084e-61	9.998982e-61
	1.000000e-60
V [kg/(s*m^2)]
	3.736218e-01	3.527489e-01	3.323921e-01	3.130906e-01	2.951669e-01
	2.786696e-01	2.635338e-01	2.496614e-01	2.369340e-01	2.252257e-01
	2.144117e-01	2.043742e-01	1.950053e-01	1.862082e-01	1.778969e-01
	1.699955e-01	1.624366e-01	1.551606e-01	1.481135e-01	1.412468e-01
	1.345149e-01	1.278751e-01	1.212853e-01	1.147040e-01	1.080899e-01
	1.014064e-01	9.462642e-02	8.773452e-02	8.072124e-02	7.357547e-02
	6.628550e-02	5.884994e-02	5.128164e-02	4.359610e-02	3.579742e-02
	2.787879e-02	1.982764e-02	1.160741e-02	3.129518e-03	-5.726507e-03
	-1.502033e-02	-2.465519e-02	-3.440311e-02	-4.404430e-02	-5.345965e-02
	-6.260974e-02	-7.148112e-02	-8.005998e-02	-8.832766e-02	-9.626282e-02
	-1.038447e-01	-1.110533e-01	-1.178659e-01	-1.242557e-01	-1.301947e-01
	-1.356581e-01	-1.406299e-01	-1.451081e-01	-1.491080e-01	-1.526611e-01
	-1.558126e-01	-1.586179e-01	-1.611372e-01	-1.634269e-01	-1.655305e-01
	-1.674729e-01	-1.692662e-01	-1.709246e-01	-1.724714e-01	-1.739325e-01
	-1.753272e-01	-1.766686e-01	-1.779675e-01	-1.792352e-01	-1.804818e-01
	-1.817101e-01	-1.829135e-01	-1.840820e-01	-1.852126e-01	-1.863118e-01
	-1.873906e-01	-1.884588e-01	-1.895211e-01	-1.905791e-01	-1.916334e-01
	-1.926846e-01	-1.937344e-01	-1.947866e-01	-1.958458e-01	-1.969168e-01
	-1.980045e-01	-1.991153e-01	-2.002586e-01	-2.014476e-01	-2.027018e-01
	-2.040447e-01	-2.054984e-01	-2.070888e-01	-2.088482e-01	-2.108334e-01
	-2.131353e-01	-2.158417e-01	-2.190389e-01	-2.228582e-01	-2.274641e-01
	-2.329507e-01	-2.392544e-01	-2.462365e-01	-2.538348e-01	-2.620285e-01
	-2.706760e-01	-2.795200e-01	-2.883375e-01	-2.970150e-01	-3.055248e-01
	-3.138756e-01	-3.220773e-01	-3.301399e-01	-3.380972e-01	-3.460244e-01
	-3.540323e-01	-3.622446e-01	-3.707721e-01	-3.796951e-01	-3.890596e-01
	-3.988892e-01	-4.092002e-01	-4.200095e-01	-4.313368e-01	-4.432037e-01
	-4.556300e-01	-4.686302e-01	-4.822096e-01	-4.963606e-01	-5.110614e-01
	-5.262756e-01	-5.419530e-01	-5.580340e-01	-5.744424e-01	-5.910353e-01
	-6.076573e-01
density [kg/m^3]
	6.431859e-01	6.430074e-01	6.426918e-01	6.421528e-01	6.412756e-01
	6.399183e-01	6.379221e-01	6.351294e-01	6.314007e-01	6.266291e-01
	6.207487e-01	6.137367e-01	6.056114e-01	5.964261e-01	5.862610e-01
	5.752154e-01	5.633991e-01	5.509262e-01	5.379091e-01	5.244541e-01
	5.106587e-01	4.966089e-01	4.823779e-01	4.680263e-01	4.536054e-01
	4.391685e-01	4.247840e-01	4.105372e-01	3.965162e-01	3.827939e-01
	3.694298e-01	3.564880e-01	3.440393e-01	3.321367e-01	3.207969e-01
	3.100078e-01	2.997415e-01	2.899377e-01	2.804832e-01	2.712482e-01
	2.621879e-01	2.533979e-01	2.450692e-01	2.373481e-01	2.302684e-01
	2.237955e-01	2.178803e-01	2.124799e-01	2.075595e-01	2.030896e-01
	1.990433e-01	1.953963e-01	1.921273e-01	1.892188e-01	1.866546e-01
	1.844175e-01	1.824875e-01	1.808404e-01	1.794474e-01	1.782769e-01
	1.772960e-01	1.764727e-01	1.757773e-01	1.751855e-01	1.746791e-01
	1.742472e-01	1.738826e-01	1.735780e-01	1.733256e-01	1.731187e-01
	1.729532e-01	1.728270e-01	1.727391e-01	1.726895e-01	1.726795e-01
	1.727113e-01	1.727868e-01	1.729063e-01	1.730692e-01	1.732761e-01
	1.735292e-01	1.738323e-01	1.741888e-01	1.746015e-01	1.750728e-01
	1.756047e-01	1.761996e-01	1.768611e-01	1.775936e-01	1.784023e-01
	1.792928e-01	1.802726e-01	1.813530e-01	1.825503e-01	1.838903e-01
	1.854068e-01	1.871360e-01	1.891225e-01	1.914242e-01	1.941393e-01
	1.974300e-01	2.014804e-01	2.065088e-01	2.128661e-01	2.210768e-01
	2.317223e-01	2.452778e-01	2.621970e-01	2.832263e-01	3.093742e-01
	3.412868e-01	3.788083e-01	4.212051e-01	4.675034e-01	5.166590e-01
	5.675946e-01	6.191843e-01	6.703561e-01	7.203099e-01	7.686319e-01
	8.151967e-01	8.599363e-01	9.026346e-01	9.428553e-01	9.800152e-01
	1.013552e+00	1.043068e+00	1.068384e+00	1.089547e+00	1.106783e+00
	1.120459e+00	1.131026e+00	1.138973e+00	1.144788e+00	1.148929e+00
	1.151799e+00	1.153738e+00	1.155016e+00	1.155839e+00	1.156358e+00
	1.156679e+00
cp [J/m^3K]
	2.197908e+03	2.198260e+03	2.198845e+03	2.199794e+03	2.201280e+03
	2.203515e+03	2.206737e+03	2.211180e+03	2.217055e+03	2.224523e+03
	2.233684e+03	2.244574e+03	2.257167e+03	2.271378e+03	2.287077e+03
	2.304096e+03	2.322240e+03	2.341296e+03	2.361041e+03	2.381249e+03
	2.401697e+03	2.422167e+03	2.442449e+03	2.462343e+03	2.481655e+03
	2.500176e+03	2.517674e+03	2.533892e+03	2.548573e+03	2.561471e+03
	2.572338e+03	2.580893e+03	2.586813e+03	2.589736e+03	2.589242e+03
	2.584806e+03	2.575763e+03	2.561230e+03	2.539913e+03	2.509918e+03
	2.468813e+03	2.416860e+03	2.360830e+03	2.302992e+03	2.244790e+03
	2.187133e+03	2.130658e+03	2.075891e+03	2.023283e+03	1.973206e+03
	1.925944e+03	1.881697e+03	1.840619e+03	1.802830e+03	1.768416e+03
	1.737407e+03	1.709761e+03	1.685350e+03	1.663960e+03	1.645304e+03
	1.629046e+03	1.614818e+03	1.602254e+03	1.591026e+03	1.580885e+03
	1.571683e+03	1.563337e+03	1.555757e+03	1.548815e+03	1.542377e+03
	1.536345e+03	1.530652e+03	1.525243e+03	1.520064e+03	1.515068e+03
	1.510238e+03	1.505595e+03	1.501169e+03	1.496960e+03	1.492935e+03
	1.489045e+03	1.485248e+03	1.481522e+03	1.477856e+03	1.474243e+03
	1.470676e+03	1.467143e+03	1.463628e+03	1.460109e+03	1.456568e+03
	1.452984e+03	1.449331e+03	1.445577e+03	1.441672e+03	1.437550e+03
	1.433129e+03	1.428331e+03	1.423064e+03	1.417213e+03	1.410580e+03
	1.402849e+03	1.393708e+03	1.382852e+03	1.369816e+03	1.354024e+03
	1.335148e+03	1.313437e+03	1.289446e+03	1.263542e+03	1.236059e+03
	1.207850e+03	1.177094e+03	1.146459e+03	1.119619e+03	1.097675e+03
	1.080329e+03	1.066796e+03	1.056232e+03	1.047900e+03	1.041206e+03
	1.035714e+03	1.031119e+03	1.027227e+03	1.023914e+03	1.021103e+03
	1.018739e+03	1.016771e+03	1.015154e+03	1.013842e+03	1.012795e+03
	1.011971e+03	1.011334e+03	1.010849e+03	1.010487e+03	1.010220e+03
	1.010027e+03	1.009888e+03	1.009789e+03	1.009719e+03	1.009669e+03
	1.009633e+03
lambda [W/m]
	3.231541e-02	3.233204e-02	3.235957e-02	3.240423e-02	3.247422e-02
	3.257984e-02	3.273299e-02	3.294611e-02	3.323122e-02	3.359922e-02
	3.405939e-02	3.461929e-02	3.528481e-02	3.606048e-02	3.694970e-02
	3.795518e-02	3.907918e-02	4.032390e-02	4.169170e-02	4.318547e-02
	4.480887e-02	4.656665e-02	4.846511e-02	5.051235e-02	5.271823e-02
	5.509279e-02	5.764358e-02	6.037388e-02	6.328351e-02	6.637140e-02
	6.963479e-02	7.306350e-02	7.663664e-02	8.032660e-02	8.410517e-02
	8.794263e-02	9.180393e-02	9.565517e-02	9.947112e-02	1.032144e-01
	1.067826e-01	1.100644e-01	1.131241e-01	1.158936e-01	1.183454e-01
	1.204863e-01	1.223355e-01	1.239147e-01	1.252463e-01	1.263535e-01
	1.272599e-01	1.279883e-01	1.285606e-01	1.289970e-01	1.293162e-01
	1.295364e-01	1.296743e-01	1.297460e-01	1.297656e-01	1.297459e-01
	1.296969e-01	1.296264e-01	1.295397e-01	1.294399e-01	1.293288e-01
	1.292080e-01	1.290792e-01	1.289435e-01	1.288009e-01	1.286502e-01
	1.284900e-01	1.283191e-01	1.281359e-01	1.279382e-01	1.277236e-01
	1.274902e-01	1.272381e-01	1.269688e-01	1.266830e-01	1.263794e-01
	1.260546e-01	1.257053e-01	1.253287e-01	1.249233e-01	1.244881e-01
	1.240221e-01	1.235244e-01	1.229930e-01	1.224254e-01	1.218190e-01
	1.211711e-01	1.204779e-01	1.197335e-01	1.189294e-01	1.180517e-01
	1.170833e-01	1.160074e-01	1.148043e-01	1.134501e-01	1.119023e-01
	1.100924e-01	1.079556e-01	1.054316e-01	1.024278e-01	9.882872e-02
	9.457984e-02	8.975520e-02	8.449433e-02	7.889313e-02	7.304265e-02
	6.714860e-02	6.137495e-02	5.602390e-02	5.131218e-02	4.726957e-02
	4.383961e-02	4.094282e-02	3.849906e-02	3.643086e-02	3.466628e-02
	3.314423e-02	3.181887e-02	3.066017e-02	2.965056e-02	2.877967e-02
	2.803913e-02	2.741959e-02	2.691012e-02	2.649856e-02	2.617222e-02
	2.591846e-02	2.572515e-02	2.558104e-02	2.547596e-02	2.540103e-02
	2.534875e-02	2.531300e-02	2.528897e-02	2.527305e-02	2.526262e-02
	2.525581e-02
mu [kg/s^2m]
	1.146011e-05	1.146233e-05	1.146682e-05	1.147528e-05	1.148999e-05
	1.151385e-05	1.155020e-05	1.160252e-05	1.167421e-05	1.176833e-05
	1.188749e-05	1.203379e-05	1.220891e-05	1.241414e-05	1.265048e-05
	1.291877e-05	1.321978e-05	1.355432e-05	1.392333e-05	1.432795e-05
	1.476967e-05	1.525035e-05	1.577242e-05	1.633897e-05	1.695374e-05
	1.762072e-05	1.834343e-05	1.912444e-05	1.996555e-05	2.086862e-05
	2.183545e-05	2.286626e-05	2.395884e-05	2.510991e-05	2.631739e-05
	2.758067e-05	2.890007e-05	3.028015e-05	3.173498e-05	3.328552e-05
	3.494344e-05	3.669229e-05	3.848837e-05	4.028552e-05	4.205480e-05
	4.378227e-05	4.545950e-05	4.707875e-05	4.863207e-05	5.011180e-05
	5.151121e-05	5.282455e-05	5.404644e-05	5.517177e-05	5.619616e-05
	5.711690e-05	5.793374e-05	5.864962e-05	5.927068e-05	5.980579e-05
	6.026558e-05	6.066166e-05	6.100543e-05	6.130692e-05	6.157365e-05
	6.181016e-05	6.201919e-05	6.220358e-05	6.236694e-05	6.251271e-05
	6.264325e-05	6.275999e-05	6.286387e-05	6.295564e-05	6.303563e-05
	6.310349e-05	6.315836e-05	6.319961e-05	6.322725e-05	6.324162e-05
	6.324287e-05	6.323077e-05	6.320482e-05	6.316451e-05	6.310943e-05
	6.303927e-05	6.295373e-05	6.285237e-05	6.273462e-05	6.259979e-05
	6.244716e-05	6.227566e-05	6.208364e-05	6.186854e-05	6.162614e-05
	6.135097e-05	6.103727e-05	6.067816e-05	6.026504e-05	5.978294e-05
	5.920743e-05	5.851331e-05	5.767425e-05	5.664935e-05	5.538344e-05
	5.383418e-05	5.200043e-05	4.990762e-05	4.757004e-05	4.500612e-05
	4.229575e-05	3.957442e-05	3.696804e-05	3.455708e-05	3.237861e-05
	3.044142e-05	2.873947e-05	2.725733e-05	2.597116e-05	2.485204e-05
	2.387167e-05	2.300744e-05	2.224441e-05	2.157434e-05	2.099278e-05
	2.049599e-05	2.007902e-05	1.973545e-05	1.945773e-05	1.923765e-05
	1.906686e-05	1.893722e-05	1.884111e-05	1.877158e-05	1.872256e-05
	1.868888e-05	1.866633e-05	1.865162e-05	1.864225e-05	1.863644e-05
	1.863292e-05
mDot_CH4 [kg/m^3s]
	0.000000e+00	1.879449e-14	1.704482e-13	6.904777e-13	2.053780e-12
	5.115660e-12	1.130910e-11	2.293756e-11	4.367439e-11	7.944926e-11
	1.400327e-10	2.418709e-10	4.132087e-10	7.034697e-10	1.200691e-09
	2.064349e-09	3.587817e-09	6.318169e-09	1.128718e-08	2.045810e-08
	3.759064e-08	6.991421e-08	1.313553e-07	2.487252e-07	4.734066e-07
	9.026101e-07	1.715570e-06	3.229535e-06	5.975240e-06	1.077515e-05
	1.875753e-05	3.113340e-05	4.845746e-05	6.910243e-05	8.677934e-05
	8.699820e-05	4.240624e-05	-9.403551e-05	-4.031338e-04	-1.030252e-03
	-2.239746e-03	-4.482498e-03	-8.446649e-03	-1.509307e-02	-2.575557e-02
	-4.238275e-02	-6.792794e-02	-1.068973e-01	-1.661442e-01	-2.560773e-01
	-3.925109e-01	-5.994511e-01	-9.132833e-01	-1.389194e+00	-2.110775e+00
	-3.201905e+00	-4.834023e+00	-7.214475e+00	-1.054377e+01	-1.495086e+01
	-2.044264e+01	-2.690335e+01	-3.413670e+01	-4.190747e+01	-4.994779e+01
	-5.794091e+01	-6.555140e+01	-7.251189e+01	-7.866817e+01	-8.393802e+01
	-8.825873e+01	-9.157979e+01	-9.387401e+01	-9.513655e+01	-9.537466e+01
	-9.461243e+01	-9.291937e+01	-9.042282e+01	-8.727416e+01	-8.360249e+01
	-7.950189e+01	-7.505098e+01	-7.033338e+01	-6.543984e+01	-6.045910e+01
	-5.547154e+01	-5.054356e+01	-4.572414e+01	-4.104996e+01	-3.655326e+01
	-3.226225e+01	-2.819643e+01	-2.436657e+01	-2.077634e+01	-1.742141e+01
	-1.430603e+01	-1.145440e+01	-8.895909e+00	-6.658988e+00	-4.754315e+00
	-3.186053e+00	-1.975059e+00	-1.119701e+00	-5.727431e-01	-2.619058e-01
	-1.086264e-01	-4.267779e-02	-1.660489e-02	-6.483769e-03	-2.505448e-03
	-9.517700e-04	-3.618672e-04	-1.404759e-04	-5.606172e-05	-2.312695e-05
	-9.978817e-06	-4.553108e-06	-2.200742e-06	-1.118423e-06	-5.904862e-07
	-3.198270e-07	-1.757825e-07	-9.725156e-08	-5.389760e-08	-2.985440e-08
	-1.650903e-08	-9.101582e-09	-4.991361e-09	-2.713833e-09	-1.456547e-09
	-7.677055e-10	-3.950387e-10	-1.971492e-10	-9.469831e-11	-4.336139e-11
	-1.866815e-11	-7.386204e-12	-2.569354e-12	-7.087268e-13	-1.110803e-13
	0.000000e+00
ScalarDissRate [1/s]
	6.869969e-05	1.667979e-04	6.950320e-04	2.579120e-03	8.439834e-03
	2.446370e-02	6.336707e-02	1.481225e-01	3.157667e-01	6.203861e-01
	1.134606e+00	1.949328e+00	3.171915e+00	4.923256e+00	7.334197e+00
	1.054173e+01	1.468522e+01	1.990267e+01	2.632721e+01	3.408353e+01
	4.328443e+01	5.402723e+01	6.638995e+01	8.042619e+01	9.615519e+01
	1.135386e+02	1.324462e+02	1.526289e+02	1.737191e+02	1.952533e+02
	2.166784e+02	2.373413e+02	2.565182e+02	2.735017e+02	2.876789e+02
	2.985504e+02	3.057319e+02	3.089621e+02	3.080482e+02	3.027932e+02
	2.931266e+02	2.794097e+02	2.625356e+02	2.437438e+02	2.241002e+02
	2.043920e+02	1.851852e+02	1.668886e+02	1.497860e+02	1.340539e+02
	1.197775e+02	1.069722e+02	9.560812e+01	8.562665e+01	7.694842e+01
	6.947687e+01	6.310152e+01	5.770091e+01	5.314710e+01	4.931225e+01
	4.607391e+01	4.331828e+01	4.094419e+01	3.886796e+01	3.702780e+01
	3.538505e+01	3.391574e+01	3.259682e+01	3.140070e+01	3.030078e+01
	2.927747e+01	2.831748e+01	2.741020e+01	2.654553e+01	2.571498e+01
	2.491535e+01	2.414970e+01	2.342263e+01	2.273432e+01	2.207925e+01
	2.144954e+01	2.083888e+01	2.024399e+01	1.966365e+01	1.909726e+01
	1.854422e+01	1.800341e+01	1.747287e+01	1.695023e+01	1.643341e+01
	1.592046e+01	1.540888e+01	1.489525e+01	1.437500e+01	1.384141e+01
	1.328738e+01	1.270754e+01	1.209662e+01	1.144890e+01	1.075288e+01
	9.990777e+00	9.154020e+00	8.243827e+00	7.260525e+00	6.212237e+00
	5.138056e+00	4.107410e+00	3.182153e+00	2.390304e+00	1.739338e+00
	1.230729e+00	8.553290e-01	5.897025e-01	4.060049e-01	2.800205e-01
	1.936536e-01	1.343350e-01	9.347335e-02	6.516317e-02	4.537020e-02
	3.139535e-02	2.146877e-02	1.442982e-02	9.492344e-03	6.093545e-03
	3.809364e-03	2.314836e-03	1.364671e-03	7.788276e-04	4.292983e-04
	2.280240e-04	1.164622e-04	5.709768e-05	2.683912e-05	1.208986e-05
	5.220253e-06	2.162803e-06	8.611747e-07	3.302898e-07	1.227466e-07
	6.975491e-08
ZBilger
	1.000000e+00	9.999497e-01	9.998366e-01	9.996106e-01	9.992023e-01
	9.985235e-01	9.974710e-01	9.959346e-01	9.938055e-01	9.909828e-01
	9.873773e-01	9.829143e-01	9.775326e-01	9.711835e-01	9.638284e-01
	9.554370e-01	9.459843e-01	9.354487e-01	9.238099e-01	9.110471e-01
	8.971369e-01	8.820511e-01	8.657546e-01	8.482033e-01	8.293468e-01
	8.091430e-01	7.875818e-01	7.647006e-01	7.405744e-01	7.152910e-01
	6.889517e-01	6.617099e-01	6.337831e-01	6.054056e-01	5.767688e-01
	5.480183e-01	5.192718e-01	4.905570e-01	4.617301e-01	4.325738e-01
	4.031034e-01	3.738282e-01	3.455642e-01	3.189617e-01	2.942773e-01
	2.715012e-01	2.505405e-01	2.312983e-01	2.136862e-01	1.976196e-01
	1.830129e-01	1.697812e-01	1.578469e-01	1.471430e-01	1.376079e-01
	1.291790e-01	1.217867e-01	1.153501e-01	1.097751e-01	1.049585e-01
	1.007922e-01	9.716702e-02	9.397871e-02	9.113688e-02	8.857374e-02
	8.624868e-02	8.413873e-02	8.221979e-02	8.045879e-02	7.882192e-02
	7.728405e-02	7.582835e-02	7.444123e-02	7.310923e-02	7.182084e-02
	7.057250e-02	6.937029e-02	6.822271e-02	6.713119e-02	6.608786e-02
	6.508081e-02	6.410033e-02	6.314141e-02	6.220224e-02	6.128185e-02
	6.037914e-02	5.949206e-02	5.861701e-02	5.774954e-02	5.688540e-02
	5.602040e-02	5.514907e-02	5.426402e-02	5.335526e-02	5.240818e-02
	5.140611e-02	5.033391e-02	4.917450e-02	4.790724e-02	4.649573e-02
	4.488295e-02	4.302023e-02	4.086883e-02	3.837332e-02	3.547870e-02
	3.220431e-02	2.868674e-02	2.510505e-02	2.158620e-02	1.822700e-02
	1.514976e-02	1.246238e-02	1.020008e-02	8.333703e-03	6.806708e-03
	5.560705e-03	4.545363e-03	3.718353e-03	3.042780e-03	2.486722e-03
	2.024284e-03	1.636281e-03	1.309635e-03	1.035718e-03	8.084023e-04
	6.224580e-04	4.727735e-04	3.542623e-04	2.619980e-04	1.913739e-04
	1.382174e-04	9.885112e-05	7.011797e-05	4.938095e-05	3.450466e-05
	2.381898e-05	1.606659e-05	1.033789e-05	6.002552e-06	2.647786e-06
	0.000000e+00
ScalarDissRateBilger [1/s]
	5.334869e-05	1.473230e-04	6.992986e-04	2.805545e-03	9.648974e-03
	2.893149e-02	7.679227e-02	1.828350e-01	3.953198e-01	7.851554e-01
	1.447522e+00	2.500526e+00	4.081019e+00	6.338217e+00	9.426020e+00
	1.349489e+01	1.868403e+01	2.511425e+01	3.288189e+01	4.205377e+01
	5.266332e+01	6.470770e+01	7.814564e+01	9.289500e+01	1.088265e+02
	1.257472e+02	1.433781e+02	1.613472e+02	1.792107e+02	1.964909e+02
	2.126962e+02	2.273259e+02	2.399060e+02	2.500531e+02	2.575130e+02
	2.621512e+02	2.639327e+02	2.629018e+02	2.591062e+02	2.526229e+02
	2.435727e+02	2.322376e+02	2.191778e+02	2.051475e+02	1.907736e+02
	1.764865e+02	1.625825e+02	1.492765e+02	1.367234e+02	1.250280e+02
	1.142506e+02	1.044165e+02	9.552895e+01	8.757620e+01	8.053324e+01
	7.436023e+01	6.900130e+01	6.438396e+01	6.042158e+01	5.701950e+01
	5.408151e+01	5.151483e+01	4.923491e+01	4.717084e+01	4.527060e+01
	4.350444e+01	4.185830e+01	4.031933e+01	3.886808e+01	3.748358e+01
	3.615082e+01	3.486099e+01	3.360745e+01	3.238307e+01	3.118190e+01
	3.000502e+01	2.886259e+01	2.776704e+01	2.672385e+01	2.572916e+01
	2.477491e+01	2.385516e+01	2.296849e+01	2.211654e+01	2.130177e+01
	2.052642e+01	1.979173e+01	1.909758e+01	1.844309e+01	1.782753e+01
	1.724999e+01	1.670849e+01	1.619973e+01	1.571898e+01	1.525940e+01
	1.481354e+01	1.437427e+01	1.393232e+01	1.347506e+01	1.298197e+01
	1.242292e+01	1.176811e+01	1.099113e+01	1.006465e+01	8.971268e+00
	7.734093e+00	6.430148e+00	5.153574e+00	3.974658e+00	2.944594e+00
	2.105399e+00	1.470512e+00	1.013975e+00	6.941233e-01	4.729761e-01
	3.213134e-01	2.179530e-01	1.477871e-01	1.001333e-01	6.760723e-02
	4.526478e-02	2.987521e-02	1.932837e-02	1.220360e-02	7.497649e-03
	4.474219e-03	2.589895e-03	1.452589e-03	7.887840e-04	4.146386e-04
	2.112262e-04	1.045958e-04	5.064317e-05	2.420509e-05	1.157645e-05
	5.635441e-06	2.843706e-06	1.510671e-06	8.522519e-07	5.112565e-07
	3.970403e-07
ChiAnalytOverChiStoich
	1.000000e-10	1.000000e-10	1.000000e-10	1.000000e-10	1.000000e-10
	1.000000e-10	2.713482e-03	1.384961e-02	3.149384e-02	5.873587e-02
	9.967103e-02	1.594216e-01	2.440258e-01	3.601945e-01	5.149629e-01
	7.152778e-01	9.675682e-01	1.277343e+00	1.648849e+00	2.084823e+00
	2.586336e+00	3.152750e+00	3.781746e+00	4.469380e+00	5.209966e+00
	5.995437e+00	6.814421e+00	7.651874e+00	8.489897e+00	9.309163e+00
	1.008933e+01	1.080865e+01	1.144517e+01	1.197952e+01	1.239703e+01
	1.268768e+01	1.284559e+01	1.286871e+01	1.275624e+01	1.250583e+01
	1.211662e+01	1.159992e+01	1.098461e+01	1.030783e+01	9.601682e+00
	8.889256e+00	8.187215e+00	7.508188e+00	6.861767e+00	6.254892e+00
	5.692068e+00	5.175810e+00	4.707249e+00	4.286540e+00	3.912947e+00
	3.584822e+00	3.299604e+00	3.053861e+00	2.843445e+00	2.663796e+00
	2.510228e+00	2.378135e+00	2.263248e+00	2.161938e+00	2.071504e+00
	1.990286e+00	1.917288e+00	1.851507e+00	1.791671e+00	1.736524e+00
	1.685141e+00	1.636896e+00	1.591291e+00	1.547842e+00	1.506146e+00
	1.466063e+00	1.427763e+00	1.391485e+00	1.357241e+00	1.324750e+00
	1.293619e+00	1.263529e+00	1.234315e+00	1.205911e+00	1.178278e+00
	1.151374e+00	1.125131e+00	1.099435e+00	1.074153e+00	1.049160e+00
	1.024336e+00	9.995296e-01	9.745412e-01	9.491045e-01	9.228376e-01
	8.953191e-01	8.661911e-01	8.350686e-01	8.015050e-01	7.646901e-01
	7.233772e-01	6.766852e-01	6.241623e-01	5.651904e-01	4.995158e-01
	4.289156e-01	3.576520e-01	2.902182e-01	2.292722e-01	1.762475e-01
	1.323049e-01	9.770912e-02	7.142016e-02	5.174425e-02	3.703447e-02
	2.597676e-02	1.760496e-02	1.121586e-02	6.286307e-03	2.426033e-03
	1.000000e-10	1.000000e-10	1.000000e-10	1.000000e-10	1.000000e-10
	1.000000e-10	1.000000e-10	1.000000e-10	1.000000e-10	1.000000e-10
	1.000000e-10	1.000000e-10	1.000000e-10	1.000000e-10	1.000000e-10
	1.000000e-10	1.000000e-10	1.000000e-10	1.000000e-10	1.000000e-10
	1.000000e-10
ChiKWOverChiKWStoich
	7.233039e-11	7.233458e-11	7.234199e-11	7.235466e-11	7.237532e-11
	7.240736e-11	1.966045e-03	1.004392e-02	2.286797e-02	4.271672e-02
	7.263183e-02	1.164527e-01	1.787591e-01	2.647202e-01	3.798650e-01
	5.298014e-01	7.199145e-01	9.550745e-01	1.239378e+00	1.575945e+00
	1.966781e+00	2.412709e+00	2.913360e+00	3.467177e+00	4.071277e+00
	4.720872e+00	5.408396e+00	6.123020e+00	6.851139e+00	7.577429e+00
	8.285096e+00	8.955387e+00	9.568407e+00	1.010564e+01	1.055199e+01
	1.089604e+01	1.112977e+01	1.124859e+01	1.124967e+01	1.112898e+01
	1.088288e+01	1.051687e+01	1.005169e+01	9.517157e+00	8.941101e+00
	8.344911e+00	7.744881e+00	7.153951e+00	6.582453e+00	6.038359e+00
	5.527406e+00	5.053420e+00	4.618833e+00	4.225034e+00	3.872441e+00
	3.560459e+00	3.287478e+00	3.050894e+00	2.847267e+00	2.672617e+00
	2.522717e+00	2.393314e+00	2.280401e+00	2.180537e+00	2.091148e+00
	2.010661e+00	1.938140e+00	1.872635e+00	1.812912e+00	1.757746e+00
	1.706227e+00	1.657745e+00	1.611806e+00	1.567934e+00	1.525723e+00
	1.485036e+00	1.446050e+00	1.409013e+00	1.373946e+00	1.340572e+00
	1.308492e+00	1.277383e+00	1.247077e+00	1.217510e+00	1.188645e+00
	1.160444e+00	1.132839e+00	1.105721e+00	1.078953e+00	1.052412e+00
	1.025978e+00	9.994986e-01	9.727705e-01	9.455193e-01	9.173480e-01
	8.878194e-01	8.565690e-01	8.232107e-01	7.873020e-01	7.480265e-01
	7.041280e-01	6.547767e-01	5.996371e-01	5.382429e-01	4.705641e-01
	3.986974e-01	3.271994e-01	2.606649e-01	2.016664e-01	1.514405e-01
	1.108361e-01	7.973859e-02	5.679884e-02	4.015166e-02	2.808894e-02
	1.929665e-02	1.283585e-02	8.043248e-03	4.442813e-03	1.692679e-03
	6.898161e-11	6.828660e-11	6.767427e-11	6.713772e-11	6.667306e-11
	6.627692e-11	6.594501e-11	6.567190e-11	6.545133e-11	6.527663e-11
	6.514104e-11	6.503806e-11	6.496161e-11	6.490620e-11	6.486701e-11
	6.483998e-11	6.482179e-11	6.480982e-11	6.480212e-11	6.479727e-11
	6.479427e-11
ChiKWFact
	7.233039e-01	7.233458e-01	7.234199e-01	7.235466e-01	7.237532e-01
	7.240736e-01	7.245469e-01	7.252128e-01	7.261091e-01	7.272681e-01
	7.287155e-01	7.304697e-01	7.325417e-01	7.349368e-01	7.376551e-01
	7.406932e-01	7.440453e-01	7.477041e-01	7.516624e-01	7.559131e-01
	7.604506e-01	7.652713e-01	7.703745e-01	7.757624e-01	7.814402e-01
	7.874108e-01	7.936692e-01	8.001987e-01	8.069754e-01	8.139753e-01
	8.211744e-01	8.285387e-01	8.360215e-01	8.435759e-01	8.511706e-01
	8.587895e-01	8.664269e-01	8.741045e-01	8.818952e-01	8.899037e-01
	8.981774e-01	9.066336e-01	9.150707e-01	9.232938e-01	9.312015e-01
	9.387637e-01	9.459725e-01	9.528199e-01	9.592941e-01	9.653819e-01
	9.710717e-01	9.763534e-01	9.812169e-01	9.856514e-01	9.896482e-01
	9.932040e-01	9.963248e-01	9.990283e-01	1.001344e+00	1.003312e+00
	1.004975e+00	1.006383e+00	1.007579e+00	1.008603e+00	1.009483e+00
	1.010237e+00	1.010876e+00	1.011411e+00	1.011856e+00	1.012221e+00
	1.012513e+00	1.012737e+00	1.012892e+00	1.012980e+00	1.012998e+00
	1.012942e+00	1.012808e+00	1.012596e+00	1.012308e+00	1.011943e+00
	1.011497e+00	1.010964e+00	1.010340e+00	1.009619e+00	1.008799e+00
	1.007877e+00	1.006852e+00	1.005717e+00	1.004469e+00	1.003100e+00
	1.001603e+00	9.999690e-01	9.981830e-01	9.962226e-01	9.940515e-01
	9.916235e-01	9.888916e-01	9.858001e-01	9.822796e-01	9.782087e-01
	9.733898e-01	9.676238e-01	9.607070e-01	9.523214e-01	9.420404e-01
	9.295475e-01	9.148541e-01	8.981688e-01	8.795938e-01	8.592495e-01
	8.377324e-01	8.160813e-01	7.952773e-01	7.759636e-01	7.584540e-01
	7.428427e-01	7.291042e-01	7.171319e-01	7.067445e-01	6.977147e-01
	6.898161e-01	6.828660e-01	6.767427e-01	6.713772e-01	6.667306e-01
	6.627692e-01	6.594501e-01	6.567190e-01	6.545133e-01	6.527663e-01
	6.514104e-01	6.503806e-01	6.496161e-01	6.490620e-01	6.486701e-01
	6.483998e-01	6.482179e-01	6.480982e-01	6.480212e-01	6.479727e-01
	6.479427e-01
MolarMass [kg/kmole]
	1.604300e+01	1.604172e+01	1.604036e+01	1.603922e+01	1.603878e+01
	1.603967e+01	1.604263e+01	1.604846e+01	1.605798e+01	1.607195e+01
	1.609108e+01	1.611600e+01	1.614726e+01	1.618535e+01	1.623070e+01
	1.628373e+01	1.634481e+01	1.641436e+01	1.649280e+01	1.658059e+01
	1.667827e+01	1.678643e+01	1.690582e+01	1.703727e+01	1.718181e+01
	1.734045e+01	1.751410e+01	1.770333e+01	1.790848e+01	1.812980e+01
	1.836743e+01	1.862103e+01	1.888954e+01	1.917154e+01	1.946585e+01
	1.977155e+01	2.008787e+01	2.041493e+01	2.075487e+01	2.111095e+01
	2.148408e+01	2.186837e+01	2.225277e+01	2.262702e+01	2.298540e+01
	2.332579e+01	2.364741e+01	2.394974e+01	2.423235e+01	2.449494e+01
	2.473744e+01	2.495996e+01	2.516270e+01	2.534585e+01	2.550970e+01
	2.565474e+01	2.578177e+01	2.589197e+01	2.598689e+01	2.606835e+01
	2.613833e+01	2.619884e+01	2.625176e+01	2.629877e+01	2.634108e+01
	2.637949e+01	2.641443e+01	2.644637e+01	2.647588e+01	2.650357e+01
	2.652986e+01	2.655506e+01	2.657942e+01	2.660319e+01	2.662657e+01
	2.664963e+01	2.667228e+01	2.669432e+01	2.671571e+01	2.673655e+01
	2.675706e+01	2.677740e+01	2.679768e+01	2.681790e+01	2.683806e+01
	2.685818e+01	2.687827e+01	2.689840e+01	2.691866e+01	2.693913e+01
	2.695990e+01	2.698110e+01	2.700291e+01	2.702557e+01	2.704946e+01
	2.707502e+01	2.710266e+01	2.713283e+01	2.716611e+01	2.720346e+01
	2.724641e+01	2.729626e+01	2.735410e+01	2.742150e+01	2.750024e+01
	2.759044e+01	2.768933e+01	2.779294e+01	2.789844e+01	2.800341e+01
	2.810418e+01	2.819699e+01	2.827991e+01	2.835287e+01	2.841676e+01
	2.847268e+01	2.852160e+01	2.856437e+01	2.860184e+01	2.863489e+01
	2.866430e+01	2.869072e+01	2.871453e+01	2.873593e+01	2.875501e+01
	2.877180e+01	2.878639e+01	2.879888e+01	2.880943e+01	2.881823e+01
	2.882548e+01	2.883137e+01	2.883610e+01	2.883987e+01	2.884284e+01
	2.884516e+01	2.884698e+01	2.884840e+01	2.884951e+01	2.885038e+01
	2.885106e+01
TotalEnthalpy [J/kg]
	-4.664239e+06	-4.663934e+06	-4.663358e+06	-4.662318e+06	-4.660553e+06
	-4.657730e+06	-4.653458e+06	-4.647324e+06	-4.638914e+06	-4.627845e+06
	-4.613774e+06	-4.596402e+06	-4.575473e+06	-4.550764e+06	-4.522080e+06
	-4.489240e+06	-4.452069e+06	-4.410391e+06	-4.364019e+06	-4.312750e+06
	-4.256353e+06	-4.194563e+06	-4.127069e+06	-4.053504e+06	-3.973453e+06
	-3.886512e+06	-3.792397e+06	-3.691020e+06	-3.582465e+06	-3.466885e+06
	-3.344520e+06	-3.215884e+06	-3.081853e+06	-2.943457e+06	-2.801597e+06
	-2.657015e+06	-2.510370e+06	-2.361908e+06	-2.211006e+06	-2.056657e+06
	-1.899138e+06	-1.741547e+06	-1.588718e+06	-1.444634e+06	-1.311106e+06
	-1.188403e+06	-1.076245e+06	-9.742417e+05	-8.819727e+05	-7.989745e+05
	-7.247253e+05	-6.586687e+05	-6.002601e+05	-5.489879e+05	-5.043578e+05
	-4.658695e+05	-4.330006e+05	-4.051956e+05	-3.818697e+05	-3.624294e+05
	-3.462918e+05	-3.329012e+05	-3.217554e+05	-3.124373e+05	-3.046379e+05
	-2.981530e+05	-2.928329e+05	-2.885253e+05	-2.850675e+05	-2.823171e+05
	-2.801686e+05	-2.785432e+05	-2.773751e+05	-2.766065e+05	-2.761875e+05
	-2.760734e+05	-2.762149e+05	-2.765529e+05	-2.770263e+05	-2.775813e+05
	-2.781730e+05	-2.787596e+05	-2.792981e+05	-2.797445e+05	-2.800559e+05
	-2.801919e+05	-2.801156e+05	-2.797924e+05	-2.791887e+05	-2.782709e+05
	-2.770052e+05	-2.753551e+05	-2.732764e+05	-2.707105e+05	-2.675713e+05
	-2.637437e+05	-2.590968e+05	-2.534724e+05	-2.466758e+05	-2.383993e+05
	-2.281640e+05	-2.155019e+05	-2.000353e+05	-1.813684e+05	-1.593347e+05
	-1.347682e+05	-1.098754e+05	-8.725622e+04	-6.871185e+04	-5.513078e+04
	-4.656101e+04	-4.199747e+04	-3.972618e+04	-3.833962e+04	-3.698063e+04
	-3.527219e+04	-3.314376e+04	-3.067674e+04	-2.799519e+04	-2.520563e+04
	-2.238110e+04	-1.957176e+04	-1.682161e+04	-1.417785e+04	-1.168998e+04
	-9.401810e+03	-7.344407e+03	-5.534156e+03	-3.973994e+03	-2.656139e+03
	-1.565050e+03	-6.799869e+02	2.290671e+01	5.689409e+02	9.835031e+02
	1.290911e+03	1.513477e+03	1.670829e+03	1.779465e+03	1.852556e+03
	1.900584e+03
trailer
Lewis numbers evaluated at maximum consumption
N2	-1
O2	1.01669
@ Z = 0.0465663
H	0.171386
@ Z = 0.0662837
OH	0.674602
@ Z = 0.0602137
O	0.660856
@ Z = 0.0498933
H2	0.28089
@ Z = 0.0388812
H2O	-1
HO2	1.01878
@ Z = 0.00266088
H2O2	1.01321
@ Z = 0.032597
CO	1.01418
@ Z = 0.032597
CO2	-1
CH	0.613841
@ Z = 0.0411411
CHO	1.16206
@ Z = 0.0375884
CH2	0.889002
@ Z = 0.0440092
CH2O	1.17393
@ Z = 0.0400557
CH3	0.925812
@ Z = 0.0465663
CH4	0.929904
@ Z = 0.0613492
C2H6	1.34984
@ Z = 0.0602137
C2H	1.19799
@ Z = 0.0431051
C2H2	1.21324
@ Z = 0.0465663
CHCO	0.815077
@ Z = 0.0465663
C3H3	1.64624
@ Z = 0.0465663
C2H3	1.22442
@ Z = 0.0457292
C2H4	1.22813
@ Z = 0.0533479
C2H5	1.33773
@ Z = 0.0498933
C3H4	1.60378
@ Z = 0.0431051
C3H5	1.65568
@ Z = 0.0465663
C3H6	1.72446
@ Z = 0.0524642
N-C3H7	1.72988
@ Z = 0.0482265
I-C3H7	1.86544
@ Z = 1.10982e-06
C3H8	1.72321
@ Z = 0.00820682
Lewis numbers evaluated at maximum formation
N2	-1
O2	1.04101
@ Z = 0.00266088
H	0.169908
@ Z = 0.0457292
OH	0.668966
@ Z = 0.0411411
O	0.65307
@ Z = 0.0361317
H2	0.2836
@ Z = 0.0625173
H2O	0.755535
@ Z = 0.0490574
HO2	1.00476
@ Z = 0.00678238
H2O2	1.00299
@ Z = 0.0196687
CO	1.02924
@ Z = 0.0498933
CO2	1.2781
@ Z = 0.0411411
CH	0.618508
@ Z = 0.0515945
CHO	1.17024
@ Z = 0.0473973
CH2	0.894337
@ Z = 0.0570598
CH2O	1.18175
@ Z = 0.0515945
CH3	0.92704
@ Z = 0.0637216
CH4	0.68903
@ Z = 0.562367
C2H6	1.33137
@ Z = 0.0914638
C2H	1.20482
@ Z = 0.0542461
C2H2	1.2144
@ Z = 0.0649729
CHCO	0.816632
@ Z = 0.0637216
C3H3	1.65054
@ Z = 0.0580644
C2H3	1.22879
@ Z = 0.0591162
C2H4	1.22134
@ Z = 0.0743477
C2H5	1.33726
@ Z = 0.0649729
C3H4	1.61203
@ Z = 0.0580644
C3H5	1.65898
@ Z = 0.0613492
C3H6	1.71963
@ Z = 0.0676668
N-C3H7	1.73162
@ Z = 0.0613492
I-C3H7	1.71521
@ Z = 0.00820682
C3H8	-1
Lewis numbers evaluated at maximum mass fraction
N2	0.921342
@ Z = 1.10982e-06
O2	1.0524
@ Z = 1.10982e-06
H	0.169052
@ Z = 0.0411411
OH	0.666598
@ Z = 0.0375884
O	0.649324
@ Z = 0.0304588
H2	0.281495
@ Z = 0.0914638
H2O	0.756628
@ Z = 0.0662837
HO2	1.00105
@ Z = 0.00820682
H2O2	1.00193
@ Z = 0.016927
CO	1.02784
@ Z = 0.0691381
CO2	1.28893
@ Z = 0.0602137
CH	0.618706
@ Z = 0.0524642
CHO	1.17073
@ Z = 0.0482265
CH2	0.894353
@ Z = 0.0580644
CH2O	1.15086
@ Z = 0.14266
CH3	0.925396
@ Z = 0.0691381
CH4	0.959069
@ Z = 0.999943
C2H6	1.29783
@ Z = 0.183181
C2H	1.20495
@ Z = 0.0551605
C2H2	1.19265
@ Z = 0.107339
CHCO	0.809168
@ Z = 0.0842694
C3H3	1.6503
@ Z = 0.0591162
C2H3	1.2283
@ Z = 0.0613492
C2H4	1.19861
@ Z = 0.122639
C2H5	1.3359
@ Z = 0.0676668
C3H4	1.59845
@ Z = 0.0787691
C3H5	1.657
@ Z = 0.0649729
C3H6	1.71214
@ Z = 0.0764471
N-C3H7	1.73103
@ Z = 0.0625173
I-C3H7	1.80213
@ Z = 0.996234
C3H8	1.79264
@ Z = 0.974321
