header

title = "planar counterflow diffusion flame"
author = ""
date = "Wed Aug 14 11:00:36 2013"

fuel = "CH4"
pressure = 1 [bar]
strainrate = 600 [1/s]
chiStoichAnal = 14.7728 [1/s]
chiStoichAnalKW = 22.0307 [1/s]
FlameLocZ = 0.11665 [K]
FlameLocBilger = 0.0824346 [K]
Tmax = 2031.69 [K]
stoichScalarDissRate = 23.2057 [1/s]
stoichScalarDissRateBilger = 20.5986 [1/s]

OxidizerSide
begin
	Temperature = 300 [K]
	Massfraction-N2 = 0.76708
	Massfraction-O2 = 0.23292
	Molefraction-N2 = 0.79
	Molefraction-O2 = 0.21
end

FuelSide
begin
	Temperature = 300 [K]
	Massfraction-CH4 = 1
	Molefraction-CH4 = 1
end

numOfSpecies = 31
gridPoints = 141

body
eta
	0.000000e+00	1.564556e-01	3.094031e-01	4.551169e-01	5.911546e-01
	7.168230e-01	8.322836e-01	9.380621e-01	1.034929e+00	1.123735e+00
	1.205247e+00	1.280330e+00	1.350041e+00	1.415262e+00	1.476622e+00
	1.534633e+00	1.589677e+00	1.642130e+00	1.692421e+00	1.740908e+00
	1.787875e+00	1.833568e+00	1.878188e+00	1.921892e+00	1.964786e+00
	2.006895e+00	2.048106e+00	2.088136e+00	2.126695e+00	2.163778e+00
	2.199703e+00	2.234907e+00	2.269737e+00	2.304400e+00	2.339009e+00
	2.373631e+00	2.408321e+00	2.443126e+00	2.478028e+00	2.512936e+00
	2.547730e+00	2.582294e+00	2.616509e+00	2.650253e+00	2.683469e+00
	2.716149e+00	2.748278e+00	2.779823e+00	2.810739e+00	2.840949e+00
	2.870340e+00	2.898808e+00	2.926271e+00	2.952635e+00	2.977794e+00
	3.001647e+00	3.024098e+00	3.045065e+00	3.064491e+00	3.082358e+00
	3.098693e+00	3.113564e+00	3.127072e+00	3.139345e+00	3.150532e+00
	3.160788e+00	3.170262e+00	3.179089e+00	3.187365e+00	3.195138e+00
	3.202446e+00	3.209330e+00	3.215836e+00	3.222017e+00	3.227937e+00
	3.233662e+00	3.239242e+00	3.244718e+00	3.250126e+00	3.255499e+00
	3.260861e+00	3.266227e+00	3.271610e+00	3.277040e+00	3.282560e+00
	3.288213e+00	3.294003e+00	3.299893e+00	3.305837e+00	3.311824e+00
	3.317884e+00	3.324043e+00	3.330287e+00	3.336589e+00	3.342953e+00
	3.349426e+00	3.356077e+00	3.362980e+00	3.370200e+00	3.377815e+00
	3.385983e+00	3.394867e+00	3.404515e+00	3.415220e+00	3.427399e+00
	3.441210e+00	3.457329e+00	3.476785e+00	3.500210e+00	3.528758e+00
	3.564649e+00	3.610037e+00	3.666451e+00	3.734000e+00	3.809581e+00
	3.888786e+00	3.969364e+00	4.051072e+00	4.133710e+00	4.216641e+00
	4.299607e+00	4.383109e+00	4.468283e+00	4.556457e+00	4.648585e+00
	4.745183e+00	4.846520e+00	4.952746e+00	5.063984e+00	5.180361e+00
	5.301995e+00	5.428959e+00	5.561245e+00	5.698741e+00	5.841211e+00
	5.988301e+00	6.139551e+00	6.294427e+00	6.452244e+00	6.611662e+00
	6.771246e+00
y [m]
	-1.417062e-03	-1.370955e-03	-1.325872e-03	-1.282900e-03	-1.242748e-03
	-1.205601e-03	-1.171391e-03	-1.139939e-03	-1.110991e-03	-1.084272e-03
	-1.059530e-03	-1.036489e-03	-1.014814e-03	-9.942174e-04	-9.744918e-04
	-9.554641e-04	-9.370028e-04	-9.189782e-04	-9.012393e-04	-8.836530e-04
	-8.661093e-04	-8.485063e-04	-8.307557e-04	-8.127829e-04	-7.945317e-04
	-7.759818e-04	-7.571773e-04	-7.382551e-04	-7.193823e-04	-7.006066e-04
	-6.818071e-04	-6.627829e-04	-6.433557e-04	-6.234077e-04	-6.028648e-04
	-5.816754e-04	-5.708980e-04	-5.686711e-04	-5.641888e-04	-5.596882e-04
	-5.552091e-04	-5.507766e-04	-5.464041e-04	-5.420995e-04	-5.378602e-04
	-5.336741e-04	-5.295283e-04	-5.254103e-04	-5.213076e-04	-5.172113e-04
	-5.131177e-04	-5.090234e-04	-5.049245e-04	-5.008220e-04	-4.967236e-04
	-4.926423e-04	-4.885969e-04	-4.846114e-04	-4.807128e-04	-4.769276e-04
	-4.732783e-04	-4.697807e-04	-4.664428e-04	-4.632642e-04	-4.602350e-04
	-4.573382e-04	-4.545526e-04	-4.518553e-04	-4.492307e-04	-4.466739e-04
	-4.441824e-04	-4.417513e-04	-4.393730e-04	-4.370354e-04	-4.347189e-04
	-4.323985e-04	-4.300487e-04	-4.276488e-04	-4.251791e-04	-4.226190e-04
	-4.199498e-04	-4.171556e-04	-4.142181e-04	-4.111094e-04	-4.077876e-04
	-4.042067e-04	-4.003377e-04	-3.961813e-04	-3.917500e-04	-3.870357e-04
	-3.820005e-04	-3.766085e-04	-3.708573e-04	-3.647608e-04	-3.583129e-04
	-3.514716e-04	-3.441688e-04	-3.363297e-04	-3.278870e-04	-3.187658e-04
	-3.087804e-04	-2.977286e-04	-2.855740e-04	-2.720104e-04	-2.566005e-04
	-2.392850e-04	-2.194163e-04	-1.960259e-04	-1.688127e-04	-1.371081e-04
	-9.923933e-05	-5.406342e-05	-1.897841e-06	5.509453e-05	1.122592e-04
	1.652704e-04	2.126720e-04	2.548258e-04	2.922786e-04	3.254807e-04
	3.550750e-04	3.818691e-04	4.066851e-04	4.302081e-04	4.528906e-04
	4.750126e-04	4.967748e-04	5.183443e-04	5.398784e-04	5.615288e-04
	5.834361e-04	6.057225e-04	6.284853e-04	6.517914e-04	6.756751e-04
	7.001388e-04	7.251555e-04	7.506755e-04	7.766149e-04	8.027745e-04
	8.289336e-04
f
	-3.529249e+00	-3.319434e+00	-3.114313e+00	-2.918870e+00	-2.736364e+00
	-2.567699e+00	-2.412629e+00	-2.270419e+00	-2.140007e+00	-2.020229e+00
	-1.910040e+00	-1.808274e+00	-1.713507e+00	-1.624558e+00	-1.540592e+00
	-1.460942e+00	-1.385127e+00	-1.312679e+00	-1.243066e+00	-1.175857e+00
	-1.110738e+00	-1.047455e+00	-9.858346e-01	-9.257807e-01	-8.672831e-01
	-8.104642e-01	-7.556399e-01	-7.033432e-01	-6.540824e-01	-6.079695e-01
	-5.647128e-01	-5.239309e-01	-4.854134e-01	-4.491728e-01	-4.153763e-01
	-3.842834e-01	-3.637557e-01	-3.454950e-01	-3.233976e-01	-2.977823e-01
	-2.690076e-01	-2.374427e-01	-2.034733e-01	-1.674899e-01	-1.298134e-01
	-9.068447e-02	-5.033098e-02	-8.987220e-03	3.311162e-02	7.569338e-02
	1.184324e-01	1.610159e-01	2.031632e-01	2.445772e-01	2.849438e-01
	3.239543e-01	3.613113e-01	3.967440e-01	4.300325e-01	4.610304e-01
	4.896815e-01	5.160185e-01	5.401490e-01	5.622414e-01	5.825158e-01
	6.012161e-01	6.185857e-01	6.348511e-01	6.501712e-01	6.646226e-01
	6.782612e-01	6.911564e-01	7.033843e-01	7.150375e-01	7.262326e-01
	7.370877e-01	7.476965e-01	7.581327e-01	7.684651e-01	7.787555e-01
	7.890483e-01	7.993703e-01	8.097494e-01	8.202398e-01	8.309275e-01
	8.418921e-01	8.531455e-01	8.646143e-01	8.762075e-01	8.879048e-01
	8.997623e-01	9.118275e-01	9.240749e-01	9.364496e-01	9.489565e-01
	9.616852e-01	9.747700e-01	9.883527e-01	1.002561e+00	1.017541e+00
	1.033602e+00	1.051052e+00	1.069976e+00	1.090931e+00	1.114706e+00
	1.141562e+00	1.172743e+00	1.210109e+00	1.254653e+00	1.308210e+00
	1.374278e+00	1.455667e+00	1.553351e+00	1.665298e+00	1.784488e+00
	1.903179e+00	2.018107e+00	2.129342e+00	2.237118e+00	2.341177e+00
	2.441782e+00	2.540028e+00	2.637609e+00	2.736268e+00	2.837225e+00
	2.941175e+00	3.048538e+00	3.159614e+00	3.274678e+00	3.394011e+00
	3.517875e+00	3.646481e+00	3.779942e+00	3.918253e+00	4.061269e+00
	4.208710e+00	4.360173e+00	4.515170e+00	4.673047e+00	4.832488e+00
	4.992071e+00
df/deta
	1.341029e+00	1.341054e+00	1.341121e+00	1.341275e+00	1.341587e+00
	1.342146e+00	1.343053e+00	1.344410e+00	1.346297e+00	1.348762e+00
	1.351806e+00	1.355386e+00	1.359430e+00	1.363826e+00	1.368418e+00
	1.373006e+00	1.377352e+00	1.381187e+00	1.384218e+00	1.386113e+00
	1.386497e+00	1.384948e+00	1.380996e+00	1.374120e+00	1.363758e+00
	1.349335e+00	1.330335e+00	1.306433e+00	1.277533e+00	1.243533e+00
	1.204064e+00	1.158452e+00	1.105879e+00	1.045507e+00	9.765160e-01
	8.980733e-01	5.917365e-01	5.246652e-01	6.331239e-01	7.337920e-01
	8.270130e-01	9.132138e-01	9.928387e-01	1.066345e+00	1.134304e+00
	1.197334e+00	1.255969e+00	1.310647e+00	1.361738e+00	1.409514e+00
	1.454154e+00	1.495826e+00	1.534693e+00	1.570871e+00	1.604436e+00
	1.635444e+00	1.663938e+00	1.689962e+00	1.713579e+00	1.734881e+00
	1.753999e+00	1.771101e+00	1.786378e+00	1.800037e+00	1.812294e+00
	1.823360e+00	1.833429e+00	1.842669e+00	1.851202e+00	1.859094e+00
	1.866397e+00	1.873166e+00	1.879460e+00	1.885338e+00	1.890871e+00
	1.896122e+00	1.901143e+00	1.905968e+00	1.910629e+00	1.915149e+00
	1.919542e+00	1.923813e+00	1.927962e+00	1.932001e+00	1.935946e+00
	1.939805e+00	1.943555e+00	1.947145e+00	1.950523e+00	1.953661e+00
	1.956552e+00	1.959179e+00	1.961509e+00	1.963506e+00	1.965151e+00
	1.966431e+00	1.967329e+00	1.967812e+00	1.967831e+00	1.967320e+00
	1.966184e+00	1.964283e+00	1.961474e+00	1.957506e+00	1.951987e+00
	1.944551e+00	1.934464e+00	1.920529e+00	1.901605e+00	1.875991e+00
	1.840814e+00	1.793190e+00	1.731533e+00	1.657287e+00	1.576975e+00
	1.498539e+00	1.426287e+00	1.361380e+00	1.304183e+00	1.254777e+00
	1.212589e+00	1.176584e+00	1.145653e+00	1.118916e+00	1.095841e+00
	1.076110e+00	1.059467e+00	1.045656e+00	1.034397e+00	1.025393e+00
	1.018337e+00	1.012930e+00	1.008883e+00	1.005931e+00	1.003834e+00
	1.002385e+00	1.001412e+00	1.000779e+00	1.000380e+00	1.000139e+00
	1.000000e+00
Z
	1.000000e+00	9.998942e-01	9.996698e-01	9.992293e-01	9.984325e-01
	9.970955e-01	9.949995e-01	9.919101e-01	9.875954e-01	9.818453e-01
	9.744932e-01	9.654061e-01	9.544436e-01	9.414751e-01	9.264038e-01
	9.091572e-01	8.897017e-01	8.680085e-01	8.440113e-01	8.176442e-01
	7.888586e-01	7.576093e-01	7.238717e-01	6.876500e-01	6.489962e-01
	6.080603e-01	5.651728e-01	5.209216e-01	4.759943e-01	4.307915e-01
	3.852813e-01	3.392081e-01	2.923599e-01	2.446730e-01	1.961997e-01
	1.470537e-01	5.483888e-01	9.454280e-01	9.049482e-01	8.641100e-01
	8.232571e-01	7.827618e-01	7.429378e-01	7.040615e-01	6.663197e-01
	6.298189e-01	5.946557e-01	5.609270e-01	5.287183e-01	4.981246e-01
	4.692528e-01	4.421713e-01	4.169048e-01	3.934683e-01	3.718679e-01
	3.520912e-01	3.341087e-01	3.178724e-01	3.033110e-01	2.903282e-01
	2.788027e-01	2.685954e-01	2.595582e-01	2.515405e-01	2.443924e-01
	2.379729e-01	2.321564e-01	2.268347e-01	2.219308e-01	2.173997e-01
	2.132063e-01	2.093143e-01	2.056878e-01	2.022891e-01	1.990758e-01
	1.960078e-01	1.930541e-01	1.901908e-01	1.873966e-01	1.846532e-01
	1.819478e-01	1.792727e-01	1.766203e-01	1.739769e-01	1.713215e-01
	1.686359e-01	1.659193e-01	1.631907e-01	1.604727e-01	1.577701e-01
	1.550702e-01	1.523631e-01	1.496541e-01	1.469604e-01	1.442840e-01
	1.416017e-01	1.388873e-01	1.361152e-01	1.332652e-01	1.303144e-01
	1.272128e-01	1.239139e-01	1.204192e-01	1.166498e-01	1.124990e-01
	1.079668e-01	1.029063e-01	9.711485e-02	9.057969e-02	8.321994e-02
	7.483345e-02	6.546496e-02	5.549483e-02	4.560970e-02	3.670698e-02
	2.932727e-02	2.342729e-02	1.872640e-02	1.498238e-02	1.201211e-02
	9.651554e-03	7.756879e-03	6.213845e-03	4.941828e-03	3.889873e-03
	3.024300e-03	2.319058e-03	1.751640e-03	1.301549e-03	9.500213e-04
	6.801060e-04	4.766929e-04	3.264954e-04	2.180039e-04	1.414395e-04
	8.869075e-05	5.322272e-05	2.994022e-05	1.501658e-05	5.693159e-06
	0.000000e+00
temperature [K]
	3.000000e+02	3.000476e+02	3.001486e+02	3.003472e+02	3.007070e+02
	3.013120e+02	3.022623e+02	3.036663e+02	3.056317e+02	3.082569e+02
	3.116205e+02	3.157859e+02	3.208192e+02	3.267822e+02	3.337206e+02
	3.416696e+02	3.506472e+02	3.606706e+02	3.717769e+02	3.840061e+02
	3.973950e+02	4.119840e+02	4.278107e+02	4.449064e+02	4.632877e+02
	4.829324e+02	5.037371e+02	5.254727e+02	5.478527e+02	5.707210e+02
	5.941363e+02	6.182797e+02	6.433250e+02	6.693826e+02	6.965135e+02
	7.247564e+02	4.424095e+02	1.621399e+02	1.643018e+02	1.654874e+02
	1.660221e+02	1.665379e+02	1.673030e+02	1.684376e+02	1.700625e+02
	1.723007e+02	1.752769e+02	1.791153e+02	1.839390e+02	1.898622e+02
	1.969812e+02	2.053767e+02	2.151156e+02	2.262384e+02	2.387502e+02
	2.526176e+02	2.677613e+02	2.840532e+02	3.013202e+02	3.193573e+02
	3.379493e+02	3.568941e+02	3.760225e+02	3.952184e+02	4.144399e+02
	4.337161e+02	4.531360e+02	4.728340e+02	4.929212e+02	5.134352e+02
	5.343944e+02	5.558430e+02	5.778474e+02	6.005215e+02	6.240599e+02
	6.487109e+02	6.747235e+02	7.023451e+02	7.318540e+02	7.635544e+02
	7.977367e+02	8.346581e+02	8.745896e+02	9.179205e+02	9.652119e+02
	1.017047e+03	1.073677e+03	1.134786e+03	1.199707e+03	1.267911e+03
	1.339105e+03	1.412737e+03	1.487558e+03	1.561915e+03	1.634387e+03
	1.703962e+03	1.769745e+03	1.830707e+03	1.885617e+03	1.933255e+03
	1.972783e+03	2.003091e+03	2.022878e+03	2.031688e+03	2.028896e+03
	2.014241e+03	1.987467e+03	1.947643e+03	1.895078e+03	1.829428e+03
	1.748048e+03	1.648489e+03	1.529378e+03	1.392210e+03	1.246405e+03
	1.104581e+03	9.740937e+02	8.581877e+02	7.584372e+02	6.749885e+02
	6.061926e+02	5.494839e+02	5.023293e+02	4.627713e+02	4.295429e+02
	4.018035e+02	3.788890e+02	3.602061e+02	3.451935e+02	3.333193e+02
	3.240883e+02	3.170468e+02	3.117855e+02	3.079409e+02	3.051970e+02
	3.032858e+02	3.019870e+02	3.011258e+02	3.005682e+02	3.002166e+02
	3.000000e+02
massfraction-N2
	1.000000e-60	3.123627e-05	9.764649e-05	2.281634e-04	4.643794e-04
	8.606632e-04	1.481203e-03	2.394271e-03	3.666452e-03	5.357177e-03
	7.512575e-03	1.016885e-02	1.336490e-02	1.713762e-02	2.151550e-02
	2.652177e-02	3.217056e-02	3.847682e-02	4.546846e-02	5.317546e-02
	6.162472e-02	7.084378e-02	8.085568e-02	9.167587e-02	1.033061e-01
	1.157184e-01	1.288285e-01	1.424694e-01	1.564375e-01	1.706121e-01
	1.850063e-01	1.997059e-01	2.147863e-01	2.302784e-01	2.461777e-01
	2.624604e-01	1.000000e-60	3.840946e-01	3.951332e-01	4.065963e-01
	4.184083e-01	4.304795e-01	4.427103e-01	4.549961e-01	4.672530e-01
	4.794187e-01	4.914319e-01	5.032294e-01	5.147498e-01	5.259263e-01
	5.366857e-01	5.469669e-01	5.567247e-01	5.659182e-01	5.745109e-01
	5.824752e-01	5.897935e-01	5.964594e-01	6.024810e-01	6.078824e-01
	6.127039e-01	6.169983e-01	6.208262e-01	6.242520e-01	6.273408e-01
	6.301546e-01	6.327492e-01	6.351726e-01	6.374596e-01	6.396293e-01
	6.416953e-01	6.436709e-01	6.455686e-01	6.474022e-01	6.491889e-01
	6.509459e-01	6.526861e-01	6.544195e-01	6.561549e-01	6.578997e-01
	6.596579e-01	6.614298e-01	6.632155e-01	6.650185e-01	6.668473e-01
	6.687081e-01	6.705948e-01	6.724871e-01	6.743636e-01	6.762166e-01
	6.780531e-01	6.798809e-01	6.816997e-01	6.835060e-01	6.853077e-01
	6.871306e-01	6.889877e-01	6.909052e-01	6.928999e-01	6.949767e-01
	6.971581e-01	6.994577e-01	7.018368e-01	7.043107e-01	7.069026e-01
	7.095642e-01	7.123415e-01	7.153138e-01	7.184808e-01	7.219069e-01
	7.257199e-01	7.299339e-01	7.344101e-01	7.388968e-01	7.430602e-01
	7.466704e-01	7.497163e-01	7.522961e-01	7.544939e-01	7.563644e-01
	7.579594e-01	7.593311e-01	7.605261e-01	7.615785e-01	7.625074e-01
	7.633226e-01	7.640307e-01	7.646380e-01	7.651519e-01	7.655806e-01
	7.659329e-01	7.662178e-01	7.664445e-01	7.666217e-01	7.667577e-01
	7.668603e-01	7.669363e-01	7.669917e-01	7.670316e-01	7.670598e-01
	7.670796e-01
massfraction-O2
	1.000000e-60	1.716223e-05	5.354670e-05	1.248953e-04	2.538215e-04
	4.698921e-04	8.080214e-04	1.305291e-03	1.997620e-03	2.916467e-03
	4.085041e-03	5.519678e-03	7.236202e-03	9.246867e-03	1.155662e-02
	1.416464e-02	1.706247e-02	2.023954e-02	2.368930e-02	2.740373e-02
	3.137117e-02	3.557855e-02	4.000960e-02	4.464423e-02	4.945707e-02
	5.441245e-02	5.945679e-02	6.451292e-02	6.950139e-02	7.438226e-02
	7.916524e-02	8.388211e-02	8.855773e-02	9.320079e-02	9.780890e-02
	1.023749e-01	1.000000e-60	1.134588e-01	1.175982e-01	1.216591e-01
	1.256207e-01	1.294653e-01	1.331770e-01	1.367423e-01	1.401562e-01
	1.434202e-01	1.465356e-01	1.495021e-01	1.523188e-01	1.549821e-01
	1.574857e-01	1.598244e-01	1.619949e-01	1.639927e-01	1.658119e-01
	1.674467e-01	1.688910e-01	1.701393e-01	1.711869e-01	1.720311e-01
	1.726710e-01	1.731077e-01	1.733440e-01	1.733839e-01	1.732313e-01
	1.728891e-01	1.723572e-01	1.716319e-01	1.707083e-01	1.695849e-01
	1.682641e-01	1.667487e-01	1.650416e-01	1.631419e-01	1.610406e-01
	1.587213e-01	1.561649e-01	1.533510e-01	1.502549e-01	1.468484e-01
	1.431046e-01	1.390004e-01	1.345119e-01	1.296023e-01	1.242151e-01
	1.182907e-01	1.118060e-01	1.048006e-01	9.734883e-02	8.950191e-02
	8.127406e-02	7.269785e-02	6.387529e-02	5.494808e-02	4.602875e-02
	3.718115e-02	2.845373e-02	1.991665e-02	1.167914e-02	3.871859e-03
	1.000000e-60	1.000000e-60	1.000000e-60	1.000000e-60	1.000000e-60
	1.000000e-60	1.000000e-60	1.000000e-60	1.000000e-60	9.301695e-04
	1.737749e-02	3.891396e-02	6.468208e-02	9.234483e-02	1.184587e-01
	1.407268e-01	1.588960e-01	1.735886e-01	1.854097e-01	1.948464e-01
	2.023699e-01	2.084151e-01	2.133376e-01	2.173916e-01	2.207391e-01
	2.234875e-01	2.257203e-01	2.275101e-01	2.289234e-01	2.300213e-01
	2.308590e-01	2.314858e-01	2.319451e-01	2.322741e-01	2.325041e-01
	2.326612e-01	2.327658e-01	2.328339e-01	2.328772e-01	2.329040e-01
	2.329204e-01
massfraction-H
	1.000000e-60	1.000000e-60	1.000000e-60	1.000000e-60	1.000000e-60
	1.000000e-60	1.000000e-60	1.000000e-60	1.000000e-60	1.000000e-60
	1.000000e-60	1.000000e-60	1.000000e-60	1.000000e-60	1.000000e-60
	1.000000e-60	1.000000e-60	1.000000e-60	1.000000e-60	1.000000e-60
	1.000000e-60	1.000000e-60	1.000000e-60	1.000000e-60	1.000000e-60
	1.000000e-60	1.000000e-60	1.000000e-60	1.000000e-60	1.000000e-60
	1.000000e-60	1.000000e-60	1.000000e-60	1.000000e-60	1.000000e-60
	1.000000e-60	1.000000e-60	1.000000e-60	1.000000e-60	1.000000e-60
	1.000000e-60	1.000000e-60	1.000000e-60	1.000000e-60	1.000000e-60
	1.000000e-60	1.000000e-60	1.000000e-60	1.000000e-60	1.000000e-60
	1.000000e-60	1.000000e-60	1.000000e-60	1.000000e-60	1.000000e-60
	1.000000e-60	1.000000e-60	1.000000e-60	1.000000e-60	1.000000e-60
	1.000000e-60	1.000000e-60	1.000000e-60	1.000000e-60	1.000000e-60
	1.000000e-60	1.000000e-60	1.000000e-60	1.000000e-60	1.000000e-60
	1.000000e-60	1.000000e-60	1.000000e-60	1.000000e-60	1.000000e-60
	1.000000e-60	1.000000e-60	1.000000e-60	1.000000e-60	1.000000e-60
	1.000000e-60	1.000000e-60	1.000000e-60	1.000000e-60	1.000000e-60
	1.000000e-60	1.000000e-60	1.000000e-60	1.000000e-60	1.000000e-60
	1.000000e-60	1.000000e-60	1.000000e-60	1.000000e-60	1.000000e-60
	1.000000e-60	1.000000e-60	1.000000e-60	1.000000e-60	1.000000e-60
	1.000000e-60	1.000000e-60	1.000000e-60	1.000000e-60	1.000000e-60
	1.000000e-60	1.419180e-06	2.838680e-05	5.102735e-05	6.733054e-05
	7.511395e-05	7.236479e-05	5.976287e-05	4.177377e-05	2.471068e-05
	1.260942e-05	5.683831e-06	2.302345e-06	8.516258e-07	2.931028e-07
	9.579775e-08	3.056137e-08	9.943920e-09	3.509259e-09	1.409372e-09
	6.408845e-10	3.161593e-10	1.625705e-10	8.503657e-11	4.462068e-11
	2.327091e-11	1.197434e-11	6.039004e-12	2.964607e-12	1.404706e-12
	6.344383e-13	2.673157e-13	1.007480e-13	3.091456e-14	5.907972e-15
	1.000000e-60
massfraction-OH
	1.000000e-60	1.944705e-19	1.565915e-18	8.518818e-18	3.605605e-17
	1.275725e-16	3.932310e-16	1.085217e-15	2.737132e-15	6.417220e-15
	1.416332e-14	2.975684e-14	6.016526e-14	1.180394e-13	2.258472e-13
	4.227845e-13	7.755301e-13	1.395682e-12	2.468550e-12	4.295841e-12
	7.358164e-12	1.240709e-11	2.059036e-11	3.361682e-11	5.395195e-11
	8.498963e-11	1.310627e-10	1.970719e-10	2.879525e-10	4.087868e-10
	5.654388e-10	7.644792e-10	1.011616e-09	1.308677e-09	1.650663e-09
	2.046249e-09	1.000000e-60	2.813460e-10	1.000000e-60	1.000000e-60
	1.000000e-60	1.000000e-60	1.000000e-60	1.000000e-60	1.000000e-60
	1.000000e-60	1.000000e-60	1.000000e-60	1.000000e-60	1.000000e-60
	1.000000e-60	1.000000e-60	1.000000e-60	1.000000e-60	1.000000e-60
	1.000000e-60	1.000000e-60	1.000000e-60	1.000000e-60	1.000000e-60
	1.000000e-60	1.000000e-60	1.000000e-60	1.000000e-60	1.000000e-60
	1.000000e-60	1.000000e-60	1.000000e-60	1.000000e-60	1.000000e-60
	1.000000e-60	1.000000e-60	1.000000e-60	1.000000e-60	1.000000e-60
	1.000000e-60	1.000000e-60	1.000000e-60	1.000000e-60	1.000000e-60
	1.000000e-60	1.000000e-60	1.000000e-60	1.000000e-60	1.000000e-60
	1.000000e-60	1.000000e-60	1.000000e-60	1.000000e-60	1.000000e-60
	1.000000e-60	1.000000e-60	1.000000e-60	1.000000e-60	1.000000e-60
	1.000000e-60	1.000000e-60	1.000000e-60	1.000000e-60	1.000000e-60
	1.000000e-60	1.000000e-60	1.000000e-60	1.000000e-60	1.000000e-60
	1.000000e-60	2.225227e-04	1.086269e-03	1.660707e-03	1.916689e-03
	1.856559e-03	1.527057e-03	1.064100e-03	6.535065e-04	3.947165e-04
	2.447806e-04	1.457593e-04	7.980136e-05	4.104071e-05	2.088452e-05
	1.096855e-05	6.057491e-06	3.524215e-06	2.152603e-06	1.378067e-06
	9.245719e-07	6.492118e-07	4.749591e-07	3.591892e-07	2.779704e-07
	2.177859e-07	1.710073e-07	1.333534e-07	1.024295e-07	7.687115e-08
	5.584085e-08	3.874157e-08	2.506700e-08	1.434457e-08	6.136993e-09
	1.000000e-60
massfraction-O
	1.000000e-60	1.000000e-60	7.056759e-21	6.449230e-20	2.827398e-19
	5.342914e-19	1.023539e-18	2.623060e-18	5.236056e-18	1.113767e-17
	2.362517e-17	4.954763e-17	1.037651e-16	2.185929e-16	4.599411e-16
	9.671655e-16	2.018369e-15	4.174420e-15	8.510376e-15	1.700687e-14
	3.315884e-14	6.287647e-14	1.156774e-13	2.060876e-13	3.545068e-13
	5.867516e-13	9.305466e-13	1.407897e-12	2.026947e-12	2.779874e-12
	3.641366e-12	4.552348e-12	5.379794e-12	5.868243e-12	5.760730e-12
	6.475736e-12	1.000000e-60	1.000000e-60	1.000000e-60	1.000000e-60
	1.000000e-60	1.000000e-60	1.000000e-60	1.000000e-60	1.000000e-60
	1.000000e-60	1.000000e-60	1.000000e-60	1.000000e-60	1.000000e-60
	1.000000e-60	1.000000e-60	1.000000e-60	1.000000e-60	1.000000e-60
	1.000000e-60	1.000000e-60	1.000000e-60	1.000000e-60	1.000000e-60
	1.000000e-60	1.000000e-60	1.000000e-60	1.000000e-60	1.000000e-60
	1.000000e-60	1.000000e-60	1.000000e-60	1.000000e-60	1.000000e-60
	1.000000e-60	1.000000e-60	1.000000e-60	1.000000e-60	1.000000e-60
	1.000000e-60	1.000000e-60	1.000000e-60	1.000000e-60	1.000000e-60
	1.000000e-60	1.000000e-60	1.000000e-60	1.000000e-60	1.000000e-60
	1.000000e-60	1.000000e-60	1.000000e-60	1.000000e-60	1.000000e-60
	1.000000e-60	1.000000e-60	1.000000e-60	1.000000e-60	1.000000e-60
	1.000000e-60	1.000000e-60	1.000000e-60	1.000000e-60	1.000000e-60
	1.000000e-60	1.000000e-60	1.000000e-60	1.000000e-60	1.000000e-60
	1.000000e-60	1.000000e-60	1.000000e-60	1.000000e-60	1.000000e-60
	6.073701e-04	1.021255e-03	1.060998e-03	8.160627e-04	5.077141e-04
	2.849056e-04	1.543299e-04	8.274610e-05	4.476753e-05	2.496518e-05
	1.453386e-05	8.849772e-06	5.612478e-06	3.690239e-06	2.511703e-06
	1.770486e-06	1.292114e-06	9.734948e-07	7.526065e-07	5.920710e-07
	4.695869e-07	3.720915e-07	2.921157e-07	2.254746e-07	1.698035e-07
	1.236469e-07	8.592500e-08	5.565828e-08	3.187648e-08	1.364730e-08
	1.000000e-60
massfraction-H2
	1.000000e-60	1.000000e-60	1.000000e-60	1.000000e-60	1.000000e-60
	1.000000e-60	1.000000e-60	1.000000e-60	1.000000e-60	1.000000e-60
	1.000000e-60	1.000000e-60	1.000000e-60	1.000000e-60	1.000000e-60
	1.000000e-60	1.000000e-60	1.000000e-60	1.000000e-60	1.000000e-60
	1.000000e-60	1.000000e-60	1.000000e-60	1.000000e-60	1.000000e-60
	1.000000e-60	1.000000e-60	1.000000e-60	1.000000e-60	1.000000e-60
	1.000000e-60	1.000000e-60	1.000000e-60	1.000000e-60	1.000000e-60
	1.000000e-60	1.000000e-60	1.000000e-60	1.000000e-60	1.000000e-60
	1.000000e-60	1.000000e-60	1.000000e-60	1.000000e-60	1.000000e-60
	1.000000e-60	1.000000e-60	1.000000e-60	1.000000e-60	1.000000e-60
	1.000000e-60	1.000000e-60	1.000000e-60	1.000000e-60	1.000000e-60
	1.000000e-60	1.000000e-60	1.000000e-60	1.000000e-60	1.000000e-60
	1.000000e-60	1.000000e-60	1.000000e-60	1.000000e-60	1.000000e-60
	1.000000e-60	1.000000e-60	1.000000e-60	1.000000e-60	1.000000e-60
	1.000000e-60	1.000000e-60	1.000000e-60	1.000000e-60	1.914484e-05
	2.033554e-04	3.886339e-04	5.745674e-04	7.607662e-04	9.467698e-04
	1.131794e-03	1.314708e-03	1.494350e-03	1.669942e-03	1.841060e-03
	2.006871e-03	2.165249e-03	2.312918e-03	2.446821e-03	2.565222e-03
	2.667328e-03	2.752192e-03	2.818518e-03	2.865386e-03	2.892769e-03
	2.900971e-03	2.890128e-03	2.860151e-03	2.810909e-03	2.742376e-03
	2.653896e-03	2.544974e-03	2.417430e-03	2.271080e-03	2.105486e-03
	1.926059e-03	1.734108e-03	1.531552e-03	1.329444e-03	1.136874e-03
	9.602029e-04	8.095717e-04	6.920066e-04	6.052883e-04	5.407199e-04
	4.895318e-04	4.461672e-04	4.077850e-04	3.732370e-04	3.420834e-04
	3.138807e-04	2.880528e-04	2.639869e-04	2.411810e-04	2.193543e-04
	1.983983e-04	1.782886e-04	1.590373e-04	1.406678e-04	1.232069e-04
	1.066867e-04	9.114530e-05	7.662563e-05	6.317098e-05	5.081898e-05
	3.959473e-05	2.950508e-05	2.053498e-05	1.265215e-05	5.826827e-06
	1.000000e-60
massfraction-H2O
	1.000000e-60	1.000000e-60	1.000000e-60	1.000000e-60	1.000000e-60
	1.000000e-60	1.000000e-60	1.000000e-60	1.000000e-60	1.000000e-60
	1.000000e-60	1.000000e-60	1.000000e-60	1.000000e-60	1.000000e-60
	1.000000e-60	1.000000e-60	1.000000e-60	1.000000e-60	1.000000e-60
	1.000000e-60	1.000000e-60	1.000000e-60	1.000000e-60	1.000000e-60
	1.000000e-60	3.078993e-04	8.033031e-04	1.353168e-03	1.947143e-03
	2.580247e-03	3.251501e-03	3.960306e-03	4.704438e-03	5.480134e-03
	6.282733e-03	1.000000e-60	1.005155e-02	1.029412e-02	1.057090e-02
	1.087567e-02	1.120146e-02	1.154169e-02	1.189037e-02	1.224293e-02
	1.259626e-02	1.294805e-02	1.329664e-02	1.364100e-02	1.398044e-02
	1.431452e-02	1.464353e-02	1.496864e-02	1.529164e-02	1.561500e-02
	1.594224e-02	1.627809e-02	1.662887e-02	1.700276e-02	1.740992e-02
	1.786225e-02	1.837263e-02	1.895375e-02	1.961724e-02	2.037361e-02
	2.123253e-02	2.220337e-02	2.329562e-02	2.451552e-02	2.586201e-02
	2.732897e-02	2.890900e-02	3.059448e-02	3.238054e-02	3.426871e-02
	3.626508e-02	3.837558e-02	4.060520e-02	4.296021e-02	4.544726e-02
	4.807002e-02	5.082785e-02	5.371987e-02	5.675240e-02	5.994147e-02
	6.330153e-02	6.682459e-02	7.047156e-02	7.419241e-02	7.795583e-02
	8.175193e-02	8.556387e-02	8.934758e-02	9.304558e-02	9.662034e-02
	1.000547e-01	1.033343e-01	1.064387e-01	1.093323e-01	1.119726e-01
	1.143302e-01	1.163510e-01	1.179441e-01	1.190541e-01	1.195980e-01
	1.194655e-01	1.185424e-01	1.166440e-01	1.136167e-01	1.092842e-01
	1.033366e-01	9.555380e-02	8.600896e-02	7.525375e-02	6.442639e-02
	5.454626e-02	4.595095e-02	3.857275e-02	3.229574e-02	2.701250e-02
	2.258001e-02	1.883759e-02	1.563953e-02	1.287805e-02	1.048900e-02
	8.434877e-03	6.687892e-03	5.222260e-03	4.011157e-03	3.026557e-03
	2.240033e-03	1.623541e-03	1.150098e-03	7.943398e-04	5.330494e-04
	3.455972e-04	2.142611e-04	1.243630e-04	6.423562e-05	2.501538e-05
	1.000000e-60
massfraction-HO2
	1.000000e-60	9.791752e-09	3.060801e-08	7.153689e-08	1.456862e-07
	2.702707e-07	4.657368e-07	7.539839e-07	1.156509e-06	1.692563e-06
	2.377012e-06	3.221162e-06	4.236535e-06	5.433118e-06	6.817114e-06
	8.391771e-06	1.015609e-05	1.210802e-05	1.424816e-05	1.657645e-05
	1.909069e-05	2.178792e-05	2.466316e-05	2.770899e-05	3.091437e-05
	3.426114e-05	3.771823e-05	4.123679e-05	4.476393e-05	4.827250e-05
	5.177067e-05	5.528437e-05	5.883692e-05	6.244188e-05	6.610634e-05
	6.983552e-05	1.000000e-60	7.913174e-05	8.337227e-05	8.765358e-05
	9.194704e-05	9.620070e-05	1.003321e-04	1.042274e-04	1.077534e-04
	1.107669e-04	1.131245e-04	1.147039e-04	1.154274e-04	1.152837e-04
	1.143462e-04	1.127743e-04	1.107943e-04	1.086703e-04	1.066675e-04
	1.050188e-04	1.039053e-04	1.034518e-04	1.037328e-04	1.047791e-04
	1.065775e-04	1.090648e-04	1.121235e-04	1.155897e-04	1.192741e-04
	1.229845e-04	1.265420e-04	1.297891e-04	1.325842e-04	1.348068e-04
	1.363779e-04	1.372662e-04	1.374800e-04	1.370555e-04	1.360384e-04
	1.344723e-04	1.323987e-04	1.298589e-04	1.268926e-04	1.235396e-04
	1.198442e-04	1.158579e-04	1.116323e-04	1.072083e-04	1.026138e-04
	9.788132e-05	9.307704e-05	8.830548e-05	8.367184e-05	7.923969e-05
	7.503143e-05	7.106197e-05	6.735360e-05	6.391561e-05	6.071968e-05
	5.769118e-05	5.472398e-05	5.169423e-05	4.846831e-05	4.490451e-05
	4.083052e-05	3.610147e-05	3.071302e-05	2.465421e-05	1.802069e-05
	1.128446e-05	4.889381e-06	1.000000e-60	1.000000e-60	1.000000e-60
	1.000000e-60	1.247869e-06	1.142218e-05	2.986151e-05	5.839316e-05
	9.301379e-05	1.236686e-04	1.358979e-04	1.232924e-04	9.577216e-05
	6.724354e-05	4.471391e-05	2.904422e-05	1.875727e-05	1.215920e-05
	7.945111e-06	5.236356e-06	3.476107e-06	2.318462e-06	1.548682e-06
	1.032310e-06	6.839856e-07	4.486005e-07	2.899040e-07	1.835973e-07
	1.131117e-07	6.700598e-08	3.733049e-08	1.858138e-08	7.000517e-09
	1.000000e-60
massfraction-H2O2
	1.000000e-60	1.236746e-09	3.872863e-09	9.068074e-09	1.849667e-08
	3.435172e-08	5.921298e-08	9.577975e-08	1.465729e-07	2.136267e-07
	2.981491e-07	4.005799e-07	5.210165e-07	6.589668e-07	8.130963e-07
	9.813844e-07	1.161081e-06	1.349151e-06	1.542679e-06	1.738538e-06
	1.933330e-06	2.123561e-06	2.305607e-06	2.475773e-06	2.630344e-06
	2.765604e-06	2.877970e-06	2.964419e-06	3.023397e-06	3.055112e-06
	3.060518e-06	3.040172e-06	2.993991e-06	2.921585e-06	2.822591e-06
	2.696841e-06	1.000000e-60	2.300515e-06	2.141479e-06	1.951813e-06
	1.733540e-06	1.490717e-06	1.231048e-06	9.672789e-07	7.165525e-07
	4.974309e-07	3.247081e-07	2.037971e-07	1.290842e-07	8.790433e-08
	6.683133e-08	5.599514e-08	4.987238e-08	4.595315e-08	4.323250e-08
	4.130449e-08	3.996716e-08	3.907895e-08	3.850678e-08	3.808285e-08
	3.748859e-08	3.631739e-08	3.398791e-08	2.970561e-08	2.243755e-08
	1.088430e-08	1.000000e-60	1.000000e-60	1.000000e-60	1.000000e-60
	1.000000e-60	1.000000e-60	1.000000e-60	1.000000e-60	1.000000e-60
	1.000000e-60	1.000000e-60	1.000000e-60	1.000000e-60	1.000000e-60
	1.000000e-60	1.000000e-60	1.000000e-60	1.000000e-60	1.000000e-60
	1.000000e-60	1.000000e-60	1.000000e-60	1.000000e-60	1.000000e-60
	1.000000e-60	1.000000e-60	1.000000e-60	1.000000e-60	1.000000e-60
	1.000000e-60	1.000000e-60	1.000000e-60	1.000000e-60	1.000000e-60
	1.000000e-60	1.000000e-60	1.000000e-60	1.000000e-60	1.000000e-60
	1.000000e-60	1.000000e-60	1.000000e-60	1.000000e-60	1.000000e-60
	1.000000e-60	1.000000e-60	1.143886e-06	1.249610e-05	1.796232e-05
	2.082341e-05	2.173592e-05	2.100235e-05	1.905897e-05	1.648214e-05
	1.380918e-05	1.134939e-05	9.205952e-06	7.381735e-06	5.851401e-06
	4.583786e-06	3.546212e-06	2.706774e-06	2.035612e-06	1.505753e-06
	1.093396e-06	7.777326e-07	5.406067e-07	3.662059e-07	2.408637e-07
	1.529557e-07	9.283491e-08	5.274285e-08	2.667495e-08	1.018195e-08
	1.000000e-60
massfraction-CO
	1.000000e-60	1.434023e-06	4.495464e-06	1.053392e-05	2.149593e-05
	3.993211e-05	6.886025e-05	1.114998e-04	1.710088e-04	2.502426e-04
	3.514851e-04	4.766293e-04	6.277939e-04	8.071238e-04	1.016498e-03
	1.257674e-03	1.532073e-03	1.841230e-03	2.187356e-03	2.572776e-03
	2.999631e-03	3.470004e-03	3.985609e-03	4.547574e-03	5.156062e-03
	5.809388e-03	6.502570e-03	7.225926e-03	7.967591e-03	8.720045e-03
	9.482905e-03	1.025967e-02	1.105329e-02	1.186433e-02	1.269148e-02
	1.353249e-02	1.000000e-60	1.895014e-02	1.942575e-02	1.992185e-02
	2.043431e-02	2.095853e-02	2.148979e-02	2.202347e-02	2.255617e-02
	2.308569e-02	2.361014e-02	2.412775e-02	2.463705e-02	2.513652e-02
	2.562451e-02	2.610013e-02	2.656342e-02	2.701490e-02	2.745558e-02
	2.788716e-02	2.831206e-02	2.873339e-02	2.915500e-02	2.958149e-02
	3.001814e-02	3.047068e-02	3.094499e-02	3.144700e-02	3.198311e-02
	3.256043e-02	3.318712e-02	3.387265e-02	3.462594e-02	3.545302e-02
	3.635850e-02	3.734739e-02	3.842540e-02	3.960064e-02	4.088620e-02
	4.229968e-02	4.386049e-02	4.558962e-02	4.751152e-02	4.965389e-02
	5.204477e-02	5.471062e-02	5.767899e-02	6.098633e-02	6.468279e-02
	6.882078e-02	7.342507e-02	7.846974e-02	8.389345e-02	8.963989e-02
	9.566799e-02	1.019098e-01	1.082330e-01	1.144662e-01	1.204542e-01
	1.260725e-01	1.311993e-01	1.356944e-01	1.393940e-01	1.421296e-01
	1.437464e-01	1.440620e-01	1.429230e-01	1.402101e-01	1.357849e-01
	1.297074e-01	1.219648e-01	1.125314e-01	1.018209e-01	9.022220e-02
	7.794948e-02	6.551587e-02	5.359789e-02	4.283011e-02	3.378760e-02
	2.663053e-02	2.106649e-02	1.670705e-02	1.327168e-02	1.056711e-02
	8.431626e-03	6.728245e-03	5.349863e-03	4.221340e-03	3.295002e-03
	2.539011e-03	1.928546e-03	1.442143e-03	1.060342e-03	7.654795e-04
	5.417532e-04	3.752514e-04	2.539130e-04	1.674574e-04	1.073014e-04
	6.645679e-05	3.940045e-05	2.190866e-05	1.086950e-05	4.080461e-06
	1.000000e-60
massfraction-CO2
	1.000000e-60	1.000000e-60	1.000000e-60	1.000000e-60	1.000000e-60
	1.000000e-60	1.000000e-60	1.000000e-60	1.000000e-60	1.000000e-60
	1.000000e-60	1.000000e-60	1.000000e-60	1.000000e-60	1.000000e-60
	1.000000e-60	1.000000e-60	1.000000e-60	1.000000e-60	1.000000e-60
	1.000000e-60	1.000000e-60	1.000000e-60	1.000000e-60	1.000000e-60
	1.000000e-60	1.000000e-60	1.000000e-60	1.000000e-60	1.000000e-60
	1.000000e-60	1.000000e-60	1.000000e-60	1.000000e-60	1.000000e-60
	1.000000e-60	1.000000e-60	1.000000e-60	1.000000e-60	1.000000e-60
	1.000000e-60	1.000000e-60	1.000000e-60	1.000000e-60	1.000000e-60
	1.000000e-60	1.000000e-60	1.000000e-60	1.000000e-60	1.000000e-60
	1.000000e-60	1.000000e-60	1.000000e-60	1.000000e-60	1.000000e-60
	1.000000e-60	1.000000e-60	1.000000e-60	1.000000e-60	1.000000e-60
	1.000000e-60	1.000000e-60	1.000000e-60	1.000000e-60	1.000000e-60
	1.000000e-60	1.000000e-60	1.000000e-60	1.000000e-60	1.000000e-60
	1.000000e-60	1.000000e-60	1.000000e-60	1.000000e-60	1.000000e-60
	1.000000e-60	1.000000e-60	1.000000e-60	1.000000e-60	1.000000e-60
	1.000000e-60	1.000000e-60	1.000000e-60	1.000000e-60	1.000000e-60
	1.000000e-60	1.000000e-60	1.000000e-60	1.000000e-60	1.000000e-60
	1.000000e-60	1.000000e-60	9.437675e-04	4.878999e-03	8.963452e-03
	1.320154e-02	1.760658e-02	2.218950e-02	2.694637e-02	3.186394e-02
	3.696214e-02	4.222853e-02	4.754522e-02	5.288449e-02	5.818750e-02
	6.318358e-02	6.768982e-02	7.139284e-02	7.370544e-02	7.404747e-02
	7.179177e-02	6.646122e-02	5.828426e-02	4.843019e-02	3.866110e-02
	3.023321e-02	2.343596e-02	1.807655e-02	1.390331e-02	1.069029e-02
	8.223427e-03	6.316725e-03	4.825758e-03	3.649478e-03	2.722039e-03
	1.997609e-03	1.439896e-03	1.017996e-03	7.049473e-04	4.774484e-04
	3.157828e-04	2.036389e-04	1.278327e-04	7.797332e-05	4.610126e-05
	2.631192e-05	1.437744e-05	7.382591e-06	3.396137e-06	1.189888e-06
	1.000000e-60
massfraction-CH
	1.000000e-60	1.000000e-60	1.000000e-60	1.000000e-60	1.000000e-60
	1.000000e-60	1.000000e-60	1.000000e-60	1.000000e-60	3.876425e-21
	1.000000e-60	1.000000e-60	4.431676e-21	3.160483e-21	1.000000e-60
	1.000000e-60	1.000000e-60	1.000000e-60	1.000000e-60	1.000000e-60
	1.000000e-60	5.049591e-20	1.000000e-60	1.000000e-60	1.000000e-60
	1.000000e-60	1.000000e-60	1.000000e-60	1.000000e-60	1.000000e-60
	1.000000e-60	1.000000e-60	1.000000e-60	1.000000e-60	1.000000e-60
	1.000000e-60	1.000000e-60	1.000000e-60	1.000000e-60	1.000000e-60
	1.000000e-60	1.000000e-60	1.000000e-60	1.000000e-60	1.000000e-60
	1.000000e-60	1.000000e-60	1.000000e-60	1.000000e-60	1.000000e-60
	1.000000e-60	1.000000e-60	1.000000e-60	1.000000e-60	1.000000e-60
	1.000000e-60	1.000000e-60	1.000000e-60	1.000000e-60	1.000000e-60
	1.000000e-60	1.000000e-60	1.000000e-60	1.000000e-60	1.000000e-60
	1.000000e-60	1.000000e-60	1.000000e-60	1.000000e-60	1.000000e-60
	1.000000e-60	1.000000e-60	1.000000e-60	1.000000e-60	1.000000e-60
	1.000000e-60	1.000000e-60	1.000000e-60	1.000000e-60	1.000000e-60
	1.000000e-60	1.000000e-60	1.000000e-60	1.000000e-60	1.000000e-60
	1.000000e-60	1.000000e-60	1.000000e-60	1.000000e-60	1.000000e-60
	1.000000e-60	1.000000e-60	1.000000e-60	1.806810e-06	9.901280e-06
	1.637514e-05	2.098465e-05	2.361484e-05	2.429846e-05	2.323465e-05
	2.074817e-05	1.727100e-05	1.337564e-05	9.544342e-06	6.171004e-06
	3.588052e-06	1.829387e-06	7.890054e-07	2.841474e-07	8.336905e-08
	1.905424e-08	3.322392e-09	4.480710e-10	4.826497e-11	4.466151e-12
	3.787324e-13	2.989331e-14	2.201245e-15	1.563062e-16	1.137277e-17
	8.947130e-19	7.998448e-20	8.442421e-21	1.170156e-21	1.000000e-60
	1.000000e-60	3.626130e-23	1.000000e-60	1.000000e-60	1.000000e-60
	1.370714e-23	1.000000e-60	1.240523e-24	7.113895e-24	1.680809e-24
	6.359269e-25	1.000000e-60	8.166118e-25	6.884408e-26	1.000000e-60
	1.000000e-60
massfraction-CHO
	1.000000e-60	1.000000e-60	1.000000e-60	1.000000e-60	1.000000e-60
	1.000000e-60	1.000000e-60	1.000000e-60	1.000000e-60	1.000000e-60
	1.000000e-60	1.000000e-60	1.000000e-60	1.000000e-60	1.000000e-60
	1.000000e-60	1.000000e-60	1.000000e-60	1.000000e-60	1.000000e-60
	1.000000e-60	1.000000e-60	1.000000e-60	1.000000e-60	1.000000e-60
	1.000000e-60	1.000000e-60	1.000000e-60	1.000000e-60	1.000000e-60
	1.000000e-60	1.000000e-60	1.000000e-60	1.000000e-60	1.000000e-60
	1.000000e-60	1.000000e-60	1.503867e-09	1.393593e-09	1.312674e-09
	1.219916e-09	1.082005e-09	8.610024e-10	5.006028e-10	1.000000e-60
	1.000000e-60	1.000000e-60	1.000000e-60	1.000000e-60	1.000000e-60
	1.000000e-60	1.000000e-60	1.000000e-60	1.000000e-60	1.000000e-60
	1.000000e-60	1.000000e-60	1.000000e-60	1.000000e-60	1.000000e-60
	1.000000e-60	1.000000e-60	1.000000e-60	1.000000e-60	1.000000e-60
	1.000000e-60	1.000000e-60	1.000000e-60	1.000000e-60	1.000000e-60
	1.000000e-60	1.000000e-60	1.000000e-60	1.000000e-60	1.000000e-60
	1.000000e-60	1.000000e-60	1.000000e-60	1.000000e-60	1.000000e-60
	1.000000e-60	1.000000e-60	1.000000e-60	1.000000e-60	1.000000e-60
	1.000000e-60	1.000000e-60	1.000000e-60	1.000000e-60	1.000000e-60
	1.000000e-60	1.000000e-60	1.083363e-06	1.713863e-05	3.412412e-05
	5.126326e-05	6.767198e-05	8.233118e-05	9.414736e-05	1.020768e-04
	1.053001e-04	1.032396e-04	9.597301e-05	8.418107e-05	6.905178e-05
	5.276114e-05	3.715595e-05	2.379932e-05	1.395339e-05	7.567224e-06
	3.838716e-06	1.872397e-06	8.887059e-07	3.921339e-07	1.504813e-07
	5.016013e-08	1.531034e-08	4.523892e-09	1.379169e-09	4.638667e-10
	1.780989e-10	7.701824e-11	3.608078e-11	1.764671e-11	8.799784e-12
	4.416331e-12	2.213644e-12	1.102026e-12	5.420832e-13	2.620517e-13
	1.237907e-13	5.680620e-14	2.516591e-14	1.068983e-14	4.317524e-15
	1.638222e-15	5.720335e-16	1.763163e-16	4.340663e-17	6.147906e-18
	1.000000e-60
massfraction-CH2
	1.000000e-60	1.000000e-60	1.000000e-60	1.000000e-60	1.000000e-60
	1.000000e-60	1.000000e-60	1.000000e-60	1.000000e-60	1.000000e-60
	1.000000e-60	1.000000e-60	1.000000e-60	1.000000e-60	1.000000e-60
	1.000000e-60	1.000000e-60	1.000000e-60	1.000000e-60	1.000000e-60
	1.000000e-60	1.000000e-60	1.000000e-60	1.000000e-60	1.000000e-60
	1.000000e-60	1.000000e-60	1.000000e-60	1.000000e-60	1.000000e-60
	1.000000e-60	1.000000e-60	1.000000e-60	1.000000e-60	1.000000e-60
	1.000000e-60	1.000000e-60	1.000000e-60	1.000000e-60	1.000000e-60
	1.000000e-60	1.000000e-60	1.000000e-60	1.000000e-60	1.000000e-60
	1.000000e-60	1.000000e-60	1.000000e-60	1.000000e-60	1.000000e-60
	1.000000e-60	1.000000e-60	1.000000e-60	1.000000e-60	1.000000e-60
	1.000000e-60	1.000000e-60	1.000000e-60	1.000000e-60	1.000000e-60
	1.000000e-60	1.000000e-60	1.000000e-60	1.000000e-60	1.000000e-60
	1.000000e-60	1.000000e-60	1.000000e-60	1.000000e-60	1.000000e-60
	1.000000e-60	1.000000e-60	1.000000e-60	1.000000e-60	1.000000e-60
	1.000000e-60	1.000000e-60	1.000000e-60	1.000000e-60	1.000000e-60
	1.000000e-60	1.000000e-60	1.000000e-60	1.000000e-60	1.000000e-60
	1.000000e-60	1.000000e-60	1.000000e-60	1.603546e-08	2.358141e-05
	4.467684e-05	6.254919e-05	7.651376e-05	8.616362e-05	9.147127e-05
	9.268074e-05	9.017928e-05	8.446638e-05	7.617743e-05	6.607039e-05
	5.488200e-05	4.341557e-05	3.262013e-05	2.305987e-05	1.512818e-05
	9.178850e-06	5.056978e-06	2.467383e-06	1.062794e-06	3.995822e-07
	1.284542e-07	3.555016e-08	8.813594e-09	2.072525e-09	4.910947e-10
	1.200616e-10	2.979482e-11	7.415164e-12	1.889309e-12	5.117021e-13
	1.508037e-13	4.847334e-14	1.683108e-14	6.250300e-15	2.474651e-15
	1.046454e-15	4.735875e-16	2.293025e-16	1.183271e-16	6.461371e-17
	3.697762e-17	2.192935e-17	1.331288e-17	8.167298e-18	4.993458e-18
	2.992715e-18	1.717673e-18	9.058703e-19	3.992278e-19	1.071879e-19
	1.000000e-60
massfraction-CH2O
	1.000000e-60	8.286661e-08	2.946307e-07	7.912083e-07	1.853501e-06
	3.937227e-06	7.708043e-06	1.404293e-05	2.399727e-05	3.873530e-05
	5.941523e-05	8.713871e-05	1.230226e-04	1.681154e-04	2.232729e-04
	2.891447e-04	3.660880e-04	4.542840e-04	5.539194e-04	6.650506e-04
	7.875386e-04	9.211158e-04	1.065331e-03	1.219531e-03	1.382805e-03
	1.553817e-03	1.730516e-03	1.909919e-03	2.088864e-03	2.265558e-03
	2.440030e-03	2.613179e-03	2.785703e-03	2.957738e-03	3.129023e-03
	3.299122e-03	1.000000e-60	3.839446e-03	3.990036e-03	4.138025e-03
	4.282671e-03	4.423365e-03	4.559607e-03	4.691038e-03	4.817668e-03
	4.939808e-03	5.057822e-03	5.172076e-03	5.282956e-03	5.390744e-03
	5.495547e-03	5.597376e-03	5.696084e-03	5.791138e-03	5.881516e-03
	5.965672e-03	6.041519e-03	6.106495e-03	6.157744e-03	6.192398e-03
	6.207935e-03	6.202516e-03	6.175246e-03	6.126239e-03	6.056443e-03
	5.967339e-03	5.860673e-03	5.738296e-03	5.602537e-03	5.456634e-03
	5.304347e-03	5.149441e-03	4.995541e-03	4.845896e-03	4.703265e-03
	4.570366e-03	4.450417e-03	4.347274e-03	4.265409e-03	4.210102e-03
	4.187571e-03	4.204795e-03	4.269257e-03	4.389134e-03	4.573855e-03
	4.833625e-03	5.176251e-03	5.602392e-03	6.103775e-03	6.665829e-03
	7.268989e-03	7.884460e-03	8.471010e-03	8.980922e-03	9.369677e-03
	9.599594e-03	9.638814e-03	9.462630e-03	9.058346e-03	8.430126e-03
	7.593856e-03	6.585543e-03	5.479268e-03	4.340407e-03	3.238175e-03
	2.268693e-03	1.474497e-03	8.760871e-04	4.793532e-04	2.438761e-04
	1.165107e-04	5.406552e-05	2.536602e-05	1.233403e-05	6.386510e-06
	3.622430e-06	2.252966e-06	1.502225e-06	1.047947e-06	7.522281e-07
	5.495194e-07	4.050093e-07	2.987544e-07	2.189985e-07	1.587219e-07
	1.133681e-07	7.962103e-08	5.488993e-08	3.708453e-08	2.451498e-08
	1.583096e-08	9.970694e-09	6.114937e-09	3.645434e-09	2.107612e-09
	1.177088e-09	6.299936e-10	3.172710e-10	1.433906e-10	4.946569e-11
	1.000000e-60
massfraction-CH3
	1.000000e-60	3.083298e-10	9.543112e-10	2.205784e-09	4.439008e-09
	8.132838e-09	1.383254e-08	2.208641e-08	3.338006e-08	4.807117e-08
	6.631715e-08	8.808400e-08	1.132186e-07	1.413577e-07	1.718190e-07
	2.035538e-07	2.350299e-07	2.641682e-07	2.881844e-07	3.032023e-07
	3.038081e-07	2.824506e-07	2.285737e-07	1.274397e-07	1.000000e-60
	1.000000e-60	1.000000e-60	1.000000e-60	1.000000e-60	1.000000e-60
	1.000000e-60	1.000000e-60	1.000000e-60	1.000000e-60	1.000000e-60
	1.000000e-60	1.000000e-60	1.000000e-60	1.000000e-60	1.000000e-60
	1.000000e-60	1.000000e-60	1.000000e-60	1.000000e-60	1.000000e-60
	1.000000e-60	1.000000e-60	1.000000e-60	1.000000e-60	1.000000e-60
	1.000000e-60	1.000000e-60	1.000000e-60	1.000000e-60	1.000000e-60
	1.000000e-60	1.000000e-60	1.000000e-60	1.000000e-60	1.000000e-60
	1.000000e-60	1.000000e-60	1.000000e-60	1.000000e-60	1.000000e-60
	1.000000e-60	1.000000e-60	1.000000e-60	1.000000e-60	1.000000e-60
	1.000000e-60	1.000000e-60	1.000000e-60	1.000000e-60	1.000000e-60
	1.824879e-04	1.829046e-03	3.498008e-03	5.171695e-03	6.830812e-03
	8.451863e-03	1.000696e-02	1.146691e-02	1.280451e-02	1.399311e-02
	1.500016e-02	1.578396e-02	1.630256e-02	1.652877e-02	1.645430e-02
	1.608252e-02	1.542607e-02	1.451483e-02	1.339757e-02	1.212996e-02
	1.076350e-02	9.345433e-03	7.922440e-03	6.542427e-03	5.249315e-03
	4.070898e-03	3.034918e-03	2.173044e-03	1.482681e-03	9.541524e-04
	5.804770e-04	3.305029e-04	1.741567e-04	8.600345e-05	4.013267e-05
	1.771526e-05	7.559590e-06	3.213793e-06	1.388201e-06	6.232437e-07
	2.957558e-07	1.476326e-07	7.677041e-08	4.148850e-08	2.330520e-08
	1.355795e-08	8.110925e-09	4.947544e-09	3.054847e-09	1.902064e-09
	1.193095e-09	7.540292e-10	4.802025e-10	3.080086e-10	1.986971e-10
	1.286200e-10	8.328212e-11	5.373072e-11	3.437598e-11	2.168044e-11
	1.337059e-11	7.962306e-12	4.473617e-12	2.250269e-12	8.574381e-13
	1.000000e-60
massfraction-CH4
	1.000000e+00	9.999752e-01	9.999062e-01	9.997520e-01	9.994537e-01
	9.989348e-01	9.981064e-01	9.968759e-01	9.951550e-01	9.928674e-01
	9.899561e-01	9.863788e-01	9.820892e-01	9.770437e-01	9.712088e-01
	9.645571e-01	9.570720e-01	9.487343e-01	9.395072e-01	9.293504e-01
	9.182274e-01	9.061011e-01	8.929408e-01	8.787264e-01	8.634566e-01
	8.471705e-01	8.299818e-01	8.121133e-01	7.938359e-01	7.753107e-01
	7.565242e-01	7.373682e-01	7.177482e-01	6.976283e-01	6.770184e-01
	6.559528e-01	1.000000e-60	5.041739e-01	4.902865e-01	4.758547e-01
	4.609885e-01	4.458022e-01	4.304207e-01	4.149732e-01	3.995612e-01
	3.842574e-01	3.691317e-01	3.542558e-01	3.396974e-01	3.255308e-01
	3.118379e-01	2.986847e-01	2.861164e-01	2.741721e-01	2.628841e-01
	2.522715e-01	2.423384e-01	2.330719e-01	2.244375e-01	2.163792e-01
	2.088215e-01	2.016784e-01	1.948630e-01	1.882944e-01	1.818980e-01
	1.756077e-01	1.693662e-01	1.631253e-01	1.568634e-01	1.505953e-01
	1.443506e-01	1.381551e-01	1.320298e-01	1.259826e-01	1.200023e-01
	1.140691e-01	1.081708e-01	1.023026e-01	9.646084e-02	9.064482e-02
	8.486421e-02	7.913919e-02	7.349003e-02	6.792376e-02	6.243386e-02
	5.702265e-02	5.173006e-02	4.663272e-02	4.180323e-02	3.727218e-02
	3.303551e-02	2.909272e-02	2.546364e-02	2.216642e-02	1.919403e-02
	1.651865e-02	1.410964e-02	1.194357e-02	1.000590e-02	8.284226e-03
	6.755623e-03	5.409301e-03	4.253509e-03	3.267920e-03	2.436718e-03
	1.765955e-03	1.234911e-03	8.266490e-04	5.346076e-04	3.377504e-04
	2.115784e-04	1.363512e-04	9.385510e-05	6.930865e-05	5.361918e-05
	4.249343e-05	3.406531e-05	2.742874e-05	2.212297e-05	1.787566e-05
	1.446533e-05	1.170025e-05	9.426915e-06	7.536496e-06	5.960723e-06
	4.654900e-06	3.584200e-06	2.717889e-06	2.027247e-06	1.485377e-06
	1.067523e-06	7.513060e-07	5.168257e-07	3.466989e-07	2.260572e-07
	1.424995e-07	8.598381e-08	4.864157e-08	2.453232e-08	9.350463e-09
	1.000000e-60
massfraction-C2H6
	1.000000e-60	1.000000e-60	1.000000e-60	1.000000e-60	1.000000e-60
	1.000000e-60	1.000000e-60	1.000000e-60	1.000000e-60	1.000000e-60
	1.000000e-60	1.000000e-60	1.000000e-60	1.000000e-60	1.000000e-60
	1.000000e-60	1.000000e-60	1.000000e-60	1.000000e-60	1.000000e-60
	1.000000e-60	1.000000e-60	1.000000e-60	1.000000e-60	1.000000e-60
	1.000000e-60	1.000000e-60	1.000000e-60	1.000000e-60	1.000000e-60
	1.000000e-60	1.000000e-60	1.000000e-60	1.000000e-60	3.665444e-05
	8.229829e-05	1.000000e-60	9.836072e-04	1.020840e-03	1.068754e-03
	1.130039e-03	1.207483e-03	1.304101e-03	1.423236e-03	1.568916e-03
	1.746169e-03	1.961018e-03	2.220499e-03	2.532709e-03	2.906418e-03
	3.350408e-03	3.873392e-03	4.483666e-03	5.187654e-03	5.988441e-03
	6.884403e-03	7.867449e-03	8.921446e-03	1.002151e-02	1.113470e-02
	1.222266e-02	1.324560e-02	1.416693e-02	1.495739e-02	1.559749e-02
	1.607691e-02	1.639235e-02	1.654525e-02	1.654012e-02	1.638586e-02
	1.609661e-02	1.568983e-02	1.518413e-02	1.459689e-02	1.394213e-02
	1.323081e-02	1.247283e-02	1.167778e-02	1.085444e-02	1.001126e-02
	9.157663e-03	8.304183e-03	7.460911e-03	6.635391e-03	5.832647e-03
	5.058656e-03	4.324257e-03	3.644029e-03	3.029711e-03	2.485359e-03
	2.009407e-03	1.599880e-03	1.256897e-03	9.779838e-04	7.512420e-04
	5.682996e-04	4.219060e-04	3.062509e-04	2.166148e-04	1.487501e-04
	9.843612e-05	6.233183e-05	3.774561e-05	2.161763e-05	1.154479e-05
	5.757740e-06	2.637308e-06	1.090164e-06	4.122797e-07	1.445045e-07
	4.789248e-08	1.613307e-08	6.158574e-09	2.891545e-09	1.660749e-09
	1.090006e-09	7.667640e-10	5.561855e-10	4.087174e-10	3.024352e-10
	2.246592e-10	1.669013e-10	1.233626e-10	9.021799e-11	6.500987e-11
	4.603563e-11	3.197814e-11	2.175940e-11	1.448424e-11	9.418734e-12
	5.974628e-12	3.691699e-12	2.218811e-12	1.295163e-12	7.327304e-13
	4.003302e-13	2.096363e-13	1.033664e-13	4.579942e-14	1.552089e-14
	1.000000e-60
massfraction-C2H
	1.000000e-60	1.756564e-24	1.461384e-23	1.000000e-60	1.000000e-60
	6.828421e-24	1.000000e-60	1.000000e-60	1.205392e-22	4.260211e-23
	5.340880e-23	2.413974e-22	4.916857e-23	1.000000e-60	1.995060e-22
	3.975636e-22	1.828878e-21	4.315836e-21	1.220304e-20	2.962527e-20
	6.843013e-20	1.519230e-19	2.854805e-19	3.962006e-19	3.163932e-22
	1.000000e-60	1.000000e-60	1.000000e-60	1.000000e-60	1.000000e-60
	1.000000e-60	1.000000e-60	1.000000e-60	1.000000e-60	1.000000e-60
	1.000000e-60	1.000000e-60	1.000000e-60	1.000000e-60	1.000000e-60
	1.000000e-60	1.000000e-60	1.000000e-60	1.000000e-60	1.000000e-60
	1.000000e-60	1.000000e-60	1.000000e-60	1.000000e-60	1.000000e-60
	1.000000e-60	1.000000e-60	1.000000e-60	1.000000e-60	1.000000e-60
	1.000000e-60	1.000000e-60	1.000000e-60	1.000000e-60	1.000000e-60
	1.000000e-60	1.000000e-60	1.000000e-60	1.000000e-60	1.000000e-60
	1.000000e-60	1.000000e-60	1.000000e-60	1.000000e-60	1.000000e-60
	1.000000e-60	1.000000e-60	1.000000e-60	1.000000e-60	1.000000e-60
	1.000000e-60	1.000000e-60	1.000000e-60	1.000000e-60	1.000000e-60
	1.000000e-60	1.000000e-60	1.000000e-60	1.000000e-60	1.000000e-60
	1.000000e-60	1.000000e-60	1.000000e-60	1.000000e-60	7.642814e-07
	1.908955e-06	2.921167e-06	3.744270e-06	4.337122e-06	4.684018e-06
	4.790500e-06	4.675589e-06	4.369053e-06	3.911471e-06	3.351734e-06
	2.737424e-06	2.118183e-06	1.548313e-06	1.057873e-06	6.649269e-07
	3.824276e-07	1.967094e-07	8.763813e-08	3.355798e-08	1.093223e-08
	2.952347e-09	6.709926e-10	1.385524e-10	2.882415e-11	6.414610e-12
	1.472946e-12	3.293901e-13	7.113368e-14	1.549421e-14	3.597474e-15
	9.159119e-16	2.558771e-16	7.750698e-17	2.517757e-17	8.749363e-18
	3.263428e-18	1.311333e-18	5.678660e-19	2.638901e-19	1.304796e-19
	6.780894e-20	3.648015e-20	1.996027e-20	1.088434e-20	5.776507e-21
	2.898440e-21	1.323447e-21	5.190680e-22	1.563728e-22	2.591378e-23
	1.000000e-60
massfraction-C2H2
	1.000000e-60	1.000000e-60	1.000000e-60	1.000000e-60	1.000000e-60
	1.000000e-60	1.000000e-60	1.000000e-60	1.000000e-60	1.000000e-60
	1.000000e-60	1.000000e-60	1.000000e-60	1.000000e-60	1.000000e-60
	1.000000e-60	1.000000e-60	1.000000e-60	1.000000e-60	1.000000e-60
	1.000000e-60	1.000000e-60	1.000000e-60	1.000000e-60	1.000000e-60
	1.000000e-60	1.000000e-60	1.000000e-60	1.000000e-60	1.000000e-60
	1.000000e-60	1.000000e-60	1.000000e-60	1.000000e-60	1.000000e-60
	1.000000e-60	1.000000e-60	1.000000e-60	1.000000e-60	1.000000e-60
	1.000000e-60	1.000000e-60	1.000000e-60	1.000000e-60	1.000000e-60
	1.000000e-60	1.000000e-60	1.000000e-60	1.000000e-60	1.000000e-60
	1.000000e-60	1.000000e-60	1.000000e-60	1.000000e-60	1.000000e-60
	1.000000e-60	1.000000e-60	1.000000e-60	1.000000e-60	1.000000e-60
	1.000000e-60	1.000000e-60	1.000000e-60	1.000000e-60	1.000000e-60
	1.000000e-60	1.000000e-60	1.000000e-60	1.000000e-60	8.679269e-04
	1.842179e-03	2.849748e-03	3.879621e-03	4.922736e-03	5.973435e-03
	7.027559e-03	8.079340e-03	9.120957e-03	1.014340e-02	1.113578e-02
	1.208383e-02	1.297005e-02	1.377559e-02	1.448211e-02	1.507060e-02
	1.551788e-02	1.579605e-02	1.587949e-02	1.575386e-02	1.541666e-02
	1.487181e-02	1.413005e-02	1.321575e-02	1.216655e-02	1.102274e-02
	9.819431e-03	8.587841e-03	7.358994e-03	6.165647e-03	5.038440e-03
	3.995981e-03	3.059345e-03	2.257212e-03	1.591015e-03	1.058338e-03
	6.629326e-04	3.847991e-04	2.027848e-04	9.723640e-05	4.261037e-05
	1.710043e-05	6.617403e-06	2.722250e-06	1.312064e-06	7.630946e-07
	5.094412e-07	3.659591e-07	2.715427e-07	2.043529e-07	1.549921e-07
	1.180889e-07	9.003919e-08	6.836216e-08	5.141652e-08	3.815908e-08
	2.787535e-08	2.000891e-08	1.409349e-08	9.728351e-09	6.571810e-09
	4.338359e-09	2.794555e-09	1.753774e-09	1.070385e-09	6.338064e-10
	3.625921e-10	1.987479e-10	1.024354e-10	4.731684e-11	1.664826e-11
	1.000000e-60
massfraction-CHCO
	1.000000e-60	1.000000e-60	1.000000e-60	1.000000e-60	1.000000e-60
	1.000000e-60	1.000000e-60	1.000000e-60	1.000000e-60	1.000000e-60
	1.000000e-60	1.000000e-60	1.000000e-60	1.000000e-60	1.000000e-60
	1.000000e-60	1.000000e-60	1.000000e-60	1.000000e-60	1.000000e-60
	1.000000e-60	1.000000e-60	1.000000e-60	1.000000e-60	1.000000e-60
	1.000000e-60	1.000000e-60	1.000000e-60	1.000000e-60	1.000000e-60
	1.000000e-60	1.000000e-60	1.000000e-60	1.000000e-60	1.000000e-60
	1.000000e-60	1.000000e-60	1.000000e-60	1.000000e-60	1.000000e-60
	1.000000e-60	1.000000e-60	1.000000e-60	1.000000e-60	1.000000e-60
	1.000000e-60	1.000000e-60	1.000000e-60	1.000000e-60	1.000000e-60
	1.000000e-60	1.000000e-60	1.000000e-60	1.000000e-60	1.000000e-60
	1.000000e-60	1.000000e-60	1.000000e-60	1.000000e-60	1.000000e-60
	1.000000e-60	1.000000e-60	1.000000e-60	1.000000e-60	1.000000e-60
	1.000000e-60	1.000000e-60	1.000000e-60	1.000000e-60	1.000000e-60
	1.000000e-60	1.000000e-60	1.000000e-60	1.000000e-60	1.000000e-60
	1.000000e-60	1.000000e-60	1.000000e-60	2.020169e-04	6.229838e-04
	1.047676e-03	1.470015e-03	1.883231e-03	2.280836e-03	2.656442e-03
	3.001893e-03	3.305608e-03	3.554144e-03	3.736442e-03	3.846148e-03
	3.880151e-03	3.837173e-03	3.719355e-03	3.533783e-03	3.290803e-03
	3.001380e-03	2.676568e-03	2.328319e-03	1.970200e-03	1.616309e-03
	1.277682e-03	9.664256e-04	6.971395e-04	4.743698e-04	2.998809e-04
	1.754348e-04	9.315735e-05	4.383821e-05	1.844098e-05	6.868790e-06
	2.256357e-06	6.834050e-07	2.101693e-07	7.372161e-08	3.187901e-08
	1.670789e-08	9.833904e-09	6.080191e-09	3.825408e-09	2.431829e-09
	1.562243e-09	1.013128e-09	6.608892e-10	4.319160e-10	2.822606e-10
	1.844726e-10	1.206765e-10	7.908370e-11	5.193503e-11	3.416480e-11
	2.248992e-11	1.478913e-11	9.690918e-12	6.305558e-12	4.053215e-12
	2.553951e-12	1.557348e-12	8.972699e-13	4.630030e-13	1.808182e-13
	1.000000e-60
massfraction-C3H3
	1.000000e-60	1.000000e-60	1.000000e-60	1.000000e-60	1.000000e-60
	1.000000e-60	1.000000e-60	1.000000e-60	2.438763e-22	1.000000e-60
	1.000000e-60	1.000000e-60	1.868800e-21	1.000000e-60	1.000000e-60
	1.000000e-60	1.000000e-60	1.000000e-60	1.000000e-60	1.000000e-60
	1.000000e-60	2.657131e-20	1.000000e-60	1.000000e-60	1.000000e-60
	1.000000e-60	1.000000e-60	1.000000e-60	1.000000e-60	1.000000e-60
	1.000000e-60	1.000000e-60	1.000000e-60	1.000000e-60	1.000000e-60
	1.000000e-60	1.000000e-60	1.000000e-60	1.000000e-60	1.000000e-60
	1.000000e-60	1.000000e-60	1.000000e-60	1.000000e-60	1.000000e-60
	1.000000e-60	1.000000e-60	1.000000e-60	1.000000e-60	1.000000e-60
	1.000000e-60	1.000000e-60	1.000000e-60	1.000000e-60	1.000000e-60
	1.000000e-60	1.000000e-60	1.000000e-60	1.000000e-60	1.000000e-60
	1.000000e-60	1.000000e-60	1.000000e-60	1.000000e-60	1.000000e-60
	1.000000e-60	1.000000e-60	1.000000e-60	1.000000e-60	1.000000e-60
	1.000000e-60	1.000000e-60	1.000000e-60	1.000000e-60	1.000000e-60
	1.000000e-60	1.000000e-60	1.000000e-60	1.000000e-60	1.000000e-60
	1.000000e-60	1.000000e-60	1.000000e-60	1.000000e-60	1.000000e-60
	1.000000e-60	1.000000e-60	1.000000e-60	1.000000e-60	3.540630e-06
	8.690940e-06	1.227516e-05	1.421709e-05	1.464494e-05	1.385546e-05
	1.221472e-05	1.008639e-05	7.800311e-06	5.631728e-06	3.773586e-06
	2.316387e-06	1.282251e-06	6.414205e-07	2.813272e-07	1.037297e-07
	3.144371e-08	7.395713e-09	1.261836e-09	1.533400e-10	1.388256e-11
	8.744297e-13	3.211969e-14	6.162303e-16	5.389702e-18	2.622214e-20
	9.373998e-23	2.869138e-23	3.752774e-23	3.675752e-24	2.740895e-25
	2.010905e-26	1.466470e-27	1.907378e-28	2.650441e-31	4.324125e-33
	2.330515e-30	5.061877e-33	2.099294e-30	1.696412e-30	8.887860e-31
	4.958581e-34	2.710705e-33	3.523852e-32	9.898827e-33	4.209886e-36
	3.495979e-34	1.318574e-37	4.951144e-41	2.696632e-39	3.613937e-36
	1.000000e-60
massfraction-C2H3
	1.000000e-60	1.000000e-60	1.000000e-60	1.000000e-60	1.000000e-60
	1.000000e-60	1.000000e-60	1.000000e-60	1.000000e-60	1.000000e-60
	1.000000e-60	1.000000e-60	1.000000e-60	1.000000e-60	1.000000e-60
	1.000000e-60	1.000000e-60	1.000000e-60	1.000000e-60	1.000000e-60
	1.000000e-60	1.000000e-60	1.000000e-60	1.000000e-60	1.000000e-60
	1.000000e-60	1.000000e-60	1.000000e-60	1.000000e-60	1.000000e-60
	1.000000e-60	1.000000e-60	1.000000e-60	1.000000e-60	1.000000e-60
	1.000000e-60	1.000000e-60	1.000000e-60	1.000000e-60	1.000000e-60
	1.000000e-60	1.000000e-60	1.000000e-60	1.000000e-60	1.000000e-60
	1.000000e-60	1.000000e-60	1.000000e-60	1.000000e-60	1.000000e-60
	1.000000e-60	1.000000e-60	1.000000e-60	1.000000e-60	1.000000e-60
	1.000000e-60	1.000000e-60	1.000000e-60	1.000000e-60	1.000000e-60
	1.000000e-60	1.000000e-60	1.000000e-60	1.000000e-60	1.000000e-60
	1.000000e-60	1.000000e-60	1.000000e-60	1.000000e-60	1.000000e-60
	1.000000e-60	1.000000e-60	1.000000e-60	1.000000e-60	1.000000e-60
	1.000000e-60	1.000000e-60	1.000000e-60	1.000000e-60	1.000000e-60
	2.034612e-05	5.020033e-05	8.073509e-05	1.111144e-04	1.404938e-04
	1.678974e-04	1.921084e-04	2.118343e-04	2.260982e-04	2.344431e-04
	2.368001e-04	2.333499e-04	2.246015e-04	2.114379e-04	1.949175e-04
	1.760347e-04	1.556666e-04	1.346257e-04	1.137005e-04	9.359595e-05
	7.475318e-05	5.758768e-05	4.275199e-05	3.041862e-05	2.053747e-05
	1.314499e-05	7.875354e-06	4.337538e-06	2.212129e-06	1.050955e-06
	4.677397e-07	1.996521e-07	8.329979e-08	3.426984e-08	1.392385e-08
	5.376545e-09	1.889645e-09	5.976882e-10	1.732542e-10	4.803850e-11
	1.363954e-11	4.288458e-12	1.575451e-12	6.671932e-13	3.079795e-13
	1.475095e-13	7.125307e-14	3.419194e-14	1.614658e-14	7.449113e-15
	3.336217e-15	1.442230e-15	5.985097e-16	2.370801e-16	8.902487e-17
	3.136586e-17	1.017853e-17	2.925623e-18	6.763789e-19	9.157102e-20
	1.000000e-60
massfraction-C2H4
	1.000000e-60	1.000000e-60	1.000000e-60	1.000000e-60	1.000000e-60
	1.000000e-60	1.000000e-60	1.000000e-60	1.000000e-60	1.000000e-60
	1.000000e-60	1.000000e-60	1.000000e-60	1.000000e-60	1.000000e-60
	1.000000e-60	1.000000e-60	1.000000e-60	1.000000e-60	1.000000e-60
	1.000000e-60	1.000000e-60	1.000000e-60	1.000000e-60	1.000000e-60
	1.000000e-60	1.000000e-60	1.000000e-60	1.000000e-60	1.000000e-60
	1.000000e-60	1.000000e-60	1.000000e-60	1.000000e-60	1.000000e-60
	1.000000e-60	1.000000e-60	1.000000e-60	1.000000e-60	1.000000e-60
	1.000000e-60	1.000000e-60	1.000000e-60	1.000000e-60	1.000000e-60
	1.000000e-60	1.000000e-60	1.000000e-60	1.000000e-60	1.000000e-60
	1.000000e-60	1.000000e-60	1.000000e-60	1.000000e-60	1.000000e-60
	1.000000e-60	1.969224e-04	5.594863e-04	1.018938e-03	1.584080e-03
	2.258343e-03	3.038552e-03	3.914634e-03	4.870769e-03	5.888021e-03
	6.946485e-03	8.026555e-03	9.109354e-03	1.017351e-02	1.119377e-02
	1.214610e-02	1.301135e-02	1.377532e-02	1.442903e-02	1.496795e-02
	1.538898e-02	1.568849e-02	1.586269e-02	1.590824e-02	1.582227e-02
	1.560305e-02	1.525124e-02	1.477025e-02	1.416468e-02	1.343876e-02
	1.259872e-02	1.165942e-02	1.064828e-02	9.598980e-03	8.540232e-03
	7.492864e-03	6.476978e-03	5.516298e-03	4.632145e-03	3.836169e-03
	3.130300e-03	2.512094e-03	1.978264e-03	1.525560e-03	1.149302e-03
	8.413400e-04	5.962593e-04	4.091785e-04	2.687367e-04	1.666815e-04
	9.745034e-05	5.276401e-05	2.588587e-05	1.153335e-05	4.669121e-06
	1.722108e-06	6.069054e-07	2.231738e-07	9.392624e-08	4.767293e-08
	2.868140e-08	1.930605e-08	1.379118e-08	1.013956e-08	7.568354e-09
	5.695441e-09	4.296863e-09	3.230611e-09	2.406676e-09	1.768927e-09
	1.279374e-09	9.088379e-10	6.332324e-10	4.321639e-10	2.884945e-10
	1.881057e-10	1.196199e-10	7.407765e-11	4.459823e-11	2.604287e-11
	1.469160e-11	7.942119e-12	4.038893e-12	1.842295e-12	6.408830e-13
	1.000000e-60
massfraction-C2H5
	1.000000e-60	1.000000e-60	1.000000e-60	1.000000e-60	1.000000e-60
	1.000000e-60	1.000000e-60	1.000000e-60	1.000000e-60	1.000000e-60
	1.000000e-60	1.000000e-60	1.000000e-60	1.000000e-60	1.000000e-60
	1.000000e-60	1.000000e-60	1.000000e-60	1.000000e-60	1.000000e-60
	1.000000e-60	1.000000e-60	1.000000e-60	1.000000e-60	1.000000e-60
	1.000000e-60	1.000000e-60	1.000000e-60	1.000000e-60	1.000000e-60
	1.000000e-60	1.000000e-60	1.000000e-60	1.000000e-60	1.000000e-60
	1.000000e-60	1.000000e-60	1.000000e-60	1.000000e-60	1.000000e-60
	1.000000e-60	1.000000e-60	1.000000e-60	1.000000e-60	1.000000e-60
	1.000000e-60	1.000000e-60	1.000000e-60	1.000000e-60	1.000000e-60
	1.000000e-60	1.000000e-60	1.000000e-60	1.000000e-60	1.000000e-60
	1.000000e-60	1.000000e-60	1.000000e-60	1.000000e-60	1.000000e-60
	1.000000e-60	1.000000e-60	1.000000e-60	1.000000e-60	1.000000e-60
	1.000000e-60	1.000000e-60	1.000000e-60	1.000000e-60	1.000000e-60
	1.000000e-60	1.804592e-05	4.789772e-05	7.916287e-05	1.110260e-04
	1.427451e-04	1.735749e-04	2.027670e-04	2.296142e-04	2.534452e-04
	2.736049e-04	2.894680e-04	3.005174e-04	3.064089e-04	3.069289e-04
	3.019610e-04	2.916056e-04	2.763774e-04	2.571925e-04	2.350804e-04
	2.109544e-04	1.856305e-04	1.597634e-04	1.342619e-04	1.108938e-04
	9.015017e-05	7.205075e-05	5.648216e-05	4.342472e-05	3.256983e-05
	2.366106e-05	1.654762e-05	1.113044e-05	7.135044e-06	4.307102e-06
	2.450684e-06	1.296013e-06	6.270874e-07	2.800658e-07	1.158102e-07
	4.415142e-08	1.581552e-08	5.539575e-09	2.011122e-09	8.054303e-10
	3.563919e-10	1.616201e-10	7.139235e-11	3.135723e-11	1.435095e-11
	7.056569e-12	3.742931e-12	2.110984e-12	1.240478e-12	7.459968e-13
	4.528311e-13	2.745598e-13	1.649625e-13	9.760914e-14	5.659891e-14
	3.203539e-14	1.764528e-14	9.436834e-15	4.892704e-15	2.456463e-15
	1.192581e-15	5.577670e-16	2.483450e-16	1.012853e-16	3.251460e-17
	1.000000e-60
massfraction-C3H4
	1.000000e-60	2.822465e-10	1.098861e-09	3.257348e-09	8.433012e-09
	1.973958e-08	4.237195e-08	8.413780e-08	1.557357e-07	2.706193e-07
	4.442265e-07	6.934086e-07	1.036898e-06	1.494436e-06	2.085208e-06
	2.827167e-06	3.735472e-06	4.823240e-06	6.103518e-06	7.587511e-06
	9.283398e-06	1.119687e-05	1.333004e-05	1.568079e-05	1.824149e-05
	2.099570e-05	2.391267e-05	2.694240e-05	3.002744e-05	3.313073e-05
	3.624638e-05	3.938490e-05	4.255435e-05	4.575308e-05	4.897213e-05
	5.219912e-05	1.000000e-60	6.353975e-05	6.649126e-05	6.939975e-05
	7.224427e-05	7.500618e-05	7.766868e-05	8.021764e-05	8.264593e-05
	8.495216e-05	8.713596e-05	8.919747e-05	9.113846e-05	9.296138e-05
	9.466934e-05	9.626833e-05	9.776566e-05	9.916516e-05	1.004640e-04
	1.016519e-04	1.027123e-04	1.036285e-04	1.043916e-04	1.050083e-04
	1.055030e-04	1.059144e-04	1.062884e-04	1.066701e-04	1.070986e-04
	1.076045e-04	1.082104e-04	1.089319e-04	1.097770e-04	1.107429e-04
	1.118187e-04	1.129888e-04	1.142348e-04	1.155386e-04	1.168853e-04
	1.182612e-04	1.196491e-04	1.210280e-04	1.223726e-04	1.236522e-04
	1.248278e-04	1.258528e-04	1.266773e-04	1.272454e-04	1.274907e-04
	1.273300e-04	1.266671e-04	1.254137e-04	1.235066e-04	1.209026e-04
	1.175636e-04	1.134713e-04	1.086624e-04	1.032288e-04	9.727338e-05
	9.087866e-05	8.411397e-05	7.705516e-05	6.979917e-05	6.244923e-05
	5.505063e-05	4.768600e-05	4.055739e-05	3.370858e-05	2.718912e-05
	2.124200e-05	1.591044e-05	1.125769e-05	7.490593e-06	4.648457e-06
	2.651516e-06	1.395688e-06	6.979054e-07	3.472723e-07	1.809281e-07
	1.014409e-07	6.087969e-08	3.833626e-08	2.492046e-08	1.657089e-08
	1.119545e-08	7.630231e-09	5.204078e-09	3.524625e-09	2.357449e-09
	1.551814e-09	1.002985e-09	6.353616e-10	3.938018e-10	2.383977e-10
	1.407108e-10	8.083856e-11	4.513311e-11	2.445120e-11	1.283086e-11
	6.502232e-12	3.161487e-12	1.451123e-12	6.013077e-13	1.919431e-13
	1.000000e-60
massfraction-C3H5
	1.000000e-60	7.096828e-11	2.805677e-10	8.457354e-10	2.227015e-09
	5.299581e-09	1.155534e-08	2.328395e-08	4.368619e-08	7.686478e-08
	1.276173e-07	2.012669e-07	3.037910e-07	4.415510e-07	6.207949e-07
	8.474166e-07	1.126440e-06	1.462210e-06	1.858984e-06	2.320370e-06
	2.848942e-06	3.446401e-06	4.113232e-06	4.848492e-06	5.649434e-06
	6.510478e-06	7.421538e-06	8.366532e-06	9.327145e-06	1.029154e-05
	1.125766e-05	1.222855e-05	1.320647e-05	1.419071e-05	1.517830e-05
	1.616526e-05	1.000000e-60	1.866038e-05	1.959699e-05	2.051512e-05
	2.140864e-05	2.227252e-05	2.310265e-05	2.389610e-05	2.465239e-05
	2.537296e-05	2.605944e-05	2.671305e-05	2.733416e-05	2.792090e-05
	2.846799e-05	2.896681e-05	2.940520e-05	2.976767e-05	3.003753e-05
	3.020021e-05	3.024648e-05	3.017532e-05	2.999591e-05	2.972868e-05
	2.940547e-05	2.906823e-05	2.876609e-05	2.855084e-05	2.847220e-05
	2.857477e-05	2.889675e-05	2.946968e-05	3.031562e-05	3.144048e-05
	3.283219e-05	3.446429e-05	3.629939e-05	3.829526e-05	4.041120e-05
	4.260666e-05	4.483523e-05	4.704356e-05	4.917357e-05	5.116154e-05
	5.293614e-05	5.442124e-05	5.554276e-05	5.623326e-05	5.642933e-05
	5.606889e-05	5.510414e-05	5.352851e-05	5.138710e-05	4.875400e-05
	4.570819e-05	4.234134e-05	3.877320e-05	3.513233e-05	3.152932e-05
	2.803646e-05	2.469524e-05	2.153526e-05	1.858298e-05	1.585607e-05
	1.334472e-05	1.104981e-05	9.001024e-06	7.175956e-06	5.556715e-06
	4.171118e-06	2.998558e-06	2.028174e-06	1.281022e-06	7.455943e-07
	3.911092e-07	1.844499e-07	8.065462e-08	3.504262e-08	1.665661e-08
	9.157261e-09	5.704140e-09	3.821675e-09	2.647998e-09	1.861405e-09
	1.315879e-09	9.299294e-10	6.528600e-10	4.524644e-10	3.081178e-10
	2.055692e-10	1.341122e-10	8.542997e-11	5.306242e-11	3.209063e-11
	1.886944e-11	1.077298e-11	5.964440e-12	3.198520e-12	1.659012e-12
	8.301176e-13	3.982749e-13	1.803717e-13	7.378355e-14	2.327902e-14
	1.000000e-60
massfraction-C3H6
	1.000000e-60	2.597483e-10	1.047176e-09	3.224528e-09	8.675279e-09
	2.107808e-08	4.687275e-08	9.620246e-08	1.836101e-07	3.282110e-07
	5.529549e-07	8.839703e-07	1.351217e-06	1.987359e-06	2.825492e-06
	3.897965e-06	5.233821e-06	6.859544e-06	8.801848e-06	1.108494e-05
	1.372850e-05	1.674836e-05	2.015462e-05	2.395048e-05	2.813017e-05
	3.267341e-05	3.753620e-05	4.264189e-05	4.790012e-05	5.325432e-05
	5.870233e-05	6.427364e-05	6.999781e-05	7.589153e-05	8.196255e-05
	8.821664e-05	1.000000e-60	1.134319e-04	1.199490e-04	1.265577e-04
	1.332296e-04	1.399263e-04	1.465981e-04	1.531888e-04	1.596525e-04
	1.659586e-04	1.720854e-04	1.780200e-04	1.837571e-04	1.892839e-04
	1.945604e-04	1.995006e-04	2.039433e-04	2.076264e-04	2.101936e-04
	2.112492e-04	2.104607e-04	2.076950e-04	2.031481e-04	1.974159e-04
	1.914682e-04	1.865220e-04	1.838512e-04	1.845875e-04	1.895803e-04
	1.993457e-04	2.140793e-04	2.336946e-04	2.577829e-04	2.855365e-04
	3.158433e-04	3.474631e-04	3.791423e-04	4.097347e-04	4.382716e-04
	4.638922e-04	4.857525e-04	5.030344e-04	5.149835e-04	5.209215e-04
	5.202948e-04	5.127563e-04	4.982215e-04	4.768283e-04	4.488583e-04
	4.148179e-04	3.757305e-04	3.333016e-04	2.895718e-04	2.463230e-04
	2.048971e-04	1.664692e-04	1.321728e-04	1.030570e-04	7.890846e-05
	5.900118e-05	4.288344e-05	3.014642e-05	2.039663e-05	1.320723e-05
	8.097488e-06	4.647791e-06	2.486407e-06	1.217302e-06	5.327375e-07
	2.078813e-07	7.227749e-08	2.196063e-08	5.990059e-09	1.520488e-09
	3.812214e-10	1.073310e-10	3.946641e-11	2.098211e-11	1.575539e-11
	1.371873e-11	1.166157e-11	9.264634e-12	6.975638e-12	5.099307e-12
	3.678907e-12	2.629505e-12	1.857702e-12	1.290893e-12	8.785361e-13
	5.839395e-13	3.783732e-13	2.387119e-13	1.464780e-13	8.732954e-14
	5.053380e-14	2.835252e-14	1.540923e-14	8.104949e-15	4.120832e-15
	2.020588e-15	9.500675e-16	4.219126e-16	1.694460e-16	5.259433e-17
	1.000000e-60
massfraction-N-C3H7
	1.000000e-60	1.000000e-60	1.000000e-60	1.000000e-60	1.000000e-60
	1.000000e-60	1.000000e-60	1.000000e-60	1.000000e-60	1.000000e-60
	1.000000e-60	1.000000e-60	1.000000e-60	1.000000e-60	1.000000e-60
	1.000000e-60	1.000000e-60	1.000000e-60	1.000000e-60	1.000000e-60
	1.000000e-60	1.000000e-60	1.000000e-60	1.000000e-60	1.000000e-60
	1.000000e-60	1.000000e-60	1.000000e-60	1.000000e-60	1.000000e-60
	1.000000e-60	1.000000e-60	1.000000e-60	1.000000e-60	1.000000e-60
	1.198952e-11	1.000000e-60	8.679139e-10	6.305510e-10	4.713100e-10
	3.657139e-10	2.931444e-10	2.422098e-10	2.059325e-10	1.797324e-10
	1.605582e-10	1.464001e-10	1.359214e-10	1.281978e-10	1.225364e-10
	1.183233e-10	1.148736e-10	1.112524e-10	1.060031e-10	9.672279e-11
	7.945638e-11	4.794835e-11	1.000000e-60	1.000000e-60	1.000000e-60
	1.000000e-60	1.000000e-60	1.000000e-60	1.000000e-60	1.000000e-60
	1.000000e-60	1.000000e-60	1.000000e-60	1.000000e-60	1.000000e-60
	1.000000e-60	1.000000e-60	1.000000e-60	1.000000e-60	1.010317e-09
	2.838261e-09	4.930711e-09	7.224651e-09	9.649653e-09	1.215688e-08
	1.466003e-08	1.706979e-08	1.929359e-08	2.119984e-08	2.268963e-08
	2.366971e-08	2.405782e-08	2.381234e-08	2.295558e-08	2.156471e-08
	1.974309e-08	1.761570e-08	1.533534e-08	1.288553e-08	1.050434e-08
	8.399628e-09	6.572961e-09	4.984703e-09	3.648318e-09	2.564734e-09
	1.716245e-09	1.082657e-09	6.412312e-10	3.511381e-10	1.743596e-10
	7.841365e-11	3.213146e-11	1.189089e-11	4.112991e-12	1.399068e-12
	5.120622e-13	2.384616e-13	1.722729e-13	2.237180e-13	5.220128e-13
	1.520008e-12	2.208535e-12	1.880240e-12	1.378346e-12	9.741830e-13
	6.830550e-13	4.769726e-13	3.304359e-13	2.257944e-13	1.514852e-13
	9.949353e-14	6.384712e-14	3.997342e-14	2.438301e-14	1.447004e-14
	8.342528e-15	4.666450e-15	2.529407e-15	1.327149e-15	6.731767e-16
	3.293202e-16	1.544938e-16	6.845868e-17	2.743769e-17	8.500883e-18
	1.000000e-60
massfraction-I-C3H7
	1.000000e-60	1.000031e-60	9.999882e-61	9.998457e-61	9.994734e-61
	9.986267e-61	9.968955e-61	9.936634e-61	9.880928e-61	9.791474e-61
	9.656740e-61	9.464751e-61	9.203086e-61	8.860024e-61	8.426273e-61
	7.896002e-61	7.268481e-61	6.547952e-61	5.742807e-61	4.867314e-61
	3.942512e-61	2.995673e-61	2.060184e-61	1.174373e-61	3.796444e-62
	1.000000e-60	1.000000e-60	1.000000e-60	1.000000e-60	1.000000e-60
	1.000000e-60	1.000000e-60	5.937076e-62	1.522652e-61	2.667042e-61
	4.090037e-61	4.501746e-62	7.026056e-61	6.750573e-61	5.642453e-61
	4.625651e-61	4.046040e-61	3.776866e-61	3.651221e-61	3.585858e-61
	3.545371e-61	3.513623e-61	3.482640e-61	3.448480e-61	3.409408e-61
	3.364981e-61	3.315448e-61	3.261390e-61	3.203572e-61	3.142835e-61
	3.080012e-61	3.015891e-61	2.951203e-61	2.886275e-61	2.822201e-61
	2.759142e-61	2.697380e-61	2.637094e-61	2.577735e-61	3.519112e-64
	6.510943e-64	9.948348e-64	1.324642e-63	1.644877e-63	1.955877e-63
	2.257603e-63	2.550305e-63	2.834285e-63	3.109546e-63	3.376695e-63
	3.636457e-63	3.888471e-63	4.131607e-63	4.363781e-63	4.581423e-63
	4.778898e-63	4.948125e-63	5.077980e-63	5.154466e-63	5.165698e-63
	5.069895e-63	4.834973e-63	5.416174e-63	4.934266e-63	4.303886e-63
	3.538693e-63	2.672538e-63	1.784185e-63	3.268412e-63	1.521547e-60
	3.933191e-61	2.181703e-61	3.928493e-62	1.000000e-60	1.000000e-60
	1.000000e-60	1.000000e-60	1.000000e-60	1.000000e-60	1.000000e-60
	1.000000e-60	1.000000e-60	1.000000e-60	1.000000e-60	1.000000e-60
	1.000000e-60	1.000000e-60	1.000000e-60	1.000000e-60	1.000000e-60
	1.000000e-60	1.000000e-60	1.000000e-60	1.000000e-60	1.000000e-60
	1.000000e-60	1.000000e-60	1.000000e-60	1.000000e-60	8.436946e-63
	4.065561e-62	8.071370e-62	1.269413e-61	1.776524e-61	2.314528e-61
	2.873951e-61	3.450121e-61	4.042702e-61	4.654817e-61	5.291975e-61
	5.961034e-61	6.669279e-61	7.423725e-61	8.230073e-61	9.089380e-61
	1.000000e-60
massfraction-C3H8
	1.000000e-60	1.000092e-60	1.000223e-60	1.000524e-60	1.001191e-60
	1.002581e-60	1.005302e-60	1.010288e-60	1.018863e-60	1.032754e-60
	1.054018e-60	1.084991e-60	1.128335e-60	1.186928e-60	1.263644e-60
	1.361231e-60	1.482068e-60	1.628228e-60	1.801721e-60	2.004231e-60
	2.236946e-60	2.500610e-60	2.795372e-60	3.120688e-60	3.475158e-60
	3.856081e-60	4.258727e-60	4.675716e-60	5.098724e-60	5.522335e-60
	5.945506e-60	6.369356e-60	6.794823e-60	7.221359e-60	7.647501e-60
	8.071357e-60	2.199580e-60	8.518346e-60	8.934389e-60	9.338298e-60
	9.727201e-60	1.009881e-59	1.045133e-59	1.078350e-59	1.109516e-59
	1.138697e-59	1.165979e-59	1.191460e-59	1.215262e-59	1.237523e-59
	1.258399e-59	1.278109e-59	1.296939e-59	1.315232e-59	1.333386e-59
	1.351859e-59	1.371169e-59	1.391873e-59	1.495195e-59	1.518877e-59
	1.538253e-59	1.553527e-59	1.564869e-59	1.572437e-59	1.576383e-59
	1.576843e-59	1.573919e-59	1.567664e-59	1.558107e-59	1.545322e-59
	1.529434e-59	1.510586e-59	1.488914e-59	1.464489e-59	1.437260e-59
	1.407053e-59	1.373627e-59	1.336683e-59	1.295815e-59	1.250495e-59
	1.200106e-59	1.143935e-59	1.081054e-59	1.010053e-59	9.287875e-60
	8.343495e-60	7.233829e-60	5.053674e-60	3.972806e-60	3.100500e-60
	2.400190e-60	1.841820e-60	1.402272e-60	1.060894e-60	7.976521e-61
	5.947573e-61	4.381777e-61	3.174816e-61	2.249550e-61	1.556676e-61
	1.044973e-61	6.766968e-62	4.232406e-62	2.537035e-62	1.444357e-62
	7.853612e-63	4.015026e-63	1.833929e-63	5.626515e-64	1.000000e-60
	1.000000e-60	1.000000e-60	1.000000e-60	1.000000e-60	1.000000e-60
	1.000000e-60	5.417138e-62	1.908255e-61	3.393874e-61	4.772216e-61
	5.942173e-61	6.892826e-61	7.651297e-61	8.250604e-61	8.718117e-61
	9.076457e-61	9.345722e-61	9.543968e-61	9.687060e-61	9.788425e-61
	9.858986e-61	9.907326e-61	9.939977e-61	9.961763e-61	9.976149e-61
	9.985554e-61	9.991633e-61	9.995495e-61	9.997878e-61	9.999269e-61
	1.000000e-60
V [kg/(s*m^2)]
	4.013329e-01	3.774735e-01	3.541479e-01	3.319229e-01	3.111690e-01
	2.919890e-01	2.743551e-01	2.581835e-01	2.433535e-01	2.297328e-01
	2.172026e-01	2.056301e-01	1.948535e-01	1.847386e-01	1.751903e-01
	1.661328e-01	1.575114e-01	1.492729e-01	1.413568e-01	1.337140e-01
	1.263089e-01	1.191126e-01	1.121054e-01	1.052763e-01	9.862417e-02
	9.216294e-02	8.592852e-02	7.998153e-02	7.437979e-02	6.913600e-02
	6.421701e-02	5.957944e-02	5.519939e-02	5.107824e-02	4.723503e-02
	4.369926e-02	4.136493e-02	3.928839e-02	3.677555e-02	3.386268e-02
	3.059053e-02	2.700109e-02	2.313821e-02	1.904632e-02	1.476189e-02
	1.031230e-02	5.723449e-03	1.021993e-03	-3.765329e-03	-8.607566e-03
	-1.346768e-02	-1.831012e-02	-2.310295e-02	-2.781239e-02	-3.240274e-02
	-3.683886e-02	-4.108696e-02	-4.511623e-02	-4.890167e-02	-5.242664e-02
	-5.568473e-02	-5.867968e-02	-6.142371e-02	-6.393598e-02	-6.624150e-02
	-6.836803e-02	-7.034323e-02	-7.219287e-02	-7.393502e-02	-7.557838e-02
	-7.712931e-02	-7.859570e-02	-7.998621e-02	-8.131137e-02	-8.258444e-02
	-8.381883e-02	-8.502522e-02	-8.621200e-02	-8.738695e-02	-8.855714e-02
	-8.972760e-02	-9.090138e-02	-9.208165e-02	-9.327458e-02	-9.448994e-02
	-9.573679e-02	-9.701649e-02	-9.832068e-02	-9.963902e-02	-1.009692e-01
	-1.023176e-01	-1.036896e-01	-1.050823e-01	-1.064895e-01	-1.079118e-01
	-1.093592e-01	-1.108472e-01	-1.123917e-01	-1.140075e-01	-1.157110e-01
	-1.175373e-01	-1.195217e-01	-1.216737e-01	-1.240566e-01	-1.267601e-01
	-1.298141e-01	-1.333599e-01	-1.376090e-01	-1.426744e-01	-1.487648e-01
	-1.562777e-01	-1.655329e-01	-1.766412e-01	-1.893714e-01	-2.029252e-01
	-2.164223e-01	-2.294915e-01	-2.421407e-01	-2.543966e-01	-2.662298e-01
	-2.776702e-01	-2.888424e-01	-2.999389e-01	-3.111580e-01	-3.226385e-01
	-3.344593e-01	-3.466683e-01	-3.592994e-01	-3.723840e-01	-3.859541e-01
	-4.000395e-01	-4.146640e-01	-4.298407e-01	-4.455689e-01	-4.618322e-01
	-4.785986e-01	-4.958225e-01	-5.134481e-01	-5.314013e-01	-5.495323e-01
	-5.676795e-01
density [kg/m^3]
	6.431859e-01	6.430823e-01	6.428728e-01	6.424733e-01	6.417633e-01
	6.405850e-01	6.387529e-01	6.360735e-01	6.323665e-01	6.274871e-01
	6.213502e-01	6.139242e-01	6.051995e-01	5.952037e-01	5.840173e-01
	5.717595e-01	5.585897e-01	5.446731e-01	5.301504e-01	5.151603e-01
	4.998444e-01	4.843344e-01	4.687575e-01	4.532353e-01	4.378870e-01
	4.228412e-01	4.081338e-01	3.940079e-01	3.806746e-01	3.681673e-01
	3.563921e-01	3.452152e-01	3.345347e-01	3.242955e-01	3.144629e-01
	3.050251e-01	1.041434e+58	1.481066e+00	1.470538e+00	1.469553e+00
	1.474923e+00	1.480941e+00	1.485139e+00	1.486368e+00	1.483545e+00
	1.475692e+00	1.461978e+00	1.441796e+00	1.414819e+00	1.381079e+00
	1.341014e+00	1.295403e+00	1.245268e+00	1.191830e+00	1.136420e+00
	1.080372e+00	1.024775e+00	9.707847e-01	9.193731e-01	8.712013e-01
	8.266701e-01	7.859327e-01	7.489322e-01	7.154426e-01	6.851059e-01
	6.574974e-01	6.321805e-01	6.087420e-01	5.868706e-01	5.659219e-01
	5.461743e-01	5.275017e-01	5.097593e-01	4.927937e-01	4.763113e-01
	4.591836e-01	4.413459e-01	4.238351e-01	4.065348e-01	3.893984e-01
	3.724628e-01	3.557588e-01	3.393222e-01	3.231533e-01	3.072194e-01
	2.915192e-01	2.761673e-01	2.613926e-01	2.474197e-01	2.343476e-01
	2.222029e-01	2.110149e-01	2.007636e-01	1.913174e-01	1.830111e-01
	1.757808e-01	1.695566e-01	1.642878e-01	1.599499e-01	1.565264e-01
	1.535735e-01	1.511406e-01	1.497503e-01	1.494112e-01	1.501912e-01
	1.521572e-01	1.553908e-01	1.599688e-01	1.664409e-01	1.751044e-01
	1.843857e-01	1.968536e-01	2.137733e-01	2.366511e-01	2.662659e-01
	3.023767e-01	3.447554e-01	3.931460e-01	4.466326e-01	5.035624e-01
	5.623457e-01	6.219406e-01	6.818171e-01	7.415362e-01	8.002759e-01
	8.568276e-01	9.098601e-01	9.581616e-01	1.000829e+00	1.037361e+00
	1.067670e+00	1.092033e+00	1.111009e+00	1.125335e+00	1.135828e+00
	1.143293e+00	1.148460e+00	1.151949e+00	1.154251e+00	1.155736e+00
	1.156679e+00
cp [J/m^3K]
	2.197908e+03	2.198093e+03	2.198449e+03	2.199109e+03	2.200261e+03
	2.202154e+03	2.205085e+03	2.209374e+03	2.215327e+03	2.223209e+03
	2.233202e+03	2.245412e+03	2.259922e+03	2.276757e+03	2.295860e+03
	2.317101e+03	2.340274e+03	2.365141e+03	2.391493e+03	2.419102e+03
	2.447717e+03	2.477081e+03	2.506931e+03	2.536993e+03	2.566988e+03
	2.596602e+03	2.626062e+03	2.654689e+03	2.681828e+03	2.707315e+03
	2.731238e+03	2.753750e+03	2.774909e+03	2.794636e+03	2.812863e+03
	2.829233e+03	8.893982e-56	1.598102e+03	1.585486e+03	1.572200e+03
	1.558364e+03	1.544095e+03	1.529522e+03	1.514784e+03	1.499995e+03
	1.485245e+03	1.470622e+03	1.456216e+03	1.442114e+03	1.428411e+03
	1.415208e+03	1.402588e+03	1.390613e+03	1.379329e+03	1.368773e+03
	1.358951e+03	1.350124e+03	1.354569e+03	1.365686e+03	1.376868e+03
	1.387875e+03	1.398477e+03	1.408466e+03	1.417678e+03	1.426015e+03
	1.433432e+03	1.439931e+03	1.445544e+03	1.450308e+03	1.456108e+03
	1.461452e+03	1.466331e+03	1.470820e+03	1.474994e+03	1.479237e+03
	1.486383e+03	1.498451e+03	1.510840e+03	1.523890e+03	1.537625e+03
	1.551670e+03	1.565795e+03	1.579637e+03	1.592678e+03	1.604099e+03
	1.612692e+03	1.619668e+03	1.625525e+03	1.629995e+03	1.632967e+03
	1.634190e+03	1.633497e+03	1.632037e+03	1.632589e+03	1.631460e+03
	1.628719e+03	1.624436e+03	1.618715e+03	1.611682e+03	1.603463e+03
	1.598138e+03	1.595536e+03	1.590948e+03	1.584085e+03	1.574459e+03
	1.561730e+03	1.545552e+03	1.525970e+03	1.499689e+03	1.466561e+03
	1.442259e+03	1.412284e+03	1.376268e+03	1.335223e+03	1.292164e+03
	1.250499e+03	1.211683e+03	1.171879e+03	1.136107e+03	1.107696e+03
	1.086199e+03	1.070005e+03	1.057583e+03	1.047821e+03	1.040009e+03
	1.033693e+03	1.028565e+03	1.024403e+03	1.021040e+03	1.018343e+03
	1.016200e+03	1.014517e+03	1.013212e+03	1.012214e+03	1.011459e+03
	1.010893e+03	1.010474e+03	1.010163e+03	1.009932e+03	1.009761e+03
	1.009633e+03
lambda [W/m]
	3.231541e-02	3.232171e-02	3.233507e-02	3.236133e-02	3.240891e-02
	3.248889e-02	3.261450e-02	3.280000e-02	3.305955e-02	3.340597e-02
	3.384940e-02	3.439779e-02	3.505937e-02	3.584150e-02	3.674928e-02
	3.778611e-02	3.895292e-02	4.025028e-02	4.168104e-02	4.324818e-02
	4.495395e-02	4.680086e-02	4.879085e-02	5.092500e-02	5.320249e-02
	5.561783e-02	5.815515e-02	6.078496e-02	6.347178e-02	6.619624e-02
	6.896439e-02	7.179579e-02	7.470757e-02	7.770760e-02	8.079558e-02
	8.396655e-02	1.400206e-01	1.685616e-02	1.703495e-02	1.711436e-02
	1.712769e-02	1.713732e-02	1.716934e-02	1.723518e-02	1.734588e-02
	1.751224e-02	1.774465e-02	1.805283e-02	1.844550e-02	1.892970e-02
	1.950983e-02	2.018785e-02	2.096356e-02	2.183376e-02	2.279195e-02
	2.382865e-02	2.492935e-02	2.626409e-02	2.774457e-02	2.926102e-02
	3.079495e-02	3.233028e-02	3.385458e-02	3.536019e-02	3.684542e-02
	3.831400e-02	3.977380e-02	4.123573e-02	4.270853e-02	4.419236e-02
	4.569258e-02	4.721327e-02	4.876001e-02	5.034154e-02	5.200353e-02
	5.402162e-02	5.620239e-02	5.851150e-02	6.097599e-02	6.361707e-02
	6.644262e-02	6.946206e-02	7.268007e-02	7.610142e-02	7.972849e-02
	8.354502e-02	8.759823e-02	9.187377e-02	9.630699e-02	1.008466e-01
	1.054574e-01	1.100901e-01	1.146366e-01	1.189465e-01	1.229949e-01
	1.267287e-01	1.301061e-01	1.330805e-01	1.355977e-01	1.376071e-01
	1.389992e-01	1.397340e-01	1.398586e-01	1.393558e-01	1.381915e-01
	1.363757e-01	1.339201e-01	1.310569e-01	1.273985e-01	1.228845e-01
	1.171607e-01	1.102511e-01	1.021628e-01	9.312977e-02	8.383265e-02
	7.502676e-02	6.705902e-02	5.987170e-02	5.369838e-02	4.860974e-02
	4.446487e-02	4.106398e-02	3.822824e-02	3.582870e-02	3.378705e-02
	3.205603e-02	3.060184e-02	2.939572e-02	2.841016e-02	2.761800e-02
	2.699256e-02	2.650813e-02	2.614040e-02	2.586699e-02	2.566785e-02
	2.552564e-02	2.542584e-02	2.535683e-02	2.530959e-02	2.527754e-02
	2.525581e-02
mu [kg/s^2m]
	1.146011e-05	1.146186e-05	1.146559e-05	1.147290e-05	1.148615e-05
	1.150840e-05	1.154333e-05	1.159487e-05	1.166689e-05	1.176287e-05
	1.188553e-05	1.203694e-05	1.221922e-05	1.243426e-05	1.268330e-05
	1.296713e-05	1.328588e-05	1.363962e-05	1.402909e-05	1.445511e-05
	1.491834e-05	1.541958e-05	1.595951e-05	1.653862e-05	1.715693e-05
	1.781322e-05	1.850465e-05	1.922321e-05	1.995914e-05	2.070749e-05
	2.147041e-05	2.225393e-05	2.306379e-05	2.390360e-05	2.477513e-05
	2.567970e-05	1.838721e-05	8.291248e-06	8.458571e-06	8.581706e-06
	8.675642e-06	8.770631e-06	8.879478e-06	9.007861e-06	9.161641e-06
	9.346928e-06	9.569828e-06	9.836229e-06	1.015165e-05	1.052069e-05
	1.094643e-05	1.143062e-05	1.197375e-05	1.257444e-05	1.322917e-05
	1.393249e-05	1.467567e-05	1.544979e-05	1.624522e-05	1.705167e-05
	1.785975e-05	1.866184e-05	1.945256e-05	2.022918e-05	2.099207e-05
	2.174419e-05	2.249041e-05	2.323688e-05	2.398838e-05	2.473823e-05
	2.549403e-05	2.625771e-05	2.703152e-05	2.781921e-05	2.862685e-05
	2.945826e-05	3.030225e-05	3.118569e-05	3.212049e-05	3.311524e-05
	3.417202e-05	3.529635e-05	3.649377e-05	3.777281e-05	3.914635e-05
	4.062697e-05	4.221713e-05	4.390347e-05	4.566418e-05	4.748185e-05
	4.934788e-05	5.124721e-05	5.314978e-05	5.501911e-05	5.681889e-05
	5.852848e-05	6.013096e-05	6.160665e-05	6.293145e-05	6.408180e-05
	6.507118e-05	6.587630e-05	6.643590e-05	6.674130e-05	6.677869e-05
	6.653844e-05	6.601832e-05	6.520523e-05	6.407294e-05	6.261100e-05
	6.086582e-05	5.866115e-05	5.592710e-05	5.265186e-05	4.901646e-05
	4.531335e-05	4.173992e-05	3.840949e-05	3.540341e-05	3.276939e-05
	3.049981e-05	2.854938e-05	2.686271e-05	2.539457e-05	2.411795e-05
	2.301754e-05	2.208173e-05	2.129881e-05	2.065554e-05	2.013713e-05
	1.972790e-05	1.941191e-05	1.917359e-05	1.899822e-05	1.887243e-05
	1.878451e-05	1.872464e-05	1.868489e-05	1.865915e-05	1.864291e-05
	1.863292e-05
mDot_CH4 [kg/m^3s]
	0.000000e+00	-1.940197e-14	-1.564446e-13	-8.534053e-13	-3.629941e-12
	-1.295029e-11	-4.043962e-11	-1.137483e-10	-2.945600e-10	-7.149718e-10
	-1.648286e-09	-3.650244e-09	-7.850697e-09	-1.653041e-08	-3.422814e-08
	-6.986440e-08	-1.406315e-07	-2.791932e-07	-5.471017e-07	-1.058397e-06
	-2.020194e-06	-3.801669e-06	-7.045704e-06	-1.284326e-05	-2.298860e-05
	-4.030628e-05	-6.891976e-05	-1.143358e-04	-1.832275e-04	-2.835150e-04
	-4.250434e-04	-6.198893e-04	-8.811772e-04	-1.219817e-03	-1.640089e-03
	-2.159425e-03	6.753506e+06	-6.151709e-07	-2.383252e-57	-2.475311e-57
	-2.491297e-57	-2.501968e-57	-2.537725e-57	-2.612861e-57	-2.743488e-57
	-2.949531e-57	-3.257184e-57	-3.702044e-57	-4.333295e-57	-5.218095e-57
	-6.445618e-57	-8.132318e-57	-1.042614e-56	-1.350419e-56	-1.756384e-56
	-2.280703e-56	-2.940608e-56	-3.748747e-56	-4.710611e-56	-5.822850e-56
	-7.074756e-56	-8.451300e-56	-9.937137e-56	-1.152107e-55	-1.320057e-55
	-1.498413e-55	-1.689244e-55	-1.895934e-55	-2.122669e-55	-2.370054e-55
	-2.645598e-55	-2.955699e-55	-3.307992e-55	-3.712195e-55	-4.179302e-55
	1.598426e-03	4.047742e-02	1.514378e-01	3.917022e-01	8.497920e-01
	1.657975e+00	3.005528e+00	5.154566e+00	8.464030e+00	1.342269e+01
	2.066077e+01	3.087332e+01	4.463024e+01	6.218639e+01	8.340776e+01
	1.077258e+02	1.338729e+02	1.595296e+02	1.814946e+02	1.976672e+02
	2.061073e+02	2.056260e+02	1.959516e+02	1.779318e+02	1.535075e+02
	1.244913e+02	9.432347e+01	6.705537e+01	4.434396e+01	2.694688e+01
	1.507625e+01	4.070015e+00	-1.559265e+01	-1.845817e+01	-1.436366e+01
	-1.109656e+01	-6.746145e+00	-3.352040e+00	-1.376198e+00	-4.829981e-01
	-1.577170e-01	-5.011557e-02	-1.546262e-02	-4.686203e-03	-1.450042e-03
	-4.736818e-04	-1.650832e-04	-6.096734e-05	-2.362417e-05	-9.570552e-06
	-4.059867e-06	-1.805908e-06	-8.405902e-07	-4.067048e-07	-2.024316e-07
	-1.023742e-07	-5.191787e-08	-2.605783e-08	-1.277255e-08	-6.027062e-09
	-2.690080e-09	-1.106584e-09	-4.003560e-10	-1.146835e-10	-1.861330e-11
	0.000000e+00
ScalarDissRate [1/s]
	2.406227e-04	6.097448e-04	2.698468e-03	1.060644e-02	3.663657e-02
	1.114782e-01	3.010136e-01	7.280480e-01	1.594306e+00	3.195379e+00
	5.919166e+00	1.023612e+01	1.670118e+01	2.593102e+01	3.856067e+01
	5.521013e+01	7.642713e+01	1.026802e+02	1.343857e+02	1.718474e+02
	2.152079e+02	2.644399e+02	3.192980e+02	3.792860e+02	4.436180e+02
	5.111469e+02	5.799707e+02	6.480705e+02	7.134726e+02	7.747409e+02
	8.311956e+02	8.824687e+02	9.281055e+02	9.674936e+02	9.999158e+02
	1.294749e+04	1.204868e+122	2.291463e+04	1.193651e+03	1.223475e+03
	1.241599e+03	1.247937e+03	1.244653e+03	1.232578e+03	1.212183e+03
	1.184139e+03	1.149268e+03	1.108519e+03	1.062918e+03	1.013569e+03
	9.616465e+02	9.082832e+02	8.545094e+02	8.012888e+02	7.495061e+02
	6.999298e+02	6.529057e+02	6.077415e+02	5.658032e+02	5.279332e+02
	4.940866e+02	4.640792e+02	4.376210e+02	4.143538e+02	3.938741e+02
	3.757741e+02	3.596740e+02	3.452378e+02	3.322133e+02	3.197491e+02
	3.083487e+02	2.979087e+02	2.883017e+02	2.794029e+02	2.711256e+02
	2.635501e+02	2.550977e+02	2.469259e+02	2.389345e+02	2.310840e+02
	2.233940e+02	2.158699e+02	2.085217e+02	2.013451e+02	1.943284e+02
	1.874807e+02	1.807789e+02	1.742700e+02	1.680273e+02	1.620629e+02
	1.563778e+02	1.510371e+02	1.456194e+02	1.395157e+02	1.338905e+02
	1.288260e+02	1.239778e+02	1.192646e+02	1.146774e+02	1.101479e+02
	1.049774e+02	9.924792e+01	9.364140e+01	8.803069e+01	8.230861e+01
	7.651491e+01	7.046083e+01	6.397561e+01	5.715068e+01	4.988269e+01
	4.096574e+01	3.193036e+01	2.344622e+01	1.622423e+01	1.076017e+01
	7.006066e+00	4.548195e+00	2.960888e+00	1.934545e+00	1.270565e+00
	8.387111e-01	5.544665e-01	3.647251e-01	2.369524e-01	1.511560e-01
	9.430452e-02	5.736969e-02	3.394436e-02	1.948524e-02	1.082405e-02
	5.804066e-03	2.997355e-03	1.487941e-03	7.090792e-04	3.241750e-04
	1.421888e-04	5.987960e-05	2.424238e-05	9.453699e-06	3.571366e-06
	2.050091e-06
ZBilger
	1.000000e+00	9.999701e-01	9.998920e-01	9.997220e-01	9.993970e-01
	9.988356e-01	9.979425e-01	9.966182e-01	9.947676e-01	9.923084e-01
	9.891795e-01	9.853356e-01	9.807286e-01	9.753138e-01	9.690594e-01
	9.619412e-01	9.539482e-01	9.450682e-01	9.352710e-01	9.245242e-01
	9.128005e-01	9.000724e-01	8.863197e-01	8.715332e-01	8.557233e-01
	8.389408e-01	8.212498e-01	8.029081e-01	7.842197e-01	7.653489e-01
	7.462801e-01	7.269024e-01	7.071203e-01	6.868983e-01	6.662776e-01
	6.452699e-01	1.045630e-01	5.044782e-01	4.901917e-01	4.754547e-01
	4.603786e-01	4.450771e-01	4.296731e-01	4.142922e-01	3.990318e-01
	3.839611e-01	3.691480e-01	3.546628e-01	3.405738e-01	3.269566e-01
	3.138946e-01	3.014565e-01	2.896906e-01	2.786387e-01	2.683338e-01
	2.587931e-01	2.501659e-01	2.424037e-01	2.354026e-01	2.290907e-01
	2.233696e-01	2.181244e-01	2.132360e-01	2.085925e-01	2.040931e-01
	1.996522e-01	1.951995e-01	1.906785e-01	1.860581e-01	1.819388e-01
	1.778151e-01	1.736737e-01	1.695253e-01	1.653708e-01	1.612412e-01
	1.575404e-01	1.550446e-01	1.525507e-01	1.500917e-01	1.476620e-01
	1.452248e-01	1.427711e-01	1.402941e-01	1.377870e-01	1.352364e-01
	1.326325e-01	1.299836e-01	1.273210e-01	1.246820e-01	1.221106e-01
	1.195947e-01	1.171477e-01	1.146509e-01	1.118137e-01	1.091252e-01
	1.065907e-01	1.042141e-01	1.019987e-01	9.994868e-02	9.805996e-02
	9.477119e-02	9.015181e-02	8.604171e-02	8.243461e-02	7.933243e-02
	7.681956e-02	7.481944e-02	7.327212e-02	7.251678e-02	7.221900e-02
	6.566414e-02	5.796898e-02	4.948203e-02	4.083215e-02	3.290817e-02
	2.626637e-02	2.091304e-02	1.663068e-02	1.322203e-02	1.052943e-02
	8.403993e-03	6.712185e-03	5.347147e-03	4.233075e-03	3.321373e-03
	2.579248e-03	1.981038e-03	1.504626e-03	1.130121e-03	8.396346e-04
	6.173340e-04	4.494356e-04	3.241451e-04	2.315612e-04	1.635622e-04
	1.136661e-04	7.685955e-05	4.939254e-05	2.856472e-05	1.253063e-05
	0.000000e+00
ScalarDissRateBilger [1/s]
	1.925243e-05	6.551014e-05	3.773925e-04	1.702876e-03	6.334387e-03
	2.003540e-02	5.507483e-02	1.338756e-01	2.922608e-01	5.810098e-01
	1.064387e+00	1.817710e+00	2.927706e+00	4.489359e+00	6.600194e+00
	9.356948e+00	1.284837e+01	1.715590e+01	2.235892e+01	2.852488e+01
	3.570042e+01	4.390832e+01	5.313747e+01	6.333476e+01	7.439566e+01
	8.646557e+01	9.918355e+01	1.117558e+02	1.239167e+02	1.355359e+02
	1.464933e+02	1.567350e+02	1.661991e+02	1.745373e+02	1.818322e+02
	3.298196e+04	3.912951e+120	2.678038e+04	1.520552e+02	1.629640e+02
	1.731651e+02	1.824260e+02	1.905059e+02	1.972045e+02	2.023873e+02
	2.059772e+02	2.079340e+02	2.082509e+02	2.069549e+02	2.041100e+02
	1.998283e+02	1.942731e+02	1.876619e+02	1.802838e+02	1.725204e+02
	1.619855e+02	1.497413e+02	1.397140e+02	1.323014e+02	1.274981e+02
	1.262134e+02	1.293142e+02	1.375932e+02	1.517582e+02	1.724295e+02
	2.001210e+02	2.351895e+02	2.777575e+02	2.844190e+02	2.868196e+02
	3.237172e+02	3.636491e+02	4.040828e+02	4.395247e+02	4.204519e+02
	2.765801e+02	1.878044e+02	1.892752e+02	1.862242e+02	1.843692e+02
	1.845831e+02	1.849002e+02	1.846800e+02	1.833975e+02	1.809553e+02
	1.772301e+02	1.720083e+02	1.651310e+02	1.552717e+02	1.437340e+02
	1.318038e+02	1.258124e+02	1.417685e+02	1.477852e+02	1.273270e+02
	1.069048e+02	8.713962e+01	6.897747e+01	5.319929e+01	7.784912e+01
	1.565778e+02	1.662353e+02	1.079653e+02	6.519999e+01	3.572055e+01
	1.783042e+01	8.092593e+00	2.580043e+00	3.954833e-01	6.144051e+00
	2.608461e+01	2.218609e+01	1.737990e+01	1.260190e+01	8.606467e+00
	5.715415e+00	3.757489e+00	2.455852e+00	1.597440e+00	1.037887e+00
	6.749750e-01	4.384938e-01	2.829653e-01	1.801268e-01	1.124970e-01
	6.869563e-02	4.092363e-02	2.374887e-02	1.341325e-02	7.370953e-03
	3.944026e-03	2.059680e-03	1.054561e-03	5.332012e-04	2.689313e-04
	1.370078e-04	7.145748e-05	3.861767e-05	2.180499e-05	1.291949e-05
	9.931442e-06
ChiAnalytOverChiStoich
	1.000000e-10	1.000000e-10	1.000000e-10	1.000000e-10	1.000000e-10
	1.000000e-10	1.000000e-10	8.727665e-03	2.320684e-02	4.540516e-02
	7.836711e-02	1.257916e-01	1.921792e-01	2.826822e-01	4.027545e-01
	5.579095e-01	7.532372e-01	9.933764e-01	1.282798e+00	1.625271e+00
	2.023403e+00	2.478588e+00	2.990584e+00	3.557225e+00	4.174049e+00
	4.833512e+00	5.526284e+00	6.234725e+00	6.939740e+00	7.628677e+00
	8.296357e+00	8.940971e+00	9.559586e+00	1.014676e+01	1.069461e+01
	1.119624e+01	2.649143e+00	1.287437e+01	1.286813e+01	1.282668e+01
	1.274765e+01	1.262987e+01	1.247352e+01	1.228019e+01	1.205238e+01
	1.179303e+01	1.150574e+01	1.119472e+01	1.086465e+01	1.052074e+01
	1.016880e+01	9.814425e+00	9.462716e+00	9.118438e+00	8.785894e+00
	8.468593e+00	8.174296e+00	7.903846e+00	7.655561e+00	7.428380e+00
	7.219880e+00	7.026680e+00	6.844970e+00	6.670967e+00	6.501152e+00
	6.332449e+00	6.162286e+00	5.988561e+00	5.810120e+00	5.650349e+00
	5.489841e+00	5.328157e+00	5.165784e+00	5.002853e+00	4.840665e+00
	4.695200e+00	4.597071e+00	4.499021e+00	4.402370e+00	4.306920e+00
	4.211244e+00	4.115018e+00	4.017995e+00	3.919943e+00	3.820377e+00
	3.718946e+00	3.616028e+00	3.512877e+00	3.410974e+00	3.312038e+00
	3.215614e+00	3.122214e+00	3.027341e+00	2.920098e+00	2.819085e+00
	2.724432e+00	2.636228e+00	2.554514e+00	2.479359e+00	2.410532e+00
	2.291686e+00	2.127074e+00	1.983095e+00	1.858841e+00	1.753674e+00
	1.669705e+00	1.603689e+00	1.553137e+00	1.528628e+00	1.518997e+00
	1.311624e+00	1.080530e+00	8.432853e-01	6.232801e-01	4.437520e-01
	3.114994e-01	2.182350e-01	1.528866e-01	1.071228e-01	7.508272e-02
	5.245170e-02	3.616563e-02	2.416796e-02	1.514675e-02	8.287434e-03
	3.055954e-03	1.000000e-10	1.000000e-10	1.000000e-10	1.000000e-10
	1.000000e-10	1.000000e-10	1.000000e-10	1.000000e-10	1.000000e-10
	1.000000e-10	1.000000e-10	1.000000e-10	1.000000e-10	1.000000e-10
	1.000000e-10
ChiKWOverChiKWStoich
	7.485446e-11	7.485698e-11	7.486207e-11	7.487178e-11	7.488906e-11
	7.491781e-11	7.496268e-11	6.548250e-03	1.743313e-02	3.416422e-02
	5.908808e-02	9.508727e-02	1.457131e-01	2.150979e-01	3.077156e-01
	4.282199e-01	5.810880e-01	7.706069e-01	1.001106e+00	1.276543e+00
	1.600124e+00	1.974239e+00	2.400073e+00	2.877312e+00	3.403737e+00
	3.974433e+00	4.582939e+00	5.214917e+00	5.853911e+00	6.488614e+00
	7.114207e+00	7.728985e+00	8.330263e+00	8.912946e+00	9.469563e+00
	9.993123e+00	1.332294e+00	8.301881e+00	8.306745e+00	8.280825e+00
	8.225295e+00	8.144320e+00	8.040090e+00	7.914501e+00	7.769883e+00
	7.608737e+00	7.433808e+00	7.248076e+00	7.054625e+00	6.856710e+00
	6.657744e+00	6.460886e+00	6.268873e+00	6.084159e+00	5.908852e+00
	5.744538e+00	5.595902e+00	5.462857e+00	5.343592e+00	5.236832e+00
	5.140450e+00	5.051739e+00	4.967792e+00	4.885836e+00	4.803415e+00
	4.718490e+00	4.629435e+00	4.534977e+00	4.434433e+00	4.346586e+00
	4.256132e+00	4.162783e+00	4.067025e+00	3.969109e+00	3.870514e+00
	3.786222e+00	3.741725e+00	3.697315e+00	3.654349e+00	3.612836e+00
	3.571570e+00	3.530248e+00	3.488598e+00	3.446434e+00	3.403439e+00
	3.359317e+00	3.314055e+00	3.268007e+00	3.221643e+00	3.176031e+00
	3.130406e+00	3.084872e+00	3.034706e+00	2.968937e+00	2.904254e+00
	2.840857e+00	2.779002e+00	2.718873e+00	2.660611e+00	2.604050e+00
	2.490293e+00	2.322904e+00	2.171910e+00	2.037265e+00	1.918887e+00
	1.819632e+00	1.736336e+00	1.666618e+00	1.620530e+00	1.585749e+00
	1.348240e+00	1.089414e+00	8.300861e-01	5.960443e-01	4.107419e-01
	2.786655e-01	1.887162e-01	1.279475e-01	8.694678e-02	5.927633e-02
	4.040483e-02	2.726309e-02	1.787420e-02	1.101449e-02	5.937335e-03
	2.161098e-03	6.993327e-11	6.927896e-11	6.874273e-11	6.831145e-11
	6.797144e-11	6.770898e-11	6.751090e-11	6.736485e-11	6.725973e-11
	6.718588e-11	6.713521e-11	6.710121e-11	6.707886e-11	6.706447e-11
	6.705536e-11
ChiKWFact
	7.485446e-01	7.485698e-01	7.486207e-01	7.487178e-01	7.488906e-01
	7.491781e-01	7.496268e-01	7.502866e-01	7.512065e-01	7.524304e-01
	7.539908e-01	7.559114e-01	7.582146e-01	7.609177e-01	7.640277e-01
	7.675437e-01	7.714542e-01	7.757451e-01	7.804082e-01	7.854338e-01
	7.908084e-01	7.965174e-01	8.025432e-01	8.088642e-01	8.154522e-01
	8.222661e-01	8.292985e-01	8.364310e-01	8.435346e-01	8.505556e-01
	8.575098e-01	8.644458e-01	8.714042e-01	8.784034e-01	8.854519e-01
	8.925432e-01	5.029152e-01	6.448379e-01	6.455285e-01	6.455936e-01
	6.452399e-01	6.448461e-01	6.445728e-01	6.444931e-01	6.446764e-01
	6.451895e-01	6.460959e-01	6.474548e-01	6.493192e-01	6.517325e-01
	6.547229e-01	6.583051e-01	6.624813e-01	6.672369e-01	6.725386e-01
	6.783344e-01	6.845729e-01	6.911645e-01	6.980013e-01	7.049764e-01
	7.119855e-01	7.189369e-01	7.257581e-01	7.324030e-01	7.388560e-01
	7.451288e-01	7.512529e-01	7.572732e-01	7.632257e-01	7.692596e-01
	7.752741e-01	7.812801e-01	7.873005e-01	7.933692e-01	7.995830e-01
	8.064029e-01	8.139366e-01	8.218045e-01	8.300866e-01	8.388444e-01
	8.481034e-01	8.578938e-01	8.682435e-01	8.792053e-01	8.908647e-01
	9.032981e-01	9.164906e-01	9.302937e-01	9.444937e-01	9.589356e-01
	9.735018e-01	9.880397e-01	1.002433e+00	1.016725e+00	1.030212e+00
	1.042734e+00	1.054159e+00	1.064341e+00	1.073104e+00	1.080280e+00
	1.086664e+00	1.092066e+00	1.095212e+00	1.095986e+00	1.094210e+00
	1.089793e+00	1.082713e+00	1.073066e+00	1.060121e+00	1.043945e+00
	1.027916e+00	1.008222e+00	9.843478e-01	9.563025e-01	9.256114e-01
	8.945939e-01	8.647385e-01	8.368789e-01	8.116554e-01	7.894804e-01
	7.703245e-01	7.538396e-01	7.395824e-01	7.271852e-01	7.164262e-01
	7.071762e-01	6.993327e-01	6.927896e-01	6.874273e-01	6.831145e-01
	6.797144e-01	6.770898e-01	6.751090e-01	6.736485e-01	6.725973e-01
	6.718588e-01	6.713521e-01	6.710121e-01	6.707886e-01	6.706447e-01
	6.705536e-01
MolarMass [kg/kmole]
	1.604300e+01	1.604296e+01	1.604313e+01	1.604377e+01	1.604524e+01
	1.604800e+01	1.605257e+01	1.605949e+01	1.606923e+01	1.608220e+01
	1.609868e+01	1.611889e+01	1.614309e+01	1.617155e+01	1.620453e+01
	1.624230e+01	1.628512e+01	1.633332e+01	1.638737e+01	1.644782e+01
	1.651524e+01	1.659027e+01	1.667353e+01	1.676564e+01	1.686711e+01
	1.697819e+01	1.709363e+01	1.721404e+01	1.733985e+01	1.747016e+01
	1.760524e+01	1.774609e+01	1.789367e+01	1.804859e+01	1.821070e+01
	1.838042e+01	3.830753e+59	1.996605e+01	2.008845e+01	2.021985e+01
	2.035930e+01	2.050589e+01	2.065849e+01	2.081580e+01	2.097669e+01
	2.114027e+01	2.130558e+01	2.147160e+01	2.163727e+01	2.180142e+01
	2.196270e+01	2.211993e+01	2.227217e+01	2.241858e+01	2.255851e+01
	2.269158e+01	2.281415e+01	2.292717e+01	2.303285e+01	2.313253e+01
	2.322798e+01	2.332128e+01	2.341446e+01	2.350930e+01	2.360734e+01
	2.370977e+01	2.381757e+01	2.393149e+01	2.405180e+01	2.415850e+01
	2.426727e+01	2.437832e+01	2.449097e+01	2.460489e+01	2.471411e+01
	2.476654e+01	2.475898e+01	2.475001e+01	2.473716e+01	2.472077e+01
	2.470417e+01	2.468835e+01	2.467427e+01	2.466275e+01	2.465466e+01
	2.465107e+01	2.465323e+01	2.466238e+01	2.467955e+01	2.470455e+01
	2.473957e+01	2.478576e+01	2.483056e+01	2.484503e+01	2.486910e+01
	2.490342e+01	2.494899e+01	2.500644e+01	2.507641e+01	2.515965e+01
	2.518973e+01	2.517152e+01	2.518633e+01	2.523876e+01	2.533564e+01
	2.548190e+01	2.567752e+01	2.590433e+01	2.622497e+01	2.663424e+01
	2.679836e+01	2.698095e+01	2.718291e+01	2.739309e+01	2.759323e+01
	2.776985e+01	2.792155e+01	2.805201e+01	2.816423e+01	2.826035e+01
	2.834273e+01	2.841396e+01	2.847634e+01	2.853163e+01	2.858078e+01
	2.862430e+01	2.866252e+01	2.869575e+01	2.872435e+01	2.874870e+01
	2.876923e+01	2.878638e+01	2.880058e+01	2.881225e+01	2.882178e+01
	2.882952e+01	2.883581e+01	2.884090e+01	2.884503e+01	2.884837e+01
	2.885106e+01
TotalEnthalpy [J/kg]
	-4.664239e+06	-4.664025e+06	-4.663494e+06	-4.662363e+06	-4.660227e+06
	-4.656555e+06	-4.650726e+06	-4.642081e+06	-4.629983e+06	-4.613867e+06
	-4.593295e+06	-4.567924e+06	-4.537383e+06	-4.501317e+06	-4.459448e+06
	-4.411545e+06	-4.357461e+06	-4.297041e+06	-4.230004e+06	-4.156052e+06
	-4.074915e+06	-3.986317e+06	-3.890027e+06	-3.785890e+06	-3.673881e+06
	-3.554261e+06	-3.431852e+06	-3.306658e+06	-3.178895e+06	-3.049583e+06
	-2.918525e+06	-2.784867e+06	-2.647854e+06	-2.507137e+06	-2.362747e+06
	-2.214755e+06	3.564819e-52	-2.798486e+06	-2.734290e+06	-2.669613e+06
	-2.604346e+06	-2.537930e+06	-2.470455e+06	-2.402280e+06	-2.333668e+06
	-2.264772e+06	-2.195754e+06	-2.126800e+06	-2.058101e+06	-1.989896e+06
	-1.922492e+06	-1.856154e+06	-1.791077e+06	-1.727462e+06	-1.665521e+06
	-1.605450e+06	-1.547067e+06	-1.490503e+06	-1.435753e+06	-1.382819e+06
	-1.331679e+06	-1.282288e+06	-1.234592e+06	-1.188528e+06	-1.143991e+06
	-1.100846e+06	-1.058935e+06	-1.018102e+06	-9.783128e+05	-9.317970e+05
	-8.855953e+05	-8.403791e+05	-7.962988e+05	-7.534122e+05	-7.114969e+05
	-6.676430e+05	-6.085141e+05	-5.493168e+05	-4.890925e+05	-4.277932e+05
	-3.664036e+05	-3.053487e+05	-2.450478e+05	-1.857114e+05	-1.274521e+05
	-7.056382e+04	-1.579760e+04	3.576684e+04	8.311588e+04	1.264507e+05
	1.647145e+05	1.975307e+05	2.172889e+05	2.088115e+05	1.940347e+05
	1.727377e+05	1.450091e+05	1.109401e+05	7.078197e+04	2.494961e+04
	-2.019000e+04	-6.417405e+04	-1.129606e+05	-1.663479e+05	-2.239468e+05
	-2.830758e+05	-3.405325e+05	-3.854606e+05	-4.244851e+05	-4.509366e+05
	-4.266214e+05	-3.812578e+05	-3.220835e+05	-2.604961e+05	-2.082043e+05
	-1.700601e+05	-1.442387e+05	-1.256307e+05	-1.102445e+05	-9.645723e+04
	-8.380600e+04	-7.216490e+04	-6.145524e+04	-5.162444e+04	-4.268202e+04
	-3.467177e+04	-2.762753e+04	-2.155284e+04	-1.641558e+04	-1.215368e+04
	-8.684762e+03	-5.915084e+03	-3.746738e+03	-2.083095e+03	-8.328576e+02
	8.707277e+01	7.497099e+02	1.217026e+03	1.539640e+03	1.757125e+03
	1.900584e+03
trailer
Lewis numbers evaluated at maximum consumption
N2	-1
O2	1.01944
@ Z = 0.152363
H	1.228e+58
@ Z = 0.548389
OH	0.676298
@ Z = 0.0832199
O	4.54866e+58
@ Z = 0.548389
H2	0.287207
@ Z = 0.136115
H2O	6.1042e+58
@ Z = 0.548389
HO2	6.90121e+58
@ Z = 0.548389
H2O2	1.01458
@ Z = 0.0456097
CO	6.95261e+58
@ Z = 0.548389
CO2	1.28537
@ Z = 0.127213
CH	0.627587
@ Z = 0.136115
CHO	8.90696e+58
@ Z = 0.548389
CH2	6.27269e+58
@ Z = 0.548389
CH2O	1.1683
@ Z = 0.0971148
CH3	6.50897e+58
@ Z = 0.548389
CH4	0.928397
@ Z = 0.0905797
C2H6	1.34274
@ Z = 0.0905797
C2H	8.48144e+58
@ Z = 0.548389
C2H2	1.20998
@ Z = 0.065465
CHCO	0.811395
@ Z = 0.0187264
C3H3	1.63892
@ Z = 0.152363
C2H3	8.63336e+58
@ Z = 0.548389
C2H4	8.82666e+58
@ Z = 0.548389
C2H5	9.50999e+58
@ Z = 0.548389
C3H4	1.60984
@ Z = 0.0748335
C3H5	1.16936e+59
@ Z = 0.548389
C3H6	1.53127
@ Z = 0.1962
N-C3H7	1.74117
@ Z = 0.138887
I-C3H7	1.71978
@ Z = 0.11665
C3H8	1.22635e+59
@ Z = 0.548389
Lewis numbers evaluated at maximum formation
N2	-1
O2	6.85819e+58
@ Z = 0.548389
H	0.175482
@ Z = 0.130314
OH	4.62429e+58
@ Z = 0.548389
O	0.663741
@ Z = 0.0832199
H2	2.00581e+58
@ Z = 0.548389
H2O	0.752291
@ Z = 0.0905797
HO2	0.97553
@ Z = 0.168636
H2O2	6.94253e+58
@ Z = 0.548389
CO	1.03802
@ Z = 0.123914
CO2	8.92237e+58
@ Z = 0.548389
CH	4.29044e+58
@ Z = 0.548389
CHO	1.16741
@ Z = 0.0293273
CH2	0.905845
@ Z = 0.127213
CH2O	8.97425e+58
@ Z = 0.548389
CH3	0.924884
@ Z = 0.0905797
CH4	6.51861e+58
@ Z = 0.548389
C2H6	9.58054e+58
@ Z = 0.548389
C2H	1.19836
@ Z = 0.0905797
C2H2	8.55924e+58
@ Z = 0.548389
CHCO	5.63708e+58
@ Z = 0.548389
C3H3	1.1944e+59
@ Z = 0.548389
C2H3	1.21211
@ Z = 0.0234273
C2H4	1.23713
@ Z = 0.138887
C2H5	1.31433
@ Z = 0.15777
C3H4	1.13384e+59
@ Z = 0.548389
C3H5	-1
C3H6	1.21605e+59
@ Z = 0.548389
N-C3H7	1.22123e+59
@ Z = 0.548389
I-C3H7	1.22123e+59
@ Z = 0.548389
C3H8	-1
Lewis numbers evaluated at maximum mass fraction
N2	0.921565
@ Z = 5.69316e-06
O2	1.05257
@ Z = 5.69316e-06
H	0.17059
@ Z = 0.0748335
OH	0.676298
@ Z = 0.0832199
O	0.654464
@ Z = 0.0554948
H2	0.286376
@ Z = 0.141602
H2O	0.749257
@ Z = 0.112499
HO2	0.932062
@ Z = 0.205688
H2O2	1.01211
@ Z = 0.0234273
CO	1.03802
@ Z = 0.123914
CO2	1.28819
@ Z = 0.0832199
CH	0.628459
@ Z = 0.133265
CHO	1.18305
@ Z = 0.127213
CH2	0.902541
@ Z = 0.141602
CH2O	1.19067
@ Z = 0.138887
CH3	0.898847
@ Z = 0.160473
CH4	0.550333
@ Z = 0.999894
C2H6	1.27641
@ Z = 0.226835
C2H	1.21218
@ Z = 0.141602
C2H2	1.17649
@ Z = 0.163191
CHCO	0.807428
@ Z = 0.15507
C3H3	1.65059
@ Z = 0.14696
C2H3	1.21315
@ Z = 0.15507
C2H4	1.15728
@ Z = 0.187397
C2H5	1.28062
@ Z = 0.171321
C3H4	1.53664
@ Z = 0.171321
C3H5	1.58264
@ Z = 0.171321
C3H6	1.62071
@ Z = 0.184653
N-C3H7	1.66718
@ Z = 0.165919
I-C3H7	1.73406
@ Z = 0.144284
C3H8	1.65929
@ Z = 0.237973
