header

title = "planar counterflow diffusion flame"
author = ""
date = "Wed Aug 14 11:09:08 2013"

fuel = "CH4"
pressure = 1 [bar]
strainrate = 584.59 [1/s]
chiStoichAnal = 14.3934 [1/s]
chiStoichAnalKW = 21.9308 [1/s]
FlameLocZ = 0.056285 [K]
FlameLocBilger = 0.0642364 [K]
Tmax = 1749.18 [K]
stoichScalarDissRate = 23.6728 [1/s]
stoichScalarDissRateBilger = 19.9557 [1/s]

OxidizerSide
begin
	Temperature = 300 [K]
	Massfraction-N2 = 0.76708
	Massfraction-O2 = 0.23292
	Molefraction-N2 = 0.79
	Molefraction-O2 = 0.21
end

FuelSide
begin
	Temperature = 300 [K]
	Massfraction-CH4 = 1
	Molefraction-CH4 = 1
end

numOfSpecies = 31
gridPoints = 141

body
eta
	0.000000e+00	1.611604e-01	3.210834e-01	4.781707e-01	6.308052e-01
	7.775850e-01	9.171958e-01	1.048052e+00	1.168744e+00	1.279009e+00
	1.379075e+00	1.469106e+00	1.549923e+00	1.622903e+00	1.689209e+00
	1.749720e+00	1.805242e+00	1.856485e+00	1.904092e+00	1.948672e+00
	1.990795e+00	2.030976e+00	2.069582e+00	2.106647e+00	2.141958e+00
	2.175470e+00	2.207489e+00	2.238455e+00	2.268682e+00	2.298315e+00
	2.327411e+00	2.355995e+00	2.384085e+00	2.411700e+00	2.438849e+00
	2.465549e+00	2.491851e+00	2.517805e+00	2.543444e+00	2.568795e+00
	2.593885e+00	2.618733e+00	2.643351e+00	2.667762e+00	2.691994e+00
	2.716062e+00	2.739977e+00	2.763747e+00	2.787375e+00	2.810842e+00
	2.834097e+00	2.857051e+00	2.879593e+00	2.901617e+00	2.923035e+00
	2.943748e+00	2.963646e+00	2.982679e+00	3.000854e+00	3.018179e+00
	3.034631e+00	3.050155e+00	3.064762e+00	3.078549e+00	3.091570e+00
	3.103772e+00	3.115111e+00	3.125678e+00	3.135587e+00	3.144900e+00
	3.153648e+00	3.161878e+00	3.169702e+00	3.177213e+00	3.184457e+00
	3.191467e+00	3.198263e+00	3.204844e+00	3.211200e+00	3.217331e+00
	3.223245e+00	3.228965e+00	3.234533e+00	3.240001e+00	3.245414e+00
	3.250804e+00	3.256187e+00	3.261572e+00	3.266965e+00	3.272368e+00
	3.277785e+00	3.283244e+00	3.288807e+00	3.294572e+00	3.300662e+00
	3.307241e+00	3.314529e+00	3.322699e+00	3.331857e+00	3.342092e+00
	3.353292e+00	3.365203e+00	3.377827e+00	3.391478e+00	3.406565e+00
	3.423476e+00	3.442680e+00	3.464655e+00	3.489799e+00	3.518524e+00
	3.551102e+00	3.587743e+00	3.628725e+00	3.674248e+00	3.724393e+00
	3.779194e+00	3.838842e+00	3.904060e+00	3.975331e+00	4.051929e+00
	4.132876e+00	4.217804e+00	4.306818e+00	4.400274e+00	4.498893e+00
	4.603986e+00	4.717112e+00	4.839113e+00	4.969290e+00	5.105968e+00
	5.247614e+00	5.393048e+00	5.541328e+00	5.691728e+00	5.843702e+00
	5.996846e+00	6.150857e+00	6.305502e+00	6.460594e+00	6.615910e+00
	6.771246e+00
y [m]
	-1.654156e-03	-1.606037e-03	-1.558261e-03	-1.511283e-03	-1.465546e-03
	-1.421404e-03	-1.379158e-03	-1.339170e-03	-1.301745e-03	-1.266861e-03
	-1.234383e-03	-1.204253e-03	-1.176258e-03	-1.150021e-03	-1.125243e-03
	-1.101722e-03	-1.079278e-03	-1.057751e-03	-1.036990e-03	-1.016833e-03
	-9.971098e-04	-9.776499e-04	-9.583313e-04	-9.391887e-04	-9.203909e-04
	-9.020304e-04	-8.840026e-04	-8.661082e-04	-8.481967e-04	-8.302043e-04
	-8.121165e-04	-7.939352e-04	-7.756664e-04	-7.665878e-04	-7.576151e-04
	-7.397845e-04	-7.218621e-04	-7.038263e-04	-6.856669e-04	-6.673733e-04
	-6.489353e-04	-6.303480e-04	-6.116095e-04	-5.927096e-04	-5.736347e-04
	-5.543784e-04	-5.349384e-04	-5.153134e-04	-4.955080e-04	-4.755439e-04
	-4.554733e-04	-4.353840e-04	-4.153884e-04	-3.955997e-04	-3.761170e-04
	-3.570547e-04	-3.385421e-04	-3.206526e-04	-3.034060e-04	-2.868206e-04
	-2.709413e-04	-2.558449e-04	-2.415417e-04	-2.279567e-04	-2.150530e-04
	-2.028960e-04	-1.915453e-04	-1.809231e-04	-1.709228e-04	-1.614909e-04
	-1.526028e-04	-1.442171e-04	-1.362247e-04	-1.285332e-04	-1.210990e-04
	-1.138896e-04	-1.068872e-04	-1.000947e-04	-9.352349e-05	-8.717577e-05
	-8.104487e-05	-7.510869e-05	-6.932411e-05	-6.363858e-05	-5.800518e-05
	-5.239224e-05	-4.678271e-05	-4.116831e-05	-3.554436e-05	-2.990897e-05
	-2.425774e-05	-1.856452e-05	-1.276434e-05	-6.755815e-06	-4.143375e-07
	6.428657e-06	1.399611e-05	2.245835e-05	3.191199e-05	4.242434e-05
	5.384989e-05	6.589289e-05	7.851453e-05	9.197667e-05	1.066055e-04
	1.226726e-04	1.404787e-04	1.602710e-04	1.821564e-04	2.061817e-04
	2.321982e-04	2.599453e-04	2.891545e-04	3.194446e-04	3.503341e-04
	3.813321e-04	4.120787e-04	4.425000e-04	4.724035e-04	5.012244e-04
	5.285703e-04	5.544559e-04	5.791087e-04	6.028242e-04	6.259599e-04
	6.489575e-04	6.722523e-04	6.961004e-04	7.204722e-04	7.451995e-04
	7.701662e-04	7.953149e-04	8.206089e-04	8.460232e-04	8.715394e-04
	8.971427e-04	9.228189e-04	9.485544e-04	9.743347e-04	1.000133e-03
	1.025924e-03
f
	-3.529249e+00	-3.313110e+00	-3.098591e+00	-2.887791e+00	-2.682805e+00
	-2.485392e+00	-2.297143e+00	-2.119978e+00	-1.955589e+00	-1.804156e+00
	-1.665269e+00	-1.538719e+00	-1.423477e+00	-1.317767e+00	-1.220116e+00
	-1.129460e+00	-1.044829e+00	-9.653611e-01	-8.902730e-01	-8.187882e-01
	-7.501451e-01	-6.836332e-01	-6.187508e-01	-5.555441e-01	-4.944913e-01
	-4.357964e-01	-3.790335e-01	-3.235101e-01	-2.687249e-01	-2.144665e-01
	-1.606824e-01	-1.073731e-01	-5.455196e-02	-2.522989e-03	4.891539e-02
	1.000270e-01	1.508621e-01	2.014740e-01	2.518822e-01	3.021042e-01
	3.521550e-01	4.020351e-01	4.517361e-01	5.012724e-01	5.506659e-01
	5.999187e-01	6.490226e-01	6.979665e-01	7.467257e-01	7.952346e-01
	8.433587e-01	8.908868e-01	9.375619e-01	9.831402e-01	1.027423e+00
	1.070190e+00	1.111198e+00	1.150339e+00	1.187628e+00	1.223077e+00
	1.256646e+00	1.288226e+00	1.317852e+00	1.345727e+00	1.371969e+00
	1.396485e+00	1.419197e+00	1.440296e+00	1.460025e+00	1.478514e+00
	1.495833e+00	1.512081e+00	1.527485e+00	1.542235e+00	1.556421e+00
	1.570115e+00	1.583356e+00	1.596146e+00	1.608467e+00	1.620323e+00
	1.631730e+00	1.642736e+00	1.653425e+00	1.663895e+00	1.674237e+00
	1.684508e+00	1.694742e+00	1.704955e+00	1.715155e+00	1.725347e+00
	1.735541e+00	1.745784e+00	1.756193e+00	1.766950e+00	1.778277e+00
	1.790471e+00	1.803927e+00	1.818943e+00	1.835693e+00	1.854302e+00
	1.874536e+00	1.895904e+00	1.918380e+00	1.942484e+00	1.968874e+00
	1.998140e+00	2.030969e+00	2.068002e+00	2.109681e+00	2.156403e+00
	2.208262e+00	2.265198e+00	2.327209e+00	2.394128e+00	2.465608e+00
	2.541257e+00	2.620935e+00	2.705202e+00	2.794289e+00	2.887037e+00
	2.982199e+00	3.079402e+00	3.178875e+00	3.281138e+00	3.387096e+00
	3.498244e+00	3.616292e+00	3.742191e+00	3.875334e+00	4.014174e+00
	4.157339e+00	4.303806e+00	4.452767e+00	4.603605e+00	4.755850e+00
	4.909160e+00	5.063265e+00	5.217961e+00	5.373079e+00	5.528403e+00
	5.683739e+00
df/deta
	1.341029e+00	1.341139e+00	1.341392e+00	1.341928e+00	1.342989e+00
	1.344960e+00	1.348381e+00	1.353886e+00	1.362063e+00	1.373357e+00
	1.387948e+00	1.405626e+00	1.425955e+00	1.448489e+00	1.472736e+00
	1.498165e+00	1.524307e+00	1.550768e+00	1.577248e+00	1.603553e+00
	1.629581e+00	1.655290e+00	1.680612e+00	1.705307e+00	1.729001e+00
	1.751470e+00	1.772769e+00	1.793069e+00	1.812470e+00	1.830967e+00
	1.848506e+00	1.865024e+00	1.880463e+00	1.884085e+00	1.894613e+00
	1.914300e+00	1.932767e+00	1.950041e+00	1.966135e+00	1.981060e+00
	1.994825e+00	2.007436e+00	2.018893e+00	2.029203e+00	2.038374e+00
	2.046405e+00	2.053295e+00	2.059041e+00	2.063642e+00	2.067092e+00
	2.069390e+00	2.070545e+00	2.070587e+00	2.069566e+00	2.067554e+00
	2.064640e+00	2.060935e+00	2.056554e+00	2.051599e+00	2.046171e+00
	2.040374e+00	2.034329e+00	2.028129e+00	2.021820e+00	2.015454e+00
	2.009127e+00	2.002936e+00	1.996896e+00	1.990994e+00	1.985237e+00
	1.979646e+00	1.974224e+00	1.968923e+00	1.963701e+00	1.958542e+00
	1.953434e+00	1.948375e+00	1.943376e+00	1.938455e+00	1.933622e+00
	1.928880e+00	1.924220e+00	1.919614e+00	1.915025e+00	1.910418e+00
	1.905767e+00	1.901061e+00	1.896291e+00	1.891453e+00	1.886547e+00
	1.881567e+00	1.876490e+00	1.871255e+00	1.865766e+00	1.859900e+00
	1.853485e+00	1.846289e+00	1.838115e+00	1.828821e+00	1.818285e+00
	1.806589e+00	1.793982e+00	1.780457e+00	1.765678e+00	1.749205e+00
	1.730623e+00	1.709447e+00	1.685223e+00	1.657649e+00	1.626499e+00
	1.591832e+00	1.553915e+00	1.513105e+00	1.470004e+00	1.425461e+00
	1.380441e+00	1.335805e+00	1.292068e+00	1.249983e+00	1.210845e+00
	1.175607e+00	1.144533e+00	1.117501e+00	1.094246e+00	1.074414e+00
	1.057611e+00	1.043514e+00	1.031943e+00	1.022782e+00	1.015823e+00
	1.010723e+00	1.007101e+00	1.004597e+00	1.002908e+00	1.001793e+00
	1.001073e+00	1.000616e+00	1.000332e+00	1.000160e+00	1.000058e+00
	1.000000e+00
Z
	1.000000e+00	9.998996e-01	9.996792e-01	9.992204e-01	9.983206e-01
	9.966637e-01	9.938108e-01	9.892465e-01	9.824839e-01	9.731365e-01
	9.610050e-01	9.461862e-01	9.289522e-01	9.095847e-01	8.884142e-01
	8.658239e-01	8.421681e-01	8.177535e-01	7.928238e-01	7.675358e-01
	7.419657e-01	7.161326e-01	6.900779e-01	6.640280e-01	6.383727e-01
	6.133713e-01	5.889864e-01	5.650347e-01	5.413930e-01	5.180501e-01
	4.950538e-01	4.724658e-01	4.503447e-01	4.542103e-01	4.578406e-01
	4.376339e-01	4.180074e-01	3.989565e-01	3.804874e-01	3.626039e-01
	3.453050e-01	3.285909e-01	3.124624e-01	2.969109e-01	2.819243e-01
	2.674951e-01	2.536177e-01	2.402856e-01	2.274942e-01	2.152474e-01
	2.035623e-01	1.924682e-01	1.819969e-01	1.721691e-01	1.629891e-01
	1.544612e-01	1.465893e-01	1.393489e-01	1.326945e-01	1.265840e-01
	1.209878e-01	1.158887e-01	1.112488e-01	1.070078e-01	1.031239e-01
	9.958917e-02	9.639435e-02	9.349406e-02	9.084042e-02	8.840407e-02
	8.616571e-02	8.410383e-02	8.218275e-02	8.037373e-02	7.866149e-02
	7.703435e-02	7.548469e-02	7.400986e-02	7.260918e-02	7.128002e-02
	7.001808e-02	6.881629e-02	6.766386e-02	6.654875e-02	6.546080e-02
	6.439327e-02	6.334249e-02	6.230661e-02	6.128457e-02	6.027574e-02
	5.927917e-02	5.829012e-02	5.729756e-02	5.628501e-02	5.523323e-02
	5.411719e-02	5.290513e-02	5.157632e-02	5.012355e-02	4.854548e-02
	4.687255e-02	4.515404e-02	4.339937e-02	4.157717e-02	3.965172e-02
	3.759962e-02	3.539927e-02	3.304211e-02	3.054210e-02	2.792416e-02
	2.523618e-02	2.253493e-02	1.987254e-02	1.730398e-02	1.488222e-02
	1.264903e-02	1.062679e-02	8.813384e-03	7.210939e-03	5.834745e-03
	4.681982e-03	3.728592e-03	2.944858e-03	2.303301e-03	1.779545e-03
	1.352454e-03	1.005976e-03	7.296813e-04	5.161429e-04	3.569052e-04
	2.417675e-04	1.606321e-04	1.047260e-04	6.695996e-05	4.189720e-05
	2.553184e-05	1.500533e-05	8.329479e-06	4.152297e-06	1.572916e-06
	0.000000e+00
temperature [K]
	3.000000e+02	3.000933e+02	3.002981e+02	3.007240e+02	3.015587e+02
	3.030937e+02	3.057318e+02	3.099416e+02	3.161579e+02	3.247165e+02
	3.357775e+02	3.492360e+02	3.648413e+02	3.823518e+02	4.014995e+02
	4.219838e+02	4.435389e+02	4.659454e+02	4.890400e+02	5.127363e+02
	5.370207e+02	5.619331e+02	5.874937e+02	6.135368e+02	6.397136e+02
	6.657793e+02	6.917825e+02	7.179345e+02	7.443967e+02	7.712160e+02
	7.983730e+02	8.258274e+02	8.535371e+02	8.642405e+02	8.755927e+02
	9.030442e+02	9.306102e+02	9.583068e+02	9.861427e+02	1.014128e+03
	1.042254e+03	1.070492e+03	1.098811e+03	1.127196e+03	1.155632e+03
	1.184093e+03	1.212549e+03	1.240963e+03	1.269291e+03	1.297466e+03
	1.325376e+03	1.352867e+03	1.379760e+03	1.405884e+03	1.431101e+03
	1.455266e+03	1.478227e+03	1.499917e+03	1.520342e+03	1.539512e+03
	1.557412e+03	1.573997e+03	1.589303e+03	1.603454e+03	1.616531e+03
	1.628508e+03	1.639376e+03	1.649255e+03	1.658287e+03	1.666553e+03
	1.674107e+03	1.681015e+03	1.687392e+03	1.693328e+03	1.698869e+03
	1.704051e+03	1.708894e+03	1.713405e+03	1.717585e+03	1.721443e+03
	1.724993e+03	1.728257e+03	1.731265e+03	1.734046e+03	1.736620e+03
	1.738994e+03	1.741164e+03	1.743118e+03	1.744840e+03	1.746311e+03
	1.747509e+03	1.748411e+03	1.748985e+03	1.749180e+03	1.748902e+03
	1.747990e+03	1.746167e+03	1.743012e+03	1.737954e+03	1.730263e+03
	1.719291e+03	1.704740e+03	1.686410e+03	1.663820e+03	1.636390e+03
	1.603671e+03	1.565192e+03	1.520557e+03	1.469578e+03	1.412040e+03
	1.348036e+03	1.277868e+03	1.201920e+03	1.121074e+03	1.036850e+03
	9.512423e+02	8.662425e+02	7.833570e+02	7.047011e+02	6.332581e+02
	5.709124e+02	5.178440e+02	4.733285e+02	4.363536e+02	4.058369e+02
	3.807406e+02	3.602434e+02	3.438090e+02	3.310523e+02	3.215070e+02
	3.145872e+02	3.097012e+02	3.063296e+02	3.040493e+02	3.025348e+02
	3.015452e+02	3.009084e+02	3.005044e+02	3.002515e+02	3.000953e+02
	3.000000e+02
massfraction-N2
	1.000000e-60	7.891004e-05	2.526767e-04	6.155254e-04	1.329504e-03
	2.648035e-03	4.924203e-03	8.572627e-03	1.398217e-02	2.145444e-02
	3.112981e-02	4.290120e-02	5.651565e-02	7.171188e-02	8.819455e-02
	1.056359e-01	1.237414e-01	1.422639e-01	1.610135e-01	1.798722e-01
	1.987865e-01	2.177469e-01	2.367287e-01	2.555752e-01	2.740167e-01
	2.918831e-01	3.092171e-01	3.261627e-01	3.428183e-01	3.592019e-01
	3.752900e-01	3.910490e-01	4.064478e-01	1.000000e-60	4.341698e-01
	4.482179e-01	4.618577e-01	4.750994e-01	4.879457e-01	5.004001e-01
	5.124668e-01	5.241477e-01	5.354441e-01	5.463632e-01	5.569144e-01
	5.671033e-01	5.769339e-01	5.864107e-01	5.955362e-01	6.043066e-01
	6.127083e-01	6.207182e-01	6.283108e-01	6.354682e-01	6.421834e-01
	6.484495e-01	6.542596e-01	6.596275e-01	6.645827e-01	6.691529e-01
	6.733567e-01	6.772035e-01	6.807186e-01	6.839449e-01	6.869116e-01
	6.896227e-01	6.920827e-01	6.943247e-01	6.963837e-01	6.982812e-01
	7.000308e-01	7.016481e-01	7.031601e-01	7.045887e-01	7.059452e-01
	7.072382e-01	7.084733e-01	7.096519e-01	7.107741e-01	7.118412e-01
	7.128562e-01	7.138241e-01	7.147534e-01	7.156530e-01	7.165310e-01
	7.173923e-01	7.182394e-01	7.190735e-01	7.198950e-01	7.207040e-01
	7.215009e-01	7.222889e-01	7.230766e-01	7.238764e-01	7.247030e-01
	7.255750e-01	7.265160e-01	7.275400e-01	7.286505e-01	7.298461e-01
	7.311012e-01	7.323760e-01	7.336589e-01	7.349667e-01	7.363175e-01
	7.377201e-01	7.391842e-01	7.407148e-01	7.423073e-01	7.439537e-01
	7.456336e-01	7.473233e-01	7.490043e-01	7.506587e-01	7.522690e-01
	7.538196e-01	7.553011e-01	7.567159e-01	7.580589e-01	7.593066e-01
	7.604412e-01	7.614604e-01	7.623690e-01	7.631737e-01	7.638825e-01
	7.645048e-01	7.650475e-01	7.655122e-01	7.658979e-01	7.662067e-01
	7.664466e-01	7.666284e-01	7.667634e-01	7.668618e-01	7.669327e-01
	7.669829e-01	7.670183e-01	7.670429e-01	7.670599e-01	7.670716e-01
	7.670796e-01
massfraction-O2
	1.000000e-60	4.961419e-06	1.584490e-05	3.848515e-05	8.286665e-05
	1.645119e-04	3.048780e-04	5.288414e-04	8.591614e-04	1.312596e-03
	1.895399e-03	2.598395e-03	3.403595e-03	4.292761e-03	5.246106e-03
	6.242648e-03	7.264123e-03	8.295711e-03	9.326447e-03	1.034981e-02
	1.136307e-02	1.236599e-02	1.335759e-02	1.433019e-02	1.527084e-02
	1.617214e-02	1.703759e-02	1.787552e-02	1.869171e-02	1.948788e-02
	2.026370e-02	2.101840e-02	2.175132e-02	1.000000e-60	2.308548e-02
	2.374517e-02	2.438401e-02	2.500315e-02	2.560332e-02	2.618526e-02
	2.674970e-02	2.729722e-02	2.782831e-02	2.834372e-02	2.884425e-02
	2.933049e-02	2.980295e-02	3.026210e-02	3.070831e-02	3.114163e-02
	3.156157e-02	3.196711e-02	3.235703e-02	3.273039e-02	3.308675e-02
	3.342556e-02	3.374620e-02	3.404909e-02	3.433553e-02	3.460675e-02
	3.486342e-02	3.510562e-02	3.533436e-02	3.555183e-02	3.575950e-02
	3.595703e-02	3.614397e-02	3.632196e-02	3.649307e-02	3.665845e-02
	3.681868e-02	3.697460e-02	3.712837e-02	3.728201e-02	3.743675e-02
	3.759373e-02	3.775383e-02	3.791755e-02	3.808512e-02	3.825694e-02
	3.843359e-02	3.861615e-02	3.880649e-02	3.900719e-02	3.922114e-02
	3.945119e-02	3.970008e-02	3.997057e-02	4.026559e-02	4.058827e-02
	4.094221e-02	4.133286e-02	4.176984e-02	4.226845e-02	4.285060e-02
	4.354969e-02	4.441712e-02	4.551627e-02	4.692145e-02	4.872382e-02
	5.099090e-02	5.374433e-02	5.703175e-02	6.097164e-02	6.571314e-02
	7.139053e-02	7.813468e-02	8.602936e-02	9.506067e-02	1.051427e-01
	1.160635e-01	1.275310e-01	1.392353e-01	1.508307e-01	1.619761e-01
	1.723988e-01	1.819442e-01	1.905898e-01	1.982944e-01	2.049521e-01
	2.105486e-01	2.151814e-01	2.189851e-01	2.220897e-01	2.246133e-01
	2.266596e-01	2.283080e-01	2.296110e-01	2.306077e-01	2.313420e-01
	2.318659e-01	2.322297e-01	2.324765e-01	2.326406e-01	2.327477e-01
	2.328165e-01	2.328601e-01	2.328873e-01	2.329040e-01	2.329142e-01
	2.329204e-01
massfraction-H
	1.000000e-60	1.128039e-17	2.531846e-17	4.289466e-17	6.598736e-17
	9.967253e-17	1.563290e-16	2.654971e-16	4.991603e-16	1.040451e-15
	2.362713e-15	5.658524e-15	1.382411e-14	3.362203e-14	7.994731e-14
	1.833567e-13	4.023681e-13	8.417252e-13	1.677698e-12	3.208798e-12
	5.958364e-12	1.061211e-11	1.819361e-11	3.002178e-11	4.756430e-11
	7.238506e-11	1.063566e-10	1.518568e-10	2.116815e-10	2.888334e-10
	3.864144e-10	5.075518e-10	6.552086e-10	1.000000e-60	1.011127e-09
	1.254723e-09	1.564877e-09	1.953125e-09	2.436248e-09	3.036839e-09
	3.784212e-09	4.715517e-09	5.877429e-09	7.329249e-09	9.146320e-09
	1.142379e-08	1.428275e-08	1.787885e-08	2.241264e-08	2.814004e-08
	3.538101e-08	4.452583e-08	5.604296e-08	7.049538e-08	8.856182e-08
	1.110177e-07	1.387033e-07	1.726022e-07	2.138996e-07	2.639198e-07
	3.251278e-07	4.053573e-07	5.037658e-07	6.247657e-07	7.733239e-07
	9.535062e-07	1.168371e-06	1.422495e-06	1.721585e-06	2.070404e-06
	2.472219e-06	2.930134e-06	3.451408e-06	4.044818e-06	4.717462e-06
	5.476240e-06	6.326771e-06	7.271330e-06	8.308888e-06	9.437404e-06
	1.065448e-05	1.195986e-05	1.335866e-05	1.486067e-05	1.647717e-05
	1.843762e-05	2.073125e-05	2.323572e-05	2.595484e-05	2.888766e-05
	3.203065e-05	3.538965e-05	3.899270e-05	4.289225e-05	4.715657e-05
	5.187752e-05	5.716446e-05	6.303903e-05	6.937680e-05	7.589965e-05
	8.206936e-05	8.727083e-05	9.117083e-05	9.361311e-05	9.445337e-05
	9.354760e-05	9.076477e-05	8.599341e-05	7.921247e-05	7.054956e-05
	6.039730e-05	4.939498e-05	3.830531e-05	2.792891e-05	1.896023e-05
	1.185012e-05	6.726772e-06	3.405676e-06	1.516869e-06	5.962382e-07
	2.090813e-07	6.620109e-08	1.943376e-08	5.621268e-09	1.763669e-09
	6.468642e-10	2.738565e-10	1.255690e-10	5.959351e-11	2.872810e-11
	1.394059e-11	6.762008e-12	3.256443e-12	1.545099e-12	7.152115e-13
	3.183733e-13	1.331254e-13	5.006323e-14	1.540525e-14	2.963890e-15
	1.000000e-60
massfraction-OH
	1.000000e-60	9.023733e-20	6.914872e-19	3.727560e-18	1.678653e-17
	6.692274e-17	2.426855e-16	8.110217e-16	2.515194e-15	7.300850e-15
	1.993072e-14	5.104144e-14	1.225343e-13	2.768126e-13	5.901542e-13
	1.189502e-12	2.273502e-12	4.136962e-12	7.200608e-12	1.205391e-11
	1.951876e-11	3.074507e-11	4.730453e-11	7.114481e-11	1.044188e-10
	1.496160e-10	2.101629e-10	2.909939e-10	3.987693e-10	5.420616e-10
	7.318871e-10	9.826601e-10	1.314595e-09	1.000000e-60	2.074435e-09
	2.680609e-09	3.495544e-09	4.569577e-09	5.981184e-09	7.834673e-09
	1.026656e-08	1.345470e-08	1.763155e-08	2.310591e-08	3.029101e-08
	3.973968e-08	5.219567e-08	6.866377e-08	9.049721e-08	1.194952e-07
	1.579992e-07	2.089772e-07	2.761149e-07	3.639510e-07	4.780428e-07
	6.248588e-07	8.115209e-07	1.046256e-06	1.338755e-06	1.699715e-06
	2.139934e-06	2.669038e-06	3.333044e-06	4.216304e-06	5.313219e-06
	6.660642e-06	8.291096e-06	1.025233e-05	1.260570e-05	1.541081e-05
	1.872077e-05	2.259257e-05	2.712528e-05	3.244191e-05	3.866267e-05
	4.591815e-05	5.433918e-05	6.403423e-05	7.508389e-05	8.756000e-05
	1.015308e-04	1.170897e-04	1.344009e-04	1.537031e-04	1.752794e-04
	1.994131e-04	2.263454e-04	2.562791e-04	2.893900e-04	3.258110e-04
	3.656536e-04	4.150255e-04	4.747309e-04	5.422245e-04	6.194960e-04
	7.094523e-04	8.161581e-04	9.431217e-04	1.092025e-03	1.261969e-03
	1.444687e-03	1.624876e-03	1.788987e-03	1.925308e-03	2.020013e-03
	2.057890e-03	2.026532e-03	1.920065e-03	1.743064e-03	1.510526e-03
	1.246641e-03	9.796981e-04	7.353280e-04	5.317237e-04	3.752153e-04
	2.604781e-04	1.766657e-04	1.146468e-04	7.026141e-05	4.144188e-05
	2.455094e-05	1.515401e-05	9.875844e-06	6.753204e-06	4.778748e-06
	3.450122e-06	2.512419e-06	1.831944e-06	1.333605e-06	9.683042e-07
	7.001327e-07	5.029349e-07	3.579096e-07	2.514338e-07	1.735285e-07
	1.168076e-07	7.576533e-08	4.627815e-08	2.525815e-08	1.040388e-08
	1.000000e-60
massfraction-O
	1.000000e-60	4.326763e-20	1.217625e-19	2.593230e-19	4.966263e-19
	9.147082e-19	1.731607e-18	3.524436e-18	7.854565e-18	1.921190e-17
	5.023356e-17	1.359335e-16	3.677609e-16	9.717560e-16	2.466205e-15
	5.935579e-15	1.345106e-14	2.862043e-14	5.720278e-14	1.077281e-13
	1.921243e-13	3.266301e-13	5.323875e-13	8.344356e-13	1.259699e-12
	1.840209e-12	2.623986e-12	3.687344e-12	5.145284e-12	7.164708e-12
	9.987917e-12	1.398274e-11	1.980782e-11	1.000000e-60	3.548837e-11
	4.820152e-11	6.688538e-11	9.348893e-11	1.310651e-10	1.839682e-10
	2.583040e-10	3.625699e-10	5.085576e-10	7.127281e-10	9.980900e-10
	1.396709e-09	1.953395e-09	2.731043e-09	3.818130e-09	5.338540e-09
	7.463352e-09	1.042460e-08	1.453215e-08	2.019697e-08	2.796195e-08
	3.852048e-08	5.272702e-08	7.166683e-08	9.674038e-08	1.296934e-07
	1.725815e-07	2.276796e-07	2.979454e-07	3.873294e-07	5.003959e-07
	6.411737e-07	8.129107e-07	1.019980e-06	1.267541e-06	1.559631e-06
	1.898322e-06	2.310244e-06	2.795251e-06	3.358106e-06	4.008916e-06
	4.758462e-06	5.617467e-06	6.594733e-06	7.697220e-06	8.932541e-06
	1.030999e-05	1.184397e-05	1.355920e-05	1.549255e-05	1.769215e-05
	2.021542e-05	2.312777e-05	2.650023e-05	3.041594e-05	3.497613e-05
	4.031137e-05	4.661684e-05	5.417134e-05	6.338875e-05	7.490372e-05
	8.974718e-05	1.096049e-04	1.368432e-04	1.745892e-04	2.268768e-04
	3.007348e-04	4.210339e-04	5.672222e-04	7.334769e-04	9.095732e-04
	1.079254e-03	1.223143e-03	1.321528e-03	1.358553e-03	1.325918e-03
	1.224498e-03	1.065321e-03	8.683142e-04	6.602922e-04	4.689134e-04
	3.136505e-04	2.003328e-04	1.237544e-04	7.516045e-05	4.608964e-05
	2.929076e-05	1.955223e-05	1.370246e-05	9.990011e-06	7.483567e-06
	5.688232e-06	4.340040e-06	3.299131e-06	2.489760e-06	1.862932e-06
	1.380233e-06	1.010880e-06	7.304200e-07	5.192718e-07	3.617425e-07
	2.453091e-07	1.600656e-07	9.824810e-08	5.384311e-08	2.225637e-08
	1.000000e-60
massfraction-H2
	1.000000e-60	1.338132e-05	3.157520e-05	5.555345e-05	8.609357e-05
	1.236368e-04	1.680985e-04	2.185776e-04	2.733930e-04	3.307211e-04
	3.887158e-04	4.454707e-04	4.996831e-04	5.508097e-04	5.985681e-04
	6.428019e-04	6.835549e-04	7.209988e-04	7.553884e-04	7.870469e-04
	8.163245e-04	8.435580e-04	8.689958e-04	8.926814e-04	9.145313e-04
	9.345961e-04	9.531421e-04	9.704926e-04	9.868767e-04	1.002418e-03
	1.017187e-03	1.031240e-03	1.044628e-03	1.000000e-60	1.070744e-03
	1.082304e-03	1.093412e-03	1.104122e-03	1.114475e-03	1.124512e-03
	1.134269e-03	1.143776e-03	1.153060e-03	1.162150e-03	1.171073e-03
	1.179851e-03	1.188503e-03	1.197045e-03	1.205488e-03	1.213836e-03
	1.222076e-03	1.230183e-03	1.238122e-03	1.245854e-03	1.253347e-03
	1.260563e-03	1.267455e-03	1.273998e-03	1.280184e-03	1.286003e-03
	1.291434e-03	1.296447e-03	1.301031e-03	1.305203e-03	1.308963e-03
	1.312278e-03	1.315125e-03	1.317515e-03	1.319461e-03	1.320957e-03
	1.321990e-03	1.322551e-03	1.322628e-03	1.322190e-03	1.321195e-03
	1.319593e-03	1.317334e-03	1.314372e-03	1.310682e-03	1.306244e-03
	1.301048e-03	1.295077e-03	1.288289e-03	1.280611e-03	1.271951e-03
	1.262223e-03	1.251353e-03	1.239282e-03	1.225964e-03	1.211368e-03
	1.195464e-03	1.178167e-03	1.159250e-03	1.138316e-03	1.114809e-03
	1.087917e-03	1.056491e-03	1.019508e-03	9.762995e-04	9.265297e-04
	8.712625e-04	8.127916e-04	7.525173e-04	6.906561e-04	6.275386e-04
	5.642231e-04	5.020590e-04	4.428053e-04	3.884442e-04	3.404810e-04
	2.999085e-04	2.668172e-04	2.403896e-04	2.192993e-04	2.020294e-04
	1.872027e-04	1.737822e-04	1.610595e-04	1.487261e-04	1.368518e-04
	1.255646e-04	1.148852e-04	1.047707e-04	9.516116e-05	8.597967e-05
	7.712695e-05	6.852491e-05	6.018203e-05	5.221150e-05	4.475004e-05
	3.788244e-05	3.164406e-05	2.603904e-05	2.104953e-05	1.664327e-05
	1.277932e-05	9.412542e-06	6.496202e-06	3.984115e-06	1.832624e-06
	1.000000e-60
massfraction-H2O
	1.000000e-60	2.116908e-05	6.668910e-05	1.595644e-04	3.382316e-04
	6.609265e-04	1.205725e-03	2.059259e-03	3.294792e-03	4.958111e-03
	7.052676e-03	9.525601e-03	1.229587e-02	1.528646e-02	1.842047e-02
	2.162287e-02	2.483297e-02	2.800534e-02	3.110954e-02	3.413041e-02
	3.706467e-02	3.991620e-02	4.268647e-02	4.535865e-02	4.790264e-02
	5.030470e-02	5.258008e-02	5.475539e-02	5.684935e-02	5.886944e-02
	6.081766e-02	6.269474e-02	6.450167e-02	1.000000e-60	6.785083e-02
	6.944888e-02	7.098720e-02	7.247024e-02	7.390131e-02	7.528352e-02
	7.661984e-02	7.791270e-02	7.916422e-02	8.037699e-02	8.155360e-02
	8.269602e-02	8.380589e-02	8.488464e-02	8.593335e-02	8.695212e-02
	8.793970e-02	8.889336e-02	8.980971e-02	9.068583e-02	9.151981e-02
	9.230942e-02	9.305214e-02	9.374795e-02	9.439882e-02	9.500661e-02
	9.557203e-02	9.609466e-02	9.657639e-02	9.702166e-02	9.743332e-02
	9.781081e-02	9.815385e-02	9.846625e-02	9.875229e-02	9.901442e-02
	9.925409e-02	9.947308e-02	9.967472e-02	9.986154e-02	1.000346e-01
	1.001944e-01	1.003412e-01	1.004745e-01	1.005939e-01	1.006990e-01
	1.007898e-01	1.008665e-01	1.009292e-01	1.009781e-01	1.010127e-01
	1.010320e-01	1.010349e-01	1.010197e-01	1.009850e-01	1.009291e-01
	1.008502e-01	1.007460e-01	1.006129e-01	1.004448e-01	1.002324e-01
	9.996100e-02	9.960757e-02	9.914336e-02	9.853541e-02	9.774542e-02
	9.674871e-02	9.554383e-02	9.411836e-02	9.242902e-02	9.041927e-02
	8.803719e-02	8.522756e-02	8.194627e-02	7.817754e-02	7.392197e-02
	6.922157e-02	6.414740e-02	5.878164e-02	5.323653e-02	4.764820e-02
	4.215260e-02	3.685454e-02	3.180274e-02	2.706327e-02	2.275248e-02
	1.894042e-02	1.562248e-02	1.275983e-02	1.030618e-02	8.213280e-03
	6.433562e-03	4.930405e-03	3.684269e-03	2.684509e-03	1.911759e-03
	1.333420e-03	9.120308e-04	6.120159e-04	4.026734e-04	2.591750e-04
	1.623699e-04	9.801581e-05	5.581421e-05	2.849443e-05	1.103078e-05
	1.000000e-60
massfraction-HO2
	1.000000e-60	3.193016e-09	1.021702e-08	2.486885e-08	5.366869e-08
	1.067955e-07	1.984004e-07	3.450490e-07	5.622010e-07	8.617439e-07
	1.249033e-06	1.719454e-06	2.262507e-06	2.867312e-06	3.521618e-06
	4.211930e-06	4.926175e-06	5.654274e-06	6.388529e-06	7.124162e-06
	7.858966e-06	8.592445e-06	9.323463e-06	1.004576e-05	1.074877e-05
	1.142577e-05	1.207804e-05	1.271046e-05	1.332590e-05	1.392394e-05
	1.450240e-05	1.505859e-05	1.558976e-05	1.000000e-60	1.653395e-05
	1.698102e-05	1.739289e-05	1.776709e-05	1.810050e-05	1.838971e-05
	1.863109e-05	1.882085e-05	1.895542e-05	1.903169e-05	1.904735e-05
	1.900120e-05	1.889372e-05	1.872751e-05	1.850782e-05	1.824310e-05
	1.794547e-05	1.763082e-05	1.731791e-05	1.702663e-05	1.677611e-05
	1.658346e-05	1.646201e-05	1.641973e-05	1.645971e-05	1.658088e-05
	1.677775e-05	1.704005e-05	1.735552e-05	1.771175e-05	1.809444e-05
	1.848513e-05	1.886499e-05	1.922124e-05	1.954437e-05	1.982536e-05
	2.005692e-05	2.023500e-05	2.035891e-05	2.042827e-05	2.044284e-05
	2.040357e-05	2.031287e-05	2.017511e-05	1.999661e-05	1.978488e-05
	1.954781e-05	1.929273e-05	1.902557e-05	1.875122e-05	1.847453e-05
	1.820134e-05	1.793652e-05	1.768375e-05	1.744653e-05	1.722818e-05
	1.703185e-05	1.686028e-05	1.671418e-05	1.659361e-05	1.650081e-05
	1.644120e-05	1.642493e-05	1.646788e-05	1.658856e-05	1.680374e-05
	1.711789e-05	1.751950e-05	1.800992e-05	1.862205e-05	1.942708e-05
	2.053908e-05	2.211743e-05	2.434183e-05	2.737096e-05	3.133664e-05
	3.633374e-05	4.244588e-05	4.975270e-05	5.820158e-05	6.737515e-05
	7.623607e-05	8.301209e-05	8.526040e-05	8.034269e-05	6.756859e-05
	5.023929e-05	3.353447e-05	2.074696e-05	1.233759e-05	7.263622e-06
	4.303120e-06	2.578094e-06	1.562891e-06	9.594157e-07	5.962788e-07
	3.740054e-07	2.355603e-07	1.481486e-07	9.249876e-08	5.697106e-08
	3.433907e-08	2.001280e-08	1.102911e-08	5.460810e-09	2.055043e-09
	1.000000e-60
massfraction-H2O2
	1.000000e-60	2.524997e-10	8.093951e-10	1.973614e-09	4.265140e-09
	8.491277e-09	1.575542e-08	2.729244e-08	4.411987e-08	6.676737e-08
	9.501241e-08	1.276955e-07	1.631920e-07	1.999359e-07	2.364389e-07
	2.713726e-07	3.037389e-07	3.328621e-07	3.583482e-07	3.800321e-07
	3.978908e-07	4.119609e-07	4.222662e-07	4.288030e-07	4.316667e-07
	4.311265e-07	4.274915e-07	4.209743e-07	4.117033e-07	3.997949e-07
	3.853871e-07	3.686404e-07	3.497344e-07	1.000000e-60	3.132513e-07
	2.921249e-07	2.693733e-07	2.452456e-07	2.200568e-07	1.941942e-07
	1.681333e-07	1.424493e-07	1.177977e-07	9.485496e-08	7.425823e-08
	5.652836e-08	4.197475e-08	3.063319e-08	2.226564e-08	1.642168e-08
	1.254040e-08	1.006072e-08	8.506876e-09	7.528869e-09	6.899037e-09
	6.483482e-09	6.207821e-09	6.030489e-09	5.927446e-09	5.883731e-09
	5.888622e-09	5.933086e-09	6.009475e-09	6.111719e-09	6.233302e-09
	6.367260e-09	6.506798e-09	6.647335e-09	6.785453e-09	6.917366e-09
	7.038676e-09	7.144368e-09	7.228238e-09	7.279428e-09	7.278554e-09
	7.192011e-09	6.996879e-09	7.455453e-09	7.951489e-09	8.542605e-09
	9.276228e-09	1.019962e-08	1.136959e-08	1.286126e-08	1.477654e-08
	1.725407e-08	2.048625e-08	2.475057e-08	3.046532e-08	3.828435e-08
	4.927382e-08	6.529025e-08	8.781844e-08	1.180880e-07	1.584263e-07
	2.128451e-07	2.881290e-07	3.942205e-07	5.451027e-07	7.608220e-07
	1.100373e-06	1.606980e-06	2.327158e-06	3.354368e-06	4.822352e-06
	6.903032e-06	9.814387e-06	1.378498e-05	1.893008e-05	2.504558e-05
	3.134915e-05	3.663003e-05	3.990848e-05	4.098936e-05	4.035282e-05
	3.857945e-05	3.600165e-05	3.275023e-05	2.896440e-05	2.491285e-05
	2.090176e-05	1.717031e-05	1.385797e-05	1.101071e-05	8.609532e-06
	6.604890e-06	4.948389e-06	3.607624e-06	2.559173e-06	1.770645e-06
	1.197482e-06	7.927185e-07	5.140310e-07	3.264037e-07	2.025924e-07
	1.223645e-07	7.124294e-08	3.917264e-08	1.934764e-08	7.265775e-09
	1.000000e-60
massfraction-CO
	1.000000e-60	5.666070e-06	1.820251e-05	4.449818e-05	9.645518e-05
	1.927571e-04	3.594947e-04	6.272917e-04	1.024663e-03	1.573166e-03
	2.281706e-03	3.140237e-03	4.127558e-03	5.221767e-03	6.398724e-03
	7.632537e-03	8.900446e-03	1.018382e-02	1.146872e-02	1.274674e-02
	1.401416e-02	1.527045e-02	1.651415e-02	1.773541e-02	1.891771e-02
	2.005152e-02	2.114102e-02	2.219651e-02	2.322514e-02	2.422894e-02
	2.520739e-02	2.615939e-02	2.708405e-02	1.000000e-60	2.876501e-02
	2.959738e-02	3.040325e-02	3.118401e-02	3.194052e-02	3.267368e-02
	3.338434e-02	3.407316e-02	3.474070e-02	3.538783e-02	3.601547e-02
	3.662428e-02	3.721476e-02	3.778735e-02	3.834235e-02	3.887960e-02
	3.939824e-02	3.989673e-02	4.037324e-02	4.082630e-02	4.125502e-02
	4.165841e-02	4.203541e-02	4.238629e-02	4.271232e-02	4.301472e-02
	4.329412e-02	4.355059e-02	4.378533e-02	4.400077e-02	4.419849e-02
	4.437843e-02	4.454068e-02	4.468724e-02	4.482031e-02	4.494118e-02
	4.505067e-02	4.514976e-02	4.524010e-02	4.532293e-02	4.539885e-02
	4.546823e-02	4.553127e-02	4.558791e-02	4.563810e-02	4.568184e-02
	4.571922e-02	4.575038e-02	4.577546e-02	4.579445e-02	4.580709e-02
	4.581278e-02	4.581064e-02	4.579945e-02	4.577772e-02	4.574361e-02
	4.569497e-02	4.562892e-02	4.554123e-02	4.542537e-02	4.527131e-02
	4.506303e-02	4.477459e-02	4.436963e-02	4.380113e-02	4.301019e-02
	4.194942e-02	4.060603e-02	3.897761e-02	3.704726e-02	3.480847e-02
	3.229127e-02	2.955223e-02	2.667859e-02	2.378041e-02	2.095457e-02
	1.828432e-02	1.582111e-02	1.358168e-02	1.156867e-02	9.777930e-03
	8.200011e-03	6.818810e-03	5.610031e-03	4.559843e-03	3.668278e-03
	2.927472e-03	2.318635e-03	1.820943e-03	1.415788e-03	1.086940e-03
	8.204618e-04	6.057679e-04	4.358642e-04	3.056481e-04	2.094211e-04
	1.405120e-04	9.244261e-05	5.966783e-05	3.776703e-05	2.339429e-05
	1.411576e-05	8.216692e-06	4.519595e-06	2.233950e-06	8.397275e-07
	1.000000e-60
massfraction-CO2
	1.000000e-60	2.077480e-06	7.421819e-06	2.038913e-05	4.984688e-05
	1.121740e-04	2.343574e-04	4.544936e-04	8.171328e-04	1.366721e-03
	2.137536e-03	3.140609e-03	4.366858e-03	5.798468e-03	7.408086e-03
	9.160315e-03	1.101982e-02	1.295451e-02	1.493784e-02	1.695124e-02
	1.898374e-02	2.102995e-02	2.308357e-02	2.512460e-02	2.712142e-02
	2.905384e-02	3.092535e-02	3.275077e-02	3.454019e-02	3.629525e-02
	3.801333e-02	3.969095e-02	4.132507e-02	1.000000e-60	4.424653e-02
	4.572684e-02	4.716047e-02	4.854910e-02	4.989364e-02	5.119508e-02
	5.245444e-02	5.367250e-02	5.484987e-02	5.598781e-02	5.708771e-02
	5.815052e-02	5.917698e-02	6.016780e-02	6.112344e-02	6.204363e-02
	6.292699e-02	6.377108e-02	6.457310e-02	6.533094e-02	6.604364e-02
	6.671013e-02	6.732934e-02	6.790237e-02	6.843206e-02	6.892104e-02
	6.937101e-02	6.978274e-02	7.015873e-02	7.050342e-02	7.081981e-02
	7.110821e-02	7.136909e-02	7.160595e-02	7.182250e-02	7.202102e-02
	7.220297e-02	7.236998e-02	7.252486e-02	7.266983e-02	7.280598e-02
	7.293407e-02	7.305453e-02	7.316735e-02	7.327237e-02	7.336960e-02
	7.345912e-02	7.354122e-02	7.361638e-02	7.368504e-02	7.374734e-02
	7.380305e-02	7.385160e-02	7.389228e-02	7.392419e-02	7.394635e-02
	7.395766e-02	7.395693e-02	7.394239e-02	7.391112e-02	7.385848e-02
	7.377680e-02	7.365337e-02	7.346983e-02	7.320172e-02	7.281675e-02
	7.228338e-02	7.157916e-02	7.067271e-02	6.950727e-02	6.800586e-02
	6.608367e-02	6.364662e-02	6.061292e-02	5.694651e-02	5.266337e-02
	4.786473e-02	4.271737e-02	3.741259e-02	3.215825e-02	2.714953e-02
	2.253604e-02	1.840088e-02	1.475743e-02	1.161604e-02	9.000995e-03
	6.889855e-03	5.215304e-03	3.901040e-03	2.878577e-03	2.089195e-03
	1.483883e-03	1.025117e-03	6.858398e-04	4.444933e-04	2.800071e-04
	1.719859e-04	1.032236e-04	6.062536e-05	3.486016e-05	1.960636e-05
	1.074956e-05	5.698819e-06	2.866672e-06	1.303765e-06	4.546160e-07
	1.000000e-60
massfraction-CH
	1.000000e-60	3.109838e-25	9.354796e-25	3.345510e-24	1.200598e-23
	6.518414e-23	5.177057e-22	1.000000e-60	2.189483e-22	1.951557e-21
	2.418278e-22	8.128418e-22	9.084098e-22	4.148454e-22	1.846189e-22
	3.438427e-21	3.093727e-21	1.000000e-60	1.000000e-60	1.000000e-60
	5.754763e-22	1.000000e-60	3.608539e-23	1.717014e-20	5.738253e-20
	1.619512e-19	4.316109e-19	1.062562e-18	2.345443e-18	5.022603e-18
	1.034774e-17	2.021332e-17	3.515434e-17	1.000000e-60	9.032398e-17
	1.561018e-16	2.654929e-16	4.512060e-16	7.632279e-16	1.284145e-15
	2.149596e-15	3.582571e-15	5.948302e-15	9.845341e-15	1.625379e-14
	2.677554e-14	4.402793e-14	7.230095e-14	1.186388e-13	1.945909e-13
	3.189552e-13	5.219432e-13	8.514211e-13	1.382316e-12	2.230506e-12
	3.569848e-12	5.651024e-12	8.830646e-12	1.361012e-11	2.071325e-11
	3.170346e-11	5.104259e-11	8.188778e-11	1.307663e-10	2.078579e-10
	3.275075e-10	5.089616e-10	7.798207e-10	1.179198e-09	1.758498e-09
	2.581918e-09	3.729942e-09	5.315433e-09	7.489537e-09	1.043890e-08
	1.439501e-08	1.963313e-08	2.645636e-08	3.518179e-08	4.614872e-08
	5.973607e-08	7.644950e-08	9.715980e-08	1.236499e-07	1.600989e-07
	2.174036e-07	3.133414e-07	4.451343e-07	6.048877e-07	7.883869e-07
	9.917597e-07	1.211162e-06	1.443354e-06	1.685758e-06	2.061984e-06
	2.523462e-06	2.980183e-06	3.379309e-06	3.639859e-06	3.671196e-06
	3.412744e-06	2.889294e-06	2.218985e-06	1.528673e-06	9.285410e-07
	4.891152e-07	2.201803e-07	8.416874e-08	2.751275e-08	7.802180e-09
	1.964904e-09	4.501487e-10	9.540062e-11	1.890694e-11	3.506825e-12
	5.996487e-13	9.133431e-14	1.173313e-14	1.224014e-15	1.058247e-16
	7.998154e-18	5.573838e-19	3.793535e-20	2.711562e-21	2.453811e-22
	3.139719e-23	2.047082e-25	2.378021e-24	9.444257e-25	2.124131e-27
	1.000000e-60	1.438550e-25	1.631042e-25	2.560827e-25	1.000000e-60
	1.000000e-60	1.783203e-25	2.379114e-26	7.655980e-27	1.000000e-60
	1.000000e-60
massfraction-CHO
	1.000000e-60	2.333755e-19	8.272309e-19	2.185520e-18	5.094531e-18
	1.148030e-17	2.726870e-17	7.187957e-17	2.256393e-16	7.173582e-16
	2.193297e-15	6.353887e-15	1.731138e-14	4.438916e-14	1.073174e-13
	2.450656e-13	5.305563e-13	1.094311e-12	2.161787e-12	4.111614e-12
	7.559191e-12	1.345785e-11	2.315596e-11	3.820323e-11	5.978340e-11
	8.820112e-11	1.228696e-10	1.625034e-10	2.052998e-10	2.493787e-10
	2.934583e-10	3.378401e-10	3.899242e-10	1.000000e-60	5.579196e-10
	6.128364e-10	6.784628e-10	7.556653e-10	8.464337e-10	9.536787e-10
	1.081216e-09	1.233817e-09	1.417369e-09	1.639358e-09	1.909399e-09
	2.239822e-09	2.646608e-09	3.150657e-09	3.779292e-09	4.567813e-09
	5.560884e-09	6.813677e-09	8.393329e-09	1.038159e-08	1.287829e-08
	1.599956e-08	1.987464e-08	2.465910e-08	3.054706e-08	3.776892e-08
	4.656501e-08	5.711772e-08	6.970176e-08	8.459935e-08	1.023945e-07
	1.234233e-07	1.479113e-07	1.762785e-07	2.090866e-07	2.468180e-07
	2.898327e-07	3.385001e-07	3.937367e-07	4.566964e-07	5.284563e-07
	6.102143e-07	7.032067e-07	8.085038e-07	9.270021e-07	1.059661e-06
	1.207571e-06	1.372289e-06	1.556390e-06	1.763737e-06	1.999544e-06
	2.269646e-06	2.582764e-06	2.943678e-06	3.354413e-06	3.817087e-06
	4.332729e-06	4.896351e-06	5.513478e-06	6.199598e-06	6.963221e-06
	7.822347e-06	8.793693e-06	9.860511e-06	1.094923e-05	1.190940e-05
	1.248812e-05	1.239862e-05	1.157599e-05	1.006767e-05	8.061021e-06
	5.883962e-06	3.896497e-06	2.355683e-06	1.329414e-06	7.248927e-07
	3.979171e-07	2.267211e-07	1.343979e-07	8.036886e-08	4.590955e-08
	2.369432e-08	1.065218e-08	4.102469e-09	1.362981e-09	4.078647e-10
	1.178783e-10	3.574432e-11	1.218662e-11	4.729954e-12	2.006621e-12
	8.855817e-13	3.929177e-13	1.722989e-13	7.442356e-14	3.172506e-14
	1.334222e-14	5.519950e-15	2.237037e-15	8.830346e-16	3.368359e-16
	1.226522e-16	4.173213e-17	1.271431e-17	3.135246e-18	4.487969e-19
	1.000000e-60
massfraction-CH2
	1.000000e-60	4.644988e-22	9.752902e-22	1.549089e-21	2.263469e-21
	3.336883e-21	5.339217e-21	9.830474e-21	2.154540e-20	5.648812e-20
	1.729233e-19	5.884407e-19	2.110658e-18	7.657637e-18	2.721460e-17
	9.243910e-17	2.955650e-16	8.827299e-16	2.457303e-15	6.415378e-15
	1.588305e-14	3.705699e-14	8.187977e-14	1.712531e-13	3.377111e-13
	6.282296e-13	1.110738e-12	1.884263e-12	3.087813e-12	4.906191e-12
	7.575159e-12	1.138444e-11	1.657983e-11	1.000000e-60	2.852071e-11
	3.948723e-11	5.461917e-11	7.530594e-11	1.033076e-10	1.409944e-10
	1.915226e-10	2.590593e-10	3.490845e-10	4.688590e-10	6.280104e-10
	8.392522e-10	1.119452e-09	1.491162e-09	1.984629e-09	2.640213e-09
	3.511023e-09	4.665693e-09	6.191825e-09	8.201224e-09	1.083695e-08
	1.427557e-08	1.872733e-08	2.445510e-08	3.179694e-08	4.118936e-08
	5.330363e-08	6.928813e-08	8.980707e-08	1.161330e-07	1.498468e-07
	1.924887e-07	2.454902e-07	3.107823e-07	3.907689e-07	4.878004e-07
	6.039682e-07	7.414576e-07	9.036992e-07	1.094805e-06	1.318529e-06
	1.578591e-06	1.878164e-06	2.218948e-06	2.600933e-06	3.023098e-06
	3.483628e-06	3.980884e-06	4.514601e-06	5.085183e-06	5.690748e-06
	6.320092e-06	7.219242e-06	8.259091e-06	9.301531e-06	1.031700e-05
	1.127452e-05	1.214656e-05	1.290967e-05	1.353928e-05	1.400152e-05
	1.424267e-05	1.418374e-05	1.372487e-05	1.278017e-05	1.132066e-05
	9.435687e-06	7.321680e-06	5.286493e-06	3.515556e-06	2.124211e-06
	1.154381e-06	5.605707e-07	2.436958e-07	9.604226e-08	3.491773e-08
	1.199254e-08	3.987139e-09	1.309284e-09	4.318227e-10	1.443368e-10
	4.865934e-11	1.619330e-11	5.129083e-12	1.505765e-12	4.141437e-13
	1.106166e-13	2.975653e-14	8.278929e-15	2.422722e-15	7.525325e-16
	2.488968e-16	8.793485e-17	3.349660e-17	1.394761e-17	6.388219e-18
	3.194447e-18	1.715537e-18	9.700826e-19	5.660878e-19	3.342529e-19
	1.956061e-19	1.105084e-19	5.771148e-20	2.530278e-20	6.773002e-21
	1.000000e-60
massfraction-CH2O
	1.000000e-60	4.738091e-08	1.730155e-07	4.869094e-07	1.220260e-06
	2.813579e-06	6.014941e-06	1.191302e-05	2.182116e-05	3.708607e-05
	5.877808e-05	8.728278e-05	1.223596e-04	1.634652e-04	2.097462e-04
	2.600997e-04	3.134250e-04	3.687266e-04	4.251867e-04	4.822332e-04
	5.395261e-04	5.968931e-04	6.541448e-04	7.107211e-04	7.657576e-04
	8.187241e-04	8.697467e-04	9.192555e-04	9.675451e-04	1.014678e-03
	1.060600e-03	1.105236e-03	1.148523e-03	1.000000e-60	1.226159e-03
	1.264993e-03	1.302448e-03	1.338577e-03	1.373405e-03	1.406957e-03
	1.439251e-03	1.470292e-03	1.500077e-03	1.528605e-03	1.555873e-03
	1.581849e-03	1.606487e-03	1.629719e-03	1.651453e-03	1.671561e-03
	1.689871e-03	1.706175e-03	1.720257e-03	1.731926e-03	1.741026e-03
	1.747433e-03	1.751075e-03	1.751958e-03	1.750135e-03	1.745691e-03
	1.738764e-03	1.729573e-03	1.718367e-03	1.705345e-03	1.690730e-03
	1.674892e-03	1.658263e-03	1.641095e-03	1.623548e-03	1.605831e-03
	1.588183e-03	1.570786e-03	1.553641e-03	1.536740e-03	1.520158e-03
	1.503981e-03	1.488318e-03	1.473312e-03	1.459108e-03	1.445812e-03
	1.433485e-03	1.422141e-03	1.411743e-03	1.402236e-03	1.393583e-03
	1.385772e-03	1.378791e-03	1.372609e-03	1.367161e-03	1.362335e-03
	1.357956e-03	1.353756e-03	1.349291e-03	1.343855e-03	1.336373e-03
	1.325091e-03	1.307003e-03	1.277329e-03	1.229186e-03	1.153817e-03
	1.044285e-03	9.012668e-04	7.370484e-04	5.653561e-04	4.019165e-04
	2.624407e-04	1.566904e-04	8.599611e-05	4.421869e-05	2.191044e-05
	1.082892e-05	5.501246e-06	2.920882e-06	1.625854e-06	9.432191e-07
	5.669069e-07	3.525655e-07	2.269168e-07	1.512229e-07	1.041660e-07
	7.353998e-08	5.261516e-08	3.779032e-08	2.705593e-08	1.918747e-08
	1.338210e-08	9.109657e-09	6.021150e-09	3.862899e-09	2.412511e-09
	1.470734e-09	8.768243e-10	5.118335e-10	2.926303e-10	1.636930e-10
	8.928333e-11	4.709913e-11	2.358165e-11	1.067869e-11	3.709238e-12
	1.000000e-60
massfraction-CH3
	1.000000e-60	6.418347e-10	2.034685e-09	4.903032e-09	1.047567e-08
	2.065544e-08	3.809024e-08	6.594651e-08	1.074029e-07	1.654169e-07
	2.423925e-07	3.395964e-07	4.578173e-07	5.983290e-07	7.625367e-07
	9.517588e-07	1.167685e-06	1.412504e-06	1.689122e-06	2.001667e-06
	2.355918e-06	2.759660e-06	3.222054e-06	3.750361e-06	4.347964e-06
	5.019071e-06	5.775193e-06	6.635587e-06	7.623140e-06	8.761824e-06
	1.007732e-05	1.159838e-05	1.335778e-05	1.000000e-60	1.707589e-05
	1.938509e-05	2.213681e-05	2.539083e-05	2.921858e-05	3.370584e-05
	3.895451e-05	4.508311e-05	5.222917e-05	6.055697e-05	7.026162e-05
	8.156960e-05	9.474509e-05	1.100986e-04	1.279917e-04	1.488316e-04
	1.730532e-04	2.010908e-04	2.333602e-04	2.702617e-04	3.121878e-04
	3.594375e-04	4.121502e-04	4.704683e-04	5.345961e-04	6.046636e-04
	6.805675e-04	7.618266e-04	8.480314e-04	9.391794e-04	1.035006e-03
	1.134288e-03	1.235452e-03	1.337912e-03	1.441434e-03	1.545318e-03
	1.648529e-03	1.750208e-03	1.850402e-03	1.949071e-03	2.045575e-03
	2.139102e-03	2.228609e-03	2.312769e-03	2.390199e-03	2.459750e-03
	2.520522e-03	2.571904e-03	2.613515e-03	2.644940e-03	2.665547e-03
	2.674460e-03	2.670742e-03	2.653529e-03	2.622095e-03	2.575923e-03
	2.514718e-03	2.438121e-03	2.345258e-03	2.234394e-03	2.102944e-03
	1.947148e-03	1.762175e-03	1.546047e-03	1.302632e-03	1.042560e-03
	7.875617e-04	5.626876e-04	3.795486e-04	2.395726e-04	1.401927e-04
	7.582583e-05	3.803511e-05	1.794217e-05	8.156706e-06	3.669301e-06
	1.677057e-06	7.942130e-07	3.928626e-07	2.025599e-07	1.078998e-07
	5.878518e-08	3.242274e-08	1.785843e-08	9.746043e-09	5.307374e-09
	2.914819e-09	1.620792e-09	9.116799e-10	5.177876e-10	2.962402e-10
	1.701205e-10	9.775953e-11	5.626673e-11	3.263001e-11	1.918555e-11
	1.146082e-11	6.942927e-12	4.247224e-12	2.608155e-12	1.595977e-12
	9.639595e-13	5.667904e-13	3.166761e-13	1.594258e-13	6.106284e-14
	1.000000e-60
massfraction-CH4
	1.000000e+00	9.998732e-01	9.996055e-01	9.990607e-01	9.980047e-01
	9.960717e-01	9.927505e-01	9.874396e-01	9.795738e-01	9.687161e-01
	9.546681e-01	9.375978e-01	9.178906e-01	8.959470e-01	8.722162e-01
	8.471908e-01	8.213094e-01	7.949367e-01	7.683495e-01	7.417182e-01
	7.151187e-01	6.885637e-01	6.620860e-01	6.359010e-01	6.103757e-01
	5.857351e-01	5.619091e-01	5.386902e-01	5.159361e-01	4.936154e-01
	4.717536e-01	4.503894e-01	4.295582e-01	1.000000e-60	3.919555e-01
	3.730367e-01	3.546900e-01	3.368962e-01	3.196468e-01	3.029322e-01
	2.867423e-01	2.710707e-01	2.559124e-01	2.412542e-01	2.270811e-01
	2.133830e-01	2.001525e-01	1.873823e-01	1.750678e-01	1.632132e-01
	1.518369e-01	1.409704e-01	1.306492e-01	1.208999e-01	1.117338e-01
	1.031633e-01	9.520121e-02	8.783187e-02	8.101809e-02	7.472507e-02
	6.893030e-02	6.362360e-02	5.877243e-02	5.431999e-02	5.022767e-02
	4.649186e-02	4.310725e-02	4.002950e-02	3.721094e-02	3.462300e-02
	3.224741e-02	3.006323e-02	2.803426e-02	2.613171e-02	2.434109e-02
	2.265173e-02	2.105722e-02	1.955623e-02	1.814909e-02	1.683383e-02
	1.560653e-02	1.446038e-02	1.338510e-02	1.236984e-02	1.140602e-02
	1.048873e-02	9.616051e-03	8.787617e-03	8.003596e-03	7.264406e-03
	6.569952e-03	5.917548e-03	5.301070e-03	4.712737e-03	4.145737e-03
	3.593647e-03	3.051667e-03	2.525192e-03	2.027780e-03	1.574624e-03
	1.184889e-03	8.704263e-04	6.255358e-04	4.377090e-04	2.966629e-04
	1.944167e-04	1.232866e-04	7.613078e-05	4.642997e-05	2.851024e-05
	1.805938e-05	1.206275e-05	8.595515e-06	6.519913e-06	5.188927e-06
	4.251149e-06	3.526581e-06	2.925971e-06	2.411149e-06	1.971190e-06
	1.600111e-06	1.289582e-06	1.030815e-06	8.159524e-07	6.379958e-07
	4.907713e-07	3.695900e-07	2.715319e-07	1.946210e-07	1.364111e-07
	9.368990e-08	6.312876e-08	4.174716e-08	2.707734e-08	1.718642e-08
	1.062227e-08	6.329330e-09	3.560026e-09	1.796752e-09	6.883442e-10
	1.000000e-60
massfraction-C2H6
	1.000000e-60	8.499314e-08	3.158345e-07	9.062088e-07	2.317043e-06
	5.449937e-06	1.187855e-05	2.396527e-05	4.467156e-05	7.718366e-05
	1.242440e-04	1.872005e-04	2.660229e-04	3.599416e-04	4.673835e-04
	5.860681e-04	7.135751e-04	8.476048e-04	9.861801e-04	1.127850e-03
	1.271693e-03	1.417189e-03	1.563760e-03	1.709852e-03	1.853076e-03
	1.991861e-03	2.126354e-03	2.257532e-03	2.386038e-03	2.511912e-03
	2.634887e-03	2.754637e-03	2.870867e-03	1.000000e-60	3.076756e-03
	3.180862e-03	3.280869e-03	3.376811e-03	3.468651e-03	3.556343e-03
	3.639823e-03	3.718986e-03	3.793697e-03	3.863825e-03	3.929214e-03
	3.989633e-03	4.044787e-03	4.094317e-03	4.137781e-03	4.174626e-03
	4.204191e-03	4.225742e-03	4.238557e-03	4.241989e-03	4.235484e-03
	4.218615e-03	4.191167e-03	4.153070e-03	4.104286e-03	4.044851e-03
	3.975040e-03	3.895541e-03	3.807016e-03	3.709680e-03	3.603954e-03
	3.491292e-03	3.373584e-03	3.251567e-03	3.125477e-03	2.996033e-03
	2.864342e-03	2.731286e-03	2.596518e-03	2.459675e-03	2.321096e-03
	2.181293e-03	2.041061e-03	1.901646e-03	1.764495e-03	1.630832e-03
	1.501611e-03	1.377343e-03	1.257988e-03	1.143257e-03	1.032972e-03
	9.272806e-04	8.265731e-04	7.313324e-04	6.420322e-04	5.590954e-04
	4.827989e-04	4.130551e-04	3.493403e-04	2.909625e-04	2.374034e-04
	1.882898e-04	1.435347e-04	1.039521e-04	7.074445e-05	4.472594e-05
	2.622136e-05	1.441011e-05	7.429873e-06	3.553787e-06	1.559857e-06
	6.274970e-07	2.535377e-07	9.629177e-08	3.434257e-08	1.189767e-08
	4.185980e-09	1.567317e-09	6.506427e-10	3.115556e-10	1.821626e-10
	1.184694e-10	8.283224e-11	6.025773e-11	4.454533e-11	3.306092e-11
	2.449081e-11	1.803385e-11	1.315495e-11	9.476530e-12	6.715727e-12
	4.655200e-12	3.135234e-12	2.042005e-12	1.286505e-12	7.868514e-13
	4.687659e-13	2.726674e-13	1.551121e-13	8.635968e-14	4.702765e-14
	2.497314e-14	1.283404e-14	6.267509e-15	2.773409e-15	9.437282e-16
	1.000000e-60
massfraction-C2H
	1.000000e-60	4.015319e-24	1.166031e-24	1.000000e-60	1.000000e-60
	1.144888e-24	1.536068e-24	6.716673e-25	1.000000e-60	1.000000e-60
	3.599463e-23	1.292833e-22	7.924799e-22	3.757481e-21	1.652401e-20
	6.657652e-20	2.464714e-19	8.345251e-19	2.591293e-18	7.437454e-18
	1.991338e-17	5.020236e-17	1.200190e-16	2.722011e-16	5.833964e-16
	1.182404e-15	2.285280e-15	4.257376e-15	7.704130e-15	1.359794e-14
	2.346408e-14	3.965874e-14	6.576387e-14	1.000000e-60	1.215480e-13
	1.884055e-13	2.917573e-13	4.481952e-13	6.825757e-13	1.030690e-12
	1.543239e-12	2.291235e-12	3.373462e-12	4.927611e-12	7.145627e-12
	1.029420e-11	1.474451e-11	2.127850e-11	3.106922e-11	4.523036e-11
	6.561922e-11	9.476663e-11	1.360416e-10	1.938622e-10	2.739563e-10
	3.834540e-10	5.308437e-10	7.265034e-10	9.833461e-10	1.316913e-09
	1.745121e-09	2.288069e-09	2.981779e-09	3.882643e-09	5.024009e-09
	6.450595e-09	8.203815e-09	1.034227e-08	1.294076e-08	1.607356e-08
	1.980835e-08	2.421708e-08	2.941958e-08	3.556315e-08	4.279047e-08
	5.125253e-08	6.109405e-08	7.242331e-08	8.530206e-08	9.976459e-08
	1.158207e-07	1.334858e-07	1.528254e-07	1.739485e-07	1.969627e-07
	2.219409e-07	2.506086e-07	2.963926e-07	3.458624e-07	3.978830e-07
	4.509770e-07	5.027845e-07	5.516323e-07	5.964666e-07	6.351727e-07
	6.645482e-07	6.796790e-07	6.734742e-07	6.385541e-07	5.707048e-07
	4.745579e-07	3.652363e-07	2.590160e-07	1.673403e-07	9.702809e-08
	4.986356e-08	2.248043e-08	8.868144e-09	3.091117e-09	9.696131e-10
	2.822510e-10	7.914895e-11	2.218885e-11	6.438161e-12	1.971683e-12
	6.302291e-13	2.007543e-13	5.956951e-14	1.572964e-14	3.753769e-15
	8.560588e-16	1.964872e-16	4.679234e-17	1.173693e-17	3.124972e-18
	8.863352e-19	2.691346e-19	8.858659e-20	3.216056e-20	1.298169e-20
	5.774029e-21	2.771256e-21	1.397669e-21	7.196105e-22	3.668439e-22
	1.790429e-22	8.032953e-23	3.125767e-23	9.440853e-24	1.581741e-24
	1.000000e-60
massfraction-C2H2
	1.000000e-60	1.154821e-07	4.077724e-07	1.105903e-06	2.668043e-06
	5.925986e-06	1.222657e-05	2.343545e-05	4.168662e-05	6.905595e-05
	1.070792e-04	1.561409e-04	2.156675e-04	2.846967e-04	3.618416e-04
	4.453639e-04	5.335602e-04	6.249055e-04	7.181554e-04	8.124511e-04
	9.072965e-04	1.002457e-03	1.097655e-03	1.191982e-03	1.284005e-03
	1.372825e-03	1.458638e-03	1.542149e-03	1.623842e-03	1.703811e-03
	1.781955e-03	1.858133e-03	1.932224e-03	1.000000e-60	2.065224e-03
	2.132097e-03	2.196807e-03	2.259443e-03	2.320058e-03	2.378707e-03
	2.435447e-03	2.490320e-03	2.543363e-03	2.594636e-03	2.644207e-03
	2.692120e-03	2.738408e-03	2.783098e-03	2.826205e-03	2.867703e-03
	2.907515e-03	2.945505e-03	2.981516e-03	3.015416e-03	3.047115e-03
	3.076514e-03	3.103506e-03	3.128082e-03	3.150301e-03	3.170210e-03
	3.187819e-03	3.203107e-03	3.216136e-03	3.227029e-03	3.235853e-03
	3.242606e-03	3.247323e-03	3.250117e-03	3.251063e-03	3.250182e-03
	3.247475e-03	3.242923e-03	3.236419e-03	3.227766e-03	3.216723e-03
	3.202999e-03	3.186271e-03	3.166243e-03	3.142664e-03	3.115304e-03
	3.083938e-03	3.048292e-03	3.007929e-03	2.962237e-03	2.910495e-03
	2.851995e-03	2.786123e-03	2.712386e-03	2.630416e-03	2.540004e-03
	2.441064e-03	2.333257e-03	2.215555e-03	2.086115e-03	1.942520e-03
	1.781477e-03	1.598992e-03	1.393996e-03	1.170420e-03	9.373106e-04
	7.122958e-04	5.149778e-04	3.536619e-04	2.286226e-04	1.376096e-04
	7.655033e-05	3.916871e-05	1.848194e-05	8.154979e-06	3.442435e-06
	1.438772e-06	6.196386e-07	2.858261e-07	1.459258e-07	8.383278e-08
	5.382115e-08	3.761332e-08	2.766367e-08	2.083130e-08	1.581699e-08
	1.201878e-08	9.096199e-09	6.831866e-09	5.075979e-09	3.716873e-09
	2.667991e-09	1.865672e-09	1.265437e-09	8.326527e-10	5.331891e-10
	3.332441e-10	2.036910e-10	1.219152e-10	7.147382e-11	4.099539e-11
	2.292118e-11	1.238741e-11	6.347255e-12	2.936838e-12	1.040038e-12
	1.000000e-60
massfraction-CHCO
	1.000000e-60	2.868889e-07	8.556890e-07	1.929184e-06	3.846809e-06
	7.077528e-06	1.219209e-05	1.975126e-05	3.014437e-05	4.353116e-05
	5.977979e-05	7.840371e-05	9.879262e-05	1.204269e-04	1.428190e-04
	1.655073e-04	1.881310e-04	2.104284e-04	2.322314e-04	2.534672e-04
	2.741372e-04	2.942859e-04	3.139357e-04	3.329746e-04	3.511893e-04
	3.684776e-04	3.849422e-04	4.007696e-04	4.160907e-04	4.309558e-04
	4.453748e-04	4.593476e-04	4.728757e-04	1.000000e-60	4.978590e-04
	5.099835e-04	5.217182e-04	5.330909e-04	5.441210e-04	5.548270e-04
	5.652266e-04	5.753339e-04	5.851609e-04	5.947238e-04	6.040396e-04
	6.131206e-04	6.219772e-04	6.306191e-04	6.390533e-04	6.472804e-04
	6.552902e-04	6.630618e-04	6.705689e-04	6.777899e-04	6.847116e-04
	6.913187e-04	6.975929e-04	7.035367e-04	7.091699e-04	7.145116e-04
	7.195714e-04	7.243477e-04	7.288615e-04	7.331596e-04	7.372756e-04
	7.412097e-04	7.449594e-04	7.485612e-04	7.520568e-04	7.554629e-04
	7.587767e-04	7.619898e-04	7.651097e-04	7.681262e-04	7.709933e-04
	7.736410e-04	7.759717e-04	7.778600e-04	7.791637e-04	7.797362e-04
	7.794307e-04	7.780988e-04	7.755763e-04	7.716637e-04	7.661186e-04
	7.586655e-04	7.490243e-04	7.369756e-04	7.223501e-04	7.050168e-04
	6.848803e-04	6.618003e-04	6.354721e-04	6.053596e-04	5.707188e-04
	5.304906e-04	4.832942e-04	4.283465e-04	3.661297e-04	2.986188e-04
	2.306050e-04	1.682483e-04	1.153264e-04	7.326373e-05	4.243768e-05
	2.213425e-05	1.030978e-05	4.298494e-06	1.631827e-06	5.794526e-07
	1.998860e-07	6.983978e-08	2.572071e-08	1.035765e-08	4.681354e-09
	2.392392e-09	1.362631e-09	8.368620e-10	5.337034e-10	3.436376e-10
	2.200594e-10	1.394348e-10	8.742819e-11	5.435794e-11	3.355600e-11
	2.054817e-11	1.246357e-11	7.500571e-12	4.507360e-12	2.724624e-12
	1.663288e-12	1.026012e-12	6.383429e-13	3.989727e-13	2.489609e-13
	1.536914e-13	9.254363e-14	5.301131e-14	2.736390e-14	1.073530e-14
	1.000000e-60
massfraction-C3H3
	1.000000e-60	2.861537e-25	1.223027e-24	4.463706e-24	1.714500e-23
	7.888137e-23	3.246251e-22	1.000000e-60	1.000000e-60	1.246999e-21
	1.000000e-60	1.000000e-60	8.148268e-22	3.297287e-21	1.000000e-60
	4.070993e-21	8.976515e-21	1.000000e-60	1.000000e-60	1.000000e-60
	2.203479e-21	1.000000e-60	1.000000e-60	7.135950e-21	9.203981e-20
	2.581808e-19	7.055930e-19	1.719823e-18	3.807985e-18	8.090774e-18
	1.640463e-17	3.039017e-17	4.680898e-17	1.000000e-60	1.331841e-16
	2.426964e-16	4.190748e-16	7.280657e-16	1.290340e-15	2.378703e-15
	4.664415e-15	9.867281e-15	2.239398e-14	5.329378e-14	1.293465e-13
	3.128613e-13	7.427113e-13	1.715302e-12	3.836031e-12	8.284648e-12
	1.724227e-11	3.450784e-11	6.628538e-11	1.220758e-10	2.155420e-10
	3.648496e-10	5.920630e-10	9.226231e-10	1.384727e-09	2.007382e-09
	2.817269e-09	3.834536e-09	5.074629e-09	6.558092e-09	8.305254e-09
	1.032446e-08	1.262199e-08	1.523734e-08	1.824201e-08	2.172407e-08
	2.578829e-08	3.057156e-08	3.629290e-08	4.324059e-08	5.175048e-08
	6.223478e-08	7.518333e-08	9.114417e-08	1.107269e-07	1.346577e-07
	1.638334e-07	1.994552e-07	2.432608e-07	2.977327e-07	3.661800e-07
	4.523958e-07	5.590096e-07	6.843816e-07	8.236850e-07	9.705689e-07
	1.117902e-06	1.376723e-06	1.630554e-06	1.840198e-06	1.982220e-06
	2.036384e-06	1.983431e-06	1.806685e-06	1.509778e-06	1.130104e-06
	7.426432e-07	4.247553e-07	2.085917e-07	8.511863e-08	2.754735e-08
	6.702158e-09	1.317056e-09	2.445362e-10	3.490188e-11	3.950526e-12
	3.738221e-13	3.137351e-14	2.492641e-15	2.045987e-16	1.855115e-17
	1.826873e-18	1.804606e-19	1.616273e-20	1.219697e-21	7.741736e-23
	4.307494e-24	2.199835e-25	1.085323e-26	5.370178e-28	3.356899e-29
	3.691159e-30	3.162216e-31	9.489175e-32	1.253280e-31	1.000000e-60
	1.000000e-60	1.139415e-32	2.765840e-33	1.162790e-33	1.000000e-60
	1.000000e-60	3.853961e-35	3.135812e-36	9.402657e-37	1.000000e-60
	1.000000e-60
massfraction-C2H3
	1.000000e-60	8.921001e-20	2.409823e-19	4.762159e-19	8.664773e-19
	1.596135e-18	3.199739e-18	7.400628e-18	2.040589e-17	6.725989e-17
	2.575284e-16	1.082860e-15	4.713167e-15	2.030588e-14	8.365694e-14
	3.209666e-13	1.127798e-12	3.594826e-12	1.035331e-11	2.698556e-11
	6.393183e-11	1.382479e-10	2.750100e-10	5.055295e-10	8.611136e-10
	1.368391e-09	2.051586e-09	2.934971e-09	4.039401e-09	5.378096e-09
	7.110491e-09	9.158959e-09	1.151080e-08	1.000000e-60	1.709024e-08
	2.077830e-08	2.492230e-08	2.956851e-08	3.470899e-08	4.030014e-08
	4.627268e-08	5.254605e-08	5.905426e-08	6.578102e-08	7.278651e-08
	8.022249e-08	8.833969e-08	9.748683e-08	1.081057e-07	1.207274e-07
	1.359711e-07	1.545451e-07	1.772575e-07	2.050469e-07	2.390213e-07
	2.804251e-07	3.305923e-07	3.911113e-07	4.639647e-07	5.515168e-07
	6.565307e-07	7.821019e-07	9.314495e-07	1.109511e-06	1.321948e-06
	1.573205e-06	1.866727e-06	2.208542e-06	2.606614e-06	3.068036e-06
	3.598231e-06	4.202467e-06	4.891277e-06	5.676620e-06	6.567171e-06
	7.569663e-06	8.686767e-06	9.913776e-06	1.123841e-05	1.264391e-05
	1.411014e-05	1.561677e-05	1.714626e-05	1.868086e-05	2.019606e-05
	2.165296e-05	2.301604e-05	2.425260e-05	2.532337e-05	2.618478e-05
	2.678877e-05	2.707620e-05	2.702249e-05	2.662141e-05	2.584283e-05
	2.463457e-05	2.292387e-05	2.066232e-05	1.788012e-05	1.471215e-05
	1.145154e-05	8.448804e-06	5.907859e-06	3.887431e-06	2.386331e-06
	1.360360e-06	7.198508e-07	3.566410e-07	1.688658e-07	7.850573e-08
	3.689500e-08	1.784145e-08	8.863797e-09	4.471604e-09	2.268074e-09
	1.142149e-09	5.530116e-10	2.442874e-10	9.427787e-11	3.159719e-11
	9.391338e-12	2.575738e-12	7.040397e-13	2.139185e-13	7.677393e-14
	3.120317e-14	1.330593e-14	5.671685e-15	2.373758e-15	9.717627e-16
	3.884221e-16	1.512568e-16	5.724329e-17	2.098184e-17	7.407313e-18
	2.493898e-18	7.857308e-19	2.225873e-19	5.143171e-20	7.025398e-21
	1.000000e-60
massfraction-C2H4
	1.000000e-60	8.679702e-08	3.117621e-07	8.615764e-07	2.119267e-06
	4.797747e-06	1.008035e-05	1.964974e-05	3.548767e-05	5.958197e-05
	9.347186e-05	1.376567e-04	1.917243e-04	2.548543e-04	3.257915e-04
	4.029215e-04	4.846373e-04	5.694845e-04	6.562656e-04	7.441434e-04
	8.326232e-04	9.214594e-04	1.010371e-03	1.098492e-03	1.184467e-03
	1.267448e-03	1.347606e-03	1.425596e-03	1.501867e-03	1.576502e-03
	1.649404e-03	1.720441e-03	1.789499e-03	1.000000e-60	1.913115e-03
	1.975383e-03	2.035599e-03	2.093846e-03	2.150174e-03	2.204635e-03
	2.257282e-03	2.308153e-03	2.357283e-03	2.404725e-03	2.450540e-03
	2.494766e-03	2.537424e-03	2.578530e-03	2.618082e-03	2.656037e-03
	2.692291e-03	2.726683e-03	2.759020e-03	2.789121e-03	2.816828e-03
	2.841965e-03	2.864343e-03	2.883845e-03	2.900401e-03	2.913918e-03
	2.924263e-03	2.931296e-03	2.934933e-03	2.935092e-03	2.931626e-03
	2.924425e-03	2.913484e-03	2.898744e-03	2.880034e-03	2.857199e-03
	2.830155e-03	2.798809e-03	2.762763e-03	2.721497e-03	2.674617e-03
	2.621763e-03	2.562708e-03	2.497501e-03	2.426475e-03	2.350080e-03
	2.268830e-03	2.183134e-03	2.093095e-03	1.998593e-03	1.899515e-03
	1.796007e-03	1.688537e-03	1.577848e-03	1.464878e-03	1.350732e-03
	1.236547e-03	1.123076e-03	1.010349e-03	8.978843e-04	7.852206e-04
	6.718969e-04	5.578272e-04	4.453522e-04	3.390158e-04	2.439571e-04
	1.657304e-04	1.070578e-04	6.581849e-05	3.816671e-05	2.065536e-05
	1.036872e-05	4.813008e-06	2.075526e-06	8.447467e-07	3.322482e-07
	1.305838e-07	5.318629e-08	2.317809e-08	1.108209e-08	5.892589e-09
	3.481767e-09	2.253554e-09	1.559456e-09	1.125591e-09	8.316064e-10
	6.205749e-10	4.634781e-10	3.443065e-10	2.532687e-10	1.836488e-10
	1.305048e-10	9.029095e-11	6.054328e-11	3.935042e-11	2.487247e-11
	1.533564e-11	9.243095e-12	5.453421e-12	3.150945e-12	1.781124e-12
	9.815750e-13	5.230642e-13	2.644413e-13	1.208396e-13	4.231783e-14
	1.000000e-60
massfraction-C2H5
	1.000000e-60	5.768408e-13	2.137590e-12	6.114493e-12	1.558463e-11
	3.654375e-11	7.941871e-11	1.598106e-10	2.972317e-10	5.127016e-10
	8.245268e-10	1.242381e-09	1.767920e-09	2.399669e-09	3.133398e-09
	3.963569e-09	4.887912e-09	5.909923e-09	7.041000e-09	8.303043e-09
	9.730371e-09	1.137138e-08	1.328649e-08	1.553421e-08	1.815949e-08
	2.120999e-08	2.476581e-08	2.894739e-08	3.426319e-08	4.081395e-08
	4.871504e-08	5.824189e-08	6.972161e-08	1.000000e-60	9.541197e-08
	1.124716e-07	1.328090e-07	1.567565e-07	1.845238e-07	2.161589e-07
	2.515131e-07	2.902305e-07	3.318093e-07	3.757588e-07	4.217766e-07
	4.699262e-07	5.208097e-07	5.756646e-07	6.363556e-07	7.052832e-07
	7.852513e-07	8.793444e-07	9.908802e-07	1.123489e-06	1.281257e-06
	1.468537e-06	1.689763e-06	1.950189e-06	2.256448e-06	2.616441e-06
	3.039391e-06	3.535133e-06	4.111386e-06	4.781119e-06	5.557578e-06
	6.446126e-06	7.445219e-06	8.558435e-06	9.790619e-06	1.113838e-05
	1.258913e-05	1.412697e-05	1.574643e-05	1.743969e-05	1.918675e-05
	2.096136e-05	2.272977e-05	2.444971e-05	2.607563e-05	2.756631e-05
	2.888684e-05	3.001071e-05	3.091852e-05	3.159138e-05	3.200404e-05
	3.211927e-05	3.192395e-05	3.142505e-05	3.063079e-05	2.955398e-05
	2.821059e-05	2.660872e-05	2.476867e-05	2.271282e-05	2.045131e-05
	1.798662e-05	1.532499e-05	1.253285e-05	9.747456e-06	7.141712e-06
	4.911456e-06	3.172860e-06	1.931147e-06	1.098297e-06	5.781611e-07
	2.808572e-07	1.263859e-07	5.333228e-08	2.157828e-08	8.575719e-09
	3.428470e-09	1.403223e-09	5.945695e-10	2.637386e-10	1.237789e-10
	6.160936e-11	3.208801e-11	1.678107e-11	8.339191e-12	3.864694e-12
	1.724704e-12	7.787474e-13	3.698301e-13	1.874691e-13	1.005374e-13
	5.578976e-14	3.126939e-14	1.737763e-14	9.486595e-15	5.072554e-15
	2.654016e-15	1.358417e-15	6.804809e-16	3.338441e-16	1.604625e-16
	7.550080e-17	3.463893e-17	1.529915e-17	6.248627e-18	2.019406e-18
	1.000000e-60
massfraction-C3H4
	1.000000e-60	1.460962e-10	5.853591e-10	1.825476e-09	5.085771e-09
	1.301890e-08	3.077545e-08	6.700360e-08	1.339614e-07	2.466714e-07
	4.204390e-07	6.664226e-07	9.902305e-07	1.393499e-06	1.873158e-06
	2.421486e-06	3.028604e-06	3.683946e-06	4.377572e-06	5.101549e-06
	5.850332e-06	6.620350e-06	7.407704e-06	8.203111e-06	8.992366e-06
	9.765454e-06	1.052190e-05	1.126619e-05	1.200122e-05	1.272662e-05
	1.344037e-05	1.414015e-05	1.482388e-05	1.000000e-60	1.601964e-05
	1.664151e-05	1.724358e-05	1.782614e-05	1.838923e-05	1.893298e-05
	1.945759e-05	1.996315e-05	2.044980e-05	2.091791e-05	2.136797e-05
	2.180030e-05	2.221515e-05	2.261277e-05	2.299330e-05	2.335656e-05
	2.370192e-05	2.402824e-05	2.433415e-05	2.461841e-05	2.487996e-05
	2.511751e-05	2.532955e-05	2.551517e-05	2.567393e-05	2.580520e-05
	2.590818e-05	2.598225e-05	2.602768e-05	2.604524e-05	2.603556e-05
	2.599975e-05	2.593997e-05	2.585824e-05	2.575592e-05	2.563445e-05
	2.549547e-05	2.534036e-05	2.516870e-05	2.497944e-05	2.477192e-05
	2.454541e-05	2.429933e-05	2.403381e-05	2.374956e-05	2.344719e-05
	2.312712e-05	2.278898e-05	2.243092e-05	2.204979e-05	2.164201e-05
	2.120445e-05	2.073485e-05	2.023180e-05	1.969439e-05	1.912233e-05
	1.851557e-05	1.787195e-05	1.718413e-05	1.643954e-05	1.562168e-05
	1.470791e-05	1.366893e-05	1.248706e-05	1.116583e-05	9.730270e-06
	8.253266e-06	6.832455e-06	5.522791e-06	4.340267e-06	3.297119e-06
	2.409265e-06	1.684752e-06	1.123718e-06	7.154948e-07	4.365248e-07
	2.575674e-07	1.488322e-07	8.530633e-08	4.914582e-08	2.878759e-08
	1.727361e-08	1.063960e-08	6.697686e-09	4.287418e-09	2.785938e-09
	1.831568e-09	1.211069e-09	8.004548e-10	5.259955e-10	3.416911e-10
	2.178127e-10	1.351458e-10	8.117327e-11	4.720669e-11	2.668152e-11
	1.470479e-11	7.919162e-12	4.173552e-12	2.153910e-12	1.088024e-12
	5.365945e-13	2.566408e-13	1.170375e-13	4.861205e-14	1.563695e-14
	1.000000e-60
massfraction-C3H5
	1.000000e-60	1.776037e-11	7.227944e-11	2.293378e-10	6.503984e-10
	1.694359e-09	4.073170e-09	9.008994e-09	1.827539e-08	3.409891e-08
	5.881325e-08	9.420676e-08	1.412772e-07	2.004261e-07	2.713316e-07
	3.529412e-07	4.438357e-07	5.424533e-07	6.472958e-07	7.571478e-07
	8.711444e-07	9.887161e-07	1.109241e-06	1.231268e-06	1.352581e-06
	1.471599e-06	1.588210e-06	1.703072e-06	1.816608e-06	1.928736e-06
	2.039120e-06	2.147379e-06	2.253171e-06	1.000000e-60	2.437729e-06
	2.533914e-06	2.626969e-06	2.716921e-06	2.803755e-06	2.887463e-06
	2.968047e-06	3.045489e-06	3.119766e-06	3.190887e-06	3.258866e-06
	3.323680e-06	3.385283e-06	3.443618e-06	3.498611e-06	3.550155e-06
	3.598118e-06	3.642396e-06	3.683011e-06	3.720230e-06	3.754643e-06
	3.787146e-06	3.818933e-06	3.851560e-06	3.886853e-06	3.926724e-06
	3.972968e-06	4.027011e-06	4.090113e-06	4.163529e-06	4.248046e-06
	4.343233e-06	4.447772e-06	4.560940e-06	4.682264e-06	4.810649e-06
	4.944420e-06	5.081940e-06	5.222714e-06	5.366126e-06	5.510608e-06
	5.654143e-06	5.794121e-06	5.927222e-06	6.049803e-06	6.158454e-06
	6.250130e-06	6.322301e-06	6.372834e-06	6.399530e-06	6.399797e-06
	6.370730e-06	6.309993e-06	6.216120e-06	6.088413e-06	5.927121e-06
	5.733393e-06	5.508368e-06	5.251965e-06	4.962378e-06	4.636663e-06
	4.270354e-06	3.858212e-06	3.402536e-06	2.916523e-06	2.421517e-06
	1.950681e-06	1.534696e-06	1.182587e-06	8.893366e-07	6.489363e-07
	4.568602e-07	3.080999e-07	1.977372e-07	1.203968e-07	6.952460e-08
	3.831350e-08	2.037456e-08	1.060202e-08	5.501397e-09	2.914846e-09
	1.617177e-09	9.575871e-10	6.067428e-10	4.060363e-10	2.811617e-10
	1.973882e-10	1.384294e-10	9.613717e-11	6.577844e-11	4.413775e-11
	2.886197e-11	1.825602e-11	1.111275e-11	6.512991e-12	3.690932e-12
	2.030601e-12	1.087720e-12	5.685571e-13	2.903882e-13	1.449399e-13
	7.055808e-14	3.329375e-14	1.498052e-14	6.143265e-15	1.953514e-15
	1.000000e-60
massfraction-C3H6
	1.000000e-60	1.603985e-10	6.659931e-10	2.160579e-09	6.268740e-09
	1.670154e-08	4.102323e-08	9.258611e-08	1.913450e-07	3.631111e-07
	6.358857e-07	1.032381e-06	1.566670e-06	2.245864e-06	3.068348e-06
	4.023424e-06	5.095431e-06	6.266415e-06	7.518681e-06	8.837546e-06
	1.021230e-05	1.163564e-05	1.309950e-05	1.458559e-05	1.606602e-05
	1.752054e-05	1.894682e-05	2.035201e-05	2.174043e-05	2.311024e-05
	2.445651e-05	2.577379e-05	2.705716e-05	1.000000e-60	2.926014e-05
	3.041605e-05	3.152598e-05	3.258971e-05	3.360643e-05	3.457551e-05
	3.549647e-05	3.636872e-05	3.719183e-05	3.796602e-05	3.869187e-05
	3.937003e-05	4.000134e-05	4.058705e-05	4.112871e-05	4.162794e-05
	4.208636e-05	4.250584e-05	4.288899e-05	4.323977e-05	4.356379e-05
	4.386788e-05	4.416021e-05	4.445134e-05	4.475414e-05	4.508297e-05
	4.545271e-05	4.587678e-05	4.636598e-05	4.693226e-05	4.758469e-05
	4.832277e-05	4.913760e-05	5.002216e-05	5.096786e-05	5.195698e-05
	5.296302e-05	5.395611e-05	5.491130e-05	5.579845e-05	5.657740e-05
	5.720344e-05	5.762909e-05	5.780826e-05	5.770316e-05	5.728878e-05
	5.655357e-05	5.549666e-05	5.412142e-05	5.243211e-05	5.043680e-05
	4.815491e-05	4.560521e-05	4.280877e-05	3.979766e-05	3.661360e-05
	3.330394e-05	2.990923e-05	2.645720e-05	2.296681e-05	1.946035e-05
	1.596413e-05	1.252299e-05	9.261902e-06	6.363123e-06	3.993966e-06
	2.271877e-06	1.174746e-06	5.480779e-07	2.245362e-07	1.021430e-07
	4.155105e-08	1.473311e-08	4.591784e-09	1.295688e-09	3.471585e-10
	9.454344e-11	2.826535e-11	9.946507e-12	4.330400e-12	2.388287e-12
	1.654452e-12	1.353138e-12	1.177226e-12	9.994938e-13	7.992277e-13
	6.036352e-13	4.369607e-13	3.067480e-13	2.100912e-13	1.404571e-13
	9.126216e-14	5.723691e-14	3.447719e-14	1.995887e-14	1.115492e-14
	6.045033e-15	3.186612e-15	1.638040e-15	8.223526e-16	4.033400e-16
	1.929338e-16	8.947585e-17	3.959408e-17	1.598700e-17	5.014274e-18
	1.000000e-60
massfraction-N-C3H7
	1.000000e-60	3.809107e-15	1.584254e-14	5.149144e-14	1.496840e-13
	3.995456e-13	9.831475e-13	2.222614e-12	4.600516e-12	8.742576e-12
	1.532954e-11	2.491614e-11	3.784891e-11	5.430578e-11	7.425234e-11
	9.743174e-11	1.234618e-10	1.518927e-10	1.822528e-10	2.140777e-10
	2.468556e-10	2.798625e-10	3.117958e-10	3.402073e-10	3.613386e-10
	3.707257e-10	3.640330e-10	3.382561e-10	2.942398e-10	2.392529e-10
	1.854344e-10	1.431273e-10	1.181551e-10	1.000000e-60	1.253824e-10
	1.027819e-10	8.521894e-11	7.210092e-11	6.213323e-11	5.444628e-11
	4.847055e-11	4.381426e-11	4.019284e-11	3.739755e-11	3.527719e-11
	3.372497e-11	3.266766e-11	3.205856e-11	3.187350e-11	3.210796e-11
	3.277451e-11	3.390035e-11	3.552591e-11	3.770635e-11	4.051538e-11
	4.404430e-11	4.840017e-11	5.372242e-11	6.019796e-11	6.805857e-11
	7.744487e-11	8.803997e-11	1.007220e-10	1.159971e-10	1.344327e-10
	1.565023e-10	1.825960e-10	2.133360e-10	2.495337e-10	2.919393e-10
	3.411575e-10	3.977716e-10	4.628409e-10	5.375374e-10	6.226698e-10
	7.187698e-10	8.258492e-10	9.430515e-10	1.068629e-09	1.200274e-09
	1.335274e-09	1.470882e-09	1.604632e-09	1.734130e-09	1.856623e-09
	1.954108e-09	2.024310e-09	2.072477e-09	2.095745e-09	2.092066e-09
	2.060396e-09	2.000518e-09	1.912465e-09	1.795993e-09	1.650658e-09
	1.475811e-09	1.271405e-09	1.043072e-09	8.045225e-10	5.751998e-10
	3.784371e-10	2.297364e-10	1.282644e-10	6.479609e-11	2.915089e-11
	1.147582e-11	4.924131e-12	1.935827e-12	7.112644e-13	2.578010e-13
	9.941995e-14	4.450582e-14	2.514513e-14	1.914095e-14	2.244715e-14
	4.104256e-14	9.691107e-14	1.846952e-13	1.738006e-13	1.498350e-13
	1.115564e-13	7.883146e-14	5.438162e-14	3.681021e-14	2.439841e-14
	1.574375e-14	9.817022e-15	5.884595e-15	3.392731e-15	1.889711e-15
	1.021056e-15	5.368240e-16	2.752650e-16	1.378617e-16	6.745804e-17
	3.219301e-17	1.489608e-17	6.577339e-18	2.650386e-18	8.298000e-19
	1.000000e-60
massfraction-I-C3H7
	1.000000e-60	1.000029e-60	1.000081e-60	1.000150e-60	1.000182e-60
	9.999877e-61	9.990954e-61	9.965674e-61	9.909062e-61	9.801336e-61
	9.621326e-61	9.353008e-61	8.989033e-61	8.529871e-61	7.984616e-61
	7.370217e-61	6.707342e-61	6.017351e-61	5.319711e-61	4.629902e-61
	3.958936e-61	3.313899e-61	2.699915e-61	2.123285e-61	1.589674e-61
	1.097915e-61	6.385794e-62	1.983326e-62	1.000000e-60	7.508863e-61
	7.375426e-61	7.290693e-61	7.317901e-61	1.188628e-62	1.468242e-61
	1.196210e-61	1.018878e-61	9.401064e-61	9.553652e-61	9.503645e-61
	9.390053e-61	9.267123e-61	9.149750e-61	9.040452e-61	8.939053e-61
	8.844985e-61	8.757492e-61	8.668492e-61	6.328919e-63	1.304401e-62
	2.024192e-62	2.723859e-62	3.400182e-62	4.051457e-62	4.677066e-62
	5.276280e-62	5.848097e-62	6.393247e-62	6.913869e-62	7.411835e-62
	7.887890e-62	8.341461e-62	8.773624e-62	9.187674e-62	9.585527e-62
	9.966134e-62	1.042715e-61	7.912842e-61	8.635162e-62	7.763599e-62
	8.032557e-62	8.288294e-62	8.543595e-62	8.801933e-62	9.065516e-62
	9.336445e-62	9.616467e-62	9.906470e-62	1.019602e-61	1.200725e-61
	7.797407e-61	1.514673e-61	1.536786e-61	1.571754e-61	1.608097e-61
	1.645817e-61	1.684925e-61	1.725327e-61	1.766845e-61	1.809177e-61
	1.851953e-61	1.894850e-61	1.937707e-61	1.980408e-61	2.022617e-61
	2.063634e-61	2.101991e-61	2.134481e-61	2.156473e-61	2.163863e-61
	2.318418e-63	2.573262e-65	7.842240e-65	1.402992e-64	1.958694e-64
	2.698989e-64	4.403372e-64	3.558565e-64	2.163262e-61	1.890481e-61
	1.851902e-61	2.043670e-61	3.247458e-61	3.527293e-64	1.471884e-63
	6.377453e-63	1.307420e-62	1.735055e-62	1.935918e-62	2.091135e-62
	2.395409e-62	3.032459e-62	4.160885e-62	5.896546e-62	8.301903e-62
	1.139493e-61	1.515552e-61	1.950770e-61	2.430701e-61	2.939215e-61
	3.465434e-61	4.004992e-61	4.558328e-61	5.128871e-61	5.721478e-61
	6.341362e-61	6.993436e-61	7.682072e-61	8.410979e-61	9.182909e-61
	1.000000e-60
massfraction-C3H8
	1.000000e-60	1.000041e-60	1.000128e-60	1.000286e-60	1.000535e-60
	1.000833e-60	1.000976e-60	1.000447e-60	9.982920e-61	9.931096e-61
	9.832200e-61	9.670700e-61	9.435307e-61	9.119070e-61	8.720383e-61
	8.243289e-61	7.695382e-61	7.086195e-61	6.425619e-61	5.722211e-61
	4.982490e-61	4.211108e-61	3.413064e-61	2.598920e-61	1.784521e-61
	9.192246e-61	9.115550e-61	9.039822e-61	8.964889e-61	8.890894e-61
	8.818138e-61	8.746943e-61	8.677594e-61	1.000000e-60	8.639526e-61
	8.576964e-61	8.516792e-61	8.458998e-61	8.403590e-61	8.350561e-61
	8.299889e-61	8.251557e-61	8.205541e-61	8.161787e-61	8.120227e-61
	8.080808e-61	8.043477e-61	8.008178e-61	7.974859e-61	7.943490e-61
	7.914070e-61	7.886624e-61	7.861179e-61	7.837728e-61	7.816226e-61
	7.796628e-61	7.778892e-61	7.762916e-61	7.748566e-61	7.735731e-61
	7.724343e-61	7.714366e-61	7.705697e-61	7.698196e-61	7.691759e-61
	7.686341e-61	7.681883e-61	7.678273e-61	7.675409e-61	7.673223e-61
	7.671662e-61	7.670677e-61	7.670225e-61	7.670287e-61	7.670863e-61
	7.671969e-61	7.673627e-61	7.675863e-61	7.678701e-61	7.682169e-61
	7.686300e-61	7.691147e-61	7.696794e-61	7.703374e-61	7.711056e-61
	7.720049e-61	7.730385e-61	7.741948e-61	7.754610e-61	7.768231e-61
	7.782679e-61	7.797869e-61	7.813784e-61	7.830463e-61	7.847978e-61
	7.866479e-61	7.886194e-61	7.907203e-61	7.929724e-61	7.955066e-61
	7.986882e-61	2.326907e-62	7.985669e-62	1.257622e-61	1.616010e-61
	1.880414e-61	2.062482e-61	2.177526e-61	2.243458e-61	2.280316e-61
	2.313365e-61	1.000000e-60	2.900415e-63	1.071153e-62	2.759599e-62
	6.078940e-62	1.164223e-61	1.967526e-61	2.978100e-61	4.087777e-61
	5.175245e-61	6.160028e-61	7.006811e-61	7.709846e-61	8.279746e-61
	8.734267e-61	9.090921e-61	9.363815e-61	9.565189e-61	9.708365e-61
	9.807304e-61	9.874322e-61	9.919083e-61	9.948681e-61	9.968096e-61
	9.980727e-61	9.988854e-61	9.993995e-61	9.997158e-61	9.999011e-61
	1.000000e-60
V [kg/(s*m^2)]
	3.961455e-01	3.718848e-01	3.478057e-01	3.241442e-01	3.011352e-01
	2.789763e-01	2.578461e-01	2.379599e-01	2.195078e-01	2.025101e-01
	1.869205e-01	1.727157e-01	1.597802e-01	1.479146e-01	1.369537e-01
	1.267778e-01	1.172783e-01	1.083583e-01	9.992995e-02	9.190603e-02
	8.420110e-02	7.673537e-02	6.945256e-02	6.235783e-02	5.550487e-02
	4.891658e-02	4.254515e-02	3.631285e-02	3.016341e-02	2.407310e-02
	1.803602e-02	1.205224e-02	6.123261e-03	2.831964e-04	-5.490577e-03
	-1.122767e-02	-1.693373e-02	-2.261474e-02	-2.827288e-02	-3.391011e-02
	-3.952814e-02	-4.512699e-02	-5.070575e-02	-5.626603e-02	-6.181027e-02
	-6.733872e-02	-7.285046e-02	-7.834424e-02	-8.381728e-02	-8.926222e-02
	-9.466399e-02	-9.999884e-02	-1.052380e-01	-1.103540e-01	-1.153245e-01
	-1.201249e-01	-1.247279e-01	-1.291215e-01	-1.333069e-01	-1.372860e-01
	-1.410540e-01	-1.445988e-01	-1.479242e-01	-1.510530e-01	-1.539986e-01
	-1.567504e-01	-1.592997e-01	-1.616681e-01	-1.638826e-01	-1.659579e-01
	-1.679019e-01	-1.697257e-01	-1.714547e-01	-1.731103e-01	-1.747027e-01
	-1.762398e-01	-1.777261e-01	-1.791616e-01	-1.805446e-01	-1.818754e-01
	-1.831559e-01	-1.843913e-01	-1.855910e-01	-1.867663e-01	-1.879271e-01
	-1.890800e-01	-1.902287e-01	-1.913750e-01	-1.925200e-01	-1.936641e-01
	-1.948082e-01	-1.959580e-01	-1.971264e-01	-1.983338e-01	-1.996052e-01
	-2.009739e-01	-2.024843e-01	-2.041698e-01	-2.060499e-01	-2.081388e-01
	-2.104099e-01	-2.128084e-01	-2.153313e-01	-2.180369e-01	-2.209990e-01
	-2.242841e-01	-2.279690e-01	-2.321258e-01	-2.368042e-01	-2.420486e-01
	-2.478695e-01	-2.542604e-01	-2.612208e-01	-2.687323e-01	-2.767556e-01
	-2.852470e-01	-2.941905e-01	-3.036492e-01	-3.136489e-01	-3.240595e-01
	-3.347411e-01	-3.456518e-01	-3.568173e-01	-3.682960e-01	-3.801894e-01
	-3.926653e-01	-4.059158e-01	-4.200475e-01	-4.349923e-01	-4.505766e-01
	-4.666464e-01	-4.830867e-01	-4.998072e-01	-5.167381e-01	-5.338272e-01
	-5.510356e-01	-5.683333e-01	-5.856974e-01	-6.031088e-01	-6.205434e-01
	-6.379793e-01
density [kg/m^3]
	6.431859e-01	6.429535e-01	6.424942e-01	6.416040e-01	6.399422e-01
	6.369980e-01	6.321050e-01	6.245758e-01	6.139368e-01	6.000718e-01
	5.833177e-01	5.644788e-01	5.444836e-01	5.240894e-01	5.039108e-01
	4.844236e-01	4.659193e-01	4.485432e-01	4.323317e-01	4.172368e-01
	4.031614e-01	3.899899e-01	3.776338e-01	3.660943e-01	3.554282e-01
	3.456229e-01	3.365563e-01	3.280766e-01	3.200764e-01	3.124993e-01
	3.053140e-01	2.984963e-01	2.920238e-01	5.388916e+57	2.904920e-01
	2.846066e-01	2.790068e-01	2.736643e-01	2.685549e-01	2.636567e-01
	2.589552e-01	2.544411e-01	2.501056e-01	2.459388e-01	2.419309e-01
	2.380748e-01	2.343644e-01	2.307947e-01	2.273617e-01	2.240647e-01
	2.209073e-01	2.178971e-01	2.150432e-01	2.123524e-01	2.098277e-01
	2.074726e-01	2.052907e-01	2.032778e-01	2.014240e-01	1.997198e-01
	1.981592e-01	1.967392e-01	1.954507e-01	1.942782e-01	1.932108e-01
	1.922469e-01	1.913840e-01	1.906094e-01	1.899099e-01	1.892772e-01
	1.887058e-01	1.881894e-01	1.877183e-01	1.872853e-01	1.868863e-01
	1.865185e-01	1.861802e-01	1.858707e-01	1.855897e-01	1.853363e-01
	1.851093e-01	1.849073e-01	1.847281e-01	1.845702e-01	1.844327e-01
	1.843147e-01	1.842172e-01	1.841423e-01	1.840920e-01	1.840686e-01
	1.840746e-01	1.841116e-01	1.841844e-01	1.843020e-01	1.844775e-01
	1.847322e-01	1.851012e-01	1.856349e-01	1.863995e-01	1.874808e-01
	1.889556e-01	1.908589e-01	1.932421e-01	1.962019e-01	1.998658e-01
	2.043684e-01	2.098788e-01	2.165966e-01	2.247435e-01	2.346152e-01
	2.465492e-01	2.609609e-01	2.784032e-01	2.995073e-01	3.249307e-01
	3.553261e-01	3.914006e-01	4.340837e-01	4.838636e-01	5.398110e-01
	6.001130e-01	6.629347e-01	7.265569e-01	7.893343e-01	8.498257e-01
	9.068980e-01	9.594673e-01	1.006197e+00	1.045715e+00	1.077379e+00
	1.101571e+00	1.119335e+00	1.131952e+00	1.140666e+00	1.146547e+00
	1.150438e+00	1.152972e+00	1.154597e+00	1.155628e+00	1.156275e+00
	1.156679e+00
cp [J/m^3K]
	2.197908e+03	2.198327e+03	2.199109e+03	2.200562e+03	2.203191e+03
	2.207755e+03	2.215232e+03	2.226630e+03	2.242633e+03	2.263376e+03
	2.288283e+03	2.316027e+03	2.345043e+03	2.373997e+03	2.401778e+03
	2.427535e+03	2.450760e+03	2.471221e+03	2.488892e+03	2.503885e+03
	2.516372e+03	2.526523e+03	2.534457e+03	2.540221e+03	2.543855e+03
	2.545465e+03	2.545162e+03	2.542979e+03	2.538864e+03	2.532716e+03
	2.524416e+03	2.513834e+03	2.500835e+03	1.032039e-55	2.426790e+03
	2.409273e+03	2.389182e+03	2.366375e+03	2.340728e+03	2.312399e+03
	2.283118e+03	2.253290e+03	2.223027e+03	2.192424e+03	2.161562e+03
	2.130531e+03	2.099420e+03	2.068316e+03	2.037308e+03	2.006508e+03
	1.976062e+03	1.946160e+03	1.917006e+03	1.888785e+03	1.861642e+03
	1.835717e+03	1.811153e+03	1.787999e+03	1.766223e+03	1.745789e+03
	1.726690e+03	1.708953e+03	1.692522e+03	1.677251e+03	1.663042e+03
	1.649918e+03	1.637890e+03	1.626828e+03	1.616584e+03	1.607071e+03
	1.598238e+03	1.590021e+03	1.582293e+03	1.574954e+03	1.567950e+03
	1.561245e+03	1.554814e+03	1.548656e+03	1.542774e+03	1.537166e+03
	1.531819e+03	1.526710e+03	1.521797e+03	1.517034e+03	1.512379e+03
	1.507812e+03	1.503321e+03	1.498895e+03	1.494534e+03	1.490234e+03
	1.485994e+03	1.481805e+03	1.477620e+03	1.473362e+03	1.468950e+03
	1.464276e+03	1.459202e+03	1.453631e+03	1.447512e+03	1.440801e+03
	1.433576e+03	1.426016e+03	1.418080e+03	1.409557e+03	1.400185e+03
	1.389729e+03	1.377928e+03	1.364544e+03	1.349430e+03	1.332474e+03
	1.313697e+03	1.293204e+03	1.271116e+03	1.247670e+03	1.223239e+03
	1.197460e+03	1.168473e+03	1.139231e+03	1.112445e+03	1.089912e+03
	1.072021e+03	1.058153e+03	1.047424e+03	1.039052e+03	1.032437e+03
	1.027137e+03	1.022860e+03	1.019434e+03	1.016754e+03	1.014718e+03
	1.013211e+03	1.012119e+03	1.011341e+03	1.010793e+03	1.010411e+03
	1.010146e+03	1.009962e+03	1.009834e+03	1.009744e+03	1.009680e+03
	1.009633e+03
lambda [W/m]
	3.231541e-02	3.233555e-02	3.237321e-02	3.244345e-02	3.257147e-02
	3.279596e-02	3.316981e-02	3.375371e-02	3.460259e-02	3.575685e-02
	3.723197e-02	3.900701e-02	4.104138e-02	4.329588e-02	4.572867e-02
	4.829517e-02	5.095714e-02	5.368399e-02	5.645350e-02	5.925368e-02
	6.208142e-02	6.493952e-02	6.782772e-02	7.072437e-02	7.358816e-02
	7.639040e-02	7.913397e-02	8.183704e-02	8.450989e-02	8.714880e-02
	8.974179e-02	9.227378e-02	9.472859e-02	2.469537e-01	9.537627e-02
	9.753853e-02	9.958061e-02	1.014907e-01	1.032560e-01	1.048740e-01
	1.064011e-01	1.078474e-01	1.092126e-01	1.104977e-01	1.117040e-01
	1.128325e-01	1.138841e-01	1.148602e-01	1.157620e-01	1.165903e-01
	1.173455e-01	1.180276e-01	1.186371e-01	1.191759e-01	1.196471e-01
	1.200543e-01	1.204014e-01	1.206938e-01	1.209375e-01	1.211377e-01
	1.212992e-01	1.214262e-01	1.215229e-01	1.215939e-01	1.216426e-01
	1.216716e-01	1.216839e-01	1.216823e-01	1.216688e-01	1.216453e-01
	1.216131e-01	1.215737e-01	1.215275e-01	1.214748e-01	1.214159e-01
	1.213509e-01	1.212800e-01	1.212035e-01	1.211218e-01	1.210353e-01
	1.209442e-01	1.208485e-01	1.207476e-01	1.206406e-01	1.205263e-01
	1.204059e-01	1.202781e-01	1.201407e-01	1.199927e-01	1.198330e-01
	1.196600e-01	1.194722e-01	1.192652e-01	1.190318e-01	1.187623e-01
	1.184418e-01	1.180473e-01	1.175505e-01	1.169183e-01	1.161102e-01
	1.150983e-01	1.138794e-01	1.124439e-01	1.107575e-01	1.087791e-01
	1.064781e-01	1.038235e-01	1.007932e-01	9.738330e-02	9.359278e-02
	8.944412e-02	8.497300e-02	8.021642e-02	7.523571e-02	7.012138e-02
	6.494855e-02	5.973666e-02	5.466972e-02	4.992506e-02	4.567504e-02
	4.199633e-02	3.886548e-02	3.622026e-02	3.399526e-02	3.212946e-02
	3.056807e-02	2.926999e-02	2.821127e-02	2.737637e-02	2.674274e-02
	2.627751e-02	2.594514e-02	2.571308e-02	2.555413e-02	2.544698e-02
	2.537564e-02	2.532861e-02	2.529779e-02	2.527766e-02	2.526449e-02
	2.525581e-02
mu [kg/s^2m]
	1.146011e-05	1.146359e-05	1.147116e-05	1.148686e-05	1.151755e-05
	1.157391e-05	1.167065e-05	1.182476e-05	1.205180e-05	1.236341e-05
	1.276453e-05	1.325029e-05	1.381065e-05	1.443608e-05	1.511644e-05
	1.584072e-05	1.659946e-05	1.738505e-05	1.819197e-05	1.901746e-05
	1.986129e-05	2.072508e-05	2.160970e-05	2.250958e-05	2.341283e-05
	2.431114e-05	2.520630e-05	2.610561e-05	2.701460e-05	2.793481e-05
	2.886546e-05	2.980501e-05	3.075183e-05	3.081707e-05	3.178890e-05
	3.272857e-05	3.367008e-05	3.461374e-05	3.555951e-05	3.650739e-05
	3.745688e-05	3.840698e-05	3.935660e-05	4.030508e-05	4.125195e-05
	4.219631e-05	4.313710e-05	4.407318e-05	4.500312e-05	4.592476e-05
	4.683461e-05	4.772781e-05	4.859877e-05	4.944232e-05	5.025432e-05
	5.103048e-05	5.176636e-05	5.246024e-05	5.311268e-05	5.372437e-05
	5.429514e-05	5.482387e-05	5.531193e-05	5.576350e-05	5.618124e-05
	5.656451e-05	5.691299e-05	5.723063e-05	5.752189e-05	5.778943e-05
	5.803493e-05	5.826044e-05	5.846966e-05	5.866552e-05	5.884952e-05
	5.902278e-05	5.918599e-05	5.933933e-05	5.948280e-05	5.961665e-05
	5.974129e-05	5.985742e-05	5.996607e-05	6.006827e-05	6.016480e-05
	6.025603e-05	6.034194e-05	6.042230e-05	6.049675e-05	6.056482e-05
	6.062599e-05	6.067997e-05	6.072639e-05	6.076444e-05	6.079252e-05
	6.080757e-05	6.080400e-05	6.077234e-05	6.069902e-05	6.056638e-05
	6.035744e-05	6.006324e-05	5.967721e-05	5.918728e-05	5.857848e-05
	5.783800e-05	5.695171e-05	5.590626e-05	5.469203e-05	5.329745e-05
	5.171691e-05	4.994854e-05	4.799111e-05	4.585499e-05	4.356736e-05
	4.117017e-05	3.870915e-05	3.622043e-05	3.376424e-05	3.143929e-05
	2.932350e-05	2.744662e-05	2.580849e-05	2.439604e-05	2.318938e-05
	2.216550e-05	2.130560e-05	2.059924e-05	2.003972e-05	1.961423e-05
	1.930195e-05	1.907946e-05	1.892496e-05	1.882002e-05	1.875014e-05
	1.870440e-05	1.867494e-05	1.865624e-05	1.864454e-05	1.863732e-05
	1.863292e-05
mDot_CH4 [kg/m^3s]
	0.000000e+00	3.123169e-14	2.409330e-13	9.741719e-13	2.955489e-12
	7.303692e-12	1.457364e-11	1.997374e-11	-3.845831e-12	-1.609888e-10
	-7.870823e-10	-2.826783e-09	-8.633860e-09	-2.349762e-08	-5.806453e-08
	-1.313641e-07	-2.738315e-07	-5.293814e-07	-9.564803e-07	-1.631671e-06
	-2.667807e-06	-4.249000e-06	-6.720871e-06	-1.073934e-05	-1.748147e-05
	-2.893283e-05	-4.832373e-05	-8.072539e-05	-1.336131e-04	-2.171720e-04
	-3.442455e-04	-5.297425e-04	-7.901416e-04	5.748234e+05	-1.441875e-03
	-1.969595e-03	-2.725667e-03	-3.750281e-03	-5.110691e-03	-6.895486e-03
	-9.216995e-03	-1.221414e-02	-1.605579e-02	-2.094683e-02	-2.713356e-02
	-3.490832e-02	-4.461955e-02	-5.668670e-02	-7.161490e-02	-9.000252e-02
	-1.125374e-01	-1.399859e-01	-1.731948e-01	-2.131244e-01	-2.608938e-01
	-3.177243e-01	-3.848508e-01	-4.636236e-01	-5.554513e-01	-6.614189e-01
	-7.968153e-01	-1.044568e+00	-1.385777e+00	-1.872172e+00	-2.507567e+00
	-3.314641e+00	-4.306143e+00	-5.495107e+00	-6.893564e+00	-8.502793e+00
	-1.031114e+01	-1.231376e+01	-1.450220e+01	-1.686995e+01	-1.939999e+01
	-2.206853e+01	-2.484246e+01	-2.767587e+01	-3.051517e+01	-3.330940e+01
	-3.601317e+01	-3.859161e+01	-4.102293e+01	-4.329139e+01	-4.537902e+01
	-4.791240e+01	-5.065004e+01	-5.311200e+01	-5.523785e+01	-5.697266e+01
	-5.827226e+01	-5.945781e+01	-6.040512e+01	-6.079982e+01	-6.056577e+01
	-5.959046e+01	-5.770840e+01	-5.473824e+01	-5.056224e+01	-4.518792e+01
	-3.897439e+01	-3.275209e+01	-2.642868e+01	-2.030544e+01	-1.470253e+01
	-9.947972e+00	-6.248601e+00	-3.639059e+00	-1.978815e+00	-1.016908e+00
	-5.025028e-01	-2.423788e-01	-1.146339e-01	-5.289497e-02	-2.362317e-02
	-1.019060e-02	-4.254818e-03	-1.707396e-03	-6.550174e-04	-2.455365e-04
	-9.353154e-05	-3.718023e-05	-1.547824e-05	-6.692000e-06	-2.973001e-06
	-1.341257e-06	-6.077037e-07	-2.749504e-07	-1.244478e-07	-5.653995e-08
	-2.575456e-08	-1.170233e-08	-5.266416e-09	-2.326979e-09	-9.985255e-10
	-4.098306e-10	-1.570181e-10	-5.364718e-11	-1.472686e-11	-2.319019e-12
	0.000000e+00
ScalarDissRate [1/s]
	1.991531e-04	5.151927e-04	2.385487e-03	1.006750e-02	3.835199e-02
	1.310133e-01	3.994319e-01	1.081335e+00	2.594198e+00	5.550364e+00
	1.068517e+01	1.866411e+01	2.993589e+01	4.470404e+01	6.286376e+01
	8.399834e+01	1.074940e+02	1.326341e+02	1.586915e+02	1.850112e+02
	2.110393e+02	2.363097e+02	2.603690e+02	2.826566e+02	3.025977e+02
	3.198798e+02	3.345015e+02	3.465655e+02	3.561227e+02	3.631784e+02
	3.677498e+02	3.698955e+02	6.137816e+01	1.309538e+118	6.155873e+01
	3.529736e+02	3.455198e+02	3.366672e+02	3.265859e+02	3.155056e+02
	3.036368e+02	2.911578e+02	2.782191e+02	2.649616e+02	2.515124e+02
	2.379915e+02	2.245089e+02	2.111635e+02	1.980449e+02	1.852411e+02
	1.728441e+02	1.609499e+02	1.496474e+02	1.390037e+02	1.290581e+02
	1.198396e+02	1.113678e+02	1.036248e+02	9.656421e+01	9.013932e+01
	8.431358e+01	7.906144e+01	7.433491e+01	7.006369e+01	6.619689e+01
	6.271752e+01	5.960779e+01	5.681571e+01	5.428847e+01	5.199231e+01
	4.990411e+01	4.799955e+01	4.624189e+01	4.460246e+01	4.306525e+01
	4.161765e+01	4.025166e+01	3.896334e+01	3.775045e+01	3.661058e+01
	3.553843e+01	3.452514e+01	3.356224e+01	3.263786e+01	3.174160e+01
	3.087024e+01	3.002074e+01	2.918959e+01	2.837694e+01	2.758204e+01
	2.680429e+01	2.604051e+01	2.528076e+01	2.451294e+01	2.372301e+01
	2.289416e+01	2.200533e+01	2.104465e+01	2.001143e+01	1.890842e+01
	1.776090e+01	1.660559e+01	1.545270e+01	1.428647e+01	1.309139e+01
	1.186308e+01	1.060155e+01	9.317262e+00	8.034276e+00	6.781128e+00
	5.593598e+00	4.504588e+00	3.536974e+00	2.706174e+00	2.018112e+00
	1.468041e+00	1.042503e+00	7.211875e-01	4.857615e-01	3.202848e-01
	2.079618e-01	1.332474e-01	8.416797e-02	5.228011e-02	3.178976e-02
	1.878366e-02	1.068813e-02	5.818580e-03	3.030248e-03	1.516102e-03
	7.315831e-04	3.414145e-04	1.544372e-04	6.783432e-05	2.897316e-05
	1.204719e-05	4.881431e-06	1.929060e-06	7.440694e-07	2.804358e-07
	1.609327e-07
ZBilger
	1.000000e+00	9.999038e-01	9.996824e-01	9.992081e-01	9.982604e-01
	9.964930e-01	9.934220e-01	9.884773e-01	9.811235e-01	9.709478e-01
	9.577651e-01	9.417368e-01	9.232307e-01	9.026285e-01	8.803576e-01
	8.568840e-01	8.326222e-01	8.079156e-01	7.830243e-01	7.581078e-01
	7.332369e-01	7.084229e-01	6.836961e-01	6.592565e-01	6.354456e-01
	6.124716e-01	5.902673e-01	5.686381e-01	5.474503e-01	5.266736e-01
	5.063308e-01	4.864570e-01	4.670841e-01	1.045630e-01	4.320954e-01
	4.145105e-01	3.974595e-01	3.809240e-01	3.648953e-01	3.493639e-01
	3.343199e-01	3.197568e-01	3.056694e-01	2.920452e-01	2.788695e-01
	2.661329e-01	2.538280e-01	2.419476e-01	2.304871e-01	2.194502e-01
	2.088536e-01	1.987263e-01	1.891014e-01	1.800032e-01	1.714424e-01
	1.634305e-01	1.559795e-01	1.490751e-01	1.426825e-01	1.367695e-01
	1.313151e-01	1.263102e-01	1.217248e-01	1.175055e-01	1.136163e-01
	1.100542e-01	1.068149e-01	1.038569e-01	1.011351e-01	9.862245e-02
	9.630175e-02	9.415313e-02	9.214143e-02	9.023810e-02	8.842838e-02
	8.670105e-02	8.504907e-02	8.347068e-02	8.196616e-02	8.053372e-02
	7.916975e-02	7.786749e-02	7.661599e-02	7.540291e-02	7.421773e-02
	7.305404e-02	7.190856e-02	7.077951e-02	6.966608e-02	6.856816e-02
	6.748516e-02	6.641066e-02	6.533308e-02	6.423639e-02	6.310060e-02
	6.189982e-02	6.060169e-02	5.918664e-02	5.765055e-02	5.599583e-02
	5.425546e-02	5.246888e-02	5.064757e-02	4.875044e-02	4.672902e-02
	4.454491e-02	4.216034e-02	3.955231e-02	3.672613e-02	3.370462e-02
	3.054283e-02	2.731235e-02	2.408453e-02	2.093793e-02	1.795000e-02
	1.518268e-02	1.267044e-02	1.041592e-02	8.427792e-03	6.730240e-03
	5.321933e-03	4.172162e-03	3.241624e-03	2.493338e-03	1.894391e-03
	1.416406e-03	1.037586e-03	7.429317e-04	5.210095e-04	3.596855e-04
	2.457274e-04	1.668999e-04	1.131386e-04	7.671917e-05	5.201294e-05
	3.508125e-05	2.325723e-05	1.478123e-05	8.516625e-06	3.741773e-06
	0.000000e+00
ScalarDissRateBilger [1/s]
	1.827798e-04	5.051160e-04	2.504250e-03	1.103417e-02	4.326970e-02
	1.508658e-01	4.666668e-01	1.275174e+00	3.071795e+00	6.563117e+00
	1.254703e+01	2.164940e+01	3.414429e+01	4.994966e+01	6.861544e+01
	8.939525e+01	1.114286e+02	1.338688e+02	1.559755e+02	1.771737e+02
	1.970491e+02	2.153118e+02	2.317238e+02	2.460181e+02	2.579749e+02
	2.675796e+02	2.750022e+02	2.804433e+02	2.840504e+02	2.859359e+02
	2.862132e+02	2.850096e+02	2.908221e+04	1.263022e+119	1.976736e+04
	2.668655e+02	2.605451e+02	2.536038e+02	2.461530e+02	2.382896e+02
	2.300725e+02	2.215798e+02	2.128894e+02	2.040679e+02	1.951734e+02
	1.862608e+02	1.773808e+02	1.685785e+02	1.598964e+02	1.513783e+02
	1.430742e+02	1.350406e+02	1.273339e+02	1.199999e+02	1.130695e+02
	1.065697e+02	1.005244e+02	9.493205e+01	8.977170e+01	8.502133e+01
	8.066584e+01	7.669821e+01	7.309366e+01	6.980771e+01	6.680902e+01
	6.409177e+01	6.164802e+01	5.944144e+01	5.743350e+01	5.559944e+01
	5.392217e+01	5.238249e+01	5.095042e+01	4.960161e+01	4.832165e+01
	4.709868e+01	4.592389e+01	4.479237e+01	4.370124e+01	4.264671e+01
	4.162438e+01	4.062832e+01	3.964956e+01	3.867809e+01	3.769284e+01
	3.668360e+01	3.567009e+01	3.466011e+01	3.364456e+01	3.262184e+01
	3.164577e+01	3.071355e+01	2.972870e+01	2.867391e+01	2.756784e+01
	2.638925e+01	2.510744e+01	2.370760e+01	2.220023e+01	2.063641e+01
	1.920944e+01	1.792030e+01	1.669616e+01	1.560618e+01	1.461231e+01
	1.366166e+01	1.268689e+01	1.162900e+01	1.045991e+01	9.187265e+00
	7.854270e+00	6.520947e+00	5.246625e+00	4.086631e+00	3.083729e+00
	2.259204e+00	1.609971e+00	1.112760e+00	7.440506e-01	4.833313e-01
	3.069709e-01	1.912344e-01	1.168746e-01	6.995024e-02	4.083446e-02
	2.308220e-02	1.252222e-02	6.481818e-03	3.206716e-03	1.527366e-03
	7.061491e-04	3.196500e-04	1.431337e-04	6.419232e-05	2.925692e-05
	1.376889e-05	6.794444e-06	3.556914e-06	1.985777e-06	1.179716e-06
	9.107267e-07
ChiAnalytOverChiStoich
	1.000000e-10	1.000000e-10	1.000000e-10	1.000000e-10	1.000000e-10
	9.645341e-03	3.494035e-02	8.646965e-02	1.860957e-01	3.648281e-01
	6.573367e-01	1.089100e+00	1.668038e+00	2.385544e+00	3.217437e+00
	4.128534e+00	5.081597e+00	6.042682e+00	6.984121e+00	7.885843e+00
	8.734264e+00	9.520156e+00	1.023530e+01	1.086878e+01	1.141028e+01
	1.185745e+01	1.221585e+01	1.249249e+01	1.269209e+01	1.281777e+01
	1.287273e+01	1.286099e+01	1.278736e+01	2.649143e+00	1.250059e+01
	1.228319e+01	1.202690e+01	1.173671e+01	1.141747e+01	1.107372e+01
	1.070968e+01	1.032936e+01	9.936501e+00	9.534346e+00	9.125763e+00
	8.713481e+00	8.300051e+00	7.887794e+00	7.478906e+00	7.075694e+00
	6.680785e+00	6.297145e+00	5.927748e+00	5.575074e+00	5.240866e+00
	4.926670e+00	4.633830e+00	4.362425e+00	4.111544e+00	3.880199e+00
	3.667725e+00	3.473806e+00	3.297226e+00	3.135845e+00	2.988160e+00
	2.853918e+00	2.732782e+00	2.623018e+00	2.522797e+00	2.430987e+00
	2.346833e+00	2.269500e+00	2.197628e+00	2.130122e+00	2.066403e+00
	2.006025e+00	1.948699e+00	1.894320e+00	1.842857e+00	1.794206e+00
	1.748204e+00	1.704585e+00	1.662952e+00	1.622870e+00	1.583976e+00
	1.546049e+00	1.508975e+00	1.472688e+00	1.437158e+00	1.402376e+00
	1.368317e+00	1.334777e+00	1.301396e+00	1.267692e+00	1.233077e+00
	1.196809e+00	1.157988e+00	1.116140e+00	1.071280e+00	1.023634e+00
	9.743005e-01	9.245136e-01	8.746779e-01	8.237842e-01	7.707327e-01
	7.148213e-01	6.555091e-01	5.927855e-01	5.274512e-01	4.607666e-01
	3.946494e-01	3.311493e-01	2.719896e-01	2.186395e-01	1.721075e-01
	1.327509e-01	1.002584e-01	7.381408e-02	5.269182e-02	3.633121e-02
	2.395607e-02	1.467370e-02	7.710042e-03	2.470909e-03	1.000000e-10
	1.000000e-10	1.000000e-10	1.000000e-10	1.000000e-10	1.000000e-10
	1.000000e-10	1.000000e-10	1.000000e-10	1.000000e-10	1.000000e-10
	1.000000e-10	1.000000e-10	1.000000e-10	1.000000e-10	1.000000e-10
	1.000000e-10
ChiKWOverChiKWStoich
	7.326422e-11	7.326975e-11	7.328067e-11	7.330189e-11	7.334161e-11
	7.080875e-03	2.569204e-02	6.374258e-02	1.376828e-01	2.712334e-01
	4.916811e-01	8.204590e-01	1.266580e+00	1.826829e+00	2.485751e+00
	3.218452e+00	3.997190e+00	4.795565e+00	5.591132e+00	6.366841e+00
	7.110519e+00	7.813365e+00	8.467176e+00	9.060866e+00	9.583094e+00
	1.002936e+01	1.040274e+01	1.070824e+01	1.094899e+01	1.112657e+01
	1.124258e+01	1.129939e+01	1.130021e+01	1.303990e+00	1.106226e+01
	1.092946e+01	1.075867e+01	1.055400e+01	1.031955e+01	1.005920e+01
	9.776567e+00	9.475110e+00	9.158125e+00	8.828537e+00	8.488978e+00
	8.141987e+00	7.789969e+00	7.435158e+00	7.079700e+00	6.725860e+00
	6.376219e+00	6.033700e+00	5.701285e+00	5.381554e+00	5.076444e+00
	4.787723e+00	4.516981e+00	4.264627e+00	4.030122e+00	3.812811e+00
	3.612313e+00	3.428546e+00	3.260554e+00	3.106460e+00	2.964967e+00
	2.835946e+00	2.719181e+00	2.613093e+00	2.515986e+00	2.426819e+00
	2.344909e+00	2.269482e+00	2.199244e+00	2.133151e+00	2.070651e+00
	2.011326e+00	1.954902e+00	1.901290e+00	1.850471e+00	1.802351e+00
	1.756781e+00	1.713505e+00	1.672136e+00	1.632249e+00	1.593484e+00
	1.555625e+00	1.518561e+00	1.482223e+00	1.446581e+00	1.411624e+00
	1.377327e+00	1.343486e+00	1.309733e+00	1.275570e+00	1.240388e+00
	1.203411e+00	1.163684e+00	1.120670e+00	1.074315e+00	1.024771e+00
	9.731202e-01	9.206594e-01	8.678473e-01	8.137043e-01	7.571854e-01
	6.977088e-01	6.348991e-01	5.689616e-01	5.009420e-01	4.323199e-01
	3.651826e-01	3.016580e-01	2.434503e-01	1.919204e-01	1.478933e-01
	1.115009e-01	8.221109e-02	5.903506e-02	4.108749e-02	2.763976e-02
	1.781001e-02	1.068331e-02	5.509852e-03	1.737233e-03	6.932222e-11
	6.848859e-11	6.779056e-11	6.721880e-11	6.676697e-11	6.642396e-11
	6.617244e-11	6.599324e-11	6.586868e-11	6.578392e-11	6.572729e-11
	6.569007e-11	6.566596e-11	6.565052e-11	6.564075e-11	6.563462e-11
	6.563081e-11
ChiKWFact
	7.326422e-01	7.326975e-01	7.328067e-01	7.330189e-01	7.334161e-01
	7.341239e-01	7.353115e-01	7.371671e-01	7.398493e-01	7.434554e-01
	7.479898e-01	7.533365e-01	7.593232e-01	7.657915e-01	7.725874e-01
	7.795630e-01	7.866011e-01	7.936153e-01	8.005491e-01	8.073762e-01
	8.140949e-01	8.207181e-01	8.272527e-01	8.336599e-01	8.398650e-01
	8.458276e-01	8.515772e-01	8.571743e-01	8.626626e-01	8.680585e-01
	8.733643e-01	8.785789e-01	8.837014e-01	4.922311e-01	8.849393e-01
	8.897900e-01	8.945502e-01	8.992303e-01	9.038389e-01	9.083849e-01
	9.128717e-01	9.172986e-01	9.216649e-01	9.259719e-01	9.302213e-01
	9.344126e-01	9.385447e-01	9.426156e-01	9.466224e-01	9.505584e-01
	9.544116e-01	9.581644e-01	9.617962e-01	9.652884e-01	9.686270e-01
	9.717971e-01	9.747834e-01	9.775817e-01	9.801966e-01	9.826329e-01
	9.848920e-01	9.869712e-01	9.888777e-01	9.906295e-01	9.922381e-01
	9.937026e-01	9.950231e-01	9.962163e-01	9.973001e-01	9.982856e-01
	9.991801e-01	9.999920e-01	1.000736e+00	1.001422e+00	1.002056e+00
	1.002642e+00	1.003183e+00	1.003680e+00	1.004131e+00	1.004540e+00
	1.004906e+00	1.005233e+00	1.005523e+00	1.005779e+00	1.006002e+00
	1.006194e+00	1.006353e+00	1.006474e+00	1.006556e+00	1.006595e+00
	1.006585e+00	1.006525e+00	1.006406e+00	1.006215e+00	1.005929e+00
	1.005516e+00	1.004919e+00	1.004059e+00	1.002833e+00	1.001112e+00
	9.987886e-01	9.958312e-01	9.921908e-01	9.877639e-01	9.824229e-01
	9.760604e-01	9.685588e-01	9.598103e-01	9.497409e-01	9.382622e-01
	9.253340e-01	9.109425e-01	8.950721e-01	8.777942e-01	8.593077e-01
	8.399258e-01	8.199924e-01	7.997805e-01	7.797698e-01	7.607717e-01
	7.434445e-01	7.280584e-01	7.146333e-01	7.030744e-01	6.932222e-01
	6.848859e-01	6.779056e-01	6.721880e-01	6.676697e-01	6.642396e-01
	6.617244e-01	6.599324e-01	6.586868e-01	6.578392e-01	6.572729e-01
	6.569007e-01	6.566596e-01	6.565052e-01	6.564075e-01	6.563462e-01
	6.563081e-01
MolarMass [kg/kmole]
	1.604300e+01	1.604219e+01	1.604167e+01	1.604216e+01	1.604503e+01
	1.605250e+01	1.606784e+01	1.609507e+01	1.613822e+01	1.620076e+01
	1.628488e+01	1.639058e+01	1.651645e+01	1.666082e+01	1.682157e+01
	1.699608e+01	1.718186e+01	1.737669e+01	1.757880e+01	1.778708e+01
	1.800104e+01	1.822073e+01	1.844599e+01	1.867503e+01	1.890450e+01
	1.913201e+01	1.935776e+01	1.958339e+01	1.981006e+01	2.003793e+01
	2.026657e+01	2.049538e+01	2.072375e+01	3.872254e+59	2.114774e+01
	2.136888e+01	2.158789e+01	2.180472e+01	2.201915e+01	2.223102e+01
	2.244016e+01	2.264636e+01	2.284938e+01	2.304911e+01	2.324549e+01
	2.343835e+01	2.362754e+01	2.381290e+01	2.399421e+01	2.417114e+01
	2.434316e+01	2.450950e+01	2.466930e+01	2.482186e+01	2.496669e+01
	2.510331e+01	2.523122e+01	2.535042e+01	2.546128e+01	2.556419e+01
	2.565933e+01	2.574675e+01	2.582686e+01	2.590051e+01	2.596828e+01
	2.603018e+01	2.608626e+01	2.613726e+01	2.618394e+01	2.622680e+01
	2.626615e+01	2.630235e+01	2.633604e+01	2.636771e+01	2.639764e+01
	2.642605e+01	2.645309e+01	2.647882e+01	2.650329e+01	2.652655e+01
	2.654871e+01	2.656991e+01	2.659037e+01	2.661032e+01	2.662996e+01
	2.664931e+01	2.666844e+01	2.668751e+01	2.670659e+01	2.672571e+01
	2.674491e+01	2.676408e+01	2.678345e+01	2.680355e+01	2.682481e+01
	2.684783e+01	2.687341e+01	2.690220e+01	2.693461e+01	2.697098e+01
	2.701077e+01	2.705193e+01	2.709523e+01	2.714172e+01	2.719275e+01
	2.724940e+01	2.731265e+01	2.738307e+01	2.746045e+01	2.754425e+01
	2.763331e+01	2.772613e+01	2.782130e+01	2.791703e+01	2.801137e+01
	2.810257e+01	2.818959e+01	2.827229e+01	2.835017e+01	2.842171e+01
	2.848592e+01	2.854286e+01	2.859302e+01	2.863699e+01	2.867538e+01
	2.870883e+01	2.873783e+01	2.876259e+01	2.878312e+01	2.879961e+01
	2.881252e+01	2.882245e+01	2.883000e+01	2.883569e+01	2.883998e+01
	2.884321e+01	2.884567e+01	2.884756e+01	2.884902e+01	2.885016e+01
	2.885106e+01
TotalEnthalpy [J/kg]
	-4.664239e+06	-4.663765e+06	-4.662769e+06	-4.660747e+06	-4.656831e+06
	-4.649664e+06	-4.637351e+06	-4.617646e+06	-4.588406e+06	-4.547893e+06
	-4.495163e+06	-4.430553e+06	-4.355171e+06	-4.270192e+06	-4.177020e+06
	-4.077311e+06	-3.972609e+06	-3.864260e+06	-3.753338e+06	-3.640536e+06
	-3.526186e+06	-3.410363e+06	-3.293240e+06	-3.175820e+06	-3.059854e+06
	-2.946520e+06	-2.835659e+06	-2.726441e+06	-2.618305e+06	-2.511195e+06
	-2.405329e+06	-2.300990e+06	-2.198456e+06	3.990311e-52	-2.087983e+06
	-1.993642e+06	-1.901708e+06	-1.812182e+06	-1.725101e+06	-1.640489e+06
	-1.558387e+06	-1.478840e+06	-1.401886e+06	-1.327517e+06	-1.255708e+06
	-1.186457e+06	-1.119769e+06	-1.055643e+06	-9.940871e+05	-9.351497e+05
	-8.789398e+05	-8.256230e+05	-7.753725e+05	-7.283031e+05	-6.844469e+05
	-6.438292e+05	-6.064681e+05	-5.722411e+05	-5.409246e+05	-5.123084e+05
	-4.862404e+05	-4.626234e+05	-4.412647e+05	-4.218703e+05	-4.042344e+05
	-3.883062e+05	-3.740283e+05	-3.611825e+05	-3.495450e+05	-3.389782e+05
	-3.293909e+05	-3.206841e+05	-3.127030e+05	-3.053282e+05	-2.985006e+05
	-2.921783e+05	-2.863373e+05	-2.809725e+05	-2.760838e+05	-2.716611e+05
	-2.676863e+05	-2.641314e+05	-2.609593e+05	-2.581343e+05	-2.556320e+05
	-2.533867e+05	-2.513900e+05	-2.496745e+05	-2.482420e+05	-2.470876e+05
	-2.462021e+05	-2.455419e+05	-2.450895e+05	-2.448480e+05	-2.448005e+05
	-2.449399e+05	-2.452548e+05	-2.456984e+05	-2.461510e+05	-2.463871e+05
	-2.460018e+05	-2.442069e+05	-2.409918e+05	-2.360514e+05	-2.290575e+05
	-2.197256e+05	-2.078136e+05	-1.932233e+05	-1.761600e+05	-1.571605e+05
	-1.372190e+05	-1.176099e+05	-9.959100e+04	-8.421939e+04	-7.210228e+04
	-6.325265e+04	-5.703156e+04	-5.248515e+04	-4.869187e+04	-4.495888e+04
	-4.092974e+04	-3.654865e+04	-3.193425e+04	-2.726649e+04	-2.271178e+04
	-1.839088e+04	-1.439700e+04	-1.082591e+04	-7.769921e+03	-5.271194e+03
	-3.304125e+03	-1.801671e+03	-6.822036e+02	1.348144e+02	7.205976e+02
	1.134023e+03	1.421593e+03	1.618895e+03	1.752479e+03	1.841725e+03
	1.900584e+03
trailer
Lewis numbers evaluated at maximum consumption
N2	-1
O2	1.01419
@ Z = 0.045154
H	1.14272e+58
@ Z = 0.45421
OH	0.65708
@ Z = 0.0198725
O	4.30852e+58
@ Z = 0.45421
H2	0.279281
@ Z = 0.0353993
H2O	-1
HO2	6.47098e+58
@ Z = 0.45421
H2O2	6.50956e+58
@ Z = 0.45421
CO	1.01135
@ Z = 0.0305421
CO2	-1
CH	0.614227
@ Z = 0.0468726
CHO	7.73535e+58
@ Z = 0.45421
CH2	5.8268e+58
@ Z = 0.45421
CH2O	1.17525
@ Z = 0.0468726
CH3	6.04132e+58
@ Z = 0.45421
CH4	0.924109
@ Z = 0.056285
C2H6	1.33893
@ Z = 0.0433994
C2H	7.73701e+58
@ Z = 0.45421
C2H2	1.20645
@ Z = 0.0433994
CHCO	5.21317e+58
@ Z = 0.45421
C3H3	1.05915e+59
@ Z = 0.45421
C2H3	7.87434e+58
@ Z = 0.45421
C2H4	7.92885e+58
@ Z = 0.45421
C2H5	8.5921e+58
@ Z = 0.45421
C3H4	1.59726
@ Z = 0.0415772
C3H5	1.05433e+59
@ Z = 0.45421
C3H6	1.69906
@ Z = 0.0330421
N-C3H7	1.71695
@ Z = 0.0623066
I-C3H7	1.71035
@ Z = 0.0700181
C3H8	1.10411e+59
@ Z = 0.45421
Lewis numbers evaluated at maximum formation
N2	-1
O2	6.43082e+58
@ Z = 0.45421
H	0.168961
@ Z = 0.0433994
OH	4.37994e+58
@ Z = 0.45421
O	0.656866
@ Z = 0.0468726
H2	1.93228e+58
@ Z = 0.45421
H2O	5.2578e+58
@ Z = 0.45421
HO2	1.01435
@ Z = 0.0582901
H2O2	1.00545
@ Z = 0.0225349
CO	6.541e+58
@ Z = 0.45421
CO2	8.06568e+58
@ Z = 0.45421
CH	4.0646e+58
@ Z = 0.45421
CHO	1.16709
@ Z = 0.012649
CH2	0.881847
@ Z = 0.0754847
CH2O	7.79273e+58
@ Z = 0.45421
CH3	0.921746
@ Z = 0.0552332
CH4	6.05402e+58
@ Z = 0.45421
C2H6	8.65514e+58
@ Z = 0.45421
C2H	1.18874
@ Z = 0.0726092
C2H2	7.80734e+58
@ Z = 0.45421
CHCO	0.81228
@ Z = 0.0552332
C3H3	1.64038
@ Z = 0.0485455
C2H3	1.16632
@ Z = 0.450345
C2H4	1.21518
@ Z = 0.0665487
C2H5	-1
C3H4	1.02398e+59
@ Z = 0.45421
C3H5	1.64704
@ Z = 0.0592792
C3H6	1.09495e+59
@ Z = 0.45421
N-C3H7	1.09956e+59
@ Z = 0.45421
I-C3H7	1.09956e+59
@ Z = 0.45421
C3H8	-1
Lewis numbers evaluated at maximum mass fraction
N2	0.921366
@ Z = 1.57292e-06
O2	1.05242
@ Z = 1.57292e-06
H	0.168396
@ Z = 0.0396517
OH	0.665401
@ Z = 0.0375996
O	0.649008
@ Z = 0.0305421
H2	0.27993
@ Z = 0.0821828
H2O	0.752488
@ Z = 0.0633425
HO2	1.00362
@ Z = 0.00881338
H2O2	1.00377
@ Z = 0.017304
CO	1.02072
@ Z = 0.0643933
CO2	1.27521
@ Z = 0.0592792
CH	0.614586
@ Z = 0.0485455
CHO	1.16579
@ Z = 0.0468726
CH2	0.888091
@ Z = 0.0541172
CH2O	1.14629
@ Z = 0.139349
CH3	0.919014
@ Z = 0.0643933
CH4	0.814159
@ Z = 0.9999
C2H6	1.29487
@ Z = 0.172169
C2H	1.19715
@ Z = 0.0529051
C2H2	1.19055
@ Z = 0.0908404
CHCO	0.807069
@ Z = 0.07128
C3H3	1.64034
@ Z = 0.0541172
C2H3	1.21976
@ Z = 0.0582901
C2H4	1.19602
@ Z = 0.107008
C2H5	1.3263
@ Z = 0.0643933
C3H4	1.56609
@ Z = 0.107008
C3H5	1.64246
@ Z = 0.0654608
C3H6	1.69895
@ Z = 0.0740099
N-C3H7	1.71774
@ Z = 0.0612846
I-C3H7	1.80187
@ Z = 0.998321
C3H8	1.80545
@ Z = 0.993811
