header

title = "planar counterflow diffusion flame"
author = ""
date = "Wed Aug 14 10:56:22 2013"

fuel = "CH4"
pressure = 1 [bar]
strainrate = 540 [1/s]
chiStoichAnal = 13.2955 [1/s]
chiStoichAnalKW = 20.4804 [1/s]
FlameLocZ = 0.0573867 [K]
FlameLocBilger = 0.0675856 [K]
Tmax = 1841.36 [K]
stoichScalarDissRate = 22.1939 [1/s]
stoichScalarDissRateBilger = 17.5412 [1/s]

OxidizerSide
begin
	Temperature = 300 [K]
	Massfraction-N2 = 0.76708
	Massfraction-O2 = 0.23292
	Molefraction-N2 = 0.79
	Molefraction-O2 = 0.21
end

FuelSide
begin
	Temperature = 300 [K]
	Massfraction-CH4 = 1
	Molefraction-CH4 = 1
end

numOfSpecies = 31
gridPoints = 141

body
eta
	0.000000e+00	1.499588e-01	2.961295e-01	4.345203e-01	5.627287e-01
	6.803990e-01	7.880271e-01	8.863493e-01	9.762411e-01	1.058625e+00
	1.134405e+00	1.204428e+00	1.269461e+00	1.330188e+00	1.387212e+00
	1.441060e+00	1.492192e+00	1.541015e+00	1.587889e+00	1.633134e+00
	1.677045e+00	1.719890e+00	1.761918e+00	1.803359e+00	1.844421e+00
	1.885276e+00	1.926037e+00	1.966767e+00	2.007493e+00	2.048195e+00
	2.088734e+00	2.128908e+00	2.168626e+00	2.207999e+00	2.247223e+00
	2.286421e+00	2.325660e+00	2.365104e+00	2.405089e+00	2.445967e+00
	2.487790e+00	2.530146e+00	2.572359e+00	2.613866e+00	2.654385e+00
	2.693816e+00	2.732097e+00	2.769161e+00	2.804951e+00	2.839411e+00
	2.872488e+00	2.904110e+00	2.934173e+00	2.962548e+00	2.989091e+00
	3.013670e+00	3.036195e+00	3.056638e+00	3.075046e+00	3.091539e+00
	3.106289e+00	3.119505e+00	3.131413e+00	3.142241e+00	3.152191e+00
	3.161414e+00	3.169994e+00	3.177981e+00	3.185441e+00	3.192467e+00
	3.199153e+00	3.205573e+00	3.211779e+00	3.217816e+00	3.223736e+00
	3.229590e+00	3.235415e+00	3.241208e+00	3.246935e+00	3.252559e+00
	3.258074e+00	3.263510e+00	3.268905e+00	3.274283e+00	3.279657e+00
	3.285034e+00	3.290422e+00	3.295836e+00	3.301288e+00	3.306795e+00
	3.312371e+00	3.318041e+00	3.323847e+00	3.329849e+00	3.336122e+00
	3.342757e+00	3.349859e+00	3.357569e+00	3.366099e+00	3.375762e+00
	3.386938e+00	3.400102e+00	3.415890e+00	3.435113e+00	3.458643e+00
	3.487266e+00	3.521624e+00	3.562231e+00	3.609420e+00	3.663022e+00
	3.721991e+00	3.784517e+00	3.848746e+00	3.913591e+00	3.978973e+00
	4.045291e+00	4.112705e+00	4.180920e+00	4.249558e+00	4.318662e+00
	4.388851e+00	4.461169e+00	4.536783e+00	4.616629e+00	4.701247e+00
	4.790895e+00	4.885713e+00	4.985817e+00	5.091340e+00	5.202439e+00
	5.319267e+00	5.441939e+00	5.570494e+00	5.704859e+00	5.844830e+00
	5.990057e+00	6.140062e+00	6.294263e+00	6.451894e+00	6.611439e+00
	6.771246e+00
y [m]
	-1.757351e-03	-1.710766e-03	-1.665340e-03	-1.622301e-03	-1.582383e-03
	-1.545678e-03	-1.512013e-03	-1.481135e-03	-1.452751e-03	-1.426551e-03
	-1.402234e-03	-1.379516e-03	-1.358142e-03	-1.337880e-03	-1.318529e-03
	-1.299907e-03	-1.281853e-03	-1.264224e-03	-1.246888e-03	-1.229721e-03
	-1.212608e-03	-1.195433e-03	-1.178083e-03	-1.160447e-03	-1.142411e-03
	-1.123872e-03	-1.104745e-03	-1.084967e-03	-1.064488e-03	-1.043286e-03
	-1.021405e-03	-9.989422e-04	-9.759459e-04	-9.523537e-04	-9.280447e-04
	-9.029304e-04	-8.769534e-04	-8.499835e-04	-8.217532e-04	-7.919544e-04
	-7.604712e-04	-7.275462e-04	-6.936774e-04	-6.593373e-04	-6.248134e-04
	-5.902631e-04	-5.558195e-04	-5.216246e-04	-4.878204e-04	-4.545474e-04
	-4.219496e-04	-3.901905e-04	-3.594656e-04	-3.300024e-04	-3.020446e-04
	-2.758218e-04	-2.515191e-04	-2.292464e-04	-2.090209e-04	-1.907697e-04
	-1.743471e-04	-1.595572e-04	-1.461721e-04	-1.339566e-04	-1.226952e-04
	-1.122281e-04	-1.024684e-04	-9.336568e-05	-8.485000e-05	-7.681885e-05
	-6.916695e-05	-6.181311e-05	-5.469992e-05	-4.777680e-05	-4.098684e-05
	-3.427160e-05	-2.759206e-05	-2.095074e-05	-1.438985e-05	-7.953583e-06
	-1.648656e-06	4.556815e-06	1.070387e-05	1.681963e-05	2.291628e-05
	2.900019e-05	3.507908e-05	4.116481e-05	4.727169e-05	5.341345e-05
	5.960466e-05	6.586912e-05	7.224859e-05	7.880441e-05	8.561255e-05
	9.276039e-05	1.003521e-04	1.085190e-04	1.174626e-04	1.274756e-04
	1.388979e-04	1.521300e-04	1.676856e-04	1.861639e-04	2.081015e-04
	2.337955e-04	2.632307e-04	2.960984e-04	3.317695e-04	3.691490e-04
	4.066494e-04	4.425941e-04	4.758270e-04	5.060203e-04	5.334924e-04
	5.587459e-04	5.821336e-04	6.038323e-04	6.239985e-04	6.428962e-04
	6.608919e-04	6.783874e-04	6.957450e-04	7.132254e-04	7.309797e-04
	7.490965e-04	7.676452e-04	7.866943e-04	8.063193e-04	8.265994e-04
	8.476113e-04	8.694216e-04	8.920790e-04	9.156080e-04	9.400047e-04
	9.652350e-04	9.912373e-04	1.017927e-03	1.045184e-03	1.072755e-03
	1.100360e-03
f
	-3.529260e+00	-3.328150e+00	-3.132095e+00	-2.946433e+00	-2.774361e+00
	-2.616327e+00	-2.471635e+00	-2.339259e+00	-2.217990e+00	-2.106554e+00
	-2.003704e+00	-1.908273e+00	-1.819200e+00	-1.735539e+00	-1.656453e+00
	-1.581205e+00	-1.509146e+00	-1.439699e+00	-1.372345e+00	-1.306611e+00
	-1.242057e+00	-1.178269e+00	-1.114850e+00	-1.051419e+00	-9.876162e-01
	-9.231263e-01	-8.577133e-01	-7.912250e-01	-7.235631e-01	-6.547175e-01
	-5.848942e-01	-5.144461e-01	-4.435527e-01	-3.720464e-01	-2.995975e-01
	-2.259982e-01	-1.511483e-01	-7.475723e-02	3.816265e-03	8.526290e-02
	1.696862e-01	2.562135e-01	3.433634e-01	4.298287e-01	5.148624e-01
	5.980929e-01	6.792399e-01	7.580305e-01	8.342193e-01	9.075907e-01
	9.779446e-01	1.045062e+00	1.108682e+00	1.168501e+00	1.224212e+00
	1.275554e+00	1.322367e+00	1.364633e+00	1.402499e+00	1.436257e+00
	1.466305e+00	1.493107e+00	1.517155e+00	1.538933e+00	1.558869e+00
	1.577281e+00	1.594348e+00	1.610181e+00	1.624921e+00	1.638760e+00
	1.651891e+00	1.664461e+00	1.676577e+00	1.688329e+00	1.699819e+00
	1.711148e+00	1.722386e+00	1.733532e+00	1.744516e+00	1.755271e+00
	1.765786e+00	1.776121e+00	1.786345e+00	1.796508e+00	1.806632e+00
	1.816731e+00	1.826820e+00	1.836924e+00	1.847067e+00	1.857278e+00
	1.867583e+00	1.878025e+00	1.888680e+00	1.899653e+00	1.911077e+00
	1.923109e+00	1.935931e+00	1.949781e+00	1.965020e+00	1.982173e+00
	2.001868e+00	2.024861e+00	2.052149e+00	2.084942e+00	2.124442e+00
	2.171558e+00	2.226791e+00	2.290286e+00	2.361767e+00	2.440164e+00
	2.523284e+00	2.608220e+00	2.692448e+00	2.774753e+00	2.855298e+00
	2.934803e+00	3.013656e+00	3.091709e+00	3.168737e+00	3.244978e+00
	3.321264e+00	3.398828e+00	3.478974e+00	3.562725e+00	3.650666e+00
	3.743097e+00	3.840202e+00	3.942144e+00	4.049117e+00	4.161331e+00
	4.278998e+00	4.402285e+00	4.531276e+00	4.665943e+00	4.806113e+00
	4.951468e+00	5.101549e+00	5.255794e+00	5.413445e+00	5.572998e+00
	5.732805e+00
df/deta
	1.341029e+00	1.341106e+00	1.341270e+00	1.341582e+00	1.342128e+00
	1.343017e+00	1.344376e+00	1.346345e+00	1.349059e+00	1.352645e+00
	1.357215e+00	1.362859e+00	1.369651e+00	1.377649e+00	1.386896e+00
	1.397424e+00	1.409260e+00	1.422425e+00	1.436940e+00	1.452826e+00
	1.470107e+00	1.488811e+00	1.508973e+00	1.530628e+00	1.553809e+00
	1.578529e+00	1.604762e+00	1.632427e+00	1.661397e+00	1.691475e+00
	1.722347e+00	1.753607e+00	1.784921e+00	1.816110e+00	1.847064e+00
	1.877614e+00	1.907545e+00	1.936703e+00	1.965039e+00	1.992454e+00
	2.018603e+00	2.042854e+00	2.064524e+00	2.083159e+00	2.098582e+00
	2.110778e+00	2.119804e+00	2.125766e+00	2.128814e+00	2.129139e+00
	2.126965e+00	2.122545e+00	2.116171e+00	2.108175e+00	2.098927e+00
	2.088819e+00	2.078239e+00	2.067539e+00	2.057006e+00	2.046844e+00
	2.037174e+00	2.028045e+00	2.019442e+00	2.011312e+00	2.003583e+00
	1.996198e+00	1.989140e+00	1.982409e+00	1.975981e+00	1.969805e+00
	1.963818e+00	1.957969e+00	1.952225e+00	1.946551e+00	1.940907e+00
	1.935248e+00	1.929544e+00	1.923797e+00	1.918046e+00	1.912333e+00
	1.906667e+00	1.901025e+00	1.895371e+00	1.889680e+00	1.883942e+00
	1.878152e+00	1.872301e+00	1.866378e+00	1.860369e+00	1.854258e+00
	1.848029e+00	1.841656e+00	1.835093e+00	1.828272e+00	1.821106e+00
	1.813493e+00	1.805306e+00	1.796383e+00	1.786477e+00	1.775221e+00
	1.762172e+00	1.746785e+00	1.728338e+00	1.705947e+00	1.678728e+00
	1.646039e+00	1.607616e+00	1.563625e+00	1.514772e+00	1.462590e+00
	1.409539e+00	1.358422e+00	1.311370e+00	1.269255e+00	1.231915e+00
	1.198845e+00	1.169683e+00	1.144227e+00	1.122229e+00	1.103275e+00
	1.086866e+00	1.072538e+00	1.059948e+00	1.048894e+00	1.039281e+00
	1.031044e+00	1.024108e+00	1.018376e+00	1.013731e+00	1.010044e+00
	1.007180e+00	1.005007e+00	1.003399e+00	1.002240e+00	1.001428e+00
	1.000875e+00	1.000511e+00	1.000277e+00	1.000133e+00	1.000048e+00
	1.000000e+00
Z
	1.000000e+00	9.999397e-01	9.998150e-01	9.995769e-01	9.991591e-01
	9.984778e-01	9.974363e-01	9.959334e-01	9.938707e-01	9.911580e-01
	9.877166e-01	9.834795e-01	9.783908e-01	9.724031e-01	9.654755e-01
	9.575710e-01	9.486543e-01	9.386898e-01	9.276397e-01	9.154619e-01
	9.021087e-01	8.875253e-01	8.716498e-01	8.544133e-01	8.357448e-01
	8.155830e-01	7.938948e-01	7.706869e-01	7.460044e-01	7.199484e-01
	6.927304e-01	6.646496e-01	6.359578e-01	6.067732e-01	5.771471e-01
	5.471807e-01	5.170211e-01	4.867417e-01	4.562894e-01	4.256194e-01
	3.949294e-01	3.647529e-01	3.357489e-01	3.084016e-01	2.829228e-01
	2.593525e-01	2.376701e-01	2.178289e-01	1.997578e-01	1.833676e-01
	1.685607e-01	1.552416e-01	1.433228e-01	1.327243e-01	1.233686e-01
	1.151739e-01	1.080500e-01	1.018958e-01	9.660120e-02	9.205167e-02
	8.813474e-02	8.474466e-02	8.178464e-02	7.916974e-02	7.682985e-02
	7.471401e-02	7.279090e-02	7.103932e-02	6.943651e-02	6.795582e-02
	6.657227e-02	6.526706e-02	6.402681e-02	6.284022e-02	6.169565e-02
	6.058193e-02	5.949169e-02	5.842464e-02	5.738667e-02	5.638364e-02
	5.541530e-02	5.447564e-02	5.355757e-02	5.265643e-02	5.176994e-02
	5.089677e-02	5.003544e-02	4.918395e-02	4.834009e-02	4.750180e-02
	4.666702e-02	4.583258e-02	4.499309e-02	4.414094e-02	4.326702e-02
	4.236133e-02	4.141237e-02	4.040613e-02	3.932128e-02	3.812750e-02
	3.679211e-02	3.527979e-02	3.354884e-02	3.155767e-02	2.928403e-02
	2.674356e-02	2.399228e-02	2.111603e-02	1.822158e-02	1.543435e-02
	1.288346e-02	1.066419e-02	8.807401e-03	7.283022e-03	6.031152e-03
	4.994918e-03	4.134034e-03	3.420932e-03	2.832236e-03	2.344879e-03
	1.937513e-03	1.592740e-03	1.298124e-03	1.045928e-03	8.315243e-04
	6.514719e-04	5.024843e-04	3.811608e-04	2.840123e-04	2.075932e-04
	1.486154e-04	1.040262e-04	7.105745e-05	4.725451e-05	3.049559e-05
	1.899868e-05	1.131609e-05	6.313884e-06	3.139559e-06	1.180175e-06
	0.000000e+00
temperature [K]
	3.000000e+02	3.000620e+02	3.001903e+02	3.004350e+02	3.008643e+02
	3.015636e+02	3.026313e+02	3.041696e+02	3.062770e+02	3.090423e+02
	3.125414e+02	3.168372e+02	3.219802e+02	3.280118e+02	3.349666e+02
	3.428760e+02	3.517704e+02	3.616827e+02	3.726505e+02	3.847187e+02
	3.979425e+02	4.123894e+02	4.281407e+02	4.452927e+02	4.639546e+02
	4.842381e+02	5.062414e+02	5.300388e+02	5.556821e+02	5.831815e+02
	6.124432e+02	6.432816e+02	6.755581e+02	7.092842e+02	7.445605e+02
	7.814463e+02	8.199590e+02	8.602274e+02	9.025936e+02	9.474695e+02
	9.949764e+02	1.044675e+03	1.095673e+03	1.147080e+03	1.198291e+03
	1.248912e+03	1.298605e+03	1.347038e+03	1.393907e+03	1.438936e+03
	1.481877e+03	1.522485e+03	1.560517e+03	1.595730e+03	1.627913e+03
	1.656921e+03	1.682703e+03	1.705326e+03	1.724965e+03	1.741887e+03
	1.756412e+03	1.768877e+03	1.779614e+03	1.788925e+03	1.797062e+03
	1.804208e+03	1.810478e+03	1.815953e+03	1.820720e+03	1.824871e+03
	1.828488e+03	1.831623e+03	1.834308e+03	1.836563e+03	1.838401e+03
	1.839821e+03	1.840807e+03	1.841330e+03	1.841359e+03	1.840881e+03
	1.839889e+03	1.838374e+03	1.836314e+03	1.833684e+03	1.830460e+03
	1.826622e+03	1.822150e+03	1.817028e+03	1.811233e+03	1.804750e+03
	1.797561e+03	1.789640e+03	1.780936e+03	1.771361e+03	1.760790e+03
	1.749067e+03	1.735992e+03	1.721301e+03	1.704582e+03	1.685215e+03
	1.662448e+03	1.635366e+03	1.602762e+03	1.563148e+03	1.515007e+03
	1.457113e+03	1.388685e+03	1.309459e+03	1.220022e+03	1.122667e+03
	1.021984e+03	9.238744e+02	8.332648e+02	7.526060e+02	6.821120e+02
	6.210141e+02	5.685402e+02	5.240266e+02	4.866411e+02	4.552947e+02
	4.288366e+02	4.062698e+02	3.868629e+02	3.701614e+02	3.558982e+02
	3.438744e+02	3.338929e+02	3.257428e+02	3.192022e+02	3.140478e+02
	3.100640e+02	3.070485e+02	3.048168e+02	3.032044e+02	3.020686e+02
	3.012890e+02	3.007679e+02	3.004285e+02	3.002131e+02	3.000801e+02
	3.000000e+02
massfraction-N2
	1.000000e-60	4.923081e-05	1.514254e-04	3.470412e-04	6.914894e-04
	1.254932e-03	2.118658e-03	3.368210e-03	5.087014e-03	7.351349e-03
	1.022748e-02	1.377074e-02	1.802612e-02	2.302977e-02	2.881090e-02
	3.539373e-02	4.279938e-02	5.104753e-02	6.015804e-02	7.015256e-02
	8.105592e-02	9.289704e-02	1.057091e-01	1.195288e-01	1.343936e-01
	1.503313e-01	1.673469e-01	1.854143e-01	2.044796e-01	2.244485e-01
	2.451477e-01	2.663449e-01	2.878520e-01	3.095870e-01	3.315214e-01
	3.535926e-01	3.757083e-01	3.978338e-01	4.200319e-01	4.423545e-01
	4.646903e-01	4.866818e-01	5.078723e-01	5.279221e-01	5.466827e-01
	5.641252e-01	5.802604e-01	5.951151e-01	6.087316e-01	6.211643e-01
	6.324737e-01	6.427186e-01	6.519521e-01	6.602221e-01	6.675749e-01
	6.740616e-01	6.797407e-01	6.846808e-01	6.889595e-01	6.926594e-01
	6.958638e-01	6.986522e-01	7.010986e-01	7.032689e-01	7.052178e-01
	7.069852e-01	7.085951e-01	7.100636e-01	7.114084e-01	7.126510e-01
	7.138116e-01	7.149055e-01	7.159433e-01	7.169343e-01	7.178879e-01
	7.188131e-01	7.197158e-01	7.205962e-01	7.214493e-01	7.222703e-01
	7.230596e-01	7.238223e-01	7.245643e-01	7.252895e-01	7.259999e-01
	7.266966e-01	7.273810e-01	7.280545e-01	7.287190e-01	7.293759e-01
	7.300266e-01	7.306734e-01	7.313200e-01	7.319719e-01	7.326353e-01
	7.333170e-01	7.340243e-01	7.347663e-01	7.355570e-01	7.364158e-01
	7.373633e-01	7.384209e-01	7.396136e-01	7.409664e-01	7.424912e-01
	7.441755e-01	7.459831e-01	7.478641e-01	7.497654e-01	7.516321e-01
	7.534058e-01	7.550333e-01	7.564843e-01	7.577613e-01	7.588893e-01
	7.598952e-01	7.607953e-01	7.615968e-01	7.623058e-01	7.629328e-01
	7.634906e-01	7.639918e-01	7.644458e-01	7.648572e-01	7.652273e-01
	7.655562e-01	7.658441e-01	7.660924e-01	7.663031e-01	7.664790e-01
	7.666234e-01	7.667398e-01	7.668319e-01	7.669033e-01	7.669575e-01
	7.669978e-01	7.670272e-01	7.670481e-01	7.670627e-01	7.670728e-01
	7.670796e-01
massfraction-O2
	1.000000e-60	1.782844e-06	5.470025e-06	1.250263e-05	2.484344e-05
	4.496353e-05	7.570679e-05	1.200397e-04	1.808206e-04	2.606186e-04
	3.616086e-04	4.855373e-04	6.337423e-04	8.072037e-04	1.006610e-03
	1.232426e-03	1.484958e-03	1.764407e-03	2.070928e-03	2.404676e-03
	2.765850e-03	3.154720e-03	3.571618e-03	4.016920e-03	4.490932e-03
	4.993580e-03	5.524018e-03	6.080420e-03	6.660153e-03	7.259483e-03
	7.872532e-03	8.492035e-03	9.112421e-03	9.731477e-03	1.034868e-02
	1.096269e-02	1.157153e-02	1.217498e-02	1.277563e-02	1.337583e-02
	1.397380e-02	1.456139e-02	1.512800e-02	1.566609e-02	1.617292e-02
	1.664870e-02	1.709441e-02	1.751126e-02	1.790072e-02	1.826452e-02
	1.860454e-02	1.892267e-02	1.922067e-02	1.950020e-02	1.976284e-02
	2.001023e-02	2.024405e-02	2.046616e-02	2.067857e-02	2.088345e-02
	2.108313e-02	2.128006e-02	2.147697e-02	2.167684e-02	2.188283e-02
	2.209768e-02	2.232299e-02	2.255945e-02	2.280808e-02	2.307112e-02
	2.335170e-02	2.365300e-02	2.397805e-02	2.433027e-02	2.471424e-02
	2.513579e-02	2.560082e-02	2.611302e-02	2.667252e-02	2.727771e-02
	2.792910e-02	2.863106e-02	2.938997e-02	3.021164e-02	3.110052e-02
	3.206033e-02	3.309499e-02	3.420912e-02	3.540800e-02	3.669699e-02
	3.808181e-02	3.957057e-02	4.117661e-02	4.292016e-02	4.482818e-02
	4.693422e-02	4.928069e-02	5.192293e-02	5.494527e-02	5.847220e-02
	6.265591e-02	6.768011e-02	7.377720e-02	8.121045e-02	9.019633e-02
	1.008027e-01	1.128913e-01	1.261175e-01	1.399415e-01	1.536397e-01
	1.664224e-01	1.776903e-01	1.872160e-01	1.951058e-01	2.016300e-01
	2.070558e-01	2.115752e-01	2.153213e-01	2.184113e-01	2.209645e-01
	2.230927e-01	2.248877e-01	2.264150e-01	2.277158e-01	2.288150e-01
	2.297316e-01	2.304839e-01	2.310909e-01	2.315720e-01	2.319461e-01
	2.322313e-01	2.324441e-01	2.325992e-01	2.327096e-01	2.327861e-01
	2.328378e-01	2.328717e-01	2.328935e-01	2.329071e-01	2.329154e-01
	2.329204e-01
massfraction-H
	1.000000e-60	6.497547e-17	1.429535e-16	2.334439e-16	3.372156e-16
	4.588860e-16	6.087487e-16	8.051323e-16	1.078341e-15	1.477260e-15
	2.080905e-15	3.018527e-15	4.504338e-15	6.897288e-15	1.080408e-14
	1.725723e-14	2.802378e-14	4.614238e-14	7.686075e-14	1.292781e-13
	2.192308e-13	3.743726e-13	6.431146e-13	1.110326e-12	1.924630e-12
	3.344622e-12	5.814194e-12	1.007997e-11	1.736695e-11	2.961389e-11
	4.971298e-11	8.170548e-11	1.310497e-10	2.051352e-10	3.139595e-10
	4.708092e-10	6.936123e-10	1.008654e-09	1.458061e-09	2.110768e-09
	3.074441e-09	4.506110e-09	6.623400e-09	9.727650e-09	1.424908e-08
	2.081230e-08	3.032076e-08	4.407464e-08	6.394369e-08	9.261438e-08
	1.339371e-07	1.933878e-07	2.786543e-07	4.003567e-07	5.729096e-07
	8.155042e-07	1.152885e-06	1.615296e-06	2.236708e-06	3.051050e-06
	4.087676e-06	5.368438e-06	6.908519e-06	8.719634e-06	1.081210e-05
	1.318984e-05	1.584012e-05	1.873418e-05	2.184411e-05	2.515681e-05
	2.867035e-05	3.238228e-05	3.628529e-05	4.037282e-05	4.464621e-05
	4.911213e-05	5.376655e-05	5.857416e-05	6.346423e-05	6.835802e-05
	7.320312e-05	7.797821e-05	8.267054e-05	8.725693e-05	9.170288e-05
	9.597044e-05	1.000243e-04	1.038342e-04	1.073731e-04	1.106161e-04
	1.135411e-04	1.161323e-04	1.183803e-04	1.202768e-04	1.218076e-04
	1.229477e-04	1.236583e-04	1.238833e-04	1.235392e-04	1.224929e-04
	1.205467e-04	1.174299e-04	1.127808e-04	1.061602e-04	9.716612e-05
	8.565425e-05	7.194819e-05	5.691279e-05	4.186002e-05	2.829170e-05
	1.744596e-05	9.826650e-06	5.103290e-06	2.470833e-06	1.121186e-06
	4.769754e-07	1.908413e-07	7.270241e-08	2.695978e-08	1.002987e-08
	3.889297e-09	1.636397e-09	7.642339e-10	3.921487e-10	2.142507e-10
	1.209902e-10	6.930381e-11	3.984003e-11	2.282620e-11	1.296076e-11
	7.253363e-12	3.978430e-12	2.125622e-12	1.098378e-12	5.438573e-13
	2.545636e-13	1.101258e-13	4.218464e-14	1.301080e-14	2.460564e-15
	1.000000e-60
massfraction-OH
	1.000000e-60	3.029934e-20	2.000240e-19	8.877333e-19	3.182356e-18
	9.870174e-18	2.739596e-17	6.945181e-17	1.632904e-16	3.606111e-16
	7.561638e-16	1.519305e-15	2.947122e-15	5.553158e-15	1.021444e-14
	1.841343e-14	3.263332e-14	5.700071e-14	9.832526e-14	1.677787e-13
	2.836026e-13	4.754725e-13	7.915288e-13	1.309711e-12	2.155895e-12
	3.532265e-12	5.760479e-12	9.346521e-12	1.507924e-11	2.417104e-11
	3.842873e-11	6.048184e-11	9.422195e-11	1.456543e-10	2.242680e-10
	3.450718e-10	5.321276e-10	8.258168e-10	1.297683e-09	2.077776e-09
	3.398125e-09	5.656490e-09	9.508431e-09	1.602089e-08	2.694109e-08
	4.512392e-08	7.515611e-08	1.242651e-07	2.036667e-07	3.305441e-07
	5.308869e-07	8.433610e-07	1.324279e-06	2.053659e-06	3.142357e-06
	4.740641e-06	7.047835e-06	1.032163e-05	1.488182e-05	2.110144e-05
	2.938396e-05	4.013722e-05	5.376566e-05	7.068204e-05	9.131647e-05
	1.160584e-04	1.451236e-04	1.785146e-04	2.161826e-04	2.582126e-04
	3.048206e-04	3.562245e-04	4.125837e-04	4.740757e-04	5.410189e-04
	6.138631e-04	6.929445e-04	7.780923e-04	8.684472e-04	9.628548e-04
	1.060518e-03	1.161196e-03	1.264832e-03	1.371147e-03	1.479563e-03
	1.589320e-03	1.699605e-03	1.809598e-03	1.918446e-03	2.025197e-03
	2.128838e-03	2.228415e-03	2.323129e-03	2.412227e-03	2.494776e-03
	2.569452e-03	2.634431e-03	2.687235e-03	2.724586e-03	2.741636e-03
	2.731120e-03	2.683274e-03	2.586001e-03	2.426212e-03	2.194541e-03
	1.892895e-03	1.540133e-03	1.171728e-03	8.320833e-04	5.590131e-04
	3.656809e-04	2.381811e-04	1.542402e-04	9.836971e-05	6.190518e-05
	3.906365e-05	2.528874e-05	1.709474e-05	1.212135e-05	8.956074e-06
	6.819719e-06	5.294658e-06	4.155556e-06	3.278010e-06	2.589622e-06
	2.044107e-06	1.609182e-06	1.261136e-06	9.820478e-07	7.582036e-07
	5.790130e-07	4.362029e-07	3.232018e-07	2.346731e-07	1.661812e-07
	1.139660e-07	7.480545e-08	4.594087e-08	2.505275e-08	1.026260e-08
	1.000000e-60
massfraction-O
	1.000000e-60	4.601488e-20	1.246483e-19	2.483164e-19	4.288431e-19
	6.817928e-19	1.034990e-18	1.541600e-18	2.300352e-18	3.488545e-18
	5.420984e-18	8.658703e-18	1.421073e-17	2.390849e-17	4.110072e-17
	7.194340e-17	1.277923e-16	2.296325e-16	4.162534e-16	7.592715e-16
	1.390564e-15	2.551911e-15	4.683680e-15	8.580523e-15	1.565735e-14
	2.838316e-14	5.094521e-14	9.019920e-14	1.569747e-13	2.677681e-13
	4.467675e-13	7.291843e-13	1.169535e-12	1.860370e-12	2.967358e-12
	4.789384e-12	7.864942e-12	1.317984e-11	2.259535e-11	3.969716e-11
	7.129223e-11	1.297836e-10	2.367096e-10	4.284679e-10	7.662675e-10
	1.352762e-09	2.358472e-09	4.063765e-09	6.925977e-09	1.168547e-08
	1.953029e-08	3.234277e-08	5.305210e-08	8.611615e-08	1.381493e-07
	2.187012e-07	3.410857e-07	5.230060e-07	7.865456e-07	1.157242e-06
	1.662597e-06	2.331102e-06	3.193122e-06	4.283526e-06	5.644435e-06
	7.323712e-06	9.367627e-06	1.181790e-05	1.472241e-05	1.815049e-05
	2.219730e-05	2.697834e-05	3.262755e-05	3.930872e-05	4.723730e-05
	5.669500e-05	6.801411e-05	8.152050e-05	9.747010e-05	1.160627e-04
	1.375447e-04	1.622863e-04	1.907447e-04	2.233669e-04	2.605309e-04
	3.025384e-04	3.496272e-04	4.019766e-04	4.596844e-04	5.227216e-04
	5.909249e-04	6.640820e-04	7.420504e-04	8.247866e-04	9.122481e-04
	1.004257e-03	1.100428e-03	1.200087e-03	1.302463e-03	1.406255e-03
	1.508228e-03	1.602417e-03	1.679498e-03	1.725664e-03	1.722778e-03
	1.652209e-03	1.502049e-03	1.275056e-03	9.949721e-04	7.067715e-04
	4.608551e-04	2.846496e-04	1.731885e-04	1.067726e-04	6.769851e-05
	4.453253e-05	3.059850e-05	2.202679e-05	1.656018e-05	1.289676e-05
	1.030033e-05	8.358166e-06	6.838357e-06	5.610244e-06	4.598307e-06
	3.755409e-06	3.049435e-06	2.457076e-06	1.960593e-06	1.546059e-06
	1.202203e-06	9.196055e-07	6.901064e-07	5.063885e-07	3.617224e-07
	2.498485e-07	1.649709e-07	1.018184e-07	5.575862e-08	2.292412e-08
	1.000000e-60
massfraction-H2
	1.000000e-60	1.496201e-05	3.454941e-05	5.884865e-05	8.751533e-05
	1.200681e-04	1.559353e-04	1.944697e-04	2.350315e-04	2.770412e-04
	3.200065e-04	3.635279e-04	4.072925e-04	4.510621e-04	4.946598e-04
	5.379575e-04	5.808648e-04	6.233210e-04	6.652882e-04	7.067471e-04
	7.476932e-04	7.881324e-04	8.280757e-04	8.675348e-04	9.065120e-04
	9.449803e-04	9.828657e-04	1.020050e-03	1.056396e-03	1.091743e-03
	1.125855e-03	1.158487e-03	1.189538e-03	1.219093e-03	1.247310e-03
	1.274299e-03	1.300140e-03	1.324986e-03	1.349101e-03	1.372709e-03
	1.395895e-03	1.418500e-03	1.440278e-03	1.461081e-03	1.480913e-03
	1.499852e-03	1.517973e-03	1.535323e-03	1.551926e-03	1.567783e-03
	1.582862e-03	1.597095e-03	1.610362e-03	1.622498e-03	1.633295e-03
	1.642530e-03	1.649979e-03	1.655452e-03	1.658808e-03	1.659972e-03
	1.658933e-03	1.655739e-03	1.650465e-03	1.643185e-03	1.633951e-03
	1.622814e-03	1.609887e-03	1.595352e-03	1.579379e-03	1.562049e-03
	1.543374e-03	1.523350e-03	1.501990e-03	1.479291e-03	1.455191e-03
	1.429582e-03	1.402393e-03	1.373718e-03	1.343859e-03	1.313175e-03
	1.281880e-03	1.249991e-03	1.217455e-03	1.184270e-03	1.150513e-03
	1.116287e-03	1.081692e-03	1.046804e-03	1.011685e-03	9.764018e-04
	9.410180e-04	9.055495e-04	8.699197e-04	8.339638e-04	7.974740e-04
	7.602380e-04	7.220358e-04	6.826237e-04	6.415911e-04	5.983923e-04
	5.526967e-04	5.044746e-04	4.539778e-04	4.020257e-04	3.503934e-04
	3.017084e-04	2.586691e-04	2.231124e-04	1.954412e-04	1.745958e-04
	1.586436e-04	1.457496e-04	1.347449e-04	1.250151e-04	1.162048e-04
	1.080895e-04	1.005549e-04	9.356151e-05	8.708106e-05	8.105058e-05
	7.537345e-05	6.994373e-05	6.467279e-05	5.951020e-05	5.444484e-05
	4.948800e-05	4.465873e-05	3.997737e-05	3.546292e-05	3.113335e-05
	2.700643e-05	2.310021e-05	1.943295e-05	1.602217e-05	1.288314e-05
	1.002718e-05	7.460036e-06	5.180841e-06	3.183315e-06	1.461319e-06
	1.000000e-60
massfraction-H2O
	1.000000e-60	1.459862e-05	4.421658e-05	9.967919e-05	1.953301e-04
	3.487545e-04	5.796195e-04	9.077470e-04	1.351441e-03	1.926243e-03
	2.644285e-03	3.514145e-03	4.541088e-03	5.727513e-03	7.073488e-03
	8.577287e-03	1.023588e-02	1.204535e-02	1.400132e-02	1.609927e-02
	1.833482e-02	2.070390e-02	2.320269e-02	2.582748e-02	2.857408e-02
	3.143606e-02	3.440283e-02	3.745895e-02	4.058551e-02	4.375907e-02
	4.694675e-02	5.011103e-02	5.322550e-02	5.628207e-02	5.928149e-02
	6.222077e-02	6.509427e-02	6.790508e-02	7.066919e-02	7.340088e-02
	7.609597e-02	7.872236e-02	8.123808e-02	8.361511e-02	8.584624e-02
	8.793585e-02	8.989045e-02	9.171611e-02	9.341864e-02	9.500360e-02
	9.647583e-02	9.783885e-02	9.909448e-02	1.002431e-01	1.012846e-01
	1.022190e-01	1.030481e-01	1.037756e-01	1.044073e-01	1.049511e-01
	1.054160e-01	1.058113e-01	1.061463e-01	1.064293e-01	1.066672e-01
	1.068647e-01	1.070248e-01	1.071498e-01	1.072422e-01	1.073048e-01
	1.073396e-01	1.073478e-01	1.073298e-01	1.072859e-01	1.072154e-01
	1.071171e-01	1.069894e-01	1.068311e-01	1.066424e-01	1.064246e-01
	1.061786e-01	1.059038e-01	1.055987e-01	1.052619e-01	1.048923e-01
	1.044893e-01	1.040523e-01	1.035800e-01	1.030712e-01	1.025244e-01
	1.019381e-01	1.013095e-01	1.006340e-01	9.990373e-02	9.910834e-02
	9.823479e-02	9.726657e-02	9.618201e-02	9.494780e-02	9.351444e-02
	9.182124e-02	8.979390e-02	8.733592e-02	8.433230e-02	8.067484e-02
	7.629604e-02	7.118847e-02	6.540956e-02	5.909557e-02	5.249287e-02
	4.595152e-02	3.982364e-02	3.433486e-02	2.953924e-02	2.537243e-02
	2.174185e-02	1.858012e-02	1.584429e-02	1.349211e-02	1.146954e-02
	9.717552e-03	8.183641e-03	6.829463e-03	5.633027e-03	4.584044e-03
	3.676227e-03	2.902637e-03	2.254292e-03	1.720218e-03	1.288141e-03
	9.451917e-04	6.784765e-04	4.755248e-04	3.246301e-04	2.151341e-04
	1.376433e-04	8.417035e-05	4.817887e-05	2.454429e-05	9.433837e-06
	1.000000e-60
massfraction-HO2
	1.000000e-60	1.093700e-09	3.361778e-09	7.698961e-09	1.532859e-08
	2.779664e-08	4.688972e-08	7.448107e-08	1.123877e-07	1.622577e-07
	2.255052e-07	3.032888e-07	3.965235e-07	5.059131e-07	6.319906e-07
	7.751604e-07	9.357375e-07	1.113983e-06	1.310138e-06	1.524454e-06
	1.757219e-06	2.008778e-06	2.279523e-06	2.569882e-06	2.880237e-06
	3.210716e-06	3.560906e-06	3.929682e-06	4.315264e-06	4.714942e-06
	5.124266e-06	5.537439e-06	5.949261e-06	6.356116e-06	6.754659e-06
	7.139937e-06	7.505347e-06	7.843862e-06	8.147858e-06	8.406263e-06
	8.602783e-06	8.717262e-06	8.732261e-06	8.638899e-06	8.438425e-06
	8.141924e-06	7.770455e-06	7.354301e-06	6.930112e-06	6.536483e-06
	6.209080e-06	5.976532e-06	5.857736e-06	5.860676e-06	5.982490e-06
	6.210363e-06	6.522957e-06	6.892628e-06	7.288796e-06	7.682148e-06
	8.048599e-06	8.371747e-06	8.643266e-06	8.861317e-06	9.028175e-06
	9.148148e-06	9.226750e-06	9.270768e-06	9.287753e-06	9.284898e-06
	9.268395e-06	9.243514e-06	9.214864e-06	9.186488e-06	9.161932e-06
	9.144429e-06	9.137113e-06	9.142951e-06	9.164314e-06	9.202624e-06
	9.258609e-06	9.332891e-06	9.426174e-06	9.539036e-06	9.671741e-06
	9.824290e-06	9.996595e-06	1.018865e-05	1.040061e-05	1.063277e-05
	1.088569e-05	1.116068e-05	1.146046e-05	1.178961e-05	1.215482e-05
	1.256524e-05	1.303341e-05	1.357698e-05	1.422342e-05	1.501527e-05
	1.601154e-05	1.729384e-05	1.897806e-05	2.122037e-05	2.420800e-05
	2.814179e-05	3.323323e-05	3.971505e-05	4.780403e-05	5.745368e-05
	6.780270e-05	7.682810e-05	8.191623e-05	8.094706e-05	7.328241e-05
	6.043146e-05	4.562916e-05	3.212070e-05	2.162062e-05	1.424385e-05
	9.334238e-06	6.138293e-06	4.066401e-06	2.718269e-06	1.834995e-06
	1.250637e-06	8.593439e-07	5.938646e-07	4.114103e-07	2.846094e-07
	1.957719e-07	1.332919e-07	8.940227e-08	5.877601e-08	3.766102e-08
	2.334818e-08	1.384768e-08	7.690374e-09	3.802926e-09	1.420694e-09
	1.000000e-60
massfraction-H2O2
	1.000000e-60	4.586550e-11	1.412210e-10	3.239749e-10	6.460162e-10
	1.172784e-09	1.979328e-09	3.142930e-09	4.735810e-09	6.818873e-09
	9.437470e-09	1.261919e-08	1.637344e-08	2.069229e-08	2.555204e-08
	3.091515e-08	3.673218e-08	4.294362e-08	4.948147e-08	5.627050e-08
	6.322902e-08	7.026879e-08	7.729416e-08	8.420059e-08	9.087186e-08
	9.717572e-08	1.029616e-07	1.080641e-07	1.123129e-07	1.155391e-07
	1.175852e-07	1.183314e-07	1.177087e-07	1.156777e-07	1.122048e-07
	1.072672e-07	1.008641e-07	9.299722e-08	8.364536e-08	7.280840e-08
	6.067738e-08	4.781840e-08	3.521322e-08	2.403025e-08	1.522703e-08
	9.188866e-09	5.609977e-09	3.741350e-09	2.823600e-09	2.353524e-09
	2.086251e-09	1.926187e-09	1.839325e-09	1.811957e-09	1.836210e-09
	1.905829e-09	2.015413e-09	2.161305e-09	2.343848e-09	2.570741e-09
	2.860821e-09	3.247547e-09	3.782162e-09	4.537106e-09	5.610025e-09
	7.124852e-09	9.224362e-09	1.206027e-08	1.579777e-08	2.063509e-08
	2.681661e-08	3.462995e-08	4.440356e-08	5.652616e-08	7.149043e-08
	8.992903e-08	1.125912e-07	1.402289e-07	1.734631e-07	2.128152e-07
	2.589447e-07	3.128546e-07	3.758629e-07	4.494461e-07	5.351629e-07
	6.346977e-07	7.499538e-07	8.831465e-07	1.036836e-06	1.213899e-06
	1.417589e-06	1.651908e-06	1.922258e-06	2.236093e-06	2.603422e-06
	3.037429e-06	3.555789e-06	4.182929e-06	4.956418e-06	5.935087e-06
	7.204132e-06	8.888921e-06	1.118225e-05	1.436878e-05	1.879960e-05
	2.470786e-05	3.173632e-05	3.843040e-05	4.274460e-05	4.378159e-05
	4.236622e-05	3.964560e-05	3.625123e-05	3.252009e-05	2.868810e-05
	2.492762e-05	2.138191e-05	1.816772e-05	1.534458e-05	1.290533e-05
	1.080237e-05	8.979111e-06	7.389431e-06	6.004453e-06	4.808336e-06
	3.789674e-06	2.936375e-06	2.234292e-06	1.667419e-06	1.218747e-06
	8.711045e-07	6.078232e-07	4.132548e-07	2.731585e-07	1.749958e-07
	1.081145e-07	6.381203e-08	3.526781e-08	1.737149e-08	6.471706e-09
	1.000000e-60
massfraction-CO
	1.000000e-60	3.543643e-06	1.093351e-05	2.514032e-05	5.025640e-05
	9.148845e-05	1.548928e-04	2.468603e-04	3.736273e-04	5.408777e-04
	7.535050e-04	1.015519e-03	1.330071e-03	1.699553e-03	2.125730e-03
	2.609877e-03	3.152919e-03	3.755545e-03	4.418332e-03	5.141847e-03
	5.926748e-03	6.773833e-03	7.684035e-03	8.658374e-03	9.697709e-03
	1.080205e-02	1.196970e-02	1.319674e-02	1.447744e-02	1.580355e-02
	1.716200e-02	1.853655e-02	1.991463e-02	2.129109e-02	2.266449e-02
	2.403161e-02	2.538774e-02	2.673215e-02	2.807026e-02	2.940699e-02
	3.073797e-02	3.204466e-02	3.330304e-02	3.449588e-02	3.561673e-02
	3.666552e-02	3.764381e-02	3.855348e-02	3.939673e-02	4.017601e-02
	4.089372e-02	4.155186e-02	4.215178e-02	4.269433e-02	4.318021e-02
	4.361044e-02	4.398679e-02	4.431203e-02	4.458998e-02	4.482521e-02
	4.502269e-02	4.518735e-02	4.532382e-02	4.543608e-02	4.552725e-02
	4.559932e-02	4.565335e-02	4.569005e-02	4.571009e-02	4.571397e-02
	4.570167e-02	4.567257e-02	4.562565e-02	4.555943e-02	4.547181e-02
	4.535987e-02	4.522017e-02	4.504957e-02	4.484622e-02	4.460936e-02
	4.433785e-02	4.402911e-02	4.367960e-02	4.328599e-02	4.284573e-02
	4.235694e-02	4.181806e-02	4.122759e-02	4.058422e-02	3.988714e-02
	3.913601e-02	3.832988e-02	3.746582e-02	3.653824e-02	3.553955e-02
	3.446092e-02	3.329207e-02	3.202070e-02	3.062711e-02	2.908375e-02
	2.736693e-02	2.546125e-02	2.335989e-02	2.107695e-02	1.866699e-02
	1.622668e-02	1.386653e-02	1.167566e-02	9.707412e-03	7.988148e-03
	6.529016e-03	5.325694e-03	4.353996e-03	3.574046e-03	2.942633e-03
	2.424878e-03	1.997601e-03	1.645529e-03	1.356211e-03	1.117734e-03
	9.192581e-04	7.520248e-04	6.097916e-04	4.886519e-04	3.862274e-04
	3.007217e-04	2.304202e-04	1.735654e-04	1.283743e-04	9.310470e-05
	6.611136e-05	4.588328e-05	3.106572e-05	2.047204e-05	1.308951e-05
	8.078895e-06	4.767675e-06	2.636380e-06	1.299849e-06	4.848432e-07
	1.000000e-60
massfraction-CO2
	1.000000e-60	1.272907e-06	4.344491e-06	1.113332e-05	2.481888e-05
	5.020308e-05	9.388944e-05	1.641446e-04	2.705393e-04	4.234421e-04
	6.334945e-04	9.111507e-04	1.266341e-03	1.708260e-03	2.245279e-03
	2.884937e-03	3.634004e-03	4.498586e-03	5.484268e-03	6.596289e-03
	7.839726e-03	9.219628e-03	1.074106e-02	1.240904e-02	1.422817e-02
	1.620133e-02	1.832797e-02	2.060292e-02	2.301677e-02	2.555443e-02
	2.819027e-02	3.089098e-02	3.362905e-02	3.639101e-02	3.917069e-02
	4.195818e-02	4.474042e-02	4.751226e-02	5.028133e-02	5.305428e-02
	5.581820e-02	5.853064e-02	6.113794e-02	6.360135e-02	6.590552e-02
	6.804922e-02	7.003541e-02	7.186831e-02	7.355341e-02	7.509713e-02
	7.650620e-02	7.778685e-02	7.894439e-02	7.998338e-02	8.090821e-02
	8.172397e-02	8.243691e-02	8.305482e-02	8.358686e-02	8.404309e-02
	8.443377e-02	8.476876e-02	8.505721e-02	8.530715e-02	8.552510e-02
	8.571564e-02	8.588150e-02	8.602452e-02	8.614674e-02	8.625039e-02
	8.633730e-02	8.640860e-02	8.646480e-02	8.650609e-02	8.653232e-02
	8.654292e-02	8.653679e-02	8.651259e-02	8.646928e-02	8.640635e-02
	8.632338e-02	8.621944e-02	8.609300e-02	8.594232e-02	8.576569e-02
	8.556141e-02	8.532759e-02	8.506205e-02	8.476225e-02	8.442542e-02
	8.404846e-02	8.362734e-02	8.315609e-02	8.262607e-02	8.202561e-02
	8.133965e-02	8.054853e-02	7.962597e-02	7.853215e-02	7.720734e-02
	7.557360e-02	7.353068e-02	7.094637e-02	6.766262e-02	6.353563e-02
	5.850120e-02	5.262705e-02	4.612535e-02	3.933364e-02	3.267631e-02
	2.657775e-02	2.133163e-02	1.702499e-02	1.357324e-02	1.081649e-02
	8.604461e-03	6.827995e-03	5.408977e-03	4.281663e-03	3.385297e-03
	2.667154e-03	2.086044e-03	1.612780e-03	1.228155e-03	9.190726e-04
	6.748852e-04	4.857385e-04	3.422899e-04	2.358705e-04	1.587245e-04
	1.041501e-04	6.653461e-05	4.131547e-05	2.489340e-05	1.451925e-05
	8.165627e-06	4.393182e-06	2.220343e-06	1.005545e-06	3.472061e-07
	1.000000e-60
massfraction-CH
	1.000000e-60	1.804966e-29	4.995300e-29	1.125990e-28	2.594530e-28
	3.430537e-28	6.393188e-28	1.918427e-27	6.600001e-27	1.000000e-60
	1.000000e-60	1.000000e-60	1.000000e-60	1.000000e-60	9.512294e-26
	1.132065e-25	1.000000e-60	1.131062e-25	1.000000e-60	1.000000e-60
	6.761301e-26	1.840264e-24	6.220188e-24	2.051226e-23	7.658779e-23
	2.914528e-22	1.114697e-21	4.231885e-21	1.584594e-20	5.788603e-20
	2.036174e-19	6.805179e-19	2.144007e-18	6.367212e-18	1.789835e-17
	4.783350e-17	1.221972e-16	3.013818e-16	7.285308e-16	1.753431e-15
	4.239749e-15	1.028652e-14	2.483295e-14	5.917693e-14	1.387690e-13
	3.204497e-13	7.301149e-13	1.644598e-12	3.669758e-12	8.127817e-12
	1.789932e-11	3.924286e-11	8.568499e-11	1.862092e-10	4.021422e-10
	8.609751e-10	1.820555e-09	3.780593e-09	7.651125e-09	1.496021e-08
	2.804500e-08	5.016081e-08	8.550430e-08	1.391968e-07	2.172182e-07
	3.259823e-07	4.712242e-07	6.569327e-07	8.855392e-07	1.158898e-06
	1.478401e-06	1.844037e-06	2.253663e-06	2.703307e-06	3.187854e-06
	3.700644e-06	4.231313e-06	4.763329e-06	5.274549e-06	5.742298e-06
	6.148453e-06	6.479717e-06	6.725034e-06	6.874623e-06	6.921288e-06
	6.861906e-06	6.697969e-06	6.435337e-06	6.083769e-06	5.656534e-06
	5.169678e-06	4.640420e-06	4.085374e-06	3.519839e-06	2.958331e-06
	2.415248e-06	1.904715e-06	1.440054e-06	1.031928e-06	6.890872e-07
	4.197105e-07	2.271477e-07	1.057636e-07	4.092451e-08	1.282281e-08
	3.234785e-09	6.682430e-10	1.169085e-10	1.807239e-11	2.580937e-12
	3.532344e-13	4.720121e-14	6.170864e-15	7.830040e-16	9.509429e-17
	1.096389e-17	1.214681e-18	1.337152e-19	1.524171e-20	1.866838e-21
	2.540595e-22	3.960649e-23	7.177845e-24	1.494674e-24	3.474837e-25
	8.801422e-26	2.412980e-26	6.981080e-27	2.200225e-27	6.849479e-28
	2.004051e-28	6.034544e-29	1.391633e-29	7.436670e-30	6.160085e-31
	5.113435e-30	1.000000e-60	1.000000e-60	1.317853e-31	9.037160e-32
	1.000000e-60
massfraction-CHO
	1.000000e-60	1.233025e-18	4.196093e-18	1.040568e-17	2.182668e-17
	4.086001e-17	7.075739e-17	1.169077e-16	1.894876e-16	3.080534e-16
	5.094785e-16	8.622060e-16	1.492449e-15	2.632564e-15	4.710211e-15
	8.512383e-15	1.548684e-14	2.829613e-14	5.183638e-14	9.511360e-14
	1.747016e-13	3.211078e-13	5.904334e-13	1.085490e-12	1.993041e-12
	3.645874e-12	6.616130e-12	1.183133e-11	2.066496e-11	3.486533e-11
	5.608943e-11	8.503024e-11	1.207498e-10	1.609286e-10	2.029496e-10
	2.451559e-10	2.876779e-10	3.326019e-10	3.838331e-10	4.471166e-10
	5.301964e-10	6.430491e-10	7.984301e-10	1.013465e-09	1.312857e-09
	1.733514e-09	2.330337e-09	3.184092e-09	4.412416e-09	6.184396e-09
	8.738981e-09	1.240653e-08	1.763277e-08	2.500560e-08	3.528776e-08
	4.946134e-08	6.877920e-08	9.480590e-08	1.294073e-07	1.746588e-07
	2.326975e-07	3.056092e-07	3.954661e-07	5.044750e-07	6.350712e-07
	7.895711e-07	9.693626e-07	1.174656e-06	1.405427e-06	1.662454e-06
	1.947224e-06	2.261074e-06	2.604742e-06	2.978742e-06	3.383993e-06
	3.821581e-06	4.291049e-06	4.787875e-06	5.302497e-06	5.822962e-06
	6.338836e-06	6.842008e-06	7.324270e-06	7.775239e-06	8.182482e-06
	8.532741e-06	8.813039e-06	9.011336e-06	9.116945e-06	9.121099e-06
	9.017758e-06	8.803935e-06	8.479101e-06	8.044419e-06	7.502944e-06
	6.860834e-06	6.128595e-06	5.322238e-06	4.461724e-06	3.573532e-06
	2.699814e-06	1.896580e-06	1.221094e-06	7.153781e-07	3.872467e-07
	2.039820e-07	1.129438e-07	6.922943e-08	4.589969e-08	3.013558e-08
	1.765692e-08	8.667383e-09	3.591041e-09	1.312508e-09	4.386434e-10
	1.369520e-10	4.094106e-11	1.223202e-11	3.884152e-12	1.392443e-12
	5.780404e-13	2.711855e-13	1.370155e-13	7.160284e-14	3.780796e-14
	1.993553e-14	1.042914e-14	5.387421e-15	2.735484e-15	1.358616e-15
	6.566039e-16	3.070765e-16	1.381508e-16	5.939441e-17	2.420241e-17
	9.237075e-18	3.235225e-18	9.976932e-19	2.451899e-19	3.460859e-20
	1.000000e-60
massfraction-CH2
	1.000000e-60	5.740665e-21	1.183756e-20	1.811557e-20	2.469718e-20
	3.213433e-20	4.150554e-20	5.466343e-20	7.481084e-20	1.077090e-19
	1.641906e-19	2.654305e-19	4.541943e-19	8.193023e-19	1.549773e-18
	3.056487e-18	6.249114e-18	1.317327e-17	2.848954e-17	6.293237e-17
	1.414471e-16	3.224164e-16	7.431997e-16	1.728046e-15	4.042771e-15
	9.488205e-15	2.225134e-14	5.188402e-14	1.196267e-13	2.710533e-13
	5.988309e-13	1.279627e-12	2.632889e-12	5.217937e-12	9.988292e-12
	1.851638e-11	3.334198e-11	5.864419e-11	1.016243e-10	1.750403e-10
	3.010643e-10	5.162758e-10	8.777967e-10	1.472678e-09	2.434191e-09
	3.967310e-09	6.385703e-09	1.016716e-08	1.603949e-08	2.511312e-08
	3.908464e-08	6.054020e-08	9.339361e-08	1.434990e-07	2.194695e-07
	3.336881e-07	5.032737e-07	7.504485e-07	1.101448e-06	1.583435e-06
	2.220059e-06	3.027561e-06	4.013557e-06	5.178041e-06	6.514209e-06
	8.005067e-06	9.617678e-06	1.130607e-05	1.302428e-05	1.473513e-05
	1.640701e-05	1.800736e-05	1.950153e-05	2.085618e-05	2.204136e-05
	2.302814e-05	2.378508e-05	2.428005e-05	2.448994e-05	2.441005e-05
	2.405210e-05	2.343461e-05	2.257805e-05	2.150689e-05	2.025177e-05
	1.884857e-05	1.733575e-05	1.575187e-05	1.413448e-05	1.251965e-05
	1.094068e-05	9.425107e-06	7.992998e-06	6.658155e-06	5.431228e-06
	4.321744e-06	3.337987e-06	2.486325e-06	1.768590e-06	1.184388e-06
	7.340661e-07	4.128416e-07	2.058891e-07	8.903731e-08	3.299846e-08
	1.056341e-08	3.003664e-09	7.913728e-10	2.030623e-10	5.332556e-11
	1.485344e-11	4.427728e-12	1.392403e-12	4.513516e-13	1.477672e-13
	4.844511e-14	1.603649e-14	5.466136e-15	1.953455e-15	7.371615e-16
	2.927645e-16	1.213854e-16	5.218119e-17	2.321993e-17	1.073392e-17
	5.181658e-18	2.621987e-18	1.392022e-18	7.735949e-19	4.476944e-19
	2.678013e-19	1.640765e-19	1.019038e-19	6.342306e-20	3.903517e-20
	2.335979e-20	1.325193e-20	6.805294e-21	2.848926e-21	6.961213e-22
	1.000000e-60
massfraction-CH2O
	1.000000e-60	1.805087e-08	6.290807e-08	1.648842e-07	3.759951e-07
	7.773818e-07	1.484112e-06	2.644569e-06	4.435347e-06	7.052624e-06
	1.070216e-05	1.558973e-05	2.191323e-05	2.985712e-05	3.958899e-05
	5.125815e-05	6.499561e-05	8.091534e-05	9.911641e-05	1.196860e-04
	1.427026e-04	1.682386e-04	1.963610e-04	2.271305e-04	2.605941e-04
	2.967626e-04	3.355790e-04	3.769001e-04	4.205061e-04	4.660779e-04
	5.131159e-04	5.609972e-04	6.092191e-04	6.575381e-04	7.058457e-04
	7.539731e-04	8.017032e-04	8.489581e-04	8.958756e-04	9.425677e-04
	9.888083e-04	1.033866e-03	1.076812e-03	1.116947e-03	1.153924e-03
	1.187582e-03	1.217774e-03	1.244316e-03	1.267000e-03	1.285594e-03
	1.299856e-03	1.309561e-03	1.314549e-03	1.314800e-03	1.310508e-03
	1.302131e-03	1.290389e-03	1.276200e-03	1.260559e-03	1.244416e-03
	1.228566e-03	1.213596e-03	1.199874e-03	1.187586e-03	1.176803e-03
	1.167551e-03	1.159835e-03	1.153606e-03	1.148731e-03	1.145013e-03
	1.142237e-03	1.140183e-03	1.138611e-03	1.137250e-03	1.135786e-03
	1.133844e-03	1.130977e-03	1.126669e-03	1.120388e-03	1.111630e-03
	1.099915e-03	1.084729e-03	1.065531e-03	1.041818e-03	1.013195e-03
	9.794142e-04	9.403756e-04	8.961339e-04	8.469144e-04	7.931466e-04
	7.354564e-04	6.745730e-04	6.112140e-04	5.460595e-04	4.798362e-04
	4.134151e-04	3.478338e-04	2.842904e-04	2.239506e-04	1.681008e-04
	1.185635e-04	7.732235e-05	4.579494e-05	2.426457e-05	1.149059e-05
	4.975411e-06	2.060701e-06	8.623365e-07	3.820701e-07	1.833882e-07
	9.531326e-08	5.342349e-08	3.232414e-08	2.103084e-08	1.451344e-08
	1.043896e-08	7.714245e-09	5.804617e-09	4.422950e-09	3.396823e-09
	2.615876e-09	2.008633e-09	1.529527e-09	1.150034e-09	8.514114e-10
	6.195174e-10	4.424218e-10	3.096776e-10	2.121547e-10	1.420342e-10
	9.277273e-11	5.902104e-11	3.650994e-11	2.191914e-11	1.274078e-11
	7.141767e-12	3.830059e-12	1.929792e-12	8.714326e-13	3.001088e-13
	1.000000e-60
massfraction-CH3
	1.000000e-60	4.210377e-10	1.282789e-09	2.910501e-09	5.741943e-09
	1.032403e-08	1.728499e-08	2.728530e-08	4.097812e-08	5.898418e-08
	8.188580e-08	1.102369e-07	1.445852e-07	1.855012e-07	2.336126e-07
	2.896411e-07	3.544437e-07	4.290607e-07	5.147736e-07	6.131795e-07
	7.262881e-07	8.566451e-07	1.007494e-06	1.182995e-06	1.388486e-06
	1.630754e-06	1.918318e-06	2.261847e-06	2.674904e-06	3.174530e-06
	3.780897e-06	4.517782e-06	5.416488e-06	6.522031e-06	7.897808e-06
	9.627975e-06	1.182418e-05	1.464559e-05	1.833308e-05	2.324309e-05
	2.985071e-05	3.872479e-05	5.049793e-05	6.589189e-05	8.579154e-05
	1.112975e-04	1.437344e-04	1.846570e-04	2.358686e-04	2.994234e-04
	3.775885e-04	4.727158e-04	5.869862e-04	7.220163e-04	8.783551e-04
	1.054978e-03	1.248881e-03	1.455031e-03	1.666813e-03	1.876895e-03
	2.078285e-03	2.265236e-03	2.433751e-03	2.581458e-03	2.707044e-03
	2.809551e-03	2.888187e-03	2.942858e-03	2.974491e-03	2.984543e-03
	2.974378e-03	2.945122e-03	2.897810e-03	2.833422e-03	2.752735e-03
	2.656296e-03	2.544795e-03	2.419767e-03	2.283965e-03	2.140719e-03
	1.992781e-03	1.841919e-03	1.689494e-03	1.537074e-03	1.386507e-03
	1.239674e-03	1.098264e-03	9.636853e-04	8.370897e-04	7.194320e-04
	6.114243e-04	5.134094e-04	4.253273e-04	3.468584e-04	2.776263e-04
	2.172990e-04	1.655632e-04	1.220801e-04	8.635771e-05	5.787852e-05
	3.624280e-05	2.089721e-05	1.093471e-05	5.145688e-06	2.190909e-06
	8.664933e-07	3.317271e-07	1.286802e-07	5.255380e-08	2.302180e-08
	1.079795e-08	5.383734e-09	2.833600e-09	1.558112e-09	8.849410e-10
	5.150597e-10	3.063132e-10	1.861919e-10	1.156970e-10	7.331955e-11
	4.715152e-11	3.058308e-11	1.989819e-11	1.294738e-11	8.422587e-12
	5.483808e-12	3.578055e-12	2.341425e-12	1.536568e-12	1.010249e-12
	6.641793e-13	4.354458e-13	2.836877e-13	1.828473e-13	1.159390e-13
	7.175811e-14	4.282084e-14	2.407697e-14	1.210631e-14	4.607564e-15
	1.000000e-60
massfraction-CH4
	1.000000e+00	9.999141e-01	9.997474e-01	9.994418e-01	9.989180e-01
	9.980751e-01	9.967959e-01	9.949566e-01	9.924355e-01	9.891208e-01
	9.849151e-01	9.797366e-01	9.735191e-01	9.662102e-01	9.577684e-01
	9.481605e-01	9.373596e-01	9.253416e-01	9.120839e-01	8.975624e-01
	8.817499e-01	8.646145e-01	8.461197e-01	8.262250e-01	8.048910e-01
	7.820930e-01	7.578399e-01	7.321856e-01	7.052228e-01	6.770995e-01
	6.480717e-01	6.184727e-01	5.885681e-01	5.584713e-01	5.282191e-01
	4.978933e-01	4.676141e-01	4.374200e-01	4.072213e-01	3.769223e-01
	3.466688e-01	3.169266e-01	2.882928e-01	2.612060e-01	2.358495e-01
	2.122497e-01	1.903834e-01	1.702108e-01	1.516742e-01	1.347034e-01
	1.192224e-01	1.051593e-01	9.245188e-02	8.104626e-02	7.089078e-02
	6.192749e-02	5.408693e-02	4.728429e-02	4.142009e-02	3.638538e-02
	3.206847e-02	2.836079e-02	2.516043e-02	2.237648e-02	1.993335e-02
	1.777571e-02	1.586830e-02	1.418528e-02	1.269879e-02	1.137798e-02
	1.019512e-02	9.129475e-03	8.166084e-03	7.292561e-03	6.497297e-03
	5.770205e-03	5.104730e-03	4.498889e-03	3.953405e-03	3.467589e-03
	3.036962e-03	2.654698e-03	2.314417e-03	2.011434e-03	1.742308e-03
	1.504081e-03	1.293905e-03	1.108995e-03	9.467453e-04	8.048152e-04
	6.810677e-04	5.734250e-04	4.798360e-04	3.984024e-04	3.275257e-04
	2.659415e-04	2.126432e-04	1.668105e-04	1.276558e-04	9.453957e-05
	6.716987e-05	4.538010e-05	2.889007e-05	1.723175e-05	9.678069e-06
	5.233674e-06	2.834681e-06	1.614534e-06	1.008632e-06	7.009342e-07
	5.306325e-07	4.229040e-07	3.461327e-07	2.871517e-07	2.397340e-07
	2.005432e-07	1.677597e-07	1.403226e-07	1.174087e-07	9.821223e-08
	8.197457e-08	6.806820e-08	5.604325e-08	4.562589e-08	3.666162e-08
	2.904033e-08	2.265442e-08	1.738731e-08	1.311412e-08	9.707138e-09
	7.040871e-09	4.995756e-09	3.460708e-09	2.334912e-09	1.529195e-09
	9.669446e-10	5.844951e-10	3.308391e-10	1.667671e-10	6.347852e-11
	1.000000e-60
massfraction-C2H6
	1.000000e-60	4.164244e-08	1.475661e-07	3.938295e-07	9.146272e-07
	1.924907e-06	3.737542e-06	6.766836e-06	1.151937e-05	1.857386e-05
	2.855554e-05	4.210990e-05	5.987999e-05	8.248913e-05	1.105294e-04
	1.445558e-04	1.850839e-04	2.325922e-04	2.875269e-04	3.503092e-04
	4.213449e-04	5.010304e-04	5.897550e-04	6.878976e-04	7.958001e-04
	9.136904e-04	1.041572e-03	1.179144e-03	1.325823e-03	1.480642e-03
	1.641952e-03	1.807598e-03	1.975746e-03	2.145404e-03	2.316008e-03
	2.486734e-03	2.656528e-03	2.824767e-03	2.991511e-03	3.156603e-03
	3.318516e-03	3.473784e-03	3.618202e-03	3.748409e-03	3.862308e-03
	3.958421e-03	4.035275e-03	4.091235e-03	4.124512e-03	4.133168e-03
	4.115169e-03	4.068532e-03	3.991624e-03	3.883618e-03	3.744987e-03
	3.577898e-03	3.386372e-03	3.176048e-03	2.953567e-03	2.725750e-03
	2.498775e-03	2.277551e-03	2.065340e-03	1.863883e-03	1.673923e-03
	1.496072e-03	1.331351e-03	1.180677e-03	1.043999e-03	9.202807e-04
	8.082056e-04	7.067164e-04	6.150257e-04	5.323916e-04	4.580030e-04
	3.910958e-04	3.311651e-04	2.780498e-04	2.317350e-04	1.919852e-04
	1.581897e-04	1.295469e-04	1.053201e-04	8.492746e-05	6.789471e-05
	5.379614e-05	4.223211e-05	3.283072e-05	2.525659e-05	1.921460e-05
	1.444533e-05	1.071862e-05	7.833008e-06	5.619095e-06	3.939970e-06
	2.686423e-06	1.770007e-06	1.117934e-06	6.687512e-07	3.725000e-07
	1.895908e-07	8.644814e-08	3.460580e-08	1.199889e-08	3.628364e-09
	9.926152e-10	2.620025e-10	7.252550e-11	2.306778e-11	9.100985e-12
	4.552468e-12	2.758130e-12	1.887092e-12	1.380916e-12	1.045385e-12
	8.035652e-13	6.215044e-13	4.820865e-13	3.746596e-13	2.912899e-13
	2.258732e-13	1.739322e-13	1.323861e-13	9.921409e-14	7.302739e-14
	5.271058e-14	3.726376e-14	2.577243e-14	1.741617e-14	1.148329e-14
	7.376362e-15	4.609025e-15	2.796993e-15	1.645742e-15	9.368719e-16
	5.141222e-16	2.699352e-16	1.332320e-16	5.900702e-17	1.996953e-17
	1.000000e-60
massfraction-C2H
	1.000000e-60	6.979884e-29	3.049437e-29	5.803995e-29	2.489030e-28
	1.195919e-27	4.538313e-27	1.503191e-26	4.242872e-26	1.191159e-25
	3.308798e-25	9.023861e-25	2.460247e-24	6.722358e-24	1.846843e-23
	5.105617e-23	1.420241e-22	3.970327e-22	1.114007e-21	3.131888e-21
	8.808253e-21	2.474605e-20	6.935705e-20	1.937120e-19	5.385298e-19
	1.487792e-18	4.074171e-18	1.102060e-17	2.933994e-17	7.656552e-17
	1.947192e-16	4.797080e-16	1.142446e-15	2.638625e-15	5.942659e-15
	1.310796e-14	2.841759e-14	6.090019e-14	1.301637e-13	2.798938e-13
	6.070252e-13	1.319412e-12	2.841169e-12	6.003766e-12	1.239870e-11
	2.500558e-11	4.924337e-11	9.466131e-11	1.776002e-10	3.252742e-10
	5.818310e-10	1.016866e-09	1.736531e-09	2.896861e-09	4.718465e-09
	7.502047e-09	1.164317e-08	1.764292e-08	2.610424e-08	3.769997e-08
	5.311020e-08	7.295181e-08	9.774288e-08	1.279034e-07	1.637475e-07
	2.053607e-07	2.523783e-07	3.039713e-07	3.591612e-07	4.171003e-07
	4.770148e-07	5.379975e-07	5.989430e-07	6.586549e-07	7.159436e-07
	7.695485e-07	8.179363e-07	8.592286e-07	8.915119e-07	9.133828e-07
	9.241709e-07	9.236902e-07	9.119696e-07	8.892602e-07	8.561599e-07
	8.136541e-07	7.630537e-07	7.058960e-07	6.438719e-07	5.787778e-07
	5.124237e-07	4.464669e-07	3.822762e-07	3.209383e-07	2.633709e-07
	2.104073e-07	1.627885e-07	1.211256e-07	8.576412e-08	5.689076e-08
	3.467594e-08	1.897169e-08	9.052781e-09	3.654355e-09	1.222117e-09
	3.391254e-10	8.039385e-11	1.719181e-11	3.573820e-12	7.853143e-13
	1.937129e-13	5.351748e-14	1.568203e-14	4.612249e-15	1.326072e-15
	3.738265e-16	1.058751e-16	3.107385e-17	9.656612e-18	3.194791e-18
	1.118139e-18	4.096365e-19	1.557952e-19	6.140855e-20	2.520101e-20
	1.083954e-20	4.911075e-21	2.347314e-21	1.180499e-21	6.206542e-22
	3.377945e-22	1.879064e-22	1.051975e-22	5.818908e-23	3.110211e-23
	1.562320e-23	7.106692e-24	2.766606e-24	8.253415e-25	1.353098e-25
	1.000000e-60
massfraction-C2H2
	1.000000e-60	8.317459e-08	2.807404e-07	7.108558e-07	1.565642e-06
	3.130138e-06	5.789632e-06	1.001825e-05	1.635573e-05	2.537725e-05
	3.766351e-05	5.377573e-05	7.423830e-05	9.952871e-05	1.300740e-04
	1.662520e-04	2.083956e-04	2.567991e-04	3.117268e-04	3.734223e-04
	4.421188e-04	5.180457e-04	6.014306e-04	6.924961e-04	7.914375e-04
	8.983544e-04	1.013158e-03	1.135512e-03	1.264856e-03	1.400336e-03
	1.540547e-03	1.683699e-03	1.828335e-03	1.973752e-03	2.119645e-03
	2.265516e-03	2.410714e-03	2.555008e-03	2.698838e-03	2.842593e-03
	2.985658e-03	3.125898e-03	3.260606e-03	3.387840e-03	3.506844e-03
	3.617557e-03	3.720097e-03	3.814592e-03	3.901168e-03	3.979903e-03
	4.050757e-03	4.113499e-03	4.167653e-03	4.212507e-03	4.247198e-03
	4.270864e-03	4.282816e-03	4.282689e-03	4.270511e-03	4.246666e-03
	4.211782e-03	4.166582e-03	4.111697e-03	4.047526e-03	3.974218e-03
	3.891918e-03	3.801178e-03	3.702965e-03	3.598134e-03	3.487007e-03
	3.369535e-03	3.245703e-03	3.115677e-03	2.979621e-03	2.837462e-03
	2.688977e-03	2.534323e-03	2.374725e-03	2.212597e-03	2.050619e-03
	1.890588e-03	1.733251e-03	1.579050e-03	1.428741e-03	1.283404e-03
	1.144180e-03	1.012058e-03	8.878060e-04	7.720083e-04	6.651245e-04
	5.674531e-04	4.790200e-04	3.995500e-04	3.285906e-04	2.656871e-04
	2.104687e-04	1.626234e-04	1.218592e-04	8.778406e-05	6.002282e-05
	3.836896e-05	2.253253e-05	1.191024e-05	5.558617e-06	2.274483e-06
	8.296913e-07	2.821120e-07	9.578224e-08	3.531401e-08	1.529200e-08
	8.071477e-09	5.070094e-09	3.579113e-09	2.696155e-09	2.096717e-09
	1.653292e-09	1.310815e-09	1.041986e-09	8.297305e-10	6.609409e-10
	5.251940e-10	4.146607e-10	3.239130e-10	2.494543e-10	1.889650e-10
	1.405941e-10	1.026257e-10	7.341345e-11	5.140380e-11	3.518185e-11
	2.350157e-11	1.529836e-11	9.688163e-12	5.957554e-12	3.548373e-12
	2.038476e-12	1.120192e-12	5.779416e-13	2.668759e-13	9.378400e-14
	1.000000e-60
massfraction-CHCO
	1.000000e-60	3.390531e-07	9.751824e-07	2.081190e-06	3.861065e-06
	6.539913e-06	1.034379e-05	1.547414e-05	2.209248e-05	3.031386e-05
	4.020810e-05	5.180578e-05	6.510657e-05	8.008770e-05	9.671156e-05
	1.149320e-04	1.346991e-04	1.559630e-04	1.786773e-04	2.028010e-04
	2.283011e-04	2.551528e-04	2.833386e-04	3.128457e-04	3.436589e-04
	3.757411e-04	4.090112e-04	4.433354e-04	4.785411e-04	5.144030e-04
	5.505844e-04	5.866878e-04	6.224314e-04	6.577356e-04	6.926181e-04
	7.270499e-04	7.609673e-04	7.944054e-04	8.275533e-04	8.605831e-04
	8.934423e-04	9.257300e-04	9.569066e-04	9.865904e-04	1.014653e-03
	1.041116e-03	1.066034e-03	1.089465e-03	1.111476e-03	1.132139e-03
	1.151527e-03	1.169701e-03	1.186698e-03	1.202520e-03	1.217129e-03
	1.230439e-03	1.242310e-03	1.252555e-03	1.260946e-03	1.267237e-03
	1.271189e-03	1.272580e-03	1.271222e-03	1.266929e-03	1.259505e-03
	1.248761e-03	1.234593e-03	1.217039e-03	1.196200e-03	1.172120e-03
	1.144769e-03	1.114124e-03	1.080208e-03	1.043051e-03	1.002621e-03
	9.588395e-04	9.117322e-04	8.616698e-04	8.094477e-04	7.560159e-04
	7.020833e-04	6.480221e-04	5.940935e-04	5.406627e-04	4.882143e-04
	4.372628e-04	3.882777e-04	3.416523e-04	2.977159e-04	2.567523e-04
	2.189842e-04	1.845262e-04	1.533689e-04	1.254238e-04	1.005912e-04
	7.879476e-05	5.997041e-05	4.404913e-05	3.090706e-05	2.040886e-05
	1.245675e-05	6.881479e-06	3.356614e-06	1.411641e-06	5.062184e-07
	1.568858e-07	4.379588e-08	1.176038e-08	3.302427e-09	1.058328e-09
	4.120268e-10	1.971341e-10	1.118595e-10	7.108448e-11	4.793193e-11
	3.305156e-11	2.288635e-11	1.584065e-11	1.097507e-11	7.621974e-12
	5.300163e-12	3.679285e-12	2.541255e-12	1.743181e-12	1.187759e-12
	8.049740e-13	5.434313e-13	3.658481e-13	2.457355e-13	1.646606e-13
	1.099897e-13	7.314409e-14	4.832692e-14	3.162726e-14	2.040752e-14
	1.288820e-14	7.867847e-15	4.534251e-15	2.338637e-15	9.124276e-16
	1.000000e-60
massfraction-C3H3
	1.000000e-60	1.000000e-60	1.000000e-60	1.000000e-60	1.000000e-60
	1.000000e-60	1.000000e-60	1.000000e-60	1.000000e-60	1.000000e-60
	1.000000e-60	1.000000e-60	1.000000e-60	1.000000e-60	1.000000e-60
	1.000000e-60	1.000000e-60	1.000000e-60	1.000000e-60	1.000000e-60
	2.220606e-24	1.128283e-23	3.487126e-23	1.202764e-22	4.457649e-22
	1.665374e-21	6.212817e-21	2.297593e-20	8.361919e-20	2.967425e-19
	1.014972e-18	3.306189e-18	1.018522e-17	2.968287e-17	8.219602e-17
	2.173149e-16	5.517749e-16	1.359657e-15	3.306791e-15	8.111695e-15
	2.054358e-14	5.541871e-14	1.650490e-13	5.488231e-13	1.957393e-12
	7.007184e-12	2.387298e-11	7.516639e-11	2.161578e-10	5.665812e-10
	1.357372e-09	2.986886e-09	6.073482e-09	1.149441e-08	2.043121e-08
	3.450127e-08	5.608545e-08	8.888144e-08	1.384737e-07	2.124938e-07
	3.200424e-07	4.705017e-07	6.723597e-07	9.324494e-07	1.255367e-06
	1.641955e-06	2.086844e-06	2.578188e-06	3.101130e-06	3.641114e-06
	4.183727e-06	4.713012e-06	5.211345e-06	5.660919e-06	6.044872e-06
	6.346849e-06	6.550366e-06	6.640592e-06	6.609180e-06	6.457976e-06
	6.197192e-06	5.840825e-06	5.404742e-06	4.907383e-06	4.369782e-06
	3.813990e-06	3.261032e-06	2.729324e-06	2.233914e-06	1.786183e-06
	1.393476e-06	1.058790e-06	7.812208e-07	5.572111e-07	3.818053e-07
	2.493202e-07	1.535497e-07	8.796458e-08	4.590735e-08	2.117406e-08
	8.318802e-09	2.668440e-09	6.676673e-10	1.258995e-10	1.786721e-11
	1.956526e-12	1.645074e-13	9.917781e-15	3.990918e-16	1.172912e-17
	4.173409e-19	2.661464e-20	2.259445e-21	2.061545e-22	1.880545e-23
	1.662596e-24	1.426875e-25	1.224047e-26	1.092005e-27	1.049360e-28
	1.119555e-29	1.361672e-30	1.908083e-31	3.036675e-32	5.314081e-33
	9.977517e-34	1.987945e-34	4.135995e-35	7.859160e-36	1.693071e-36
	3.087673e-37	5.099244e-38	2.099063e-38	3.534492e-39	1.000000e-60
	1.631857e-39	1.000000e-60	1.000000e-60	1.000000e-60	1.731816e-42
	1.000000e-60
massfraction-C2H3
	1.000000e-60	5.649529e-19	1.510339e-18	2.846743e-18	4.722313e-18
	7.426247e-18	1.151305e-17	1.807150e-17	2.928349e-17	4.963425e-17
	8.863888e-17	1.671571e-16	3.323638e-16	6.939522e-16	1.513149e-15
	3.424447e-15	7.993144e-15	1.912580e-14	4.664878e-14	1.153895e-13
	2.881628e-13	7.236123e-13	1.820223e-12	4.568413e-12	1.138393e-11
	2.797226e-11	6.714613e-11	1.557273e-10	3.451691e-10	7.243161e-10
	1.427610e-09	2.629708e-09	4.527761e-09	7.321208e-09	1.118636e-08
	1.623832e-08	2.250431e-08	2.993855e-08	3.844442e-08	4.782412e-08
	5.765764e-08	6.730203e-08	7.624055e-08	8.462461e-08	9.348834e-08
	1.045062e-07	1.196672e-07	1.412052e-07	1.718240e-07	2.150884e-07
	2.758785e-07	3.608569e-07	4.789254e-07	6.416527e-07	8.636522e-07
	1.162850e-06	1.560255e-06	2.078647e-06	2.739534e-06	3.558582e-06
	4.541206e-06	5.680643e-06	6.959904e-06	8.355350e-06	9.838695e-06
	1.137422e-05	1.291528e-05	1.441038e-05	1.581609e-05	1.710204e-05
	1.824551e-05	1.922541e-05	2.002207e-05	2.061950e-05	2.100575e-05
	2.117087e-05	2.110640e-05	2.080987e-05	2.029203e-05	1.957782e-05
	1.869796e-05	1.768076e-05	1.655194e-05	1.533839e-05	1.406919e-05
	1.277365e-05	1.147901e-05	1.020896e-05	8.983652e-06	7.820044e-06
	6.731570e-06	5.726895e-06	4.809599e-06	3.979714e-06	3.235990e-06
	2.577184e-06	2.002007e-06	1.508814e-06	1.094266e-06	7.548213e-07
	4.886495e-07	2.926539e-07	1.597665e-07	7.875881e-08	3.533292e-08
	1.491819e-08	6.239142e-09	2.692883e-09	1.203311e-09	5.424215e-10
	2.442098e-10	1.106912e-10	4.968732e-11	2.138523e-11	8.651188e-12
	3.281996e-12	1.185448e-12	4.223170e-13	1.562859e-13	6.316359e-14
	2.848991e-14	1.409824e-14	7.373184e-15	3.940559e-15	2.107209e-15
	1.114468e-15	5.789434e-16	2.938971e-16	1.451218e-16	6.938487e-17
	3.197400e-17	1.413567e-17	5.966988e-18	2.392432e-18	9.051411e-19
	3.199351e-19	1.037537e-19	2.970198e-20	6.819773e-21	9.146049e-22
	1.000000e-60
massfraction-C2H4
	1.000000e-60	5.188016e-08	1.779834e-07	4.586457e-07	1.028160e-06
	2.090981e-06	3.930414e-06	6.903712e-06	1.142725e-05	1.795479e-05
	2.695427e-05	3.888699e-05	5.419176e-05	7.327468e-05	9.650391e-05
	1.242087e-04	1.566810e-04	1.941799e-04	2.369370e-04	2.851642e-04
	3.390608e-04	3.988198e-04	4.646289e-04	5.366688e-04	6.150951e-04
	6.999842e-04	7.912592e-04	8.886426e-04	9.916758e-04	1.099661e-03
	1.211460e-03	1.325626e-03	1.440980e-03	1.556943e-03	1.673257e-03
	1.789512e-03	1.905176e-03	2.020053e-03	2.134480e-03	2.248752e-03
	2.362363e-03	2.473602e-03	2.580309e-03	2.680931e-03	2.774852e-03
	2.861986e-03	2.942357e-03	3.015949e-03	3.082676e-03	3.142320e-03
	3.194448e-03	3.238326e-03	3.272859e-03	3.296596e-03	3.307842e-03
	3.304875e-03	3.286235e-03	3.251032e-03	3.199155e-03	3.131302e-03
	3.048854e-03	2.953598e-03	2.847354e-03	2.731700e-03	2.607942e-03
	2.477500e-03	2.342403e-03	2.205072e-03	2.067436e-03	1.930499e-03
	1.794730e-03	1.660629e-03	1.528847e-03	1.399962e-03	1.274280e-03
	1.151983e-03	1.033562e-03	9.201796e-04	8.134812e-04	7.148028e-04
	6.245598e-04	5.424222e-04	4.678958e-04	4.006464e-04	3.404524e-04
	2.870635e-04	2.401339e-04	1.992296e-04	1.638725e-04	1.335776e-04
	1.078542e-04	8.619117e-05	6.806749e-05	5.299252e-05	4.054133e-05
	3.035997e-05	2.214798e-05	1.564261e-05	1.059590e-05	6.790948e-06
	4.054459e-06	2.216427e-06	1.088227e-06	4.721967e-07	1.808888e-07
	6.276228e-08	2.082247e-08	7.106334e-09	2.682638e-09	1.178920e-09
	6.138144e-10	3.723392e-10	2.532188e-10	1.853336e-10	1.413713e-10
	1.100564e-10	8.646122e-11	6.822319e-11	5.396892e-11	4.271932e-11
	3.373027e-11	2.645570e-11	2.052081e-11	1.568399e-11	1.178355e-11
	8.689746e-12	6.282847e-12	4.448917e-12	3.081607e-12	2.085150e-12
	1.376245e-12	8.846742e-13	5.529697e-13	3.354794e-13	1.970757e-13
	1.116498e-13	6.051175e-14	3.080386e-14	1.404579e-14	4.879923e-15
	1.000000e-60
massfraction-C2H5
	1.000000e-60	1.242560e-12	4.391551e-12	1.168679e-11	2.706316e-11
	5.679817e-11	1.099944e-10	1.986615e-10	3.374347e-10	5.429841e-10
	8.332772e-10	1.226838e-09	1.742123e-09	2.397072e-09	3.208843e-09
	4.193743e-09	5.367316e-09	6.744613e-09	8.340655e-09	1.017115e-08
	1.225346e-08	1.460795e-08	1.725972e-08	2.024099e-08	2.359416e-08
	2.737477e-08	3.165524e-08	3.653123e-08	4.213258e-08	4.863025e-08
	5.622881e-08	6.516498e-08	7.573845e-08	8.835545e-08	1.035401e-07
	1.219050e-07	1.441403e-07	1.710670e-07	2.036591e-07	2.427797e-07
	2.884244e-07	3.389861e-07	3.916487e-07	4.445111e-07	4.989249e-07
	5.600930e-07	6.358298e-07	7.350056e-07	8.670851e-07	1.042803e-06
	1.275223e-06	1.580546e-06	1.978440e-06	2.491790e-06	3.145750e-06
	3.965948e-06	4.975015e-06	6.186927e-06	7.599438e-06	9.187430e-06
	1.090159e-05	1.267478e-05	1.443384e-05	1.610963e-05	1.764107e-05
	1.897326e-05	2.005815e-05	2.086365e-05	2.138016e-05	2.161484e-05
	2.158172e-05	2.129775e-05	2.078325e-05	2.006128e-05	1.915506e-05
	1.808694e-05	1.688214e-05	1.557517e-05	1.421123e-05	1.283648e-05
	1.148565e-05	1.017976e-05	8.932932e-06	7.758181e-06	6.667542e-06
	5.670081e-06	4.770750e-06	3.970561e-06	3.267589e-06	2.657926e-06
	2.135989e-06	1.694461e-06	1.324767e-06	1.018139e-06	7.665623e-07
	5.630489e-07	4.013842e-07	2.758876e-07	1.810379e-07	1.118467e-07
	6.407717e-08	3.352501e-08	1.578811e-08	6.645868e-09	2.530335e-09
	9.036869e-10	3.193483e-10	1.177808e-10	4.696056e-11	2.046775e-11
	9.734815e-12	5.012351e-12	2.727399e-12	1.493901e-12	7.862523e-13
	3.932277e-13	1.908226e-13	9.294473e-14	4.680048e-14	2.472663e-14
	1.370807e-14	7.901190e-15	4.677219e-15	2.812092e-15	1.702373e-15
	1.030517e-15	6.200799e-16	3.689314e-16	2.160160e-16	1.239438e-16
	6.943085e-17	3.785465e-17	2.003836e-17	1.028021e-17	5.104675e-18
	2.449714e-18	1.132137e-18	4.982011e-19	2.010465e-19	6.403003e-20
	1.000000e-60
massfraction-C3H4
	1.000000e-60	3.907721e-11	1.488131e-10	4.294396e-10	1.079150e-09
	2.451534e-09	5.117632e-09	9.914666e-09	1.797221e-08	3.070928e-08
	4.980568e-08	7.715513e-08	1.148107e-07	1.649310e-07	2.297326e-07
	3.114527e-07	4.123221e-07	5.345496e-07	6.803170e-07	8.517874e-07
	1.051120e-06	1.280483e-06	1.542058e-06	1.838023e-06	2.170470e-06
	2.541146e-06	2.951060e-06	3.400166e-06	3.887335e-06	4.409968e-06
	4.962887e-06	5.538794e-06	6.131171e-06	6.736251e-06	7.351762e-06
	7.974529e-06	8.600592e-06	9.227706e-06	9.856496e-06	1.048739e-05
	1.111629e-05	1.173238e-05	1.232245e-05	1.287700e-05	1.339216e-05
	1.386753e-05	1.430382e-05	1.470210e-05	1.506366e-05	1.538972e-05
	1.568123e-05	1.593861e-05	1.616190e-05	1.635128e-05	1.650771e-05
	1.663331e-05	1.673118e-05	1.680461e-05	1.685631e-05	1.688790e-05
	1.689997e-05	1.689242e-05	1.686471e-05	1.681593e-05	1.674483e-05
	1.664995e-05	1.653036e-05	1.638589e-05	1.621654e-05	1.602157e-05
	1.579946e-05	1.554845e-05	1.526694e-05	1.495317e-05	1.460460e-05
	1.421798e-05	1.379069e-05	1.332307e-05	1.281973e-05	1.228762e-05
	1.173221e-05	1.115620e-05	1.056143e-05	9.951118e-06	9.330234e-06
	8.704631e-06	8.080136e-06	7.462080e-06	6.855333e-06	6.264500e-06
	5.693684e-06	5.145706e-06	4.621611e-06	4.121084e-06	3.643440e-06
	3.188318e-06	2.755731e-06	2.345988e-06	1.958565e-06	1.593219e-06
	1.253160e-06	9.444620e-07	6.743165e-07	4.503844e-07	2.787333e-07
	1.596012e-07	8.532297e-08	4.341020e-08	2.160679e-08	1.087267e-08
	5.703490e-09	3.180537e-09	1.895081e-09	1.197531e-09	7.908710e-10
	5.378399e-10	3.728140e-10	2.620320e-10	1.862038e-10	1.333228e-10
	9.570466e-11	6.845645e-11	4.849280e-11	3.385480e-11	2.322418e-11
	1.562607e-11	1.029793e-11	6.638395e-12	4.179668e-12	2.566063e-12
	1.533492e-12	8.904917e-13	5.016422e-13	2.736984e-13	1.443617e-13
	7.338822e-14	3.572736e-14	1.639148e-14	6.779471e-15	2.158269e-15
	1.000000e-60
massfraction-C3H5
	1.000000e-60	2.239677e-12	8.657548e-12	2.539322e-11	6.486680e-11
	1.497216e-10	3.172953e-10	6.234485e-10	1.145024e-09	1.980359e-09
	3.247924e-09	5.083511e-09	7.636660e-09	1.106690e-08	1.554031e-08
	2.122663e-08	2.829704e-08	3.692285e-08	4.727477e-08	5.952331e-08
	7.383966e-08	9.039651e-08	1.093681e-07	1.309293e-07	1.552488e-07
	1.824703e-07	2.126830e-07	2.458965e-07	2.820382e-07	3.209229e-07
	3.621688e-07	4.052299e-07	4.496122e-07	4.950229e-07	5.412775e-07
	5.881189e-07	6.352243e-07	6.823913e-07	7.296195e-07	7.768717e-07
	8.237384e-07	8.692646e-07	9.122731e-07	9.518177e-07	9.873108e-07
	1.018346e-06	1.044535e-06	1.065519e-06	1.081088e-06	1.091411e-06
	1.097344e-06	1.100781e-06	1.104901e-06	1.114135e-06	1.133698e-06
	1.168727e-06	1.223238e-06	1.299254e-06	1.396380e-06	1.511920e-06
	1.641475e-06	1.779793e-06	1.921653e-06	2.062386e-06	2.197917e-06
	2.324338e-06	2.437666e-06	2.534483e-06	2.612719e-06	2.671551e-06
	2.710706e-06	2.730055e-06	2.729660e-06	2.709854e-06	2.671117e-06
	2.613957e-06	2.539110e-06	2.448121e-06	2.343758e-06	2.229505e-06
	2.108481e-06	1.982921e-06	1.854556e-06	1.725124e-06	1.596440e-06
	1.470192e-06	1.347768e-06	1.230197e-06	1.118213e-06	1.012337e-06
	9.128807e-07	8.198611e-07	7.329725e-07	6.517008e-07	5.755059e-07
	5.039334e-07	4.366156e-07	3.732560e-07	3.134560e-07	2.568867e-07
	2.037849e-07	1.549091e-07	1.113431e-07	7.447458e-08	4.568502e-08
	2.550874e-08	1.300889e-08	6.153419e-09	2.776230e-09	1.245930e-09
	5.865514e-10	3.042728e-10	1.778219e-10	1.154315e-10	8.042928e-11
	5.823297e-11	4.290169e-11	3.183376e-11	2.369080e-11	1.763221e-11
	1.307436e-11	9.610748e-12	6.966239e-12	4.957201e-12	3.453466e-12
	2.351335e-12	1.562663e-12	1.012496e-12	6.387514e-13	3.917914e-13
	2.332963e-13	1.346629e-13	7.524500e-14	4.064664e-14	2.119436e-14
	1.063949e-14	5.111209e-15	2.313674e-15	9.446015e-16	2.972019e-16
	1.000000e-60
massfraction-C3H6
	1.000000e-60	5.042570e-11	1.987054e-10	5.951408e-10	1.552721e-09
	3.657996e-09	7.904127e-09	1.581568e-08	2.954220e-08	5.189995e-08
	8.635825e-08	1.369784e-07	2.083224e-07	3.053483e-07	4.333076e-07
	5.976547e-07	8.039726e-07	1.057922e-06	1.365211e-06	1.731599e-06
	2.162909e-06	2.665055e-06	3.244027e-06	3.905853e-06	4.656383e-06
	5.500661e-06	6.441941e-06	7.480818e-06	8.614986e-06	9.838131e-06
	1.113710e-05	1.249281e-05	1.388707e-05	1.530732e-05	1.674370e-05
	1.818340e-05	1.961100e-05	2.101432e-05	2.238643e-05	2.371816e-05
	2.498969e-05	2.616836e-05	2.722171e-05	2.813129e-05	2.889463e-05
	2.951832e-05	3.001200e-05	3.038613e-05	3.065177e-05	3.082184e-05
	3.091440e-05	3.095792e-05	3.099709e-05	3.109514e-05	3.132829e-05
	3.177001e-05	3.246907e-05	3.343024e-05	3.460699e-05	3.590946e-05
	3.722366e-05	3.843383e-05	3.943987e-05	4.016444e-05	4.055156e-05
	4.056337e-05	4.018349e-05	3.942252e-05	3.831205e-05	3.689010e-05
	3.519387e-05	3.326223e-05	3.113788e-05	2.886396e-05	2.647903e-05
	2.401817e-05	2.152170e-05	1.904441e-05	1.665239e-05	1.440359e-05
	1.233077e-05	1.044390e-05	8.743887e-06	7.230997e-06	5.904287e-06
	4.758866e-06	3.785037e-06	2.969271e-06	2.295919e-06	1.748577e-06
	1.310650e-06	9.655820e-07	6.975287e-07	4.922735e-07	3.377518e-07
	2.239335e-07	1.423966e-07	8.600258e-08	4.861678e-08	2.519017e-08
	1.167970e-08	4.721233e-09	1.618807e-09	4.618951e-10	1.105649e-10
	2.338757e-11	4.831898e-12	1.118210e-12	3.312808e-13	1.350039e-13
	7.618553e-14	5.673610e-14	4.917472e-14	4.359068e-14	3.728887e-14
	3.049254e-14	2.404008e-14	1.850121e-14	1.404075e-14	1.056171e-14
	7.876221e-15	5.804526e-15	4.208013e-15	2.988388e-15	2.073219e-15
	1.402715e-15	9.244658e-16	5.928650e-16	3.695553e-16	2.236293e-16
	1.312019e-16	7.453401e-17	4.094963e-17	2.173340e-17	1.112755e-17
	5.483088e-18	2.585512e-18	1.149316e-18	4.612815e-19	1.429396e-19
	1.000000e-60
massfraction-N-C3H7
	1.000000e-60	1.631225e-15	6.438373e-15	1.931761e-14	5.048952e-14
	1.191521e-13	2.578843e-13	5.168052e-13	9.667265e-13	1.700608e-12
	2.833183e-12	4.499004e-12	6.849468e-12	1.004939e-11	1.427360e-11
	1.970394e-11	2.652680e-11	3.493137e-11	4.510864e-11	5.725131e-11
	7.155423e-11	8.821454e-11	1.074302e-10	1.293958e-10	1.542878e-10
	1.822254e-10	2.131939e-10	2.469123e-10	2.825955e-10	3.184499e-10
	3.507832e-10	3.730917e-10	3.760691e-10	3.502808e-10	2.937250e-10
	2.207092e-10	1.553356e-10	1.092613e-10	7.892246e-11	5.857615e-11
	4.472911e-11	3.532833e-11	2.901514e-11	2.483009e-11	2.211631e-11
	2.045959e-11	1.961625e-11	1.945343e-11	1.991422e-11	2.100251e-11
	2.278082e-11	2.537885e-11	2.901392e-11	3.402590e-11	4.092734e-11
	5.046180e-11	6.364562e-11	8.175378e-11	1.062053e-10	1.383350e-10
	1.791082e-10	2.288932e-10	2.874081e-10	3.537941e-10	4.266728e-10
	5.039978e-10	5.828812e-10	6.599624e-10	7.321981e-10	7.972495e-10
	8.532607e-10	8.985930e-10	9.318532e-10	9.520369e-10	9.585347e-10
	9.510257e-10	9.295165e-10	8.946763e-10	8.481926e-10	7.925843e-10
	7.304885e-10	6.641634e-10	5.955611e-10	5.265591e-10	4.589662e-10
	3.943736e-10	3.340310e-10	2.788107e-10	2.292482e-10	1.856008e-10
	1.478737e-10	1.158266e-10	8.902530e-11	6.694142e-11	4.904218e-11
	3.482613e-11	2.381661e-11	1.555340e-11	9.576891e-12	5.460361e-12
	2.823952e-12	1.295906e-12	5.162694e-13	1.764539e-13	5.261922e-14
	1.456785e-14	4.192620e-15	1.464428e-15	7.259701e-16	5.615274e-16
	6.905487e-16	1.291656e-15	3.170835e-15	6.100257e-15	6.736808e-15
	5.706293e-15	4.399457e-15	3.288819e-15	2.435616e-15	1.796792e-15
	1.318740e-15	9.587814e-16	6.869144e-16	4.828154e-16	3.319859e-16
	2.229302e-16	1.460073e-16	9.315776e-17	5.782713e-17	3.487253e-17
	2.039947e-17	1.155847e-17	6.334966e-18	3.354366e-18	1.713509e-18
	8.424080e-19	3.963379e-19	1.757960e-19	7.041160e-20	2.177896e-20
	1.000000e-60
massfraction-I-C3H7
	1.000000e-60	1.000012e-60	1.000057e-60	1.000134e-60	1.000249e-60
	1.000395e-60	1.000531e-60	1.000576e-60	1.000386e-60	9.997580e-61
	9.984221e-61	9.960537e-61	9.922827e-61	9.867074e-61	9.789093e-61
	9.684662e-61	9.549662e-61	9.380187e-61	9.172658e-61	8.923917e-61
	8.631326e-61	8.292882e-61	7.907362e-61	7.474518e-61	6.995384e-61
	6.472810e-61	5.912087e-61	5.321246e-61	4.710700e-61	4.093047e-61
	3.483223e-61	2.896370e-61	2.343809e-61	1.831731e-61	1.364091e-61
	9.467970e-62	5.904429e-62	3.108734e-62	1.245087e-62	3.252306e-63
	4.667728e-64	3.353977e-65	1.501247e-66	2.658498e-67	1.772583e-67
	1.333661e-67	1.045257e-67	8.495920e-68	7.138059e-68	6.179098e-68
	5.493940e-68	5.002416e-68	4.652077e-68	4.408086e-68	4.247156e-68
	4.153492e-68	4.115381e-68	4.121721e-68	4.159238e-68	4.211714e-68
	4.261644e-68	4.293166e-68	4.294386e-68	4.258067e-68	4.181063e-68
	4.063704e-68	3.909768e-68	3.725882e-68	3.519496e-68	3.297022e-68
	3.063645e-68	2.824037e-68	2.582617e-68	2.343164e-68	2.108455e-68
	1.880581e-68	1.661793e-68	1.455168e-68	1.264170e-68	1.091202e-68
	9.366582e-69	7.994448e-69	6.781215e-69	5.714858e-69	4.785048e-69
	3.981156e-69	3.291562e-69	2.704085e-69	2.206804e-69	1.788631e-69
	1.439309e-69	1.149182e-69	9.092753e-70	7.117356e-70	5.502096e-70
	4.198958e-70	3.174696e-70	2.413836e-70	1.930201e-70	1.810700e-70
	2.342731e-70	4.440687e-70	1.135121e-69	3.647190e-69	1.448665e-68
	7.082475e-68	4.199534e-67	2.948672e-66	2.408519e-65	2.285972e-64
	1.985535e-63	8.193322e-63	1.451783e-62	1.775937e-62	1.933582e-62
	2.080601e-62	2.334008e-62	2.782128e-62	3.484340e-62	4.475077e-62
	5.775393e-62	7.403238e-62	9.374762e-62	1.169543e-61	1.435161e-61
	1.731375e-61	2.054651e-61	2.401889e-61	2.771213e-61	3.162381e-61
	3.576866e-61	4.017734e-61	4.489348e-61	4.997013e-61	5.546544e-61
	6.143869e-61	6.794648e-61	7.504011e-61	8.275780e-61	9.109021e-61
	1.000000e-60
massfraction-C3H8
	1.000000e-60	1.000018e-60	1.000077e-60	1.000189e-60	1.000383e-60
	1.000690e-60	1.001134e-60	1.001724e-60	1.002446e-60	1.003252e-60
	1.004064e-60	1.004769e-60	1.005225e-60	1.005267e-60	1.004709e-60
	1.003351e-60	1.000984e-60	9.973940e-61	9.923629e-61	9.856716e-61
	9.771006e-61	9.664303e-61	9.534415e-61	9.379176e-61	9.196503e-61
	8.984573e-61	8.742103e-61	8.468624e-61	8.164572e-61	7.831595e-61
	7.473330e-61	7.095157e-61	6.702248e-61	6.298123e-61	5.885379e-61
	5.467265e-61	5.047594e-61	4.629032e-61	4.212423e-61	3.798587e-61
	3.391531e-61	2.999297e-61	2.630902e-61	2.292312e-61	1.985430e-61
	1.709724e-61	1.463805e-61	1.245935e-61	1.054121e-61	8.862447e-62
	7.401874e-62	6.139539e-62	5.057185e-62	4.137981e-62	3.365893e-62
	2.725010e-62	2.199337e-62	1.772830e-62	1.429810e-62	1.155570e-62
	9.369161e-63	7.624640e-63	6.226869e-63	5.099020e-63	4.181716e-63
	3.431705e-63	2.818490e-63	2.318399e-63	1.910301e-63	1.575382e-63
	1.298535e-63	1.068580e-63	8.771862e-64	7.176957e-64	5.845373e-64
	4.731959e-64	3.803034e-64	3.034828e-64	2.408453e-64	1.904419e-64
	1.501449e-64	1.179370e-64	9.217856e-65	7.162673e-65	5.531462e-65
	4.244971e-65	3.236685e-65	2.451051e-65	1.842504e-65	1.374203e-65
	1.016359e-65	7.447047e-66	5.396344e-66	3.857444e-66	2.712918e-66
	1.874370e-66	1.275091e-66	8.655427e-67	6.115549e-67	4.998208e-67
	5.531610e-67	8.761316e-67	1.815109e-66	4.541015e-66	1.333615e-65
	4.514522e-65	1.704061e-64	6.808647e-64	2.688041e-63	9.656904e-63
	2.911418e-62	7.021051e-62	1.361724e-61	2.214989e-61	3.169284e-61
	4.139649e-61	5.060895e-61	5.890076e-61	6.608585e-61	7.218462e-61
	7.732818e-61	8.167079e-61	8.534107e-61	8.842758e-61	9.099151e-61
	9.308676e-61	9.476949e-61	9.609815e-61	9.713061e-61	9.792098e-61
	9.851740e-61	9.896118e-61	9.928668e-61	9.952182e-61	9.968884e-61
	9.980520e-61	9.988438e-61	9.993668e-61	9.996983e-61	9.998951e-61
	1.000000e-60
V [kg/(s*m^2)]
	3.807390e-01	3.590431e-01	3.378926e-01	3.178632e-01	2.992999e-01
	2.822512e-01	2.666417e-01	2.523609e-01	2.392783e-01	2.272565e-01
	2.161610e-01	2.058658e-01	1.962566e-01	1.872311e-01	1.786993e-01
	1.705815e-01	1.628077e-01	1.553157e-01	1.480495e-01	1.409581e-01
	1.339940e-01	1.271124e-01	1.202708e-01	1.134278e-01	1.065447e-01
	9.958750e-02	9.253071e-02	8.535790e-02	7.805848e-02	7.063137e-02
	6.309879e-02	5.549880e-02	4.785077e-02	4.013662e-02	3.232078e-02
	2.438084e-02	1.630599e-02	8.064862e-03	-4.117012e-04	-9.198220e-03
	-1.830586e-02	-2.764048e-02	-3.704228e-02	-4.637022e-02	-5.554371e-02
	-6.452267e-02	-7.327686e-02	-8.177686e-02	-8.999615e-02	-9.791151e-02
	-1.055013e-01	-1.127420e-01	-1.196053e-01	-1.260587e-01	-1.320688e-01
	-1.376076e-01	-1.426578e-01	-1.472175e-01	-1.513025e-01	-1.549444e-01
	-1.581860e-01	-1.610774e-01	-1.636717e-01	-1.660211e-01	-1.681718e-01
	-1.701581e-01	-1.719994e-01	-1.737075e-01	-1.752976e-01	-1.767906e-01
	-1.782071e-01	-1.795632e-01	-1.808703e-01	-1.821381e-01	-1.833776e-01
	-1.845998e-01	-1.858122e-01	-1.870146e-01	-1.881996e-01	-1.893598e-01
	-1.904943e-01	-1.916091e-01	-1.927122e-01	-1.938085e-01	-1.949007e-01
	-1.959902e-01	-1.970787e-01	-1.981686e-01	-1.992629e-01	-2.003644e-01
	-2.014761e-01	-2.026027e-01	-2.037521e-01	-2.049358e-01	-2.061684e-01
	-2.074663e-01	-2.088496e-01	-2.103438e-01	-2.119877e-01	-2.138382e-01
	-2.159629e-01	-2.184435e-01	-2.213872e-01	-2.249250e-01	-2.291863e-01
	-2.342691e-01	-2.402278e-01	-2.470777e-01	-2.547890e-01	-2.632466e-01
	-2.722136e-01	-2.813766e-01	-2.904632e-01	-2.993422e-01	-3.080315e-01
	-3.166086e-01	-3.251153e-01	-3.335357e-01	-3.418455e-01	-3.500704e-01
	-3.583003e-01	-3.666679e-01	-3.753141e-01	-3.843492e-01	-3.938364e-01
	-4.038079e-01	-4.142836e-01	-4.252813e-01	-4.368215e-01	-4.489273e-01
	-4.616213e-01	-4.749215e-01	-4.888372e-01	-5.033651e-01	-5.184868e-01
	-5.341677e-01	-5.503587e-01	-5.669986e-01	-5.840062e-01	-6.012188e-01
	-6.184589e-01
density [kg/m^3]
	6.431859e-01	6.430028e-01	6.426754e-01	6.421106e-01	6.411855e-01
	6.397486e-01	6.376320e-01	6.346712e-01	6.307235e-01	6.256827e-01
	6.194875e-01	6.121225e-01	6.036156e-01	5.940300e-01	5.834561e-01
	5.720022e-01	5.597863e-01	5.469292e-01	5.335481e-01	5.197530e-01
	5.056433e-01	4.913066e-01	4.768197e-01	4.622490e-01	4.476552e-01
	4.331008e-01	4.186582e-01	4.044094e-01	3.904364e-01	3.768253e-01
	3.636840e-01	3.511198e-01	3.391811e-01	3.278414e-01	3.170452e-01
	3.067551e-01	2.969455e-01	2.875639e-01	2.785188e-01	2.697308e-01
	2.611842e-01	2.529554e-01	2.451637e-01	2.378910e-01	2.311542e-01
	2.249344e-01	2.192064e-01	2.139464e-01	2.091306e-01	2.047352e-01
	2.007380e-01	1.971195e-01	1.938639e-01	1.909581e-01	1.883896e-01
	1.861433e-01	1.842007e-01	1.825380e-01	1.811269e-01	1.799364e-01
	1.789350e-01	1.780926e-01	1.773815e-01	1.767780e-01	1.762629e-01
	1.758225e-01	1.754480e-01	1.751331e-01	1.748713e-01	1.746562e-01
	1.744828e-01	1.743478e-01	1.742496e-01	1.741875e-01	1.741616e-01
	1.741733e-01	1.742251e-01	1.743198e-01	1.744594e-01	1.746445e-01
	1.748757e-01	1.751550e-01	1.754856e-01	1.758711e-01	1.763145e-01
	1.768188e-01	1.773866e-01	1.780213e-01	1.787263e-01	1.795052e-01
	1.803616e-01	1.813008e-01	1.823312e-01	1.834663e-01	1.847241e-01
	1.861279e-01	1.877076e-01	1.895031e-01	1.915764e-01	1.940216e-01
	1.969605e-01	2.005537e-01	2.050295e-01	2.107039e-01	2.179782e-01
	2.273323e-01	2.393512e-01	2.547790e-01	2.745299e-01	2.995212e-01
	3.302861e-01	3.666398e-01	4.077686e-01	4.526895e-01	5.006499e-01
	5.510443e-01	6.030016e-01	6.552716e-01	7.065989e-01	7.561704e-01
	8.036879e-01	8.491424e-01	8.925061e-01	9.334968e-01	9.715784e-01
	1.006164e+00	1.036793e+00	1.063219e+00	1.085424e+00	1.103596e+00
	1.118074e+00	1.129300e+00	1.137767e+00	1.143978e+00	1.148406e+00
	1.151477e+00	1.153550e+00	1.154915e+00	1.155791e+00	1.156341e+00
	1.156679e+00
cp [J/m^3K]
	2.197908e+03	2.198266e+03	2.198868e+03	2.199854e+03	2.201409e+03
	2.203758e+03	2.207151e+03	2.211833e+03	2.218017e+03	2.225861e+03
	2.235459e+03	2.246833e+03	2.259941e+03	2.274680e+03	2.290900e+03
	2.308413e+03	2.327005e+03	2.346447e+03	2.366498e+03	2.386918e+03
	2.407470e+03	2.427923e+03	2.448054e+03	2.467643e+03	2.486475e+03
	2.504324e+03	2.520949e+03	2.536099e+03	2.549521e+03	2.560956e+03
	2.570125e+03	2.576756e+03	2.580602e+03	2.581391e+03	2.578742e+03
	2.572130e+03	2.560890e+03	2.544160e+03	2.520749e+03	2.488994e+03
	2.447078e+03	2.396781e+03	2.343458e+03	2.288511e+03	2.233006e+03
	2.177729e+03	2.123337e+03	2.070396e+03	2.019374e+03	1.970633e+03
	1.924451e+03	1.881050e+03	1.840618e+03	1.803317e+03	1.769263e+03
	1.738510e+03	1.711029e+03	1.686697e+03	1.665303e+03	1.646568e+03
	1.630175e+03	1.615793e+03	1.603097e+03	1.591782e+03	1.581589e+03
	1.572329e+03	1.563887e+03	1.556187e+03	1.549141e+03	1.542639e+03
	1.536576e+03	1.530873e+03	1.525473e+03	1.520327e+03	1.515386e+03
	1.510599e+03	1.505936e+03	1.501393e+03	1.496992e+03	1.492756e+03
	1.488680e+03	1.484733e+03	1.480882e+03	1.477103e+03	1.473383e+03
	1.469712e+03	1.466077e+03	1.462467e+03	1.458868e+03	1.455264e+03
	1.451643e+03	1.447984e+03	1.444259e+03	1.440426e+03	1.436436e+03
	1.432230e+03	1.427739e+03	1.422876e+03	1.417509e+03	1.411443e+03
	1.404447e+03	1.396240e+03	1.386449e+03	1.374623e+03	1.360315e+03
	1.343192e+03	1.323087e+03	1.300002e+03	1.274161e+03	1.246195e+03
	1.217283e+03	1.187043e+03	1.155693e+03	1.127616e+03	1.104291e+03
	1.085563e+03	1.070771e+03	1.059183e+03	1.050098e+03	1.042890e+03
	1.037056e+03	1.032228e+03	1.028160e+03	1.024701e+03	1.021761e+03
	1.019281e+03	1.017211e+03	1.015505e+03	1.014118e+03	1.013007e+03
	1.012131e+03	1.011452e+03	1.010935e+03	1.010547e+03	1.010262e+03
	1.010054e+03	1.009906e+03	1.009800e+03	1.009725e+03	1.009671e+03
	1.009633e+03
lambda [W/m]
	3.231541e-02	3.233236e-02	3.236078e-02	3.240736e-02	3.248091e-02
	3.259248e-02	3.275472e-02	3.298074e-02	3.328311e-02	3.367304e-02
	3.416000e-02	3.475159e-02	3.545369e-02	3.627074e-02	3.720609e-02
	3.826238e-02	3.944187e-02	4.074678e-02	4.217959e-02	4.374339e-02
	4.544216e-02	4.728098e-02	4.926623e-02	5.140558e-02	5.370769e-02
	5.618083e-02	5.883092e-02	6.166022e-02	6.466756e-02	6.784588e-02
	7.117496e-02	7.462299e-02	7.816183e-02	8.177654e-02	8.545616e-02
	8.917775e-02	9.290514e-02	9.660177e-02	1.002337e-01	1.037471e-01
	1.070344e-01	1.100517e-01	1.128656e-01	1.154270e-01	1.177171e-01
	1.197374e-01	1.214973e-01	1.230108e-01	1.242952e-01	1.253701e-01
	1.262558e-01	1.269723e-01	1.275389e-01	1.279736e-01	1.282940e-01
	1.285169e-01	1.286588e-01	1.287348e-01	1.287590e-01	1.287433e-01
	1.286978e-01	1.286301e-01	1.285459e-01	1.284486e-01	1.283404e-01
	1.282226e-01	1.280964e-01	1.279631e-01	1.278233e-01	1.276768e-01
	1.275223e-01	1.273589e-01	1.271852e-01	1.269998e-01	1.268008e-01
	1.265854e-01	1.263509e-01	1.260958e-01	1.258203e-01	1.255253e-01
	1.252106e-01	1.248741e-01	1.245130e-01	1.241247e-01	1.237072e-01
	1.232593e-01	1.227795e-01	1.222664e-01	1.217183e-01	1.211336e-01
	1.205108e-01	1.198478e-01	1.191401e-01	1.183806e-01	1.175602e-01
	1.166673e-01	1.156877e-01	1.146029e-01	1.133841e-01	1.119888e-01
	1.103666e-01	1.084573e-01	1.061837e-01	1.034539e-01	1.001821e-01
	9.631147e-02	9.182404e-02	8.673938e-02	8.112713e-02	7.514642e-02
	6.906990e-02	6.314787e-02	5.761118e-02	5.272074e-02	4.850439e-02
	4.489109e-02	4.180563e-02	3.918751e-02	3.697684e-02	3.510660e-02
	3.351019e-02	3.213139e-02	3.092992e-02	2.988203e-02	2.897530e-02
	2.820125e-02	2.755107e-02	2.701440e-02	2.657940e-02	2.623341e-02
	2.596362e-02	2.575760e-02	2.560369e-02	2.549128e-02	2.541104e-02
	2.535504e-02	2.531677e-02	2.529108e-02	2.527410e-02	2.526301e-02
	2.525581e-02
mu [kg/s^2m]
	1.146011e-05	1.146243e-05	1.146717e-05	1.147615e-05	1.149185e-05
	1.151736e-05	1.155626e-05	1.161222e-05	1.168880e-05	1.178915e-05
	1.191595e-05	1.207133e-05	1.225696e-05	1.247413e-05	1.272385e-05
	1.300698e-05	1.332432e-05	1.367675e-05	1.406529e-05	1.449123e-05
	1.495621e-05	1.546232e-05	1.601212e-05	1.660873e-05	1.725571e-05
	1.795674e-05	1.871507e-05	1.953314e-05	2.041270e-05	2.135411e-05
	2.235420e-05	2.340672e-05	2.450701e-05	2.565546e-05	2.685541e-05
	2.810863e-05	2.941531e-05	3.077915e-05	3.221078e-05	3.372267e-05
	3.531704e-05	3.697705e-05	3.867144e-05	4.036979e-05	4.205189e-05
	4.370490e-05	4.531816e-05	4.688162e-05	4.838638e-05	4.982475e-05
	5.119006e-05	5.247604e-05	5.367637e-05	5.478492e-05	5.579642e-05
	5.670758e-05	5.751784e-05	5.822993e-05	5.884984e-05	5.938607e-05
	5.984861e-05	6.024794e-05	6.059432e-05	6.089713e-05	6.116424e-05
	6.140137e-05	6.161206e-05	6.179875e-05	6.196414e-05	6.211120e-05
	6.224258e-05	6.236013e-05	6.246502e-05	6.255805e-05	6.263990e-05
	6.271092e-05	6.277097e-05	6.281933e-05	6.285513e-05	6.287781e-05
	6.288725e-05	6.288339e-05	6.286596e-05	6.283451e-05	6.278851e-05
	6.272753e-05	6.265114e-05	6.255890e-05	6.245037e-05	6.232513e-05
	6.218277e-05	6.202270e-05	6.184375e-05	6.164394e-05	6.142045e-05
	6.116967e-05	6.088689e-05	6.056589e-05	6.019692e-05	5.976529e-05
	5.925279e-05	5.863670e-05	5.788655e-05	5.696369e-05	5.582625e-05
	5.443605e-05	5.276191e-05	5.078108e-05	4.848817e-05	4.591902e-05
	4.317373e-05	4.040092e-05	3.774136e-05	3.528101e-05	3.304693e-05
	3.103664e-05	2.924607e-05	2.767325e-05	2.630827e-05	2.512851e-05
	2.410452e-05	2.320842e-05	2.241939e-05	2.172548e-05	2.112113e-05
	2.060266e-05	2.016562e-05	1.980410e-05	1.951080e-05	1.927762e-05
	1.909614e-05	1.895804e-05	1.885543e-05	1.878108e-05	1.872861e-05
	1.869256e-05	1.866844e-05	1.865274e-05	1.864277e-05	1.863662e-05
	1.863292e-05
mDot_CH4 [kg/m^3s]
	0.000000e+00	2.147331e-14	1.857884e-13	7.479277e-13	2.220179e-12
	5.516094e-12	1.214476e-11	2.449114e-11	4.629119e-11	8.347134e-11
	1.456415e-10	2.487588e-10	4.199530e-10	7.064523e-10	1.192451e-09
	2.031591e-09	3.510414e-09	6.173616e-09	1.107279e-08	2.026164e-08
	3.778084e-08	7.160618e-08	1.374645e-07	2.661940e-07	5.175602e-07
	1.004941e-06	1.936004e-06	3.671606e-06	6.793199e-06	1.212970e-05
	2.060788e-05	3.273383e-05	4.756664e-05	6.100930e-05	6.306273e-05
	3.389509e-05	-6.115337e-05	-2.792741e-04	-7.159749e-04	-1.535656e-03
	-3.019895e-03	-5.623900e-03	-1.002787e-02	-1.719370e-02	-2.847754e-02
	-4.584458e-02	-7.220666e-02	-1.119186e-01	-1.715223e-01	-2.608850e-01
	-3.949338e-01	-5.962345e-01	-8.988449e-01	-1.354194e+00	-2.039740e+00
	-3.069633e+00	-4.601363e+00	-6.826537e+00	-9.935519e+00	-1.406239e+01
	-1.923679e+01	-2.537029e+01	-3.228404e+01	-3.975272e+01	-4.753522e+01
	-5.537336e+01	-6.298467e+01	-7.010048e+01	-7.652589e+01	-8.215168e+01
	-8.691731e+01	-9.077889e+01	-9.370538e+01	-9.568497e+01	-9.672233e+01
	-9.682818e+01	-9.601770e+01	-9.432840e+01	-9.184320e+01	-8.868607e+01
	-8.498585e+01	-8.084803e+01	-7.635895e+01	-7.160277e+01	-6.666673e+01
	-6.163573e+01	-5.658589e+01	-5.158168e+01	-4.667767e+01	-4.192166e+01
	-3.735425e+01	-3.300401e+01	-2.888477e+01	-2.500011e+01	-2.135180e+01
	-1.794556e+01	-1.479129e+01	-1.190220e+01	-9.286767e+00	-6.956781e+00
	-4.944320e+00	-3.288337e+00	-2.013361e+00	-1.116617e+00	-5.561035e-01
	-2.502719e-01	-1.040357e-01	-4.115574e-02	-1.587811e-02	-6.024368e-03
	-2.252510e-03	-8.447679e-04	-3.255039e-04	-1.298515e-04	-5.344059e-05
	-2.273327e-05	-1.010206e-05	-4.734082e-06	-2.340458e-06	-1.210773e-06
	-6.475255e-07	-3.535183e-07	-1.949241e-07	-1.077861e-07	-5.957553e-08
	-3.286584e-08	-1.807229e-08	-9.885132e-09	-5.361443e-09	-2.871219e-09
	-1.510360e-09	-7.757447e-10	-3.863980e-10	-1.851867e-10	-8.456034e-11
	-3.627824e-11	-1.429126e-11	-4.944806e-12	-1.355256e-12	-2.109394e-13
	0.000000e+00
ScalarDissRate [1/s]
	7.659105e-05	1.884696e-04	7.991990e-04	3.007207e-03	9.939316e-03
	2.899618e-02	7.537425e-02	1.764171e-01	3.759413e-01	7.374620e-01
	1.345573e+00	2.305260e+00	3.739462e+00	5.785408e+00	8.590310e+00
	1.230684e+01	1.708859e+01	2.308572e+01	3.044065e+01	3.928399e+01
	4.973018e+01	6.187223e+01	7.577480e+01	9.146509e+01	1.089186e+02
	1.280352e+02	1.486099e+02	1.703123e+02	1.926884e+02	2.151559e+02
	2.369915e+02	2.574110e+02	2.757259e+02	2.914065e+02	3.040159e+02
	3.131580e+02	3.185181e+02	3.199025e+02	3.171824e+02	3.103067e+02
	2.994106e+02	2.849861e+02	2.678759e+02	2.490941e+02	2.295092e+02
	2.098143e+02	1.905546e+02	1.721447e+02	1.548735e+02	1.389203e+02
	1.243770e+02	1.112735e+02	9.959759e+01	8.930692e+01	8.033420e+01
	7.258948e+01	6.596451e+01	6.033684e+01	5.557631e+01	5.155290e+01
	4.814378e+01	4.523780e+01	4.273701e+01	4.055814e+01	3.863403e+01
	3.691606e+01	3.537340e+01	3.398450e+01	3.272757e+01	3.157872e+01
	3.051626e+01	2.952397e+01	2.859028e+01	2.770555e+01	2.686023e+01
	2.604544e+01	2.525530e+01	2.448915e+01	2.375071e+01	2.304353e+01
	2.236684e+01	2.171589e+01	2.108539e+01	2.047185e+01	1.987347e+01
	1.928919e+01	1.871785e+01	1.815805e+01	1.760826e+01	1.706716e+01
	1.653347e+01	1.600527e+01	1.547941e+01	1.495152e+01	1.441658e+01
	1.386935e+01	1.330417e+01	1.271447e+01	1.209029e+01	1.141806e+01
	1.068506e+01	9.880168e+00	8.993047e+00	8.019022e+00	6.968962e+00
	5.875399e+00	4.787699e+00	3.760300e+00	2.842357e+00	2.071102e+00
	1.464472e+00	1.016253e+00	7.003556e-01	4.828358e-01	3.335721e-01
	2.305530e-01	1.592607e-01	1.100626e-01	7.619231e-02	5.278717e-02
	3.646344e-02	2.496697e-02	1.683617e-02	1.112070e-02	7.169038e-03
	4.499702e-03	2.744323e-03	1.623133e-03	9.289440e-04	5.132280e-04
	2.730619e-04	1.395860e-04	6.842280e-05	3.211566e-05	1.442347e-05
	6.198376e-06	2.550952e-06	1.006884e-06	3.820204e-07	1.402403e-07
	7.907255e-08
ZBilger
	1.000000e+00	9.999460e-01	9.998241e-01	9.995794e-01	9.991364e-01
	9.983992e-01	9.972565e-01	9.955903e-01	9.932855e-01	9.902362e-01
	9.863503e-01	9.815512e-01	9.757771e-01	9.689792e-01	9.611196e-01
	9.521682e-01	9.421008e-01	9.308966e-01	9.185356e-01	9.049971e-01
	8.902571e-01	8.742878e-01	8.570569e-01	8.385284e-01	8.186676e-01
	7.974536e-01	7.748966e-01	7.510486e-01	7.259976e-01	6.998827e-01
	6.729428e-01	6.454876e-01	6.177636e-01	5.898754e-01	5.618566e-01
	5.337821e-01	5.057620e-01	4.778309e-01	4.499040e-01	4.218920e-01
	3.939272e-01	3.664384e-01	3.399747e-01	3.149390e-01	2.914985e-01
	2.696758e-01	2.494481e-01	2.307773e-01	2.136092e-01	1.978778e-01
	1.835121e-01	1.704446e-01	1.586166e-01	1.479772e-01	1.384775e-01
	1.300626e-01	1.226672e-01	1.162121e-01	1.106041e-01	1.057418e-01
	1.015212e-01	9.784177e-02	9.460865e-02	9.173697e-02	8.915563e-02
	8.681286e-02	8.467744e-02	8.272852e-02	8.094284e-02	7.929223e-02
	7.774996e-02	7.629590e-02	7.491577e-02	7.359750e-02	7.232855e-02
	7.109691e-02	6.989477e-02	6.872210e-02	6.758556e-02	6.649154e-02
	6.543966e-02	6.442317e-02	6.343423e-02	6.246763e-02	6.152069e-02
	6.059169e-02	5.967869e-02	5.877916e-02	5.789025e-02	5.700923e-02
	5.613328e-02	5.525834e-02	5.437795e-02	5.348320e-02	5.256345e-02
	5.160680e-02	5.059943e-02	4.952429e-02	4.835563e-02	4.705668e-02
	4.558601e-02	4.389669e-02	4.193143e-02	3.962925e-02	3.694834e-02
	3.389087e-02	3.051131e-02	2.690912e-02	2.322233e-02	1.962583e-02
	1.630691e-02	1.340650e-02	1.097488e-02	8.979283e-03	7.346060e-03
	6.003097e-03	4.897887e-03	3.993053e-03	3.256014e-03	2.654741e-03
	2.160017e-03	1.748300e-03	1.402771e-03	1.112671e-03	8.711186e-04
	6.727119e-04	5.123239e-04	3.848388e-04	2.852270e-04	2.087231e-04
	1.509632e-04	1.080689e-04	7.668647e-05	5.399675e-05	3.770246e-05
	2.599597e-05	1.750881e-05	1.124619e-05	6.516844e-06	2.868471e-06
	0.000000e+00
ScalarDissRateBilger [1/s]
	6.144299e-05	1.707106e-04	8.182294e-04	3.313258e-03	1.147574e-02
	3.456404e-02	9.194284e-02	2.189603e-01	4.728323e-01	9.368864e-01
	1.721848e+00	2.963587e+00	4.817628e+00	7.451265e+00	1.103439e+01
	1.573003e+01	2.168533e+01	2.902357e+01	3.783747e+01	4.818390e+01
	6.007974e+01	7.349807e+01	8.836393e+01	1.045498e+02	1.218676e+02
	1.400557e+02	1.587652e+02	1.775612e+02	1.959465e+02	2.133788e+02
	2.292832e+02	2.431317e+02	2.545502e+02	2.633307e+02	2.693594e+02
	2.725741e+02	2.729826e+02	2.706405e+02	2.656904e+02	2.582615e+02
	2.485261e+02	2.368601e+02	2.237456e+02	2.097850e+02	1.954804e+02
	1.812111e+02	1.672699e+02	1.538815e+02	1.412073e+02	1.293541e+02
	1.183857e+02	1.083365e+02	9.922144e+01	9.104004e+01	8.377645e+01
	7.739636e+01	7.184640e+01	6.705436e+01	6.293291e+01	5.938662e+01
	5.631975e+01	5.364243e+01	5.127367e+01	4.914377e+01	4.719625e+01
	4.539121e+01	4.370627e+01	4.212899e+01	4.064625e+01	3.924091e+01
	3.789625e+01	3.660020e+01	3.534517e+01	3.412492e+01	3.293228e+01
	3.176002e+01	3.060453e+01	2.946956e+01	2.836542e+01	2.730217e+01
	2.628308e+01	2.530498e+01	2.436364e+01	2.345738e+01	2.258703e+01
	2.175433e+01	2.096078e+01	2.020728e+01	1.949433e+01	1.882230e+01
	1.819118e+01	1.759964e+01	1.704452e+01	1.652119e+01	1.602426e+01
	1.554786e+01	1.508510e+01	1.462724e+01	1.416117e+01	1.366839e+01
	1.312657e+01	1.250817e+01	1.177914e+01	1.090438e+01	9.862354e+00
	8.661570e+00	7.345506e+00	5.984144e+00	4.663043e+00	3.473150e+00
	2.488792e+00	1.738927e+00	1.200742e+00	8.249463e-01	5.644150e-01
	3.840011e-01	2.597634e-01	1.750924e-01	1.178693e-01	7.922741e-02
	5.298542e-02	3.504725e-02	2.277344e-02	1.445494e-02	8.929677e-03
	5.357195e-03	3.116514e-03	1.756040e-03	9.575710e-04	5.052172e-04
	2.581376e-04	1.280866e-04	6.206647e-05	2.964255e-05	1.414105e-05
	6.853791e-06	3.437674e-06	1.812976e-06	1.014727e-06	6.039867e-07
	4.671255e-07
ChiAnalytOverChiStoich
	1.000000e-10	1.000000e-10	1.000000e-10	1.000000e-10	1.000000e-10
	1.000000e-10	4.186578e-03	1.653007e-02	3.618691e-02	6.665608e-02
	1.125499e-01	1.795876e-01	2.744346e-01	4.043964e-01	5.770009e-01
	7.995224e-01	1.078500e+00	1.419301e+00	1.825776e+00	2.300017e+00
	2.842237e+00	3.450712e+00	4.121759e+00	4.849716e+00	5.626778e+00
	6.442515e+00	7.283318e+00	8.132328e+00	8.970164e+00	9.775187e+00
	1.052337e+01	1.119134e+01	1.176121e+01	1.222150e+01	1.256415e+01
	1.278264e+01	1.287329e+01	1.283577e+01	1.267109e+01	1.238032e+01
	1.196831e+01	1.144979e+01	1.085002e+01	1.019771e+01	9.517771e+00
	8.829809e+00	8.149508e+00	7.489385e+00	6.858896e+00	6.264756e+00
	5.711441e+00	5.201797e+00	4.737509e+00	4.319300e+00	3.946931e+00
	3.619090e+00	3.333424e+00	3.086608e+00	2.874575e+00	2.692863e+00
	2.536968e+00	2.402607e+00	2.285847e+00	2.183241e+00	2.091953e+00
	2.009920e+00	1.935860e+00	1.868888e+00	1.808066e+00	1.752322e+00
	1.700664e+00	1.652349e+00	1.606852e+00	1.563729e+00	1.522538e+00
	1.482863e+00	1.444435e+00	1.407238e+00	1.371464e+00	1.337293e+00
	1.304686e+00	1.273413e+00	1.243214e+00	1.213916e+00	1.185429e+00
	1.157691e+00	1.130636e+00	1.104182e+00	1.078241e+00	1.052729e+00
	1.027564e+00	1.002629e+00	9.777461e-01	9.526721e-01	9.271269e-01
	9.008076e-01	8.733736e-01	8.444169e-01	8.133259e-01	7.792481e-01
	7.412869e-01	6.985166e-01	6.499126e-01	5.946030e-01	5.324861e-01
	4.647799e-01	3.940098e-01	3.235205e-01	2.569386e-01	1.977000e-01
	1.482963e-01	1.094526e-01	8.012629e-02	5.834106e-02	4.208557e-02
	2.980451e-02	2.044605e-02	1.329496e-02	7.813955e-03	3.573593e-03
	2.415840e-04	1.000000e-10	1.000000e-10	1.000000e-10	1.000000e-10
	1.000000e-10	1.000000e-10	1.000000e-10	1.000000e-10	1.000000e-10
	1.000000e-10	1.000000e-10	1.000000e-10	1.000000e-10	1.000000e-10
	1.000000e-10	1.000000e-10	1.000000e-10	1.000000e-10	1.000000e-10
	1.000000e-10
ChiKWOverChiKWStoich
	7.246878e-11	7.247308e-11	7.248078e-11	7.249409e-11	7.251591e-11
	7.254991e-11	3.039465e-03	1.201257e-02	2.633185e-02	4.858505e-02
	8.220909e-02	1.315077e-01	2.015612e-01	2.980314e-01	4.268830e-01
	5.940554e-01	8.051190e-01	1.064954e+00	1.377480e+00	1.745454e+00
	2.170349e+00	2.652264e+00	3.189868e+00	3.780318e+00	4.419072e+00
	5.099399e+00	5.811785e+00	6.543697e+00	7.280003e+00	8.002997e+00
	8.692005e+00	9.325819e+00	9.887190e+00	1.036413e+01	1.074747e+01
	1.102905e+01	1.120283e+01	1.126595e+01	1.121714e+01	1.105519e+01
	1.078155e+01	1.040564e+01	9.946467e+00	9.427451e+00	8.870292e+00
	8.292980e+00	7.710554e+00	7.135539e+00	6.577907e+00	6.045237e+00
	5.543071e+00	5.075406e+00	4.645080e+00	4.253940e+00	3.902816e+00
	3.591404e+00	3.318267e+00	3.080894e+00	2.875914e+00	2.699440e+00
	2.547422e+00	2.415925e+00	2.301281e+00	2.200235e+00	2.110088e+00
	2.028871e+00	1.955367e+00	1.888743e+00	1.828099e+00	1.772394e+00
	1.720660e+00	1.672168e+00	1.626401e+00	1.582924e+00	1.541296e+00
	1.501102e+00	1.462070e+00	1.424185e+00	1.387646e+00	1.352638e+00
	1.319131e+00	1.286893e+00	1.255660e+00	1.225260e+00	1.195600e+00
	1.166621e+00	1.138260e+00	1.110436e+00	1.083063e+00	1.056059e+00
	1.029346e+00	1.002809e+00	9.762662e-01	9.494702e-01	9.221315e-01
	8.939385e-01	8.645413e-01	8.335225e-01	8.002541e-01	7.638621e-01
	7.234467e-01	6.781067e-01	6.268776e-01	5.690097e-01	5.046160e-01
	4.352102e-01	3.636253e-01	2.934354e-01	2.283433e-01	1.716537e-01
	1.255186e-01	9.022204e-02	6.434476e-02	4.569890e-02	3.220913e-02
	2.232654e-02	1.502006e-02	9.597467e-03	5.554461e-03	2.506146e-03
	1.674237e-04	6.857997e-11	6.794510e-11	6.738800e-11	6.690386e-11
	6.648937e-11	6.614062e-11	6.585254e-11	6.561907e-11	6.543355e-11
	6.528917e-11	6.517924e-11	6.509746e-11	6.503809e-11	6.499606e-11
	6.496707e-11	6.494756e-11	6.493476e-11	6.492655e-11	6.492140e-11
	6.491824e-11
ChiKWFact
	7.246878e-01	7.247308e-01	7.248078e-01	7.249409e-01	7.251591e-01
	7.254991e-01	7.260022e-01	7.267102e-01	7.276622e-01	7.288915e-01
	7.304236e-01	7.322762e-01	7.344598e-01	7.369783e-01	7.398309e-01
	7.430129e-01	7.465175e-01	7.503368e-01	7.544626e-01	7.588875e-01
	7.636058e-01	7.686136e-01	7.739092e-01	7.794926e-01	7.853646e-01
	7.915230e-01	7.979584e-01	8.046524e-01	8.115797e-01	8.187053e-01
	8.259714e-01	8.333067e-01	8.406609e-01	8.480245e-01	8.554082e-01
	8.628143e-01	8.702385e-01	8.776995e-01	8.852551e-01	8.929648e-01
	9.008411e-01	9.088065e-01	9.167232e-01	9.244676e-01	9.319716e-01
	9.392026e-01	9.461373e-01	9.527537e-01	9.590329e-01	9.649596e-01
	9.705206e-01	9.757024e-01	9.804900e-01	9.848679e-01	9.888231e-01
	9.923500e-01	9.954529e-01	9.981487e-01	1.000466e+00	1.002442e+00
	1.004120e+00	1.005543e+00	1.006752e+00	1.007784e+00	1.008669e+00
	1.009429e+00	1.010077e+00	1.010624e+00	1.011079e+00	1.011455e+00
	1.011758e+00	1.011994e+00	1.012166e+00	1.012275e+00	1.012320e+00
	1.012300e+00	1.012209e+00	1.012043e+00	1.011799e+00	1.011475e+00
	1.011072e+00	1.010586e+00	1.010012e+00	1.009345e+00	1.008580e+00
	1.007714e+00	1.006743e+00	1.005664e+00	1.004472e+00	1.003163e+00
	1.001734e+00	1.000179e+00	9.984864e-01	9.966390e-01	9.946120e-01
	9.923744e-01	9.898871e-01	9.870984e-01	9.839279e-01	9.802553e-01
	9.759335e-01	9.707811e-01	9.645568e-01	9.569574e-01	9.476604e-01
	9.363790e-01	9.228839e-01	9.070074e-01	8.887077e-01	8.682531e-01
	8.464042e-01	8.243021e-01	8.030418e-01	7.833060e-01	7.653248e-01
	7.490993e-01	7.346192e-01	7.218878e-01	7.108385e-01	7.012960e-01
	6.930248e-01	6.857997e-01	6.794510e-01	6.738800e-01	6.690386e-01
	6.648937e-01	6.614062e-01	6.585254e-01	6.561907e-01	6.543355e-01
	6.528917e-01	6.517924e-01	6.509746e-01	6.503809e-01	6.499606e-01
	6.496707e-01	6.494756e-01	6.493476e-01	6.492655e-01	6.492140e-01
	6.491824e-01
MolarMass [kg/kmole]
	1.604300e+01	1.604175e+01	1.604044e+01	1.603940e+01	1.603918e+01
	1.604043e+01	1.604396e+01	1.605064e+01	1.606132e+01	1.607681e+01
	1.609785e+01	1.612509e+01	1.615911e+01	1.620040e+01	1.624941e+01
	1.630657e+01	1.637229e+01	1.644700e+01	1.653115e+01	1.662525e+01
	1.672986e+01	1.684565e+01	1.697338e+01	1.711392e+01	1.726819e+01
	1.743716e+01	1.762159e+01	1.782201e+01	1.803867e+01	1.827139e+01
	1.851901e+01	1.877951e+01	1.905119e+01	1.933356e+01	1.962677e+01
	1.993052e+01	2.024402e+01	2.056721e+01	2.090136e+01	2.124827e+01
	2.160665e+01	2.197115e+01	2.233392e+01	2.268818e+01	2.302989e+01
	2.335691e+01	2.366781e+01	2.396143e+01	2.423701e+01	2.449412e+01
	2.473258e+01	2.495229e+01	2.515320e+01	2.533526e+01	2.549856e+01
	2.564348e+01	2.577072e+01	2.588143e+01	2.597711e+01	2.605955e+01
	2.613062e+01	2.619217e+01	2.624594e+01	2.629349e+01	2.633612e+01
	2.637478e+01	2.641007e+01	2.644239e+01	2.647216e+01	2.649989e+01
	2.652604e+01	2.655096e+01	2.657490e+01	2.659809e+01	2.662076e+01
	2.664311e+01	2.666532e+01	2.668739e+01	2.670919e+01	2.673058e+01
	2.675155e+01	2.677221e+01	2.679269e+01	2.681308e+01	2.683343e+01
	2.685373e+01	2.687403e+01	2.689436e+01	2.691477e+01	2.693530e+01
	2.695600e+01	2.697697e+01	2.699835e+01	2.702035e+01	2.704325e+01
	2.706735e+01	2.709302e+01	2.712071e+01	2.715111e+01	2.718523e+01
	2.722419e+01	2.726927e+01	2.732205e+01	2.738424e+01	2.745715e+01
	2.754115e+01	2.763550e+01	2.773852e+01	2.784744e+01	2.795800e+01
	2.806480e+01	2.816309e+01	2.825040e+01	2.832669e+01	2.839342e+01
	2.845219e+01	2.850411e+01	2.854976e+01	2.858969e+01	2.862464e+01
	2.865544e+01	2.868288e+01	2.870754e+01	2.872974e+01	2.874958e+01
	2.876711e+01	2.878240e+01	2.879554e+01	2.880668e+01	2.881600e+01
	2.882369e+01	2.882997e+01	2.883502e+01	2.883905e+01	2.884223e+01
	2.884472e+01	2.884668e+01	2.884820e+01	2.884940e+01	2.885033e+01
	2.885106e+01
TotalEnthalpy [J/kg]
	-4.664239e+06	-4.663921e+06	-4.663310e+06	-4.662199e+06	-4.660301e+06
	-4.657253e+06	-4.652635e+06	-4.646000e+06	-4.636913e+06	-4.624969e+06
	-4.609809e+06	-4.591124e+06	-4.568650e+06	-4.542158e+06	-4.511445e+06
	-4.476324e+06	-4.436613e+06	-4.392126e+06	-4.342667e+06	-4.288018e+06
	-4.227933e+06	-4.162133e+06	-4.090302e+06	-4.012091e+06	-3.927135e+06
	-3.835109e+06	-3.735809e+06	-3.629210e+06	-3.515460e+06	-3.394960e+06
	-3.268623e+06	-3.137776e+06	-3.003536e+06	-2.866404e+06	-2.726563e+06
	-2.584434e+06	-2.440655e+06	-2.295521e+06	-2.148733e+06	-1.999978e+06
	-1.850216e+06	-1.702121e+06	-1.559026e+06	-1.423502e+06	-1.296805e+06
	-1.179334e+06	-1.071167e+06	-9.722216e+05	-8.822647e+05	-8.009394e+05
	-7.278154e+05	-6.624447e+05	-6.043949e+05	-5.532495e+05	-5.085884e+05
	-4.699585e+05	-4.368642e+05	-4.087629e+05	-3.850783e+05	-3.652270e+05
	-3.486465e+05	-3.348154e+05	-3.232639e+05	-3.135867e+05	-3.054552e+05
	-2.986275e+05	-2.929370e+05	-2.882493e+05	-2.844277e+05	-2.813366e+05
	-2.788605e+05	-2.769116e+05	-2.754213e+05	-2.743313e+05	-2.735901e+05
	-2.731531e+05	-2.729820e+05	-2.730381e+05	-2.732764e+05	-2.736447e+05
	-2.740911e+05	-2.745689e+05	-2.750350e+05	-2.754469e+05	-2.757617e+05
	-2.759378e+05	-2.759356e+05	-2.757179e+05	-2.752496e+05	-2.744980e+05
	-2.734327e+05	-2.720233e+05	-2.702349e+05	-2.680218e+05	-2.653240e+05
	-2.620652e+05	-2.581469e+05	-2.534398e+05	-2.477499e+05	-2.407895e+05
	-2.321978e+05	-2.215410e+05	-2.082970e+05	-1.919436e+05	-1.722353e+05
	-1.495773e+05	-1.252390e+05	-1.012344e+05	-7.989118e+04	-6.318336e+04
	-5.194755e+04	-4.552921e+04	-4.216088e+04	-4.020659e+04	-3.859750e+04
	-3.678962e+04	-3.459494e+04	-3.203997e+04	-2.924817e+04	-2.634670e+04
	-2.342386e+04	-2.053069e+04	-1.770185e+04	-1.497590e+04	-1.239993e+04
	-1.001956e+04	-7.869555e+03	-5.970273e+03	-4.327761e+03	-2.936293e+03
	-1.781385e+03	-8.425705e+02	-9.569461e+01	4.852616e+02	9.266732e+02
	1.254021e+03	1.490856e+03	1.658024e+03	1.773120e+03	1.850216e+03
	1.900584e+03
trailer
Lewis numbers evaluated at maximum consumption
N2	-1
O2	1.01633
@ Z = 0.0458326
H	0.171207
@ Z = 0.0652671
OH	0.674006
@ Z = 0.0594917
O	0.660583
@ Z = 0.0500354
H2	0.280681
@ Z = 0.0381275
H2O	-1
HO2	1.02031
@ Z = 0.00234488
H2O2	1.01243
@ Z = 0.0315577
CO	1.01336
@ Z = 0.0315577
CO2	-1
CH	0.613411
@ Z = 0.0404061
CHO	1.16157
@ Z = 0.0367921
CH2	0.888312
@ Z = 0.043267
CH2O	1.17341
@ Z = 0.0393213
CH3	0.92508
@ Z = 0.0458326
CH4	0.929042
@ Z = 0.0605819
C2H6	1.34869
@ Z = 0.0594917
C2H	1.19714
@ Z = 0.0423613
C2H2	1.21293
@ Z = 0.046667
CHCO	0.81451
@ Z = 0.0458326
C3H3	1.64586
@ Z = 0.046667
C2H3	1.22351
@ Z = 0.0449931
C2H4	1.22717
@ Z = 0.0526564
C2H5	1.33671
@ Z = 0.049184
C3H4	1.60378
@ Z = 0.043267
C3H5	1.65447
@ Z = 0.0458326
C3H6	1.72309
@ Z = 0.0517699
N-C3H7	1.72858
@ Z = 0.0475018
I-C3H7	1.86545
@ Z = 1.18018e-06
C3H8	1.72034
@ Z = 0.0088074
Lewis numbers evaluated at maximum formation
N2	-1
O2	1.04054
@ Z = 0.00283224
H	0.169765
@ Z = 0.0449931
OH	0.668515
@ Z = 0.0404061
O	0.652613
@ Z = 0.0352798
H2	0.283316
@ Z = 0.0628402
H2O	0.755459
@ Z = 0.049184
HO2	1.00743
@ Z = 0.00603115
H2O2	1.00273
@ Z = 0.0182216
CO	1.0284
@ Z = 0.049184
CO2	1.27795
@ Z = 0.0414124
CH	0.618189
@ Z = 0.0517699
CHO	1.16953
@ Z = 0.046667
CH2	0.89354
@ Z = 0.0563836
CH2O	1.18097
@ Z = 0.0508968
CH3	0.926263
@ Z = 0.0628402
CH4	0.685414
@ Z = 0.577147
C2H6	1.33175
@ Z = 0.0881347
C2H	1.20383
@ Z = 0.0535576
C2H2	1.21345
@ Z = 0.0640268
CHCO	0.815958
@ Z = 0.0628402
C3H3	1.6492
@ Z = 0.0573867
C2H3	1.22773
@ Z = 0.0584246
C2H4	1.21963
@ Z = 0.074714
C2H5	1.3356
@ Z = 0.0652671
C3H4	1.6104
@ Z = 0.0584246
C3H5	1.65703
@ Z = 0.0616957
C3H6	1.71731
@ Z = 0.0679558
N-C3H7	1.73016
@ Z = 0.0605819
I-C3H7	1.71235
@ Z = 0.0088074
C3H8	-1
Lewis numbers evaluated at maximum mass fraction
N2	0.921347
@ Z = 1.18018e-06
O2	1.05241
@ Z = 1.18018e-06
H	0.168926
@ Z = 0.0404061
OH	0.667042
@ Z = 0.0381275
O	0.650182
@ Z = 0.0315577
H2	0.281192
@ Z = 0.0920517
H2O	0.756181
@ Z = 0.0652671
HO2	1.00023
@ Z = 0.0088074
H2O2	1.00207
@ Z = 0.0154344
CO	1.02708
@ Z = 0.0679558
CO2	1.28693
@ Z = 0.0605819
CH	0.618189
@ Z = 0.0517699
CHO	1.17001
@ Z = 0.0475018
CH2	0.893549
@ Z = 0.0573867
CH2O	1.15242
@ Z = 0.132724
CH3	0.924711
@ Z = 0.0679558
CH4	0.943165
@ Z = 0.99994
C2H6	1.29692
@ Z = 0.183368
C2H	1.20401
@ Z = 0.0554153
C2H2	1.19112
@ Z = 0.10805
CHCO	0.807979
@ Z = 0.0847447
C3H3	1.64894
@ Z = 0.0584246
C2H3	1.22724
@ Z = 0.0605819
C2H4	1.19723
@ Z = 0.123369
C2H5	1.33415
@ Z = 0.0679558
C3H4	1.58893
@ Z = 0.0881347
C3H5	1.65487
@ Z = 0.0652671
C3H6	1.71151
@ Z = 0.074714
N-C3H7	1.72959
@ Z = 0.0616957
I-C3H7	1.80189
@ Z = 0.995933
C3H8	1.79121
@ Z = 0.972403
